915 619
68 1
275 1
408 5
456 24
508 1
795 10
841 1
920 9
1015 27
1116 3
1166 30
1356 33
1444 7
623 13
322 10
872 11
557 20
1087 11
759 27
889 21
1590 24
1103 29
859 34
1200 48
524 32
1050 31
953 35
805 55
1246 77
1503 41
314 52
613 57
1061 44
785 47
515 58
335 48
683 58
827 69
1429 60
410 61
891 73
1101 66
367 72
948 65
648 81
1160 75
1125 75
184 90
857 95
1403 85
773 75
307 84
1095 82
500 84
715 86
1292 101
468 87
532 89
1026 92
615 95
1156 94
902 97
1050 134
1136 95
673 102
202 111
1118 101
434 110
1086 104
1171 111
561 111
273 115
1015 113
1368 135
484 116
534 118
809 129
1410 115
1443 119
640 127
881 122
1101 122
780 123
782 122
310 127
618 131
1020 127
1077 137
1167 128
572 132
891 132
951 138
1836 139
1119 134
914 137
1503 193
476 143
929 155
1146 138
313 158
713 148
1099 141
1007 153
1265 151
901 158
437 154
981 153
1146 153
1245 160
1149 157
1556 171
1838 157
1097 161
333 162
530 161
569 164
833 170
359 162
458 173
890 171
1011 167
1085 171
1093 168
1785 188
1429 185
1736 170
1025 176
1839 173
324 176
554 182
1214 192
218 203
356 182
1110 181
879 188
1299 208
306 192
1155 183
1088 184
1017 194
1045 189
613 198
1165 190
932 192
1125 195
1150 198
805 231
965 197
346 206
1040 203
436 214
1262 239
1061 206
1094 207
1337 213
945 216
1132 208
1458 206
10 209
479 226
1678 246
564 220
673 226
1000 221
1113 224
1545 219
302 234
851 221
884 224
1028 220
1079 220
400 225
832 225
1750 237
1202 248
870 234
1037 232
1154 233
525 242
619 239
1026 240
1051 234
1083 236
139 240
927 236
1006 242
1423 237
842 262
1124 244
1390 248
1728 251
1103 244
1149 244
446 254
416 259
1521 260
549 268
1090 255
496 260
1009 254
1014 257
145 256
703 258
1057 275
1331 323
1027 262
1146 267
1223 310
862 269
366 272
1016 273
41 270
980 275
1000 273
27 272
1621 273
622 287
204 279
320 284
788 284
890 282
125 280
1110 284
1599 280
1741 284
809 291
1596 282
1004 291
1019 285
1082 290
1391 287
183 293
516 289
1131 302
12 292
1525 300
466 301
701 299
861 302
335 300
416 299
912 309
1579 298
317 303
890 302
997 304
542 311
683 309
307 309
1030 310
564 311
1075 312
1623 310
816 329
676 315
988 316
692 317
1043 320
19 319
405 319
592 319
769 326
894 321
1084 320
965 376
682 328
1109 328
302 330
564 335
834 332
1071 338
1050 333
1451 339
1699 334
338 336
730 335
1138 335
623 348
798 337
852 346
1088 337
1717 337
316 339
1178 350
1202 346
1713 339
1091 341
112 342
1044 343
294 347
586 351
520 348
537 354
805 347
913 360
1084 348
1397 357
448 356
481 354
462 352
230 357
815 359
867 354
880 364
718 357
1082 362
309 358
790 358
499 363
392 362
1004 367
155 386
564 376
1041 392
767 372
1105 381
1215 384
1364 383
1016 375
928 376
752 382
1069 378
919 383
410 382
882 385
114 391
248 389
841 387
179 386
370 390
1023 389
227 391
328 391
1123 391
1311 398
332 393
411 394
429 396
780 394
1012 394
276 396
487 397
733 398
1017 398
1342 396
1499 410
1094 402
1290 423
1353 405
1065 403
1121 403
616 416
700 406
942 407
1011 413
495 410
946 408
328 410
851 412
1373 415
178 416
538 421
880 414
1032 413
1257 419
471 423
799 433
1133 426
334 417
785 418
941 418
1200 430
827 424
964 434
1050 425
1111 421
557 428
989 426
645 436
717 432
1353 439
865 435
983 433
1401 439
573 448
1001 435
1034 435
1234 447
153 437
335 439
1374 444
994 440
61 441
929 443
1080 445
522 446
620 447
779 461
1267 454
356 449
408 448
1170 453
509 451
1421 456
1434 451
182 453
822 453
887 454
935 452
1036 452
1071 452
997 454
1000 455
1010 464
580 457
975 456
1126 469
464 459
1045 458
1105 461
804 460
922 461
966 476
1198 481
1346 461
1349 460
237 469
320 462
343 468
597 467
1339 464
863 466
696 467
845 472
1043 467
1094 471
1304 477
505 473
391 474
619 483
878 473
723 480
1081 482
814 478
1025 489
1274 482
592 481
469 486
554 485
868 483
931 485
1141 485
189 489
440 488
787 511
318 495
52 491
456 491
1221 492
814 497
875 497
909 492
1102 493
1166 499
1769 493
936 496
445 496
1209 517
995 500
1303 501
983 511
1111 502
1812 503
351 506
452 504
706 506
886 505
480 510
909 513
927 507
1011 506
857 515
1081 513
1330 512
1796 508
746 523
1046 512
1346 514
940 530
999 512
1283 532
691 515
341 519
891 521
1326 518
1342 523
1430 525
963 527
485 526
1060 562
607 530
617 534
272 532
328 534
903 533
442 536
542 544
309 537
381 541
889 537
457 541
730 543
790 546
981 566
564 547
998 545
53 547
309 547
447 554
619 561
1239 560
1257 551
258 551
844 551
505 557
584 552
874 560
816 569
1220 558
1471 561
952 577
164 562
1119 558
684 560
1161 576
308 562
412 562
530 567
547 567
965 562
1112 562
1310 567
241 569
1095 565
1434 573
433 573
1101 569
274 571
458 571
760 571
895 573
1018 575
855 575
1196 591
352 578
726 577
373 580
399 578
401 579
738 579
781 580
1257 580
566 586
214 582
589 583
1304 583
1000 587
1557 589
803 593
972 594
1287 599
391 593
895 596
1100 592
252 598
546 598
676 597
832 598
1011 597
1057 598
428 599
620 603
272 605
456 601
711 603
1555 600
782 603
183 605
316 608
1043 604
101 607
161 607
967 607
1084 607
1141 612
1320 609
1418 619
818 618
1239 610
405 612
858 611
894 612
1053 611
337 612
416 616
1033 614
1257 626
592 621
779 620
347 620
948 630
767 620
884 620
901 627
1077 627
1100 623
393 622
477 626
1042 623
1366 636
242 625
325 631
365 626
575 625
985 626
406 635
623 627
847 626
1011 626
549 640
1051 630
1446 629
290 632
861 631
1028 630
337 632
604 632
1010 632
1228 645
1295 636
351 638
963 637
1059 637
1505 636
597 641
776 641
428 640
938 642
980 642
1071 644
228 649
720 644
739 648
625 648
761 646
930 650
1117 647
299 648
829 649
204 651
202 652
249 653
869 658
895 656
369 655
447 658
475 659
937 656
1071 657
1378 664
1280 659
168 666
519 660
664 660
1022 664
1282 660
1296 668
521 663
888 663
961 670
1058 664
320 664
346 665
434 668
599 665
781 665
935 666
484 669
624 667
844 670
591 674
887 680
993 674
547 672
941 670
1074 697
1191 676
67 673
274 673
777 673
1244 682
1328 679
919 676
1019 677
1038 676
1166 678
12 678
354 680
769 678
861 678
1033 678
1097 680
1137 679
302 680
1005 681
847 691
1008 683
361 686
475 689
505 689
535 688
557 691
606 687
664 687
800 693
1592 687
1804 686
919 689
988 688
1396 696
367 690
829 691
995 690
333 695
447 708
1061 693
1195 709
615 702
27 696
370 697
25 700
308 699
573 700
1220 698
161 701
330 700
720 703
863 701
983 706
464 704
822 704
827 721
877 711
504 706
756 708
850 706
915 708
577 708
1020 709
1046 712
115 711
186 710
221 720
939 711
1012 713
1116 710
262 712
336 712
372 713
555 713
749 714
797 715
1126 717
1461 719
81 714
109 714
932 715
1020 753
1098 714
188 722
329 721
864 717
1258 717
61 718
727 719
785 722
1084 723
1145 720
57 721
466 721
621 721
769 723
920 728
126 725
148 725
487 726
896 726
1401 736
355 730
472 727
725 727
1236 737
125 729
598 729
192 733
709 734
893 732
993 732
1288 731
205 733
555 738
856 753
460 736
112 736
341 737
447 736
650 736
992 736
1165 741
40 739
59 738
675 739
732 743
885 739
985 867
979 740
1076 742
1827 741
150 742
13 745
537 746
611 746
701 745
895 745
1332 749
23 746
488 752
825 746
949 746
1088 746
1544 747
367 753
635 751
830 748
1080 748
1145 752
136 750
306 751
442 752
915 751
1302 757
551 767
1350 756
1396 752
1667 753
61 755
880 755
1064 755
1516 754
0 761
98 758
1039 757
652 761
988 759
109 761
481 761
966 761
1028 761
1069 762
82 763
319 763
80 764
514 765
610 786
953 775
1188 770
285 767
567 768
591 766
872 768
1035 767
1093 767
1282 768
31 768
447 769
132 772
154 771
534 770
677 771
717 771
925 771
1040 771
1070 771
1257 771
58 772
172 785
349 773
1057 772
1074 772
1222 788
331 775
584 775
654 774
875 775
981 774
983 776
64 776
467 776
902 776
1075 778
1170 784
200 779
416 780
681 778
1197 784
47 782
392 781
689 781
857 783
1031 782
211 785
382 782
443 782
267 788
336 787
869 786
518 789
580 793
598 788
734 790
878 788
1245 825
1289 792
1357 792
934 792
271 792
383 795
419 792
524 792
661 793
13 795
364 795
435 795
501 799
885 794
1181 796
862 812
908 802
928 797
258 798
526 799
278 800
456 800
591 801
1005 800
1035 801
395 804
476 803
765 804
1040 803
1320 806
598 805
625 804
731 805
881 807
1301 805
457 806
558 811
734 807
967 807
1008 821
1068 806
1338 810
133 808
167 808
304 809
343 808
358 809
461 809
681 810
1060 811
14 811
974 815
365 816
391 812
482 814
668 813
748 817
221 815
539 814
567 815
612 817
777 814
906 816
1300 815
310 817
581 820
689 817
33 818
219 818
901 819
1547 819
10 821
127 821
497 820
524 820
528 821
677 820
423 823
537 822
731 823
1037 824
406 824
457 824
573 824
603 825
771 824
272 826
303 827
405 826
475 830
623 834
244 828
736 830
967 829
1069 828
205 830
510 831
560 838
1038 832
1303 836
959 833
494 837
598 837
692 834
895 834
94 836
131 840
326 837
415 836
445 837
511 837
530 836
336 839
527 841
732 839
241 852
279 843
302 840
657 844
1194 847
2 843
673 842
705 842
741 847
930 842
371 845
772 849
973 845
125 846
170 846
211 846
508 846
380 849
1040 848
176 850
517 856
427 853
545 867
601 855
814 882
993 866
440 854
457 855
471 854
496 856
531 857
659 857
358 871
489 864
594 858
632 858
690 861
1705 859
703 861
1397 863
42 863
618 863
1215 870
1273 862
1699 862
118 866
457 865
730 866
253 867
414 868
215 874
532 868
658 872
781 869
1268 878
1293 874
274 871
455 872
500 874
561 872
839 870
974 871
597 875
601 872
680 872
703 873
725 873
310 876
574 877
635 884
280 876
333 877
445 877
1197 882
1240 876
242 878
512 879
615 878
240 882
386 881
610 880
793 880
1154 882
449 882
462 883
493 882
788 883
984 882
177 884
519 884
652 884
749 884
1553 885
527 890
586 887
597 893
666 887
251 889
333 890
622 889
743 891
764 888
26 890
148 890
574 890
842 891
1212 894
1564 891
580 894
711 893
180 894
328 895
427 894
730 896
1008 894
1334 899
84 897
282 896
466 898
544 909
688 897
740 897
982 897
212 903
340 898
700 899
401 901
763 901
836 902
998 901
1296 905
55 903
385 902
787 906
1225 913
48 909
187 905
366 905
388 905
518 907
601 914
1128 908
303 909
307 908
325 909
619 908
839 909
1391 908
1818 909
170 911
172 910
284 911
1142 919
334 912
569 921
766 912
822 912
1175 921
1286 914
249 917
509 916
863 923
661 926
364 919
442 918
469 919
625 919
795 919
611 921
741 920
1209 932
120 923
315 923
529 923
682 922
734 922
748 924
828 925
265 924
465 924
538 942
1320 927
388 926
528 927
1456 929
55 928
310 928
344 929
498 929
704 933
1107 934
1567 929
65 931
364 930
479 931
70 932
286 932
476 933
1282 932
1796 933
26 934
237 936
375 935
458 936
575 934
616 935
832 935
1254 938
424 937
608 937
850 936
877 937
1078 937
218 938
580 939
635 939
649 940
1277 939
1576 938
344 941
371 941
740 941
821 945
843 941
1091 941
194 943
492 948
508 944
590 945
752 944
1071 942
1360 948
70 946
241 945
796 950
350 947
414 950
575 946
1186 951
1628 946
257 950
691 948
1125 956
185 950
635 952
712 951
1060 951
91 952
268 956
401 953
585 952
809 953
1204 956
1230 957
1280 957
210 955
217 954
561 958
572 954
664 954
776 955
6 956
165 959
376 958
397 957
488 956
133 959
244 959
473 959
694 959
796 969
820 959
1088 960
315 963
605 961
778 960
118 962
368 963
422 962
1332 962
404 967
691 969
730 971
1419 965
1484 964
69 967
546 966
1259 974
1514 966
64 969
66 968
514 969
545 969
570 969
672 971
817 968
837 969
1034 972
1156 969
1182 973
1223 972
498 971
831 970
878 971
932 974
24 973
462 972
524 973
856 976
91 975
211 975
296 974
555 974
576 975
619 974
633 980
1077 977
39 977
193 976
241 976
614 978
72 979
97 980
660 978
712 978
1146 1021
117 981
261 981
390 983
477 985
753 988
71 982
371 983
465 982
543 994
675 983
1064 983
219 984
282 984
439 985
512 984
1055 985
1313 988
244 992
337 986
400 988
572 995
594 987
722 986
817 986
895 987
1007 987
1030 986
1297 987
45 990
789 988
823 1000
1128 989
1284 990
297 990
405 991
428 994
460 990
472 991
551 990
659 990
1225 990
38 995
126 993
877 992
132 995
500 997
616 1005
802 997
883 995
1722 994
172 996
735 997
389 999
629 1000
1448 999
166 1001
481 1000
686 1000
703 1001
1364 1002
267 1003
286 1003
587 1004
792 1002
342 1005
364 1006
627 1005
663 1009
888 1007
1050 1005
1090 1007
1112 1009
148 1006
176 1006
233 1007
305 1006
455 1007
476 1007
596 1006
807 1009
1013 1006
1567 1006
317 1008
494 1009
647 1011
951 1010
1516 1014
169 1010
482 1016
517 1014
528 1010
736 1010
746 1013
928 1012
1259 1011
198 1017
246 1012
300 1014
602 1012
1049 1013
1188 1016
400 1015
829 1015
1070 1018
1346 1014
1672 1015
90 1020
358 1017
375 1018
842 1019
893 1017
1243 1019
313 1018
587 1019
626 1018
669 1018
1125 1021
54 1020
272 1021
467 1022
580 1020
653 1021
775 1026
1619 1021
321 1032
1348 1023
1621 1022
163 1027
557 1026
621 1024
889 1025
1628 1024
569 1027
637 1028
851 1030
1507 1027
309 1029
549 1032
1163 1030
157 1030
234 1030
284 1032
295 1030
645 1031
662 1030
802 1031
150 1033
372 1034
500 1032
713 1033
1369 1033
57 1034
131 1035
206 1035
640 1059
1218 1042
1370 1035
278 1041
217 1038
298 1040
397 1039
542 1039
616 1041
702 1039
783 1038
1021 1039
1335 1043
312 1041
464 1041
840 1040
951 1040
341 1048
787 1042
118 1044
482 1045
587 1056
667 1044
1185 1050
1291 1046
67 1046
401 1050
809 1047
124 1048
554 1049
677 1048
757 1048
869 1049
1392 1048
697 1051
823 1055
304 1052
310 1053
1440 1052
415 1054
623 1055
769 1055
1020 1054
1049 1067
1276 1057
1504 1056
1790 1054
379 1056
494 1057
798 1057
841 1056
1142 1059
139 1059
231 1061
412 1058
460 1059
541 1060
601 1059
702 1059
899 1058
1021 1059
1075 1062
1169 1066
1297 1059
1351 1059
74 1061
561 1061
627 1060
819 1061
26 1062
1238 1069
1437 1063
222 1065
270 1064
695 1065
839 1065
850 1064
1012 1065
1034 1064
1112 1065
1300 1065
1438 1065
80 1068
206 1067
670 1067
739 1076
858 1067
905 1071
1473 1066
1678 1068
152 1069
290 1072
473 1068
551 1075
835 1068
464 1071
782 1077
1381 1070
622 1073
707 1072
460 1074
580 1074
802 1080
853 1079
951 1074
1253 1074
134 1080
483 1077
831 1077
1179 1079
1200 1078
1395 1076
75 1078
313 1081
574 1091
642 1078
716 1079
1806 1079
406 1081
1033 1082
165 1082
386 1083
614 1082
1213 1082
1310 1082
1416 1083
1687 1084
1704 1083
365 1084
388 1084
398 1084
695 1084
901 1085
980 1084
1214 1085
1284 1084
1745 1084
199 1087
324 1087
390 1087
456 1088
555 1086
796 1086
918 1087
1040 1087
1275 1087
525 1090
860 1088
990 1089
348 1091
374 1091
621 1091
812 1090
754 1093
830 1093
1218 1094
1368 1092
1490 1093
500 1094
671 1094
714 1095
781 1094
948 1095
1406 1096
444 1099
517 1098
607 1098
651 1101
687 1100
759 1099
373 1101
539 1101
950 1101
1058 1100
1434 1100
1637 1100
111 1103
208 1103
425 1103
577 1103
718 1103
784 1104
804 1102
871 1102
924 1104
29 1105
187 1104
466 1104
514 1106
640 1105
844 1109
1605 1105
172 1107
195 1106
1113 1106
1151 1108
1216 1109
1244 1107
1595 1108
9 1109
550 1115
891 1109
1440 1109
1645 1109
468 1111
578 1110
673 1112
812 1111
963 1113
1172 1110
1327 1111
324 1112
650 1113
747 1117
832 1112
1015 1112
1108 1113
1123 1121
1768 1113
310 1119
652 1115
1283 1115
243 1116
248 1117
608 1117
803 1120
820 1116
901 1116
1077 1117
1192 1117
566 1119
602 1121
732 1121
1254 1118
1305 1119
577 1122
629 1121
873 1120
889 1126
918 1121
1393 1122
1413 1121
356 1124
1444 1122
542 1128
558 1124
620 1127
651 1124
1269 1128
1612 1124
183 1127
510 1127
652 1127
832 1128
485 1131
458 1131
681 1131
696 1134
903 1130
1313 1131
1372 1130
1723 1131
314 1133
665 1132
742 1133
1211 1133
1548 1132
162 1135
463 1135
516 1135
634 1136
787 1135
846 1135
1417 1135
289 1136
556 1139
737 1138
766 1144
1142 1141
1435 1137
1716 1138
259 1138
482 1139
666 1138
719 1146
1061 1139
1221 1138
317 1141
412 1140
537 1144
612 1140
640 1141
847 1140
1004 1140
1202 1143
328 1145
368 1143
589 1151
812 1143
1083 1142
366 1144
573 1145
663 1144
692 1146
10 1146
275 1147
421 1146
490 1146
705 1151
1269 1150
1292 1147
1304 1146
278 1149
391 1151
530 1149
805 1148
1102 1148
1194 1149
1288 1148
1507 1149
253 1151
675 1150
815 1151
103 1152
408 1153
1224 1153
658 1155
1086 1156
1399 1155
496 1159
1528 1157
68 1158
282 1159
405 1159
436 1165
448 1158
671 1158
798 1160
1024 1158
1452 1158
545 1166
579 1160
605 1160
650 1164
754 1161
1332 1161
212 1163
377 1163
789 1166
851 1163
1045 1162
272 1165
512 1170
557 1164
1463 1165
14 1168
334 1167
470 1167
527 1167
661 1169
824 1167
1098 1170
1169 1166
1445 1167
268 1168
315 1168
612 1169
1210 1175
1559 1169
1566 1168
1722 1168
465 1171
696 1174
768 1170
1039 1171
1232 1171
207 1173
219 1173
264 1172
284 1173
459 1173
1256 1176
1428 1172
1781 1173
204 1174
303 1175
398 1174
797 1174
814 1175
1128 1176
1521 1175
1642 1175
495 1178
537 1178
1035 1177
117 1179
589 1178
718 1179
736 1179
1450 1181
360 1180
662 1182
1280 1181
1388 1180
1715 1183
1792 1181
259 1183
327 1185
523 1183
633 1183
53 1184
105 1184
460 1192
857 1185
1615 1185
581 1189
1189 1188
418 1189
596 1190
658 1189
668 1191
733 1189
1029 1189
1121 1196
1824 1189
626 1190
785 1192
1141 1193
277 1193
443 1193
682 1194
1193 1192
173 1196
336 1198
664 1195
1485 1194
1517 1195
379 1198
588 1197
605 1197
828 1198
1484 1196
298 1202
533 1206
648 1199
1532 1199
1571 1199
2 1201
814 1201
831 1201
841 1201
1081 1201
1464 1202
319 1203
363 1203
420 1203
494 1206
512 1203
742 1203
779 1204
407 1206
440 1204
601 1205
722 1204
1022 1204
1379 1205
431 1207
658 1206
1053 1206
1135 1206
1360 1207
1831 1206
417 1209
621 1208
640 1208
740 1209
819 1208
1112 1208
1340 1209
1476 1208
1618 1209
16 1211
201 1210
429 1210
639 1211
673 1210
949 1211
100 1214
147 1220
354 1212
576 1213
663 1213
1482 1213
1620 1213
1764 1212
291 1215
439 1214
763 1214
1151 1214
1173 1217
1260 1215
1378 1214
327 1217
346 1217
575 1216
1153 1219
1196 1216
733 1218
1074 1219
1122 1219
1591 1218
245 1220
746 1223
1192 1221
1342 1221
353 1224
811 1225
1255 1222
506 1225
593 1226
848 1226
940 1225
1239 1226
289 1226
544 1226
679 1226
967 1227
