918 623
9 4
127 28
258 3
390 23
702 1
803 7
850 14
918 16
993 1
1013 7
1168 31
1217 17
1703 17
213 21
727 23
1262 12
282 43
1070 23
985 23
1356 28
1321 26
460 62
682 34
963 30
562 27
1024 37
822 62
878 34
1196 37
1099 41
1000 51
1459 71
1100 56
943 87
1245 67
1329 67
1129 79
41 85
1827 87
611 82
367 95
1339 83
1673 74
416 87
1369 86
566 88
1024 96
713 104
858 102
1055 98
1627 128
1190 99
1234 102
799 105
626 120
770 115
1149 108
1 121
809 147
1308 130
252 129
1242 121
840 121
1077 121
1021 121
1812 127
315 132
551 130
941 132
1161 136
372 150
1343 151
1262 142
473 162
979 148
954 166
2 167
1090 173
330 182
1034 174
1532 188
412 192
629 171
1684 193
1002 175
780 174
1133 200
1836 176
691 194
859 203
977 191
226 211
1244 194
1266 190
790 219
1059 220
285 204
1273 197
1211 199
754 204
1180 203
1434 233
1252 226
140 229
958 225
63 231
1403 227
1192 228
92 226
816 234
647 244
10 237
1208 240
1276 239
459 247
1301 244
919 254
306 256
1321 259
1000 266
1160 259
1272 260
948 264
220 320
594 264
1074 266
1209 268
28 288
123 271
937 283
107 274
660 279
1134 275
859 278
1015 279
1169 282
740 285
818 281
1083 283
1252 285
1529 284
1348 290
1198 294
1678 292
674 298
1265 296
415 306
1161 297
604 312
1062 306
468 333
1217 309
1403 307
700 316
960 316
1352 308
59 326
929 333
1044 313
1542 337
1086 322
1332 320
1350 317
1381 317
1410 316
1129 320
1741 345
1419 325
671 327
1690 329
338 336
1239 331
793 333
1300 349
1650 393
904 335
976 335
1089 344
1200 339
805 363
846 339
969 338
1175 340
1373 340
597 350
902 353
1335 343
1832 350
1190 345
1227 349
1015 357
669 359
1388 350
1335 370
1037 357
884 374
980 361
1816 360
834 362
1108 363
412 384
944 380
222 370
141 375
575 371
1057 374
1404 373
564 374
1724 374
307 382
571 377
831 376
1069 380
1005 378
224 398
1387 396
653 388
987 385
1013 391
1118 397
1069 394
1453 410
1488 397
635 406
802 402
972 406
718 405
923 404
510 415
310 427
741 410
1176 407
254 416
1493 449
990 410
1147 412
763 415
1132 413
902 415
1073 414
1075 415
1113 418
389 421
1189 424
1243 424
785 441
1159 430
812 429
1588 429
1111 430
171 436
845 439
398 451
547 441
972 435
1537 434
953 467
1119 442
1182 443
1716 451
907 444
595 452
1151 448
1182 462
1028 448
1564 468
1002 459
458 474
1550 452
514 459
1760 464
1045 479
1296 458
1638 458
1539 461
362 470
1158 462
1543 462
916 471
173 475
819 476
1160 475
1665 474
1393 476
11 490
1114 479
905 496
230 488
1664 497
1141 487
1291 503
589 496
97 502
1103 491
868 495
1340 494
1167 496
1527 497
647 503
1006 500
1541 501
1110 502
853 508
1547 506
869 509
1009 509
1184 509
470 525
1043 515
593 523
669 537
1095 519
1352 535
862 518
935 520
1054 547
1076 518
1230 518
217 547
1159 521
400 523
282 531
422 527
1034 525
1133 532
1626 544
438 544
884 535
1234 531
1458 530
391 542
978 538
955 536
1215 537
1003 539
1563 538
43 541
855 541
1570 543
1172 547
759 556
125 562
1082 549
593 556
1010 551
1316 550
1461 554
73 560
1126 556
1024 562
666 564
794 563
1135 562
1179 566
1477 577
1549 565
419 577
873 574
810 573
327 580
585 584
1559 576
937 574
944 616
1396 588
788 580
1144 576
1199 577
723 583
1014 579
1018 578
1255 578
1002 581
1111 582
1163 583
787 603
1052 584
1155 585
34 587
895 598
37 588
828 589
797 591
1609 616
936 594
1223 594
682 602
1314 595
300 600
1283 596
1695 596
1347 599
629 604
1142 602
1167 603
1197 612
531 615
1041 606
1113 607
284 612
1825 609
318 615
735 622
836 612
1183 611
1078 612
1432 612
867 616
1230 619
822 617
1549 619
1323 618
1028 621
1086 620
1830 623
353 634
1832 624
1745 626
612 631
851 634
1095 630
990 631
1065 631
896 638
996 633
1148 633
1463 632
1482 635
1551 651
1042 650
1098 635
1252 636
1449 639
1749 639
509 641
1448 641
374 649
406 644
497 642
515 643
17 655
496 645
1222 652
1438 644
1704 647
234 661
984 677
1476 650
136 671
669 665
860 656
882 661
1237 661
1345 660
1507 661
1007 666
453 676
945 668
1235 668
1249 669
728 683
948 674
1116 677
1162 676
1356 674
568 681
1087 677
526 692
894 685
951 680
1038 679
1207 679
1346 678
335 700
1581 681
1641 689
1791 680
1094 684
377 688
649 695
935 686
1068 690
1597 685
954 688
1561 690
408 696
1048 692
1091 691
1335 690
913 693
1466 712
906 698
967 697
750 704
1010 698
871 702
1098 701
234 710
107 710
889 709
1024 707
488 714
679 708
836 709
1244 708
920 711
804 743
818 713
849 713
975 716
1086 714
1000 724
1065 715
1235 715
423 722
1033 718
462 724
609 727
1027 721
1191 720
301 723
904 725
1789 722
1786 725
503 735
1178 733
1253 731
697 735
961 737
1043 735
870 739
906 744
1053 736
221 743
1026 739
889 740
185 746
1238 744
203 747
856 748
1035 746
1051 749
206 751
684 751
1395 749
1727 748
1021 756
526 755
1337 752
1750 753
1 757
664 756
917 755
936 757
1000 755
1293 756
408 757
720 763
757 759
417 766
1149 759
1474 759
375 768
901 767
1178 763
833 765
849 766
1513 764
865 909
660 770
334 773
1261 771
1298 770
433 778
560 772
969 772
1123 772
1460 773
1779 772
647 774
1118 775
1592 788
230 784
676 781
834 781
926 781
863 780
1778 780
605 783
948 784
156 785
453 787
472 789
506 792
786 793
163 787
410 788
1008 788
1516 821
578 798
595 795
694 796
886 796
214 808
310 801
361 801
810 796
1415 797
1354 812
848 808
892 804
911 803
1002 802
1215 823
1269 815
246 806
971 805
1557 804
813 809
960 808
422 815
1768 810
981 817
1478 812
399 817
564 817
919 816
1769 814
870 821
905 819
1594 822
315 829
497 829
539 823
664 824
1406 823
1547 823
946 825
1430 827
988 833
1412 830
1460 830
136 833
351 841
636 838
1619 836
390 844
965 839
1448 840
835 845
1451 856
1754 842
582 857
1667 845
777 847
874 847
1486 847
951 849
1492 848
243 851
310 860
905 850
955 850
983 851
1670 853
206 860
1321 855
274 860
831 859
1073 867
1311 856
1554 871
1231 860
828 862
1506 863
1780 862
381 864
475 867
780 873
970 867
13 868
1046 869
1716 869
443 871
1685 870
121 873
364 875
1345 874
1632 872
1795 875
1811 889
608 877
857 879
891 876
420 879
386 891
625 886
971 880
96 885
122 884
842 885
277 891
1752 885
238 887
1035 887
466 888
240 890
1037 891
1386 892
663 900
299 894
424 900
1162 908
1426 906
1328 898
639 900
1251 904
1603 905
107 909
536 910
152 917
859 917
357 914
651 914
1306 915
1362 921
1776 916
1094 923
1326 932
1708 921
339 929
1805 943
435 926
1635 925
1625 928
1642 930
369 933
475 931
1106 938
617 941
1052 937
648 936
521 938
1286 939
517 940
385 947
1166 951
1011 947
481 950
653 947
1689 946
236 953
1454 949
586 959
1632 959
370 959
1056 960
467 960
1103 969
268 963
279 962
976 963
1390 966
508 965
1588 964
276 966
621 967
623 966
675 969
1296 969
354 976
1332 980
1808 993
1021 974
1407 976
653 984
1174 979
375 986
346 987
518 987
1277 983
97 991
1411 988
302 997
1419 995
261 1009
580 1007
772 999
987 1017
1078 1004
1135 1001
1398 1002
1423 1000
1251 1005
1507 1012
428 1009
1443 1006
333 1011
765 1008
1258 1009
296 1015
1345 1011
652 1016
783 1016
495 1017
1434 1014
757 1026
1405 1016
681 1020
644 1021
720 1023
1329 1021
1823 1021
702 1026
68 1033
181 1027
199 1028
526 1030
676 1029
1419 1039
332 1033
552 1032
667 1032
926 1032
548 1035
1323 1034
544 1037
1298 1038
303 1038
607 1039
1023 1040
1472 1038
443 1040
928 1040
1301 1041
171 1048
1257 1044
490 1047
893 1051
268 1049
751 1048
851 1049
199 1051
211 1050
1001 1050
333 1055
658 1058
1772 1058
590 1057
1032 1054
196 1057
823 1056
971 1060
1190 1057
1461 1056
1571 1061
1675 1062
1174 1058
242 1061
1695 1060
533 1067
1815 1063
747 1066
1379 1066
1621 1066
639 1068
684 1070
1183 1071
1627 1069
1752 1069
342 1073
408 1072
916 1073
1061 1079
1232 1081
1801 1074
404 1074
357 1083
561 1081
744 1077
584 1079
616 1078
804 1080
1757 1078
760 1081
785 1080
391 1086
607 1086
181 1087
326 1087
1130 1086
1335 1087
612 1091
752 1090
1810 1093
290 1095
596 1100
710 1097
819 1097
1323 1097
144 1099
1262 1099
285 1107
1251 1100
1159 1103
1242 1110
7 1107
191 1111
247 1107
1165 1107
828 1111
902 1110
135 1112
431 1115
756 1112
322 1117
840 1114
106 1118
614 1118
709 1117
34 1118
32 1121
315 1123
375 1125
1002 1122
868 1124
895 1125
1343 1126
95 1129
1201 1129
184 1130
814 1132
1163 1131
1198 1131
993 1134
526 1140
1825 1137
1315 1138
1467 1140
116 1141
1201 1142
1319 1143
986 1147
40 1146
400 1146
1220 1149
655 1151
1689 1150
990 1153
1573 1152
132 1158
1179 1155
1654 1154
442 1167
599 1156
1012 1157
1424 1162
40 1159
855 1160
412 1162
70 1164
1268 1166
420 1169
731 1170
126 1172
372 1171
1146 1171
1389 1172
1217 1174
1180 1180
239 1183
244 1180
556 1180
920 1181
1082 1183
553 1182
639 1183
1031 1182
1224 1183
280 1186
756 1185
949 1189
896 1190
1200 1190
768 1195
1320 1195
1455 1197
680 1198
1425 1198
365 1201
594 1202
1182 1204
1562 1206
809 1215
1075 1214
1175 1219
406 1220
1565 1225
1697 1220
259 1225
375 1225
1026 1222
455 1225
1081 1226
1747 1226
