915 615
339 20
500 2
523 1
554 3
594 13
659 2
750 2
770 0
814 1
873 4
949 19
969 1
1007 21
1082 4
1139 1
1187 2
1206 8
1233 27
1302 0
1341 69
1467 9
704 15
1418 34
1048 31
978 20
466 26
887 25
436 29
563 32
1277 29
320 36
648 37
1132 52
1180 37
880 35
1540 53
1267 39
826 50
409 52
1161 52
1194 48
488 56
575 76
721 61
331 65
934 75
523 70
639 72
1018 68
1262 66
1562 82
761 116
1205 152
1144 80
1319 84
507 85
799 82
959 116
658 85
1039 100
1268 114
615 99
813 97
1002 97
1169 101
836 123
1063 107
363 108
424 107
450 105
862 109
453 107
1127 113
1148 112
1101 114
526 120
578 124
706 131
330 126
461 126
897 134
1075 142
686 130
1161 137
639 130
811 132
937 134
601 155
524 142
539 148
1015 144
1331 153
674 150
996 151
1137 150
1274 152
629 156
856 158
1519 161
421 168
1030 165
1287 178
969 162
1091 187
1145 175
374 170
1179 166
589 170
649 176
879 173
989 175
482 172
458 179
731 182
503 186
1122 190
556 183
1002 185
460 187
782 198
1049 201
480 197
741 202
917 215
804 199
436 201
965 205
414 204
663 204
496 206
561 205
278 218
628 211
1065 217
799 218
819 217
1346 226
519 223
989 251
752 229
953 231
1259 225
1468 239
470 229
582 236
786 230
1057 231
530 231
1174 248
296 235
1228 234
446 234
1117 238
824 257
1096 247
1146 242
634 243
703 246
454 249
498 255
403 254
919 264
1058 255
317 259
948 262
610 261
1249 329
705 265
869 294
1112 268
1483 272
793 268
1213 280
1354 297
549 272
382 273
725 281
1052 283
1138 274
89 278
423 277
497 285
1084 277
337 287
1160 279
969 282
948 289
782 292
1153 286
1164 323
546 303
362 294
924 315
1432 317
375 298
452 299
1066 306
1496 303
805 308
1317 314
1698 306
1204 317
608 312
198 317
470 317
532 319
575 323
1280 329
1481 322
786 318
967 323
1035 324
1019 326
1095 349
434 336
371 330
717 334
1078 334
653 333
950 332
862 354
899 336
802 338
882 338
959 338
1128 352
540 344
768 341
1378 359
910 349
450 349
618 349
964 351
496 347
1806 351
406 351
1051 352
788 374
176 359
475 358
508 367
881 365
604 367
987 367
426 371
584 370
949 371
1328 374
1477 374
526 376
1595 378
930 373
1042 383
1215 392
1159 375
722 388
1145 384
339 388
501 387
1428 396
308 387
913 390
1343 399
598 388
967 392
1189 390
1283 398
284 395
935 390
1131 392
608 403
1117 405
1153 408
741 402
1078 416
346 401
514 400
701 400
809 408
906 408
311 404
935 405
1464 414
402 408
243 412
1051 408
927 417
388 413
502 426
567 417
958 415
518 419
750 422
426 427
1055 423
1409 426
771 432
558 430
688 443
852 435
1159 429
1187 438
395 435
627 435
658 435
971 432
814 432
1137 435
941 438
875 443
576 453
979 445
638 449
756 450
1000 444
1081 448
1606 444
949 448
1018 444
1337 455
401 449
363 451
902 480
1436 454
709 462
1131 470
829 479
923 459
1232 454
881 462
1019 463
501 464
1066 473
1209 469
396 470
1190 478
461 476
745 477
1093 472
951 478
1003 479
1022 475
615 476
1094 476
1411 490
481 489
1026 482
253 491
705 486
741 502
719 496
879 497
445 492
1143 493
1159 492
1382 492
1094 493
400 496
521 498
1009 500
1165 496
1262 513
356 501
318 503
540 506
593 501
800 506
628 511
1113 503
1296 514
956 531
495 509
815 511
1032 542
1097 510
1123 509
930 514
557 515
1108 532
401 521
468 518
765 529
999 521
912 519
1057 521
1135 527
1186 525
695 525
854 538
795 527
876 524
373 530
1334 535
611 529
744 535
891 527
507 529
1247 534
821 535
468 547
572 538
664 538
718 542
1394 538
541 549
1223 545
252 546
899 547
426 553
488 554
1130 548
1085 550
319 553
601 559
928 565
1352 562
706 567
693 558
1068 574
1097 559
1152 562
556 563
874 593
984 564
1216 568
393 570
825 566
1108 568
788 578
1580 568
1259 573
1091 573
1194 573
755 580
405 578
624 582
655 596
1384 580
337 580
919 579
949 582
1425 581
1086 586
1294 593
421 587
779 587
217 593
577 589
944 586
910 589
446 591
1180 593
487 595
1012 603
1074 592
714 597
920 596
1168 631
303 598
908 598
941 596
1384 614
935 599
995 599
582 608
687 607
1098 600
253 607
474 607
740 605
763 603
425 604
972 604
927 608
884 614
896 629
1035 615
909 614
1239 623
816 624
838 617
723 624
969 619
1046 626
747 645
1063 622
1352 623
397 622
556 625
930 625
1109 636
1313 648
529 627
618 626
876 625
1079 629
1144 627
944 628
983 629
709 634
974 631
404 632
604 636
877 632
964 642
1567 633
632 634
693 636
913 636
1013 644
1283 634
457 646
878 638
1203 639
505 638
925 638
937 638
1129 639
425 641
641 648
792 646
1144 642
832 644
1041 643
1080 656
938 665
1054 646
1587 647
487 651
1236 660
773 660
824 652
922 650
1123 674
884 655
908 656
1051 652
583 658
822 657
842 668
515 662
919 661
413 664
915 662
995 662
1011 662
281 667
657 670
1040 664
1262 665
865 666
871 667
976 684
1264 666
691 673
1270 670
492 672
639 675
320 672
803 681
883 676
1022 677
1150 681
1174 677
517 678
872 678
1033 679
735 681
755 685
563 686
702 683
873 687
1015 686
1050 686
1087 688
1330 703
481 691
589 694
825 692
942 689
852 700
674 696
1096 697
1284 708
231 699
649 702
990 700
1010 698
1153 711
274 700
396 698
484 707
785 705
870 708
927 702
1092 705
325 708
1130 706
1419 707
905 710
1087 710
749 713
698 716
733 714
127 714
309 714
910 717
989 722
1043 719
689 725
1009 728
614 730
830 735
888 722
302 727
436 726
467 728
641 724
864 728
719 728
736 726
902 726
1057 729
1076 746
509 729
672 740
913 732
342 733
704 738
800 734
216 736
897 734
1489 734
586 742
1048 738
509 740
845 755
1040 742
1157 764
471 742
783 743
1124 761
1200 749
1691 745
401 750
437 750
626 748
1317 761
461 754
593 764
772 762
880 759
910 767
1048 776
1600 760
1722 761
671 766
716 766
1267 764
398 768
509 770
530 768
736 769
752 775
862 768
890 771
945 774
471 770
692 772
993 771
417 773
624 773
920 773
1356 778
206 777
394 779
675 774
1093 783
1299 774
836 781
1070 779
1212 777
1707 776
258 778
435 780
1283 791
893 782
1223 783
1256 786
370 784
438 786
457 785
602 785
626 793
1034 784
875 787
943 817
1232 796
61 788
152 789
558 790
731 789
368 791
482 793
757 794
821 790
434 792
656 793
863 801
1111 824
182 796
334 800
590 794
1265 795
687 797
829 797
1345 811
440 799
601 803
1089 798
129 800
828 808
1106 802
1267 801
966 803
813 805
437 806
356 809
1032 809
1071 810
1189 823
574 810
802 816
1285 810
1801 810
419 812
1289 813
463 816
657 816
817 818
867 824
512 821
851 818
252 822
447 821
715 821
559 823
644 829
843 835
1031 828
1256 832
398 827
828 826
179 831
531 830
810 831
1559 828
1815 832
617 833
1364 839
441 839
504 836
773 848
499 840
663 841
360 842
379 845
976 845
1493 845
460 847
540 855
583 846
1174 846
908 849
994 848
1068 849
525 850
949 862
971 852
1018 853
1126 855
1231 850
1399 851
1505 850
352 852
685 852
253 863
675 859
1695 856
1305 857
361 861
796 870
981 870
161 864
347 862
416 863
478 863
1046 865
1076 865
367 865
690 865
833 865
868 865
889 879
1304 867
401 871
316 871
515 871
556 873
666 875
723 871
1053 873
1538 871
1081 872
458 874
695 874
935 882
1071 874
427 878
693 877
813 878
1019 880
1114 886
1057 880
1217 882
1252 882
1626 879
122 881
141 881
603 884
684 882
719 885
996 904
417 884
738 885
854 887
1027 884
1565 885
1231 903
257 890
975 889
1160 902
298 893
613 897
1456 892
285 895
689 900
490 897
515 896
793 898
845 897
917 897
955 896
1776 897
646 900
749 903
900 898
1419 902
1519 900
453 904
942 902
1557 904
1796 903
161 910
1200 905
588 908
893 909
1789 906
914 910
1068 908
1274 911
478 912
1576 911
1054 913
495 915
798 916
823 916
591 929
715 916
732 922
785 922
654 920
440 920
868 920
1019 921
1034 921
666 925
818 927
841 926
1106 929
424 928
860 926
876 924
918 926
1726 924
939 929
710 932
1252 936
156 932
492 931
1056 931
1289 931
1453 930
385 932
1389 933
84 935
1009 935
1387 934
340 936
563 936
932 1078
806 938
1029 941
973 939
986 939
1833 938
915 940
934 941
1071 942
1668 941
59 942
351 943
392 943
548 949
915 957
1446 943
1486 942
1226 944
447 946
714 947
753 949
1092 946
1192 950
470 950
661 951
673 949
848 948
831 950
929 951
999 951
1325 950
226 953
411 956
897 962
1802 954
557 957
657 959
1007 959
1535 956
1794 956
742 958
824 959
1066 960
1167 968
1538 958
685 965
851 967
953 978
1331 968
1403 961
583 968
630 964
1015 965
439 964
527 964
1053 967
1465 965
371 966
810 966
1260 971
490 970
933 975
345 975
668 974
882 972
1066 973
1076 973
1363 972
211 974
403 982
499 980
649 978
986 992
422 977
693 980
1374 976
1187 978
822 981
832 981
922 981
1296 991
709 983
864 987
91 984
265 984
1827 991
486 990
549 987
1334 986
157 988
911 989
684 991
843 990
1069 991
1381 991
1524 992
267 993
582 996
705 992
1613 993
1007 995
1348 995
493 996
1059 997
1158 1011
1369 998
1627 998
663 1002
835 1001
1029 1021
508 1006
922 1003
964 1004
1013 1003
1047 1002
1062 1003
1243 1002
395 1005
594 1008
861 1005
1306 1004
1541 1005
535 1006
639 1008
705 1006
812 1008
1213 1009
906 1010
1359 1009
294 1011
468 1012
883 1011
1138 1010
222 1012
638 1012
1054 1014
247 1015
364 1016
432 1015
674 1022
932 1017
1621 1015
615 1019
909 1017
213 1020
945 1029
1371 1020
1594 1020
565 1024
964 1025
1203 1030
1338 1025
1413 1023
379 1025
398 1025
901 1029
997 1027
1605 1025
451 1027
1190 1026
139 1028
497 1028
922 1030
313 1030
881 1035
1255 1030
347 1033
855 1032
1382 1032
465 1034
982 1044
1284 1035
1386 1034
1435 1036
1624 1037
1648 1036
285 1039
423 1039
487 1039
610 1040
1015 1044
1508 1039
124 1041
249 1040
283 1040
408 1041
506 1041
1455 1041
1512 1041
107 1042
393 1045
971 1043
1595 1042
447 1045
459 1047
595 1045
858 1046
912 1055
1258 1049
1315 1044
72 1048
1188 1046
1328 1046
1672 1047
377 1049
475 1049
662 1056
1007 1054
1143 1048
631 1052
1292 1051
1791 1051
542 1052
1177 1053
1529 1053
168 1055
344 1057
383 1055
494 1055
1565 1054
1660 1054
1745 1055
1804 1057
324 1060
637 1071
932 1057
964 1065
432 1060
617 1058
980 1059
1726 1058
1015 1061
495 1062
524 1064
994 1063
1122 1067
1244 1063
1295 1063
1549 1062
34 1065
453 1064
1146 1065
1271 1074
1484 1064
1519 1065
549 1068
689 1066
1173 1067
204 1068
278 1072
884 1072
1155 1071
1344 1071
1168 1072
1387 1073
1673 1073
346 1080
535 1076
648 1076
1299 1074
1785 1075
925 1076
1223 1078
1237 1077
1798 1079
490 1079
985 1079
1183 1078
182 1081
1790 1081
657 1083
1412 1082
396 1084
400 1085
530 1086
1377 1085
301 1086
1651 1087
306 1089
575 1092
604 1089
676 1092
1196 1088
1738 1089
232 1090
427 1092
903 1092
1194 1091
1207 1092
1225 1092
1258 1091
1289 1104
966 1093
1162 1092
1317 1093
1365 1094
1609 1093
638 1094
1253 1097
343 1099
705 1099
965 1098
1112 1099
1313 1103
361 1100
368 1102
657 1101
699 1104
205 1105
401 1103
1170 1115
1224 1111
1561 1105
1575 1103
1326 1106
317 1109
324 1108
574 1109
1319 1108
571 1110
339 1114
639 1114
664 1118
740 1121
791 1115
470 1121
772 1118
1349 1119
1100 1122
1432 1119
501 1121
573 1122
628 1121
1155 1121
644 1123
1523 1123
175 1125
450 1125
559 1128
607 1128
637 1126
1196 1126
48 1130
187 1129
305 1129
1369 1128
1356 1131
663 1133
1344 1133
1349 1132
1559 1132
133 1134
410 1134
438 1142
644 1135
1318 1134
1370 1134
1420 1135
383 1139
1271 1136
1396 1139
1499 1136
1712 1136
629 1138
657 1139
784 1141
1126 1145
1587 1139
556 1141
704 1141
1706 1140
202 1143
216 1143
340 1142
492 1143
595 1147
684 1143
733 1149
796 1143
876 1143
1489 1144
1624 1144
312 1145
1341 1144
149 1150
703 1147
1176 1150
1376 1147
1435 1146
1733 1146
526 1152
718 1148
1214 1148
1643 1148
487 1150
1152 1156
1241 1152
1751 1150
306 1153
1301 1153
1633 1153
186 1154
562 1158
618 1157
1665 1158
129 1158
587 1156
905 1158
450 1159
782 1161
1187 1158
220 1161
395 1161
421 1162
537 1160
814 1160
1283 1160
1816 1160
613 1164
1313 1163
309 1164
1244 1170
1260 1171
1300 1167
1548 1166
1640 1167
1699 1167
315 1168
416 1169
729 1169
1376 1176
1439 1169
1498 1169
378 1171
436 1171
882 1171
950 1171
1148 1171
1311 1171
1354 1171
1393 1172
1449 1171
130 1173
740 1173
922 1172
1440 1173
1496 1173
864 1175
1643 1174
408 1181
878 1177
1211 1184
1533 1176
689 1180
902 1181
366 1181
535 1181
611 1181
1270 1181
620 1182
767 1184
219 1184
648 1184
745 1184
1189 1185
1248 1188
1464 1188
1585 1185
1623 1185
645 1186
681 1187
798 1186
968 1187
1718 1186
120 1189
142 1191
630 1189
721 1196
974 1189
1423 1188
1667 1190
570 1192
760 1193
1343 1190
336 1192
792 1193
877 1193
951 1192
1345 1193
1363 1199
1470 1193
1527 1192
1758 1193
399 1194
523 1194
1348 1195
1726 1195
1761 1194
473 1199
1165 1196
1502 1197
383 1199
398 1198
741 1199
1173 1198
420 1201
861 1202
1121 1201
1575 1200
629 1204
786 1202
1413 1202
293 1205
1388 1204
1642 1204
957 1207
1004 1206
1325 1209
1480 1206
122 1209
599 1209
942 1209
1305 1208
1427 1210
331 1211
363 1210
376 1213
387 1210
409 1212
1384 1211
431 1212
764 1213
1257 1215
1493 1213
438 1214
850 1218
911 1214
353 1217
515 1218
623 1217
718 1216
1448 1217
161 1219
608 1219
687 1219
1176 1219
487 1221
918 1220
1114 1221
1313 1224
414 1225
427 1224
1468 1225
1253 1226
1511 1225
825 1226
1355 1226
