914 618
431 16
492 18
562 1
600 5
809 0
923 3
969 12
1179 6
1220 1
1564 62
1612 1
1688 8
1747 1
1784 8
155 17
1049 14
1136 18
41 21
1160 17
916 39
767 30
110 37
1018 24
339 35
676 30
991 30
1056 30
1712 52
1247 37
1208 35
1080 49
1017 45
1223 59
985 54
499 60
1809 130
1029 60
1386 75
814 64
1183 76
1268 64
1323 68
62 73
873 75
1004 69
1086 72
4 83
1136 76
1147 91
178 81
711 85
1032 86
1110 112
129 88
941 103
262 95
836 91
1006 98
744 119
417 121
1057 108
1204 107
672 111
1178 120
776 119
505 146
690 114
575 128
1272 150
1199 124
1301 126
1043 135
1137 128
886 130
224 139
930 141
993 134
8 153
284 148
872 144
1095 144
1089 146
852 154
920 157
819 158
962 162
1007 174
1554 157
105 165
539 173
371 173
1120 162
1172 177
1535 206
1538 169
573 179
681 195
178 191
761 175
1363 188
1404 197
1103 187
94 193
926 194
1139 190
242 193
850 193
423 199
907 192
68 203
993 225
1124 201
460 206
952 201
634 212
501 220
1256 213
1180 212
1061 212
1083 208
912 226
557 221
1227 220
1727 234
292 229
1212 221
433 238
1050 235
1030 233
456 240
844 236
933 239
875 239
258 249
1076 242
1125 256
224 246
773 252
7 251
79 250
166 250
951 255
1173 253
343 253
106 256
141 257
1607 271
91 261
315 258
806 270
112 261
160 261
172 261
205 263
234 265
352 267
659 267
1031 262
44 263
139 262
173 263
222 263
1093 267
2 264
582 264
127 272
280 277
495 273
585 267
969 282
1109 269
230 271
67 273
84 272
1160 275
22 274
140 274
18 276
241 277
164 281
248 279
118 280
206 290
398 283
546 294
61 286
68 284
933 298
346 286
847 290
999 289
238 291
457 298
486 308
883 294
118 293
897 296
1099 305
1131 296
7 294
105 294
1064 294
1168 301
2 297
150 296
165 298
167 299
192 299
233 298
22 301
181 301
187 300
278 300
335 302
514 303
19 304
116 359
151 304
208 305
320 315
687 325
855 316
10 306
257 307
304 306
1588 331
76 308
277 318
803 313
1649 326
95 310
1825 329
51 326
209 312
245 313
1516 319
20 315
72 315
214 315
259 315
1223 336
889 325
991 319
1166 319
81 318
196 318
248 318
1029 320
1723 330
202 321
264 326
367 321
11 323
1 325
943 328
1041 335
14 326
291 326
297 327
788 332
27 328
173 330
257 331
1479 331
236 333
284 332
1122 348
191 342
438 349
153 338
165 344
215 341
250 355
604 347
960 372
1146 345
91 342
1019 345
1172 351
25 345
1189 347
780 355
1272 365
873 352
924 351
1065 357
1469 348
42 351
69 350
479 357
1085 372
896 368
1150 354
19 355
202 376
1001 354
1242 361
44 357
59 362
93 356
159 359
571 356
1533 366
21 360
139 360
148 365
221 362
514 370
37 365
801 370
1183 367
84 366
1487 366
49 368
996 382
159 376
235 371
144 373
1138 376
32 374
558 387
815 374
1037 378
1575 379
1054 397
1367 392
1594 397
269 383
789 388
47 385
172 384
1031 385
1171 391
827 389
924 395
1426 389
1189 391
1524 446
1709 395
22 390
36 390
180 394
420 391
536 390
166 393
43 395
60 398
1224 398
896 407
1092 405
8 399
173 399
870 405
33 403
498 426
77 405
170 405
231 404
108 407
263 409
1538 418
15 411
99 422
156 439
530 410
641 411
1175 418
27 412
719 425
16 414
151 415
1068 421
982 428
0 419
127 421
186 420
924 448
24 422
48 422
65 423
835 432
1779 431
120 426
124 424
867 432
1011 428
1137 434
1205 442
61 428
324 436
1460 443
255 431
31 432
1054 434
29 464
66 435
1000 443
54 437
134 437
1091 442
1077 440
1425 439
216 440
689 456
1669 451
128 442
191 442
895 443
1115 445
76 445
570 459
206 446
811 448
910 448
1244 449
127 448
633 460
98 452
881 483
1692 476
919 454
1547 454
1743 476
1786 489
80 461
1628 469
283 463
1419 476
595 472
917 465
1169 464
1307 475
132 481
766 469
798 469
1040 470
1125 481
1140 470
964 470
977 473
1470 484
786 479
1176 476
716 476
917 477
947 483
1072 486
1095 479
856 482
1016 503
1152 480
1227 488
925 483
1495 494
910 489
976 498
267 492
571 495
697 504
864 489
933 490
1038 490
953 504
180 498
874 496
1082 503
5 499
925 506
941 502
997 502
1062 505
1372 514
782 511
870 504
1125 505
291 512
907 506
908 508
1599 517
319 512
552 513
1106 514
1509 522
585 520
488 523
631 517
1168 523
1334 546
1622 526
50 522
220 520
1119 531
1154 522
1098 523
640 532
1046 525
913 529
964 528
1218 551
900 531
222 539
784 548
1072 559
1553 552
104 535
328 535
499 541
867 536
889 534
995 538
141 538
173 542
678 540
1154 539
466 541
115 543
895 543
966 543
1534 542
1148 548
17 546
657 550
10 549
970 550
1010 577
1130 551
1189 551
901 551
927 550
1455 558
482 562
615 552
943 553
1171 555
306 568
445 554
912 562
984 555
1770 565
501 557
869 563
744 562
515 562
960 563
1278 563
1523 561
424 562
26 564
553 573
579 569
697 567
34 567
175 591
507 573
620 566
828 574
1836 586
1262 584
756 570
1099 570
283 574
1131 595
925 577
894 580
956 579
1619 594
853 582
974 582
126 583
136 594
1450 591
85 602
274 600
728 587
978 588
1789 600
201 589
839 591
401 596
779 595
888 599
1052 600
585 600
860 599
1072 595
453 606
629 597
766 596
388 601
1237 614
1463 604
984 612
1090 606
1585 610
220 607
487 621
866 610
946 620
1075 608
817 614
1112 613
1434 613
14 624
251 615
559 616
701 620
568 619
750 623
911 626
1029 619
1058 619
1198 621
1011 620
366 623
547 622
1254 622
125 627
426 627
766 629
1093 629
794 639
1553 635
255 631
844 633
1131 634
249 635
253 634
987 635
1044 634
1052 637
304 639
425 644
473 638
1138 639
560 651
962 643
999 641
265 646
510 649
1160 657
34 644
1023 645
861 654
1020 647
1068 651
1261 647
988 669
1281 659
77 651
329 654
950 651
74 652
595 685
744 659
1668 658
200 658
208 654
271 654
286 654
1100 656
1473 655
97 656
151 677
311 656
653 657
1025 658
1043 662
671 661
1123 661
118 662
301 664
932 663
718 664
821 669
1061 668
1197 674
180 666
533 666
709 673
859 666
65 668
525 672
853 669
939 668
166 670
211 670
230 670
263 670
460 677
970 673
1030 671
1739 682
77 673
362 672
880 674
1086 680
175 676
488 681
830 685
1585 674
97 677
215 677
731 676
949 677
1663 688
783 683
1718 679
1768 685
65 689
511 688
757 685
1114 682
920 686
1241 683
1426 683
260 685
1055 687
1221 685
1510 710
880 697
326 688
531 691
474 691
652 690
658 691
980 692
1091 692
1818 690
284 693
314 693
701 693
116 707
421 695
704 694
946 695
290 697
1072 715
1120 696
1193 696
260 720
500 698
458 701
765 702
787 703
1442 701
19 702
41 705
202 703
933 706
1388 710
1715 728
17 707
136 707
576 706
982 709
1176 709
1466 721
303 710
947 732
320 713
486 713
700 715
727 714
994 724
1047 722
330 717
848 717
162 718
177 719
437 719
769 721
910 721
963 718
572 721
1108 728
346 724
631 722
1092 723
527 732
543 729
575 728
971 733
1122 729
326 733
355 734
588 731
627 730
648 730
674 730
833 754
152 732
1422 734
1663 733
156 734
173 735
183 738
486 734
852 739
431 737
817 736
205 746
452 758
491 744
516 739
870 740
1747 750
907 743
1003 746
1161 762
520 742
635 743
1123 743
1147 742
775 752
1036 754
1088 748
672 746
1058 747
144 751
398 751
600 750
632 751
815 750
875 754
1112 752
1299 752
1640 750
101 760
386 753
557 760
679 752
1078 758
1101 754
1445 770
255 766
624 755
1529 759
65 765
710 761
959 762
400 758
646 762
353 761
540 761
810 761
16 763
18 762
762 766
1184 773
182 764
283 764
296 766
389 764
512 765
886 767
994 806
314 772
1068 767
1095 769
1365 767
720 771
209 784
280 771
415 771
480 773
569 770
680 770
800 792
1018 771
533 772
52 774
937 775
1072 776
1100 776
1421 775
1658 786
155 777
504 776
615 777
741 776
1040 779
87 782
157 779
500 778
610 778
713 785
4 789
387 780
432 788
860 782
1091 800
160 783
485 785
522 782
599 790
638 783
1048 783
1107 785
1480 787
263 786
624 784
655 788
143 786
410 786
885 787
932 787
367 789
537 791
561 799
934 791
1062 791
1538 799
875 793
964 798
127 794
926 967
75 797
349 797
536 796
673 797
762 796
939 814
1065 811
1416 803
763 798
89 801
355 806
494 801
854 802
489 803
656 806
833 805
1038 804
370 805
710 804
1019 806
120 806
202 809
231 806
606 811
1758 807
773 809
866 810
1609 819
642 811
1172 811
1214 811
1401 823
44 814
277 813
299 816
529 812
888 817
1152 812
30 814
327 815
455 815
464 820
492 815
1239 815
1452 818
175 816
619 817
647 817
1529 817
1716 823
1808 827
68 819
250 819
347 819
375 822
545 818
586 826
600 819
629 827
660 818
768 819
872 820
2 825
665 820
1188 821
954 835
1097 826
1321 822
1496 835
1565 832
1678 822
344 824
526 833
711 824
1013 825
260 829
431 831
675 827
400 829
555 829
207 831
318 831
351 830
923 830
1037 836
1146 833
1377 845
299 832
496 832
557 832
613 833
786 834
879 837
1355 832
286 834
508 835
648 838
930 836
1448 837
117 849
179 842
507 838
579 841
617 848
667 838
1091 839
1183 838
266 842
859 841
1209 840
146 843
371 842
485 843
695 845
1013 844
206 844
411 846
1740 845
429 854
916 859
1009 847
515 849
659 849
886 859
1667 859
406 850
552 872
640 852
667 853
1413 854
1515 854
167 858
340 855
847 856
55 857
382 857
525 857
949 857
1005 867
1833 863
573 859
575 858
1799 867
399 861
855 861
944 861
978 864
197 862
458 867
502 862
678 862
1326 863
175 865
312 865
866 867
233 867
322 871
405 866
513 866
968 867
95 869
148 868
161 874
481 869
576 869
690 868
1108 870
1446 881
267 873
635 870
792 871
897 885
947 871
344 872
685 872
703 872
1695 883
190 880
951 875
1070 875
175 876
597 877
305 879
516 882
664 879
731 881
883 878
1266 884
1335 879
127 880
280 880
649 880
921 881
628 883
982 883
1137 886
1405 890
202 906
246 884
422 890
632 884
859 893
233 886
392 892
602 886
641 890
940 886
999 889
1093 886
1520 893
323 889
440 889
1579 888
344 893
814 893
1383 891
85 893
580 892
923 893
1646 899
493 895
566 899
613 895
637 894
660 897
955 895
237 897
690 919
253 900
623 898
1149 902
405 900
699 901
1493 912
1792 900
86 902
112 907
171 903
315 903
584 903
1252 903
297 905
308 905
502 904
817 906
1382 904
259 910
475 911
572 907
610 916
670 907
718 907
745 907
1 908
846 911
896 908
962 914
1409 908
12 923
491 912
578 911
641 915
740 911
889 911
355 920
389 919
561 914
582 913
938 912
1584 918
421 915
508 914
529 922
413 917
456 921
879 916
918 917
1409 937
342 918
437 918
674 918
865 921
306 920
796 921
1127 921
1539 928
634 922
829 922
82 925
592 925
924 925
968 925
268 928
351 927
440 928
487 926
233 934
508 931
551 928
579 929
558 938
857 933
905 932
969 930
1353 930
272 933
544 932
1576 935
1766 932
1787 933
67 935
110 936
307 935
340 936
421 937
588 936
21 942
427 942
915 943
352 942
431 945
59 955
254 953
483 946
836 947
867 955
930 947
1346 953
1715 951
174 948
322 949
379 949
616 949
664 950
682 949
761 948
277 951
567 954
645 954
460 953
508 952
167 955
395 955
415 955
417 954
528 965
588 955
746 955
1271 954
1551 958
311 956
482 956
684 957
731 959
1197 956
108 959
328 959
448 960
760 959
355 968
697 965
758 962
833 960
842 966
212 969
320 963
347 963
662 963
1398 962
70 964
387 964
1379 966
396 977
485 966
740 966
557 969
887 975
1184 969
333 971
339 970
0 973
278 974
548 972
488 975
656 975
682 975
1255 980
1389 988
430 984
465 976
504 978
576 976
1131 977
1362 977
11 978
73 982
104 983
451 979
335 982
611 983
727 982
307 985
516 992
549 984
773 985
364 986
490 989
605 987
680 986
1635 987
1117 989
1676 988
49 991
365 990
597 990
320 994
673 995
562 996
615 994
743 996
621 997
642 997
1575 997
1756 997
103 999
410 998
540 1000
645 998
776 998
1761 998
193 1005
227 1007
605 1013
625 1001
659 1000
727 1003
390 1002
434 1004
713 1003
1834 1007
574 1004
701 1005
334 1008
399 1009
489 1010
1160 1016
1329 1006
1352 1010
176 1009
419 1008
638 1008
689 1010
776 1009
565 1010
735 1011
1267 1010
1475 1035
426 1014
759 1015
1080 1013
1103 1016
1266 1012
69 1020
1056 1016
1218 1014
98 1017
150 1016
338 1017
501 1017
567 1024
1354 1025
1382 1020
368 1022
444 1021
694 1019
537 1038
643 1032
162 1023
209 1022
490 1023
624 1023
1575 1022
31 1025
395 1025
524 1025
721 1025
774 1027
1078 1025
273 1026
623 1027
760 1027
1140 1027
244 1029
268 1029
463 1028
691 1029
1006 1030
1118 1037
1507 1031
594 1030
702 1033
1173 1030
388 1039
1203 1033
781 1035
1016 1036
1233 1035
295 1037
447 1037
458 1036
684 1038
119 1039
330 1039
409 1039
770 1040
794 1040
993 1038
1295 1039
1693 1044
324 1042
700 1041
1076 1042
1190 1041
229 1051
370 1042
584 1045
744 1044
1187 1043
436 1046
552 1066
1151 1056
1284 1044
1337 1046
63 1046
627 1046
699 1046
164 1049
304 1048
314 1048
498 1049
596 1059
1004 1064
1304 1049
153 1050
192 1057
576 1050
87 1052
287 1053
1023 1053
409 1055
716 1054
956 1063
267 1056
351 1057
422 1056
979 1057
1024 1058
1226 1056
521 1058
677 1059
729 1058
517 1060
747 1060
797 1060
973 1061
217 1063
316 1062
622 1062
692 1062
1501 1065
658 1065
1472 1077
435 1071
492 1068
618 1066
732 1067
923 1069
1447 1076
1236 1069
322 1070
674 1071
759 1075
799 1071
1225 1070
70 1074
86 1076
275 1073
483 1073
588 1072
966 1075
1352 1072
1649 1072
140 1074
195 1075
271 1075
575 1080
650 1075
1362 1078
267 1077
325 1078
608 1076
665 1079
920 1077
1027 1080
1201 1076
1309 1080
1337 1080
1431 1077
1568 1081
372 1079
526 1080
641 1082
864 1082
914 1083
91 1080
500 1082
682 1080
777 1084
983 1081
1401 1086
249 1084
354 1083
383 1082
1015 1083
387 1085
440 1086
594 1087
62 1087
96 1086
171 1090
198 1090
260 1086
457 1091
893 1088
367 1090
704 1088
742 1090
507 1090
805 1092
879 1109
1048 1092
1186 1090
143 1093
213 1093
428 1093
530 1093
694 1095
998 1093
1087 1095
1292 1092
1384 1092
104 1094
345 1094
792 1095
1356 1096
1562 1104
354 1097
506 1097
933 1096
979 1096
1013 1101
1223 1105
270 1098
755 1100
867 1098
376 1100
500 1100
533 1100
575 1105
614 1104
669 1100
1281 1112
681 1103
15 1105
26 1104
156 1104
1337 1104
1512 1111
1535 1110
73 1107
330 1108
507 1107
591 1107
736 1107
815 1106
993 1107
1297 1107
134 1108
144 1109
397 1113
526 1112
1086 1109
102 1110
371 1113
491 1110
592 1111
645 1113
735 1111
964 1110
281 1112
553 1117
715 1113
1095 1121
139 1114
687 1118
862 1117
1027 1115
58 1116
462 1117
991 1118
484 1119
606 1121
624 1119
777 1119
804 1119
971 1119
1303 1119
1392 1122
1613 1122
44 1120
103 1121
185 1120
445 1120
500 1121
538 1122
579 1125
648 1121
1010 1121
1122 1121
422 1123
566 1123
799 1124
963 1123
1200 1129
55 1124
650 1127
845 1125
1415 1125
1561 1128
342 1128
414 1126
549 1126
723 1127
734 1127
953 1127
1234 1134
1261 1127
237 1129
328 1129
610 1128
998 1128
353 1134
374 1130
986 1131
1546 1130
164 1133
297 1132
528 1135
1351 1132
8 1135
319 1134
262 1136
311 1137
452 1136
484 1137
760 1137
873 1139
982 1148
1000 1140
1272 1136
56 1139
206 1140
410 1139
839 1139
392 1140
440 1140
699 1142
1150 1142
236 1143
253 1143
363 1142
405 1142
419 1143
593 1143
601 1144
741 1144
878 1144
1059 1145
203 1149
296 1145
481 1145
492 1144
726 1148
937 1144
1265 1145
1280 1144
121 1146
367 1147
398 1146
707 1147
901 1148
1111 1151
299 1149
376 1148
379 1149
653 1150
1446 1152
268 1151
471 1151
1035 1153
1157 1151
1286 1151
1629 1151
93 1153
432 1159
1006 1155
1576 1153
16 1159
211 1156
585 1155
625 1154
721 1155
1562 1158
1545 1159
97 1162
166 1159
223 1161
263 1160
308 1160
615 1158
961 1159
1063 1159
1665 1163
800 1162
880 1161
939 1161
967 1160
282 1163
540 1163
595 1162
1641 1162
513 1165
577 1164
587 1165
637 1166
744 1168
1190 1165
281 1166
296 1168
443 1167
629 1173
652 1168
1280 1168
1323 1166
1488 1167
387 1169
458 1174
1350 1170
22 1171
71 1177
115 1170
320 1171
1033 1172
1485 1172
141 1172
263 1173
575 1176
656 1173
716 1177
795 1173
960 1174
152 1176
304 1178
383 1174
523 1174
679 1184
758 1176
777 1175
1137 1180
1405 1185
279 1177
166 1179
212 1185
528 1181
1509 1179
350 1181
380 1182
548 1182
790 1180
1208 1180
99 1183
234 1182
264 1184
356 1184
771 1182
812 1184
417 1185
431 1184
600 1191
896 1186
1176 1185
1263 1185
151 1187
438 1186
539 1187
573 1188
643 1188
1814 1186
361 1192
386 1188
756 1189
781 1191
1259 1190
1366 1190
1668 1190
256 1193
273 1195
383 1193
512 1193
578 1193
715 1193
763 1193
996 1194
1113 1192
22 1194
254 1195
441 1194
490 1194
769 1194
809 1195
870 1194
7 1196
186 1197
415 1196
734 1197
827 1197
852 1199
1218 1197
271 1199
322 1206
344 1206
822 1200
1425 1198
184 1201
555 1201
757 1201
1035 1201
1092 1201
121 1203
300 1203
462 1202
570 1209
621 1202
736 1203
1368 1207
42 1204
230 1205
737 1206
788 1205
1349 1205
395 1206
525 1206
697 1206
437 1209
699 1209
756 1208
805 1209
1257 1209
1629 1208
1124 1211
218 1212
223 1213
598 1216
741 1213
1293 1215
213 1214
234 1215
352 1215
479 1214
511 1215
1321 1215
424 1222
652 1221
1315 1216
240 1219
736 1224
1044 1219
1282 1223
139 1223
385 1221
1104 1220
1342 1224
1507 1220
172 1225
485 1225
1638 1224
199 1226
388 1225
558 1226
821 1225
713 1226
867 1227
1134 1227
1518 1227
