916 616
125 51
379 37
532 2
606 2
637 4
730 13
916 3
1038 0
1210 8
1327 1
1432 0
1308 20
446 12
904 17
621 18
1074 14
1335 18
1276 29
533 30
788 27
850 28
1294 29
1032 61
1108 45
782 42
1062 43
1124 40
524 42
641 42
1363 41
849 46
1024 43
668 61
1319 52
579 59
1392 55
1603 61
950 69
1142 66
746 81
917 60
891 65
548 70
896 68
1399 69
925 71
1074 73
1064 75
922 85
633 89
708 92
861 106
944 87
449 95
614 90
959 101
1161 96
895 92
837 96
919 99
1136 118
899 105
817 107
670 121
718 110
1078 113
1311 112
751 114
922 120
1048 117
1399 112
1411 114
1024 125
1365 131
944 120
1267 123
566 124
1070 137
1575 125
431 127
1108 124
597 127
650 128
504 132
881 131
1289 130
702 135
892 136
1262 137
576 140
900 139
1247 139
495 141
609 152
948 146
1003 191
1213 149
843 161
810 167
858 154
950 157
970 170
898 160
617 162
774 171
1126 164
602 170
857 165
895 165
892 166
757 175
660 172
1311 170
948 172
894 203
1041 177
1088 189
1363 178
872 178
1108 201
542 189
737 195
1276 192
724 194
1317 221
927 196
1222 220
752 197
1384 213
660 200
818 216
1342 202
854 204
963 203
1406 203
564 205
1047 226
953 230
536 227
621 221
1577 226
594 229
629 232
867 228
924 235
560 233
1173 232
1387 237
803 260
1006 257
1146 239
911 246
1115 248
568 244
869 243
720 246
1389 247
876 251
1092 288
837 255
861 259
947 255
1064 255
1413 293
627 261
825 265
1563 261
1249 262
559 265
694 272
1054 290
606 281
631 269
646 283
444 273
1208 272
1023 270
1255 272
957 280
1231 273
546 276
1030 274
1152 276
365 283
778 283
836 280
1185 278
830 286
978 291
1259 284
526 287
939 320
871 307
890 294
991 295
1320 293
1347 292
496 299
901 300
687 309
667 307
1239 374
834 335
553 310
918 313
913 314
907 317
539 326
776 320
697 323
1025 329
1216 322
1000 324
471 339
704 328
968 336
1091 328
1368 327
1114 367
1373 331
800 340
579 338
1057 341
1103 342
1173 340
1077 342
1392 344
1575 345
986 354
667 351
745 379
1153 371
1395 351
688 352
1015 355
1066 355
1026 407
1388 360
1072 362
544 377
980 364
995 368
1592 369
1009 372
931 369
1068 372
1177 390
905 373
1319 399
1371 374
464 375
583 376
892 378
982 377
467 383
812 379
916 407
1053 386
1081 387
1224 386
1401 401
704 387
872 406
962 415
835 394
511 400
525 405
1540 402
935 403
818 405
1283 404
722 410
842 407
991 415
1098 408
575 415
1378 414
790 419
1072 426
615 427
767 420
1210 427
1060 424
855 426
1058 432
776 433
1328 455
569 437
649 439
927 451
1364 436
1001 440
554 445
497 447
877 454
994 454
1101 459
980 453
902 462
934 512
561 460
1280 468
1124 462
1165 474
669 463
773 463
839 474
577 465
992 469
637 469
1246 467
1564 468
707 473
446 477
890 480
900 481
1043 481
1057 486
441 483
418 486
469 487
744 490
998 490
1297 493
881 496
1320 495
1369 516
1238 508
1157 499
1159 500
776 507
1084 504
1144 503
755 516
836 507
1025 508
952 513
1219 511
574 515
711 515
886 524
1161 514
788 519
972 519
1064 540
1012 545
1135 541
534 524
898 529
960 532
1035 531
1164 534
1215 530
1274 537
805 540
989 548
746 544
1246 545
951 545
1041 547
471 554
714 550
838 552
1291 555
956 572
1259 581
567 575
1207 565
1034 566
885 568
976 571
691 575
974 574
1175 572
753 576
987 575
781 580
997 579
1011 640
662 585
700 580
713 578
730 579
888 603
637 582
923 581
1108 596
595 582
808 583
1201 585
583 585
787 592
822 595
1232 585
1291 590
725 592
1050 599
1161 606
1382 590
975 601
1301 597
811 600
847 603
938 600
1284 644
544 606
1248 606
732 614
972 613
1203 613
1329 614
796 614
548 617
804 620
567 623
926 632
1032 622
1173 621
630 622
689 641
901 622
586 625
896 625
1231 625
1088 628
1375 647
890 629
1463 651
1498 632
537 637
708 630
1209 633
815 634
943 634
1130 644
1174 643
886 637
1329 645
1065 640
512 644
1426 672
724 649
915 648
850 674
520 656
589 657
960 655
892 765
734 657
912 656
946 664
911 658
910 660
665 666
775 663
759 675
776 665
535 670
556 668
717 670
750 666
906 667
686 670
904 671
808 674
1105 673
1319 695
724 676
937 677
818 681
928 683
895 685
597 687
892 697
917 692
980 691
969 696
582 697
860 697
485 699
683 702
769 705
932 701
1037 700
1043 705
551 707
743 713
978 712
574 712
852 716
795 719
832 713
757 714
839 714
1484 729
965 721
1213 736
1340 719
865 730
1360 721
1027 729
1004 736
774 734
564 733
985 735
1175 735
1448 748
541 743
973 749
1250 753
979 755
1280 759
549 770
1166 768
1270 780
1542 778
1442 778
1163 792
1129 800
609 792
1230 790
646 801
488 805
710 806
1494 817
751 808
523 814
664 815
892 818
1079 826
1582 843
524 833
958 839
771 836
860 849
1501 840
1408 858
1156 845
618 849
651 849
1033 851
1236 852
597 854
1020 860
1295 858
805 861
1253 877
1066 865
1047 866
1144 864
715 868
903 873
1037 876
811 876
886 873
613 878
1055 881
893 887
1271 886
615 889
638 892
1301 902
757 898
1000 897
181 900
707 902
536 906
785 904
972 906
1050 902
556 905
955 906
814 915
1003 909
1037 910
574 910
654 916
954 913
586 922
871 921
1069 919
671 921
911 926
1318 956
45 928
517 928
846 928
1340 931
697 932
897 939
1014 933
763 935
356 940
992 938
493 940
880 940
1010 943
673 946
1040 946
924 946
930 947
1094 954
524 951
717 948
937 948
943 949
952 950
959 951
1127 951
1180 959
966 952
972 953
754 958
980 954
987 955
1474 954
644 961
995 956
1007 958
1063 958
1520 966
1133 967
1470 961
739 969
681 966
1027 977
1462 965
765 976
1274 970
943 972
851 974
797 977
497 981
1246 980
680 982
1447 993
525 988
1341 996
854 984
1058 1001
430 986
546 991
940 990
1258 991
656 998
803 997
1485 1006
1315 1011
528 1004
582 1005
775 1004
1695 1004
615 1008
768 1007
1223 1010
1236 1010
1109 1011
714 1013
813 1013
849 1013
949 1014
1088 1020
1028 1016
1218 1025
1356 1022
454 1027
897 1028
1667 1028
496 1030
737 1031
796 1031
856 1028
1663 1030
569 1032
762 1034
80 1039
1237 1038
1726 1036
326 1039
632 1038
230 1040
624 1040
456 1045
1034 1050
1437 1056
422 1047
490 1048
1393 1047
369 1049
944 1051
143 1050
698 1055
1154 1061
347 1057
118 1060
683 1064
1058 1061
1346 1069
195 1064
611 1068
743 1066
789 1064
857 1065
79 1066
234 1067
521 1067
1044 1069
1171 1066
639 1069
1398 1069
10 1070
396 1071
863 1075
184 1073
544 1074
728 1075
663 1076
216 1077
570 1078
607 1087
779 1077
1057 1079
889 1079
340 1082
577 1083
799 1083
1200 1083
367 1086
1003 1088
1443 1086
1822 1087
324 1091
353 1093
677 1094
1011 1093
1187 1092
1808 1093
50 1096
148 1094
222 1094
778 1098
231 1097
453 1096
1811 1097
187 1103
333 1099
1429 1098
1674 1099
129 1101
1132 1100
69 1103
1158 1104
1837 1105
566 1106
532 1108
173 1110
502 1110
543 1114
655 1113
718 1112
798 1117
101 1114
223 1115
249 1114
485 1115
768 1117
882 1114
1536 1115
97 1116
146 1116
539 1117
853 1118
929 1119
1247 1119
1295 1118
1338 1119
1537 1118
473 1121
164 1123
299 1122
979 1125
180 1132
346 1127
552 1125
846 1126
886 1125
1673 1124
73 1128
516 1128
765 1129
1260 1130
268 1131
722 1131
1310 1133
1336 1133
241 1134
271 1135
1022 1135
112 1136
315 1141
56 1139
225 1139
1381 1139
221 1141
371 1141
539 1140
11 1142
89 1145
695 1143
1271 1142
7 1144
244 1144
341 1145
345 1144
516 1144
1010 1144
1020 1145
1396 1144
47 1146
204 1147
415 1147
764 1149
812 1147
617 1149
641 1149
1684 1149
172 1151
725 1155
23 1153
73 1153
141 1155
271 1154
474 1155
565 1155
1012 1154
1224 1154
81 1157
711 1157
754 1159
262 1160
9 1164
467 1168
1732 1165
406 1167
39 1169
69 1168
408 1169
591 1169
1209 1168
2 1170
97 1170
374 1171
161 1176
413 1173
745 1172
1062 1172
1444 1173
1501 1173
53 1175
55 1174
88 1174
239 1174
451 1180
83 1176
593 1176
1366 1177
1465 1177
182 1179
429 1179
1598 1178
116 1181
216 1180
427 1181
1141 1181
423 1183
1179 1182
103 1185
857 1186
1711 1187
207 1189
381 1190
714 1186
13 1189
185 1189
241 1189
495 1188
1355 1194
235 1191
288 1191
862 1195
1759 1192
64 1195
214 1194
234 1195
262 1196
1676 1194
1714 1195
59 1197
305 1199
1415 1203
1824 1199
623 1202
1828 1201
46 1202
102 1203
117 1202
532 1202
995 1202
1641 1202
16 1204
267 1208
326 1204
392 1205
499 1206
137 1208
244 1206
390 1206
606 1219
620 1208
1460 1207
53 1208
227 1209
279 1210
1075 1209
1569 1209
55 1211
88 1217
194 1212
454 1214
65 1220
161 1215
358 1215
1238 1221
1766 1214
188 1218
373 1217
391 1216
971 1217
988 1217
331 1220
350 1218
1267 1219
118 1224
488 1222
587 1225
1693 1225
200 1225
449 1225
685 1226
495 1227
