918 608
198 73
468 7
637 1
808 54
965 13
1025 5
1148 7
1218 1
1410 80
1366 0
1255 13
657 16
940 14
362 17
994 16
673 21
1033 22
1244 26
588 27
619 38
1301 30
823 37
1314 37
539 42
940 42
1217 42
379 44
1013 44
1130 57
583 47
1268 48
1305 49
790 52
412 55
550 57
1227 53
449 56
969 64
1041 60
1243 60
1255 64
1003 70
1079 69
420 75
397 76
789 73
898 77
352 80
485 80
656 80
1171 82
413 86
1188 86
986 94
787 98
480 94
390 98
476 101
666 110
822 100
1165 101
521 104
1253 103
648 115
1130 108
979 117
1155 114
479 118
1048 121
1169 120
1575 121
1179 122
541 126
982 126
526 135
679 137
511 141
1088 139
1183 140
1211 141
303 145
994 147
1117 153
1275 146
572 148
1014 150
1255 148
317 152
1216 149
1229 157
667 157
970 158
1165 168
591 162
712 162
867 157
908 152
923 155
1297 157
522 159
635 160
897 160
1325 159
499 164
882 163
917 164
835 170
996 165
690 169
1207 166
465 169
433 174
1204 181
1246 184
887 182
855 179
910 176
1363 177
937 181
1293 181
929 185
946 185
917 189
927 186
1214 188
500 191
605 189
835 190
1282 189
956 193
1151 190
1340 190
541 194
620 194
929 195
938 194
1012 197
1304 195
828 204
973 199
1095 199
871 200
966 202
1224 204
1298 203
752 209
1150 205
1311 206
918 206
920 207
935 208
1055 216
1326 209
522 210
886 209
902 209
978 219
1291 208
871 211
887 211
963 213
1005 218
1037 213
1136 214
1383 213
839 215
851 217
1237 217
860 219
1265 220
571 221
603 225
631 228
671 224
817 221
1332 222
1467 224
1511 225
805 244
411 232
997 232
1017 230
1276 234
377 233
904 266
1048 232
1195 253
1225 234
591 241
1038 238
1285 241
488 243
529 244
659 248
553 257
852 253
1021 254
293 254
1268 253
1446 272
1004 254
1260 257
1339 255
1007 257
1168 274
1028 284
1000 267
494 269
1006 269
1323 273
539 276
622 278
1503 282
1002 279
1347 279
733 285
835 281
944 294
1393 294
670 287
965 288
993 286
536 292
638 292
897 293
680 295
1227 293
979 297
577 298
930 299
1613 311
604 303
816 303
691 309
1010 305
1522 307
1309 308
647 315
1300 312
1169 314
918 334
1025 316
1284 316
529 320
757 321
890 323
505 321
964 322
348 325
841 322
906 326
1000 326
1007 330
555 331
1347 332
588 334
544 335
647 337
827 334
931 337
989 338
1243 334
969 340
693 342
722 347
858 343
1339 341
1023 343
534 344
603 347
1336 344
891 346
957 354
460 357
663 357
892 363
917 366
1060 363
1408 366
1190 365
1269 381
461 370
574 374
725 378
619 381
685 379
518 383
944 385
1028 386
297 389
757 386
760 387
930 389
982 388
995 389
1321 390
733 392
891 391
919 391
1038 391
1136 392
812 397
1202 395
690 397
850 402
969 394
477 401
945 401
1072 402
569 410
786 404
1050 406
1575 405
773 408
917 408
1280 408
758 411
979 410
1179 415
1299 428
880 416
1324 416
1478 416
643 416
1160 425
413 420
1118 429
493 423
652 429
787 426
1255 430
743 431
576 430
630 433
688 438
994 435
1246 433
811 446
1043 441
1220 437
1150 438
1412 551
903 443
890 446
1007 446
739 446
227 545
1049 450
328 455
883 458
1189 453
457 456
361 458
907 458
1220 457
1316 458
534 460
617 461
844 469
1001 462
1146 474
1201 461
427 464
461 465
493 463
631 464
649 476
1170 473
554 468
530 469
1353 469
755 472
823 471
1308 471
494 504
858 476
519 479
801 525
911 482
479 479
818 487
1066 485
552 486
983 499
368 490
204 493
306 494
791 497
847 492
1205 496
381 501
548 497
835 497
843 496
740 505
1296 500
823 500
827 502
1273 500
1307 505
779 504
935 515
1055 509
1097 507
858 508
1222 509
480 511
1186 512
1318 515
850 536
629 523
777 549
1246 530
901 569
821 527
1190 528
1206 527
710 538
866 529
998 529
528 538
820 548
1267 536
1007 538
1284 539
1196 543
517 546
1020 585
963 545
1329 546
486 549
1201 549
626 551
1094 552
482 558
498 581
546 557
973 556
995 565
1243 565
1276 566
1034 565
1195 561
631 563
452 567
528 571
1121 569
759 576
845 570
1324 571
641 576
606 579
793 583
1205 588
1072 576
569 587
986 605
816 583
1310 589
775 588
1287 586
1139 586
756 589
1171 588
391 592
645 591
1250 590
534 593
767 594
1070 597
410 598
616 600
783 605
1057 599
596 606
644 604
1056 602
944 604
663 609
1005 608
1222 607
499 614
926 608
1125 618
314 614
1060 627
1243 613
1323 615
684 621
742 616
761 616
876 618
1283 617
465 621
778 620
1519 623
777 622
1166 626
1191 630
1251 625
357 630
506 630
731 631
1000 633
1730 633
912 681
1019 636
584 639
1320 638
862 639
1018 639
773 648
1017 641
1032 642
1213 642
798 642
1326 644
595 646
982 645
999 651
1055 648
548 652
609 650
981 649
1729 654
1756 649
1304 651
797 655
973 661
1287 653
951 654
1052 654
250 657
517 658
1050 659
1274 659
1755 661
1064 666
715 669
994 669
1041 668
954 669
1234 669
564 672
1061 670
1542 672
475 673
1057 673
1733 675
992 674
1088 674
643 682
709 678
1255 677
1277 678
1289 676
979 692
1031 679
1081 679
684 680
1050 680
1048 683
855 687
1072 684
1838 684
966 688
1381 688
589 690
1002 690
334 693
997 715
1039 694
471 697
686 699
817 699
1037 699
1249 702
1322 701
1624 708
592 705
1466 716
799 705
312 708
342 710
1289 710
970 711
1049 713
1192 712
1410 716
592 717
753 719
963 720
1031 720
966 722
1065 724
888 729
1518 742
1086 730
498 729
552 730
338 732
1028 730
1324 745
971 743
1055 734
547 743
789 740
796 736
947 736
1175 736
1282 741
857 739
944 738
1213 744
942 742
1077 752
305 748
637 747
1022 753
938 749
554 753
648 761
736 753
1455 772
777 761
932 778
752 761
895 763
723 764
981 766
1057 762
702 767
762 764
1022 771
1111 768
1306 793
775 778
473 773
677 774
1396 775
349 778
603 778
825 781
582 780
966 813
1089 779
1076 781
1105 781
1217 780
1264 795
1108 782
1206 783
991 785
1053 784
515 787
684 793
796 787
707 791
741 792
1488 797
495 792
589 794
1172 793
788 795
800 794
1007 796
1038 794
1064 796
804 798
901 799
635 802
1051 803
1165 817
573 808
780 807
1208 807
1023 809
1247 810
769 815
1447 817
668 816
810 814
284 819
493 819
876 826
1227 823
830 825
1031 822
1033 823
1123 833
581 825
1016 877
666 830
719 835
742 830
818 843
1247 832
789 834
1023 836
1202 835
771 837
541 840
1079 839
1146 839
1077 847
1169 841
1268 840
1285 841
457 843
564 842
757 850
1255 843
1511 849
700 847
785 848
1234 846
918 870
986 852
1047 851
1146 851
1194 851
739 853
790 862
1201 854
952 855
1132 857
1128 859
1207 858
1126 860
1190 861
551 863
1293 864
1437 863
448 866
1113 865
1232 869
1165 871
796 873
1208 873
1212 872
271 876
324 875
375 877
566 884
1085 877
1181 899
1237 876
1310 887
1488 878
1515 876
707 882
1083 879
1228 882
707 921
800 885
1048 934
693 887
801 887
1038 887
244 890
848 892
802 891
233 893
584 902
804 895
1056 894
1088 894
942 905
807 903
1045 898
1089 898
1141 899
1280 900
1025 901
1433 900
1044 903
1750 906
302 907
837 907
452 911
672 909
1311 909
1510 911
739 910
813 914
919 943
1363 910
670 918
989 916
1304 916
163 918
558 920
644 919
963 919
1137 918
492 927
1131 922
839 924
845 931
1269 927
1023 928
1169 929
1171 930
1202 931
1427 931
799 934
863 935
1175 932
633 940
948 934
1022 934
1064 935
481 937
842 937
1061 939
828 939
764 942
866 941
836 945
293 946
781 945
1021 945
423 946
1279 956
1018 958
846 956
1686 956
851 962
937 1076
678 962
893 964
1144 960
1182 961
465 963
508 962
714 965
631 966
803 965
540 969
1518 975
1047 970
685 971
1000 971
1021 970
560 975
838 975
860 975
1111 975
1197 977
837 979
898 984
937 983
953 983
1018 984
1169 984
850 985
1291 987
1541 986
473 992
539 990
929 1006
867 994
999 994
1019 995
969 997
570 999
868 1000
1164 998
996 1000
886 1002
1007 1004
1022 1002
465 1005
1016 1007
578 1011
872 1011
711 1018
863 1013
1109 1015
771 1022
862 1020
464 1025
517 1019
751 1019
974 1019
1314 1023
1680 1019
249 1021
976 1021
501 1025
309 1026
863 1028
982 1028
994 1032
844 1028
810 1033
865 1033
1023 1033
741 1038
1002 1040
986 1044
581 1050
968 1047
414 1049
883 1049
916 1048
940 1052
953 1050
1635 1055
473 1065
1439 1064
498 1070
521 1073
313 1076
561 1079
552 1082
565 1081
1498 1080
185 1086
231 1086
532 1096
1735 1099
319 1102
375 1108
1541 1104
217 1111
331 1116
432 1114
486 1121
1299 1116
167 1118
1211 1118
1837 1119
515 1121
521 1128
1359 1128
268 1133
1758 1133
402 1134
463 1139
1347 1139
1068 1141
1354 1141
1628 1140
491 1144
987 1142
1652 1143
650 1146
778 1147
882 1147
1739 1146
1217 1151
639 1153
1234 1154
1455 1152
545 1154
870 1158
1031 1157
1241 1156
1333 1159
877 1162
967 1163
509 1164
647 1165
887 1168
351 1170
667 1172
743 1171
1243 1170
1278 1170
595 1173
970 1175
1728 1175
1071 1177
483 1182
758 1180
1558 1180
701 1184
999 1184
686 1186
1015 1186
439 1187
545 1189
883 1190
1249 1189
767 1192
14 1194
567 1195
569 1194
779 1196
1037 1194
1321 1195
991 1197
1329 1197
1546 1200
1527 1201
51 1203
1022 1206
757 1207
1332 1206
1518 1207
491 1210
713 1215
558 1216
1217 1217
1278 1216
631 1219
674 1219
497 1225
636 1226
1362 1227
