918 617
439 24
461 3
560 5
683 1
791 4
877 3
910 0
946 5
1079 26
1119 7
1177 14
1416 12
1466 1
1056 10
1342 45
753 44
1240 27
976 24
1021 28
1042 24
562 35
892 31
1108 32
1591 31
793 40
1135 37
1385 76
1456 37
683 45
973 52
1003 38
1015 38
1119 40
1544 44
1578 47
474 45
843 47
410 48
1097 50
1604 61
1297 67
858 57
1565 63
1057 67
484 67
1081 62
1423 73
882 62
1014 69
1120 66
853 67
993 68
957 77
1031 70
1122 73
1044 78
1633 78
1080 85
936 80
1322 87
500 88
996 80
1020 81
1115 81
1025 88
1101 88
1546 100
718 105
1042 136
1147 91
1502 97
1193 99
1444 99
1162 104
527 118
825 103
849 115
1006 106
1119 106
1132 111
441 120
789 111
954 110
928 114
1109 117
1075 117
483 122
988 121
1087 121
1575 133
1044 121
1121 127
1503 125
751 134
1106 123
1164 132
1524 132
692 145
1011 127
870 130
904 131
944 131
1231 137
947 133
976 139
908 135
950 135
554 143
923 138
959 145
796 141
1451 141
734 150
1085 152
907 147
430 156
719 155
955 155
877 165
1188 160
1372 162
1537 166
563 171
1251 172
683 170
786 190
1223 174
412 173
808 168
928 180
1054 172
1002 171
1328 176
991 174
613 185
852 181
1471 204
517 192
743 179
946 176
1502 194
494 183
943 255
1008 179
1051 178
1379 194
1080 181
1193 187
457 188
892 186
1551 190
1090 188
1126 188
738 210
824 199
1434 200
673 197
1035 197
938 200
1410 203
1066 206
1353 208
1527 218
931 209
443 218
1088 210
1583 223
545 217
1037 216
1062 214
1364 223
128 216
893 217
1130 221
1336 217
498 228
472 226
1088 223
1059 241
413 230
678 226
697 228
1115 229
1031 233
1093 231
1246 239
1404 232
927 233
587 242
771 236
333 236
861 237
1092 248
1379 252
687 247
1175 243
1206 251
1332 245
475 248
410 249
781 250
1027 252
1137 257
716 252
669 270
1348 258
1547 258
1079 287
527 281
1257 273
817 269
1041 267
772 280
1456 276
479 274
730 276
825 281
857 275
697 276
786 276
1037 274
1048 276
1494 277
1220 279
1552 280
1144 284
494 285
1309 282
1349 287
690 289
877 291
1541 292
1093 293
1379 293
989 294
450 297
484 297
994 297
648 317
851 300
1262 301
1304 303
411 303
861 305
708 306
735 317
828 303
1343 307
1363 305
817 309
850 319
796 315
820 314
945 315
1028 325
1059 317
1533 326
954 318
1374 322
593 324
931 320
934 323
1073 337
1146 336
791 326
1166 329
534 327
1438 341
518 330
569 329
668 332
1187 338
704 349
888 339
939 343
473 338
551 336
773 346
988 337
572 342
993 338
1010 340
1475 348
1348 344
996 345
667 348
912 347
1006 347
1040 346
1521 349
517 352
749 354
1026 352
1398 354
1546 359
436 355
482 359
914 355
1185 361
542 359
1002 367
1002 426
1251 361
1324 361
1611 357
784 360
1404 368
1339 362
467 367
766 364
851 366
960 365
1068 366
507 368
1311 368
733 372
907 371
408 376
1352 378
498 373
676 385
799 372
486 377
876 375
943 377
955 376
1476 376
703 376
883 387
913 383
1051 382
1450 381
852 385
535 390
836 391
1180 383
1316 383
766 394
972 385
1517 387
934 390
940 392
989 391
1412 398
1489 393
808 396
896 395
1044 393
1303 392
1314 392
1084 399
648 400
732 411
1059 400
889 402
1473 410
435 409
819 403
869 407
1045 403
1324 415
932 407
1449 410
691 408
1035 407
1169 410
1123 410
1208 413
891 429
931 418
1231 417
1294 423
446 425
801 419
685 427
795 426
1070 423
1376 425
525 425
1481 427
659 431
1309 427
929 443
1151 430
470 432
853 434
872 430
745 433
807 436
830 437
1461 440
1494 439
720 438
705 443
758 448
501 443
526 448
1403 446
665 446
868 449
1120 451
1137 465
1260 459
803 462
897 456
1052 455
1323 459
477 478
709 456
946 460
563 470
857 460
1188 465
442 464
878 460
1047 461
833 464
882 464
895 467
1348 477
1052 469
522 471
665 475
1029 480
1118 471
724 474
769 474
981 484
1050 477
1269 477
752 480
944 478
1442 482
534 494
764 483
1476 485
1109 486
872 493
440 490
640 490
1322 489
1645 488
1365 492
670 492
988 498
1005 496
357 495
836 495
920 494
1060 499
1183 495
132 497
736 500
1034 498
1264 499
935 498
887 500
1389 513
1111 503
1506 505
788 505
834 506
998 505
1289 508
433 512
606 509
719 513
1036 514
1424 511
917 509
1510 509
885 513
962 512
991 511
1461 513
691 516
754 516
910 513
926 513
1328 515
978 515
1024 517
1077 517
1100 522
1305 527
394 518
519 518
1076 521
1051 550
910 527
968 525
1253 525
1466 527
877 528
931 527
1032 528
1045 527
1119 532
689 531
1091 530
1343 536
734 534
792 534
984 541
7 535
886 536
1008 536
759 537
1037 538
645 540
908 539
799 542
1312 541
604 543
697 544
1103 543
150 545
1036 545
1084 544
450 552
485 547
1028 547
1267 547
750 555
725 552
990 551
1160 550
584 553
1020 552
1285 560
465 555
1208 554
1246 556
526 556
1405 558
923 560
971 559
1228 561
840 569
903 561
1070 563
649 573
1411 564
673 567
870 571
908 567
1000 567
1009 575
1035 567
1104 570
690 571
889 571
912 569
1252 574
1387 582
1448 573
1132 575
1188 572
1424 583
666 576
788 592
807 576
958 576
988 575
1183 574
548 586
1085 581
752 579
875 580
972 579
589 581
983 583
1221 583
1299 586
434 588
568 589
1033 585
1118 589
663 587
741 588
880 587
1187 591
1224 587
971 599
1013 589
1001 648
1169 591
1577 588
500 596
698 592
1765 590
924 592
1366 594
756 595
862 595
1068 595
1278 595
758 601
884 604
1318 601
408 602
1403 605
807 614
1220 604
1287 606
489 607
1797 607
404 608
588 611
731 608
861 609
1095 611
709 616
560 620
765 612
1157 615
770 631
790 614
1381 616
891 618
991 620
1233 616
493 619
666 618
934 619
1269 620
1457 619
949 746
1399 625
626 622
784 622
882 624
1420 627
436 631
796 625
1215 628
1296 626
881 641
1474 626
548 632
971 629
477 630
798 632
851 630
1021 630
1279 631
1372 651
686 637
702 634
956 633
316 635
833 635
450 636
664 636
457 640
543 648
825 666
1220 639
792 640
160 643
911 643
1354 644
413 645
865 658
659 649
794 648
939 655
515 655
777 651
971 650
1277 654
1409 655
455 659
719 658
1016 659
1312 658
1458 657
132 658
589 660
681 660
788 658
1058 661
1258 666
853 677
529 669
188 668
350 668
1444 670
443 673
490 678
967 675
564 675
808 674
1296 683
1382 676
522 681
671 677
1002 677
1269 677
1423 676
965 679
1328 683
1357 680
665 682
899 680
961 682
786 683
805 682
882 689
1208 686
1234 682
427 685
442 687
590 687
651 685
61 686
101 687
1188 686
526 696
623 692
852 690
955 690
460 693
506 699
587 695
637 705
951 694
1370 702
843 697
936 701
949 697
1201 698
877 698
970 707
1238 699
1307 713
1346 704
858 704
1165 703
1216 702
653 709
901 710
1272 708
385 710
677 710
1663 708
581 710
443 713
1170 715
1247 715
1261 713
421 717
1640 715
319 717
539 717
1652 716
666 719
1007 733
1394 719
358 721
438 720
561 720
580 720
690 720
1129 724
1469 720
596 722
1357 723
854 726
1190 724
1239 734
1283 726
675 728
938 727
953 727
1041 727
462 729
517 735
551 737
1192 728
1740 729
1345 734
1379 730
485 734
662 737
949 735
1200 735
1314 734
1768 732
420 734
584 741
1396 738
432 737
880 738
1153 739
387 739
541 740
1641 740
636 748
279 745
311 745
493 748
528 744
1271 744
1523 744
453 758
377 749
291 750
960 751
1391 751
1249 752
1263 754
1307 752
1309 753
1150 755
1532 755
1822 754
510 774
658 758
1227 757
1409 756
479 759
734 758
1592 759
544 761
681 763
1162 763
1231 761
693 766
744 763
1318 771
1670 763
425 765
647 765
1252 765
1276 764
154 767
484 767
263 768
662 768
633 771
753 770
756 771
1342 771
1376 771
410 774
574 772
704 774
1256 774
471 775
743 775
794 775
1119 780
1391 781
360 777
586 777
813 777
1138 777
1214 776
1242 781
561 779
707 778
1157 780
1265 781
1340 779
462 780
317 784
482 788
1187 786
574 787
836 784
1269 786
279 787
461 807
699 789
739 792
776 789
1349 788
1096 790
1166 790
1205 791
1290 790
1312 792
1564 791
150 792
686 795
856 794
1180 793
1431 792
327 794
504 795
597 794
670 795
753 795
1126 794
1265 801
95 797
651 796
823 798
1156 797
1476 796
1111 802
1196 799
1350 800
377 801
127 803
510 804
561 802
699 825
280 804
440 806
783 805
1158 806
1279 812
530 807
579 807
664 806
779 807
1792 807
723 808
1177 809
1269 808
1397 809
494 812
553 810
845 813
175 812
516 813
559 812
572 813
652 819
1306 816
204 815
859 814
1151 817
1652 815
560 817
738 821
1102 819
1354 820
879 818
1138 821
1337 820
282 820
414 820
634 821
1835 821
670 823
1343 825
1801 822
247 826
444 825
493 829
782 826
1236 826
1573 825
509 827
571 827
575 826
838 828
1144 827
1193 827
1449 826
1210 830
1297 828
84 830
333 831
401 831
441 835
940 830
1728 830
40 832
469 839
521 833
547 834
651 833
672 833
1183 832
1269 832
599 835
1365 835
278 836
786 837
1264 836
1286 837
1362 836
1524 837
522 839
669 839
845 838
1307 850
1829 839
311 840
367 841
483 840
579 844
850 843
1423 843
416 849
524 842
654 842
732 847
817 844
1129 842
1218 845
1260 842
1826 842
218 845
507 844
720 844
959 844
1283 849
1372 845
244 846
498 850
663 847
694 847
967 852
1140 852
1195 847
1257 846
210 851
460 849
620 858
708 848
1052 849
556 853
707 851
1207 850
1441 851
512 853
696 853
796 856
821 855
1193 853
1348 852
1509 852
483 857
592 855
765 854
451 857
469 856
573 857
576 856
1122 857
1333 857
233 859
321 859
372 860
147 862
218 862
528 867
648 865
691 864
815 863
1254 862
1355 863
1366 862
393 865
491 868
847 864
349 866
1068 870
426 869
729 872
1336 868
1441 868
1516 869
231 870
752 872
770 871
947 871
964 870
1319 870
468 874
1277 873
555 879
630 877
693 885
1182 875
187 878
258 877
433 876
516 877
934 877
1214 878
652 886
1027 879
1060 880
1266 884
331 881
436 881
482 881
503 881
599 880
727 880
1172 881
1247 898
1619 881
967 882
1393 883
1500 883
621 885
839 885
1444 884
1455 884
1604 887
275 887
353 887
534 895
678 889
733 889
948 887
1083 888
1786 886
456 890
497 888
1102 890
1263 888
1391 890
336 891
550 891
632 891
857 890
929 891
1320 890
1337 890
407 892
605 896
665 892
807 894
1017 893
1224 892
1333 894
931 894
1304 896
1548 894
315 897
780 896
958 899
979 897
1063 899
1089 897
1146 900
1231 896
1262 897
319 898
349 898
414 898
462 899
1164 899
1620 898
298 901
475 900
561 900
578 900
1259 900
1272 901
48 902
341 903
434 904
525 903
682 903
726 903
970 904
1129 912
1407 903
1505 903
1650 903
480 911
576 904
655 905
1199 910
1297 906
1417 905
1488 905
1758 906
394 907
528 908
547 907
645 907
816 906
1314 908
374 909
451 915
615 912
688 914
1220 909
1683 908
66 911
224 912
396 910
507 916
1469 910
243 912
595 914
654 923
791 912
1055 914
1187 913
1288 913
1753 913
237 915
951 923
1244 922
1316 915
1707 915
335 921
490 917
530 916
581 916
727 917
1184 916
1690 917
1793 916
127 918
176 919
296 918
555 922
805 918
1044 918
1169 920
356 920
493 921
1278 921
619 922
1808 924
680 927
825 925
1177 925
1440 925
462 930
728 929
1489 926
1548 927
84 928
293 928
631 929
765 930
1485 928
1566 929
1715 930
546 931
810 932
1221 932
1463 931
1545 930
1611 931
369 933
512 932
533 933
602 933
910 932
985 940
1099 933
1125 932
1270 933
519 936
604 935
663 939
693 934
792 935
1162 934
1229 937
1305 939
3 939
455 939
1695 937
1730 938
1746 936
486 951
527 939
709 939
957 939
1291 939
637 941
643 940
684 940
1188 941
1447 940
355 942
618 946
1244 942
1317 943
262 945
319 944
594 946
921 945
946 947
1082 946
1126 945
1172 945
1482 945
528 950
865 946
1183 947
1238 947
1280 946
1412 947
1424 947
109 948
715 949
1201 949
1222 953
1565 948
1647 949
63 953
683 954
1300 953
1527 951
422 954
597 960
1078 954
1184 955
1285 952
1167 955
362 958
648 957
698 962
1142 958
1435 958
402 959
629 959
662 962
920 958
1489 958
1787 959
192 961
291 960
358 961
381 961
911 962
1043 962
1146 962
400 963
577 965
650 962
678 967
717 963
777 963
792 964
1108 963
1114 962
1460 963
1538 962
225 964
347 964
763 965
852 965
1192 965
1485 966
1827 965
89 966
162 968
398 966
472 971
544 966
635 966
924 970
1058 967
1071 966
1154 974
1515 966
1518 967
495 968
526 981
542 969
1381 969
1432 968
200 974
277 970
1170 971
1459 971
1474 970
1478 972
1642 970
264 972
1227 974
46 975
376 976
439 978
912 974
1080 974
112 977
249 977
427 976
507 977
586 982
607 977
639 977
798 976
967 979
1089 977
1215 977
1562 978
381 978
509 979
558 979
661 980
800 979
1114 978
1175 979
1298 979
123 981
628 983
755 981
949 981
1205 981
196 982
840 984
937 986
1021 984
1252 983
1281 984
469 989
601 985
657 985
684 984
974 987
1315 985
1514 985
420 986
554 986
599 993
622 987
993 987
1029 990
1120 987
1245 990
1359 986
1662 988
41 988
643 995
1010 990
1459 992
287 992
663 991
812 991
1218 992
1295 991
487 992
496 996
695 992
1070 995
1133 992
1158 992
1300 993
448 995
536 1001
779 995
1239 995
71 1002
199 998
511 997
558 998
726 997
951 996
967 996
1117 997
1169 1004
1281 997
227 998
280 998
437 999
914 998
933 999
136 1001
578 1000
666 1000
1063 1001
1151 1007
1565 1001
260 1005
725 1002
822 1004
1110 1002
1196 1006
1304 1004
1603 1002
275 1010
464 1005
580 1004
650 1006
695 1004
747 1006
1097 1010
1223 1007
1263 1006
89 1006
683 1007
925 1007
582 1009
622 1008
903 1008
1662 1008
400 1011
502 1011
753 1010
974 1010
1198 1011
1408 1011
1439 1011
1644 1011
234 1012
658 1012
676 1023
866 1014
1203 1014
1254 1012
1765 1012
317 1015
422 1015
438 1015
521 1014
549 1016
938 1016
1488 1014
1567 1014
146 1017
344 1016
346 1017
476 1017
633 1028
919 1017
1219 1017
1272 1018
888 1019
926 1022
1145 1021
1252 1020
395 1021
408 1021
455 1021
468 1021
526 1021
605 1023
769 1021
1210 1021
1582 1023
313 1022
364 1023
431 1022
665 1023
946 1023
1067 1022
1134 1023
239 1025
328 1028
575 1028
722 1025
759 1026
802 1024
1042 1026
422 1027
460 1026
492 1027
727 1027
804 1027
897 1027
1080 1027
1201 1027
1283 1026
251 1028
289 1029
434 1036
484 1035
621 1032
660 1028
949 1029
1184 1029
1322 1029
1402 1029
1774 1029
764 1031
1107 1030
1170 1030
1251 1035
379 1034
522 1032
580 1033
601 1033
1614 1033
1685 1034
39 1034
530 1034
1291 1034
1494 1035
1542 1034
103 1038
579 1045
596 1036
706 1037
974 1037
1130 1037
1287 1037
0 1039
562 1040
721 1039
1051 1039
1206 1040
191 1040
371 1047
444 1044
507 1040
913 1040
1263 1040
1361 1041
1647 1041
942 1044
1014 1043
1096 1042
1185 1043
1196 1043
1224 1047
1246 1043
1446 1043
931 1047
962 1044
1163 1053
60 1047
328 1049
597 1046
738 1046
793 1046
1147 1046
1214 1047
1235 1046
1571 1047
1735 1046
1794 1048
309 1048
313 1049
409 1050
523 1048
603 1049
1053 1050
1606 1049
10 1050
478 1055
529 1051
647 1050
684 1054
1294 1050
1443 1051
341 1053
452 1052
620 1052
706 1057
926 1053
1204 1052
1783 1056
761 1055
1138 1054
1182 1057
1196 1056
1229 1054
1267 1055
1286 1055
1452 1055
1715 1057
296 1057
631 1057
756 1057
852 1057
983 1056
1022 1064
1061 1057
1109 1057
1424 1057
289 1059
532 1059
977 1058
1315 1062
1729 1060
97 1062
554 1062
674 1060
784 1061
924 1066
1208 1063
1240 1061
72 1068
394 1063
513 1063
527 1062
1082 1062
1158 1064
160 1065
495 1065
621 1064
1055 1066
1393 1065
1681 1064
50 1067
325 1067
558 1067
807 1070
1576 1066
581 1068
670 1070
902 1068
980 1069
1165 1070
1203 1069
1219 1068
1419 1069
46 1071
108 1070
162 1071
270 1070
444 1072
464 1071
632 1070
700 1070
770 1071
869 1071
1037 1071
1223 1071
1401 1070
1700 1071
691 1074
1609 1072
148 1074
573 1075
901 1074
943 1074
1191 1075
1299 1075
482 1076
548 1079
920 1076
1064 1077
1122 1081
1582 1077
1658 1076
198 1078
395 1078
594 1082
757 1085
936 1079
993 1079
1092 1080
680 1081
1107 1080
1575 1080
1702 1081
1767 1080
104 1083
121 1083
248 1083
298 1084
556 1082
609 1084
694 1083
1290 1083
544 1086
576 1089
628 1085
1162 1084
1224 1084
1439 1085
1533 1084
382 1088
466 1088
646 1087
728 1088
876 1086
1095 1086
1247 1087
1575 1092
1786 1087
481 1089
798 1089
920 1089
1152 1088
80 1090
271 1091
318 1092
485 1090
740 1091
887 1091
1272 1090
680 1092
912 1095
932 1093
1518 1093
1634 1093
183 1095
206 1094
516 1096
622 1094
653 1095
710 1094
829 1094
851 1094
1233 1095
1244 1094
1745 1095
1826 1094
149 1097
560 1097
667 1097
700 1096
1108 1096
1201 1097
1306 1097
298 1098
528 1103
590 1098
745 1099
771 1099
819 1099
1153 1098
1385 1098
1553 1099
34 1100
154 1100
439 1100
600 1101
648 1101
1586 1101
125 1103
459 1103
844 1103
1242 1102
355 1105
637 1105
712 1105
1062 1105
1101 1105
1170 1105
1217 1105
323 1109
519 1111
698 1107
1231 1107
226 1108
364 1110
549 1110
1377 1110
1394 1108
384 1111
533 1110
692 1114
911 1113
928 1111
1012 1111
1178 1113
44 1113
118 1112
563 1112
586 1113
599 1116
708 1113
816 1112
882 1112
897 1113
1108 1116
1452 1113
1774 1114
11 1118
40 1114
85 1115
447 1114
544 1115
757 1115
1238 1118
1298 1115
1386 1115
1441 1114
1554 1119
1723 1114
256 1118
522 1116
569 1120
768 1116
1022 1117
1077 1117
1088 1117
1174 1117
1516 1117
370 1118
496 1119
744 1120
851 1118
1102 1122
1258 1119
101 1122
174 1121
474 1128
644 1120
826 1120
1087 1120
1125 1123
1196 1120
1256 1121
1281 1121
669 1126
1050 1123
1141 1122
1210 1123
1301 1122
709 1127
810 1124
863 1124
1071 1124
1669 1125
133 1127
261 1131
577 1126
930 1128
1001 1127
1081 1126
1291 1129
1351 1126
342 1129
829 1129
1062 1128
1075 1128
1130 1128
1224 1129
1406 1129
242 1130
703 1130
802 1133
1361 1130
1584 1132
1680 1131
379 1133
562 1132
742 1132
827 1132
929 1133
942 1133
997 1133
1316 1132
1409 1135
9 1135
192 1138
295 1136
566 1136
641 1135
1160 1134
1179 1134
1765 1134
310 1136
618 1140
653 1136
713 1138
974 1136
1023 1136
1121 1136
1368 1136
1451 1140
151 1140
584 1140
857 1139
970 1139
1214 1139
1243 1139
254 1141
359 1141
692 1141
740 1142
889 1144
1187 1140
211 1143
240 1143
251 1142
468 1142
482 1146
1164 1142
1391 1148
1433 1142
403 1145
722 1149
900 1144
922 1146
1027 1146
1401 1145
1504 1145
1534 1144
233 1147
549 1147
625 1146
656 1147
687 1147
708 1147
734 1146
801 1146
959 1146
1037 1149
1141 1147
1222 1147
1484 1147
230 1150
379 1149
436 1149
565 1151
789 1148
824 1149
870 1149
907 1149
1005 1153
1727 1149
684 1151
1236 1150
1284 1150
1648 1150
205 1153
226 1152
776 1153
947 1152
1100 1153
1128 1152
1166 1156
1457 1155
1757 1152
43 1156
256 1155
367 1154
371 1156
495 1154
642 1154
823 1166
868 1154
1014 1154
1052 1155
1153 1158
1277 1155
1724 1156
223 1157
319 1157
345 1157
415 1158
462 1157
905 1156
954 1157
1036 1158
1090 1158
1103 1159
1242 1156
1329 1157
1368 1157
504 1161
609 1160
1074 1158
1266 1159
680 1161
706 1161
941 1160
1174 1160
1187 1160
1334 1161
106 1163
400 1163
764 1163
783 1163
812 1163
919 1171
1262 1162
1609 1166
1740 1164
55 1164
91 1167
279 1165
581 1165
596 1164
635 1165
871 1164
894 1165
936 1165
1208 1166
1295 1171
1296 1164
1488 1167
225 1167
468 1167
682 1167
847 1167
898 1168
1118 1167
1249 1167
1425 1166
700 1168
1213 1169
1667 1168
369 1171
498 1172
653 1171
858 1171
983 1171
1005 1170
1222 1171
47 1172
301 1172
479 1173
514 1173
585 1173
776 1172
816 1173
852 1173
645 1174
1140 1174
1440 1174
1549 1175
357 1177
556 1176
658 1180
744 1176
1194 1178
1224 1176
1248 1176
1323 1177
1328 1176
1367 1177
1839 1176
127 1179
242 1180
274 1180
733 1179
1016 1179
1158 1178
1235 1179
543 1181
785 1180
890 1181
1078 1181
1133 1181
1272 1183
1419 1181
211 1183
291 1183
530 1182
580 1185
760 1184
864 1183
948 1183
968 1182
1177 1182
1179 1183
1389 1182
289 1184
529 1184
550 1187
689 1186
848 1184
1081 1185
1340 1185
1625 1184
1369 1187
425 1188
632 1189
690 1189
859 1188
952 1189
1012 1188
1084 1189
1139 1189
1338 1188
45 1193
58 1191
801 1191
813 1191
915 1190
1164 1191
1185 1190
1333 1190
1803 1191
99 1192
158 1197
623 1192
741 1192
923 1192
1007 1194
1041 1193
1592 1192
484 1194
564 1200
790 1195
820 1195
960 1194
1048 1194
1070 1194
1175 1194
1206 1194
536 1197
1127 1196
1135 1197
1518 1196
41 1199
424 1199
836 1198
841 1199
880 1199
947 1199
995 1199
1056 1198
1094 1199
1223 1198
1250 1198
1417 1198
183 1200
436 1201
478 1201
501 1201
637 1202
1013 1200
1288 1201
472 1202
867 1203
917 1203
1063 1203
1249 1203
1315 1202
1511 1202
34 1205
237 1204
349 1206
465 1209
577 1210
854 1214
882 1205
932 1205
1322 1205
1533 1204
150 1206
981 1206
1044 1206
304 1209
717 1212
834 1208
1273 1208
1331 1209
1557 1209
494 1211
872 1210
891 1210
911 1211
973 1212
1045 1211
1303 1210
299 1216
491 1212
591 1215
702 1213
743 1220
814 1212
949 1213
1089 1213
1184 1212
130 1215
424 1217
538 1214
790 1216
928 1215
943 1214
1271 1214
403 1219
505 1217
520 1216
670 1217
985 1220
1021 1217
1194 1216
1318 1222
1690 1217
890 1218
919 1219
454 1225
763 1220
954 1224
1125 1220
1824 1221
285 1225
500 1225
836 1222
1016 1222
1110 1225
1428 1225
1830 1225
547 1226
643 1226
869 1225
1352 1226
898 1227
922 1226
1206 1226
1577 1226
