903 629
403 3
477 25
555 52
698 0
778 13
820 3
838 3
875 5
1354 109
1219 37
1471 7
735 27
855 35
812 29
682 105
819 61
757 54
632 57
601 57
784 64
735 138
850 113
901 74
1300 70
798 76
1338 74
971 82
922 92
824 97
947 101
964 100
879 102
788 156
1164 115
1587 118
1199 126
46 310
867 135
644 143
895 161
1170 148
822 182
1110 147
1141 156
1837 172
977 175
942 185
677 179
1603 182
993 307
1023 194
878 190
1674 245
866 228
512 197
909 247
1488 206
972 200
557 201
1526 215
609 217
1025 215
851 217
1085 355
656 230
816 234
780 231
703 237
842 252
733 252
1522 269
1447 241
1264 242
1228 243
529 249
1477 269
1457 270
443 416
1326 260
1345 262
382 264
678 272
1202 278
1410 267
795 273
814 275
537 274
1159 273
1357 299
1292 284
846 282
436 283
948 283
1320 317
442 285
448 287
457 290
782 297
1265 290
840 299
887 307
481 299
1253 306
816 307
1684 302
870 317
509 310
673 314
952 317
1202 372
1284 314
514 312
785 320
809 325
618 329
1240 335
1436 339
1395 343
1261 334
672 337
648 343
755 342
789 341
835 342
886 348
811 353
919 356
954 354
906 372
654 372
668 367
728 499
748 371
1272 378
1440 371
81 381
823 384
861 390
654 405
919 402
796 412
835 412
888 411
541 418
1023 423
890 473
604 436
715 439
1261 434
1303 443
924 437
507 443
649 442
860 440
1011 442
1028 453
826 451
1227 450
785 458
1003 585
1049 464
1128 466
944 472
1028 475
1200 490
840 477
1056 501
673 482
508 481
820 487
512 482
945 489
981 489
1660 501
799 491
1539 500
642 498
596 503
1147 500
1229 502
1496 504
901 508
921 501
616 524
1476 507
565 513
924 509
936 525
915 516
884 539
1209 522
637 533
708 526
712 527
716 528
1142 531
972 534
867 534
1048 590
538 541
1173 539
805 546
837 553
863 539
942 554
512 552
1214 544
570 552
964 549
789 556
971 551
1369 550
1126 553
866 561
886 562
973 563
1146 567
596 567
925 566
1134 578
883 570
936 578
869 572
904 572
947 572
964 572
967 575
982 579
1353 622
497 584
881 582
1243 592
610 588
961 595
1151 586
1522 613
651 588
912 585
1116 585
895 591
949 591
920 644
926 590
933 591
1125 594
1105 623
1567 603
900 596
1211 597
775 623
913 600
926 602
611 614
656 605
808 608
1058 610
968 610
547 614
898 613
1148 617
1237 619
908 621
1181 629
641 727
631 644
980 629
1222 630
458 633
582 644
874 634
1213 642
1269 640
529 644
715 646
1121 651
885 646
879 651
602 659
941 652
1136 655
1518 672
860 665
1355 669
731 664
1188 673
666 668
1212 665
1064 691
1123 692
1551 692
723 690
599 694
681 698
964 692
1251 698
1372 709
1221 715
1032 739
776 716
1000 712
757 725
430 798
1004 717
1115 733
947 719
946 882
1186 727
1013 723
1076 725
578 731
487 731
1243 727
999 727
703 739
509 743
718 765
1137 740
674 749
821 875
1232 743
608 743
898 740
1449 750
1077 753
843 744
0 746
616 754
844 748
1254 750
845 751
1152 759
1379 757
1234 757
850 770
1396 766
1228 773
1264 791
607 781
534 790
889 785
1080 792
491 794
1132 799
1224 793
786 815
507 801
762 802
1061 804
1111 801
1346 809
1421 805
520 803
722 815
1088 808
1099 811
1404 813
1035 813
486 820
610 825
1167 826
1224 844
872 825
1196 834
1050 829
1158 840
555 837
874 830
875 832
622 841
722 851
1132 840
1028 841
1100 851
1027 844
1259 860
784 851
646 857
1145 860
1180 854
859 921
670 862
554 873
783 861
1066 877
1117 862
732 874
780 875
1135 898
629 885
1455 893
1170 891
715 893
781 890
736 901
1158 896
618 902
1203 899
455 903
675 902
500 905
1149 903
1216 904
767 909
629 921
1194 920
1476 925
1050 915
425 920
1506 922
566 921
1211 922
535 929
702 928
517 942
1537 948
643 947
786 953
563 949
1018 950
1123 948
608 958
1146 954
695 961
591 958
716 960
1105 959
1117 966
477 968
1142 981
1087 970
790 983
506 978
869 987
977 979
630 978
998 978
1187 977
1078 977
1203 982
525 989
569 992
1126 993
596 1001
1099 992
1164 998
1385 996
1408 996
1401 1002
764 1011
874 1016
1445 1007
611 1014
468 1017
685 1015
1074 1018
1142 1026
1165 1025
574 1028
955 1146
660 1030
880 1046
456 1036
1093 1039
627 1038
861 1041
507 1039
1028 1048
1498 1056
1054 1045
1221 1049
1134 1050
1082 1060
1233 1058
267 1058
1456 1072
488 1061
855 1068
909 1060
1038 1079
561 1078
1092 1078
540 1078
575 1081
1283 1078
615 1090
890 1096
949 1085
808 1094
906 1097
1277 1091
1580 1099
962 1099
848 1097
937 1096
1060 1100
1046 1106
460 1114
992 1116
861 1118
880 1121
945 1128
28 1124
1228 1131
496 1135
630 1135
516 1137
524 1145
658 1146
534 1152
1589 1150
1342 1159
630 1164
1216 1167
494 1168
539 1171
609 1171
1330 1169
416 1178
695 1186
1215 1183
1516 1187
597 1186
1356 1184
1837 1186
655 1195
1213 1190
1408 1196
454 1201
94 1198
544 1198
1609 1199
1306 1203
1489 1208
1116 1204
1164 1207
634 1208
403 1210
1280 1209
1111 1214
389 1216
1454 1223
233 1226
1241 1226
