912 615
985 10
1109 0
1264 2
1324 1
1733 29
1306 10
1113 16
1508 28
1557 31
1099 24
585 31
850 35
1259 34
811 31
1207 28
1589 76
948 40
1083 41
1006 46
727 51
1096 56
1070 60
750 77
770 65
917 67
640 76
592 76
855 70
1070 75
1137 86
1217 118
1162 112
629 87
832 111
1096 91
1071 119
589 96
304 100
767 102
914 107
1271 101
1752 109
1306 103
650 130
1134 119
772 121
599 124
1264 125
1323 128
888 135
1245 130
790 136
1463 143
722 153
761 143
351 150
956 151
648 164
823 177
1461 185
1091 203
1107 180
1796 187
957 198
326 195
683 201
635 200
906 208
1007 205
217 211
1204 211
1555 212
611 215
1540 212
1771 245
1826 251
1264 221
1544 240
1202 239
1072 269
642 251
1005 256
1277 257
1106 260
1193 256
1613 276
974 289
926 280
776 278
1560 338
805 323
607 306
1364 312
1061 334
501 314
1318 313
377 316
664 316
908 344
1229 324
1274 331
1628 331
484 329
316 335
487 330
1769 342
1651 336
748 346
477 350
418 355
975 361
1267 353
1312 380
1342 358
332 359
1165 367
818 385
879 389
686 395
1654 401
1065 412
901 407
1285 404
1013 435
495 417
775 419
1297 433
1392 449
1213 441
737 438
802 458
1463 451
1045 447
1132 469
590 468
773 470
781 477
1538 478
1021 493
946 498
1423 528
1115 510
811 507
768 514
1376 520
809 520
912 530
791 543
849 542
1033 552
1043 570
1237 566
1834 586
223 566
966 579
786 582
1291 600
1025 585
740 592
1229 601
852 617
1357 623
1461 624
929 636
749 623
1131 625
1102 626
1024 635
1426 652
1301 652
978 665
896 659
1331 665
836 678
873 685
924 688
1628 693
526 705
1593 708
1100 718
224 714
1213 719
929 722
716 719
1185 742
627 749
770 758
370 769
1001 777
850 791
1644 830
712 823
865 822
1092 836
900 836
1028 846
897 842
714 853
1837 849
861 856
981 860
1244 885
972 881
978 914
597 933
603 936
611 939
651 944
914 961
917 963
1021 982
767 972
768 975
1061 975
811 994
554 1000
1024 1000
539 1002
781 1071
1097 1009
526 1010
1037 1017
1019 1042
1010 1075
853 1086
1013 1086
1237 1094
743 1098
766 1100
984 1100
789 1103
796 1104
658 1107
174 1123
328 1190
