909 615
137 9
419 2
672 25
933 10
1113 10
1320 5
1340 0
1533 0
1007 14
1399 11
432 12
1186 24
1443 13
263 29
981 20
1336 21
1474 27
968 39
1131 34
542 34
1394 32
487 54
609 42
995 40
1375 37
1633 39
380 62
721 45
1477 48
700 57
796 60
1161 71
1325 56
1584 62
1391 57
1681 107
440 66
577 63
1279 61
1802 99
713 96
991 69
1537 68
238 74
1344 79
259 114
237 79
1317 84
1077 86
1423 86
503 87
551 86
1379 88
552 89
374 109
1262 99
986 101
338 105
1143 121
588 113
1472 112
674 129
1099 117
741 127
1401 121
1296 122
495 133
1564 184
1518 132
699 148
524 137
1290 145
1394 138
1490 141
974 150
1360 146
1834 156
840 152
914 171
1258 181
1225 165
536 169
744 170
990 165
1137 170
818 178
1498 178
609 184
406 186
425 185
1299 188
1362 185
661 200
964 189
789 200
20 194
975 195
816 201
1366 219
614 202
1126 213
1427 203
234 208
1446 210
697 216
719 259
939 235
999 222
1450 235
542 221
1269 228
1073 234
442 231
564 243
753 237
1635 248
1137 247
592 237
1227 238
1690 242
668 250
1528 248
1828 277
1169 265
547 251
1489 272
411 255
1102 253
384 257
994 256
450 266
500 255
1242 260
1301 259
227 272
320 271
599 263
1099 263
431 272
768 277
983 284
819 268
1373 270
1110 282
1134 271
1384 273
1586 293
560 280
537 279
1229 289
1442 281
1083 297
576 287
601 286
1251 295
1772 292
1361 285
655 298
1007 295
794 299
1346 301
1323 298
426 299
1059 299
1125 305
278 324
355 317
538 306
1372 310
699 310
821 314
1178 310
1286 311
1747 320
1361 314
1396 312
1419 334
666 317
707 329
996 319
647 336
832 319
729 328
1382 322
561 325
1099 326
822 329
989 329
1101 329
1188 329
1350 335
1124 333
1146 338
588 335
810 344
1064 335
445 337
1170 373
441 338
496 341
570 342
1103 354
821 340
837 347
854 343
1340 343
1479 357
1575 342
799 347
921 348
935 350
791 351
801 350
1035 350
1192 350
1262 354
609 352
681 353
1326 358
454 356
860 354
1239 358
1359 358
1377 386
822 358
1272 360
922 359
413 364
589 372
283 362
784 377
1813 365
528 364
1752 378
684 366
878 366
985 367
1837 379
688 369
873 369
418 371
472 370
844 372
934 373
524 372
551 373
1287 399
1321 375
611 381
637 384
812 377
859 396
416 385
668 378
880 379
1053 383
824 380
836 381
874 382
1264 383
733 382
1104 382
476 384
524 388
670 387
762 388
882 394
1311 390
556 395
972 392
1188 430
1474 392
443 402
800 394
726 406
819 400
597 399
838 398
525 404
589 401
830 402
1014 403
1263 400
487 402
697 411
841 402
635 405
651 404
654 405
889 405
1070 406
1120 408
317 407
807 417
1308 406
658 409
756 414
783 408
1092 408
771 411
952 413
606 414
839 414
851 414
888 417
979 429
788 418
876 419
1090 436
1343 423
643 420
1057 420
7 423
615 422
829 430
1077 422
1279 425
533 424
635 425
715 435
1292 424
1305 425
616 428
854 428
1321 426
909 434
1266 428
735 435
784 430
885 431
1253 431
1337 435
1439 433
1709 437
669 433
869 432
795 434
956 434
1059 435
413 438
817 437
1023 437
265 446
537 439
780 438
792 439
964 440
1159 447
1829 451
789 441
877 441
1368 442
536 443
1031 444
1579 443
1655 443
576 445
801 448
856 444
922 444
1451 448
776 447
837 447
1269 451
465 456
490 451
852 451
1793 472
785 452
939 453
1365 452
1717 481
1318 454
795 457
849 458
777 459
919 469
888 467
1417 463
734 464
984 466
1218 467
1252 464
1263 464
241 468
271 466
857 466
836 469
1463 494
235 473
458 478
1144 474
1429 480
272 483
806 476
994 476
1247 478
627 482
693 479
795 484
1826 479
382 481
849 485
1152 500
1499 485
506 498
817 501
883 487
936 489
1498 487
1041 492
1191 488
1224 504
1629 493
1750 507
1110 491
1170 493
742 492
1273 508
1321 497
776 503
1124 497
1395 494
1803 494
1258 498
886 510
952 503
383 502
796 502
1785 505
1626 506
281 520
362 516
444 510
698 521
972 512
803 511
1610 511
1834 535
990 513
1091 512
1356 512
651 515
525 517
795 520
1127 516
1292 523
1391 532
546 519
578 532
1120 522
1162 521
549 520
747 527
721 533
1073 525
461 529
1080 532
1596 527
1624 548
413 528
1673 534
852 584
999 530
1183 530
1208 540
1251 530
791 533
1336 550
309 541
1304 538
1437 537
527 543
631 547
989 539
1014 540
1149 539
1095 540
683 546
472 545
928 545
1417 554
1159 546
1273 548
1727 546
1768 546
10 549
1071 549
1172 550
1007 551
1133 550
1284 550
553 566
1671 553
1749 552
107 554
343 559
506 555
971 555
1676 555
1215 559
527 560
1244 559
1711 558
970 561
1137 562
1159 561
1179 560
619 564
728 569
1035 563
1087 564
1656 572
1780 562
286 573
763 567
974 565
1812 573
935 567
1063 567
1152 567
1182 566
1474 566
536 568
1147 569
412 571
767 570
1009 570
1375 571
1687 571
603 573
739 591
1135 574
1254 573
209 575
900 574
1198 574
1317 610
516 580
604 581
1050 582
1141 583
1227 585
1266 589
1372 580
1422 585
1455 581
768 590
1007 585
1746 583
339 584
419 588
490 587
1464 589
1606 584
980 589
1409 587
526 589
1089 590
449 599
471 590
504 590
806 593
1245 593
1610 591
30 593
1120 595
1737 593
580 594
1220 595
665 597
1010 596
957 600
1128 614
1393 598
467 601
1704 604
348 603
530 603
1088 606
1224 609
1404 603
1575 603
1778 603
465 604
1066 605
1509 604
489 606
1201 608
35 608
744 608
1040 608
1529 625
1665 614
477 612
1007 611
1413 610
510 612
968 613
1044 613
291 623
774 615
1092 614
1190 620
1776 614
869 618
193 618
973 623
1218 621
1276 620
12 620
1019 621
1433 621
1481 620
1592 635
789 623
1091 623
1559 623
1774 622
314 625
886 630
691 630
947 629
1216 627
447 628
1023 628
1045 631
1210 629
1213 628
1804 628
1819 629
487 634
615 631
1100 638
307 633
1458 633
825 642
1238 637
542 637
1647 636
1836 636
581 639
795 654
1160 645
502 641
981 644
1035 642
1122 641
1663 641
1685 641
363 643
933 644
1288 642
1749 666
1223 648
1258 651
1357 644
1381 645
1824 647
443 649
522 650
1293 649
290 651
472 651
1043 651
1447 652
713 662
851 661
1102 673
1596 661
377 660
507 655
529 655
547 655
1142 654
1322 655
744 663
1013 658
1059 657
1466 657
908 659
1207 661
1242 658
542 661
1034 661
1185 661
1275 665
1362 660
353 663
560 662
664 663
949 664
1170 663
641 670
1063 666
1369 669
71 667
472 667
813 669
1077 667
1154 666
273 669
534 668
966 670
1144 669
300 674
540 671
601 677
940 671
1016 671
1529 685
1693 670
1182 673
1198 674
1237 672
1280 673
1563 677
1695 673
449 676
522 675
549 674
1339 675
1820 676
49 677
730 685
1035 678
1189 677
1725 676
501 678
1236 687
1353 679
827 683
984 680
1059 681
1077 681
1419 680
645 682
1382 686
618 688
790 687
1446 684
174 687
431 692
962 686
1117 686
1186 686
1292 686
1347 687
544 694
1000 692
1371 688
1657 689
1831 689
307 691
554 690
1049 691
1443 690
1132 703
1269 695
1469 694
902 699
95 698
1033 699
1427 700
1494 699
1838 698
297 704
513 702
653 701
1178 701
1198 702
1254 700
40 702
456 726
1234 707
1408 702
211 704
1411 704
1749 704
1818 728
672 707
721 712
906 708
1064 708
1108 710
1371 707
1399 706
1692 715
521 709
941 709
1189 709
1306 710
419 711
596 713
665 710
746 715
855 838
1732 710
494 716
534 715
1146 713
1158 729
1274 720
912 717
944 722
1749 742
433 718
586 720
1219 720
1517 718
1566 718
1623 721
424 726
1126 726
1193 722
1366 728
1396 723
999 726
1385 724
307 730
1075 740
1182 733
1338 727
1427 727
1479 726
1502 727
906 730
1495 729
1512 730
1635 739
1738 728
1221 731
1414 732
337 733
432 732
661 739
815 740
951 732
1507 732
974 736
1104 735
1339 735
1091 737
1209 737
1240 736
1686 736
357 739
599 741
674 741
927 742
1130 742
1215 741
1712 781
198 743
762 745
983 743
994 743
1117 742
1200 742
1254 743
1360 743
1429 743
782 748
919 744
1270 745
1273 744
313 750
340 747
372 746
1595 747
1780 747
579 750
959 749
1153 752
1500 748
1588 750
1834 749
872 751
1137 751
1572 763
376 760
742 755
1059 753
1212 752
1215 753
1287 752
1476 753
1612 752
406 759
1818 754
938 758
1289 756
1544 757
457 758
1383 759
1485 758
1664 768
513 762
763 764
810 762
1107 762
1215 767
340 768
474 763
1628 766
1138 779
1272 764
1313 765
1387 764
534 766
1057 766
1120 769
1234 766
950 769
1243 770
5 770
462 771
546 772
1075 770
1363 771
1645 771
575 774
1099 773
1186 799
1286 779
1341 778
1475 773
380 774
937 776
956 775
1083 777
1398 775
94 776
530 776
808 779
1389 776
1401 776
1764 777
118 779
408 778
481 779
1167 779
1688 781
1533 780
1590 781
1751 781
1072 782
1091 783
1265 782
1412 782
1422 783
915 785
1076 784
1222 791
1416 786
1448 785
131 788
388 787
1107 791
1432 787
203 788
434 788
1803 789
1838 788
426 790
1378 792
574 795
1433 793
1639 792
1761 792
189 794
358 794
523 794
1200 795
1269 795
1651 795
469 797
792 800
887 797
936 797
1374 798
1497 812
1542 796
1622 803
1642 797
446 799
957 799
1171 798
571 801
809 803
1096 801
1153 801
1311 801
1798 801
192 803
5 805
105 804
326 805
502 806
1045 807
1203 805
1574 805
403 807
462 807
1224 829
581 809
1156 813
1286 810
1522 809
1197 811
155 812
266 812
1096 815
1397 813
1647 829
866 816
1062 815
1129 815
1065 817
1207 816
1310 817
1551 816
311 818
624 819
1535 818
1076 821
1312 820
150 823
441 823
594 824
925 823
1103 843
1137 824
1150 822
1161 824
1278 822
460 825
353 827
377 826
847 828
1454 827
1615 837
401 828
421 835
1442 830
533 830
1268 830
1168 835
246 834
281 835
295 834
1047 835
1254 834
1394 835
505 837
1325 837
1358 837
344 838
1068 838
1165 839
1195 850
1311 839
397 842
481 840
891 844
1364 840
376 844
555 842
562 845
573 842
1365 842
1543 845
576 847
1293 860
1457 845
432 846
904 847
1179 847
1408 847
1519 846
1582 859
181 848
1034 849
1327 849
1569 850
453 851
464 851
1252 853
320 853
434 853
1057 852
1398 853
1439 853
1782 852
525 855
1143 854
50 857
371 857
392 856
1031 856
1050 856
1435 857
1463 857
1504 856
1602 857
33 859
631 858
1046 859
1103 859
1235 859
1494 859
431 871
1385 860
478 863
1145 862
1251 868
1511 862
1657 862
1721 862
1077 868
1533 868
1609 870
99 867
562 867
1376 866
1502 866
325 874
1172 869
1223 868
1401 870
1448 879
1689 868
1763 869
546 870
1103 870
1693 870
212 872
646 872
1051 876
1073 873
1181 872
221 875
1122 878
1276 875
139 876
537 876
1100 876
1021 878
1507 878
1399 881
1163 883
1401 882
1428 882
1509 883
1094 889
1208 885
1586 885
522 886
1129 886
1152 888
1313 886
1689 894
248 889
556 888
583 891
1042 888
1186 890
1383 890
1567 911
453 894
516 890
1074 897
1331 892
1414 892
1014 893
1191 892
1215 893
1478 893
1606 893
304 895
1130 913
1290 896
1491 894
1532 896
1609 894
171 896
312 897
1103 896
1207 897
1378 897
1459 897
433 898
707 899
773 901
795 903
1030 898
1255 898
1373 899
619 900
1044 901
1156 903
1165 900
1277 901
338 903
1364 908
1500 907
417 904
1106 910
1408 905
1486 904
420 906
739 909
1009 907
1236 918
447 909
616 908
1328 922
1449 909
149 911
344 911
432 911
645 911
1055 910
1718 910
1773 911
397 912
464 913
1090 912
1193 921
1209 912
1517 912
439 914
662 915
731 917
1697 915
403 916
542 918
1047 918
1457 916
1586 916
608 919
712 920
1376 918
1459 919
293 920
1027 921
1389 920
1053 923
1162 922
1264 928
1708 928
470 925
550 924
717 925
1061 930
1285 924
1377 925
808 930
1015 928
1140 946
1161 928
1280 929
1745 929
512 932
914 930
1086 930
1230 932
1357 931
1690 930
118 932
667 932
730 934
782 937
1048 933
1082 932
1389 933
90 934
131 934
289 935
902 937
426 937
685 936
1042 936
1196 937
1208 938
702 939
754 940
1032 939
1167 940
1481 938
452 943
672 943
891 942
1239 949
1497 940
1540 944
76 942
377 943
723 950
820 942
1016 942
1116 945
1216 944
1287 950
1308 943
1446 946
164 945
741 944
864 944
1002 944
1348 955
364 946
1070 947
1312 946
1518 949
423 952
1094 949
1113 948
826 951
847 951
1766 959
96 955
627 952
909 953
1379 953
387 955
402 955
927 954
1431 954
1630 954
260 957
705 960
744 961
929 956
1071 956
1108 956
1180 970
1202 957
957 958
980 959
1097 962
1322 959
170 960
267 961
361 965
523 971
975 961
76 964
483 962
1049 962
1216 968
1487 963
595 964
1068 965
1108 974
1159 965
1305 964
1371 965
1591 970
1089 966
1253 966
1273 967
327 972
476 969
1001 968
1030 976
1071 969
1445 968
1629 970
105 970
1462 978
427 979
767 984
1125 973
1263 973
1366 972
344 981
666 975
1009 975
1058 975
1381 975
80 977
551 977
922 977
1126 977
1330 977
457 979
1193 979
1443 978
1195 982
1243 981
1540 991
1610 981
375 983
1165 982
1208 984
1425 991
1562 983
721 989
1141 986
1267 984
1355 987
1386 984
826 986
984 993
1459 987
1584 991
1698 992
327 988
646 988
682 988
780 989
1017 1002
1115 988
1167 991
1775 989
321 992
412 992
777 990
72 993
366 993
250 995
444 995
590 995
1057 994
1134 994
1250 994
1379 995
1647 997
50 996
288 997
460 999
1068 997
1740 996
1753 999
290 998
433 998
451 1010
311 1001
385 1000
680 1000
775 1000
871 1000
1105 1001
1239 1000
1508 1007
68 1002
996 1003
828 1005
864 1006
1098 1012
1242 1005
1547 1005
1596 1007
885 1009
1287 1008
1422 1011
1601 1011
1315 1021
1113 1021
1133 1014
1195 1013
1394 1015
266 1014
268 1016
285 1014
311 1014
551 1014
1238 1014
983 1020
1129 1017
1263 1017
1484 1017
690 1027
830 1018
894 1021
801 1025
944 1020
1068 1020
1156 1021
1280 1022
511 1022
557 1023
718 1025
827 1024
1051 1023
1101 1023
1196 1022
1220 1032
1239 1023
1722 1022
1739 1022
1805 1023
224 1025
442 1025
465 1025
541 1025
559 1024
605 1024
1531 1024
1613 1024
357 1034
1498 1027
343 1028
1067 1029
1242 1029
1276 1032
1567 1029
749 1041
998 1031
1335 1030
44 1033
296 1032
330 1032
662 1042
967 1032
290 1035
599 1035
137 1037
435 1037
515 1037
952 1037
980 1037
1044 1039
1118 1037
1484 1039
340 1038
644 1038
851 1039
1177 1038
1282 1039
1614 1040
233 1040
531 1040
865 1040
937 1041
955 1040
1030 1040
1257 1041
1445 1042
1696 1042
882 1043
1359 1043
1505 1050
1817 1044
227 1045
363 1048
430 1049
879 1045
1061 1044
510 1046
726 1047
1088 1046
1360 1046
1462 1046
804 1048
862 1048
1056 1049
1176 1054
1262 1049
1555 1050
160 1051
1350 1051
1362 1050
1824 1050
223 1052
534 1055
859 1052
1020 1056
1086 1053
1128 1065
547 1054
677 1055
936 1055
1043 1054
1318 1054
1378 1055
253 1057
375 1058
409 1057
765 1056
971 1057
1242 1057
1310 1056
1330 1057
72 1059
156 1060
277 1058
442 1060
634 1059
658 1060
911 1061
961 1062
994 1064
346 1060
788 1060
882 1061
1064 1070
1291 1060
1385 1066
1490 1061
256 1063
344 1062
530 1063
541 1062
682 1064
1346 1063
33 1065
333 1064
446 1066
561 1066
630 1064
1097 1071
1208 1064
1566 1067
1598 1069
1621 1074
379 1068
602 1068
1228 1080
1477 1073
1487 1069
1808 1074
12 1070
40 1071
611 1070
8 1073
694 1073
1145 1074
1171 1073
1197 1073
1304 1072
651 1075
934 1074
1078 1076
1400 1087
1546 1081
1592 1074
312 1078
370 1079
533 1079
679 1079
971 1079
1168 1079
1191 1079
1210 1083
1426 1085
727 1081
999 1080
1705 1080
55 1082
199 1083
884 1083
401 1085
506 1085
636 1089
684 1086
934 1085
205 1087
246 1087
423 1086
695 1086
1167 1086
1447 1086
1479 1088
1563 1087
32 1089
547 1089
1186 1089
1468 1089
451 1090
534 1095
1124 1102
1309 1091
1328 1092
1531 1091
88 1092
117 1093
608 1093
1190 1094
1441 1092
1483 1095
16 1094
85 1095
678 1101
872 1097
126 1099
136 1096
303 1096
403 1097
992 1096
1069 1096
1092 1098
1157 1097
1274 1096
1338 1100
259 1098
375 1098
1050 1099
1204 1098
1550 1098
38 1100
575 1100
778 1102
869 1102
1420 1100
1668 1103
1089 1103
1200 1103
1222 1103
121 1109
446 1104
1161 1105
1719 1107
1035 1110
1214 1107
1662 1107
215 1109
484 1109
722 1114
800 1109
1329 1108
370 1111
1524 1111
349 1112
516 1113
535 1112
602 1113
643 1112
1067 1113
1263 1117
1809 1113
610 1114
872 1114
944 1115
1057 1116
1081 1116
1112 1115
1751 1114
100 1117
311 1116
398 1120
1038 1117
1369 1116
1816 1118
291 1119
355 1119
1197 1119
1355 1124
1688 1118
638 1126
1078 1121
1182 1121
1202 1122
1371 1120
1472 1120
262 1122
559 1126
577 1122
1032 1123
1341 1125
220 1124
373 1124
1468 1124
254 1127
440 1126
462 1131
719 1127
1119 1127
1426 1135
583 1128
650 1130
1348 1130
1498 1129
1577 1129
208 1131
377 1130
1481 1130
1706 1131
576 1132
1215 1136
430 1136
494 1134
564 1137
707 1135
784 1135
1053 1135
1131 1135
1333 1134
1465 1136
1536 1136
1775 1134
677 1136
887 1137
923 1136
438 1141
479 1142
495 1138
764 1139
1148 1138
1152 1140
1408 1140
350 1141
395 1140
944 1140
603 1142
714 1142
836 1142
905 1143
1202 1142
1291 1144
1515 1143
1656 1142
379 1145
582 1144
659 1144
680 1146
1640 1147
1732 1149
1776 1145
1791 1145
538 1147
918 1147
1320 1147
1452 1152
408 1149
771 1149
952 1150
990 1151
1187 1148
1560 1148
88 1150
573 1150
1209 1150
1374 1151
423 1152
1038 1153
1069 1154
261 1156
608 1156
1303 1155
1422 1154
661 1162
1003 1156
1521 1156
173 1158
473 1162
876 1159
1057 1161
1177 1159
1251 1159
1289 1162
1491 1164
1637 1161
980 1161
1470 1160
27 1163
768 1164
818 1167
1394 1163
1749 1162
1187 1165
1392 1164
1539 1165
47 1167
500 1167
871 1167
1175 1166
1763 1167
187 1169
416 1169
529 1168
698 1168
1561 1169
1025 1173
14 1173
440 1174
994 1176
1130 1173
1522 1177
464 1174
569 1176
692 1175
1495 1174
366 1176
615 1178
1225 1178
1643 1176
1082 1183
1139 1181
466 1182
487 1181
640 1181
1070 1181
1324 1181
1338 1182
1436 1184
54 1182
975 1188
1298 1183
1390 1182
547 1186
663 1184
1655 1185
94 1188
436 1192
1534 1190
1663 1187
345 1190
450 1188
484 1189
1250 1188
1484 1191
224 1191
894 1190
1066 1191
1114 1193
1309 1194
326 1193
360 1192
579 1193
1688 1193
322 1195
966 1195
513 1197
419 1199
515 1198
1378 1198
664 1201
829 1201
851 1201
1567 1204
715 1203
919 1203
1075 1202
1166 1203
1322 1203
181 1204
371 1205
632 1205
831 1204
1111 1204
1360 1217
891 1206
1059 1206
1101 1206
1149 1207
944 1209
1050 1208
1082 1213
1672 1208
25 1210
74 1211
139 1210
1025 1211
1573 1210
137 1213
192 1214
339 1212
379 1213
445 1218
929 1215
1265 1212
1493 1213
1455 1216
577 1217
695 1216
867 1217
1229 1217
1263 1216
1382 1217
892 1218
977 1219
1065 1219
1174 1218
1442 1219
1049 1224
1093 1225
1339 1224
535 1225
1068 1225
180 1226
285 1226
421 1226
936 1225
996 1226
1292 1225
1452 1226
753 1227
1194 1227
1216 1227
1246 1226
1729 1227
