858 642
26 142
139 80
327 66
418 1
1326 172
830 0
1398 0
421 22
407 30
1283 101
1411 106
935 125
578 137
659 134
693 148
611 152
967 176
623 161
625 166
990 179
729 172
838 202
857 175
1069 180
921 183
1050 189
1820 183
923 229
1809 187
822 194
1062 257
941 197
1033 197
1129 272
1806 205
763 211
1176 242
727 218
803 225
1204 231
786 232
833 229
811 237
1752 234
693 241
1241 255
1200 249
899 251
523 260
860 257
912 260
1205 263
868 263
893 266
939 266
850 268
937 268
963 269
934 276
1270 276
629 277
1304 277
949 280
1288 287
930 281
694 320
824 283
853 284
1375 294
1659 291
823 286
899 286
1081 289
1402 286
915 289
1187 293
995 294
639 314
951 296
758 320
828 296
842 296
1166 297
1418 302
902 301
915 302
553 307
942 307
823 309
848 309
949 309
1162 310
917 312
999 326
893 317
829 316
925 320
982 317
1360 319
810 323
952 330
1425 323
1171 322
1075 326
1272 332
1299 332
1386 332
1407 329
1208 332
913 330
1084 338
923 335
851 336
970 337
1246 340
738 341
835 341
1321 348
882 345
836 344
854 347
902 345
938 345
1132 351
866 346
917 346
1220 363
1284 348
840 354
890 350
1426 352
826 353
953 358
1288 387
1399 358
659 360
921 357
992 363
1101 356
906 359
1018 371
867 365
1067 364
1148 361
0 361
1179 364
1617 362
1447 383
1425 368
717 370
1157 375
847 382
937 372
1244 373
1379 374
871 374
883 374
953 375
491 408
898 376
1363 379
1377 377
1346 380
0 383
917 383
933 383
1134 386
546 410
737 392
875 387
946 387
1096 391
1191 389
1397 400
1165 394
0 395
861 397
909 397
924 397
1248 399
936 398
814 405
961 404
978 402
1123 403
1172 403
672 403
848 403
894 402
923 404
1434 410
925 410
928 411
911 418
1260 417
1380 415
1422 425
937 417
978 423
857 425
1047 430
1120 421
1355 423
1214 427
1281 430
845 430
1389 440
968 464
1353 432
1165 438
1122 443
1074 443
1306 440
879 639
1338 450
1431 445
1615 445
716 454
1037 456
1272 462
1177 457
914 465
1105 467
1170 468
1423 469
872 468
1295 471
1356 471
1329 486
879 479
948 481
620 487
1447 485
963 485
1066 486
1295 492
1266 501
982 495
1564 504
1188 505
1373 507
1404 505
1342 511
1153 512
942 513
956 513
1017 532
1424 516
940 519
1324 524
945 524
966 525
1041 527
1 536
1126 537
1248 543
1437 550
521 540
956 539
1100 541
1201 540
959 549
1136 552
1166 554
1388 569
1098 566
1042 569
1286 566
1121 569
1332 569
1025 581
1063 576
1210 578
768 574
1178 573
1176 580
1002 584
970 585
1073 589
1361 603
1012 593
1424 601
1259 595
475 599
1175 601
1028 611
971 618
1324 613
1544 609
1220 614
1235 614
1509 616
1043 616
1067 621
1549 620
1521 621
1138 622
1463 632
957 628
1035 646
947 628
1405 632
1621 641
1232 637
1264 634
1322 638
1691 641
1428 649
1505 649
1163 645
1365 649
1138 650
665 655
1233 659
1400 656
1465 655
1319 659
1407 660
1546 661
1582 659
1156 664
1665 661
1520 663
1415 667
1589 666
1597 668
774 668
1619 668
1577 670
1121 673
1630 677
1667 742
1563 674
1049 682
1388 679
1477 677
1004 681
1461 682
1565 680
1280 683
1426 682
1693 682
1711 680
1733 680
1589 683
1792 687
747 687
1496 684
1726 687
1750 684
1811 688
1447 694
1597 698
1156 693
1349 694
1628 698
1829 696
1702 697
1409 698
1275 705
1347 701
1426 703
1134 709
1559 705
1743 704
979 708
1406 717
1487 706
1442 748
1746 709
1433 712
1565 712
1130 718
1424 719
1351 728
850 728
1115 730
1305 735
1548 731
1612 732
1425 735
564 740
688 756
1372 742
1520 739
1254 745
1533 742
807 751
1391 750
1195 757
1332 755
1116 756
1160 765
1343 759
1349 763
1396 763
1390 769
1672 770
1176 783
1274 775
1293 775
1466 774
1328 776
1359 776
1481 777
1123 779
1217 782
1281 787
1492 779
594 781
1121 781
1253 780
1321 795
1838 780
1242 784
1304 782
1138 789
1195 795
1232 784
1351 784
1369 786
1451 787
1477 786
1587 786
534 789
1071 790
1247 788
1300 788
1462 790
1677 789
1734 789
1815 789
574 790
779 793
981 792
1230 791
1364 791
1381 793
1481 791
31 793
71 793
1342 799
1532 798
1574 794
1808 798
1082 797
1243 797
1448 798
260 800
417 798
580 799
1359 799
411 800
1358 801
1705 801
1733 804
1745 800
398 802
1095 803
1214 802
1489 802
1559 802
1754 803
66 805
1099 804
1113 806
1262 814
1392 805
1479 805
1594 805
94 807
249 808
1130 806
1380 807
1459 807
1518 808
1712 807
1728 807
83 810
236 809
1147 824
1375 810
216 810
480 811
1080 811
1439 815
1762 815
704 812
980 814
1071 812
1317 813
1657 812
1681 812
1038 819
1084 814
1224 816
1241 814
1355 814
1396 814
1529 817
1555 814
1604 819
1741 815
32 816
79 817
503 816
789 822
1100 817
1120 817
1181 816
1362 817
25 818
42 819
1187 819
567 821
1167 821
1211 825
1338 871
1474 820
65 822
179 823
628 822
1077 822
1090 824
1463 825
1480 825
1220 874
1745 826
1414 829
1434 833
1445 829
517 831
657 834
957 835
1253 833
1505 841
1760 831
46 832
484 832
1109 832
1185 833
1410 837
1462 834
26 836
137 834
1127 847
1474 835
1644 834
1768 837
262 836
297 837
455 836
477 836
212 838
419 839
433 839
1101 843
1453 842
1133 840
1553 843
1586 841
130 846
155 850
325 846
380 844
565 844
792 848
991 853
1153 845
1265 845
60 846
237 847
440 846
646 847
1488 849
1661 848
187 851
1044 852
1378 849
1522 848
212 850
249 854
365 850
561 850
1782 851
12 852
36 853
235 852
385 852
497 853
538 852
1400 854
82 855
100 856
1090 1049
1423 855
1441 857
1474 857
0 857
40 857
67 856
228 857
564 857
85 858
977 860
1113 861
1582 861
1675 860
1718 859
8 860
28 865
255 861
362 861
549 863
1413 862
1534 861
360 863
383 862
1123 862
1448 863
1710 862
58 865
136 865
206 864
1156 865
1505 865
152 875
481 867
582 866
1143 867
115 880
306 868
335 869
408 868
1419 869
1463 869
1529 868
32 881
195 872
230 871
472 870
1477 870
132 874
173 876
266 872
316 872
435 874
513 878
1032 879
1138 873
540 874
1122 875
1447 876
1568 875
1812 874
58 876
468 876
492 893
1733 877
231 878
262 878
452 879
544 878
0 880
207 881
562 884
595 881
1443 881
1554 881
1587 881
295 887
315 883
349 884
931 888
1169 882
190 885
533 887
873 890
1599 885
51 887
238 890
250 886
429 886
1175 887
63 927
377 889
423 888
1448 888
1631 889
1828 896
312 892
333 893
408 891
524 891
1330 891
1491 891
1610 900
183 903
280 893
358 893
369 892
999 894
1168 895
1436 933
38 898
130 895
261 894
388 905
591 894
1188 896
1497 894
1682 895
248 896
1733 897
213 899
338 898
371 899
412 899
1261 898
1415 899
1515 898
1530 898
1543 898
1644 901
15 900
62 901
227 902
319 900
438 905
1164 901
1477 903
208 904
287 902
475 902
539 903
585 902
1013 907
1247 902
1269 904
1306 902
1504 903
116 915
344 904
577 905
1332 904
1578 907
1618 905
1629 910
1632 904
1679 905
11 910
135 907
260 907
272 907
313 911
554 906
1285 916
256 909
544 916
1760 910
296 917
341 910
403 911
422 910
1642 910
1657 921
43 916
202 912
381 913
888 914
1725 912
511 916
1467 916
1510 914
1530 914
1552 914
207 921
243 922
275 917
593 917
1252 917
328 923
358 919
444 918
1576 918
517 920
979 926
1474 921
1506 921
1806 921
388 922
419 923
461 922
521 928
1487 923
1523 922
1539 923
1722 924
20 924
309 930
342 929
562 924
1519 925
1575 925
1683 924
1700 925
4 935
142 927
164 926
426 927
547 927
1291 927
1401 926
1512 926
1636 926
1705 927
1732 927
252 933
505 929
99 930
184 931
222 930
237 931
434 930
573 930
1378 930
1610 930
1709 931
278 936
440 934
591 938
1410 933
1483 933
1528 946
405 935
1454 934
1553 936
1761 935
372 936
419 936
511 940
1246 937
1466 936
1815 936
138 939
226 938
809 938
886 940
1573 939
1623 938
157 940
555 940
1609 940
259 943
281 943
383 947
502 943
521 946
567 942
612 942
1383 942
1469 943
1561 942
1730 943
116 944
182 946
320 951
478 945
1496 959
352 946
441 948
543 946
1397 981
1778 947
1806 951
277 956
301 948
598 950
1686 955
249 950
461 952
1746 951
340 956
398 954
1633 953
1733 953
504 962
530 955
570 954
1665 955
37 966
123 957
361 960
487 957
1551 957
1588 956
1799 959
109 959
403 959
1765 959
330 962
1573 962
1600 960
1622 970
199 962
590 978
623 968
90 965
239 965
317 986
385 964
416 970
447 974
473 966
542 964
556 964
1483 965
295 966
559 966
1465 972
11 981
113 971
397 973
523 981
536 970
1486 983
1549 971
67 972
300 973
1542 975
1824 973
1357 984
1717 974
1769 974
117 977
343 977
386 977
1452 977
1575 977
1667 976
84 978
294 979
487 985
552 979
1423 981
1520 979
1662 978
370 984
439 981
569 980
159 983
1603 1002
1655 982
1819 985
30 984
270 985
508 984
563 984
577 984
1457 984
1506 985
1554 987
1688 984
1791 984
210 987
458 986
620 987
1135 988
1679 987
1685 1008
1722 987
167 992
218 989
375 988
413 994
1186 989
1336 990
1471 988
1512 989
1531 989
1779 991
66 991
91 995
178 991
260 995
354 990
571 998
1127 991
1453 991
1619 990
50 993
1034 995
1097 992
1182 993
1260 993
1322 995
1443 1000
1558 993
1587 993
1622 992
1652 994
41 995
62 996
1637 995
1752 994
159 996
378 996
433 1000
481 997
493 996
1344 997
1426 996
1484 1004
1508 996
1714 1001
271 998
329 999
370 999
1555 999
1738 999
1809 999
1827 998
34 1001
141 1000
462 1001
501 1000
1370 1054
1500 1000
1647 1001
1218 1003
1325 1011
1458 1005
1578 1025
1619 1003
1733 1002
229 1005
351 1005
444 1004
539 1006
559 1006
588 1005
1045 1005
1516 1004
1759 1006
1530 1006
1774 1007
67 1008
145 1009
480 1008
621 1009
1453 1009
1625 1008
97 1011
342 1010
383 1011
559 1035
1012 1011
1749 1011
115 1013
137 1012
289 1013
372 1012
548 1013
1466 1023
6 1015
16 1016
173 1015
268 1015
442 1019
446 1014
525 1015
597 1014
608 1015
629 1018
993 1015
1068 1015
1442 1020
1548 1016
1825 1018
1600 1017
1634 1020
1660 1020
121 1018
248 1019
484 1019
614 1019
991 1018
1553 1019
1649 1019
1723 1018
24 1021
39 1021
72 1021
86 1020
106 1021
188 1021
316 1021
350 1021
457 1020
511 1021
1759 1020
34 1023
157 1022
642 1023
964 1024
986 1023
1315 1023
1619 1024
1709 1029
1795 1025
227 1025
274 1024
339 1025
345 1024
415 1024
481 1025
622 1024
813 1025
1492 1025
17 1027
292 1026
314 1026
506 1027
817 1028
1734 1026
500 1028
800 1029
835 1032
861 1030
905 1030
949 1029
1485 1037
1548 1030
1613 1028
1724 1028
9 1031
143 1030
145 1031
184 1030
206 1031
388 1031
875 1039
1393 1034
1449 1033
1518 1031
126 1036
215 1033
283 1034
485 1037
1304 1033
1503 1032
232 1035
343 1035
1766 1037
72 1036
107 1037
188 1037
301 1036
366 1036
458 1037
956 1110
982 1048
1153 1036
1793 1036
95 1038
351 1039
422 1039
782 1040
856 1039
994 1038
1437 1039
1537 1038
1613 1038
1777 1044
11 1041
191 1040
250 1044
309 1041
513 1041
709 1040
816 1043
1409 1041
1428 1040
1677 1040
1685 1049
1733 1043
1747 1041
1791 1041
134 1042
207 1042
225 1043
327 1042
452 1044
499 1042
622 1049
789 1043
1514 1045
1608 1043
1636 1043
1647 1043
1839 1043
26 1045
114 1045
267 1045
363 1044
1462 1054
1643 1045
375 1046
502 1049
824 1112
1600 1047
18 1048
237 1049
449 1049
604 1053
840 1060
1353 1049
1499 1049
1725 1055
77 1052
147 1050
154 1052
357 1051
637 1086
717 1051
896 1052
1825 1050
377 1053
440 1052
469 1054
1132 1052
1440 1052
1804 1059
52 1055
274 1056
429 1054
584 1055
959 1055
980 1057
1423 1054
1523 1055
1558 1054
1603 1054
1655 1055
1752 1059
1772 1055
1786 1054
291 1057
386 1059
508 1057
702 1056
628 1059
646 1059
730 1058
1605 1058
34 1060
61 1060
96 1061
145 1060
162 1060
239 1062
255 1061
272 1060
524 1060
539 1061
1526 1060
1616 1060
107 1063
128 1063
180 1063
212 1062
338 1069
349 1063
442 1063
456 1071
488 1068
594 1064
1322 1062
1436 1077
1494 1065
1637 1062
36 1065
250 1065
322 1064
512 1071
688 1065
1595 1065
151 1066
286 1066
428 1066
474 1067
557 1066
695 1066
1507 1068
1553 1069
1631 1067
1648 1067
1738 1070
59 1073
363 1069
630 1070
747 1068
1522 1075
206 1077
728 1079
741 1070
1837 1075
223 1072
350 1073
539 1082
1612 1080
1773 1072
92 1075
254 1075
576 1075
775 1074
1590 1075
1656 1087
1731 1075
698 1076
778 1076
1682 1077
423 1078
1706 1078
27 1081
70 1080
469 1081
782 1082
855 1081
1472 1081
1785 1082
1 1082
84 1084
308 1083
492 1086
793 1082
1554 1083
1760 1090
1824 1082
320 1085
507 1085
1503 1085
1696 1085
10 1086
136 1086
166 1114
369 1086
477 1086
1460 1099
1598 1087
1640 1086
1692 1088
1742 1088
63 1093
179 1090
270 1088
434 1094
460 1088
1571 1092
1584 1088
1643 1089
1710 1089
1807 1088
103 1090
264 1090
286 1097
343 1091
1008 1090
1346 1091
33 1092
98 1093
198 1093
313 1093
470 1093
488 1092
564 1092
736 1092
1720 1093
1800 1093
1817 1095
715 1113
1611 1117
41 1096
95 1098
400 1096
500 1097
665 1096
1512 1101
1699 1104
1774 1096
1789 1107
0 1098
114 1098
122 1099
143 1100
197 1099
338 1099
364 1098
1553 1101
1679 1103
1728 1104
130 1102
220 1100
326 1101
578 1101
617 1100
649 1100
1352 1101
1634 1101
1839 1101
51 1102
225 1102
380 1102
377 1121
408 1102
444 1102
546 1105
627 1102
1582 1113
25 1104
147 1105
492 1105
511 1104
621 1105
1547 1105
1659 1105
23 1107
135 1106
209 1108
232 1107
255 1106
268 1107
360 1106
1543 1107
1753 1108
102 1109
525 1108
571 1109
637 1109
1536 1110
1641 1108
1817 1108
75 1110
203 1111
397 1113
650 1111
670 1120
1567 1112
1601 1110
1676 1111
68 1115
130 1113
287 1115
323 1112
487 1112
618 1112
1650 1114
1668 1116
1825 1113
117 1119
234 1118
276 1114
347 1120
422 1114
506 1114
1624 1114
1718 1114
412 1118
454 1117
536 1118
607 1119
651 1116
1471 1120
1545 1121
1829 1120
18 1118
266 1121
336 1121
462 1121
772 1121
1699 1121
1770 1121
5 1122
74 1123
250 1123
612 1122
867 1122
1754 1122
130 1125
195 1124
210 1131
259 1124
539 1125
553 1124
1655 1124
51 1128
221 1127
294 1143
571 1126
1728 1127
1734 1126
134 1129
325 1129
340 1129
518 1128
556 1129
614 1129
640 1129
1560 1129
1566 1128
1756 1130
1812 1132
0 1131
230 1134
301 1130
405 1131
450 1131
452 1130
514 1147
570 1130
1260 1130
1642 1132
13 1133
82 1132
103 1133
191 1132
637 1133
1541 1133
1646 1154
1722 1134
1780 1138
69 1135
92 1135
605 1135
709 1159
1479 1135
1669 1134
1744 1135
34 1140
148 1142
1421 1136
1580 1137
1627 1137
1828 1136
127 1138
172 1139
365 1138
1546 1139
187 1145
313 1140
334 1141
711 1140
1737 1140
1797 1145
1832 1141
81 1143
162 1142
424 1142
437 1157
553 1142
675 1144
1670 1142
1713 1144
9 1144
71 1144
465 1148
569 1161
580 1145
1617 1147
1818 1144
2 1146
30 1148
105 1146
154 1152
234 1146
547 1147
631 1151
1680 1176
1731 1149
1822 1162
101 1149
225 1148
321 1149
393 1149
406 1148
610 1151
661 1148
1019 1149
1375 1148
1702 1151
1751 1151
598 1151
689 1150
1018 1151
1770 1159
138 1152
243 1153
269 1152
480 1153
126 1154
171 1155
245 1167
335 1169
358 1155
414 1154
590 1159
653 1154
673 1158
684 1154
894 1154
1621 1155
1725 1155
1738 1154
1741 1157
25 1156
184 1158
212 1168
288 1157
459 1157
859 1157
390 1158
1712 1158
1803 1158
63 1161
81 1160
134 1161
161 1160
266 1161
401 1162
1611 1160
122 1169
670 1163
1800 1168
61 1164
148 1170
500 1167
554 1165
782 1172
908 1168
104 1167
169 1170
404 1166
414 1167
1621 1166
29 1172
378 1169
469 1177
604 1189
643 1169
1705 1168
1746 1168
285 1174
368 1173
447 1175
458 1170
729 1171
929 1171
1710 1170
1837 1172
53 1175
91 1172
232 1173
632 1173
651 1173
871 1187
1630 1173
1754 1184
1 1178
83 1178
179 1174
421 1175
493 1175
545 1181
670 1178
761 1175
949 1180
1793 1174
301 1177
397 1181
967 1178
144 1178
192 1178
434 1179
687 1178
924 1179
1696 1179
48 1181
106 1181
206 1180
304 1181
524 1180
770 1180
900 1188
1769 1182
163 1182
415 1182
568 1183
681 1183
828 1183
1040 1184
1645 1182
1788 1184
43 1185
136 1184
260 1185
455 1190
487 1185
575 1189
759 1186
839 1185
1720 1185
129 1186
410 1186
650 1187
701 1200
977 1191
1649 1186
1729 1187
1744 1186
1780 1186
61 1197
124 1189
146 1198
170 1188
181 1190
277 1189
639 1189
694 1189
814 1189
1715 1188
1812 1204
32 1192
259 1190
298 1191
390 1190
519 1190
825 1210
993 1190
1021 1191
1637 1190
254 1197
368 1194
489 1199
515 1192
527 1192
653 1193
997 1192
1544 1192
190 1195
214 1195
235 1202
295 1195
310 1195
350 1198
442 1203
569 1194
665 1194
1739 1207
16 1196
30 1197
105 1198
459 1196
565 1196
725 1196
784 1196
917 1196
387 1199
636 1207
961 1204
1020 1208
1705 1200
1798 1198
28 1205
90 1200
164 1201
268 1205
541 1201
936 1201
1787 1202
182 1204
345 1202
372 1206
391 1202
523 1202
722 1203
770 1210
921 1204
988 1216
1647 1203
5 1205
124 1204
222 1204
337 1208
418 1206
782 1204
905 1204
1638 1204
1778 1206
206 1207
320 1207
471 1216
566 1210
662 1208
676 1207
1701 1206
17 1214
230 1209
246 1208
293 1218
397 1215
509 1209
553 1209
582 1211
910 1214
1462 1209
1621 1209
1658 1212
1715 1208
1834 1218
43 1210
70 1210
192 1210
501 1222
666 1210
1696 1210
77 1214
100 1217
327 1213
342 1212
431 1213
1617 1214
518 1214
545 1214
169 1216
221 1216
354 1217
538 1218
597 1216
715 1221
919 1216
949 1219
1717 1217
1758 1217
1791 1217
33 1219
121 1218
151 1219
184 1219
203 1224
261 1218
671 1220
688 1219
866 1218
1671 1218
1701 1219
48 1224
257 1224
451 1221
567 1220
588 1220
601 1224
760 1221
962 1221
1632 1221
1720 1222
26 1225
369 1222
927 1222
974 1225
1686 1225
9 1225
239 1226
321 1226
390 1225
874 1226
931 1226
1017 1225
1662 1226
1746 1226
108 1227
365 1226
376 1227
412 1227
440 1227
663 1227
1062 1226
1600 1226
1773 1227
