909 619
318 1
532 16
621 10
692 0
922 10
964 6
1010 1
1100 7
1138 16
1163 5
1209 21
1250 6
1516 43
1670 31
1734 21
1032 10
346 32
997 29
1770 22
1819 36
1090 49
1383 24
506 27
668 25
1156 49
407 39
473 39
861 46
658 33
884 36
246 43
941 63
621 54
1235 45
1575 72
326 57
831 54
1031 62
1065 62
993 66
1172 65
1325 79
178 77
657 71
1206 83
1002 103
1053 76
1258 78
881 77
1072 79
856 86
603 89
1519 91
1432 98
1755 134
793 95
1152 97
1293 101
656 109
765 108
215 110
324 114
891 103
1183 100
1231 116
934 106
620 111
1145 109
579 146
298 115
1096 121
1190 138
1674 130
737 124
906 126
464 129
1145 140
1168 133
1471 143
1081 133
944 137
1219 136
1013 153
1568 145
138 148
1600 158
372 145
1075 148
1103 148
808 154
632 158
669 151
982 159
1061 156
856 155
1080 153
884 163
952 157
1092 163
542 180
913 171
1459 181
742 194
1162 179
407 171
834 183
389 178
432 180
1101 176
1037 188
324 181
610 181
1066 182
1130 188
274 192
1222 183
363 195
939 215
1595 195
649 208
976 204
1182 198
1236 202
1139 205
1647 217
561 214
1535 210
1105 210
194 219
415 216
1067 225
1126 214
1152 218
887 216
998 226
508 221
1391 251
371 225
580 234
914 229
1453 227
309 242
841 231
1133 234
1183 232
1210 242
749 237
475 236
662 253
1049 241
1119 238
253 250
798 249
854 249
923 260
1553 256
1003 249
689 253
977 260
1160 281
1609 274
1051 268
1121 262
1184 261
363 268
1495 272
1136 275
1204 270
384 272
557 273
950 298
1327 272
1464 272
482 271
1364 290
1013 315
473 279
1098 290
1226 283
1461 279
420 289
1026 287
1128 310
1183 288
1522 305
340 317
577 309
1674 309
821 305
624 303
1202 311
772 303
1714 304
1423 309
1436 326
306 314
921 312
1496 314
432 317
1182 319
1613 323
827 321
909 318
1384 329
1040 323
1162 321
530 337
617 325
1090 340
1213 327
925 367
1742 337
652 338
1706 342
563 335
1137 338
415 341
866 343
244 350
1171 348
1234 358
1189 361
1213 348
802 361
1121 353
1521 365
207 362
974 377
1650 368
512 366
1147 361
557 366
1089 368
1437 368
1045 371
1405 374
867 374
338 376
724 381
1157 376
584 402
691 382
838 381
815 389
1018 384
1100 381
1130 385
257 383
1359 384
1048 415
1610 396
368 390
214 397
1097 396
638 398
1147 399
1187 396
1454 403
158 405
387 397
746 402
1385 406
1540 425
269 414
534 407
988 400
1009 402
356 411
792 406
994 403
1078 404
1177 403
438 405
625 410
1190 412
1327 416
323 410
462 408
1654 410
1003 408
1162 420
1299 418
1013 412
817 418
1443 415
855 418
1096 420
1225 417
417 418
507 419
948 433
989 425
895 431
392 432
1038 428
415 436
505 436
1114 439
1261 434
585 437
983 472
910 439
532 444
640 437
1042 456
1393 442
1690 440
267 445
550 438
215 448
343 440
345 442
569 446
995 445
1437 448
1712 454
1410 448
241 457
1077 452
133 461
542 457
465 459
1343 466
907 465
1094 462
1170 458
1229 462
1380 461
645 470
885 468
1159 468
1634 477
937 486
1028 467
1053 467
1207 471
579 473
805 470
1106 470
1012 471
1135 473
1468 518
1059 474
540 485
1111 479
1034 478
1740 478
1032 482
826 483
1182 483
1239 490
1286 489
786 493
799 486
291 488
333 494
615 501
1053 489
1132 490
1554 496
1035 497
473 495
1426 508
1699 506
649 497
731 499
1057 499
1095 498
1113 499
1270 497
1339 496
309 505
908 509
964 510
1162 504
1041 505
1615 514
841 513
351 515
572 521
826 515
893 541
1055 514
1104 517
140 518
833 522
1272 520
1071 524
1265 531
540 529
948 527
388 526
774 533
1050 529
1132 534
1222 533
596 547
1017 534
1033 529
1533 535
280 531
1084 538
1102 533
1165 532
326 534
1422 536
1159 546
573 550
1030 544
186 547
805 547
853 545
424 548
971 556
284 552
685 547
1100 548
542 549
792 550
934 554
1056 553
539 552
1323 562
716 560
1093 558
786 560
995 565
1532 565
339 571
620 564
305 563
361 562
952 563
1144 563
1178 562
539 568
844 569
951 565
801 568
950 567
1022 568
1092 572
1116 571
767 572
464 582
636 576
948 574
1037 592
958 580
1372 578
978 580
245 589
307 585
596 586
901 584
1616 593
958 602
1003 592
1070 584
1101 611
1333 590
806 589
819 586
908 588
288 591
874 602
777 597
801 594
850 593
1075 592
1140 597
1410 594
329 597
442 600
761 597
1067 612
1364 604
123 611
1340 599
312 600
1288 601
314 602
568 622
362 605
716 609
770 604
787 605
431 616
1566 637
793 612
1021 614
1313 622
1380 614
987 618
1044 627
1283 625
620 623
901 621
767 626
936 624
542 627
284 631
884 634
969 628
1225 636
222 641
1439 647
585 642
404 640
1027 642
1093 638
942 650
1131 642
431 643
911 656
1100 643
1400 652
1509 650
609 650
436 647
731 660
860 654
1006 647
1327 663
284 652
412 650
1142 651
1204 662
826 650
819 654
973 659
1051 655
395 658
1364 662
882 661
1107 660
153 660
530 667
1120 668
1481 672
868 678
982 664
1014 666
1278 670
289 667
465 668
1032 666
615 671
819 670
1050 672
109 672
469 670
586 674
671 670
887 673
423 673
546 674
1032 675
1144 674
1070 677
967 685
1109 681
1517 689
554 682
815 685
769 684
1073 685
828 684
1013 684
245 690
611 693
497 690
1056 699
1119 695
1257 696
939 699
1028 695
1100 694
1546 699
725 696
216 702
897 707
168 704
325 701
637 704
330 702
424 702
566 708
1114 726
1371 704
1387 714
427 704
999 708
625 707
822 708
1493 711
349 709
619 714
540 716
581 718
648 712
1151 715
1838 713
653 715
943 715
1073 715
354 716
369 718
773 720
806 718
973 716
412 718
1015 720
1054 719
1087 718
867 723
1027 720
1433 740
1549 731
935 731
992 731
721 731
131 728
890 735
371 730
591 739
168 736
795 734
1076 735
574 742
623 741
1358 763
948 742
1070 741
1056 742
0 745
1005 752
1025 749
1046 748
1060 744
73 746
690 750
803 747
853 751
1380 755
298 751
902 759
1086 748
1513 754
767 752
1480 760
320 758
338 755
603 755
927 764
1428 755
207 758
336 756
579 758
961 764
1039 757
470 759
880 766
781 761
1074 803
1257 768
1116 768
1126 763
30 765
445 769
834 791
1175 766
568 770
792 774
1049 770
1224 774
1672 769
669 771
584 775
856 773
1046 772
1069 772
1297 772
341 779
616 782
556 795
989 777
1123 777
321 778
950 778
236 783
384 782
898 783
220 784
938 787
1653 785
1776 784
324 786
639 786
864 819
314 789
425 788
1277 789
1455 796
310 791
726 791
909 799
987 793
1118 791
1238 797
1043 794
1157 793
208 796
714 799
970 797
476 796
1008 797
355 799
469 799
1282 804
464 801
533 803
887 807
1033 803
609 819
800 803
1007 928
1330 802
1328 804
277 811
776 809
1016 806
259 808
806 813
241 811
927 815
977 811
1028 811
1082 810
679 812
1344 815
1646 812
413 816
716 814
1260 819
1476 820
1290 820
374 819
501 822
880 823
1005 820
138 821
917 834
1423 837
296 825
339 823
836 823
991 832
1232 834
355 829
899 827
948 826
954 827
1384 835
1745 828
197 834
1314 831
1784 831
763 833
1070 834
567 843
884 847
1058 836
1106 838
874 840
1338 846
875 842
877 843
938 842
1021 857
1307 849
1364 848
975 847
703 846
1094 854
1808 847
340 848
953 848
144 851
536 855
626 856
910 852
1053 852
1066 852
1529 853
114 855
656 855
1081 855
689 858
1038 857
1059 856
166 863
444 860
469 861
588 864
665 859
969 859
415 864
1077 860
1266 861
552 865
920 868
942 863
128 864
485 864
377 867
499 866
573 876
940 868
994 869
1042 870
26 869
1073 868
1422 881
134 873
193 873
328 873
330 872
1295 878
1008 888
1065 878
603 881
632 880
968 882
981 884
1080 883
299 885
515 884
648 883
1030 882
954 887
69 887
418 890
474 886
489 888
741 886
1038 887
1343 897
755 889
1289 900
14 891
222 902
442 890
726 891
918 892
1313 896
367 892
528 894
1057 893
1074 894
1047 908
1097 895
1464 899
349 896
437 896
563 910
734 897
906 902
432 899
611 903
487 901
1085 900
1432 908
642 903
399 907
781 909
1016 905
1029 912
991 907
1775 906
347 910
504 909
1088 909
1018 911
1722 910
526 914
602 913
699 913
749 922
1067 920
1676 913
160 915
164 914
685 919
971 917
1084 916
1754 917
477 919
499 919
932 918
593 920
959 922
1388 925
1545 920
1792 920
260 924
1042 922
1729 923
335 925
380 930
778 926
1741 924
361 927
461 926
503 926
584 930
705 930
734 927
1033 926
611 929
1011 930
208 931
1448 942
484 933
552 950
622 933
1048 933
1076 936
1354 946
155 934
265 936
332 934
436 935
449 938
512 935
681 935
1467 934
1530 936
68 936
1029 936
1400 946
634 939
1057 940
1465 939
24 941
273 945
403 940
537 941
609 940
803 941
9 943
184 942
506 943
1380 945
1838 942
602 949
755 946
823 947
1050 947
1602 948
91 951
332 951
387 950
527 950
89 952
124 953
229 954
410 953
426 954
643 954
811 952
844 961
584 958
734 956
259 971
1320 972
1340 965
487 961
725 960
1298 964
1614 961
417 962
608 963
660 962
698 962
875 965
330 966
602 969
752 965
17 966
479 973
1379 971
142 968
345 969
386 969
1680 969
297 971
500 970
570 971
625 970
718 973
818 976
1261 975
1351 977
507 973
557 972
868 972
460 978
883 975
356 979
618 976
793 977
1469 976
1765 977
743 979
769 979
895 979
267 980
381 980
564 983
606 980
697 981
847 991
1190 986
244 983
325 983
379 982
890 997
1297 985
447 986
727 989
1367 987
272 988
339 986
537 986
1277 990
1583 986
296 989
358 989
502 989
575 989
931 989
1164 993
1418 988
1500 995
454 991
599 993
713 991
1588 990
1595 991
178 992
292 993
470 994
1237 998
1255 993
259 997
413 994
1379 995
114 997
283 1001
513 999
669 996
1325 997
462 999
587 999
787 999
196 1003
350 1003
500 1001
553 1027
643 1000
942 1000
1328 1003
1361 1013
1650 1002
458 1006
619 1006
717 1003
862 1003
1290 1005
1555 1004
265 1007
401 1006
418 1012
366 1010
391 1009
744 1008
1791 1008
291 1019
540 1010
587 1013
614 1011
985 1011
1193 1017
1236 1019
1269 1023
1572 1013
263 1015
511 1015
214 1020
276 1017
435 1018
497 1016
598 1018
822 1018
921 1017
1706 1017
392 1019
233 1022
307 1021
750 1022
863 1022
616 1022
634 1022
926 1023
1303 1029
255 1024
301 1026
379 1027
805 1027
1760 1025
445 1026
468 1026
475 1027
627 1029
662 1026
1665 1026
331 1032
465 1029
113 1030
603 1032
798 1032
980 1032
502 1036
872 1033
991 1032
1428 1033
23 1041
372 1034
732 1036
897 1037
1526 1035
34 1037
123 1036
318 1037
368 1037
593 1048
781 1036
1186 1036
1230 1036
476 1039
920 1039
1359 1046
94 1040
161 1040
394 1041
523 1041
721 1040
786 1040
1662 1041
764 1043
100 1044
155 1044
200 1045
356 1047
376 1045
569 1046
825 1054
1204 1045
172 1047
663 1049
796 1054
412 1048
640 1048
112 1050
197 1050
496 1051
771 1053
898 1051
1444 1051
140 1052
245 1052
338 1053
565 1053
692 1061
1018 1052
1179 1052
240 1054
488 1054
544 1055
1189 1057
1707 1055
1838 1055
381 1057
453 1057
588 1058
1017 1057
1341 1061
398 1059
470 1064
734 1058
931 1062
168 1061
207 1061
264 1061
281 1061
500 1061
576 1066
277 1064
536 1065
643 1066
778 1063
840 1063
856 1080
1016 1063
1403 1063
1519 1062
1551 1063
203 1065
217 1065
311 1065
432 1065
659 1065
741 1065
794 1065
412 1066
461 1067
565 1073
844 1070
1352 1069
1594 1067
126 1069
515 1068
812 1069
873 1069
1215 1071
335 1071
372 1076
489 1075
721 1071
1264 1071
1422 1083
50 1073
124 1073
585 1073
902 1074
1158 1074
1294 1076
1412 1072
512 1079
984 1075
1253 1076
1392 1075
48 1077
171 1077
393 1076
1311 1085
1751 1077
654 1079
833 1082
547 1086
641 1081
1279 1080
1520 1081
301 1082
397 1085
434 1083
634 1084
936 1085
1041 1082
1051 1082
1271 1086
176 1085
530 1085
658 1085
173 1087
618 1086
737 1086
593 1091
691 1100
838 1090
1019 1088
103 1094
404 1091
613 1096
780 1098
877 1090
148 1092
259 1093
422 1094
498 1094
528 1095
570 1096
753 1096
193 1097
369 1095
479 1095
515 1095
657 1094
726 1094
513 1098
1286 1096
297 1098
930 1098
1184 1099
1524 1099
253 1101
358 1117
390 1100
490 1107
1283 1105
1294 1101
1537 1100
866 1106
1467 1103
1586 1102
604 1106
718 1105
733 1105
641 1107
812 1107
1296 1107
1719 1107
176 1109
407 1108
546 1108
595 1110
1027 1109
1338 1109
126 1110
182 1111
227 1110
310 1112
514 1119
699 1111
1702 1112
555 1122
806 1113
1631 1112
197 1116
260 1115
493 1118
676 1114
771 1115
1389 1120
82 1117
395 1116
455 1117
566 1116
665 1117
746 1118
1045 1117
1639 1117
394 1119
618 1119
819 1118
832 1127
892 1119
974 1119
1332 1123
1484 1119
109 1121
391 1121
660 1122
750 1120
147 1123
232 1127
380 1123
413 1122
694 1124
881 1130
1425 1129
1592 1124
116 1125
295 1124
310 1125
433 1125
545 1133
636 1125
156 1127
634 1126
673 1126
963 1127
1213 1126
1574 1126
1721 1126
570 1131
614 1129
1251 1134
281 1132
504 1132
590 1132
752 1131
1035 1137
1299 1148
244 1133
715 1137
630 1136
665 1135
860 1137
907 1135
1181 1135
408 1138
612 1138
644 1137
698 1137
989 1136
971 1138
103 1149
412 1141
458 1141
571 1146
774 1140
829 1143
845 1148
886 1142
1792 1141
525 1144
864 1146
995 1145
1521 1145
161 1146
540 1149
229 1150
322 1150
732 1149
1220 1150
1576 1149
67 1151
167 1150
242 1151
350 1151
453 1151
670 1150
1571 1151
121 1152
256 1152
448 1152
590 1152
621 1161
872 1152
1390 1152
1801 1152
66 1154
138 1154
673 1155
1040 1159
1642 1155
199 1157
309 1156
476 1162
503 1159
607 1158
889 1156
293 1158
531 1167
661 1158
744 1158
1323 1159
1366 1161
1388 1159
1639 1158
1662 1158
288 1163
424 1160
634 1161
736 1162
861 1161
1103 1164
203 1163
304 1165
653 1163
663 1162
832 1165
1121 1163
1713 1163
431 1164
719 1164
764 1164
1057 1166
404 1167
953 1166
1164 1167
1226 1166
175 1168
262 1168
595 1171
855 1169
1123 1170
1149 1170
1490 1169
1492 1168
1831 1168
222 1170
445 1171
572 1171
669 1171
747 1173
924 1172
1110 1170
1569 1170
15 1174
52 1173
697 1173
1455 1172
75 1174
301 1174
358 1175
492 1175
640 1180
730 1175
880 1175
1233 1174
1270 1177
1808 1176
344 1177
361 1177
427 1178
516 1179
521 1176
608 1177
802 1176
214 1178
371 1179
490 1178
556 1178
584 1179
682 1178
1070 1179
1214 1178
1663 1179
67 1180
341 1182
373 1180
451 1187
579 1184
840 1181
850 1182
1311 1191
1620 1182
24 1184
175 1183
265 1182
377 1185
1251 1186
1518 1184
14 1184
531 1184
1290 1184
1754 1186
129 1188
276 1187
309 1187
737 1192
858 1186
1347 1187
1578 1186
9 1188
313 1190
353 1192
390 1189
435 1189
550 1188
652 1190
1031 1188
154 1190
217 1190
483 1192
693 1191
1022 1191
1238 1191
1380 1191
1452 1191
1546 1190
381 1192
589 1193
705 1192
781 1194
1398 1193
1459 1192
36 1195
85 1195
215 1195
392 1195
448 1196
603 1196
690 1195
964 1195
1393 1196
1515 1194
1574 1195
663 1214
849 1198
860 1196
881 1198
1608 1197
304 1198
486 1198
537 1200
1391 1199
1545 1199
1610 1198
405 1202
519 1201
984 1204
1264 1202
1789 1200
261 1202
384 1203
467 1215
509 1208
635 1204
697 1211
1388 1203
270 1206
616 1219
683 1205
1010 1207
18 1207
568 1207
15 1209
401 1208
746 1209
907 1208
936 1208
969 1208
1360 1212
120 1215
311 1211
485 1211
539 1212
841 1215
1065 1210
94 1220
335 1213
352 1215
394 1216
491 1213
906 1212
1228 1215
1248 1213
1661 1214
558 1217
630 1214
768 1214
1213 1214
1292 1218
530 1217
1203 1217
648 1218
1608 1219
181 1221
364 1220
433 1222
706 1221
1546 1223
311 1225
318 1222
546 1226
568 1225
1375 1225
129 1225
843 1225
1260 1226
184 1227
737 1226
