914 606
230 0
817 3
1090 0
1297 1
1435 15
1652 3
1735 9
525 11
1293 10
627 11
678 13
1141 18
1650 22
865 23
914 31
806 27
734 28
896 26
1085 31
1107 30
585 32
880 30
877 36
432 38
743 39
926 43
1128 42
1329 42
898 43
500 59
363 51
946 48
959 50
1401 49
1341 52
883 55
939 53
935 57
955 56
1148 57
1570 63
1054 62
1447 67
968 63
922 65
966 64
1139 68
1232 70
1309 69
961 70
986 81
1187 72
561 75
446 76
805 77
952 77
855 82
662 82
766 85
902 91
938 81
1169 90
890 84
828 89
1263 90
859 91
862 92
1486 93
738 100
662 104
809 104
1422 101
1222 103
1254 110
983 110
1330 105
1360 109
1102 108
1135 111
1269 110
1015 118
1421 114
660 117
1032 116
923 119
953 118
1114 118
1140 119
1484 122
1399 124
1282 124
1367 122
1426 124
474 126
650 125
692 128
583 133
1173 129
860 136
955 134
612 134
922 151
1068 134
679 138
1096 141
1257 139
1447 145
1401 144
706 146
740 146
690 148
1342 147
996 148
1069 148
1314 150
1131 159
596 154
777 154
445 155
951 154
469 158
486 157
1090 158
1308 159
1638 164
609 162
1201 163
1341 166
1350 165
1166 169
1389 174
1517 182
702 175
670 176
885 181
396 179
1289 178
952 180
962 187
1304 186
1612 188
935 184
1277 187
1026 193
553 195
1232 195
1292 195
839 199
662 207
1072 201
892 204
1138 204
1275 204
489 207
723 212
648 210
1090 216
1223 207
1614 213
923 211
1462 213
784 220
903 222
1061 221
1518 222
1117 218
1648 241
454 223
920 226
1382 230
849 231
1044 233
954 233
1710 233
1250 235
890 239
678 239
940 242
1258 238
424 244
608 244
1324 243
680 246
1078 250
560 255
689 254
865 258
1428 263
924 258
944 258
1318 259
918 260
1027 263
1239 262
1837 269
1124 273
1021 273
909 275
1097 286
1456 275
817 277
1224 278
1302 291
1317 279
337 282
762 282
978 283
950 288
844 291
823 292
987 294
1223 294
1379 293
918 296
1254 294
1682 299
477 302
781 302
1195 300
1005 304
1241 303
831 307
434 310
558 308
1106 308
1329 308
1830 315
627 311
1410 310
661 315
700 315
1504 315
1586 324
481 317
485 316
1010 326
952 319
681 323
1089 326
313 328
779 330
1037 335
1120 336
1302 329
1429 329
1331 334
900 333
623 335
796 337
1296 334
580 337
1081 337
1094 339
1109 338
1200 345
955 338
806 344
1060 344
1232 345
451 348
905 349
1322 350
224 433
633 354
1291 353
1433 352
839 358
1107 355
1824 367
483 358
900 365
1446 360
642 373
819 361
854 364
1070 361
1377 441
1340 362
797 365
1346 364
1001 367
1265 367
1274 366
1365 368
556 372
786 379
1035 370
1122 370
695 375
864 378
906 372
1021 376
1231 375
484 381
587 377
1244 378
918 379
744 382
895 384
831 387
1632 386
1261 390
612 395
1079 396
1141 394
629 396
959 398
1461 446
1264 401
485 400
1427 406
815 405
929 406
1192 407
1108 408
696 414
1070 410
795 428
507 419
876 465
528 425
1405 422
1586 431
486 427
819 426
427 430
815 430
1264 430
587 434
772 435
1791 453
635 436
978 437
814 436
770 439
1185 448
813 442
1236 441
763 442
929 468
577 445
1616 456
694 453
1111 448
1274 449
1724 450
793 451
359 454
616 454
772 455
811 453
786 459
1270 460
755 464
994 464
1335 465
1014 466
801 471
1009 485
1314 469
752 472
1026 475
1099 473
1277 474
378 476
733 477
903 476
637 478
1066 477
810 487
993 482
1821 488
1366 482
1306 485
690 487
1074 488
949 491
1027 493
559 494
894 493
956 493
1204 493
606 495
1575 497
1025 498
1070 496
1187 499
940 501
1055 501
1280 501
637 503
979 503
770 506
914 507
929 509
975 508
1021 512
404 508
611 508
660 510
677 511
895 511
1037 511
1122 517
609 515
983 519
1067 516
671 516
805 519
853 520
488 523
1019 520
1090 520
1249 521
1262 520
1275 520
1478 533
937 525
1000 526
1062 527
1240 526
1396 529
453 530
1696 529
815 532
994 530
878 534
1275 533
1293 532
618 536
635 537
839 543
922 535
1017 535
1049 542
916 539
1307 537
1141 539
805 544
883 541
1121 542
911 544
690 547
762 545
1403 545
1226 546
784 549
977 548
991 551
907 552
1510 557
848 555
907 585
1108 555
1287 555
662 558
975 556
1723 557
932 559
1047 559
1070 559
555 561
973 561
1025 562
665 568
948 563
1158 564
795 570
1166 571
1202 569
579 570
1243 570
356 572
1311 573
987 574
1423 574
1748 574
522 581
1054 579
1382 583
1017 584
1231 583
858 585
708 587
828 588
727 592
841 591
976 591
1041 592
1197 591
434 594
854 596
974 595
1336 596
1288 597
1723 599
693 600
945 600
971 599
676 601
1249 600
994 603
1372 604
983 604
864 607
969 607
1209 606
1293 606
1132 611
1210 611
1361 613
1746 611
1833 611
990 613
1341 615
583 619
624 618
714 620
940 618
1191 618
1620 619
894 622
642 623
987 622
1593 630
985 625
1155 631
1660 631
347 630
984 628
1305 629
1101 633
1195 630
1246 631
1400 632
620 633
1049 633
1176 632
978 634
1200 634
1276 635
977 637
996 636
773 641
972 643
1036 638
1302 639
803 641
1305 640
722 646
1209 645
1557 648
1033 646
1051 647
1268 647
977 650
1116 652
1331 648
1821 660
604 651
1307 651
1344 650
504 657
1017 655
1058 655
1084 655
1266 655
1025 656
943 661
803 661
1003 662
1315 660
1384 660
1042 662
1345 662
1412 664
638 667
763 666
947 667
1282 668
741 671
865 670
931 678
1251 674
907 678
1609 680
681 678
1047 687
1068 681
1099 682
1220 686
658 684
761 686
865 685
988 691
1709 694
1333 687
914 689
825 691
857 691
1290 691
592 693
646 695
1025 698
1051 694
1195 694
768 697
1360 697
656 699
953 698
551 700
766 704
1159 703
1247 703
1598 706
945 705
1311 704
828 708
1155 716
1309 706
747 710
971 709
1013 708
1058 712
1101 720
648 712
835 714
877 722
983 721
999 714
1181 714
1292 714
1624 714
938 727
429 723
666 723
710 729
732 728
1272 725
531 730
1038 726
1254 729
1080 729
1310 733
1024 747
1114 736
1219 730
1620 735
614 734
839 736
773 737
422 742
581 741
761 744
1467 743
618 743
659 743
778 744
1068 742
1162 743
730 746
735 747
828 747
881 765
1240 747
1048 752
443 756
791 754
803 755
944 752
1075 752
1137 752
1294 754
1132 754
1153 755
1241 754
823 758
962 770
1122 759
1761 761
539 761
1089 760
918 764
744 765
948 764
1104 765
787 767
1036 769
1084 769
1642 769
549 771
804 773
1007 771
1020 772
1175 773
1276 772
696 775
1003 782
1072 774
1381 776
239 780
1189 779
1260 778
792 781
1171 802
229 783
668 783
678 785
798 790
985 786
1225 785
1061 795
1368 786
526 789
659 789
706 788
974 793
1290 790
577 793
701 816
1649 797
675 795
755 796
913 794
931 802
871 797
815 801
915 799
1458 807
954 800
801 805
950 802
1282 802
1274 812
603 807
634 806
1132 807
804 808
862 815
1084 811
1414 811
829 813
1030 837
1092 812
1050 817
774 819
811 820
878 825
935 820
1056 822
1723 823
1117 822
730 826
852 826
1164 825
605 827
1183 826
1260 827
1283 827
1692 827
728 830
1055 829
386 831
782 831
1251 830
1559 840
1697 830
440 833
725 833
461 834
724 835
822 839
976 835
1053 834
857 836
987 837
894 840
1009 848
678 843
989 842
1225 843
585 844
780 844
929 851
612 847
976 846
1334 847
1163 849
597 853
838 852
502 854
1095 860
1118 854
1192 854
1301 854
651 858
843 857
1255 857
907 859
1188 858
671 861
1549 860
848 864
1553 863
1131 867
1385 867
1633 867
920 968
989 867
1145 867
1253 866
850 869
978 869
1327 869
893 871
918 875
1658 870
722 874
982 876
1107 875
1058 879
1199 876
1267 876
749 879
802 880
863 879
533 881
1676 881
1723 893
1561 888
845 889
857 889
1423 896
751 893
925 898
1300 892
1317 893
1803 898
943 895
804 898
1000 898
562 899
910 901
1121 902
448 903
1038 906
852 905
988 905
681 907
732 910
955 911
803 913
911 911
1161 911
435 914
507 912
909 913
1123 915
736 922
707 922
1044 922
918 925
1581 931
885 930
1647 930
1387 938
904 940
949 941
959 943
935 943
940 945
483 952
1809 954
1561 959
312 959
1602 962
1412 967
232 968
1768 971
369 977
430 982
1330 983
1467 983
480 986
1829 986
220 991
1422 994
330 997
1553 1008
1508 1007
1695 1006
1303 1009
1309 1011
523 1013
1226 1013
1579 1013
1584 1015
542 1016
1145 1017
1202 1021
1475 1024
1241 1022
1171 1024
1182 1024
754 1029
1056 1026
1187 1026
1332 1026
1640 1032
1790 1026
423 1028
627 1028
634 1029
842 1032
1099 1033
604 1032
1071 1034
1296 1032
895 1039
1699 1037
1715 1038
1134 1040
651 1040
994 1045
1590 1041
533 1042
1494 1052
627 1044
1594 1044
1613 1045
610 1047
700 1048
1697 1049
1423 1050
1092 1053
1256 1052
1305 1055
968 1058
981 1057
766 1059
952 1058
1029 1061
570 1060
759 1064
973 1062
1217 1063
24 1065
932 1066
1303 1067
526 1067
840 1068
1441 1070
1232 1068
1246 1071
460 1072
1191 1073
705 1075
865 1074
517 1077
746 1077
1229 1077
1281 1077
1390 1078
1695 1080
848 1079
889 1082
1140 1081
1246 1081
464 1090
582 1094
822 1096
1146 1096
1489 1097
462 1098
1302 1098
1633 1103
873 1100
980 1108
1162 1100
942 1104
1481 1102
324 1105
641 1106
1250 1106
1311 1106
756 1109
850 1109
906 1110
1698 1109
805 1113
660 1114
837 1115
1705 1117
527 1120
635 1121
1106 1121
1234 1122
1322 1120
1384 1122
473 1122
1057 1122
1561 1123
757 1124
921 1124
1365 1125
61 1127
365 1127
962 1127
1616 1126
584 1129
843 1128
592 1131
793 1130
1450 1131
1806 1131
840 1132
1173 1133
1243 1132
1667 1134
620 1137
1672 1136
926 1140
583 1142
1525 1141
1579 1140
389 1142
766 1143
1627 1144
1219 1149
1284 1150
1440 1149
296 1150
636 1151
910 1152
1378 1156
634 1152
737 1154
338 1158
1605 1158
616 1159
462 1160
1609 1160
767 1162
1650 1162
1720 1165
759 1169
830 1168
1586 1168
1604 1169
689 1171
910 1173
729 1176
772 1175
1234 1174
1310 1174
1531 1175
1562 1175
994 1177
764 1180
669 1183
878 1183
501 1184
523 1184
1137 1184
641 1186
960 1187
1573 1187
937 1188
1315 1192
1527 1198
579 1199
613 1192
674 1192
784 1192
1621 1198
1641 1192
729 1194
1083 1197
1762 1196
1512 1198
1176 1200
1362 1200
604 1203
631 1204
705 1202
718 1202
1670 1204
192 1206
1324 1209
159 1210
2 1213
1174 1212
1148 1214
1447 1214
871 1217
1305 1217
1317 1218
1453 1221
628 1222
1244 1225
800 1227
1128 1227
