917 608
479 87
550 4
567 152
651 4
874 2
1132 3
1248 5
921 9
948 7
1006 9
1268 23
597 24
1162 21
1532 23
1012 34
1612 46
1770 24
1731 35
1247 30
652 32
1551 35
414 34
1683 61
984 38
1203 49
640 54
1232 56
1254 58
803 71
639 66
757 75
735 89
1150 107
1112 88
1602 99
1635 110
635 90
1815 106
1420 100
1711 97
844 100
1242 99
1499 102
615 104
820 105
934 122
1569 116
617 121
787 119
863 116
850 123
664 126
1166 125
499 135
993 135
879 134
1436 133
520 133
1566 140
526 135
898 143
944 134
614 142
1689 137
837 152
535 150
947 144
1370 145
1427 147
552 146
201 158
965 161
1654 158
853 165
323 168
646 165
1223 166
1672 196
604 168
1184 169
405 171
384 176
1157 175
712 176
882 183
1225 182
1310 209
846 195
485 191
966 188
1096 191
641 192
1186 301
471 198
524 200
1155 200
878 202
470 207
808 210
1110 211
1145 213
956 215
1602 232
603 276
1269 217
484 223
659 220
890 277
947 220
1471 226
962 224
1220 229
870 232
1216 230
1208 232
1226 235
490 257
1522 244
962 245
454 250
917 266
1154 255
468 255
1308 257
1238 262
696 263
1791 263
1797 262
590 265
1778 265
1772 266
508 268
1229 276
1742 271
1745 270
844 282
1041 280
1395 272
1726 273
1733 272
1722 274
1640 284
1702 277
1707 276
1346 283
1015 288
955 285
1656 285
1663 284
1237 288
869 292
1595 296
1682 334
848 298
944 301
1226 322
1068 305
1088 320
854 313
913 316
1141 318
1837 320
917 331
1446 326
978 329
1318 326
839 347
848 334
1084 334
1055 343
1163 348
408 337
1318 341
1531 339
133 346
915 343
814 343
1453 344
801 352
1622 350
1105 357
916 356
357 365
1564 369
1403 371
1312 383
929 376
1207 379
1209 378
1151 388
1130 400
1608 403
217 399
527 397
544 401
1229 401
458 405
969 410
1208 410
1422 412
763 422
840 434
1136 433
1427 429
915 436
1499 434
1423 436
1621 450
817 436
1289 442
774 443
519 442
901 488
1481 447
242 448
538 450
1128 453
883 452
1419 455
928 454
212 457
814 457
1158 461
811 458
831 464
1657 463
129 465
921 465
1654 465
947 470
781 475
804 476
866 490
1142 483
961 487
1029 491
764 488
823 496
1167 501
852 508
960 503
1081 503
1563 516
952 506
919 514
782 522
1026 518
1748 524
1097 522
1196 520
944 523
853 543
935 534
938 535
1522 549
913 543
551 549
1088 552
800 569
975 567
478 571
748 573
865 575
892 580
1036 587
849 583
929 587
997 598
391 593
864 593
1146 605
1379 595
1466 595
1423 599
1662 601
363 603
507 601
845 602
575 615
1044 617
817 619
626 625
784 628
858 627
266 629
1111 628
597 635
778 633
802 642
1437 644
1731 654
782 644
254 651
779 652
785 657
853 676
713 661
812 662
224 668
701 666
833 669
508 671
808 675
1692 670
1152 677
941 675
1020 674
776 692
836 679
1379 680
727 691
1674 695
731 694
1467 695
691 700
1078 699
807 701
949 701
1198 703
424 711
1050 708
984 707
629 710
789 720
1214 713
675 716
765 742
1486 727
567 724
793 737
946 738
1157 743
1438 741
523 751
677 756
728 761
944 759
751 761
866 761
1387 767
1806 777
1353 771
760 772
837 794
1092 775
1586 779
1691 776
393 777
771 784
756 788
520 792
947 793
751 804
53 811
470 810
758 810
33 813
571 812
774 814
1612 815
766 817
1065 821
995 829
849 836
908 834
992 837
804 842
854 860
1052 845
1022 846
1071 848
1015 850
1070 851
1089 854
755 864
983 866
1031 863
904 875
918 877
920 883
1396 889
1636 896
983 912
1064 914
906 914
846 917
905 925
906 927
1375 931
630 941
1419 941
720 943
1080 943
1417 942
977 945
876 948
1074 951
1087 949
349 952
1635 956
920 980
896 968
1079 965
1654 964
884 1094
1007 974
889 977
1087 977
1191 993
1089 985
1549 987
706 1005
827 1005
1104 1005
1169 1004
1034 1015
1181 1012
648 1030
697 1014
1007 1018
1014 1024
784 1029
997 1028
1299 1029
1027 1034
671 1040
1136 1051
691 1055
690 1058
1594 1069
973 1072
1307 1110
237 1106
341 1113
412 1116
1666 1118
273 1130
1095 1150
1436 1177
1045 1209
1661 1219
