921 614
267 7
405 6
456 10
515 0
532 2
594 0
665 43
707 0
729 4
750 1
767 9
788 2
805 8
838 6
864 8
968 4
1084 4
1151 4
1273 5
1319 5
1347 20
1382 12
1431 0
1487 7
1461 16
1028 19
359 24
937 16
875 19
487 21
271 19
733 18
798 24
861 24
273 25
818 26
522 31
1137 38
1170 40
1430 28
275 31
452 36
849 32
794 47
826 43
967 35
1234 32
1457 35
1784 34
1800 35
1809 34
1838 36
1380 43
1791 38
997 51
1413 45
1773 46
1279 43
906 54
936 45
1187 57
1323 46
436 65
4 61
872 70
975 64
1334 63
1788 59
1791 58
842 63
1597 65
792 69
826 74
944 74
772 75
961 91
1022 79
1607 73
12 75
573 83
797 87
480 108
981 90
1041 84
1108 89
1611 87
678 83
1590 83
1420 88
516 97
619 99
1470 88
687 99
1009 92
1588 90
1176 96
1277 101
541 120
713 102
1363 105
1697 103
417 111
1253 102
1605 100
787 121
819 104
1135 111
1313 110
910 106
1584 109
768 108
875 110
454 113
922 122
705 118
1116 122
740 125
888 126
1327 132
817 128
497 134
665 134
726 131
717 150
422 155
949 145
1062 148
529 146
1045 146
764 145
808 149
923 146
987 152
1144 151
910 151
864 154
777 156
877 159
1393 163
612 158
1087 164
1274 158
466 163
647 159
733 170
938 161
907 161
1111 165
506 169
700 179
758 186
561 167
596 169
546 176
625 181
648 176
653 178
800 200
899 179
953 183
1355 193
428 187
847 184
1423 187
468 191
830 187
522 195
724 191
1151 198
869 195
1180 200
1396 201
890 198
1025 198
950 202
907 202
925 203
1096 219
768 203
657 210
988 206
1040 214
290 208
369 213
388 214
676 212
480 211
733 211
854 213
1138 227
1188 219
1171 219
1225 221
420 223
497 224
583 222
763 222
1019 224
568 224
626 225
454 236
689 226
730 225
836 227
743 229
876 233
1049 236
1314 235
908 231
950 243
1030 230
1246 236
778 235
618 248
1104 240
419 245
871 241
895 242
968 252
1075 255
671 242
814 243
564 245
677 245
857 245
156 249
505 257
1123 251
692 252
791 253
921 254
992 257
698 258
725 258
812 261
893 256
599 264
650 258
662 262
744 271
1105 267
530 270
646 261
832 261
439 269
621 270
1163 268
827 275
715 273
853 274
983 287
688 278
708 283
889 279
654 281
761 281
966 282
566 285
1239 280
729 284
865 284
480 291
810 287
1058 289
884 290
617 295
1163 295
1263 298
643 294
733 293
1106 297
1073 301
1284 313
573 314
718 299
845 301
875 304
774 304
800 306
466 311
1050 311
1240 323
710 310
525 319
805 315
905 314
971 315
776 319
1190 317
507 322
739 325
893 318
982 319
591 325
1046 323
610 325
1210 328
834 327
917 409
1103 332
1059 337
481 342
724 335
820 338
600 340
519 346
790 343
1072 349
748 348
807 350
732 350
768 350
1020 349
1366 354
569 352
783 354
1039 356
609 355
1246 365
534 358
676 358
1127 359
760 373
456 366
728 369
661 394
797 364
1082 378
625 368
805 379
705 369
554 393
446 376
611 375
839 372
496 384
1011 379
822 382
1699 381
743 385
475 385
618 390
1009 384
692 398
1328 409
531 399
1134 391
776 399
1280 394
732 395
792 398
813 399
1214 401
1237 400
1297 403
710 402
819 403
1071 407
1277 403
299 406
612 406
745 406
759 407
600 413
477 416
773 415
1012 419
536 416
695 419
1114 421
605 423
719 425
819 420
1256 425
551 429
1225 427
764 425
821 428
596 431
734 431
767 459
1034 444
1074 436
675 434
777 434
529 440
640 434
628 437
708 439
1574 436
731 439
766 441
689 454
807 442
1137 443
232 443
712 451
634 448
830 446
1115 446
516 455
727 449
1187 449
1495 451
1247 464
547 455
473 460
602 455
643 454
1279 454
817 459
1061 474
826 462
725 464
461 471
607 476
829 474
557 479
854 476
443 478
654 479
718 489
841 480
186 485
412 483
578 481
659 485
808 485
1266 485
464 487
852 567
692 491
780 489
1204 495
597 490
773 493
1284 494
95 494
512 501
794 495
1011 494
666 498
696 497
811 498
566 502
627 500
738 509
755 499
1030 509
1254 502
821 504
673 504
784 504
945 506
1156 503
548 508
763 507
789 508
776 510
809 517
457 513
704 513
1198 511
1211 513
1230 510
675 514
755 528
610 516
1431 514
472 520
730 518
666 519
838 520
869 523
710 522
591 527
499 531
536 536
614 527
799 527
879 530
983 561
1085 530
629 528
671 531
1226 545
1437 533
934 535
746 537
891 537
1021 540
655 542
490 547
560 544
722 545
741 542
1152 542
1187 547
407 549
593 548
1062 547
694 546
1080 546
1206 549
1333 547
653 550
1027 551
736 550
765 552
299 553
705 553
748 556
784 553
1318 552
1504 554
670 557
730 559
959 561
1052 559
446 560
459 565
742 564
754 565
1211 572
1271 563
1041 577
1376 564
641 569
675 568
1254 568
681 571
1285 574
928 575
401 577
687 577
1196 583
647 578
217 580
554 580
581 581
949 580
744 582
1168 583
784 593
1407 586
1552 587
668 596
1383 589
543 593
601 597
1190 596
438 597
1131 594
1232 600
1394 596
1305 598
526 601
548 614
723 602
793 606
947 606
1169 607
701 606
912 610
972 605
987 606
1014 615
1596 605
343 606
609 606
1660 607
475 612
506 609
519 616
733 613
1099 614
844 613
1330 610
630 612
959 628
660 616
760 616
936 634
1308 615
147 617
720 616
821 616
862 621
638 620
682 619
1079 621
164 621
654 620
839 620
770 626
827 623
1040 635
1265 622
502 626
707 627
752 624
1367 625
528 632
1143 631
338 630
693 630
737 631
1189 637
1325 631
452 633
579 633
972 633
742 635
922 638
511 640
1011 641
909 638
1285 639
539 641
721 642
818 642
1231 640
573 642
772 643
1421 643
620 644
454 649
478 649
685 648
786 661
1169 665
635 649
767 649
863 654
1205 652
813 652
907 657
666 654
983 654
1033 653
1273 656
731 657
754 666
820 655
1021 668
824 657
1131 658
1154 660
229 658
595 659
529 661
704 660
937 674
997 666
1065 660
1440 660
220 663
506 671
582 665
711 662
726 662
773 664
801 665
1067 663
1632 663
1663 662
525 666
665 664
1287 665
1420 665
697 667
718 669
1345 667
556 669
879 669
1101 668
733 672
968 672
1061 673
1238 670
1421 671
762 674
1293 675
422 676
550 678
575 678
696 677
1143 676
616 680
1254 678
1624 678
483 682
669 680
709 681
869 680
1147 681
1477 680
1586 680
1706 681
6 683
828 694
589 684
604 687
960 687
730 687
803 688
1075 751
625 689
659 689
1431 689
255 691
294 690
339 690
907 692
1024 733
1151 690
1182 697
545 694
691 702
921 696
1161 695
1421 695
216 697
746 717
866 699
1346 697
1398 696
1810 697
718 698
894 700
250 700
328 700
765 710
1374 700
612 702
655 704
878 705
958 762
1613 703
1174 707
1342 705
425 711
669 708
805 708
858 710
1410 707
256 708
702 714
1081 711
1213 708
1345 708
1357 708
531 714
716 711
811 711
835 712
883 743
187 712
407 712
662 714
902 714
930 722
265 716
380 714
560 740
1183 716
1237 716
636 718
782 717
800 718
1139 720
1277 719
844 781
834 720
1236 721
263 723
620 729
817 724
582 729
1230 724
1580 726
783 728
1171 733
1470 726
208 729
707 729
728 729
1222 733
1291 728
319 732
676 731
1365 730
477 735
1321 733
1396 733
1838 733
106 734
589 735
629 735
1762 734
23 737
156 737
905 914
961 737
1150 736
276 739
290 738
849 739
1490 739
1670 738
671 741
108 743
386 743
538 744
724 743
1198 744
1506 748
518 753
601 745
1275 745
1291 744
44 747
77 746
492 747
851 747
344 748
379 748
861 751
307 752
580 753
843 752
416 754
710 755
790 752
1335 752
1534 753
323 758
408 757
474 758
644 757
670 757
841 757
1305 756
1339 756
1373 757
661 760
1133 759
569 761
638 761
673 761
864 769
1340 760
495 768
518 763
537 763
698 776
1681 762
372 765
900 764
1116 764
1189 765
1298 765
1483 764
286 767
1184 769
188 768
647 768
1237 770
283 770
553 771
1523 771
293 772
583 773
1216 774
872 775
1132 783
1458 775
1488 775
1512 774
424 778
518 777
714 777
1146 776
1311 779
1674 779
219 781
274 780
671 780
876 782
903 783
1340 780
1345 781
1480 780
510 787
717 783
1206 782
1255 784
1310 782
572 784
1374 785
432 790
564 787
1110 786
1113 788
1173 788
1667 786
592 789
785 789
1044 788
793 791
894 792
1201 790
1228 791
539 800
625 793
870 794
1015 792
1483 793
1532 792
650 796
795 795
966 812
1158 795
1238 795
1318 795
1618 794
385 796
484 797
1069 824
1117 800
1143 799
1185 796
1254 797
1347 796
1472 796
1779 797
181 798
582 798
893 798
967 800
1285 799
1489 799
207 800
616 800
1331 807
1388 800
155 802
663 802
562 805
630 804
1179 805
808 831
1297 806
1403 807
1584 806
1121 812
1539 809
425 811
528 817
637 813
699 811
794 810
1133 814
1184 811
1156 814
1469 813
507 815
552 817
573 819
631 819
1002 821
1317 818
1540 818
687 821
1050 821
847 822
1054 825
1545 823
164 824
629 825
672 825
1302 825
1737 825
428 826
610 826
1274 826
1283 827
1505 826
368 828
602 838
662 828
674 829
1319 829
1415 829
517 830
950 843
104 832
510 838
658 832
723 833
1150 834
1177 832
1532 832
579 836
1064 834
1201 836
1306 834
1334 839
1468 834
545 836
1539 838
1691 837
1720 837
524 841
588 840
1601 839
627 842
698 841
1430 840
1502 840
1621 840
719 843
854 845
1361 842
1660 842
888 845
1159 844
1658 844
300 846
560 847
773 848
785 846
988 847
213 850
446 848
501 849
681 849
986 848
645 851
709 851
1163 851
1248 850
1779 851
575 853
855 857
952 876
1204 853
1271 853
1674 852
248 855
714 854
1149 855
1446 858
800 858
831 857
906 862
1234 856
1281 857
464 860
773 862
816 858
880 862
1143 859
1733 858
522 861
860 860
981 861
16 864
798 882
1206 864
1228 863
557 866
698 864
712 868
1154 867
1595 867
868 871
938 869
1421 868
339 871
619 873
646 876
693 872
912 872
1042 875
1666 874
14 875
517 876
1199 875
1578 875
660 881
833 877
1155 878
709 880
770 878
1250 879
1469 879
1684 879
528 881
617 881
684 881
844 885
235 883
541 882
715 894
906 884
1379 882
1619 882
560 886
1365 887
1448 885
1452 884
481 888
828 886
516 889
584 895
605 890
626 890
1495 889
822 890
1553 891
1687 891
1499 895
645 896
1512 896
630 898
672 899
1370 898
1547 898
1650 899
1732 899
565 915
619 902
896 901
281 902
498 904
603 903
652 905
1187 903
1602 902
670 904
695 906
817 904
1299 907
689 909
795 911
825 909
980 911
1292 908
148 911
235 911
388 910
664 912
1455 910
589 912
1360 912
405 915
608 915
676 916
702 914
725 914
576 917
1504 916
1171 920
1261 920
1560 918
821 920
1687 920
1807 921
442 923
685 922
536 925
641 926
706 924
1242 925
1442 924
1478 924
657 931
1779 927
378 930
593 934
613 931
698 931
1397 933
1616 931
1723 931
1745 930
1812 931
292 932
471 933
1568 934
268 935
462 934
628 935
718 935
1218 935
436 937
571 936
730 940
1216 937
153 938
261 938
629 938
1795 938
1241 943
1727 943
242 944
617 945
1254 944
1414 946
1448 946
137 946
263 947
443 946
520 946
531 946
547 949
252 948
700 951
1428 953
1577 950
80 952
463 953
1304 956
1477 952
1655 953
116 958
417 954
590 955
699 955
1132 960
435 958
721 956
1367 960
395 960
736 959
1158 958
524 960
537 960
576 961
612 961
680 960
1390 960
1394 962
1565 961
1735 960
212 963
531 966
550 963
639 962
1155 963
1737 962
1790 963
698 966
584 968
1744 969
1151 971
1508 972
1088 972
290 976
608 975
664 976
734 974
1275 974
586 977
641 976
174 978
593 981
946 980
1012 978
1029 980
172 981
444 980
527 981
1202 980
1204 981
1396 981
35 982
441 984
561 982
623 984
1061 984
1554 983
1623 982
716 986
934 986
1304 985
637 987
997 989
1184 989
1806 989
133 991
573 991
1075 991
1089 991
1120 991
1425 990
1584 990
1714 992
212 993
381 993
927 992
969 993
991 992
1071 997
1103 996
1218 992
1586 993
13 995
67 995
201 994
466 995
547 994
584 994
627 994
1042 995
497 998
509 997
524 997
667 997
1173 997
454 999
650 998
1260 999
1666 999
304 1000
898 1002
1155 1000
1299 1000
1518 1001
350 1002
564 1003
684 1002
966 1002
981 1007
1011 1004
1487 1003
1641 1003
157 1004
604 1006
744 1009
947 1006
1325 1005
1554 1004
1837 1005
528 1008
622 1008
718 1011
1348 1007
375 1008
1094 1015
1512 1009
933 1010
1024 1014
1190 1011
1336 1011
1399 1011
1697 1012
647 1012
875 1012
709 1018
1053 1015
1295 1015
1514 1015
403 1017
444 1017
851 1016
893 1018
1333 1018
1367 1017
1471 1018
1671 1017
1717 1016
810 1019
925 1027
1106 1018
1578 1018
1643 1020
553 1020
653 1020
664 1020
1122 1021
267 1022
426 1023
459 1023
567 1037
7 1025
337 1025
378 1024
455 1024
656 1028
687 1025
748 1024
965 1027
408 1027
719 1026
799 1026
845 1026
886 1028
983 1027
1086 1026
1316 1027
1381 1026
528 1030
631 1028
1108 1033
1830 1028
1214 1033
1532 1031
487 1033
667 1033
729 1035
784 1033
848 1032
865 1032
1392 1032
1803 1032
183 1035
326 1035
509 1035
591 1036
598 1034
1140 1036
464 1036
1379 1036
534 1040
822 1038
952 1039
1183 1038
1343 1038
1453 1038
1543 1038
1702 1040
90 1041
376 1041
472 1041
724 1040
880 1040
934 1042
1063 1043
1244 1041
698 1043
752 1043
794 1042
858 1042
53 1044
293 1045
431 1045
537 1046
869 1044
950 1045
992 1044
1136 1045
1492 1045
106 1047
282 1047
757 1050
770 1048
846 1046
1103 1046
391 1052
825 1049
929 1048
1021 1048
1045 1049
1075 1049
1146 1049
116 1051
673 1050
697 1050
989 1050
1013 1053
218 1052
629 1054
710 1052
1231 1052
1423 1053
1430 1052
1550 1055
326 1055
533 1054
592 1056
957 1054
977 1056
1090 1056
1117 1055
333 1056
527 1057
567 1059
666 1058
692 1057
914 1057
1394 1056
1421 1056
1632 1057
850 1061
996 1058
1002 1060
1078 1062
582 1062
225 1062
347 1062
469 1064
983 1063
1042 1063
1111 1063
1165 1063
500 1064
547 1069
558 1064
633 1065
721 1071
877 1064
892 1075
941 1065
1096 1066
1144 1065
1230 1065
203 1068
570 1067
592 1066
961 1068
1356 1067
375 1068
743 1068
1021 1069
1262 1069
1564 1069
146 1071
440 1071
746 1071
1310 1071
1541 1071
841 1077
1543 1073
1623 1073
500 1074
797 1075
1080 1074
1125 1074
1201 1075
1734 1076
275 1077
562 1076
1030 1077
1150 1076
1171 1082
1454 1077
517 1078
521 1080
614 1079
805 1078
958 1080
970 1080
1630 1079
489 1081
508 1080
1416 1081
346 1082
868 1084
1063 1083
1108 1084
1437 1082
1448 1082
1571 1082
329 1088
442 1085
688 1084
717 1086
742 1085
1046 1085
1078 1084
1613 1084
439 1087
555 1089
573 1088
1150 1086
1198 1087
168 1089
610 1089
653 1089
705 1089
734 1090
874 1090
923 1089
1048 1088
1060 1089
1374 1088
425 1090
586 1093
850 1091
996 1091
1031 1095
1116 1092
622 1093
1184 1093
1314 1092
1467 1092
1681 1092
321 1094
615 1096
709 1095
831 1095
1072 1097
1469 1094
1516 1094
212 1096
522 1098
626 1099
714 1098
771 1099
821 1098
1195 1099
528 1101
550 1104
598 1100
605 1101
913 1100
925 1100
940 1104
1055 1100
1121 1100
1215 1101
577 1103
727 1103
842 1102
978 1102
996 1102
1150 1103
1174 1102
1251 1103
484 1105
532 1107
794 1104
1008 1104
1060 1114
1137 1104
1166 1105
1478 1105
129 1107
450 1106
573 1106
866 1107
954 1106
961 1108
1158 1107
1733 1106
27 1108
182 1108
703 1112
870 1109
1012 1108
1077 1108
1185 1109
1207 1109
1396 1109
1548 1109
1700 1109
337 1110
566 1110
1196 1110
1458 1111
889 1113
1378 1112
826 1114
938 1115
118 1116
231 1117
347 1116
970 1120
995 1117
1029 1116
1156 1116
1426 1116
195 1118
839 1118
909 1120
950 1118
989 1123
1096 1120
135 1121
264 1121
383 1121
512 1131
657 1120
868 1120
979 1120
1036 1120
1746 1122
538 1122
573 1124
587 1122
848 1123
1046 1126
1662 1123
285 1125
295 1125
384 1125
413 1124
475 1125
693 1124
756 1124
935 1124
1022 1125
1073 1128
1099 1125
1114 1124
1202 1125
5 1127
333 1126
373 1127
558 1127
648 1126
780 1127
783 1126
963 1127
1172 1126
303 1128
418 1128
478 1128
628 1130
703 1129
866 1129
897 1128
945 1129
1128 1128
1213 1129
1706 1129
269 1131
642 1130
777 1131
881 1130
974 1130
1026 1140
1294 1131
1418 1132
173 1133
536 1132
696 1139
749 1134
850 1133
856 1132
957 1132
1048 1132
1332 1133
1797 1132
422 1135
561 1135
621 1134
652 1134
924 1134
956 1135
1010 1138
1169 1134
798 1136
863 1137
1180 1137
1823 1137
376 1138
616 1138
1189 1139
255 1141
568 1148
1329 1141
1331 1140
1764 1141
321 1144
446 1144
666 1142
864 1146
953 1143
1060 1148
1158 1142
1168 1142
1279 1142
539 1146
973 1146
1134 1145
1212 1145
1228 1145
1379 1145
728 1146
736 1147
878 1146
1094 1148
1468 1146
289 1149
507 1148
602 1149
760 1149
802 1148
885 1149
1746 1149
1806 1148
36 1150
460 1150
493 1150
1006 1150
1032 1153
1748 1151
210 1153
227 1152
899 1153
1132 1152
1173 1153
1598 1152
257 1156
342 1156
887 1154
938 1154
962 1157
1373 1155
1434 1154
188 1156
275 1161
491 1156
542 1161
677 1161
894 1159
1018 1157
1293 1157
597 1159
720 1158
733 1159
848 1159
933 1158
996 1159
1106 1160
1127 1160
1208 1159
1254 1158
869 1163
929 1162
1080 1160
1095 1161
1239 1161
493 1163
513 1164
1001 1173
1017 1163
1039 1163
1174 1163
1186 1163
305 1165
774 1165
917 1168
1076 1164
263 1166
433 1167
613 1167
946 1166
987 1166
1056 1171
1147 1166
1251 1166
1593 1168
29 1171
256 1168
551 1173
629 1169
1037 1172
1199 1169
496 1171
602 1173
900 1172
1179 1171
1208 1171
1617 1174
241 1172
526 1173
625 1172
686 1173
729 1173
794 1172
884 1173
1160 1172
1185 1173
1244 1172
1347 1173
1510 1172
1633 1173
208 1175
399 1176
414 1175
655 1174
759 1176
827 1174
1233 1175
1275 1175
1288 1175
1299 1176
640 1176
706 1178
989 1179
1107 1179
1135 1178
1167 1178
1215 1180
1495 1179
94 1181
178 1180
563 1182
574 1181
668 1180
790 1184
1371 1181
1783 1181
597 1189
952 1183
1016 1183
1052 1187
1197 1182
1660 1182
186 1184
301 1189
666 1184
861 1184
915 1188
936 1186
1250 1184
1255 1185
1457 1185
81 1187
158 1186
215 1186
350 1193
544 1196
735 1186
965 1188
1079 1186
1131 1187
1485 1187
1748 1187
1779 1186
155 1188
678 1188
696 1190
855 1189
1230 1189
1653 1188
488 1194
531 1190
831 1191
976 1197
1101 1190
1152 1191
391 1192
571 1196
583 1192
613 1193
868 1193
1041 1193
1098 1193
1164 1200
1199 1192
1829 1192
421 1195
468 1197
518 1197
616 1199
684 1194
877 1195
889 1195
948 1198
1444 1194
1684 1198
1820 1194
641 1197
707 1198
751 1196
995 1196
1006 1201
1075 1196
1128 1196
1288 1197
1298 1196
1450 1196
129 1199
632 1199
1031 1198
1112 1198
1301 1198
1315 1200
1522 1198
16 1200
285 1200
377 1206
530 1201
1197 1201
1211 1200
1255 1200
1745 1203
762 1202
925 1205
1218 1202
357 1204
541 1204
574 1204
656 1204
683 1205
742 1204
902 1205
1060 1214
89 1207
538 1206
549 1215
607 1207
938 1206
1142 1208
1751 1208
1823 1209
202 1208
512 1208
569 1209
582 1209
604 1208
812 1209
856 1208
909 1210
1262 1208
1729 1209
416 1212
565 1212
894 1211
1447 1210
147 1213
325 1213
589 1216
636 1212
918 1215
1078 1213
1196 1212
1416 1213
1511 1217
616 1215
1168 1214
209 1218
459 1216
680 1216
863 1217
934 1219
1039 1217
1117 1217
1647 1216
82 1218
444 1218
806 1219
951 1219
963 1218
1156 1218
1255 1219
1266 1219
1312 1220
1454 1219
707 1221
992 1220
1032 1220
1496 1220
514 1225
584 1224
618 1226
786 1225
1016 1222
1205 1222
1423 1225
252 1225
553 1225
600 1226
873 1225
922 1225
1251 1226
1329 1225
77 1226
645 1227
686 1226
710 1227
805 1226
1133 1227
1466 1226
1605 1226
