900 626
140 42
297 17
646 58
581 9
790 28
817 1
1039 73
1037 6
1336 98
1433 52
1451 103
1598 101
1761 121
1829 36
1215 6
895 16
1253 22
980 16
1493 22
1199 20
1529 20
1691 23
741 31
365 29
1035 46
1189 38
492 40
1211 42
1689 45
1165 50
1253 62
464 64
1344 64
1236 66
1666 104
1240 74
789 81
870 77
1194 83
1211 78
1472 92
518 102
1205 90
1685 97
880 92
903 95
975 97
877 102
1185 105
886 108
968 109
980 109
871 115
1038 113
1053 112
1225 115
958 115
1186 119
1197 126
1487 121
1682 120
650 124
947 123
1229 127
1212 128
1240 128
205 134
959 130
1175 129
1007 133
936 135
1427 134
1812 135
930 139
1210 141
883 141
933 200
867 142
1005 142
1419 146
999 147
1195 148
980 148
990 149
1170 150
1250 155
1685 152
671 161
994 156
898 171
1119 167
1155 160
984 161
628 167
880 163
1014 168
1225 171
758 173
1217 169
547 175
583 180
1157 173
1199 175
1249 174
885 172
984 174
1099 182
875 175
1019 178
1276 176
1674 182
1143 178
978 181
1838 188
1040 185
1436 187
1051 193
1117 200
1164 191
1432 190
1178 192
1231 194
901 193
1082 194
1271 194
887 195
1544 203
732 206
1299 203
1506 197
856 203
907 202
963 202
1071 209
1418 208
1450 212
1718 204
439 213
575 213
894 208
1135 208
1212 208
1229 307
1326 228
698 213
997 216
1160 215
885 218
966 218
1137 220
1373 232
1015 221
1279 226
798 227
972 222
1058 226
646 229
882 225
1670 229
1128 238
1206 228
1716 230
1832 232
970 229
1181 232
737 236
893 232
1302 258
1045 247
1143 238
1248 234
1020 239
1102 239
1474 244
1217 243
1255 243
1408 248
1661 248
654 253
1008 249
909 249
701 256
1183 254
1159 264
1075 265
905 258
1123 261
1197 261
894 265
1450 264
1707 262
459 268
691 267
1462 270
873 271
987 395
714 274
777 277
837 275
1422 281
656 279
994 279
611 284
1449 285
1604 287
855 283
1103 283
853 284
849 287
1099 290
1187 291
696 293
845 290
1055 293
1127 295
1246 293
1330 292
448 294
841 295
1069 295
482 301
892 296
1016 302
839 298
987 299
1346 455
520 305
838 301
1513 304
437 303
1289 314
1341 302
195 413
836 305
884 305
904 306
1122 306
1195 320
834 309
902 309
1782 313
1048 312
1628 316
670 412
832 315
914 317
1119 319
831 318
1514 339
830 324
928 322
1077 330
871 342
1635 331
827 337
784 330
844 333
1061 330
889 334
1260 330
1252 337
1457 336
1311 335
1128 350
1668 345
1443 344
1819 347
639 346
1018 348
1264 348
703 351
1062 352
1417 351
767 352
1570 390
1719 387
715 358
1010 359
1203 359
865 365
1303 358
1630 359
790 360
1168 368
1274 363
828 365
1254 369
755 373
817 371
1518 372
1344 375
1414 379
1451 383
828 378
1130 378
1270 377
1677 376
476 387
1116 381
1276 378
1397 378
1684 383
1237 383
829 386
864 390
1334 385
108 386
1152 391
1437 391
777 393
780 392
830 393
1065 399
1741 425
991 401
1261 402
1303 400
891 402
1523 402
831 400
1199 401
849 405
1768 408
782 404
638 409
784 406
873 422
1006 408
983 409
822 423
833 413
1116 422
910 415
1161 416
1258 416
1145 419
1257 421
1452 427
1006 424
913 425
1256 424
1404 426
914 427
1175 433
1253 431
921 435
1067 431
1156 434
1492 436
823 436
1226 567
1548 440
572 455
776 442
449 448
1615 445
818 444
1164 449
1306 451
1119 448
1591 446
878 450
890 448
931 448
823 450
844 452
495 458
1325 458
1426 459
819 510
881 458
909 458
1114 460
883 461
1828 462
1199 463
851 465
886 465
888 467
1143 467
889 469
1039 475
1110 473
1062 477
1408 473
801 479
1134 475
1281 474
559 478
751 479
914 478
951 476
1090 479
1719 478
862 481
866 485
1124 491
1159 489
1104 489
1260 491
1078 497
1621 503
1208 495
1026 498
1137 497
883 497
1249 502
886 499
1739 502
789 504
891 501
1113 502
1183 503
1141 504
1678 506
938 505
1061 510
1714 507
1808 509
1500 510
1003 613
921 510
988 512
1091 513
1473 512
614 518
968 524
1276 515
636 522
1462 524
1036 520
1063 526
1182 524
1242 528
699 527
558 532
861 535
889 530
1030 534
1130 531
1188 532
1758 533
680 535
711 536
1116 535
1486 537
1256 538
1185 540
648 543
1008 543
1345 544
769 546
987 548
1378 549
1156 551
627 552
1232 550
1024 556
500 558
1714 559
652 564
1178 562
1604 563
1034 566
1194 563
1011 568
1384 576
952 574
679 573
1287 572
979 583
806 578
1157 576
1172 580
1018 581
1294 581
1663 590
745 591
865 585
374 591
507 590
638 591
812 588
1364 590
449 592
1011 590
1179 597
713 592
1743 599
526 597
776 599
825 603
1231 596
1472 598
1510 596
947 598
1355 597
698 601
663 603
1239 601
1377 601
678 605
518 604
580 608
531 606
812 610
1187 608
545 608
634 608
693 609
1701 616
750 611
1173 622
762 618
987 619
1401 620
505 619
704 618
1484 620
653 620
827 623
547 622
813 631
869 647
1719 630
1743 630
580 628
602 628
1143 629
1457 631
502 631
1522 634
648 634
1225 634
548 636
1438 637
398 638
527 638
989 733
830 643
1247 640
1595 640
1692 649
705 642
710 644
815 645
1161 643
525 645
1175 645
1214 647
1552 648
1630 649
1646 644
549 646
595 647
681 648
524 650
644 653
831 650
1104 652
1116 650
1207 651
1221 652
104 654
1117 655
501 660
833 659
1265 660
83 662
1137 668
357 666
582 668
1024 666
1284 667
1343 670
1379 672
1692 666
837 670
1449 666
521 673
859 668
1179 669
1710 671
1087 670
1327 671
679 672
740 674
1062 676
1215 673
1478 672
896 679
705 680
1092 678
1263 676
1362 679
839 679
922 682
1025 683
1262 679
1411 682
567 686
587 682
654 683
840 683
1280 682
1127 685
1449 691
1594 689
1646 689
1779 686
1789 687
991 695
1031 690
1511 689
516 693
1062 691
1496 691
1084 693
1346 692
1435 693
1315 696
1692 697
581 698
1051 700
1220 698
1374 698
1676 702
1751 702
1443 702
132 702
1351 704
757 710
1373 714
1406 709
1465 709
1837 711
490 713
1243 712
1796 717
668 715
712 715
1253 715
1284 717
1326 718
1343 717
1391 716
1404 716
1471 719
1697 719
699 720
1536 720
1520 726
734 725
502 726
1331 730
1347 727
1459 726
1309 732
1830 729
114 731
761 731
802 732
1426 730
1444 736
1753 731
530 732
678 735
1375 732
717 734
1746 734
498 737
713 737
1349 737
618 740
810 739
1267 743
1410 739
1477 739
1822 749
552 745
627 744
735 745
1248 745
1376 747
1544 745
1578 750
1802 746
1423 749
1514 749
1618 752
515 751
678 760
820 750
1398 751
643 753
1274 753
1673 753
361 755
1254 755
1289 755
738 758
754 763
1194 760
1408 759
1436 758
1693 763
1417 761
713 762
1244 766
623 766
1212 765
194 768
400 770
642 767
716 767
1225 769
1314 770
1474 766
1611 767
119 769
233 769
571 770
673 769
1330 769
1430 768
1766 768
519 773
602 771
727 771
770 770
1378 783
1634 771
1680 770
26 773
478 772
1129 777
1143 775
1208 774
1236 774
1269 775
1411 774
1825 773
263 774
1114 778
1397 775
1818 775
120 777
349 781
1572 777
555 781
588 779
601 779
660 779
1166 790
1643 782
1748 778
1420 780
1779 783
152 784
441 784
1588 786
1666 785
1071 787
1290 789
1439 789
312 788
339 788
754 788
1232 790
1362 788
1623 792
480 791
597 790
643 790
702 804
807 791
833 791
1139 792
76 792
443 792
452 793
667 792
714 795
411 794
486 795
1423 794
618 798
1699 796
260 799
502 800
575 799
990 801
1280 798
1531 799
1634 798
221 800
595 801
662 800
790 800
1130 801
1143 808
1472 807
1513 801
237 802
721 803
1243 802
1307 806
483 805
647 809
678 805
1184 805
1234 805
1525 804
1595 805
1606 805
1817 804
370 807
671 807
851 806
1001 807
1194 810
1260 807
1587 807
1672 812
1785 806
557 808
786 808
899 809
1039 813
1085 810
1489 808
1821 809
363 810
535 810
626 814
720 810
761 811
1355 810
1736 810
1441 815
1574 812
484 814
1416 815
1654 814
1697 815
1776 814
699 820
793 816
1595 817
206 821
787 819
1024 825
1055 819
1126 822
1763 819
776 827
886 821
989 820
1092 821
1818 820
217 822
524 822
602 823
664 825
1724 828
311 825
491 826
519 825
862 826
959 829
1181 828
1430 825
1517 825
1590 824
30 826
323 827
420 826
815 827
934 830
1196 827
1681 827
92 829
571 828
592 832
803 828
824 828
852 829
1060 829
1114 829
1434 829
1758 828
485 830
633 831
827 830
1068 830
1295 831
357 832
369 835
672 833
752 834
1165 837
1328 834
1340 832
728 835
983 834
1302 834
1444 834
1501 834
1602 835
559 836
613 836
888 837
1269 839
1579 837
290 839
739 839
599 841
673 844
862 840
980 843
997 841
1235 844
1416 844
1505 841
1650 841
325 842
374 842
633 847
707 842
965 846
1066 845
1813 842
34 845
763 845
922 847
1013 844
1152 845
1281 844
1318 844
1347 855
1469 844
1517 845
1596 845
482 847
1040 847
1097 850
1495 847
1521 846
1722 846
506 849
609 849
853 848
1118 848
1136 849
1383 853
1455 849
586 851
653 854
1148 851
1419 851
423 852
439 856
553 852
591 852
856 853
1011 855
1047 856
1073 858
1171 852
199 855
378 859
866 854
960 855
984 855
1725 854
45 856
217 856
508 857
560 857
564 856
887 858
1144 856
189 859
533 858
646 861
970 859
1433 859
1484 859
1512 859
220 861
872 863
977 861
1307 863
1741 861
316 863
460 865
493 863
584 864
805 865
1193 863
1388 862
1392 864
1486 864
1548 862
1576 863
199 866
610 865
636 865
835 864
843 865
1282 867
1371 865
1604 866
1630 865
20 867
53 867
250 867
530 867
988 867
1028 866
1149 868
1404 868
1536 866
1558 867
193 869
750 868
1045 871
1377 868
1610 869
557 871
688 870
985 873
1112 871
1233 873
1473 873
295 875
561 875
673 875
683 874
747 875
778 874
819 876
1178 874
1549 875
1591 875
46 877
322 882
601 877
621 877
1010 876
1159 877
226 879
585 879
605 879
644 880
693 878
1210 880
1255 879
1345 879
1366 881
1520 878
1557 878
1774 879
28 880
765 882
857 881
1007 883
1018 881
1087 880
1116 884
1183 881
1321 880
1450 880
1544 881
1629 881
336 884
432 882
926 883
1130 884
1394 884
1527 882
249 885
392 884
524 885
1333 885
1418 885
1487 892
1797 885
600 887
793 888
1175 888
399 889
428 890
487 889
519 891
951 889
1055 892
1108 892
1121 889
1219 888
1645 889
1704 888
1771 888
591 892
670 890
771 891
870 890
1090 890
1192 890
1312 893
1359 893
1385 891
1734 890
416 892
645 892
685 892
1467 892
1654 894
386 895
701 894
990 896
1022 895
1036 894
1071 894
1432 894
1450 894
653 897
927 897
1027 897
1154 902
1262 898
1574 896
430 899
602 901
640 900
1062 901
1232 908
1314 899
1558 899
1604 899
1676 901
1783 899
16 901
703 900
716 902
852 900
912 902
1278 900
1353 900
1430 901
1513 904
1583 903
1734 901
326 909
728 903
851 903
1171 903
669 906
788 904
897 904
1035 904
1325 904
1470 905
1750 904
1774 904
96 906
529 906
627 906
701 907
795 906
963 910
1006 906
1053 907
1150 907
1191 907
1490 907
1532 909
1642 907
1660 914
1838 907
552 908
588 908
830 908
840 909
1096 909
1133 909
1275 909
1365 908
1472 918
1691 909
1715 909
1723 908
7 910
137 911
726 911
815 910
845 910
1013 912
1112 914
1141 912
1278 914
1396 910
1427 912
184 913
491 913
526 913
822 912
1185 913
1618 918
547 914
1165 915
1207 915
1504 915
1685 915
33 917
35 916
88 917
121 917
360 916
595 916
1315 917
1336 916
1344 919
1516 917
1575 918
1757 917
1784 916
29 919
50 919
303 919
337 919
543 918
618 918
629 919
740 921
794 918
854 918
944 927
976 919
1367 918
1705 919
1830 919
62 921
440 924
714 921
814 931
1021 920
1032 923
1043 920
1357 921
1393 921
1637 921
352 923
687 923
860 924
1551 924
1679 926
1701 928
21 925
478 926
546 924
563 925
656 925
700 924
722 925
996 924
1264 927
1329 934
1356 924
1378 927
1441 927
1586 924
1715 926
1827 924
732 927
882 926
893 927
1066 926
1107 926
1119 931
1559 939
1578 926
14 928
451 928
542 929
604 928
778 931
982 928
1398 931
1417 929
388 930
415 931
677 930
909 932
1164 936
1180 931
1238 934
1375 931
1546 932
1738 930
503 933
584 932
589 933
666 933
869 933
931 933
1150 933
1488 932
700 935
953 935
1080 935
1143 935
1211 935
1423 934
1594 940
1789 934
241 936
402 937
835 937
846 940
1013 937
1111 937
1183 938
1286 936
1462 937
1515 936
1714 939
488 938
681 938
710 940
830 940
883 941
1131 941
1262 942
1273 939
1511 943
1644 946
1770 943
1827 939
383 940
493 941
558 940
752 940
1293 941
1305 941
1444 960
1609 941
1731 940
1734 941
1823 941
318 942
372 943
511 944
960 942
985 942
1033 942
1103 942
1207 944
143 945
332 945
543 945
925 950
962 945
1042 944
1180 945
1226 949
1802 952
16 947
478 956
1308 947
1736 950
525 949
591 950
631 949
832 948
1271 954
1569 956
1612 948
1698 948
401 950
403 951
677 951
695 954
1011 951
1837 951
177 953
574 952
654 953
671 956
971 954
1362 952
1411 952
418 955
866 955
1084 955
1152 956
1244 961
1351 955
1482 956
1818 955
149 956
431 956
793 956
958 957
977 965
1078 957
1095 956
1128 958
1177 957
1202 956
1421 957
1663 957
404 958
554 959
649 958
826 961
849 958
1015 959
1211 961
1466 959
530 961
618 960
1616 961
1812 961
570 964
862 965
1040 963
1223 964
1344 963
1365 968
1379 962
1408 963
1551 963
1588 963
1785 963
152 964
295 964
315 965
416 964
1163 966
1301 966
1328 965
1350 965
1532 965
1776 964
1828 969
262 967
309 968
497 967
584 966
595 968
632 966
723 966
737 966
1315 968
1720 967
370 969
668 974
1024 969
1159 969
1187 970
1391 968
1509 969
1618 976
1683 969
1706 969
1752 970
206 970
389 971
522 971
538 971
555 970
792 971
1004 971
1102 970
1140 975
1263 971
1380 970
1478 981
1573 972
17 972
613 972
847 973
1234 978
1257 975
1395 974
1440 973
1664 972
1675 973
1724 973
1808 973
333 975
478 975
956 975
1436 979
1539 977
1637 974
1778 975
12 977
103 976
227 977
482 977
529 976
689 985
1077 977
1209 977
1284 977
1332 1018
1419 976
1586 981
1655 979
1690 982
1725 976
1802 976
130 978
198 978
574 980
1354 978
1497 978
1817 978
1838 978
498 980
1250 980
1505 983
1738 981
559 984
1028 982
1177 984
1296 984
1604 982
1646 986
1672 983
541 984
1193 985
1396 985
1415 984
1563 989
1632 984
245 987
712 986
725 986
1303 986
1349 987
1808 990
527 989
624 999
748 995
1014 988
1520 989
1577 999
395 991
822 991
1134 991
1165 990
1273 991
1378 991
1496 990
1700 990
1718 991
1754 995
94 993
501 992
574 993
594 995
1188 993
1419 992
1837 993
139 995
718 994
802 997
925 996
1393 995
1417 995
1458 1000
1801 994
568 997
886 996
964 1007
1033 998
1085 1008
1405 997
1539 996
1617 997
1664 997
1781 998
298 1003
451 998
892 999
1059 1005
1141 1001
1174 1000
1431 998
1534 1000
1642 998
1654 999
1691 998
288 1000
332 1003
440 1000
544 1001
935 1000
944 1002
984 1000
1008 1002
1207 1000
1294 1001
1441 1001
1684 1002
1738 1007
1156 1003
1303 1002
1412 1003
1607 1003
123 1004
461 1004
538 1004
690 1010
724 1005
1237 1006
1261 1004
1283 1015
1706 1004
209 1006
648 1007
951 1007
1018 1006
1166 1011
1224 1009
1383 1017
1490 1007
173 1009
533 1008
1102 1009
1409 1009
1472 1009
1528 1009
1653 1021
1788 1014
796 1012
1031 1011
1187 1010
1205 1019
1611 1015
1721 1010
74 1013
118 1012
825 1016
1009 1019
1051 1016
1424 1013
1469 1013
142 1014
476 1014
524 1015
527 1014
610 1014
746 1014
1032 1015
1483 1015
1812 1021
261 1017
946 1016
1068 1016
1104 1016
1147 1020
1440 1017
1579 1017
1709 1017
346 1019
461 1018
516 1028
642 1019
801 1018
970 1019
997 1019
1257 1024
1464 1022
167 1021
340 1021
599 1021
628 1021
1744 1020
244 1022
470 1023
624 1022
653 1022
804 1022
982 1023
1238 1023
1402 1022
1537 1022
1552 1022
1748 1023
220 1024
293 1025
568 1033
791 1024
870 1027
1016 1026
1626 1025
1725 1024
1753 1024
265 1027
457 1026
614 1026
1196 1028
1500 1027
1622 1027
1686 1027
1821 1029
203 1029
289 1028
831 1030
933 1033
963 1029
1040 1029
1150 1029
1409 1028
1508 1030
1570 1047
1731 1029
208 1031
1356 1031
1709 1036
1796 1032
382 1032
655 1037
875 1033
1004 1041
1114 1032
1370 1035
1395 1033
1677 1050
267 1035
354 1034
505 1035
692 1035
901 1036
942 1040
990 1035
1098 1034
1294 1034
1304 1035
1534 1035
1778 1037
753 1036
769 1037
808 1038
824 1037
1070 1037
1178 1037
1280 1037
1542 1047
1598 1037
156 1039
327 1041
413 1039
498 1038
510 1039
797 1038
840 1041
915 1039
1169 1039
1193 1043
1470 1039
1486 1038
1517 1039
1611 1063
1794 1039
144 1041
262 1041
465 1040
688 1044
714 1042
872 1041
964 1041
1105 1040
1201 1040
1253 1040
1270 1055
1350 1041
1458 1056
1479 1041
182 1042
609 1046
772 1042
1226 1046
1354 1042
1401 1043
1466 1043
1589 1042
1600 1042
1656 1042
470 1044
514 1044
664 1046
1080 1045
1117 1045
1163 1046
1764 1045
1804 1047
1820 1045
517 1046
1306 1047
1429 1049
1745 1051
1785 1046
502 1051
648 1052
722 1049
776 1049
880 1050
1147 1049
1635 1050
236 1050
412 1050
456 1057
477 1057
977 1051
1093 1051
1181 1050
1291 1051
1349 1051
413 1053
577 1053
771 1052
1097 1052
1159 1053
1396 1053
1504 1053
1512 1052
1703 1053
1826 1052
422 1055
561 1055
833 1054
1202 1057
1245 1054
1792 1096
1 1057
224 1057
445 1056
792 1056
811 1056
899 1059
1050 1057
1109 1058
1166 1058
1322 1058
1656 1057
1774 1061
1784 1056
1830 1056
210 1060
680 1058
1232 1058
1310 1069
1399 1059
1662 1059
1836 1059
314 1060
366 1061
386 1061
438 1061
573 1061
651 1060
1055 1060
1252 1060
1383 1061
1488 1168
1720 1062
1812 1061
241 1063
246 1062
329 1063
352 1063
397 1063
592 1063
687 1064
789 1063
819 1063
864 1062
875 1063
922 1064
959 1063
1157 1063
1183 1067
1737 1063
801 1064
855 1065
964 1068
1038 1064
1083 1064
1119 1065
1443 1065
1626 1068
36 1067
72 1067
217 1067
299 1067
301 1066
410 1066
435 1066
600 1066
874 1067
1147 1067
1286 1067
1337 1074
1377 1067
1522 1075
1558 1068
324 1068
683 1069
719 1070
780 1070
990 1070
1024 1068
1199 1069
1350 1069
1811 1069
74 1070
202 1070
429 1071
947 1070
1363 1077
1451 1087
1652 1070
1702 1073
1780 1071
0 1073
139 1073
264 1073
643 1072
664 1072
817 1072
935 1075
968 1072
978 1072
1140 1076
1190 1072
1551 1074
62 1074
133 1075
152 1075
219 1074
443 1074
613 1075
728 1077
1174 1075
1228 1075
1406 1086
1648 1074
1735 1074
335 1077
380 1077
1054 1081
1210 1076
1389 1078
1419 1076
1574 1077
1671 1077
496 1081
662 1079
957 1078
1158 1080
1248 1081
1426 1085
1463 1079
1661 1078
1737 1078
35 1081
557 1084
579 1081
697 1081
987 1080
1229 1080
1257 1081
1572 1093
1656 1081
31 1083
257 1083
331 1083
596 1084
616 1083
715 1083
761 1084
954 1084
1078 1083
1218 1083
1294 1084
1322 1082
1548 1083
245 1085
316 1084
324 1085
365 1087
492 1085
545 1092
653 1088
735 1084
1096 1085
1271 1085
1628 1084
1686 1089
417 1087
454 1087
532 1086
608 1087
1201 1095
1384 1141
1709 1086
303 1088
488 1092
883 1089
1166 1089
1182 1088
1289 1092
1340 1089
1518 1088
170 1090
384 1090
527 1090
691 1092
958 1090
1317 1098
1355 1091
1589 1090
1736 1095
1753 1090
22 1093
114 1097
204 1092
290 1092
339 1092
363 1092
463 1093
671 1093
848 1099
1025 1093
1236 1094
1606 1092
1642 1093
134 1095
214 1095
386 1094
420 1095
507 1094
603 1094
656 1094
995 1100
1663 1099
1825 1095
1834 1095
46 1096
163 1097
206 1097
319 1096
324 1097
334 1096
466 1097
667 1097
773 1099
970 1096
1009 1096
1114 1097
1304 1097
1346 1097
1407 1119
1712 1096
1838 1096
494 1098
510 1098
576 1099
975 1099
1013 1101
1115 1110
1431 1098
1651 1099
8 1101
688 1103
762 1101
822 1101
923 1101
1099 1101
1697 1101
1759 1101
469 1103
1101 1102
1210 1103
1268 1135
1286 1102
1445 1103
1597 1102
79 1104
290 1104
541 1104
610 1104
633 1104
644 1106
1056 1109
1275 1104
1717 1112
663 1107
841 1107
999 1107
1082 1107
1311 1118
1615 1132
1624 1110
1686 1106
1838 1115
818 1108
1277 1109
1332 1109
170 1111
253 1111
273 1110
552 1110
680 1113
692 1110
883 1110
1074 1110
1136 1115
1169 1110
1185 1110
1563 1112
285 1112
328 1112
448 1113
483 1112
595 1117
961 1113
970 1112
1209 1115
1340 1113
1439 1112
1553 1127
1577 1123
1644 1113
1652 1112
115 1115
119 1114
236 1115
256 1123
378 1114
429 1115
497 1115
506 1114
609 1114
1194 1114
1343 1114
1428 1115
1455 1116
132 1117
346 1116
547 1117
567 1120
1570 1118
1643 1117
511 1119
769 1118
828 1122
1290 1120
64 1121
399 1122
636 1120
990 1121
1004 1121
1021 1123
1655 1136
1688 1129
1751 1152
1764 1123
442 1123
787 1122
813 1122
1100 1127
1629 1122
25 1125
43 1125
128 1125
195 1124
377 1126
437 1124
726 1124
937 1125
1046 1125
1151 1124
1699 1124
236 1126
523 1136
676 1127
1059 1126
1324 1127
1595 1126
1792 1127
40 1129
134 1128
291 1132
359 1128
469 1128
475 1129
482 1128
849 1128
1034 1131
1382 1129
1430 1129
182 1131
354 1130
389 1130
704 1130
1011 1130
1061 1131
1123 1130
1707 1130
1775 1132
1826 1141
178 1133
191 1133
348 1132
407 1132
603 1133
620 1133
683 1132
793 1132
822 1133
1170 1136
1278 1132
1305 1136
1719 1132
297 1138
322 1134
347 1135
372 1135
413 1134
463 1134
589 1134
926 1136
1078 1134
1147 1136
1710 1139
32 1136
126 1137
344 1136
394 1136
808 1137
858 1137
1024 1136
1211 1137
1285 1136
1675 1139
106 1138
124 1139
171 1138
213 1139
240 1139
281 1138
480 1139
505 1139
593 1138
736 1138
888 1147
932 1140
944 1139
1142 1138
1231 1141
1341 1139
423 1141
544 1142
628 1141
631 1140
724 1140
818 1140
985 1141
1601 1143
390 1142
495 1146
615 1142
1062 1143
1792 1142
275 1145
291 1145
307 1144
355 1154
623 1146
907 1144
975 1146
1001 1145
1079 1153
1153 1144
1207 1144
1331 1146
1802 1144
173 1147
340 1149
433 1147
446 1148
460 1146
564 1147
1575 1147
143 1149
163 1148
191 1148
240 1149
393 1149
562 1149
593 1150
650 1148
832 1149
963 1149
1099 1148
1138 1148
1585 1149
233 1151
381 1150
652 1152
702 1152
974 1153
1350 1157
1563 1168
1716 1150
88 1153
117 1152
557 1152
692 1154
986 1153
994 1152
1197 1162
1247 1152
1338 1195
193 1154
251 1154
331 1159
1114 1154
1243 1155
1301 1155
1503 1154
1700 1162
81 1156
420 1157
443 1157
528 1156
613 1156
1044 1157
1058 1157
1104 1156
1378 1156
1603 1159
181 1159
802 1158
820 1166
996 1159
1305 1162
364 1161
383 1163
459 1161
644 1161
923 1160
1435 1162
1533 1160
1681 1160
1822 1162
293 1163
317 1163
481 1162
600 1163
675 1162
687 1163
716 1167
763 1164
860 1162
951 1166
1073 1163
1140 1163
1252 1163
1489 1162
1795 1171
95 1165
120 1164
195 1164
286 1165
432 1164
1419 1166
1674 1165
1712 1165
31 1168
244 1166
301 1166
616 1167
896 1167
990 1170
1175 1167
1224 1168
1515 1173
1594 1169
1609 1170
1832 1167
411 1172
627 1170
906 1168
1103 1168
1112 1169
1162 1168
1249 1168
1367 1168
1663 1169
253 1170
280 1170
393 1172
795 1170
1262 1171
1295 1170
82 1172
165 1172
266 1173
269 1172
363 1173
560 1175
602 1174
744 1173
1235 1172
1653 1174
43 1175
395 1175
665 1174
926 1176
1016 1175
1074 1176
1250 1174
1634 1181
1719 1175
1767 1184
1817 1179
59 1177
291 1177
467 1176
654 1176
707 1177
1154 1181
1292 1184
320 1178
525 1181
894 1179
939 1183
968 1178
1092 1178
1368 1178
1679 1178
189 1181
464 1180
587 1181
622 1184
871 1183
1062 1186
1103 1180
1188 1183
1240 1183
1346 1184
1371 1180
1728 1184
228 1183
303 1184
434 1182
512 1183
1079 1182
1138 1184
1210 1189
1692 1210
1823 1183
46 1184
174 1184
723 1185
922 1186
1001 1185
1281 1195
39 1187
168 1197
200 1187
248 1186
665 1187
818 1187
962 1187
976 1190
1010 1186
1086 1187
1745 1189
1809 1187
1812 1186
1830 1193
84 1189
198 1188
263 1190
332 1188
391 1189
400 1188
417 1189
532 1188
750 1189
762 1188
811 1188
946 1189
1035 1188
1109 1189
1380 1199
1722 1188
71 1193
130 1191
242 1191
363 1191
951 1195
1120 1190
1592 1191
1620 1190
111 1192
186 1193
216 1193
278 1192
312 1192
387 1193
573 1193
588 1192
630 1199
706 1193
770 1192
865 1192
1264 1193
1610 1212
295 1195
480 1194
1155 1197
1259 1194
1299 1195
1672 1199
1788 1195
41 1196
542 1196
606 1196
684 1197
893 1201
915 1199
1067 1196
1073 1197
1117 1196
1234 1196
1304 1200
1785 1207
121 1198
135 1199
582 1198
650 1200
786 1199
875 1199
1035 1200
1088 1208
1253 1198
1818 1199
0 1200
97 1200
218 1200
800 1201
1014 1200
1177 1200
1232 1200
1246 1200
1403 1202
362 1203
489 1202
669 1202
731 1203
866 1203
1050 1203
1125 1204
1737 1218
27 1204
106 1204
303 1204
424 1204
578 1204
922 1206
1198 1205
325 1206
544 1207
819 1206
1171 1206
354 1208
420 1209
434 1209
611 1214
736 1208
859 1209
1051 1208
1160 1215
1294 1210
1814 1209
190 1210
790 1210
906 1210
958 1212
1006 1214
1225 1210
1333 1211
1655 1210
554 1218
598 1212
677 1213
698 1213
816 1213
1117 1213
1181 1213
1314 1220
1662 1212
1822 1213
204 1214
217 1215
448 1214
508 1215
971 1215
993 1214
1243 1218
1298 1215
1391 1215
1412 1214
146 1216
443 1217
803 1217
841 1216
865 1216
945 1217
996 1216
1543 1217
1650 1217
52 1222
61 1218
132 1218
164 1218
184 1218
509 1219
661 1218
831 1218
963 1221
1129 1218
1233 1221
1276 1219
1427 1218
6 1222
160 1220
288 1224
567 1220
888 1221
897 1220
1080 1221
1637 1225
70 1225
680 1225
697 1224
708 1225
808 1224
1135 1225
1185 1222
1214 1225
1218 1222
1224 1225
1382 1224
1547 1225
1571 1222
1768 1222
34 1226
124 1226
201 1226
273 1226
406 1226
764 1226
1115 1226
1269 1226
143 1226
391 1226
455 1227
599 1227
625 1226
1010 1227
1053 1227
1819 1227
