907 649
50 122
115 108
183 11
763 253
292 1
1839 15
153 23
301 27
1490 36
195 25
1818 51
1574 54
253 44
257 46
1439 50
183 54
1693 70
273 51
1797 55
287 59
209 67
1458 93
1794 69
312 74
309 80
1810 82
1490 157
707 89
1612 88
199 86
203 88
275 90
148 92
1786 97
1819 92
1679 97
1808 97
1416 100
1817 134
288 103
1760 110
1429 124
1838 109
308 118
1380 171
181 121
1803 123
1236 272
1594 126
1361 130
1597 131
256 131
1245 132
1357 134
263 142
715 150
223 151
1424 162
1441 176
174 170
295 168
412 176
1805 173
1301 175
495 181
1833 191
282 198
1463 198
1670 243
73 222
94 220
164 241
1450 232
1586 256
1115 255
1425 246
1461 247
1132 253
1331 253
1482 265
1346 257
1375 265
1540 262
603 259
64 261
66 265
908 264
1140 265
1519 265
1683 264
71 266
1663 270
172 277
939 273
1153 275
23 278
974 277
1347 276
1291 290
50 281
892 278
1341 280
1549 289
597 282
950 280
378 284
960 289
896 285
944 287
1605 291
1667 295
977 291
926 296
203 301
295 381
890 299
137 308
351 307
939 306
971 311
496 312
893 311
937 310
1319 313
1667 313
1768 321
896 312
916 313
1288 328
1156 320
876 326
346 331
418 327
1486 327
488 335
929 333
978 332
514 337
908 333
977 336
599 339
951 337
1492 337
79 339
454 338
912 339
988 339
976 341
473 345
1401 383
1566 377
998 349
45 356
518 357
592 354
1282 360
915 372
939 359
1639 360
1650 367
1 358
176 358
902 358
1206 358
582 373
1354 370
142 368
191 365
949 365
1163 364
543 368
1257 369
368 369
894 369
385 373
562 372
1205 372
1304 374
932 374
1455 395
496 377
416 384
560 378
1124 379
1330 381
951 382
383 389
858 400
973 388
1090 389
1230 430
1636 389
514 389
549 389
849 392
29 397
592 394
973 403
443 398
1235 397
1306 397
1109 398
1179 402
1284 410
1267 403
1089 404
1149 419
1103 407
358 411
879 414
170 415
953 416
210 417
1195 417
1767 426
516 421
1109 419
1178 422
1123 427
1308 435
479 434
872 426
1197 430
1809 443
1620 448
1681 453
1089 450
1110 450
1294 446
1330 448
1599 449
1746 457
1248 453
1510 452
1186 455
35 578
908 461
1260 462
61 465
1291 471
1158 482
1371 466
899 481
925 472
974 474
516 476
1506 508
1600 506
1086 480
1334 479
472 487
920 485
972 485
1187 488
1323 490
1092 492
191 493
63 499
836 495
1199 496
873 498
466 501
1175 501
1224 499
1196 501
1287 508
1315 508
1031 505
1183 509
885 512
65 528
1097 517
813 515
841 527
1550 557
1120 526
829 527
1203 526
1462 537
1149 531
817 555
831 542
1123 534
1828 540
867 534
1331 545
873 537
846 545
1099 541
1282 542
1175 553
1224 545
1199 548
1300 547
417 550
1119 555
473 558
1051 559
67 562
803 558
847 560
1282 559
1350 569
1445 566
848 565
1229 567
799 573
1249 569
1306 569
1597 568
850 572
1047 571
1261 572
884 575
913 575
196 580
885 577
1101 577
1221 577
222 579
233 579
1059 579
218 580
566 583
798 583
836 598
886 580
1484 581
782 583
851 583
1116 583
1194 583
1269 582
1289 584
1066 586
529 590
889 587
1226 588
1307 589
891 591
1299 590
892 593
1544 595
230 596
578 594
813 595
1675 600
189 598
201 597
894 596
1041 606
1135 599
1158 600
242 600
566 603
788 612
901 600
1204 601
633 602
750 607
535 605
936 721
1080 613
1210 606
1274 604
1288 605
1537 604
691 608
1022 607
1152 608
228 610
851 656
1175 611
1186 612
348 616
601 613
1219 613
1534 613
545 617
1166 615
957 616
1065 617
1140 617
129 624
230 621
940 624
1073 620
567 624
1222 624
604 627
839 626
1017 626
815 627
1081 641
1234 627
1251 630
247 635
348 633
505 634
559 634
614 635
1173 633
1623 635
801 635
1203 635
1292 634
424 638
976 638
1025 666
1328 641
1137 639
695 643
872 681
645 648
1277 643
824 650
1159 646
483 649
749 653
579 655
1029 653
1237 652
773 664
797 654
1031 654
1039 657
1449 664
380 661
442 661
488 662
1220 662
464 664
728 664
824 687
1107 667
565 669
334 669
896 668
1289 682
1563 671
205 672
498 673
1085 675
1165 675
1326 674
1084 677
1135 681
1409 680
593 680
996 679
1081 678
1157 680
388 682
612 682
673 681
781 683
350 691
645 687
987 689
421 686
682 695
1145 687
303 692
425 688
698 688
710 689
759 695
1026 690
1236 688
385 693
771 690
808 691
960 692
396 696
435 695
608 695
1005 697
1386 709
1799 711
656 707
1075 698
1105 747
1264 698
387 700
414 701
462 704
712 700
718 701
1023 700
1484 709
1184 703
545 705
700 710
1206 705
729 707
671 708
755 709
773 710
740 714
1415 715
573 712
525 716
631 714
686 715
626 716
1002 720
1281 717
463 720
593 721
640 721
679 721
1629 719
336 722
352 720
495 724
565 723
821 734
834 724
888 746
1051 733
409 728
427 725
613 730
708 725
745 725
806 725
1293 724
381 727
515 729
732 726
376 730
752 743
1596 733
54 733
182 733
239 731
662 731
683 730
1196 731
1226 730
244 733
742 732
1704 740
632 735
1180 745
1319 737
1436 741
225 736
281 737
1238 737
1561 737
211 740
268 740
361 739
476 742
1021 741
1256 745
1545 742
221 743
707 743
1006 744
1208 747
10 746
104 746
177 756
193 745
232 744
262 744
615 745
1629 745
139 746
157 749
426 749
596 747
711 747
975 746
991 747
1223 747
303 748
339 750
402 750
849 748
1197 749
1300 748
1324 755
667 753
1289 751
636 753
988 753
1280 753
206 755
222 754
251 759
346 754
647 755
815 756
272 758
315 761
634 757
708 757
851 771
701 759
1303 758
661 765
684 760
558 762
990 770
1360 762
1382 763
248 765
630 764
780 765
1266 764
790 778
891 768
488 770
1154 768
1247 769
1353 768
1408 769
1532 768
1619 769
543 771
747 783
372 774
407 775
612 772
886 791
1414 772
1515 772
1569 774
603 776
1138 775
1167 775
1201 775
1428 775
208 778
224 777
553 778
1262 777
1346 776
317 780
630 779
1388 785
464 781
571 781
820 783
1121 790
1175 781
1554 789
678 782
1183 786
1453 783
537 790
638 784
851 786
1204 784
1313 811
1471 784
1224 786
1500 787
405 791
718 789
1469 788
567 791
606 790
1358 1055
1176 792
1257 791
1698 790
710 795
852 793
1251 793
1401 792
1541 792
595 794
642 794
690 794
1172 795
1492 797
99 796
140 796
153 798
212 796
296 797
398 798
1271 797
1682 797
596 799
832 799
853 799
1300 798
1509 799
1652 806
419 802
688 801
819 800
897 802
48 803
114 807
230 821
246 804
616 804
645 804
679 803
81 805
490 806
856 804
1057 804
1222 808
1273 804
1281 809
1363 806
1392 807
1503 806
1623 804
59 807
73 807
89 816
313 807
436 808
1000 807
1425 811
1612 807
189 808
589 810
689 808
811 809
1196 809
148 815
893 811
1092 812
1140 811
1696 812
1763 811
120 815
276 812
443 812
530 813
628 815
1035 816
1192 812
1250 818
1530 814
54 830
165 815
258 824
519 814
1068 814
1272 814
1468 818
1559 815
137 823
517 817
595 817
657 816
872 816
1345 816
1553 817
1718 817
2 827
30 821
208 819
533 818
643 828
846 826
1083 819
1791 818
353 821
422 822
1267 821
1365 821
193 831
612 823
623 822
932 823
1523 822
1692 822
1717 828
1795 823
18 824
164 830
961 824
1245 825
1367 825
1746 825
11 826
384 827
572 826
1228 832
1691 828
81 830
100 830
148 831
533 830
1032 832
1351 830
1707 831
285 833
386 833
1269 832
1372 832
1439 832
1469 856
1741 833
321 834
596 834
948 835
1368 835
1452 840
1559 846
1639 836
1685 834
518 837
831 841
1293 845
1436 837
1509 847
1790 847
152 840
263 838
437 839
1236 841
1584 838
1652 839
1664 841
5 842
30 844
278 841
304 846
375 840
570 846
1494 840
1619 841
92 853
1040 847
1527 842
1679 870
119 847
170 846
214 844
292 844
399 844
533 845
1409 845
1639 845
1748 844
55 851
133 847
425 847
637 847
1240 859
1268 861
1328 846
1358 847
1441 847
1534 849
1630 847
1732 847
1755 846
197 848
369 851
443 848
636 849
1282 849
1649 848
224 850
546 851
1380 850
1599 850
1828 850
113 858
209 853
280 853
1327 852
1427 852
1687 853
232 855
310 856
330 854
525 854
1443 855
1619 855
141 863
163 857
421 856
531 857
1285 856
1305 861
1344 856
1529 856
1580 860
1715 862
2 859
212 858
481 861
1653 859
1733 863
14 864
38 865
194 861
355 861
1593 863
1632 863
1699 861
1704 860
601 862
619 862
647 862
966 862
1611 862
439 865
486 865
547 865
919 865
1218 864
1438 865
1558 865
1655 870
72 870
254 867
517 867
1392 871
1442 869
1609 866
1809 867
1833 867
148 869
179 869
418 869
532 868
1512 880
1723 868
45 871
243 874
384 870
435 870
604 871
1294 882
1304 911
1376 870
1603 876
1623 870
1790 871
2 873
86 873
506 873
528 872
573 872
661 872
1224 873
28 875
132 874
225 874
280 874
326 875
561 880
1245 888
1279 876
1411 890
1476 878
267 876
278 878
467 881
663 877
1565 877
1643 876
1819 876
92 878
96 879
522 885
694 880
1533 878
1700 879
1728 878
184 883
388 880
495 884
714 887
301 883
383 883
424 884
1443 883
1489 887
1540 883
587 885
1207 886
1777 885
64 887
280 886
579 887
633 887
1221 886
1629 952
1715 895
1742 892
291 888
370 889
479 892
667 889
1386 889
1507 889
1546 892
25 895
356 892
408 891
463 890
632 899
656 890
1195 893
109 893
662 892
677 894
1210 894
1451 893
1478 894
1757 893
330 895
688 900
1497 897
1694 894
1821 894
13 897
413 896
427 896
437 896
1356 896
1459 897
172 899
261 899
291 900
339 899
526 898
671 899
812 898
1656 904
1796 921
169 900
222 901
463 917
548 901
645 901
755 902
795 904
1207 900
1353 900
1523 907
1614 901
1833 910
509 902
569 907
730 902
815 902
1373 903
1389 903
1437 903
1712 913
1806 903
1816 902
197 905
625 905
1180 905
1256 905
1341 904
1384 906
1738 905
348 906
370 906
493 907
1231 910
1252 908
1486 907
1556 908
1688 908
1765 907
118 909
325 908
414 908
686 908
714 909
1213 943
1335 908
88 910
130 911
389 910
488 913
619 910
763 911
40 913
354 913
647 913
726 928
1496 919
1769 913
167 914
512 915
612 918
1243 917
1357 915
1747 915
34 917
534 923
674 920
1344 920
176 919
378 919
426 926
558 920
1765 920
19 920
288 921
391 926
518 921
819 925
1740 921
6 922
564 923
836 922
840 923
252 925
485 930
654 925
768 926
1485 930
1773 924
79 926
107 926
169 926
510 928
574 926
640 928
1686 927
1697 926
26 931
339 929
583 929
698 933
1520 935
1583 928
269 930
383 931
759 931
804 935
1350 930
1571 931
1735 930
1762 935
114 933
596 951
749 932
776 932
1319 946
1339 933
1562 938
197 934
409 938
571 934
668 934
1576 935
1778 935
1826 935
74 936
299 944
344 937
369 937
399 937
543 939
681 940
826 936
1818 936
711 938
768 939
838 938
865 940
1498 939
144 940
656 944
781 945
16 943
33 943
55 943
147 942
360 942
425 946
811 943
1128 944
1344 942
9 945
35 945
512 947
576 945
830 944
1735 945
1807 945
671 947
691 946
979 947
1347 946
1528 947
1565 946
1723 946
22 949
86 954
260 948
480 948
744 948
793 949
825 949
867 949
892 948
1141 955
1279 949
1352 950
1752 950
182 951
412 950
456 952
768 951
961 950
989 953
1714 951
277 953
647 952
873 955
913 952
927 955
1300 956
1735 965
1772 952
1815 953
176 954
374 957
394 954
483 954
706 955
721 954
1693 959
1791 954
1801 955
316 957
338 956
407 956
663 960
762 956
1764 957
281 959
501 968
725 960
807 959
891 968
942 959
1016 974
1702 959
1825 984
528 961
693 960
776 966
866 963
1101 970
1125 960
1269 960
48 963
230 963
479 962
552 964
801 965
1180 964
1238 965
1440 964
1658 963
1785 963
598 968
651 964
742 978
792 964
1287 995
64 967
228 966
253 966
1043 967
1322 969
1776 968
92 968
215 968
329 974
420 968
1708 972
547 971
616 971
706 971
786 971
815 973
853 971
912 972
951 971
1035 975
1063 971
1137 971
1158 970
1305 970
1652 971
260 979
430 972
498 994
861 972
955 973
1696 972
1768 973
876 975
921 975
1141 974
1447 974
1679 985
126 976
409 976
659 976
701 977
872 977
1127 985
1666 976
1785 976
86 979
117 979
230 981
350 978
928 980
1717 1011
1766 979
1 981
70 980
360 980
419 986
517 980
654 981
674 984
796 981
1092 981
1365 981
1698 981
89 983
278 983
341 983
393 982
446 986
589 982
627 986
642 983
788 982
1136 982
68 985
531 985
714 985
768 990
808 984
818 984
1114 987
1151 984
579 988
601 987
860 987
924 990
937 991
1794 986
139 992
566 991
880 989
1145 989
38 991
164 991
618 991
718 993
910 991
958 991
995 990
1805 990
31 992
177 995
346 992
456 998
525 993
552 1001
702 993
781 994
106 995
379 998
406 995
598 994
672 994
682 994
685 995
864 995
1025 1021
1123 994
113 997
259 996
326 997
436 998
626 997
818 998
875 996
951 997
992 998
283 998
707 1000
964 998
1695 998
79 1000
118 1000
654 1007
911 1002
1598 1002
1675 1000
331 1003
384 1003
759 1003
862 1003
995 1003
1013 1006
1475 1004
1554 1002
286 1006
416 1005
593 1015
610 1004
720 1005
801 1004
957 1008
1574 1005
1660 1006
226 1007
353 1007
734 1013
905 1015
938 1007
398 1009
808 1008
824 1009
1277 1009
1560 1008
87 1010
169 1011
176 1010
265 1010
885 1010
1582 1012
28 1016
77 1012
200 1013
303 1012
378 1013
411 1012
619 1012
697 1013
709 1013
781 1017
113 1020
325 1015
393 1015
436 1019
551 1014
686 1014
884 1024
1601 1015
249 1017
276 1016
291 1016
462 1017
515 1016
574 1016
624 1016
719 1017
855 1016
1326 1018
1576 1022
136 1019
235 1019
368 1019
467 1020
691 1018
995 1019
1828 1035
22 1021
190 1020
266 1020
289 1020
402 1026
666 1027
842 1031
1559 1020
1667 1022
147 1023
172 1024
240 1023
260 1023
624 1037
758 1023
939 1035
966 1022
1548 1024
1616 1022
83 1027
311 1032
693 1029
726 1024
742 1025
1253 1025
21 1027
188 1031
330 1026
377 1028
580 1027
810 1029
991 1030
144 1028
280 1028
509 1041
603 1029
614 1028
712 1028
860 1029
1311 1029
1660 1029
17 1032
274 1032
361 1032
762 1036
1078 1031
72 1038
262 1034
294 1033
472 1045
559 1048
646 1034
797 1034
1046 1032
1078 1041
1265 1033
1611 1033
1657 1032
131 1034
385 1046
397 1037
460 1034
565 1035
704 1035
895 1037
1620 1034
214 1037
256 1042
451 1037
654 1036
681 1041
1538 1037
643 1039
931 1042
151 1061
288 1041
599 1043
807 1040
1053 1041
3 1045
120 1044
221 1043
449 1043
899 1042
1177 1042
1780 1045
292 1046
320 1045
432 1044
636 1044
773 1045
810 1044
177 1046
868 1047
918 1046
1026 1052
1039 1046
1650 1047
180 1048
345 1069
652 1049
671 1049
757 1049
782 1053
850 1049
938 1048
589 1050
727 1055
857 1050
906 1051
1049 1055
57 1053
91 1052
142 1053
184 1053
201 1053
281 1053
408 1062
414 1052
641 1052
838 1052
541 1056
648 1065
1013 1060
193 1058
210 1056
367 1061
439 1057
491 1056
744 1056
799 1057
1089 1073
1428 1057
28 1059
125 1059
359 1059
480 1058
499 1062
692 1058
710 1066
815 1059
1077 1059
243 1066
319 1066
426 1062
835 1061
885 1066
1600 1061
13 1064
101 1062
167 1063
387 1063
441 1062
681 1062
687 1063
798 1072
841 1062
873 1064
994 1066
79 1064
443 1065
510 1066
557 1066
735 1064
842 1065
853 1069
1423 1066
0 1072
279 1066
756 1066
1028 1067
1049 1069
1456 1068
206 1070
460 1091
936 1079
376 1070
523 1070
611 1071
181 1073
392 1075
543 1072
667 1078
703 1072
1019 1073
28 1074
100 1074
221 1074
515 1074
737 1075
1108 1075
60 1076
76 1076
732 1078
833 1076
843 1077
915 1077
971 1081
11 1081
122 1079
140 1079
171 1078
443 1079
707 1084
863 1092
902 1080
1021 1080
159 1080
423 1080
95 1082
209 1083
237 1082
276 1093
376 1082
600 1082
635 1084
728 1084
1036 1082
135 1085
248 1085
296 1084
307 1085
328 1084
828 1087
1001 1084
1033 1085
1059 1084
87 1093
564 1087
615 1086
671 1100
678 1086
886 1087
105 1089
220 1088
294 1089
318 1089
552 1089
732 1093
777 1088
802 1088
892 1089
1032 1088
227 1090
388 1091
507 1090
619 1111
716 1091
746 1094
979 1091
1033 1114
332 1092
404 1092
581 1100
842 1093
955 1093
993 1093
1055 1092
1100 1092
255 1097
387 1095
772 1095
1042 1095
1053 1095
201 1097
519 1096
535 1097
755 1104
788 1098
818 1098
836 1103
958 1096
217 1100
377 1102
33 1101
169 1101
182 1104
195 1100
705 1101
944 1100
79 1103
97 1103
230 1103
295 1103
335 1102
505 1102
721 1107
730 1102
779 1105
801 1102
895 1103
938 1102
955 1103
1088 1113
103 1106
247 1106
453 1107
475 1106
878 1113
81 1108
312 1108
342 1109
357 1108
355 1141
540 1110
846 1108
907 1109
1062 1109
44 1110
281 1113
362 1111
478 1111
495 1120
520 1111
579 1124
54 1116
135 1113
164 1112
859 1113
1074 1113
347 1114
773 1115
932 1114
957 1115
1072 1115
0 1117
18 1116
195 1120
557 1117
600 1117
853 1116
440 1118
448 1119
472 1121
509 1119
669 1134
706 1118
785 1120
66 1120
82 1120
147 1128
219 1120
514 1121
749 1121
766 1122
163 1124
526 1124
868 1124
913 1122
964 1122
977 1123
37 1124
256 1137
454 1127
772 1139
832 1126
883 1135
922 1126
939 1125
952 1132
10 1126
85 1126
113 1128
861 1127
18 1139
176 1128
705 1129
739 1131
846 1129
1037 1130
1104 1167
61 1131
450 1131
499 1131
547 1132
1020 1146
307 1132
476 1135
722 1133
906 1139
1031 1133
1 1135
82 1134
126 1138
195 1134
239 1135
397 1135
435 1153
924 1134
55 1141
286 1139
526 1137
564 1136
798 1136
851 1142
1064 1144
191 1139
575 1138
632 1142
691 1140
971 1141
1125 1138
154 1141
386 1141
566 1140
707 1142
739 1148
826 1140
380 1144
418 1142
523 1149
931 1147
213 1145
230 1145
306 1144
391 1146
616 1145
648 1144
783 1145
1128 1144
80 1147
130 1147
240 1150
410 1147
487 1151
603 1160
5 1148
29 1157
205 1148
272 1149
643 1148
722 1150
836 1149
864 1149
1082 1148
1135 1152
1185 1149
118 1150
218 1151
290 1153
500 1150
503 1151
627 1152
961 1150
61 1153
137 1152
267 1154
560 1153
714 1152
875 1153
0 1157
86 1156
577 1154
748 1155
844 1155
915 1154
951 1156
123 1165
393 1156
648 1157
760 1157
797 1157
821 1157
900 1158
77 1164
182 1159
210 1160
245 1159
473 1167
968 1173
1123 1158
171 1160
199 1162
452 1160
539 1161
555 1160
622 1161
790 1160
848 1161
1068 1160
16 1163
91 1163
264 1171
326 1166
682 1169
704 1162
860 1163
892 1162
699 1165
780 1175
923 1185
1028 1171
1056 1180
46 1173
191 1167
720 1166
759 1166
167 1170
284 1168
299 1168
409 1172
616 1169
670 1182
946 1172
1072 1168
1126 1169
389 1171
556 1171
744 1171
804 1172
897 1174
1005 1178
1124 1170
1137 1171
254 1174
733 1177
821 1173
1190 1173
69 1183
228 1174
301 1175
316 1187
518 1175
632 1185
842 1175
213 1182
366 1177
551 1176
1175 1176
34 1179
337 1178
416 1196
488 1179
502 1179
534 1181
565 1180
592 1181
695 1182
820 1183
872 1178
901 1178
984 1181
1162 1183
494 1182
1184 1181
407 1182
874 1183
1018 1189
156 1184
177 1184
229 1191
357 1192
454 1185
580 1185
837 1188
904 1185
37 1186
149 1188
401 1192
438 1187
816 1186
1182 1187
89 1188
249 1188
390 1189
442 1199
519 1188
756 1189
1128 1189
193 1190
460 1191
698 1190
709 1190
1176 1192
13 1193
34 1194
92 1193
203 1192
513 1192
593 1192
852 1194
886 1197
950 1194
97 1198
384 1195
576 1194
660 1194
700 1199
975 1198
1158 1194
53 1197
109 1197
132 1196
172 1197
290 1197
467 1204
482 1198
538 1199
602 1196
1119 1197
1203 1196
2 1208
23 1199
79 1205
283 1198
1070 1203
1188 1202
664 1201
864 1203
1046 1201
1137 1215
41 1204
185 1202
296 1207
579 1202
596 1203
1035 1202
121 1210
246 1211
268 1206
371 1204
617 1206
660 1204
717 1205
789 1204
804 1204
818 1207
949 1211
1043 1204
329 1211
423 1207
516 1206
676 1208
1158 1208
182 1209
312 1208
498 1212
510 1208
544 1220
565 1209
838 1208
870 1209
1009 1209
1091 1220
1195 1219
47 1211
94 1211
172 1221
369 1210
576 1211
1101 1210
21 1212
142 1213
352 1212
395 1221
458 1212
595 1217
836 1213
1151 1212
1166 1222
190 1215
194 1214
364 1215
430 1214
473 1221
572 1215
1105 1215
216 1216
285 1217
380 1217
613 1216
1064 1217
74 1219
108 1222
150 1219
337 1224
347 1218
656 1218
694 1218
868 1218
931 1224
960 1219
1020 1219
13 1220
65 1223
72 1220
281 1223
362 1220
372 1221
486 1220
624 1220
677 1220
943 1221
1045 1220
38 1225
203 1222
260 1225
306 1225
573 1225
645 1224
713 1225
718 1222
774 1225
967 1225
1221 1225
23 1226
146 1226
233 1226
490 1225
731 1226
894 1226
2 1226
88 1227
127 1226
455 1227
696 1227
952 1226
1079 1227
1115 1227
