909 612
297 2
459 1
538 3
675 73
817 4
866 21
1000 0
1025 33
1097 79
1272 4
1313 2
1340 4
1363 1
1433 67
1674 32
1772 24
174 8
92 16
1256 18
1312 10
178 11
900 16
1228 14
391 27
459 26
1311 16
486 32
120 31
820 33
56 32
159 23
208 30
1235 26
1188 34
285 31
312 33
746 31
1311 43
180 87
428 36
1388 41
1259 46
1370 43
330 47
565 51
841 63
282 61
777 59
1304 54
1310 68
1386 63
233 73
610 76
1691 74
383 81
1061 80
21 84
1003 107
1299 81
509 89
854 84
1296 97
1386 87
1212 90
612 94
809 93
102 99
415 97
370 100
1368 102
21 106
794 111
614 110
911 114
1188 112
1228 118
1286 116
1320 115
755 129
1627 125
87 139
530 126
823 125
1251 128
1326 123
1586 163
452 130
552 131
1377 128
1726 142
286 134
1173 138
672 136
370 141
1049 139
1288 138
1361 136
234 139
587 142
210 139
1197 141
1444 183
138 145
806 146
847 144
1270 143
405 151
1005 143
1027 153
484 152
466 155
1285 154
1244 152
1320 161
182 157
297 155
678 166
818 170
912 156
1225 160
1256 160
994 171
1245 168
560 177
385 180
964 183
620 185
708 183
1196 185
1249 186
1280 182
337 192
493 185
1323 188
1273 189
1287 190
1303 192
1199 193
1355 205
876 202
1007 201
420 200
820 200
1262 203
61 206
1032 206
449 212
1212 207
1309 216
894 213
759 218
684 222
1001 223
331 225
261 226
669 242
805 223
1064 236
166 230
638 233
720 228
860 225
119 236
964 232
479 233
1282 231
411 236
983 232
65 235
292 237
563 242
1255 236
1358 239
797 243
1006 240
1233 244
1133 249
720 249
1028 246
803 250
857 254
295 255
981 255
941 269
1290 259
1205 257
1229 261
250 266
1251 262
459 269
1003 264
142 264
1303 265
313 270
1160 268
1240 268
540 278
761 275
1035 271
1113 270
1059 289
914 279
1224 291
367 280
981 287
1124 280
438 298
633 293
1795 285
1256 290
803 295
1002 296
721 304
948 296
65 302
320 298
1304 299
272 304
522 305
963 303
581 331
1184 306
1316 305
819 314
1212 318
399 313
1135 314
1283 314
288 319
485 318
765 315
1542 320
1089 320
1014 331
1308 322
1155 322
1231 323
1457 334
222 326
952 326
319 325
1183 327
432 331
625 336
893 332
1151 329
1199 331
926 337
422 344
1241 343
1038 359
1086 346
1277 344
1799 361
1542 355
212 346
968 351
1131 350
512 353
772 389
1167 354
1204 356
1522 356
264 361
1105 361
1222 359
325 361
461 365
608 366
1627 388
5 368
1008 368
1337 366
362 373
961 371
282 374
487 376
1540 392
396 375
555 381
1110 376
1328 374
930 379
316 384
674 386
1022 380
1092 381
1219 381
743 382
1259 390
425 393
528 397
590 407
736 392
206 393
462 397
1130 398
1182 401
294 398
926 408
1154 412
1272 405
1757 436
447 408
879 409
1113 415
1096 413
1014 430
698 421
342 419
1240 417
518 419
857 420
85 421
674 423
1248 428
560 435
660 432
1233 430
443 431
1183 432
243 433
1164 435
492 440
950 439
1071 441
1135 440
389 443
1189 443
70 448
786 447
921 463
1203 457
1523 448
691 447
280 453
298 449
879 453
1229 453
466 457
720 453
817 451
1241 451
1162 458
411 457
1351 464
1052 457
1246 458
999 491
1115 464
400 465
888 472
1240 467
853 473
952 482
773 476
1147 491
1484 483
1112 480
310 481
669 482
744 485
387 488
479 491
658 488
1302 504
724 491
892 506
1092 490
228 495
295 490
1187 492
683 500
458 499
848 514
461 500
559 508
704 503
1245 502
337 510
440 509
1171 509
394 510
413 513
770 511
1208 512
112 513
305 515
1050 514
255 515
652 516
1266 515
1772 534
44 521
406 521
725 519
919 520
1033 520
1076 531
1328 542
1541 520
947 526
1285 521
1227 525
224 525
1004 539
1135 530
81 532
108 538
274 529
927 529
421 531
537 533
864 539
978 533
379 535
765 540
883 533
1247 534
886 535
1657 535
288 539
504 546
703 539
836 553
918 545
1227 540
1451 544
879 543
943 542
901 554
934 545
941 544
442 549
1040 554
1275 547
710 549
1101 549
376 558
952 551
1206 550
127 558
656 562
869 572
1272 554
930 556
957 557
932 558
1095 564
77 562
198 564
773 562
889 561
938 560
1068 562
1833 574
971 563
1031 563
309 573
405 568
542 574
961 565
982 579
1167 565
1394 565
1191 567
278 570
435 569
1250 576
1367 569
225 574
815 572
148 572
846 576
1274 572
1765 574
633 578
1151 577
1202 577
1753 574
1784 574
380 580
918 600
1359 577
599 579
1215 580
502 584
908 580
455 591
719 590
839 584
664 584
1274 584
1180 587
1212 601
1326 586
1656 613
363 590
956 588
970 588
962 598
1025 595
1268 592
674 598
1289 595
1476 595
832 596
979 596
1162 597
632 601
866 601
1389 609
1027 601
1084 602
393 605
743 607
833 605
991 610
1048 606
1191 610
244 609
364 609
39 612
169 611
850 610
859 612
872 611
886 611
1126 610
1454 632
202 612
1110 614
893 614
79 620
974 616
1611 617
1729 628
1055 620
1504 618
27 622
425 624
534 620
833 620
1101 622
621 625
815 629
872 637
962 623
1113 627
677 625
698 656
949 625
1079 648
485 629
899 626
1018 626
332 628
1408 633
1166 632
913 633
941 633
957 634
977 633
1178 634
926 634
666 639
966 637
358 641
427 642
1353 639
627 649
915 640
1055 643
830 642
906 644
953 644
763 651
1104 647
893 651
932 649
1147 649
104 653
504 650
235 661
539 658
857 657
969 655
1039 655
885 659
1137 658
1163 661
846 658
936 659
1354 669
522 665
632 660
873 661
154 663
831 663
858 684
391 670
899 667
1630 696
637 672
782 672
896 669
932 671
1046 670
1112 669
317 670
414 674
548 671
806 680
1008 670
358 673
601 677
620 676
872 674
975 675
1016 675
1118 675
444 680
743 678
845 677
518 679
896 682
1216 680
319 685
771 692
881 682
161 689
722 685
893 685
950 684
360 689
647 689
1510 704
738 692
910 691
912 690
997 693
1068 690
1096 692
569 693
1162 693
903 694
940 695
975 694
1024 695
1757 700
244 697
973 697
1093 707
187 701
315 701
897 699
1018 701
1033 701
1824 700
405 703
542 706
894 704
1173 711
1126 711
1401 705
625 713
689 709
863 710
1061 710
519 716
799 728
1412 714
200 715
644 715
670 717
737 717
848 726
877 715
990 716
17 719
819 719
1761 727
250 720
318 721
410 722
1072 720
242 726
506 726
1115 727
724 745
814 726
1083 728
36 731
636 734
663 730
879 731
434 736
972 746
583 737
1064 736
594 739
1079 738
501 747
1129 742
1423 740
683 742
1112 744
92 747
153 745
1401 744
1418 744
863 747
1039 750
1118 749
662 755
867 749
468 751
823 752
1152 752
285 753
948 754
1240 760
564 758
1075 756
797 757
647 760
954 758
1092 760
1078 763
1745 794
77 767
322 772
351 764
435 767
736 773
492 767
1122 767
1655 767
340 769
513 773
803 771
951 768
1047 774
1107 769
194 773
1127 771
1138 770
613 795
761 772
835 775
879 774
1071 773
1100 773
252 777
1636 790
678 777
820 778
1032 778
1089 785
351 779
904 780
1011 780
1398 778
376 783
531 782
692 785
344 784
866 788
943 788
974 788
13 790
309 791
527 789
410 793
1515 807
71 794
338 793
1104 796
322 797
706 796
960 798
1394 813
352 802
731 798
745 802
902 799
1035 800
1585 798
1071 808
304 803
400 802
557 804
1109 813
1257 803
1349 804
1100 805
634 807
672 817
922 807
952 806
965 808
257 812
369 813
881 812
892 813
302 816
366 814
879 814
1090 817
278 817
1451 824
990 819
1128 819
716 824
746 823
521 825
617 824
966 823
880 826
1038 830
1076 825
262 826
816 835
866 829
1177 829
179 832
546 836
571 832
777 834
310 834
510 835
1005 832
1352 835
378 835
1072 839
1098 836
641 848
788 839
1052 838
60 841
898 853
972 852
332 843
564 846
273 850
339 846
829 847
1038 847
1085 847
1104 846
1727 847
1043 914
1056 848
1338 851
371 851
465 854
1052 853
1070 851
1170 850
767 855
1564 869
987 862
1330 859
323 859
354 862
682 870
1054 862
1688 876
173 871
377 863
921 866
1239 870
459 867
1631 865
309 868
850 867
1096 867
1350 869
605 869
929 1114
824 870
1057 870
1284 870
427 873
505 874
535 892
589 870
759 871
1483 878
610 872
875 875
929 874
915 875
493 882
741 878
1187 885
356 883
620 882
912 881
1212 880
659 892
673 882
982 885
996 884
1048 885
302 888
895 899
1791 905
224 892
468 894
984 890
1142 890
388 894
1125 894
113 898
617 897
1070 897
375 899
916 900
1088 899
1101 899
279 903
456 902
831 902
1361 903
992 905
1066 905
1306 922
27 909
63 912
1108 912
630 910
828 910
921 910
1428 916
1145 913
1124 916
591 916
816 917
1068 918
1344 918
327 940
388 919
532 920
805 921
996 920
501 926
1166 923
1356 922
933 923
1027 923
1098 925
149 928
289 927
679 928
691 926
724 927
1481 936
1552 938
621 929
182 934
211 933
572 934
882 935
314 935
811 936
113 937
348 937
1105 938
1148 936
687 939
819 939
45 942
381 942
422 943
1085 940
1692 955
279 945
555 947
823 942
525 949
1340 957
587 948
715 950
1079 948
1285 948
249 952
956 959
992 950
510 954
614 956
569 959
686 958
922 955
1101 955
194 956
530 962
1421 959
1500 965
355 967
418 961
496 964
917 973
138 966
595 962
997 964
1098 962
1272 966
740 964
285 967
808 968
1032 970
1416 966
403 971
1090 969
1190 969
1058 970
1254 972
618 973
326 977
638 975
882 980
687 979
452 979
1009 982
1130 979
274 984
483 981
596 985
794 980
1038 981
64 983
1031 992
647 986
749 988
1298 987
1790 986
653 989
1087 988
619 991
1060 991
1313 993
178 993
824 993
1521 1005
1831 995
640 998
994 998
1011 997
452 999
1051 998
1066 998
310 1001
347 1001
431 1007
526 1002
710 1003
723 1002
905 1002
1825 1003
332 1004
653 1005
1069 1005
1098 1006
315 1007
695 1007
587 1008
1042 1014
226 1011
518 1011
610 1012
686 1018
1013 1011
1025 1012
1664 1012
172 1012
370 1017
956 1015
1060 1012
1366 1013
1756 1013
201 1015
329 1016
638 1015
839 1026
1279 1021
262 1017
798 1018
880 1024
1008 1018
313 1021
559 1020
1017 1023
807 1023
914 1023
945 1022
916 1024
962 1024
1497 1036
270 1027
617 1027
862 1027
1001 1026
1031 1027
575 1030
640 1029
760 1029
294 1030
385 1030
503 1032
999 1032
1107 1030
1314 1030
313 1032
331 1033
535 1033
822 1035
964 1036
1019 1052
1174 1035
595 1042
695 1039
617 1038
628 1039
661 1040
423 1044
664 1046
1356 1056
327 1047
446 1045
1838 1044
367 1048
381 1053
634 1053
746 1050
490 1055
683 1052
1149 1051
398 1053
610 1052
1692 1053
333 1054
946 1055
126 1058
867 1058
700 1060
414 1061
565 1060
1164 1061
538 1063
857 1063
1169 1063
257 1067
728 1070
772 1065
939 1070
1012 1067
1095 1068
1741 1067
295 1077
374 1070
493 1070
685 1077
1261 1071
1424 1078
1568 1079
319 1071
967 1070
403 1075
514 1072
1039 1072
1017 1075
1034 1075
1489 1074
620 1078
970 1080
1658 1087
399 1080
1211 1081
209 1082
1064 1082
614 1091
1030 1087
1036 1084
1391 1093
1751 1085
98 1088
486 1095
953 1091
1045 1086
1162 1087
1257 1087
726 1088
1595 1088
1442 1093
374 1093
636 1092
890 1095
271 1094
302 1096
586 1094
682 1097
855 1095
752 1096
1243 1098
267 1098
734 1098
1308 1104
765 1102
943 1100
1423 1105
1583 1102
373 1103
384 1102
554 1107
580 1103
367 1105
502 1105
1284 1112
430 1109
770 1110
521 1112
704 1111
1366 1115
1480 1119
1747 1111
701 1113
220 1114
579 1116
480 1119
1806 1120
133 1123
571 1120
1768 1122
364 1123
1628 1122
396 1125
637 1125
1254 1124
1546 1125
331 1127
420 1129
566 1137
645 1128
1762 1126
328 1129
523 1132
604 1133
1208 1129
1800 1129
1822 1130
220 1130
315 1130
393 1132
1233 1134
655 1133
714 1132
1213 1133
1494 1132
1455 1135
319 1136
584 1140
787 1138
1330 1139
1832 1139
331 1141
403 1141
500 1144
650 1144
682 1140
728 1140
1467 1141
1519 1154
371 1143
798 1144
1188 1148
1804 1150
1242 1147
1358 1149
1591 1147
297 1150
589 1151
710 1150
615 1154
676 1150
746 1151
1731 1151
726 1153
764 1153
1173 1152
1545 1152
1633 1152
244 1155
1734 1161
426 1158
539 1158
636 1159
1275 1161
1365 1158
541 1163
1302 1164
1628 1163
476 1163
621 1162
687 1163
1398 1165
463 1164
1664 1165
231 1167
340 1167
522 1166
801 1169
1145 1168
598 1170
698 1170
1126 1170
180 1174
488 1174
679 1172
637 1175
1363 1176
1521 1175
1568 1175
1802 1175
103 1177
309 1177
318 1176
533 1181
573 1180
635 1180
1650 1180
1671 1181
1736 1180
443 1187
604 1183
703 1185
812 1183
1820 1187
1738 1184
1544 1186
1325 1189
254 1190
666 1190
805 1190
1052 1190
1190 1191
265 1193
356 1194
541 1192
600 1195
728 1192
748 1193
317 1195
660 1195
693 1194
467 1201
1028 1196
322 1199
1057 1199
1508 1201
163 1200
622 1201
1171 1201
545 1203
581 1214
995 1203
1600 1202
560 1205
1221 1205
1409 1206
1503 1204
449 1209
537 1207
566 1207
964 1207
1002 1206
1518 1208
1354 1209
1371 1211
1704 1209
256 1212
603 1211
1017 1211
1276 1211
1415 1212
1630 1212
747 1217
753 1216
1126 1217
709 1219
1335 1220
1471 1222
346 1224
968 1220
1020 1221
1262 1221
1490 1221
600 1224
1239 1222
1698 1225
458 1226
804 1226
552 1227
652 1226
1250 1227
1510 1226
