921 618
63 23
310 43
450 23
522 7
555 115
605 1
625 0
711 31
748 16
803 91
853 9
946 12
1043 1
1099 35
1183 2
1197 3
1303 18
1464 13
1587 34
1643 10
1692 41
1790 12
1830 12
1213 11
1282 17
1003 22
890 35
963 32
1368 102
1742 51
1243 42
1263 43
1277 46
1182 140
1374 46
948 55
750 166
720 145
1307 100
432 59
1549 76
1173 62
1502 88
906 69
1279 71
1039 76
146 80
881 86
991 178
1084 94
958 100
1112 101
1257 98
934 110
1441 125
1106 135
0 122
1271 137
917 133
19 133
1241 132
1255 133
1587 134
1542 147
707 141
1785 186
1077 175
1664 148
1707 275
479 174
704 165
1299 169
817 173
356 229
1245 175
1280 186
831 200
1265 181
1416 181
851 191
898 198
917 192
1504 198
1562 189
1373 193
248 232
810 207
1131 202
1255 196
1297 201
1656 220
1519 212
690 211
222 214
1552 227
1344 220
1332 217
1111 221
816 229
1178 241
1141 233
1838 233
1269 233
1597 251
221 240
595 350
866 243
834 276
1289 242
1206 245
1270 255
1412 261
934 268
1367 257
1006 267
1830 274
1308 267
1333 266
447 339
1354 269
804 289
1095 279
1200 292
1759 284
748 273
1291 282
409 339
520 280
1338 278
897 293
985 293
1250 313
866 292
1506 299
650 289
1592 376
556 292
477 295
744 296
726 317
1005 297
1018 334
1062 316
1559 303
1328 315
309 317
817 315
1287 323
1162 324
1551 319
1105 329
1133 319
833 546
1383 406
1220 331
956 337
1199 376
1073 348
1131 348
1299 338
880 343
1154 371
977 385
1090 346
1335 343
1458 353
1036 352
1264 349
516 350
617 361
1508 365
1221 359
1297 360
420 359
430 358
754 365
1827 362
1252 364
922 368
962 369
716 375
1328 377
1064 390
925 380
313 389
1024 442
1242 400
612 401
1160 401
698 404
1164 432
1138 411
1254 409
1669 423
1276 409
1317 418
720 419
945 428
1233 425
1199 451
1060 427
729 436
1315 436
1075 440
1111 447
962 448
1300 453
1222 445
982 463
989 448
465 453
1643 466
998 468
743 462
1234 462
1523 467
652 474
762 465
1616 472
1219 471
1255 471
429 477
644 589
723 481
1267 471
963 479
1092 489
1702 493
1575 502
560 486
366 487
984 485
981 486
1216 497
1172 491
1739 501
568 576
1051 497
496 534
943 496
1133 496
1312 496
1770 511
532 536
973 524
991 498
550 501
1270 515
1515 514
1146 505
745 521
1298 515
1177 524
1453 523
1341 516
731 520
1020 523
938 526
1338 521
1130 526
609 529
1595 567
1549 531
1070 541
769 551
1216 539
933 546
1150 545
464 549
702 559
741 560
1166 549
1523 568
57 551
1051 562
1013 575
322 559
957 556
984 563
1258 558
1295 564
1135 559
964 564
1074 582
464 581
787 580
922 573
1221 576
1357 574
901 575
266 591
970 592
617 595
902 589
1037 591
1098 597
803 606
1731 619
1114 595
1161 594
1686 611
1230 600
765 602
1003 604
1291 607
1621 621
467 610
1023 635
607 613
1660 619
876 614
932 622
654 618
448 627
718 621
1004 622
1097 621
1274 635
1564 658
1210 626
1165 630
1229 629
359 634
553 637
699 634
939 661
1129 643
1219 636
1305 648
970 650
998 653
612 649
733 651
1231 650
748 655
712 655
1261 653
1237 655
1182 664
1268 657
1654 676
608 664
1151 666
1318 668
400 670
1376 677
553 676
958 675
1134 678
910 676
1240 676
1520 680
541 687
689 692
1308 691
1044 692
1222 688
1236 695
1260 693
388 697
1519 696
1641 694
578 704
759 700
1127 700
442 709
794 700
1159 707
1201 707
718 728
776 706
886 711
1279 706
586 712
777 717
602 717
543 724
1050 719
1350 715
1076 717
1091 723
651 726
1269 726
1525 728
667 733
1148 737
1205 734
516 738
932 740
1027 765
1253 741
1791 739
1566 743
746 1032
1117 747
1203 747
774 752
1097 750
1456 761
1242 752
1268 751
1000 756
1051 755
1282 753
577 758
672 757
1791 756
600 759
450 763
866 760
1071 772
1132 770
585 767
921 768
470 768
1325 769
669 778
726 784
762 778
963 773
1250 775
1290 775
1492 786
799 778
872 784
947 803
623 782
603 783
309 785
925 785
1135 784
637 793
926 787
1241 788
985 792
486 791
1101 794
583 795
740 795
1203 796
756 797
1059 827
1265 798
1332 798
651 799
762 823
1156 800
461 805
585 801
533 802
660 802
1084 806
1792 804
323 808
1229 806
1782 804
745 807
562 812
1413 820
868 818
1222 812
587 817
654 812
688 812
853 813
1113 814
517 814
608 817
621 814
645 815
490 825
1187 823
1296 823
614 824
1207 827
566 838
666 828
1016 830
1253 829
856 833
1169 832
1235 835
1580 847
590 839
677 838
402 851
1127 841
1525 841
594 847
934 849
972 845
861 847
1293 851
776 852
530 862
967 865
1212 861
1066 878
1096 869
1228 862
1531 875
575 866
798 866
842 863
1269 864
1506 872
1002 864
1196 867
836 866
738 870
755 869
593 875
752 870
770 877
831 873
1200 875
305 884
1107 881
494 881
648 880
795 881
995 882
797 882
1004 896
1262 884
528 890
1667 895
478 890
1254 896
1615 888
407 891
433 890
1155 897
1318 893
735 895
1215 894
1240 895
1273 895
1048 900
1396 897
548 905
1232 903
1442 912
503 906
928 908
1320 906
1099 912
1316 910
1589 930
1230 919
905 919
1269 933
1375 933
485 926
1087 924
1116 945
1519 938
520 929
1431 933
407 933
1028 941
1700 950
498 940
1232 936
1179 940
474 938
485 941
1093 953
480 947
1135 943
1154 944
904 956
952 948
369 953
384 950
1408 950
177 953
956 965
503 960
1202 955
923 965
1045 959
1275 961
296 962
309 970
1181 969
475 973
1144 971
1221 978
253 978
284 972
359 975
522 975
297 976
439 976
1140 979
1557 1003
1653 1001
471 980
483 979
1062 991
1191 984
1275 980
507 991
353 987
896 1004
1139 986
450 989
939 1003
1725 998
545 995
1238 999
1496 991
196 992
433 992
1111 997
279 999
462 999
477 998
488 999
51 1001
185 1001
1834 1000
1837 1004
315 1005
1190 1003
1221 1017
452 1004
527 1004
1079 1006
1693 1013
1310 1007
1465 1020
1265 1009
1329 1024
747 1011
379 1017
421 1017
1023 1021
1102 1017
1197 1017
87 1020
408 1021
496 1020
1124 1029
272 1023
303 1022
539 1023
595 1025
865 1023
413 1024
1243 1038
81 1030
237 1030
1261 1030
109 1033
124 1033
389 1032
1103 1034
317 1035
588 1040
127 1038
518 1041
1146 1038
1618 1044
465 1041
830 1041
1205 1042
1290 1041
1316 1041
10 1042
27 1042
260 1043
103 1045
395 1044
765 1047
780 1044
1128 1045
1547 1056
255 1047
314 1046
433 1046
1107 1056
53 1048
320 1054
354 1048
448 1049
1715 1049
420 1052
1224 1052
1410 1058
366 1052
444 1053
847 1052
1000 1052
299 1054
436 1055
650 1056
215 1059
339 1058
360 1058
1170 1062
471 1062
1426 1063
310 1064
250 1067
401 1073
1446 1066
170 1069
343 1070
477 1071
1133 1071
1311 1071
1571 1071
305 1078
1218 1075
1305 1072
7 1075
293 1074
372 1074
444 1074
1182 1075
1230 1074
1385 1077
324 1083
1270 1083
1548 1082
1151 1084
443 1092
1086 1088
1065 1094
1277 1090
129 1093
251 1092
365 1092
404 1093
1322 1093
207 1095
301 1095
356 1094
1148 1094
112 1097
262 1111
389 1096
1490 1097
415 1099
1050 1105
1180 1100
1504 1099
1031 1104
1479 1101
100 1103
1267 1103
96 1105
430 1106
1466 1105
328 1108
369 1114
1620 1108
1431 1110
140 1112
164 1112
1547 1113
1492 1115
424 1122
29 1118
1007 1120
1515 1118
231 1120
1100 1121
1213 1120
170 1123
1119 1122
196 1127
1209 1127
66 1129
988 1129
1123 1130
72 1130
180 1130
205 1130
262 1130
387 1132
1445 1130
1805 1131
125 1132
1038 1134
1404 1133
155 1135
395 1137
411 1138
1027 1135
1501 1134
52 1136
208 1137
1049 1136
1634 1136
133 1138
435 1142
1637 1138
1742 1139
160 1141
1238 1141
1521 1140
1065 1144
1168 1142
1240 1142
991 1148
266 1147
356 1146
448 1152
273 1149
480 1148
102 1151
403 1157
1103 1150
297 1153
154 1154
159 1159
1671 1155
41 1157
239 1157
423 1156
206 1158
342 1165
1394 1158
106 1162
508 1178
1233 1163
1482 1162
1507 1162
1662 1163
381 1165
649 1168
1082 1167
282 1166
324 1167
437 1168
475 1167
1456 1166
55 1169
223 1169
366 1169
413 1171
575 1176
705 1169
1109 1169
112 1173
1171 1171
147 1172
240 1175
398 1173
613 1173
1040 1172
1178 1172
180 1175
454 1197
671 1179
1098 1175
1119 1175
1510 1185
22 1177
228 1177
255 1179
287 1176
743 1176
210 1179
333 1179
530 1178
1134 1181
1245 1180
1651 1178
1657 1179
104 1181
202 1181
393 1180
478 1180
553 1180
766 1180
1417 1189
1787 1183
67 1186
317 1184
639 1184
739 1188
1776 1184
27 1187
335 1186
491 1187
659 1187
711 1189
1028 1187
1294 1186
1568 1188
55 1188
187 1188
357 1192
693 1188
853 1191
1010 1192
148 1191
208 1190
344 1191
570 1190
615 1205
1026 1191
17 1198
37 1199
76 1192
120 1192
396 1192
499 1192
563 1193
1056 1192
1200 1194
1585 1192
235 1194
472 1195
477 1194
535 1195
646 1195
709 1194
956 1199
980 1195
145 1197
405 1196
483 1197
655 1201
799 1196
138 1199
217 1199
301 1198
373 1198
1003 1198
196 1201
507 1200
573 1203
84 1202
120 1202
529 1202
1501 1203
110 1204
336 1204
409 1207
517 1210
808 1204
857 1206
1238 1204
81 1207
392 1207
647 1207
722 1207
743 1210
879 1209
100 1208
139 1209
389 1208
540 1209
556 1208
687 1213
1339 1209
216 1210
304 1211
278 1221
332 1212
361 1212
534 1213
639 1212
164 1214
718 1215
895 1215
39 1217
171 1217
507 1217
818 1217
1183 1218
157 1219
208 1219
238 1219
326 1219
545 1218
707 1219
949 1218
1000 1218
1168 1220
1230 1220
46 1220
573 1225
699 1221
856 1221
821 1222
831 1222
1609 1225
62 1225
148 1226
335 1225
537 1225
870 1225
35 1227
243 1226
318 1226
366 1227
456 1226
