918 616
499 2
727 5
879 3
1112 12
1220 19
1263 5
1304 11
1558 3
1678 0
1047 12
1083 19
934 13
553 17
854 18
946 42
993 25
576 41
147 55
413 47
1132 44
1796 48
925 50
753 68
1150 59
1553 72
1021 58
892 64
1190 63
458 75
630 71
1055 70
1027 74
1105 78
506 75
878 73
866 80
893 87
921 93
999 100
1507 92
1246 105
1218 109
1110 108
1193 99
924 106
1303 125
1035 112
935 118
359 122
785 120
835 130
929 125
1137 127
1067 136
1115 127
1696 128
1264 136
921 162
856 179
581 141
981 143
1319 150
409 154
799 149
1456 152
516 154
634 155
1440 157
1673 158
671 169
960 170
828 164
796 163
1163 165
792 172
898 171
1126 173
1299 182
1245 173
466 174
1074 187
19 187
1493 192
1783 200
947 189
441 194
485 194
116 202
468 200
989 202
1157 205
1118 213
1715 212
344 221
735 225
318 236
417 219
1052 222
1439 221
1166 221
237 231
544 231
1139 228
644 244
1069 234
1302 239
569 240
1198 249
338 240
928 238
930 239
606 242
1163 244
612 248
960 249
1529 258
1269 253
1431 255
361 260
597 277
773 269
849 278
909 263
515 271
820 273
1167 274
1129 276
1179 286
1399 279
1402 278
928 280
933 281
1819 287
800 287
1595 301
678 294
757 293
858 311
535 307
1066 314
1222 309
1648 309
888 300
1040 310
1096 305
937 306
809 312
1388 342
980 318
1460 318
130 319
916 319
781 334
134 323
817 326
1077 329
1174 339
442 336
511 336
823 354
747 335
93 350
886 336
1503 343
1082 341
1066 353
1101 341
1014 344
1128 349
493 353
1156 354
637 356
906 355
893 373
1427 364
915 362
1176 365
1582 371
1016 364
1228 369
1267 372
1113 368
953 381
986 373
1131 385
1011 373
1151 373
1451 383
690 381
909 399
928 378
1340 393
931 380
738 386
401 395
805 395
580 402
718 397
1733 405
1021 399
987 401
971 406
1157 403
867 413
384 413
1575 417
1014 418
1059 428
736 415
643 440
1659 425
1464 428
783 438
686 436
931 437
1411 430
747 434
581 436
126 441
822 438
231 445
1008 441
567 446
910 441
902 445
976 447
927 470
1444 451
1078 455
1042 459
1267 461
979 469
331 473
812 473
952 474
1018 481
739 479
1132 478
1150 472
995 475
975 479
384 480
898 484
994 484
760 488
992 489
758 491
964 497
753 501
1164 495
145 515
639 498
783 498
1186 499
283 508
984 505
983 507
1692 519
733 515
945 511
45 523
884 526
941 516
849 517
972 518
1550 519
464 522
825 523
667 522
939 520
970 521
1355 529
1670 527
1116 527
1053 531
1717 540
1030 536
1065 544
1559 536
1660 541
797 548
941 545
386 550
491 548
1005 548
890 553
996 556
163 565
1604 568
960 570
1578 565
949 567
899 576
856 588
879 574
416 574
685 577
930 578
1207 577
760 576
1105 582
1810 581
1177 584
1241 588
1395 591
1553 583
910 582
814 595
1290 601
903 598
188 605
989 604
1770 601
843 603
1126 602
895 611
712 610
752 632
961 608
938 613
951 612
1092 612
555 617
1433 616
613 620
1184 625
852 631
1006 623
962 626
1041 627
350 632
1394 632
469 640
1112 648
1071 651
1028 640
132 645
445 648
1001 649
486 652
821 658
1788 668
836 660
347 665
957 663
980 662
592 668
840 664
841 666
845 672
895 668
933 671
946 670
998 678
783 674
924 677
797 691
395 688
613 691
930 759
839 699
932 701
974 688
419 696
995 695
1109 699
506 707
955 705
1211 706
457 708
413 714
948 717
1523 716
773 717
763 720
573 728
501 725
1097 724
32 726
472 731
1219 732
1319 730
862 730
1243 735
263 755
528 758
1359 759
739 793
649 801
851 800
966 804
1376 805
1165 807
1219 809
510 809
522 814
1296 823
579 821
600 821
340 826
849 828
903 825
1204 832
947 832
675 835
1112 841
1645 838
741 844
557 845
1358 854
585 852
1731 853
481 858
614 868
1468 865
1133 875
914 881
1669 876
848 879
4 882
233 881
1104 883
1521 882
898 884
1347 893
1365 893
197 897
707 903
1383 903
1062 901
1676 906
127 903
1553 905
1101 909
713 911
934 915
1034 923
1157 927
1751 920
1784 920
518 922
1006 925
962 935
412 935
782 940
485 941
1282 940
1697 950
841 948
1759 948
764 956
823 957
1734 956
1145 964
388 964
638 967
742 964
692 968
707 977
1193 971
1079 975
1195 972
1711 976
926 978
474 981
931 981
424 982
1076 986
796 989
772 997
402 999
1069 1001
1013 1001
744 1008
1153 1007
758 1019
796 1017
815 1016
1341 1020
415 1018
232 1023
859 1023
979 1024
230 1026
787 1027
889 1028
1764 1024
1176 1027
225 1028
1815 1031
1819 1032
237 1039
1157 1042
425 1046
674 1047
1712 1047
840 1049
421 1050
472 1055
1761 1055
436 1058
1594 1058
1597 1059
1767 1058
1603 1064
1002 1069
1393 1068
520 1068
579 1069
11 1075
617 1075
1090 1076
220 1077
1744 1076
609 1080
1432 1080
454 1091
324 1094
151 1097
404 1104
1779 1102
1064 1105
1206 1109
1792 1111
480 1114
1794 1116
1798 1117
1810 1117
237 1120
417 1121
520 1120
525 1121
196 1122
834 1125
1469 1124
676 1126
1752 1127
829 1129
376 1131
507 1130
749 1133
579 1134
727 1141
797 1140
1638 1145
1806 1145
480 1146
569 1150
1221 1150
762 1152
105 1154
960 1154
1772 1157
285 1161
13 1164
1667 1168
114 1171
557 1175
387 1176
442 1177
547 1177
574 1176
1061 1177
1020 1179
126 1180
185 1181
1045 1181
1241 1180
574 1185
1243 1182
330 1188
292 1189
1791 1189
108 1191
562 1193
46 1195
534 1195
145 1199
315 1199
1006 1198
1191 1199
1645 1198
1192 1201
1648 1200
132 1203
277 1204
1741 1205
140 1206
1529 1207
0 1208
81 1208
168 1209
174 1208
783 1209
293 1210
561 1211
1131 1211
102 1212
604 1212
1198 1213
1696 1213
915 1215
1699 1215
119 1218
1702 1218
1805 1218
68 1225
642 1220
645 1221
159 1226
721 1225
