913 617
131 24
229 52
430 51
592 29
741 107
800 17
824 12
844 17
879 28
921 50
988 1
1053 10
1102 13
1190 1
1283 15
1300 2
1334 16
1474 92
1721 12
1769 14
1381 11
1813 21
1209 30
1175 25
1236 24
1120 25
968 24
1554 26
1366 26
997 32
1303 154
1376 38
718 42
1252 45
1764 65
675 151
643 146
1096 143
1347 66
1372 62
188 63
1174 92
190 64
825 103
613 143
800 72
1205 75
1616 73
547 151
1016 88
988 114
955 88
846 160
945 103
1278 112
1524 109
1236 114
1022 119
873 136
1634 132
963 135
1404 126
1026 130
901 155
1166 142
658 140
1031 148
1702 146
977 151
1209 153
1364 149
825 171
809 156
1770 165
1162 170
1733 164
1428 174
1043 166
1390 164
539 165
543 164
1208 193
535 166
874 170
713 174
1135 182
1007 177
1603 180
975 202
928 190
477 248
587 201
667 192
1294 197
874 213
665 203
1162 209
1401 204
896 261
1284 204
1251 233
928 215
1003 215
824 212
1174 238
1674 238
826 227
1044 227
1804 256
913 232
361 253
738 357
1277 230
1568 242
386 262
1208 245
631 248
813 249
1544 243
1604 245
452 253
934 274
1286 249
1149 253
375 248
1377 251
1078 256
1134 259
1391 261
825 276
1024 266
864 271
999 266
1606 282
1732 275
637 377
1453 275
1231 276
1307 276
1436 278
1123 279
1832 291
1412 280
1559 281
557 356
1461 321
1299 299
523 356
1140 298
1260 304
1515 319
1728 367
788 309
1543 401
1118 327
1333 320
1093 318
1226 316
1307 315
1628 316
923 323
1200 323
1390 321
874 329
1235 325
1011 329
1634 328
929 378
850 345
1377 335
1291 336
1241 343
756 342
930 341
944 342
1260 343
1309 358
1306 342
1362 350
1062 349
1220 369
1264 366
1488 357
1505 356
807 365
1344 362
1693 379
1513 385
1384 394
1140 377
1618 365
1009 372
1280 373
972 371
1118 371
1355 380
1634 387
1189 379
1305 392
975 384
987 395
865 391
1156 393
1602 401
1062 393
1264 394
1281 396
1332 398
1266 411
1232 398
1466 402
897 404
999 402
1001 406
870 424
885 406
911 406
978 406
891 412
985 410
1111 413
940 410
1173 415
1248 416
972 417
1214 429
1307 428
903 420
1329 432
1020 427
1232 426
943 425
1004 424
846 430
969 426
895 429
947 429
941 490
1001 437
908 432
932 432
984 432
1078 439
1276 432
937 434
1792 449
1263 443
887 439
1119 441
898 442
982 443
1403 447
885 461
1006 445
1185 447
1124 455
902 450
918 450
1330 462
1665 464
795 456
1387 458
1069 469
1312 460
1361 458
1007 458
1208 467
579 461
1006 460
569 462
1236 469
1283 462
993 464
909 467
748 471
979 468
811 474
1186 479
880 475
720 481
978 480
1304 486
1479 482
757 575
1060 493
1214 490
1275 487
1389 490
1361 493
1333 497
1524 512
1639 497
994 501
1354 506
1069 516
1445 503
978 509
1275 505
1569 508
612 548
671 571
1104 508
1340 510
853 512
991 513
1300 512
857 517
994 514
1144 524
1243 523
1289 523
982 524
1219 540
1339 534
1447 540
1357 535
1727 558
967 559
1204 545
1625 555
1305 545
1393 571
1525 551
1349 564
207 561
643 565
1539 562
1767 573
853 570
949 567
706 570
991 574
579 575
1286 579
1419 577
978 597
1243 584
1531 609
796 593
891 593
1117 587
1189 588
1028 596
1085 598
1375 601
1181 604
946 726
1112 605
1439 617
1013 613
1308 608
1033 613
707 617
1634 630
911 627
1023 635
1299 624
1340 628
601 636
1813 634
1047 628
1050 633
1197 638
1497 637
1096 642
988 643
1052 645
995 647
1102 647
997 649
1223 650
1274 653
1393 659
1577 651
890 658
1593 657
1113 664
1086 664
1468 676
1746 674
1338 671
800 669
849 673
1253 672
1502 697
900 677
1034 683
1070 682
888 680
575 679
577 680
1793 692
656 701
1118 698
688 697
1064 695
989 695
887 696
748 703
852 704
1202 704
1264 714
1173 728
691 723
1542 730
1109 727
1726 734
1582 734
925 726
926 731
1123 731
1512 744
866 740
984 734
1254 736
766 747
1606 749
821 758
753 777
706 758
1076 758
1348 761
905 764
1353 766
1122 772
879 780
1205 773
1095 781
1335 776
1162 781
668 783
783 787
1069 784
803 795
1739 796
1025 796
1104 792
1080 804
1139 795
1388 799
997 806
682 798
1597 819
883 848
1259 817
506 815
628 811
792 811
714 815
970 812
701 814
1019 830
1205 826
959 830
721 822
857 835
1054 833
563 832
644 832
776 875
1495 837
1241 838
1322 831
782 836
611 843
1196 858
1317 840
1012 843
1124 850
608 852
1409 857
830 946
1008 877
1637 874
1245 873
1713 873
848 868
965 869
1037 879
958 875
835 882
1081 879
1210 880
1275 886
1318 886
813 891
848 896
1028 899
1206 900
644 912
799 901
873 903
1407 912
955 967
1057 923
789 908
1300 908
1462 924
511 923
1167 919
1085 923
1156 941
527 925
1093 930
1249 929
1565 931
1377 942
778 936
1203 940
1178 952
431 943
505 943
500 944
1492 952
1306 952
1290 954
438 957
1249 961
869 1098
1218 970
813 962
1535 963
590 969
1748 967
647 969
477 975
567 979
1336 979
646 981
1419 988
409 985
1717 992
1374 1003
603 990
1185 993
991 996
714 1004
880 1001
1131 1010
878 1010
953 1005
1487 1019
432 1007
1048 1006
1692 1009
528 1009
1616 1018
608 1010
1433 1022
258 1012
1168 1028
510 1019
583 1024
1293 1020
52 1022
1262 1023
765 1028
870 1024
892 1028
1038 1033
517 1031
830 1035
857 1035
490 1037
905 1036
429 1038
539 1039
1594 1041
46 1043
465 1043
555 1043
312 1048
385 1048
439 1048
1221 1064
249 1056
1106 1058
1507 1061
1665 1056
496 1059
593 1059
22 1063
1142 1066
23 1069
276 1069
1145 1072
262 1072
1179 1072
1360 1081
564 1075
489 1076
481 1078
537 1084
576 1078
1242 1079
1524 1085
1454 1090
95 1089
403 1091
551 1091
1600 1093
73 1095
487 1095
1137 1118
1226 1095
1383 1104
313 1099
368 1098
436 1101
1091 1100
1266 1105
1415 1108
511 1113
564 1116
518 1118
1628 1120
1615 1123
1645 1123
20 1125
108 1124
201 1126
0 1128
81 1128
1196 1133
1561 1131
134 1133
376 1133
553 1132
567 1136
1095 1133
1563 1132
213 1137
304 1136
1072 1146
544 1139
163 1141
263 1143
1257 1144
1655 1143
154 1144
361 1144
525 1144
453 1146
1242 1150
323 1148
147 1153
189 1152
217 1153
350 1153
376 1152
593 1152
1168 1152
1578 1153
215 1155
228 1154
522 1154
1534 1154
153 1156
212 1156
180 1161
198 1164
577 1158
51 1163
269 1162
447 1162
631 1164
724 1163
813 1162
93 1164
645 1164
1223 1166
1663 1167
286 1169
601 1169
1169 1169
78 1171
271 1171
1795 1170
265 1172
477 1172
490 1172
657 1173
428 1175
433 1174
574 1175
749 1175
252 1176
528 1177
616 1177
591 1179
1083 1179
1243 1183
150 1181
463 1185
503 1190
627 1181
650 1181
678 1180
1060 1185
569 1185
1269 1188
522 1187
541 1186
728 1191
756 1186
162 1189
316 1188
412 1193
644 1188
687 1191
1620 1188
121 1190
488 1191
633 1196
1591 1191
1834 1190
60 1193
375 1192
437 1194
670 1195
766 1194
433 1200
702 1202
1163 1199
1823 1198
852 1202
1087 1200
201 1203
359 1203
448 1202
749 1203
798 1203
37 1205
156 1204
198 1204
1534 1204
149 1208
277 1208
717 1208
738 1206
1178 1210
1543 1207
125 1208
681 1210
115 1211
118 1210
614 1213
641 1213
659 1212
1532 1213
736 1215
849 1214
1536 1214
91 1217
254 1216
434 1217
619 1216
648 1216
365 1220
467 1219
570 1218
679 1219
198 1221
398 1224
962 1220
1355 1220
1714 1220
302 1222
354 1225
486 1225
703 1225
665 1226
976 1225
781 1227
1145 1227
1534 1226
