918 620
161 15
255 19
323 6
471 1
631 5
665 16
745 2
805 4
836 3
989 16
1029 2
1096 0
1152 33
1392 23
1418 1
1529 18
1676 10
1731 8
782 7
348 13
307 33
1074 32
407 16
1795 24
470 24
799 20
583 20
1038 15
1613 21
841 26
1023 23
1035 26
773 31
744 32
822 30
1808 30
1829 34
445 39
574 38
1042 49
1372 37
382 54
1645 74
1258 59
920 44
1095 50
1365 45
785 48
838 54
658 69
1687 65
202 67
1719 62
255 64
755 62
1410 63
451 68
1519 73
1017 68
977 69
1483 73
1606 76
621 74
882 79
928 75
1362 74
333 77
820 77
1049 97
1081 81
734 82
806 87
843 84
995 82
194 97
693 101
888 96
271 98
1214 97
996 108
1340 105
768 105
951 100
511 105
919 101
1110 106
786 113
1246 112
1145 107
1510 139
467 114
1283 116
240 120
1396 121
1374 117
844 123
311 128
761 123
950 126
971 123
1603 143
1430 125
904 127
1009 127
1123 129
447 128
802 133
852 135
1020 134
342 147
1108 138
1000 136
1066 139
1634 180
690 145
733 138
965 143
1036 162
479 152
1326 146
210 151
233 142
928 150
234 144
394 156
781 151
1075 150
1359 154
287 153
988 195
1013 152
583 169
839 157
1104 159
921 173
322 164
511 166
649 173
1024 167
962 169
793 170
860 172
940 168
1057 169
1659 168
1350 178
1409 173
284 201
1673 173
769 175
946 178
951 174
242 179
607 183
761 186
903 181
1056 182
693 188
1098 187
956 186
1142 190
635 205
928 190
1012 193
500 201
923 196
795 204
965 196
1341 203
180 198
1452 212
853 201
894 200
1061 203
946 212
1568 203
385 221
882 205
1141 228
1280 212
1358 205
1520 207
701 217
1042 214
1322 220
326 225
1044 249
882 216
650 222
715 225
1033 219
238 227
893 220
774 227
1052 225
1566 233
797 229
865 232
879 231
928 246
838 233
914 232
1232 241
995 245
899 239
1519 246
309 249
800 242
286 245
738 248
908 244
1433 248
957 247
849 251
397 251
785 252
1102 260
270 263
666 266
1175 263
867 255
1216 254
750 257
1486 257
352 263
511 264
780 263
918 260
959 259
430 269
696 277
1505 276
984 264
1032 266
1351 267
1475 274
238 276
973 267
901 269
933 269
756 274
990 270
1039 272
836 273
1012 288
600 282
453 290
921 288
1566 284
798 282
908 280
932 282
972 283
744 286
910 284
778 288
392 301
938 290
1071 290
1123 294
765 294
1047 293
271 295
1051 295
678 319
1302 303
1457 326
353 312
799 304
918 315
943 317
1147 315
930 304
1373 309
1035 312
701 315
805 315
444 333
1076 314
310 317
505 319
1052 315
401 318
981 345
993 321
823 318
1564 332
788 324
1066 325
269 329
816 333
1044 341
602 330
952 328
1012 329
1506 335
779 330
1059 332
254 346
1293 342
521 344
908 340
334 351
1140 340
631 345
880 346
1153 349
1023 353
1035 352
1133 362
1350 352
762 357
1312 354
660 361
799 362
1054 360
748 364
935 364
699 369
1059 367
314 377
1044 369
716 373
990 372
1463 376
1533 381
1009 414
911 378
927 381
1215 387
979 382
1293 381
362 387
618 387
1349 408
540 386
702 391
902 389
964 387
983 389
1051 401
962 391
1302 392
406 411
765 391
1036 392
1117 398
920 401
1281 397
1242 399
1513 405
544 398
456 404
779 404
1026 402
1064 400
492 422
515 415
1567 416
703 418
876 413
1474 419
765 417
1279 415
681 419
800 417
858 417
922 422
1036 416
1097 420
367 428
603 421
1286 426
1451 422
878 422
973 433
1060 422
639 424
774 435
1105 429
798 428
821 439
1402 443
324 438
572 431
843 432
961 431
1078 433
1310 437
475 438
871 435
355 444
702 449
953 439
1066 439
1444 447
987 443
1427 456
1501 447
670 444
1103 457
963 450
999 449
1010 450
1375 452
658 457
950 454
910 455
973 455
992 459
621 459
1044 456
330 464
768 459
793 459
1036 468
1356 467
754 463
905 461
883 469
1289 467
1404 472
132 466
844 467
1085 468
951 469
966 469
977 468
919 470
1055 471
1251 477
1519 477
848 473
1474 475
438 482
817 481
1023 496
982 481
1327 480
1421 481
511 485
801 481
703 487
888 487
947 485
994 486
1297 495
367 492
1104 494
1255 492
1372 493
383 492
1478 495
719 496
783 496
796 494
809 492
1201 492
1418 508
350 494
503 502
342 512
623 502
803 505
967 499
1051 501
827 502
860 503
940 508
1382 515
548 504
814 505
896 505
571 508
1006 511
1240 508
1344 510
916 508
983 513
455 514
409 513
681 517
886 513
914 515
1162 515
515 519
1136 528
743 525
1244 519
479 528
570 527
1043 520
1278 529
781 526
922 527
963 536
1034 527
697 530
878 528
945 531
1088 530
1293 529
996 535
1313 534
803 538
813 532
914 534
1050 532
1244 533
1257 532
1342 537
684 538
1039 536
1068 535
1080 535
1091 535
523 537
763 544
816 538
941 537
1026 537
266 541
709 542
732 543
829 539
935 539
564 545
626 546
1035 545
1111 545
1014 544
1285 556
675 549
849 547
906 550
988 549
1238 553
435 553
783 551
871 550
943 551
1353 552
779 553
392 556
487 559
715 557
996 557
1046 560
1074 562
929 563
993 586
1379 562
408 561
953 564
970 561
1172 567
1258 560
861 565
1268 564
1418 567
429 570
876 564
366 567
984 572
1326 572
1346 586
360 586
897 571
851 578
1090 572
799 575
335 582
670 580
938 578
769 584
1466 596
443 584
703 585
1268 585
951 586
1449 587
470 588
918 587
630 589
810 592
887 589
1174 595
716 595
784 599
877 594
927 593
953 594
1254 592
1409 596
762 595
1041 595
763 597
819 605
310 601
527 602
860 600
912 598
933 598
707 602
947 602
267 607
768 603
1054 603
628 604
944 605
1001 609
942 722
776 607
806 607
918 607
1359 609
1530 608
695 616
706 608
934 609
1292 612
422 611
854 613
795 618
1375 626
379 616
436 615
812 616
987 614
1017 628
538 620
833 616
880 617
963 617
1098 616
312 619
558 619
629 622
902 619
923 619
486 621
1246 621
496 624
841 623
928 624
950 623
1092 623
1123 626
465 626
829 625
904 633
956 633
775 626
886 629
1139 626
1245 627
570 636
1274 629
532 638
986 634
425 637
1220 638
1266 638
602 637
882 643
1315 639
367 640
1350 642
463 641
484 646
946 641
1248 644
516 643
923 644
1156 649
986 649
1002 645
1303 655
447 650
824 650
841 651
947 650
961 650
1259 652
503 654
42 654
324 657
331 654
811 654
969 655
1231 659
40 656
861 656
1361 656
907 659
1334 664
518 664
583 664
632 662
1201 664
709 665
910 664
945 664
813 664
963 669
985 683
1009 664
338 677
385 671
470 667
944 667
453 672
857 674
1224 668
1267 668
1393 680
283 671
428 677
821 671
1017 679
565 673
654 673
906 673
1361 674
474 675
672 674
356 677
833 678
928 676
1227 678
1280 680
112 681
946 683
1328 684
517 682
689 684
728 693
861 682
1261 683
1314 682
464 684
669 685
710 686
901 684
1465 689
957 687
1171 688
1240 688
423 688
659 688
925 689
961 690
1255 690
678 697
1291 694
360 695
535 695
698 696
942 696
1258 696
451 697
522 700
446 699
997 698
1346 699
319 704
886 700
1176 700
1261 701
1370 701
410 703
763 703
953 715
1233 710
828 706
1445 706
378 707
423 710
703 722
840 710
988 709
1435 710
484 711
856 711
929 713
486 712
630 712
861 715
1155 714
1410 714
451 715
530 717
611 717
339 729
1214 719
927 720
1179 724
1323 735
721 729
771 726
423 727
729 727
787 729
923 726
1274 729
1290 730
738 731
1189 732
1210 731
416 738
504 733
665 732
552 739
765 737
794 736
780 738
939 737
943 736
1088 738
1739 737
1304 744
745 740
1362 744
461 743
1213 743
492 745
617 744
316 749
517 747
522 746
596 747
803 747
1288 747
1333 758
937 750
1133 753
1208 751
559 756
922 753
610 754
720 767
1308 756
225 757
462 757
673 761
496 764
612 758
263 760
435 763
545 760
763 761
788 760
1191 761
1246 765
1058 769
793 767
517 771
685 769
775 768
795 769
290 771
345 774
288 773
1391 777
1450 775
414 778
543 787
1218 779
1285 778
284 779
568 783
1442 778
314 786
850 781
1604 780
506 784
587 786
755 783
814 783
830 783
1156 786
1191 783
120 784
132 784
375 785
689 786
1291 789
769 787
785 787
1027 789
1240 788
526 790
1058 792
1257 790
1359 800
719 794
1041 790
1395 792
498 794
624 794
745 792
779 793
796 792
1376 794
1086 799
1187 796
462 801
789 798
1025 798
344 804
662 801
829 801
851 800
1224 802
1326 804
1455 801
1015 803
1282 803
203 804
381 809
697 806
444 811
472 807
486 814
596 807
713 811
742 806
410 809
575 809
611 809
1071 811
625 812
737 817
774 810
1022 811
1314 814
779 814
998 813
1012 813
1026 813
1249 814
465 816
680 818
399 824
586 821
628 821
731 821
1214 823
1333 824
1373 821
193 822
331 822
1110 825
1246 823
1286 827
552 829
658 824
728 824
867 824
1045 825
1351 833
801 829
986 828
1014 828
500 831
525 831
725 835
905 831
1320 833
481 833
670 834
350 837
382 838
684 842
806 835
1065 835
1179 834
1203 834
659 837
1178 836
23 839
141 838
785 839
1004 838
1206 840
543 845
707 843
991 842
1264 845
1311 840
1344 843
487 845
623 845
981 844
1137 849
1457 844
121 847
520 846
523 848
765 846
1037 849
597 849
1454 848
593 851
790 851
894 852
993 850
1230 855
1278 855
794 854
967 865
1089 856
1210 856
1013 855
1125 859
1183 855
458 858
1144 856
1320 862
1586 856
1025 859
1344 861
1373 861
1446 858
721 875
779 860
1291 865
566 864
612 864
943 865
996 863
442 864
652 864
672 864
901 865
101 866
463 868
581 868
739 875
369 868
393 872
427 879
541 868
1064 873
500 871
600 872
839 871
785 872
866 872
587 875
627 875
920 876
356 876
525 876
691 882
776 878
948 877
982 878
1201 879
1261 881
997 881
1143 884
1291 883
1315 883
488 882
735 883
980 884
1243 882
133 884
307 884
406 886
447 885
502 885
1207 896
1381 893
1443 884
450 887
481 888
552 888
364 891
900 889
1114 889
1174 890
1340 889
1604 889
468 892
525 891
1161 891
607 893
643 893
904 893
1234 895
1306 895
1797 893
646 894
341 896
956 897
1298 902
1779 899
670 901
1027 903
1230 902
238 903
723 908
777 902
788 903
898 903
1055 904
496 906
517 904
578 907
697 905
750 906
1611 904
511 907
606 913
457 909
586 908
1228 909
1241 909
1269 909
490 912
821 911
14 912
340 912
292 914
380 916
1194 914
1261 915
1371 916
136 916
756 919
786 916
1340 917
244 918
406 918
553 921
983 922
502 922
569 921
662 920
713 921
965 920
997 920
467 925
600 922
1170 923
1314 924
400 925
403 924
672 924
1081 926
710 927
1049 932
1182 927
1211 928
1684 926
555 929
640 928
688 928
743 929
1006 931
771 931
799 931
1234 931
420 933
494 933
734 934
943 932
680 935
798 935
592 937
748 936
1014 936
411 939
551 939
991 939
1384 938
197 942
685 942
1345 944
740 945
776 944
1034 946
262 947
454 947
606 949
631 947
1229 947
833 949
968 951
1338 949
564 950
735 952
1205 953
1634 951
513 953
592 953
619 953
760 953
996 953
1068 955
1175 952
285 955
558 961
691 955
1780 955
47 956
426 960
752 957
949 959
1309 957
535 958
658 959
1223 958
689 960
739 968
965 962
1188 962
1278 960
1289 961
625 964
876 965
1088 962
103 966
489 965
1207 965
1256 966
1302 970
480 967
1080 969
1098 969
1141 968
1205 967
1235 966
1334 970
459 968
695 968
839 969
978 968
492 972
688 971
929 970
1046 974
1185 971
398 973
467 973
513 973
524 972
704 974
940 973
1223 974
446 979
553 981
745 974
994 977
1187 975
1251 976
383 976
686 978
974 978
526 979
1022 979
1056 979
1175 979
424 992
1285 981
1630 980
1090 990
513 984
626 985
1062 985
1171 986
1279 985
1392 985
371 986
1040 990
1272 986
144 989
490 989
603 989
728 989
949 991
1161 988
1242 988
1340 989
392 993
707 991
777 990
1014 990
1305 990
1630 991
141 992
592 992
693 997
709 992
1167 993
1350 995
339 995
668 995
747 995
962 995
1311 995
521 996
461 998
596 1000
738 1001
836 998
1176 998
1390 999
1474 998
1688 998
284 1001
446 1007
1157 1000
566 1004
986 1004
1389 1002
512 1005
554 1006
815 1004
973 1005
692 1006
1172 1007
1208 1006
1327 1011
663 1008
953 1009
665 1013
1215 1012
1268 1012
1293 1013
1465 1013
714 1023
1187 1015
1831 1014
895 1016
968 1017
996 1017
1148 1018
1258 1017
370 1019
527 1019
942 1018
1350 1020
512 1021
592 1021
738 1020
1038 1021
1136 1021
409 1022
476 1023
639 1022
700 1023
1078 1022
668 1027
1088 1024
1200 1024
1255 1025
1323 1025
1015 1028
1307 1026
1518 1027
418 1029
916 1030
1280 1028
580 1030
731 1031
966 1031
1285 1030
409 1034
625 1032
468 1034
533 1035
564 1035
582 1035
638 1035
705 1036
1110 1036
1184 1036
1221 1035
502 1036
1000 1038
1214 1038
481 1039
515 1038
610 1041
377 1041
449 1040
800 1042
890 1042
1340 1042
604 1045
673 1045
803 1045
939 1046
1060 1046
1265 1044
969 1048
1185 1047
1236 1047
1313 1057
1494 1046
1826 1047
340 1048
499 1049
527 1048
564 1050
647 1049
720 1048
1080 1049
1514 1049
1828 1049
1036 1053
1215 1053
501 1052
536 1053
686 1054
698 1053
717 1052
886 1053
506 1054
1094 1056
1132 1057
1345 1055
716 1057
785 1057
1158 1057
490 1071
508 1059
1026 1060
1350 1058
611 1061
669 1060
734 1060
1256 1060
1374 1061
475 1065
711 1065
1190 1063
1279 1062
1389 1063
431 1065
515 1067
740 1066
959 1065
1064 1067
1455 1064
1642 1066
1663 1064
557 1068
583 1067
696 1068
973 1067
1262 1066
707 1069
1480 1068
680 1071
907 1070
1302 1071
533 1074
970 1075
1116 1073
1132 1073
937 1075
953 1075
1166 1075
1177 1074
1267 1075
1321 1074
1344 1075
1472 1074
1511 1074
690 1076
1096 1076
1220 1078
1280 1080
702 1079
748 1079
1020 1079
1192 1078
145 1081
496 1081
1138 1081
1254 1081
669 1085
703 1082
1223 1084
1411 1083
1657 1084
276 1084
371 1084
929 1085
1026 1086
1111 1084
1243 1084
738 1087
896 1086
1230 1086
436 1091
722 1090
729 1088
771 1088
807 1089
810 1088
830 1089
956 1089
1083 1089
1131 1088
452 1093
551 1091
581 1092
940 1091
980 1092
1209 1092
84 1092
470 1093
506 1095
521 1093
603 1093
1166 1092
1404 1092
133 1094
924 1094
1134 1094
441 1101
547 1097
744 1097
914 1096
947 1097
1001 1100
1186 1096
1438 1096
322 1099
473 1099
616 1099
1263 1098
1501 1098
492 1102
1154 1101
1473 1101
1692 1100
267 1102
342 1103
857 1103
989 1103
1329 1102
238 1105
265 1105
952 1105
1051 1105
1071 1105
1220 1106
1327 1104
1423 1104
1434 1104
100 1108
338 1106
862 1107
1465 1107
337 1109
586 1109
650 1109
706 1110
894 1113
931 1109
998 1110
1192 1112
477 1110
604 1110
763 1111
1125 1110
1355 1111
285 1118
475 1112
609 1113
633 1112
769 1113
919 1112
935 1117
1110 1112
1234 1114
516 1116
705 1114
1348 1114
1063 1118
1136 1119
1732 1116
915 1120
1096 1119
1501 1118
344 1123
803 1121
1120 1120
1242 1120
1504 1120
497 1123
826 1123
843 1122
932 1124
991 1123
1110 1123
1222 1124
1315 1122
1423 1125
401 1124
531 1125
746 1124
901 1125
952 1125
1038 1126
283 1126
549 1126
714 1132
964 1132
984 1127
1250 1126
476 1133
1005 1129
1035 1129
1365 1129
1737 1128
1210 1130
1357 1131
1253 1133
1303 1132
521 1134
594 1134
633 1134
839 1135
944 1135
1322 1135
878 1136
1301 1136
1492 1137
470 1141
873 1138
1135 1138
1312 1138
614 1141
649 1140
740 1140
852 1141
979 1142
1113 1141
1276 1141
1831 1141
936 1143
1118 1142
1242 1144
1302 1143
379 1145
814 1144
1345 1145
1551 1145
1668 1147
353 1147
656 1147
1085 1147
1164 1146
1231 1148
1285 1147
1328 1146
1495 1146
630 1148
937 1149
1130 1148
1163 1149
1550 1148
537 1150
590 1150
734 1151
836 1150
870 1150
1160 1151
1734 1152
710 1153
1764 1152
596 1155
651 1154
993 1157
1214 1154
900 1157
1009 1156
1310 1158
875 1158
943 1162
1122 1158
1201 1158
1449 1158
167 1160
479 1162
630 1161
680 1161
915 1160
1027 1160
1181 1160
168 1162
496 1164
499 1162
967 1163
987 1163
1053 1165
1193 1162
1215 1162
1780 1166
608 1165
621 1165
623 1164
662 1165
760 1165
1240 1168
1266 1170
1 1166
778 1166
793 1166
971 1168
1034 1168
1225 1166
205 1168
603 1168
1018 1170
1055 1168
1132 1169
1801 1169
816 1171
863 1171
1067 1170
514 1174
539 1172
569 1173
633 1172
867 1173
1253 1172
1389 1172
1442 1173
235 1174
651 1176
989 1174
1041 1174
1122 1175
397 1179
1098 1176
1198 1176
1231 1178
1302 1176
529 1178
820 1178
880 1178
919 1179
951 1179
1212 1178
1292 1178
1397 1179
1481 1179
162 1180
466 1181
792 1181
1044 1181
1217 1181
530 1182
718 1184
645 1184
806 1184
929 1186
1099 1185
1263 1185
1354 1185
603 1194
625 1187
706 1186
884 1187
906 1188
954 1187
1262 1187
1545 1188
752 1189
785 1189
862 1189
1348 1189
525 1190
560 1190
681 1190
722 1191
939 1191
1050 1190
1243 1190
1272 1191
1313 1190
146 1192
334 1193
760 1193
795 1193
876 1192
1226 1195
1303 1193
421 1196
960 1194
1130 1195
697 1197
730 1196
838 1197
949 1197
476 1200
535 1199
979 1207
1108 1198
1138 1198
1245 1199
1558 1199
504 1202
634 1200
829 1201
865 1200
884 1201
926 1202
963 1201
1143 1200
743 1202
1185 1204
248 1205
938 1205
943 1204
1198 1205
1231 1204
438 1207
881 1207
1206 1207
547 1208
750 1209
757 1208
783 1209
1276 1208
70 1215
99 1210
493 1212
626 1210
835 1211
861 1210
1125 1210
1219 1211
1637 1211
249 1212
563 1212
716 1212
760 1213
1044 1213
1146 1212
1278 1213
1016 1218
1106 1215
1287 1216
1210 1217
443 1218
503 1219
880 1218
1043 1220
1533 1221
648 1222
763 1222
1074 1222
1590 1222
596 1225
756 1226
1255 1225
1464 1226
370 1226
523 1227
550 1226
637 1227
724 1226
805 1226
963 1226
1039 1227
1071 1227
1566 1226
