899 603
218 0
263 14
302 0
426 0
468 0
566 5
598 10
768 0
860 24
918 6
960 0
1047 1
1061 0
1130 4
1243 2
1354 10
1497 3
323 5
887 7
198 24
1108 20
353 8
368 8
775 13
1151 12
1570 15
723 10
1034 16
1648 21
316 12
725 15
508 23
999 21
925 32
1755 28
1064 31
1522 36
651 25
461 32
824 37
882 31
953 31
555 31
966 34
1423 42
391 36
1033 41
1206 43
1459 51
348 51
630 41
713 40
1077 43
1699 54
733 44
974 59
1134 48
1285 63
567 47
639 52
685 47
760 52
692 49
805 50
383 53
655 52
946 52
473 58
501 76
535 61
579 62
291 74
681 59
819 62
1541 74
1131 63
562 62
368 65
467 64
1585 76
413 67
1057 69
1151 69
524 68
177 71
353 70
616 70
667 73
1073 84
1492 72
566 73
593 77
608 76
618 77
1186 80
599 79
651 83
686 79
346 81
1013 86
357 83
426 82
476 82
756 83
782 82
902 82
947 87
211 92
425 84
435 84
774 84
864 85
1312 95
1426 89
634 86
739 86
987 89
1117 89
7 103
472 89
586 88
1200 99
94 90
318 90
343 99
371 91
619 109
698 91
870 91
118 92
422 96
669 93
805 93
551 99
588 95
1022 118
139 97
393 97
443 100
836 97
930 97
1005 103
1457 103
253 109
834 99
1136 104
377 102
404 100
488 101
580 111
675 101
720 100
726 101
854 101
1620 100
1657 109
1823 101
300 102
418 103
462 103
514 102
665 103
786 102
1042 102
1624 104
1728 110
81 105
128 105
168 104
190 105
320 104
413 107
455 105
495 105
845 104
919 105
932 110
374 106
484 106
895 110
1165 106
1361 106
505 108
732 109
757 109
1116 109
1179 111
356 110
948 110
1070 118
1221 110
202 113
724 112
958 113
323 115
484 117
684 125
919 121
1442 117
42 131
648 118
876 118
1155 120
1513 128
76 133
450 120
531 120
641 121
710 125
771 124
839 127
941 121
810 125
851 123
1117 122
1214 131
283 138
453 124
657 135
736 125
1654 140
534 126
909 126
1258 126
1433 137
1601 132
1708 134
235 135
426 132
750 129
881 129
985 129
1059 134
1241 128
1397 141
1745 136
211 131
448 130
484 131
526 131
1103 131
356 132
787 137
820 132
828 137
947 133
1101 133
1281 133
431 135
470 134
506 134
704 134
851 135
1030 135
1089 135
1140 136
413 137
557 136
608 161
741 137
766 137
911 136
128 139
160 139
249 143
561 138
1079 146
122 140
462 140
627 141
674 141
755 140
761 142
982 141
1036 140
1254 140
55 143
132 143
690 143
706 142
821 146
836 142
1038 161
208 148
214 144
964 145
1297 144
1323 155
1482 144
410 147
451 150
741 168
977 146
178 149
238 148
546 160
631 148
676 151
876 157
903 152
1099 149
1237 148
1804 149
123 151
349 151
408 150
638 150
780 151
987 252
974 152
1021 151
1112 155
1492 151
1805 151
35 153
160 152
172 160
433 152
528 153
1231 161
1253 152
1367 153
272 155
398 154
488 155
505 162
692 154
991 155
1144 154
1463 165
1586 155
681 160
982 157
1130 156
1166 156
1269 157
1634 167
1833 156
216 159
529 159
668 163
841 160
1183 161
1796 159
138 161
259 190
467 167
477 160
565 168
633 160
777 160
1017 161
1208 161
1259 162
1752 160
16 172
264 163
332 171
763 163
814 164
1160 162
639 164
1062 174
1101 174
1121 178
48 167
68 166
77 167
161 166
390 167
439 166
699 192
708 166
889 166
1158 166
1201 167
1277 166
183 170
354 168
369 168
523 169
649 168
716 170
1301 169
1761 175
655 171
787 174
821 176
1428 171
1688 178
1705 172
1825 170
287 173
583 172
1141 172
1434 179
208 175
1088 175
1192 175
1297 175
1388 174
1663 195
82 186
144 176
178 177
202 184
380 177
426 176
804 176
991 184
1273 177
299 180
440 179
569 178
662 183
1024 179
1228 178
1261 179
1488 179
164 180
273 180
446 181
808 180
1367 180
1818 181
500 186
558 183
576 183
728 183
1283 183
1565 183
1715 195
1837 183
7 184
231 185
447 185
459 196
644 185
646 184
753 195
811 185
1181 185
1253 185
122 186
354 186
548 187
715 186
817 192
861 186
1799 186
285 189
484 189
537 194
561 188
717 188
1028 190
1084 189
1101 207
1165 188
1277 188
1292 189
1357 188
1381 188
1481 195
1495 188
1581 189
1603 200
219 190
362 191
739 190
1143 191
1452 190
626 193
720 193
797 194
1010 193
1125 193
1160 192
1432 198
1518 192
1689 193
1824 193
1832 192
39 194
234 195
351 194
521 197
688 195
1337 194
1465 194
32 197
146 200
208 198
312 247
357 201
387 197
607 196
613 197
639 216
785 197
831 197
1179 197
1203 197
159 198
306 198
428 199
484 199
860 198
1258 198
1327 199
1353 199
1403 199
1460 199
1789 205
99 200
562 216
586 205
841 200
1118 200
1200 200
1397 201
372 202
621 207
672 202
808 202
1071 203
1211 202
1301 203
1458 202
1518 206
190 205
445 205
530 205
685 211
732 206
788 216
812 205
1306 205
1755 205
508 218
610 206
1182 207
1242 210
1374 206
1564 207
225 209
670 221
1261 240
1341 221
10 210
138 215
375 211
385 210
427 211
603 211
652 211
845 211
925 214
1292 210
1426 211
192 230
699 213
726 213
762 215
813 212
1183 213
1204 213
1416 214
1442 213
1461 213
1829 213
212 214
416 215
480 214
820 215
827 214
86 217
113 219
162 216
529 221
585 216
1132 216
1154 216
1202 216
1837 217
54 218
256 218
439 219
463 218
488 218
582 218
609 223
691 219
1081 219
1216 219
1406 219
1446 219
1468 219
1546 218
443 221
550 221
623 221
754 223
1167 224
1190 220
1388 229
1404 220
1499 231
1671 221
252 222
311 222
346 222
387 226
477 222
742 228
837 222
429 224
465 229
574 259
1236 224
1357 224
1632 225
1643 230
43 226
106 226
1224 227
1295 226
1485 227
1531 227
1765 226
1781 235
1837 227
446 228
487 229
625 229
658 232
814 237
1197 228
1618 229
1824 228
79 230
731 230
759 230
1101 243
1367 231
1544 231
23 233
145 233
481 233
518 239
576 233
1134 232
1286 238
1473 263
1816 233
127 237
164 235
442 278
475 234
618 234
727 234
1169 239
1710 234
49 237
160 237
344 237
633 237
754 236
766 237
1149 237
1204 237
1332 236
1575 236
122 239
372 243
654 238
690 241
713 238
1372 238
1406 239
1437 246
1521 238
1569 243
1738 238
1752 239
211 241
731 241
1218 240
1231 264
1242 241
56 243
410 243
576 243
747 243
757 242
832 242
1062 242
1133 245
1155 242
1191 251
466 245
727 244
783 254
1268 245
1419 249
1743 244
1768 245
1834 245
278 246
392 247
663 247
703 249
746 256
905 253
1671 258
467 249
806 249
864 260
886 251
923 250
937 251
1144 248
1159 248
74 250
165 251
229 251
505 250
621 250
722 251
824 262
1583 250
1826 251
43 253
98 252
479 252
653 262
1542 252
1589 273
390 255
695 254
717 262
844 260
244 256
673 257
1134 257
1156 257
1213 257
1282 294
1539 256
27 260
76 258
125 258
221 277
407 276
463 258
485 259
625 259
1326 258
1330 259
1498 259
1534 258
1636 263
65 260
344 260
370 260
494 260
893 260
1064 261
1115 261
1180 263
1725 261
1739 261
1766 261
159 262
509 262
920 263
1144 262
1756 262
1837 262
49 265
803 270
878 265
900 267
933 264
946 267
1147 265
1366 264
1501 265
1744 265
1812 264
501 267
769 267
1073 266
1113 273
1168 267
1214 267
175 268
381 269
702 275
1080 269
1433 301
1572 268
1696 269
101 270
522 272
657 302
735 280
1186 270
1786 277
105 273
138 272
374 272
505 273
779 297
793 273
887 273
921 280
1315 272
1625 272
1737 272
426 274
645 282
970 275
1065 275
1208 278
1335 275
1358 292
1407 274
1506 276
1521 275
1646 275
1708 277
1723 277
39 277
472 277
790 276
940 276
954 276
1495 276
1659 277
1743 276
1809 278
1823 276
370 278
838 281
857 283
1143 279
129 280
309 281
479 280
883 280
896 287
1075 280
1160 281
1186 280
1338 282
1397 280
1502 281
1759 281
1839 281
155 282
507 283
534 286
751 284
801 283
974 293
1516 283
1679 282
1719 283
1746 283
240 285
388 285
815 286
909 284
935 285
1112 288
1138 290
1796 285
259 287
500 286
1076 286
1623 287
1778 287
1827 287
102 289
720 301
948 288
1053 289
1097 292
1493 288
1694 289
1819 308
178 290
246 291
384 302
486 300
1207 291
1252 291
1304 290
1322 290
1339 290
1388 313
1519 290
1542 290
398 293
455 292
594 292
617 292
908 295
1172 293
1496 293
1672 293
1838 293
235 295
603 294
1520 294
1618 295
1731 294
78 296
287 297
367 297
539 313
743 307
802 297
825 296
1126 299
1206 296
1676 296
1704 297
268 298
463 299
507 304
522 298
609 298
698 298
808 299
845 299
1029 298
1110 299
1153 299
1303 299
1622 329
1797 312
357 315
922 311
1030 302
1195 306
1416 300
8 311
892 303
1311 303
1423 302
1488 303
1492 302
1552 303
1749 302
1768 304
465 304
826 304
1232 314
1459 304
1510 304
1701 306
58 306
836 324
964 308
979 307
1117 307
1135 306
1322 306
1512 314
1561 319
194 309
206 310
597 314
721 345
815 308
1136 309
1307 310
1538 309
407 315
886 311
958 311
990 310
1122 313
1159 310
1161 311
1657 310
1670 310
1676 312
1778 311
371 312
891 313
1104 313
1470 312
1722 312
1832 313
41 315
87 314
157 315
1024 315
1319 314
565 321
801 317
821 316
978 319
1221 317
1409 317
1528 325
1713 316
327 321
758 324
877 320
901 318
1192 318
1355 318
1369 319
1588 325
1753 318
203 321
808 323
1132 320
1152 320
1728 325
1774 320
303 322
683 324
959 322
1168 331
1345 322
1509 331
1668 322
32 336
349 325
1112 325
1208 325
1308 325
1333 324
1691 324
1811 325
388 326
492 327
507 333
786 327
904 327
1283 327
1749 327
1765 327
1778 327
238 329
435 329
552 328
582 329
608 329
781 329
934 337
1104 329
1119 329
1139 328
1324 329
1694 329
438 332
591 331
637 330
742 331
797 333
914 331
1093 331
1203 333
1291 332
1683 330
1743 330
174 333
228 332
268 333
400 334
1216 341
1250 344
1445 333
1477 346
1648 333
1716 333
1772 332
1833 332
352 335
527 334
647 334
749 335
948 337
964 339
1274 334
1757 335
256 337
342 336
559 339
773 342
1091 337
1410 336
1576 337
1669 339
1692 341
67 338
155 339
194 339
356 339
407 346
543 338
600 354
673 341
907 339
998 340
1142 338
1264 338
1322 339
1789 339
335 340
368 341
860 340
890 344
1105 342
1271 340
1349 342
1552 341
1711 340
1817 341
0 342
100 343
177 342
372 343
431 343
819 355
841 343
984 369
1013 342
1118 342
1138 343
1286 343
1437 342
1580 343
1781 350
1832 345
115 364
212 357
569 344
582 349
1113 344
1152 351
1309 344
1364 347
1533 346
1583 344
1717 348
284 354
425 347
526 346
553 347
624 346
630 360
924 346
1281 347
1305 356
1319 346
1330 346
1546 346
1584 351
1800 347
1811 347
247 356
527 349
544 349
897 351
1385 349
1421 349
1639 351
1742 349
163 351
341 351
439 350
647 350
660 351
857 356
1003 351
1499 351
1684 350
1762 351
1801 351
142 352
474 352
876 354
1125 352
1326 353
1441 359
1539 354
1740 352
1811 358
0 354
343 355
1130 356
1205 357
1222 354
1226 358
954 358
968 356
995 356
1005 358
1261 357
1383 378
1409 357
1520 365
1591 357
1704 356
1734 356
1777 390
424 358
470 358
542 359
1828 358
335 361
362 360
653 360
780 360
1244 392
1398 361
176 362
233 362
483 362
677 363
749 399
1184 364
1553 362
1695 362
1712 363
1749 363
1819 362
183 365
513 364
612 364
658 364
1146 368
1334 365
1428 364
1632 364
1682 365
159 367
240 366
353 367
498 366
547 367
789 375
901 366
1274 366
1348 366
1665 421
446 368
497 369
676 369
688 368
911 368
1134 369
1174 368
1272 370
1422 373
1552 376
1585 368
1731 368
493 370
551 372
951 427
1016 370
1190 371
1487 372
1625 371
296 373
318 378
413 373
613 373
748 373
844 379
1132 373
1202 372
1331 372
1498 372
1601 372
1807 372
403 375
488 374
528 375
575 375
608 375
809 385
1153 375
1205 375
1232 374
1747 374
298 377
375 380
671 376
856 377
1005 377
1276 381
1312 377
1462 389
1739 376
425 379
475 378
549 390
572 378
599 379
685 378
896 379
1355 379
1438 378
1503 378
1589 379
0 380
227 380
350 381
442 381
495 386
665 381
688 381
825 381
1078 383
1174 383
1576 427
1825 381
461 383
1144 395
1215 394
1347 383
1801 382
101 384
259 402
517 391
628 385
654 388
662 384
1736 385
1810 385
830 388
1335 400
1537 386
1830 387
161 388
467 388
618 389
1232 389
1300 389
104 391
327 391
571 391
775 391
293 393
797 394
1274 393
1522 400
5 395
145 396
283 395
704 402
722 394
1075 398
1271 395
1284 395
1756 395
1819 403
211 398
476 396
500 396
583 396
587 397
632 397
818 397
1182 396
1196 396
1312 398
590 398
683 400
691 398
755 399
828 398
955 398
1367 399
1429 398
1491 403
75 400
119 400
165 400
595 401
611 400
780 407
839 401
1413 401
1743 401
166 402
533 403
634 408
673 404
808 402
847 402
1191 403
1423 403
1732 405
421 405
466 404
657 405
798 405
1069 406
1080 409
1301 406
428 407
455 407
573 407
603 406
645 407
1143 407
1281 406
1419 407
1442 408
40 409
307 414
477 409
551 408
662 416
687 408
1184 408
1264 410
1615 408
1751 438
138 417
176 413
489 411
617 410
650 410
825 411
1198 410
1311 411
1398 410
1403 425
1477 411
1509 417
84 413
111 413
439 416
564 413
725 420
1176 469
1353 421
236 415
534 419
621 415
1213 415
1292 415
1315 415
1377 418
1429 414
1540 414
1725 415
1825 414
114 425
155 416
160 417
370 417
467 417
516 417
695 417
817 417
1153 417
1189 417
1253 420
13 419
282 422
608 426
643 419
807 419
1273 418
1323 418
1334 418
1445 591
1623 428
1645 420
1784 425
1813 424
1831 419
411 421
1063 420
1192 421
1281 420
1325 421
1525 426
1769 420
40 422
55 423
566 423
686 423
1607 423
1760 422
336 425
384 431
587 425
715 427
1125 425
1268 424
1310 426
1439 426
1541 425
242 427
264 428
453 426
494 426
541 428
562 429
1089 426
1212 426
1259 427
1820 433
1836 426
7 428
168 428
182 434
419 429
696 428
774 429
1078 430
1502 429
344 431
511 430
666 431
1058 432
1273 430
1332 433
1426 433
1551 432
1771 430
33 433
124 432
157 436
412 432
574 434
792 432
799 434
1202 433
1292 432
1309 442
1357 433
1382 433
1646 433
64 435
470 435
527 435
704 435
720 436
1193 435
1232 434
1373 434
140 436
216 437
241 438
399 445
431 444
461 436
665 437
770 437
782 437
1235 437
1322 436
1632 437
1710 438
19 439
490 438
548 439
1071 442
1420 439
1443 439
1538 438
1803 438
82 441
340 440
367 441
451 441
484 441
519 441
712 440
737 440
787 441
1095 456
1220 459
1350 444
1786 443
93 443
220 443
278 445
505 446
671 445
818 445
1519 449
1829 450
66 444
106 444
151 444
552 445
639 446
761 447
1259 445
1649 444
1723 444
378 448
477 453
562 456
705 446
1126 453
1281 447
458 449
544 449
1344 449
1368 449
1725 449
347 454
590 451
600 451
726 451
1241 451
1264 450
1326 450
1393 450
1490 459
1808 459
373 452
445 452
493 454
606 453
638 452
649 460
707 457
739 457
833 452
1289 453
1406 453
49 454
82 458
101 454
179 454
367 454
863 454
1072 461
1251 468
200 457
315 457
630 457
1277 456
1378 464
1400 456
461 458
489 458
535 459
851 459
1293 459
1306 458
1356 461
1739 463
115 463
342 461
410 461
624 460
690 461
1276 460
1340 461
1778 460
508 462
540 462
582 462
596 463
712 468
761 463
852 462
1007 462
1287 464
1824 463
72 465
83 464
216 468
258 476
517 465
781 467
880 466
1759 469
1834 472
104 466
382 484
430 468
602 487
836 466
854 467
1035 468
1401 467
1471 466
1516 472
1709 467
1797 467
1815 467
172 468
489 468
632 468
676 469
747 468
837 469
1109 500
1528 469
1594 469
151 470
321 472
731 474
855 471
875 471
1112 475
1211 473
1349 473
1607 474
1675 471
1727 471
349 476
425 473
465 472
537 473
693 475
838 473
1304 477
1534 485
1693 513
1773 473
91 474
159 475
163 474
175 474
363 474
405 475
474 478
508 475
566 474
1734 475
1800 500
1822 475
119 477
330 476
447 494
769 481
924 477
1506 481
27 478
280 478
416 478
514 479
643 478
672 479
811 480
1240 479
155 481
413 480
485 480
546 481
562 482
678 485
740 487
1592 482
1618 481
1750 499
1779 487
183 483
222 486
535 482
885 484
971 484
1285 487
1565 483
312 484
341 496
497 484
548 485
623 485
641 497
1225 484
1253 487
1728 484
94 486
171 487
326 488
354 486
526 487
784 488
980 489
1616 487
1634 489
1672 486
13 489
125 494
422 489
465 488
577 488
694 489
712 495
964 489
1263 490
1718 506
1822 489
1838 488
47 491
56 490
165 491
544 491
661 491
1248 524
1517 490
1547 490
239 512
365 492
414 492
525 492
1014 505
1065 493
1656 494
278 494
474 495
667 494
760 495
910 500
1296 514
1700 495
175 496
191 497
285 519
505 510
757 496
1485 499
1609 500
1814 499
160 500
352 499
487 499
698 498
779 498
969 530
1463 502
1574 498
20 500
201 501
330 501
468 502
481 501
822 503
859 503
893 502
1246 503
1591 500
39 502
110 503
309 503
404 502
722 502
1440 503
1768 502
1819 504
9 505
66 505
520 505
615 507
666 506
731 506
1545 505
48 506
92 506
531 506
559 506
568 507
1529 508
1585 507
432 509
464 511
558 508
699 508
750 508
759 513
1451 509
1506 519
1831 512
49 510
153 511
257 511
347 510
371 515
429 523
543 511
718 510
900 513
1339 511
1340 537
1473 510
1495 511
214 513
524 513
887 513
930 513
1142 512
1156 520
1482 513
124 514
553 514
642 518
658 541
708 515
1485 515
1637 515
479 541
538 518
626 517
729 524
801 519
1327 517
1558 520
36 519
115 519
572 519
578 518
611 528
832 520
1218 518
1459 537
1627 544
1665 518
1780 540
1810 519
50 526
75 521
492 521
586 522
625 520
682 521
1035 522
1055 523
1133 520
90 524
366 523
408 523
567 522
710 522
1131 522
1709 522
29 526
361 524
396 525
694 524
776 525
881 524
1526 538
1740 527
1816 525
2 526
151 538
497 527
526 535
544 526
707 526
1122 716
1806 531
12 529
631 529
703 528
746 530
817 533
844 530
993 529
1042 530
1279 529
1755 531
314 535
344 540
636 531
876 530
1179 531
21 533
200 532
357 533
411 546
556 537
1004 533
1147 532
1173 532
1495 532
769 536
1425 538
1559 534
1580 535
446 539
505 537
723 537
871 537
1385 536
1503 536
1574 537
1726 537
1800 536
1817 537
231 539
369 538
1202 538
1237 545
1505 539
72 548
100 541
299 543
714 540
737 548
827 543
892 540
1443 541
1562 545
1792 540
499 544
569 543
1474 544
1592 544
1721 547
1749 552
54 545
221 551
273 545
1147 545
1199 544
1286 547
1506 591
1734 544
1822 545
17 547
51 546
442 546
1026 548
1161 547
1442 547
1543 547
598 549
765 549
806 550
1040 550
1053 549
1479 549
1738 549
1807 552
32 551
103 552
244 553
465 551
510 550
548 557
607 559
693 562
7 553
189 560
441 559
455 553
700 552
1261 560
1433 552
101 555
419 555
708 554
753 560
802 555
1157 557
1588 559
1602 555
124 559
154 556
709 557
827 563
899 556
965 558
1277 556
1421 557
1552 565
1692 557
1825 563
143 558
418 559
506 559
574 559
732 565
913 560
976 559
1005 559
1026 559
1238 559
1342 559
1425 563
1709 567
0 561
239 563
331 561
503 561
674 565
1142 562
118 563
255 563
329 562
938 563
1009 564
1344 562
1476 563
1610 581
1723 562
1740 565
36 567
108 564
158 564
424 565
521 564
1293 568
60 567
321 567
461 567
530 567
996 568
1152 566
1323 567
1333 566
1682 567
101 568
282 568
372 568
398 569
711 568
982 569
1452 570
62 570
86 571
292 570
430 571
515 571
550 570
562 598
571 571
1013 572
1180 572
1420 570
1688 570
23 572
66 573
79 575
139 573
233 573
278 577
311 573
359 573
708 572
1131 572
1232 579
1303 572
1586 572
1643 576
1735 573
18 575
94 575
155 578
354 574
452 576
491 600
503 577
654 580
946 575
1028 574
1045 574
1434 580
1591 580
1659 575
1670 575
296 577
420 585
617 585
750 577
1332 576
1343 576
1789 576
210 591
525 583
598 579
629 578
795 581
975 578
1663 579
1700 584
1781 583
234 581
243 584
333 582
402 581
464 581
1577 581
1744 580
1832 580
43 582
151 586
266 587
400 582
544 588
1448 582
1455 583
1625 583
1682 583
48 584
139 585
724 584
965 607
990 588
1197 585
1243 585
1635 585
1726 586
20 586
56 586
93 587
303 588
340 588
360 593
510 588
689 596
734 586
850 594
1193 592
1646 586
1739 588
104 597
392 589
706 588
892 590
1173 589
467 591
1713 591
281 593
502 592
596 607
673 613
1012 594
1838 593
124 594
145 601
166 595
378 594
590 595
703 594
936 595
1053 595
1688 594
1751 594
86 596
235 596
394 597
1018 597
1629 596
1640 605
1693 596
1827 603
130 598
369 603
1239 600
1603 599
1709 610
1734 612
174 601
248 603
286 600
300 600
389 611
708 601
841 601
1771 600
1813 601
266 603
635 621
717 606
1597 602
228 605
271 615
313 605
332 606
515 604
532 612
649 604
696 605
11 606
158 606
619 607
731 606
913 608
1766 607
407 608
742 610
880 609
1033 610
1154 608
1664 609
1682 609
9 610
124 625
418 611
831 611
1499 610
1588 610
1603 621
1785 614
30 612
92 612
238 612
425 615
1549 612
1596 612
110 615
1043 615
1688 615
1698 614
1837 615
208 625
220 616
293 619
574 616
653 617
706 619
835 617
930 623
1564 637
329 622
405 619
465 618
1750 618
53 621
164 620
172 621
242 627
439 621
465 630
1514 620
1650 620
1654 621
1677 629
1814 633
81 632
178 624
192 622
365 623
723 623
873 623
1413 622
1753 634
1766 627
262 624
994 625
1417 625
1699 625
354 635
556 626
717 627
1337 629
1826 626
45 628
394 628
578 628
732 628
851 628
893 628
905 629
946 629
1023 628
1035 629
1470 630
1505 631
1524 630
1587 630
1616 638
403 630
429 630
614 631
653 634
1013 630
1418 630
1654 635
43 632
295 633
427 632
484 633
526 650
704 636
843 634
992 632
1017 634
1301 632
1485 633
1786 637
26 635
160 636
219 651
277 645
315 641
371 634
421 635
669 635
719 637
54 637
108 636
225 637
625 636
998 652
1689 640
546 639
957 639
1503 638
1671 640
399 641
473 641
657 640
915 646
950 642
1797 640
141 654
251 642
574 642
691 643
1305 642
1708 643
373 649
439 646
457 645
717 652
1296 644
1634 652
96 646
424 650
476 646
581 646
934 650
1685 647
1703 654
46 648
344 650
622 654
1793 653
170 651
396 651
461 650
602 650
699 657
958 653
1596 663
496 653
549 652
560 652
1672 664
114 654
411 661
429 654
861 656
1299 659
1745 655
1756 654
1782 655
322 661
468 657
556 656
571 657
1824 656
35 659
67 658
75 659
311 658
1726 663
1805 658
1831 666
261 661
599 662
645 669
671 671
1571 661
1754 661
481 662
1639 671
1772 664
50 664
102 665
365 673
466 670
548 675
563 665
610 664
1552 665
1794 665
9 667
200 667
343 666
524 667
692 667
949 666
1559 666
1814 667
12 668
45 678
140 668
179 669
232 668
293 671
585 669
709 668
857 670
204 670
580 671
622 671
718 670
1743 671
382 673
632 672
1703 673
1712 672
23 675
87 675
510 675
699 681
906 676
2 678
153 677
189 677
243 677
306 679
328 677
339 677
493 676
602 678
851 676
880 677
926 677
1192 676
1623 678
1758 676
83 679
200 678
507 678
717 678
1785 681
122 682
352 681
368 696
403 681
658 680
993 683
1010 680
1686 681
1738 694
150 683
171 682
239 687
332 683
448 696
502 683
723 683
1013 683
1602 691
1607 682
1614 683
1714 687
1753 683
1804 694
105 685
193 684
213 685
257 685
524 688
610 684
952 685
1779 686
407 687
634 686
1586 691
1631 694
1684 686
1759 686
0 689
79 689
158 688
216 689
568 691
627 688
683 688
686 689
1665 692
1820 690
131 697
432 690
489 690
605 734
618 691
669 690
997 691
168 692
289 696
1621 692
1649 693
400 695
430 695
582 695
40 697
182 697
219 700
251 697
899 699
960 696
1659 697
1775 699
172 699
199 702
481 705
542 700
1116 699
1592 699
1654 705
1683 700
1698 698
1720 699
53 701
410 700
420 701
497 702
667 700
697 701
951 701
966 701
1163 708
1671 700
1721 701
1833 700
303 703
511 703
561 706
630 705
669 722
265 732
645 706
1430 706
1759 706
1791 705
190 708
324 706
390 707
460 713
1703 707
396 716
409 709
427 713
504 710
525 711
1619 709
1696 709
1790 708
12 713
38 711
576 714
1485 715
1561 718
1621 726
1751 710
36 713
97 713
107 713
225 719
469 712
652 712
711 712
1360 712
1439 712
1532 719
25 715
636 715
699 715
1474 714
1635 715
514 718
621 719
1704 720
1735 727
1826 717
334 722
549 732
1457 719
1788 719
86 720
165 721
497 720
1174 721
1464 750
1584 720
1818 723
29 722
191 722
356 725
415 727
501 722
1423 722
1711 733
1776 722
1800 722
153 725
619 724
686 725
713 725
1470 724
1575 726
1602 725
60 726
84 727
341 727
642 730
1429 726
1686 726
129 734
196 729
401 728
575 729
1160 728
1654 737
1810 728
292 731
426 730
529 734
1595 730
169 740
371 735
504 733
703 733
1837 735
232 734
299 739
432 734
1551 735
1580 734
1684 734
1761 735
1792 742
101 736
332 740
702 743
1423 742
88 738
1773 739
60 741
94 740
122 741
481 740
525 741
1491 743
1573 741
1834 741
71 743
225 742
313 742
344 743
374 743
491 758
684 755
1586 743
1603 743
213 745
521 759
106 748
319 751
379 749
564 747
636 748
778 747
230 749
286 751
346 749
356 748
431 780
440 749
578 751
1562 749
1634 753
1739 748
1752 748
84 751
145 765
392 752
759 750
777 751
801 751
1288 752
1737 755
114 753
470 752
727 753
1436 758
1578 753
1587 765
180 756
536 755
722 756
741 754
821 755
1650 754
1669 755
366 756
572 757
656 756
848 756
1301 758
1616 757
1770 758
1814 758
1833 756
29 759
565 758
664 758
1169 758
1510 764
1696 763
222 760
237 760
437 762
459 766
643 761
653 760
667 760
1614 760
10 764
227 763
299 766
1295 762
1665 764
1713 773
1761 763
62 765
313 767
386 764
472 780
642 764
733 764
777 764
43 766
83 768
397 766
599 766
716 773
807 773
99 768
101 771
249 768
358 771
391 770
741 768
795 768
883 777
932 781
1781 772
1805 773
1836 775
25 771
239 771
254 776
323 779
374 770
746 773
852 771
1119 771
1521 782
1659 771
51 774
170 772
304 772
371 772
511 773
565 773
582 772
1017 772
1033 773
1629 773
1641 772
1767 773
87 774
287 780
693 776
774 774
1255 775
1339 774
1575 775
1821 791
19 776
105 778
680 776
1730 777
1748 782
352 778
637 779
742 779
970 781
1023 778
1044 779
1114 781
1610 782
1668 778
1691 778
226 782
376 781
551 780
576 780
653 788
766 781
784 790
1510 782
40 785
113 783
597 789
763 790
837 783
1037 783
1502 782
1586 783
1684 787
392 788
690 785
946 785
1026 785
1661 784
6 786
79 787
224 787
336 794
687 786
861 792
955 787
1051 787
1477 789
1551 802
1564 788
1700 792
51 789
1063 788
1087 788
1500 788
1619 788
1642 792
1723 789
60 790
73 790
87 791
107 791
127 790
244 795
275 795
379 791
540 790
564 797
992 790
1075 791
1320 792
1372 790
23 792
95 793
308 793
407 793
908 793
987 793
1042 792
1460 793
66 795
167 795
361 795
615 795
1078 795
665 804
1057 797
1090 802
1117 799
1383 797
1514 796
1590 797
1712 800
103 799
226 799
605 800
694 799
719 808
801 799
953 798
969 804
1013 800
1026 798
1499 804
1627 805
1676 799
1769 799
85 800
138 801
182 802
288 801
445 835
745 827
837 801
1036 800
1376 801
1653 800
1690 802
1779 802
1832 800
316 802
398 802
545 803
832 802
912 803
1011 803
1661 803
365 811
447 805
491 804
580 808
829 805
874 811
897 804
1047 807
1146 804
1311 805
1331 805
1359 817
1733 804
255 807
340 809
400 816
432 806
501 814
600 808
803 809
903 808
1387 809
1473 819
1722 807
30 808
89 809
233 809
522 808
826 814
1024 814
1754 808
487 811
523 811
549 811
617 813
790 811
844 818
1077 816
1250 811
1300 810
1307 813
1664 811
1806 813
1825 811
137 813
200 812
417 812
528 814
669 812
691 829
793 813
930 813
1048 823
1132 835
1323 816
1410 813
1741 812
20 814
223 821
262 814
373 814
643 817
909 815
925 818
952 822
990 820
1635 822
1778 815
5 816
165 816
203 817
476 821
559 817
1151 816
1338 816
1694 825
1752 816
148 819
185 818
350 818
422 818
590 820
889 822
906 819
976 818
1006 818
1604 821
1733 833
1768 820
1772 818
1828 831
562 839
730 823
820 821
1004 821
1115 821
1415 821
1523 822
1657 821
1 822
245 833
755 822
770 823
1064 823
1576 822
180 826
277 824
333 851
356 827
378 825
597 824
858 824
916 825
934 824
1803 825
1813 828
87 826
118 826
294 844
419 827
516 836
626 831
762 826
1090 827
1492 827
1511 828
1600 826
1664 839
1680 828
1746 827
97 832
205 833
267 831
388 828
669 828
1098 829
37 830
69 831
157 830
175 831
642 830
663 830
808 831
874 832
966 831
1570 835
1620 831
1801 836
77 832
370 835
412 835
643 832
798 834
821 833
990 832
1061 833
1072 834
1465 833
1504 833
1533 832
1781 832
19 836
64 835
351 834
588 839
709 845
825 836
842 835
924 834
968 835
1605 834
1630 841
1691 835
42 838
145 837
496 837
618 837
936 837
989 837
1451 836
1460 841
1543 837
1789 837
664 839
794 845
1484 838
1517 840
1580 838
1705 856
35 841
49 841
112 840
150 843
180 845
200 842
379 840
475 846
645 841
755 840
919 841
975 840
1015 841
1173 840
1598 840
0 843
99 851
1520 842
1838 849
531 845
893 845
993 845
1042 845
1129 844
1138 851
1498 844
1537 845
1550 849
1582 844
349 847
416 846
499 846
609 848
639 847
873 847
957 849
980 849
1035 847
1056 847
1481 846
1531 853
1725 867
13 853
191 850
316 849
458 849
628 848
771 865
823 848
908 850
1163 848
1225 849
52 850
64 851
368 850
405 851
659 857
745 850
1581 851
1680 853
1696 850
1806 851
71 853
508 852
777 854
801 852
851 852
1568 852
1591 852
1613 862
1641 857
59 856
240 856
528 883
577 856
685 855
852 854
886 854
976 856
1127 855
1442 855
1473 858
1497 854
1546 854
1761 860
163 864
215 856
366 871
389 856
598 856
635 869
814 886
894 856
1073 871
1424 879
1794 856
1833 856
218 859
271 858
391 858
419 911
753 859
789 864
1063 860
1147 859
1218 858
5 860
190 861
243 860
394 861
462 861
468 860
499 860
613 861
901 861
921 861
939 860
995 860
1512 860
446 863
498 862
933 863
1030 865
1149 869
1322 863
1585 879
1669 874
286 864
542 869
740 867
850 867
879 864
964 865
1013 864
1109 864
1306 864
557 874
566 867
579 868
686 866
704 866
727 873
1496 866
1515 868
1548 866
1825 866
77 869
89 869
256 870
484 870
511 871
604 870
952 868
1131 868
1186 868
1212 871
1456 872
87 870
125 881
501 871
925 873
939 870
1020 875
1529 870
1779 872
491 872
585 873
1116 874
1377 873
1424 873
19 876
22 874
616 875
804 876
982 874
1176 875
1513 875
1691 877
32 877
53 881
312 889
393 877
703 877
753 877
839 878
1467 877
1516 898
1710 877
1743 882
15 879
184 878
217 878
441 878
469 880
607 878
618 878
675 883
691 878
772 879
907 879
970 878
1139 878
1384 884
1545 879
1627 878
1647 894
1784 879
66 881
293 881
495 881
951 881
1009 881
1169 880
1184 881
1696 880
1806 880
1824 890
96 882
381 883
403 883
444 883
467 883
488 889
604 883
628 883
640 883
944 895
975 883
1161 893
213 886
352 885
452 884
576 899
591 889
841 884
870 890
932 885
1001 884
1217 884
1558 885
1627 890
49 886
70 886
170 887
228 888
287 888
733 894
760 888
1202 906
1470 922
1786 887
23 890
159 888
365 888
459 893
513 889
618 891
1113 888
1117 889
1665 888
1705 889
1770 894
1788 889
37 890
99 892
158 891
545 893
643 890
698 891
716 890
986 891
1134 892
1437 890
1599 892
271 892
376 892
441 892
667 895
850 894
965 893
1038 902
1395 892
1668 893
1722 892
1793 912
139 895
154 894
261 895
425 897
709 895
1090 895
1107 894
1691 895
52 897
66 899
279 897
354 896
766 897
842 904
1067 906
1129 896
1227 896
1750 896
42 900
337 899
607 902
656 899
783 901
918 899
998 898
1023 899
1125 911
1571 899
1703 898
53 901
108 901
163 901
194 901
293 905
637 900
913 913
985 911
1017 901
1566 906
183 904
233 903
490 913
1690 902
271 904
367 906
435 906
680 907
1110 904
1422 904
1479 905
1513 904
1547 909
1599 906
57 911
124 907
964 906
1098 907
1229 907
1412 909
1712 908
262 910
549 923
670 909
743 909
769 909
823 909
1148 908
1623 908
1755 908
1779 909
1827 910
96 913
119 910
138 912
339 910
521 910
629 915
698 910
703 911
729 910
752 911
775 910
870 910
884 915
1023 910
1232 1048
1588 910
1663 917
16 913
312 914
354 912
391 912
457 912
579 914
690 913
724 917
863 912
948 916
1686 912
1725 913
1820 913
158 924
207 916
638 914
859 915
1425 918
298 917
593 932
960 917
1096 917
1705 918
1722 918
1814 917
1834 922
10 918
119 924
370 918
371 934
528 921
746 921
811 920
832 919
849 918
1136 919
1775 918
30 921
328 921
598 980
836 920
968 920
1017 921
1037 929
1073 921
1108 921
1564 920
1644 921
359 922
519 948
542 922
690 953
767 923
898 922
1140 923
1569 923
1589 924
257 924
274 924
714 937
1456 924
1572 926
1732 925
1765 925
236 927
251 926
664 926
696 927
781 926
803 926
821 934
848 933
874 927
903 927
969 926
1220 930
1615 931
1679 929
1716 929
0 928
462 930
639 928
1331 931
1444 940
566 930
762 930
794 931
1070 931
1551 931
1593 930
1697 933
34 934
104 934
316 946
347 933
560 936
644 933
895 933
1407 933
1684 932
1807 932
136 934
288 935
477 935
492 943
667 937
769 937
950 943
1116 937
1433 937
215 936
243 944
652 936
802 937
835 937
910 936
929 936
1063 936
1078 943
1568 946
1730 938
1768 937
30 939
62 938
131 939
340 939
734 966
962 939
1467 941
1583 939
1599 942
1795 940
1821 946
411 954
925 942
1040 951
1397 967
1533 945
1713 941
208 947
19 944
387 944
432 945
660 949
999 944
1556 945
1700 945
1749 948
1787 944
113 947
190 948
441 947
814 946
927 946
1093 946
1459 947
1470 946
1519 947
1608 948
1783 947
7 949
22 949
82 948
605 948
676 948
800 949
829 948
864 948
976 949
1086 949
1141 949
1716 949
1799 948
42 950
80 951
300 951
347 953
380 955
569 961
854 952
897 951
1108 950
1526 950
1667 951
1705 967
1779 952
78 952
297 952
448 952
472 953
769 952
822 952
834 952
1366 956
1656 952
1740 954
271 954
608 954
964 955
994 957
1071 955
1435 959
1730 957
1805 955
244 957
876 956
891 962
1009 962
1621 957
1661 958
151 958
343 959
425 958
501 959
790 959
832 958
872 960
929 958
977 959
1076 958
1356 958
1442 985
1551 961
1836 961
86 967
200 960
1527 963
1601 961
1808 962
55 962
108 969
298 978
369 965
397 962
552 963
778 962
730 1018
912 962
1114 964
1336 964
184 967
261 969
443 974
481 974
715 964
985 964
1028 964
1047 964
1643 965
1654 975
1828 965
356 973
386 968
533 971
766 966
866 967
1020 971
1052 967
1094 977
1169 968
1579 966
1610 967
1640 966
1759 968
1800 971
39 970
233 969
342 994
577 969
670 969
1038 968
1597 969
1682 968
1743 968
1777 969
1823 968
216 971
656 971
774 973
948 973
1074 970
1361 985
1479 970
1636 973
1691 970
173 972
500 973
644 972
862 974
1004 972
1280 973
1558 973
137 996
152 975
283 975
520 975
832 977
931 978
983 974
1677 974
374 980
611 977
664 977
1001 981
1066 976
1117 976
1261 976
1272 979
1483 976
1584 985
168 979
318 978
892 979
1533 978
1564 979
1625 989
1782 978
1 980
100 980
194 1000
276 980
506 981
640 981
1051 982
1485 980
1767 983
1821 980
473 983
684 983
834 982
911 989
939 984
977 982
988 983
1793 987
406 985
423 989
440 985
854 985
866 985
954 985
1252 991
1543 991
1825 984
101 987
462 987
488 996
670 986
824 987
872 986
888 987
975 986
1033 986
1118 989
1412 986
1599 992
1674 986
1686 988
1729 993
226 1006
681 990
883 989
966 994
998 988
1011 995
1511 992
1700 989
111 991
454 996
506 991
731 991
994 990
1417 991
1786 990
1815 990
275 993
819 994
1716 993
1753 992
169 994
173 995
537 994
805 994
859 994
893 1000
1446 995
1480 995
1565 995
1835 1007
327 996
378 997
405 997
514 1000
542 996
802 997
818 997
936 996
1043 1001
1092 996
1482 1001
1617 1002
37 998
1064 1000
1233 999
1496 999
1736 1000
396 1002
428 1003
445 1000
865 1000
1109 1006
1126 1002
1205 1006
1502 1009
1516 1000
1682 1000
1758 1005
1788 1002
22 1002
212 1003
307 1002
466 1002
649 1002
833 1004
997 1005
1078 1003
1095 1002
1261 1004
1599 1003
1701 1002
1724 1003
1810 1003
0 1004
50 1005
94 1008
318 1005
505 1005
634 1004
659 1006
850 1009
1517 1004
1662 1016
1678 1007
1743 1005
112 1007
272 1008
394 1007
447 1006
978 1008
1349 1007
1369 1018
1471 1008
1539 1010
1648 1009
1707 1007
1781 1006
1819 1007
76 1008
251 1008
253 1009
292 1015
473 1009
626 1009
642 1008
679 1008
924 1012
1057 1008
1709 1008
497 1011
539 1016
888 1013
1442 1011
1565 1035
1797 1011
321 1013
413 1012
440 1018
773 1020
798 1012
906 1012
1034 1016
1223 1023
1238 1013
1635 1012
1736 1014
60 1014
392 1014
455 1014
670 1020
849 1022
1463 1016
1489 1015
1806 1015
56 1020
467 1017
494 1016
524 1023
607 1018
621 1017
812 1017
1007 1039
1102 1018
1405 1020
1687 1017
126 1026
416 1018
930 1022
973 1018
1089 1019
1358 1019
1419 1018
1431 1018
1482 1019
1689 1018
1715 1019
1739 1019
209 1021
378 1021
427 1027
501 1037
876 1021
963 1020
1068 1021
1436 1029
1510 1021
1638 1024
277 1039
398 1027
1357 1023
1478 1023
1713 1023
96 1024
600 1038
896 1025
1092 1028
1281 1026
1468 1030
173 1031
242 1027
327 1026
363 1030
472 1026
744 1026
882 1027
1082 1027
1395 1061
1505 1035
1587 1029
1605 1026
466 1029
585 1028
746 1030
987 1028
1041 1037
1063 1028
1448 1035
1516 1030
1543 1030
1722 1033
5 1033
483 1033
1376 1031
1630 1031
1648 1038
1735 1037
37 1036
79 1032
139 1035
201 1051
256 1033
378 1032
421 1034
455 1043
564 1076
817 1032
1270 1038
1582 1033
1669 1033
1755 1033
1808 1034
159 1034
345 1034
659 1037
842 1043
979 1042
1352 1035
1621 1035
63 1036
90 1045
153 1037
302 1046
435 1037
645 1036
770 1043
811 1045
948 1037
962 1037
1539 1036
1580 1038
25 1038
869 1038
1475 1039
1493 1039
1788 1039
943 1041
1077 1054
1461 1040
1523 1041
1601 1041
1678 1054
1716 1041
1815 1041
17 1045
334 1053
387 1043
405 1043
871 1070
957 1050
1536 1044
1609 1046
1828 1044
61 1048
917 1045
1521 1061
1591 1045
1760 1045
114 1047
414 1053
614 1057
636 1068
995 1047
1348 1050
1503 1047
1742 1046
1780 1047
1820 1046
148 1048
383 1049
926 1051
1712 1060
1752 1049
133 1052
253 1051
675 1058
756 1050
854 1050
908 1051
1057 1051
13 1057
124 1056
356 1054
391 1057
784 1064
837 1052
942 1052
1063 1056
1128 1053
1618 1053
1662 1053
1697 1052
1794 1053
29 1054
233 1055
761 1056
1104 1057
1455 1055
154 1057
169 1058
365 1056
432 1057
451 1061
1093 1056
1650 1056
1764 1056
1827 1058
523 1069
656 1058
816 1074
1336 1065
1486 1058
1626 1060
247 1060
416 1061
463 1064
984 1062
1655 1061
1773 1060
96 1062
294 1068
355 1084
418 1062
729 1062
1024 1062
1051 1064
1447 1064
1469 1065
1489 1066
1737 1062
59 1064
81 1070
175 1078
249 1070
927 1077
954 1064
1570 1065
1579 1081
1599 1066
1642 1066
1743 1064
1777 1065
161 1067
217 1066
366 1066
453 1066
538 1066
753 1066
1092 1067
1793 1067
0 1069
18 1069
371 1068
396 1069
434 1070
484 1071
995 1073
1816 1069
109 1071
342 1073
658 1071
734 1070
1036 1076
1084 1073
1122 1097
1437 1074
1453 1070
1759 1070
106 1072
145 1073
423 1073
441 1073
505 1073
714 1073
1059 1073
1831 1072
380 1075
493 1080
597 1088
681 1075
720 1090
801 1074
1023 1074
1619 1074
1689 1075
9 1077
319 1078
451 1083
766 1077
1009 1080
1679 1084
1779 1076
48 1079
367 1078
665 1154
769 1105
979 1081
1324 1079
1331 1078
1627 1078
1714 1078
1744 1079
1442 1085
1486 1080
1549 1080
1816 1082
28 1089
116 1082
157 1092
198 1084
290 1083
410 1088
507 1083
650 1083
782 1082
1319 1084
1359 1109
1473 1090
1514 1086
1745 1083
1800 1085
6 1085
100 1085
216 1085
247 1088
270 1084
312 1091
427 1084
676 1084
795 1086
1039 1093
1534 1084
1711 1084
1724 1099
1837 1084
424 1094
462 1086
511 1087
976 1130
1064 1089
1079 1087
1642 1086
55 1088
232 1090
275 1089
490 1110
686 1089
995 1089
1530 1089
1559 1088
1616 1088
1 1090
60 1095
879 1091
999 1092
1610 1091
1808 1090
832 1092
1491 1093
1771 1093
145 1094
208 1095
328 1095
654 1095
812 1096
942 1097
1009 1098
1401 1095
1629 1094
1631 1097
1774 1095
89 1097
110 1109
223 1111
396 1096
630 1107
827 1096
891 1098
1081 1112
1520 1096
1608 1098
1648 1096
1785 1096
1816 1097
1839 1097
33 1098
524 1100
643 1099
1093 1098
1392 1104
1557 1098
1669 1099
269 1101
440 1111
511 1100
882 1109
921 1101
1450 1100
1454 1101
1693 1115
13 1103
69 1102
283 1103
536 1106
688 1103
866 1102
904 1102
989 1103
1101 1103
1461 1103
1668 1102
1 1105
192 1116
246 1106
271 1108
551 1104
833 1105
947 1105
993 1105
1060 1105
1475 1115
1537 1111
1611 1106
1623 1111
1756 1104
233 1106
408 1107
424 1107
740 1109
825 1108
908 1112
1063 1107
1398 1147
1509 1114
1573 1106
1584 1114
1786 1111
420 1109
698 1109
806 1108
1438 1109
85 1110
364 1121
403 1110
601 1111
802 1112
838 1139
949 1123
1031 1111
1428 1112
1492 1110
56 1112
149 1112
245 1112
288 1113
306 1113
325 1118
402 1112
530 1113
591 1113
894 1126
1051 1112
1487 1112
1834 1113
60 1115
299 1118
418 1125
608 1125
730 1133
1015 1118
1038 1117
1144 1118
1553 1115
1733 1123
7 1117
80 1116
266 1116
388 1116
467 1117
792 1116
1053 1117
1210 1117
1561 1118
1648 1147
1650 1117
616 1118
1455 1119
1662 1119
18 1120
39 1120
547 1127
1160 1121
1468 1120
1530 1127
1805 1121
58 1131
474 1122
512 1124
697 1122
701 1123
788 1123
925 1123
969 1123
1551 1128
1605 1126
94 1125
241 1124
477 1124
778 1125
1518 1125
1673 1125
1713 1127
1764 1125
1816 1125
47 1129
215 1127
334 1127
461 1127
913 1135
1027 1126
1156 1127
146 1133
160 1128
479 1128
519 1138
585 1131
1079 1128
1140 1131
1429 1130
1497 1129
1615 1130
1838 1128
436 1138
710 1135
1068 1131
1152 1134
1479 1131
1507 1144
1597 1132
1674 1138
1793 1132
114 1134
272 1136
720 1132
779 1132
796 1133
1040 1139
1066 1133
1451 1137
1784 1133
29 1134
181 1134
405 1159
754 1142
806 1135
932 1135
945 1136
1105 1135
1564 1134
1819 1135
168 1137
258 1142
459 1142
1436 1139
1469 1143
1780 1136
1825 1137
98 1138
131 1140
238 1143
564 1142
788 1139
1712 1151
1832 1140
37 1140
278 1141
339 1142
379 1143
839 1141
888 1175
1115 1157
1396 1141
1542 1140
1565 1141
1628 1140
195 1147
217 1143
781 1162
837 1142
1010 1142
1756 1146
21 1146
105 1145
291 1147
321 1145
832 1148
996 1145
1083 1148
1101 1144
1431 1144
1555 1146
151 1147
178 1147
249 1155
336 1158
454 1147
486 1147
551 1152
568 1163
984 1147
987 1146
1539 1152
94 1150
169 1148
648 1148
700 1149
940 1152
1385 1151
1528 1148
1681 1152
1746 1149
6 1150
78 1154
135 1157
221 1158
450 1152
501 1151
917 1151
1032 1160
1152 1150
1613 1150
114 1152
159 1153
301 1162
956 1152
1068 1175
1694 1152
1760 1153
385 1156
477 1155
657 1155
710 1154
872 1155
1010 1154
1436 1160
1489 1155
1808 1156
514 1157
723 1161
907 1160
1081 1156
1311 1156
1378 1157
1596 1167
1689 1157
1739 1158
72 1160
457 1159
537 1162
751 1159
1005 1158
1309 1159
1753 1159
8 1160
37 1160
347 1160
361 1165
444 1162
458 1162
481 1161
833 1163
1306 1161
1454 1162
1470 1161
1764 1160
108 1165
180 1167
1157 1167
1424 1183
1477 1163
491 1173
743 1168
963 1165
1249 1164
1261 1165
48 1175
264 1168
511 1166
841 1168
1053 1166
1206 1167
1276 1173
1339 1166
1539 1173
1562 1167
1804 1183
439 1169
477 1168
590 1171
946 1203
994 1168
1055 1169
1506 1169
1832 1175
73 1173
206 1170
462 1173
1005 1174
1330 1191
1568 1172
156 1172
507 1175
727 1174
921 1172
1350 1173
1489 1172
1686 1173
196 1175
258 1174
450 1174
524 1175
551 1174
1727 1174
1740 1176
129 1177
254 1177
431 1177
442 1176
812 1176
929 1177
12 1179
173 1179
277 1188
373 1178
769 1209
864 1183
1022 1178
1133 1181
1170 1178
1399 1179
1512 1178
1623 1182
1714 1179
1789 1179
169 1182
217 1181
231 1180
421 1181
650 1180
914 1180
1040 1183
1255 1192
1456 1181
1501 1187
1516 1181
1675 1180
1704 1186
84 1182
150 1182
460 1182
554 1185
579 1187
723 1185
989 1188
1462 1182
1476 1182
1562 1182
1645 1188
291 1184
439 1186
478 1185
514 1184
530 1188
614 1185
627 1185
837 1191
1443 1184
1566 1187
1585 1195
1681 1184
210 1190
229 1188
323 1193
784 1187
1007 1186
1126 1210
1225 1187
1781 1186
137 1188
300 1191
449 1193
563 1189
936 1189
1081 1188
1138 1190
1173 1191
1209 1189
1528 1188
107 1190
373 1190
376 1191
648 1191
1011 1191
1212 1214
1272 1191
1488 1190
59 1193
254 1200
425 1193
521 1192
597 1193
1049 1193
1463 1193
1485 1195
1563 1205
1830 1193
66 1196
84 1194
403 1197
600 1195
1037 1194
1201 1194
1543 1195
1604 1206
29 1197
158 1197
265 1197
288 1196
433 1197
457 1199
496 1196
557 1196
720 1197
876 1200
1090 1196
1456 1203
1668 1207
1772 1196
237 1198
361 1199
508 1204
861 1207
1032 1198
1085 1198
1402 1208
297 1201
338 1200
538 1200
591 1214
636 1206
719 1200
1066 1214
1264 1201
1269 1200
1500 1201
1512 1202
1540 1200
1590 1201
1639 1200
279 1202
372 1209
485 1205
608 1203
1273 1217
1523 1203
1633 1203
1636 1202
1719 1219
1724 1203
1749 1202
1781 1203
27 1204
73 1206
125 1205
169 1204
177 1206
200 1205
457 1215
545 1205
687 1209
730 1205
1028 1205
1107 1205
1477 1219
87 1207
451 1206
1381 1207
1437 1206
1544 1206
1623 1207
1696 1206
115 1209
223 1212
327 1209
351 1212
420 1210
434 1209
842 1217
992 1209
1032 1212
1288 1208
66 1211
199 1210
273 1218
1462 1210
1694 1210
1731 1215
1765 1211
1810 1210
58 1214
138 1214
415 1212
503 1212
517 1222
884 1214
1004 1213
1353 1220
1444 1212
1531 1214
1741 1213
302 1214
315 1215
394 1218
493 1219
621 1219
643 1214
696 1218
1308 1215
1377 1223
1518 1216
40 1217
202 1216
574 1217
667 1216
872 1217
939 1216
1428 1217
1538 1216
1819 1217
206 1218
551 1218
654 1219
1007 1219
1020 1224
1312 1223
1575 1219
1625 1219
15 1220
26 1222
72 1223
136 1220
169 1224
247 1221
341 1220
362 1221
408 1220
1291 1224
1432 1223
1504 1220
1512 1221
1787 1221
150 1225
186 1225
300 1224
323 1222
423 1225
580 1225
646 1223
944 1224
1694 1225
1742 1225
1756 1225
47 1225
347 1225
402 1226
711 1225
1499 1226
1650 1225
1781 1226
243 1226
632 1226
687 1226
1600 1226
1623 1227
1815 1227
