904 621
66 3
296 13
539 4
653 5
676 4
754 8
804 6
863 3
902 28
952 8
1026 3
1116 0
1138 4
1161 0
1228 46
1295 1
1469 11
1519 2
1681 29
1730 112
972 12
72 9
452 27
1065 25
1563 41
1085 57
832 26
1242 23
378 29
933 43
255 32
598 36
690 37
1823 42
1598 41
202 55
986 51
530 54
1134 45
1355 45
1005 49
1128 104
564 76
1185 70
1319 60
275 64
849 89
614 69
953 73
1373 84
915 78
244 78
1164 91
91 89
778 93
355 94
900 92
675 101
948 107
1430 123
302 104
413 111
804 105
1614 119
512 105
1258 104
763 129
171 110
1174 108
538 118
1569 113
383 116
1225 120
1517 137
320 124
1195 118
1316 120
928 130
1164 126
256 128
115 148
293 130
162 135
1011 136
434 141
1568 148
946 143
1100 174
1263 137
612 141
1469 143
876 144
1176 146
230 150
299 153
254 151
273 163
559 165
1469 173
1385 182
452 176
1194 175
1611 167
773 181
807 172
1030 174
1449 168
1534 174
317 176
738 175
96 182
1166 178
1177 192
560 188
1216 187
406 200
342 194
1498 190
190 194
80 201
492 199
1085 198
1208 195
164 204
807 204
228 207
1613 214
515 220
576 214
605 207
1524 210
137 220
651 217
1209 221
252 222
274 220
864 219
952 221
1146 234
1177 223
786 221
1041 251
464 226
845 241
904 234
1768 232
1560 229
1388 246
1705 230
545 249
792 240
956 234
642 241
1011 238
673 245
324 247
1672 309
1794 251
1415 270
950 261
1368 261
98 268
1156 262
276 273
391 267
1135 265
1193 263
335 268
431 295
896 274
128 275
1210 280
748 283
863 276
1003 275
1067 272
75 277
503 279
1514 301
966 286
1115 287
148 287
851 293
1065 293
369 291
1101 311
907 292
1013 297
1129 302
1162 299
275 309
562 307
354 308
1143 318
1812 318
802 310
952 328
108 313
825 314
899 315
1076 315
912 317
1388 344
134 326
625 321
778 320
1015 323
1216 340
409 330
890 327
1191 329
740 333
1113 332
99 336
549 330
795 356
704 335
1473 349
1075 339
917 344
991 343
1016 343
1101 385
750 360
1043 370
1136 349
1417 359
386 355
1121 360
289 357
925 361
1022 356
1169 356
230 361
849 361
1569 362
339 366
1705 369
186 363
520 369
865 367
882 370
1007 367
478 372
705 366
1178 369
1071 376
1543 388
902 374
457 372
1321 381
431 397
444 378
1159 388
1221 394
912 381
997 379
739 385
1128 383
114 382
862 384
1765 400
567 392
940 389
1484 394
289 390
328 401
701 395
522 400
871 401
976 396
1004 398
1185 394
1582 410
72 398
141 405
186 396
762 396
893 397
503 401
256 404
1121 401
602 406
1407 416
1169 410
917 412
1160 420
278 415
569 428
746 420
892 435
247 420
1330 430
700 421
1544 419
267 423
1032 427
844 422
657 425
816 428
665 432
603 436
534 441
1075 438
1001 435
1269 443
493 441
771 440
1172 450
1542 467
1152 440
42 451
639 444
738 442
1708 455
176 447
14 448
300 453
1091 450
970 452
1054 452
808 463
924 454
866 480
693 462
1372 465
1004 472
1076 462
1153 461
391 469
734 472
948 462
956 463
210 467
758 470
321 467
954 478
302 474
675 469
783 472
985 469
910 485
969 470
1148 474
1095 475
492 480
837 478
353 483
847 479
328 487
689 483
820 497
1078 486
151 490
953 486
1662 502
749 493
1112 491
948 492
972 491
1001 504
75 495
319 494
1064 493
1159 512
557 498
963 495
1125 506
1027 499
1597 516
1690 496
1698 499
29 499
106 508
189 499
409 502
661 501
943 499
954 498
1047 512
227 501
757 501
885 500
982 501
53 502
338 506
959 525
1367 513
1452 511
1715 516
198 511
761 509
613 510
870 510
875 514
1108 511
1487 513
912 513
1329 514
454 534
1426 524
379 521
836 519
1075 526
1115 524
911 525
993 542
1731 524
891 532
89 533
0 539
315 537
917 532
1025 534
1449 544
928 537
718 540
1155 550
810 546
230 542
597 546
406 542
57 545
131 548
682 548
1077 545
729 549
863 548
959 547
1688 595
751 557
877 552
766 551
940 551
1048 550
1093 554
364 559
1288 562
306 556
846 567
541 560
875 568
1027 575
734 573
946 563
89 570
1061 566
1382 572
152 567
1316 566
1732 576
997 595
277 572
467 574
356 574
759 585
1328 582
382 580
1069 576
548 580
718 578
968 577
1413 580
486 602
862 583
1063 582
117 586
1096 590
1635 592
1166 602
308 590
878 604
949 592
155 592
207 593
1533 600
556 597
1053 595
1072 594
367 595
853 612
734 597
768 623
677 600
681 601
823 608
1387 601
1408 607
1332 606
1380 605
44 612
1077 613
170 606
318 609
507 607
954 622
268 609
1045 611
573 618
432 618
836 616
1048 618
1551 638
996 620
399 620
223 623
689 625
1096 623
421 632
536 624
490 627
814 628
1153 630
1619 642
721 633
833 633
865 639
927 633
990 658
1041 636
615 637
1052 633
341 634
563 635
233 637
365 642
560 636
956 637
1466 654
1141 641
889 643
485 647
1310 648
800 647
1048 645
1148 645
513 647
811 653
1290 652
161 651
558 649
712 650
1126 648
199 651
1588 652
940 657
1054 653
133 655
283 656
327 658
550 656
827 658
1104 655
1346 677
1595 654
170 659
846 659
1424 666
120 665
727 662
757 664
874 664
1086 662
1680 667
490 666
381 666
568 669
695 667
784 673
1027 667
442 674
659 667
27 675
223 668
679 671
550 676
71 677
171 680
971 674
1094 676
498 682
1050 678
1562 692
744 680
886 685
948 679
1039 681
1116 683
1150 685
1398 690
401 681
212 683
1024 684
155 684
464 689
825 686
418 691
1036 686
1088 699
1372 688
1360 691
121 693
442 696
850 692
1429 693
1482 695
226 694
469 695
1634 701
662 696
687 697
412 699
704 699
804 700
826 701
1012 707
375 709
547 710
565 703
866 711
978 719
1266 715
1454 728
701 709
922 713
1366 708
153 716
1293 720
243 714
897 715
1127 714
239 716
488 721
1101 717
88 718
226 720
326 718
336 723
435 750
776 721
943 727
995 722
317 725
509 722
736 725
814 732
897 742
407 726
1367 728
500 731
535 728
700 731
855 732
1080 728
1711 728
553 734
731 731
1029 730
1128 742
1530 735
748 735
696 735
998 738
1371 736
515 736
606 740
481 739
587 744
1016 741
1359 741
235 740
253 740
1378 741
1404 763
234 742
928 742
1675 751
335 744
350 744
370 754
508 744
765 753
841 746
1068 748
488 747
964 759
1095 748
1232 746
1265 755
1493 754
319 748
565 752
823 751
1353 751
544 754
1101 753
1334 752
199 754
779 755
258 759
872 760
1034 758
1528 761
810 761
1087 760
701 763
1021 762
1029 760
530 763
1117 763
158 766
818 768
1064 765
1827 774
250 766
518 766
796 768
851 767
1008 782
354 768
833 773
1006 771
1075 777
1289 779
224 773
475 772
1341 778
235 775
678 777
929 774
1578 782
748 778
855 776
1044 777
538 782
793 780
316 780
491 790
764 781
844 781
979 781
1736 780
144 783
932 786
1055 788
515 788
637 787
973 785
1093 786
185 786
756 788
1549 797
730 792
847 791
882 792
224 793
930 792
1098 799
1441 803
604 794
827 796
760 797
987 798
1080 796
1355 797
212 799
776 798
349 800
1023 807
1473 800
171 803
309 804
746 806
784 802
165 806
820 812
931 808
1075 805
913 807
966 823
66 817
389 810
858 809
1036 808
1259 819
459 814
658 812
717 811
550 816
920 814
485 815
532 821
749 818
1071 825
1089 815
272 817
894 827
1045 822
1366 827
19 824
252 824
290 823
483 837
849 824
863 827
420 831
776 825
390 827
734 828
1041 828
1278 832
172 828
269 828
286 830
1017 828
581 833
1602 842
398 833
803 841
1151 833
1162 832
1475 843
10 834
927 954
758 839
1146 835
1568 837
4 837
93 836
258 836
609 836
982 837
1347 837
238 838
273 839
1197 839
637 840
915 850
969 840
992 849
24 845
42 842
669 842
961 842
168 851
220 846
279 844
371 845
817 844
1060 844
1331 845
1514 851
128 846
471 846
542 849
754 847
939 859
438 849
465 848
257 850
781 850
1661 858
21 852
527 867
794 853
809 852
966 854
405 862
623 855
1226 864
259 861
587 857
892 862
427 863
1263 858
7 861
782 861
856 861
330 862
586 863
828 867
1016 863
1276 867
215 866
375 864
484 874
48 866
448 871
1327 866
169 869
611 868
575 874
1481 871
467 872
497 873
589 872
601 872
1346 873
34 875
310 874
326 874
805 878
853 875
920 876
940 874
965 875
292 877
515 876
643 876
1504 879
365 878
423 879
625 878
1574 892
1619 884
560 883
979 891
1299 880
127 882
470 882
964 884
1000 884
655 885
852 890
2 888
219 886
439 893
824 890
266 888
1483 892
240 891
337 892
501 895
535 891
951 895
1295 898
73 898
365 892
522 893
596 892
625 895
819 894
1361 896
1422 908
1663 899
52 896
277 897
28 898
452 899
514 899
913 902
542 902
670 902
863 903
1001 900
251 903
309 903
410 903
929 909
1272 903
115 909
940 905
239 907
300 913
333 906
357 906
496 910
559 906
662 910
842 907
1243 907
41 913
585 909
618 909
697 909
1224 913
380 913
815 911
70 919
182 913
402 912
529 916
604 913
857 914
994 913
485 918
551 915
315 918
626 916
650 916
1754 917
167 919
468 920
953 920
148 920
355 921
508 924
669 920
852 921
478 922
561 930
1200 926
196 924
275 926
321 924
1236 929
1583 931
38 942
310 927
730 926
929 943
1399 936
154 929
454 928
536 929
1341 930
424 930
491 931
1218 930
1459 935
1816 930
210 932
418 935
1787 933
475 936
629 934
837 935
66 936
198 936
223 937
332 936
382 937
403 937
574 939
672 937
977 938
1229 936
1488 958
187 941
327 939
1330 953
126 940
588 941
643 941
728 946
123 943
240 943
504 949
531 960
590 945
609 943
971 949
1451 943
460 945
700 947
1520 950
1539 963
1743 946
602 947
182 949
216 948
401 948
424 948
472 954
552 952
676 948
367 950
419 950
598 951
337 952
456 953
617 957
637 955
1118 954
436 957
108 958
251 967
381 958
925 958
1136 959
560 963
595 960
56 963
289 963
425 969
442 963
485 962
488 963
641 962
664 966
1086 963
1313 963
1454 968
159 966
355 967
501 964
300 968
397 968
461 967
26 973
41 972
224 968
381 969
458 969
552 969
594 976
613 975
783 975
193 972
497 981
724 975
84 975
136 978
641 974
1077 976
1234 975
1725 975
735 976
19 979
574 981
1424 984
169 983
443 985
465 980
740 982
921 981
546 983
643 986
917 984
341 984
1114 985
1391 992
57 987
371 1000
545 987
708 986
792 986
1157 986
519 992
564 994
587 989
681 989
1518 989
69 991
277 991
603 991
1468 1011
130 992
405 993
428 996
1793 992
491 995
531 995
771 995
1245 996
1568 995
87 998
184 998
270 996
1279 997
1314 1006
224 1000
387 999
623 1003
705 999
1049 998
10 1002
248 1000
303 1005
348 1001
453 1004
507 1008
660 1003
713 1001
734 1002
1231 1001
1272 1004
191 1003
479 1003
1059 1006
82 1007
148 1006
531 1007
582 1008
6 1008
119 1008
146 1013
236 1008
809 1009
272 1010
466 1024
537 1019
575 1013
1073 1010
248 1014
349 1013
392 1014
489 1013
431 1015
706 1014
727 1024
764 1019
76 1023
554 1016
1289 1024
158 1018
378 1019
553 1019
618 1019
804 1018
1198 1024
243 1020
322 1021
481 1022
682 1021
712 1021
1431 1022
192 1024
227 1024
297 1025
370 1024
675 1024
688 1026
44 1026
284 1028
308 1027
561 1027
620 1027
754 1029
792 1034
1417 1045
504 1032
546 1030
600 1033
0 1032
112 1032
265 1037
1391 1033
239 1035
373 1037
509 1041
645 1039
1049 1035
489 1036
1321 1036
1444 1049
249 1038
478 1054
705 1041
764 1047
1211 1039
86 1040
194 1040
360 1040
420 1042
451 1042
677 1040
860 1041
391 1043
681 1043
738 1044
784 1043
1059 1042
1235 1067
1388 1048
156 1049
426 1045
1090 1050
68 1049
572 1047
585 1048
122 1048
307 1049
406 1049
547 1049
794 1049
1073 1049
1122 1055
228 1051
403 1051
462 1051
1011 1051
860 1059
1259 1054
173 1055
282 1055
299 1054
383 1056
607 1054
821 1056
1271 1060
222 1057
259 1056
557 1057
971 1057
1496 1059
45 1059
291 1064
455 1063
1029 1059
12 1061
722 1061
734 1061
1138 1060
196 1063
256 1062
603 1062
807 1067
1148 1063
1183 1066
107 1064
124 1066
518 1069
634 1064
987 1065
220 1067
992 1067
1316 1068
1465 1069
142 1070
259 1069
422 1068
439 1068
463 1069
494 1073
676 1069
777 1068
977 1069
1070 1074
122 1072
585 1071
703 1070
729 1071
964 1070
1007 1070
1565 1071
1688 1070
631 1077
646 1072
722 1078
1047 1073
1198 1073
111 1077
266 1075
294 1074
664 1076
797 1074
961 1076
1119 1078
1159 1087
478 1077
563 1077
736 1077
66 1084
558 1089
652 1079
94 1081
146 1080
692 1092
987 1080
1298 1082
36 1083
295 1084
315 1088
779 1082
859 1083
886 1082
1013 1083
1266 1087
1480 1086
184 1091
342 1086
379 1088
611 1084
654 1084
902 1085
1025 1084
1050 1085
1457 1084
242 1087
445 1088
600 1087
743 1087
1001 1087
84 1089
141 1088
285 1089
330 1091
791 1090
1443 1097
2 1091
119 1091
139 1090
425 1091
454 1091
487 1093
519 1090
832 1091
1142 1094
1179 1095
1302 1091
174 1092
507 1094
883 1095
1314 1094
1349 1097
1728 1093
1781 1092
150 1094
388 1094
608 1094
973 1095
1063 1094
59 1100
470 1104
720 1096
867 1103
961 1100
459 1098
580 1099
731 1101
747 1099
1787 1099
25 1102
598 1101
929 1105
981 1101
1050 1101
1323 1100
79 1112
344 1103
438 1103
529 1102
678 1103
753 1105
391 1105
404 1105
617 1104
791 1105
974 1105
9 1107
144 1107
207 1108
303 1107
359 1110
548 1119
43 1117
306 1108
483 1108
1276 1109
1297 1124
317 1111
761 1111
849 1110
166 1113
289 1112
1347 1113
1457 1114
1508 1113
113 1115
146 1114
399 1115
508 1116
1394 1114
1625 1115
1827 1116
351 1122
428 1118
591 1124
992 1117
1011 1118
1051 1117
1248 1116
1792 1116
92 1118
138 1119
168 1118
188 1118
252 1118
326 1119
564 1119
730 1121
838 1119
960 1119
458 1135
522 1121
665 1121
754 1120
1449 1123
1808 1121
413 1130
483 1127
633 1122
797 1122
814 1126
121 1124
208 1125
234 1127
430 1124
804 1124
1142 1125
695 1127
875 1128
1113 1128
1369 1135
1573 1127
1690 1127
6 1129
18 1129
308 1129
625 1129
933 1129
1161 1132
1249 1131
1393 1128
1635 1131
403 1131
1268 1130
380 1133
863 1132
935 1132
1216 1136
24 1135
136 1135
729 1137
779 1134
864 1135
997 1134
1176 1134
1427 1140
142 1137
282 1138
520 1138
766 1137
923 1137
1337 1138
1568 1136
257 1138
488 1140
504 1139
662 1138
984 1138
16 1141
68 1141
174 1141
195 1141
558 1140
658 1142
1129 1141
44 1143
216 1142
372 1142
427 1152
616 1142
929 1143
1337 1150
526 1144
783 1146
62 1147
366 1146
751 1151
960 1147
1786 1147
136 1149
293 1150
569 1168
714 1149
887 1149
1034 1148
1179 1150
1246 1156
1525 1148
275 1151
644 1151
664 1151
819 1150
927 1151
1025 1153
1211 1150
1589 1151
73 1152
151 1153
260 1154
332 1152
41 1154
66 1156
726 1154
1268 1154
1308 1159
1379 1159
1554 1155
1714 1155
238 1156
358 1156
704 1156
936 1156
1045 1156
1495 1161
1594 1157
1729 1156
98 1163
235 1169
606 1164
802 1160
180 1162
474 1161
1326 1170
1548 1162
1597 1160
344 1163
346 1162
628 1164
745 1168
768 1164
956 1162
1013 1163
1233 1162
332 1165
382 1167
476 1165
1172 1164
1391 1164
1458 1165
221 1167
290 1168
329 1167
527 1175
544 1167
783 1170
595 1169
1202 1180
1426 1175
193 1171
648 1171
911 1171
929 1174
1227 1170
317 1172
433 1173
58 1179
136 1174
509 1176
721 1175
1277 1175
1074 1176
1566 1177
1672 1176
184 1179
213 1179
322 1182
538 1179
600 1178
670 1178
685 1180
934 1179
1452 1180
206 1182
224 1180
257 1186
369 1182
441 1183
993 1180
1027 1182
495 1184
555 1184
644 1185
752 1183
781 1183
1667 1184
42 1184
118 1184
945 1184
1272 1184
1286 1184
1821 1186
196 1187
337 1187
91 1188
386 1189
758 1188
787 1188
919 1189
1309 1190
1353 1190
1372 1188
245 1192
270 1190
336 1190
510 1198
730 1192
761 1190
1127 1192
1246 1191
1504 1190
211 1194
298 1192
559 1194
1265 1194
402 1197
480 1197
739 1196
1234 1198
194 1197
455 1197
579 1196
582 1197
1213 1196
1537 1197
6 1199
637 1199
756 1198
867 1200
1216 1198
526 1200
563 1201
1185 1200
1332 1201
1360 1202
1377 1206
1784 1200
11 1203
336 1202
552 1203
1395 1203
133 1208
387 1205
504 1204
1221 1204
1274 1205
1298 1205
177 1209
306 1208
578 1208
774 1209
521 1216
658 1210
740 1210
1088 1211
1466 1211
201 1214
489 1212
559 1212
573 1214
613 1212
713 1212
732 1214
1207 1214
1794 1212
123 1215
315 1215
458 1217
503 1218
904 1215
1675 1214
550 1218
631 1219
663 1218
801 1217
1442 1220
1487 1217
1731 1216
33 1218
106 1218
150 1218
1195 1223
222 1225
319 1221
592 1223
618 1222
716 1221
787 1220
855 1220
1266 1221
246 1222
308 1224
475 1225
570 1225
1561 1225
1742 1225
44 1225
162 1225
651 1226
825 1226
1254 1225
499 1227
1518 1227
1598 1226
