918 619
40 79
435 72
553 16
966 62
1179 1
1211 4
1402 3
1611 63
1240 11
1343 15
1735 20
1432 33
1140 14
789 24
1119 32
1271 25
1143 41
1225 30
886 33
1554 38
665 48
701 41
882 37
1402 51
588 44
615 50
1747 51
975 48
1200 66
1236 70
810 61
1122 63
554 68
1153 68
963 64
1058 63
1104 94
1283 78
956 74
542 85
739 83
1129 86
673 93
659 91
878 100
1168 94
994 95
1239 106
622 105
705 103
981 103
1137 105
1119 110
1376 115
1414 113
1806 117
1686 128
801 141
846 133
1104 138
1461 145
778 145
988 145
1313 151
1072 148
1112 149
995 153
667 157
1252 158
1015 162
1033 157
1739 163
966 163
1143 166
1496 168
564 168
984 183
788 175
1684 176
502 178
743 179
1005 181
366 201
1204 188
835 188
897 186
1079 185
1409 183
1399 185
1438 193
451 196
588 192
1170 193
1225 192
515 194
1688 202
1036 199
1073 200
786 218
827 202
898 217
677 210
967 206
1483 205
806 208
1744 217
927 212
438 219
982 213
1113 215
1225 225
1413 224
922 221
488 226
657 227
986 231
1097 229
467 240
564 241
603 232
1601 240
675 244
778 238
885 238
809 247
1132 243
414 248
906 249
931 244
999 246
1276 253
866 267
920 248
1103 248
945 251
1061 252
1111 254
385 262
925 255
943 255
957 257
728 259
970 258
1117 260
500 265
770 265
956 260
1388 265
842 265
900 269
955 263
1323 276
1056 270
1111 270
886 268
966 268
977 269
1198 276
317 278
669 280
1676 271
700 278
1547 283
621 279
910 309
957 287
782 306
432 296
483 286
1358 291
1671 293
1100 294
1066 296
1693 307
1571 323
1007 300
850 305
981 300
869 305
818 314
958 317
1421 318
883 315
1105 315
1301 320
477 322
862 317
1082 318
981 320
1102 324
1450 324
391 332
937 337
326 337
1183 338
980 348
515 342
1678 353
459 348
724 348
1354 347
892 351
866 359
765 363
934 372
817 361
833 366
1021 357
1412 362
1032 362
1153 374
746 367
505 375
434 373
1340 372
55 376
283 388
906 371
967 372
1106 377
1394 383
850 385
1076 378
1694 400
1175 381
875 381
972 387
652 388
911 387
394 392
601 394
871 393
1081 394
1203 403
563 402
479 401
907 396
1183 405
390 401
726 399
909 418
982 402
1052 402
949 414
1013 404
736 418
1730 407
328 409
1082 407
1042 411
690 415
1237 423
754 418
932 417
1099 423
1199 438
876 425
838 429
972 453
1060 431
1106 429
639 435
1045 437
1564 450
1653 442
346 457
471 445
703 448
1131 443
799 447
1314 447
1032 451
806 461
1081 452
908 466
938 456
996 456
613 457
437 518
688 462
782 465
417 466
1071 476
863 466
845 469
1668 474
161 484
829 473
1233 478
1360 478
1011 478
1042 493
1104 485
1141 492
1331 485
708 491
980 489
1086 490
855 493
1351 488
890 496
920 492
1018 496
929 496
716 503
816 522
792 503
899 506
1338 509
1552 560
967 507
1449 515
691 508
879 509
855 521
991 532
1209 532
1372 520
1537 513
924 552
1417 522
736 521
673 519
1097 522
1696 522
429 536
538 523
1071 526
758 527
1076 540
770 539
722 539
1002 536
1091 542
1121 549
1058 542
879 543
683 547
1161 559
795 547
973 551
1083 552
1304 551
1014 552
1191 556
989 555
1044 557
1648 559
1045 559
944 630
1628 581
754 573
1029 571
850 569
408 589
738 576
912 570
1042 576
1179 586
654 584
873 579
1390 585
809 583
1084 586
1608 588
115 596
1054 587
1111 586
1040 596
377 596
767 600
1124 607
456 607
1032 621
185 612
831 610
1170 618
1048 616
886 624
1067 628
1312 634
1006 627
1665 636
1047 636
398 639
1755 637
230 638
1012 638
1222 641
812 643
804 645
1010 652
139 654
1739 654
583 649
816 649
1362 649
784 652
1163 657
1599 655
1022 657
656 665
707 660
1048 659
929 662
724 665
823 667
1362 670
1389 669
1221 670
699 673
960 680
1084 684
1147 673
1002 675
458 678
1033 692
769 681
870 684
701 684
1054 689
1687 693
582 692
1551 694
793 690
946 691
1007 693
1056 695
929 707
997 696
994 698
788 700
339 703
380 705
242 712
430 716
796 706
966 744
1074 708
886 713
1009 716
42 717
830 712
499 718
621 721
1559 720
1633 717
808 719
905 720
360 725
873 721
995 730
904 724
869 742
768 729
1312 728
309 735
629 733
645 736
788 734
1214 741
1698 740
801 739
1091 794
742 742
626 744
890 775
1038 748
786 747
905 746
787 755
1300 758
664 752
323 755
749 753
766 753
734 802
775 755
1246 760
1028 759
1053 760
1066 758
1021 765
896 762
1335 768
1628 767
742 766
895 767
789 771
1012 770
1037 773
1064 773
1418 772
1061 774
1055 777
708 781
1011 793
797 782
784 788
1216 785
1348 788
415 788
684 790
991 796
1052 794
1121 795
953 793
946 795
1606 806
801 796
979 797
235 802
370 804
824 812
938 799
941 798
1648 800
934 801
1117 800
920 804
1000 806
1345 808
764 807
844 806
900 806
913 807
440 811
840 817
945 814
982 822
897 822
1294 817
1030 819
1699 822
1014 821
1121 821
832 822
862 823
820 828
844 828
1013 825
467 830
791 830
917 860
1045 832
1427 832
860 833
887 838
622 839
707 837
831 843
985 838
1628 838
852 841
771 841
1165 846
730 858
664 846
956 847
981 844
913 931
745 849
553 860
849 856
973 850
595 858
990 852
1016 857
426 854
875 860
785 861
943 857
829 858
1064 860
937 864
966 866
1037 860
202 863
1021 863
1249 864
1370 868
883 876
1285 878
291 877
809 872
157 872
25 880
236 886
515 882
868 895
815 885
1317 895
374 891
515 893
1262 898
988 900
403 903
1072 902
909 907
885 907
1610 919
1697 919
1383 922
1633 930
539 930
1472 935
1594 937
1272 936
482 948
422 957
640 959
688 964
1769 962
1366 977
178 968
396 976
1809 973
1002 976
1218 981
1781 979
494 985
1016 996
772 987
336 988
359 996
102 996
1255 999
979 1001
568 1005
173 1010
652 1007
1420 1011
57 1014
635 1013
634 1015
965 1025
264 1016
784 1019
1698 1016
320 1020
843 1019
1736 1018
1244 1025
999 1024
1034 1030
49 1031
1009 1030
787 1033
827 1033
1282 1033
610 1038
764 1036
856 1037
990 1037
1417 1043
584 1041
729 1045
1262 1048
1674 1044
709 1055
804 1047
1119 1053
542 1049
813 1049
1340 1049
589 1050
1524 1051
538 1053
727 1055
797 1057
855 1056
873 1057
616 1059
949 1063
232 1062
480 1064
549 1067
808 1068
112 1072
327 1071
1763 1070
1558 1075
605 1079
733 1077
695 1080
879 1081
1371 1078
6 1080
767 1081
1181 1080
1191 1080
924 1090
709 1089
866 1086
782 1089
1762 1090
1796 1090
189 1092
849 1096
966 1092
1813 1092
391 1094
526 1098
746 1095
950 1114
102 1098
1249 1099
1699 1102
486 1104
1301 1106
1397 1105
707 1108
1456 1106
1528 1110
1713 1110
1635 1112
570 1119
1113 1118
1250 1114
1726 1115
245 1117
1638 1116
1784 1116
919 1119
1658 1118
1756 1118
460 1121
1472 1125
1774 1121
1732 1125
352 1127
376 1126
709 1126
911 1127
643 1129
905 1129
1749 1129
359 1131
1622 1135
672 1139
866 1140
543 1146
794 1147
191 1148
316 1149
719 1148
534 1150
1491 1150
1726 1152
384 1153
561 1156
668 1154
1191 1152
847 1156
394 1160
587 1160
941 1159
1504 1158
1561 1166
1781 1159
916 1163
1500 1161
1783 1161
511 1163
1240 1163
1379 1163
1794 1163
1297 1165
237 1166
1788 1166
730 1169
1110 1169
103 1170
234 1171
382 1170
740 1171
1259 1171
470 1173
836 1173
894 1172
1161 1173
292 1174
320 1174
773 1175
1461 1175
1663 1174
537 1176
746 1176
1294 1176
1374 1177
794 1181
1577 1180
339 1182
663 1184
727 1183
557 1187
1147 1190
1742 1186
217 1189
358 1190
653 1188
371 1196
972 1191
1257 1195
1562 1190
652 1194
1655 1194
1592 1196
0 1198
457 1198
1641 1199
361 1200
1691 1201
327 1204
796 1205
1645 1205
1786 1205
775 1206
1611 1206
873 1208
52 1211
371 1211
56 1212
1311 1213
1397 1213
1615 1215
414 1215
1175 1214
170 1222
1276 1220
1531 1220
1591 1221
1715 1220
551 1222
598 1222
1563 1225
1659 1225
1355 1225
1317 1227
