906 612
655 5
789 7
866 3
1096 8
1113 3
1138 19
1195 2
1448 1
1504 3
1660 8
1531 9
847 19
561 23
1078 21
1427 36
501 26
1557 22
1526 27
692 45
1543 33
1466 40
1358 38
1071 48
728 54
464 50
1045 68
1626 48
1796 48
1382 73
1138 58
1783 50
1274 61
1485 70
818 71
391 78
1200 69
1434 88
1626 93
1353 74
1405 75
839 83
1284 78
1509 81
1103 94
1265 88
759 103
732 96
451 105
1494 97
1201 105
1171 105
1653 108
1034 104
996 105
1087 113
1360 108
204 119
1279 110
1324 111
508 124
826 126
406 146
1139 120
1229 121
1341 121
1382 120
542 133
1159 139
586 133
1515 126
1200 133
1373 173
1603 146
954 147
1204 150
1482 154
785 158
213 174
646 160
1062 160
1440 175
1505 162
1178 165
455 173
1191 174
564 190
619 187
879 188
708 190
1000 195
1054 200
1106 186
1302 199
1486 188
1187 192
1505 207
1674 215
813 211
1456 203
312 215
730 210
1085 209
1163 208
1386 211
450 216
1242 216
1265 215
713 222
1097 216
1173 218
563 224
1404 217
1307 232
676 231
751 231
1236 228
1425 239
1109 229
1396 230
1330 232
1577 240
771 248
1085 243
454 246
1052 245
1369 247
991 247
1131 248
1180 260
1398 254
556 249
1099 255
1659 275
1278 262
476 258
383 258
897 254
567 263
738 264
1246 258
1351 259
808 266
680 271
755 264
1121 269
1314 282
1379 274
1292 272
1349 292
362 279
1536 279
1198 277
1416 281
611 284
1016 293
806 298
1112 288
737 302
385 291
447 291
657 293
702 301
1163 296
1288 297
1434 297
1141 301
1244 323
1401 307
1446 302
1691 342
975 310
613 311
781 320
1099 309
1382 309
1517 317
863 315
985 400
1193 327
1094 320
1156 324
1054 329
1072 328
1313 327
1345 328
1420 326
667 356
1325 346
221 342
348 351
1586 343
816 340
892 343
954 340
1390 342
440 352
1366 342
822 344
1401 347
565 350
700 370
768 353
1298 348
1202 354
598 358
1272 350
1369 351
1441 351
1179 357
1268 353
1560 353
1460 356
1103 362
1123 360
1229 361
911 360
940 373
1065 387
1288 363
519 373
1018 367
731 376
1022 368
1168 372
1819 369
913 371
959 372
1241 373
1761 370
1033 374
1324 373
1372 377
1400 377
504 379
918 399
963 379
1011 380
1024 380
1308 381
596 385
1023 383
1149 384
1329 393
1792 383
1835 386
1001 385
1515 406
737 386
1358 387
1467 394
423 391
777 403
1006 390
1012 406
1376 402
438 396
1029 401
1118 403
943 394
1257 396
1284 396
1417 395
1687 412
998 402
1193 401
1422 401
1231 407
934 406
1256 415
1573 425
390 419
1161 412
1822 446
214 420
942 412
1044 414
1459 413
482 420
517 414
615 417
694 422
990 415
745 421
928 417
1024 417
1061 418
1308 436
1099 426
1353 421
1421 423
1167 424
547 430
936 436
1035 425
1049 425
1369 428
1037 427
1079 427
1382 427
892 429
1343 435
582 431
811 436
1176 435
777 442
1023 433
1051 438
1280 432
631 435
1012 435
276 445
911 438
1066 438
1070 439
1075 441
1194 441
1276 441
1401 443
243 444
527 444
696 448
1083 453
1258 445
1528 444
503 446
578 446
1000 446
1036 447
1198 446
737 454
1386 451
369 470
1064 452
1068 453
1299 453
1500 459
689 454
705 457
926 455
940 455
1739 460
911 458
1043 459
1053 459
1056 458
1296 460
1760 460
1020 460
1274 463
1610 464
1037 467
621 468
1728 469
1323 471
411 475
1025 480
1119 474
1183 472
1291 478
1656 477
592 475
1234 475
918 478
1347 481
1002 479
1318 481
1333 479
1445 478
840 481
1143 490
1047 482
318 491
798 484
1272 486
490 489
513 488
937 491
1033 488
1310 488
719 491
793 491
642 492
746 498
1042 494
1115 492
1262 494
1301 494
1730 495
1090 496
452 506
469 499
887 499
1189 500
1457 499
1213 503
1231 511
1460 502
1836 510
932 505
1104 504
954 504
670 510
1372 507
1338 512
325 511
1296 511
340 520
422 514
727 512
760 513
939 512
541 517
949 559
467 521
888 525
1139 518
1346 519
616 525
722 525
1126 522
1247 520
1297 522
440 523
1274 524
967 529
1047 525
1197 538
280 531
519 527
796 531
1300 531
669 543
929 533
1230 533
706 535
844 533
576 535
655 536
1144 541
535 538
981 539
1030 544
557 542
689 541
754 544
878 542
649 544
876 548
935 545
1169 546
1295 545
505 551
728 549
1229 547
1273 550
1318 549
619 551
806 548
1089 555
1488 548
245 557
433 551
845 550
918 553
387 553
1671 552
1249 554
1292 556
872 556
1044 556
743 558
871 559
1235 559
685 570
761 563
1063 561
1012 564
1226 563
460 569
1149 569
1257 566
547 566
556 567
581 566
660 571
869 566
431 569
1245 570
1268 572
1496 568
1674 570
401 577
421 573
532 571
587 573
868 571
1005 571
1027 571
1367 571
1394 573
1624 571
1809 577
1058 573
1659 574
642 579
1022 575
1119 574
1162 577
1777 580
809 577
867 576
538 582
829 579
740 589
788 585
1203 582
1250 581
1471 581
866 583
916 589
1282 583
601 584
1018 585
1097 586
1236 614
1507 585
1749 589
995 591
487 593
585 589
1268 588
1483 588
1501 589
765 593
794 590
1054 592
1293 591
278 601
346 592
710 596
894 595
1191 593
1283 595
698 602
967 596
991 597
1190 597
630 599
775 599
1037 602
1492 602
555 605
616 605
799 602
1096 604
1138 613
351 605
473 611
964 605
1211 605
1639 605
142 607
440 611
534 612
967 649
976 610
1010 608
1290 607
1375 610
717 612
741 610
1053 613
1098 613
658 619
1743 647
1022 617
1096 617
594 622
623 619
1271 621
540 622
917 632
1041 630
1128 622
1475 622
491 626
680 629
690 625
807 628
1198 626
1177 626
427 630
589 628
1091 628
983 631
1277 633
724 638
1064 636
1147 637
1169 638
1687 642
996 640
1327 638
845 640
1192 642
709 650
1133 669
1203 644
1270 650
615 645
679 650
753 645
1183 647
1471 644
1661 648
351 647
1364 650
483 649
1291 648
367 650
798 650
1079 656
1052 655
1210 656
1231 652
1335 654
537 665
1003 657
1031 661
1671 654
1395 666
821 663
321 666
747 662
1169 660
355 662
1117 749
1235 664
1349 663
938 665
1194 665
1306 666
450 666
494 668
234 668
259 677
682 668
1055 670
1199 670
1227 669
1252 669
611 670
1168 670
1214 670
1263 671
632 673
1050 674
221 674
949 676
1274 676
1653 695
1823 686
596 679
737 684
1510 678
1632 680
613 686
708 681
1185 681
1266 682
379 683
987 914
1776 691
1516 700
535 687
937 688
1172 687
551 691
576 690
899 694
919 693
1190 696
1211 693
1225 693
1622 702
748 697
1062 699
470 698
1048 700
1690 715
672 706
984 701
1037 699
1237 698
928 702
1002 703
1245 700
1347 704
903 704
1155 713
1041 708
459 707
1219 706
1139 710
1264 708
1399 708
627 711
695 710
877 711
931 711
1194 711
1215 711
1273 710
392 723
519 712
577 715
1057 715
1815 713
596 715
1232 715
602 719
1203 716
426 720
689 724
724 721
1026 719
925 722
443 724
1188 722
1052 725
1144 724
539 728
566 728
789 726
1049 727
1172 727
329 735
663 746
710 730
897 730
1193 729
1250 731
1525 730
471 734
1019 738
1040 736
588 740
179 739
424 742
978 744
1213 738
494 742
941 744
1172 740
349 746
1331 754
450 745
1197 744
1223 746
897 751
1030 761
682 749
717 750
1179 748
1202 749
703 753
1567 751
560 759
1169 754
1187 763
1366 753
285 759
1055 755
1372 754
1404 755
575 758
923 762
480 765
1416 761
519 763
652 763
687 762
436 764
706 765
724 766
1315 766
1349 770
869 772
945 772
966 771
1114 771
618 777
670 777
816 774
181 780
532 777
729 780
765 776
934 778
1595 781
1742 782
421 782
517 779
358 781
477 780
509 781
947 781
1089 785
1117 780
1341 780
508 783
596 783
675 785
770 786
867 786
1153 784
1466 791
461 789
755 786
1013 790
1228 792
1548 786
653 789
989 789
734 793
747 790
1813 803
281 795
658 792
1206 793
1321 800
1669 800
668 799
774 795
786 795
878 795
932 795
979 795
1244 794
918 800
963 798
1196 796
451 799
759 798
1184 799
1262 805
783 802
968 801
1093 813
1478 800
632 802
1123 803
1596 816
973 805
469 808
987 809
1061 807
1211 807
1472 807
512 810
581 809
718 817
903 820
1166 809
933 813
1047 810
1208 814
644 826
664 816
1130 814
1561 813
482 821
747 816
1003 818
1116 817
689 820
1033 822
1072 818
1105 818
1161 818
669 823
945 829
977 822
979 823
1019 823
1054 823
507 830
691 827
753 829
1353 833
1693 827
1752 827
444 835
1114 829
1191 829
1485 837
1546 829
1698 829
631 831
1026 832
1059 831
1080 831
1187 831
1067 857
1838 833
730 835
1175 834
611 838
878 837
726 840
791 838
1184 838
1257 840
780 842
329 843
830 846
898 845
992 843
692 846
1156 848
1585 844
961 847
1251 847
1359 849
1416 848
369 851
485 852
706 852
980 852
1319 852
1545 859
294 856
465 855
557 856
723 857
948 855
608 858
963 857
1276 858
460 858
503 860
577 858
794 858
1145 858
1303 865
1578 862
1241 864
547 863
678 864
740 864
769 863
790 864
970 863
1156 862
583 873
1499 872
366 867
757 866
1721 868
1197 868
707 874
1483 870
788 873
1128 876
1144 872
988 876
1109 874
1393 876
508 879
654 878
976 877
1206 876
1456 876
1211 878
1789 878
728 885
1216 881
1257 883
812 883
845 884
1347 893
1373 883
565 884
972 884
1076 886
1135 887
1148 887
1415 887
1519 886
400 894
645 891
673 891
473 891
269 895
514 894
764 895
1323 893
1443 892
478 895
819 897
1492 901
1411 897
634 899
1070 899
1401 899
1504 898
1548 903
1589 903
1732 904
1816 899
489 900
717 900
731 903
1083 900
328 906
775 903
1418 903
711 908
1212 904
1452 908
447 906
482 906
622 906
686 908
1327 907
1644 907
1301 909
1532 911
1562 911
224 911
1682 910
570 912
1290 913
744 914
1424 914
502 918
740 920
791 916
845 917
1416 922
649 922
548 920
1661 924
321 925
1460 944
477 926
727 925
1498 925
597 928
609 927
1393 926
1484 927
761 929
1353 928
1427 930
1552 931
785 930
814 930
1349 930
484 935
537 934
674 935
689 935
834 933
580 934
1638 934
779 937
379 943
722 943
749 938
703 943
854 942
1248 945
1799 943
683 944
1406 944
1624 947
578 948
844 952
678 952
1281 952
497 956
663 962
734 954
1227 959
1597 955
766 956
800 956
1332 960
463 961
645 965
866 959
1509 961
484 961
611 962
1213 961
1307 960
1472 962
1572 965
560 963
682 965
787 963
1280 962
306 967
723 965
850 967
788 966
1491 967
357 969
558 968
718 973
1443 968
1667 968
232 971
480 970
498 972
515 972
547 971
836 972
1208 975
1394 972
1484 970
1521 970
322 977
672 976
1123 975
1165 974
1286 974
657 978
816 976
1234 977
633 978
470 981
651 984
753 981
852 981
1133 980
1169 982
1399 981
846 982
1519 986
347 987
363 986
453 984
1370 985
1676 992
1055 986
1117 987
499 989
535 988
678 990
810 989
1432 990
1477 990
1545 991
1627 989
78 990
431 990
533 990
716 990
762 991
1064 995
1069 990
549 994
643 994
825 995
857 996
1097 995
1136 995
1365 994
1559 1001
119 998
1087 996
1091 1000
1202 1008
1255 997
1275 1001
1395 997
451 998
1045 998
1226 998
1442 999
1784 1042
536 1001
758 1001
864 1001
469 1002
695 1003
1079 1002
1134 1007
1485 1015
515 1004
653 1012
702 1004
847 1007
865 1010
1117 1006
1230 1007
1353 1006
390 1008
455 1009
516 1008
548 1011
1224 1008
717 1016
976 1011
126 1012
806 1013
1163 1013
1255 1013
1514 1016
1600 1012
498 1016
812 1016
994 1016
304 1017
590 1016
598 1017
739 1017
859 1017
1059 1016
1074 1017
1184 1022
1372 1017
1126 1018
1328 1018
391 1026
475 1023
697 1021
1045 1020
1111 1020
1307 1021
1574 1020
629 1025
758 1024
1008 1023
427 1037
489 1025
527 1030
851 1024
1046 1024
1384 1025
1532 1027
467 1027
608 1028
660 1028
845 1032
864 1026
1011 1028
1054 1029
1130 1026
1247 1027
1402 1030
578 1028
692 1029
805 1028
919 1030
953 1029
1270 1028
497 1031
711 1037
1207 1032
1292 1030
658 1035
1091 1032
1112 1032
1364 1034
1610 1033
1658 1035
1025 1053
1280 1034
486 1037
504 1037
557 1037
1094 1037
1426 1036
1449 1036
1534 1047
541 1039
928 1038
1047 1041
1188 1041
1347 1038
1628 1039
554 1044
673 1041
821 1040
859 1041
870 1041
955 1041
1007 1040
543 1043
1590 1046
277 1049
946 1045
1396 1045
1504 1045
1331 1048
458 1049
531 1048
811 1050
991 1051
1248 1049
1496 1049
539 1052
661 1054
683 1051
707 1050
847 1051
1100 1050
1657 1050
550 1053
694 1056
887 1052
1302 1053
1391 1052
462 1054
817 1054
831 1055
1573 1057
359 1059
378 1056
731 1056
879 1057
1082 1057
1128 1056
1320 1057
1429 1057
384 1058
424 1061
441 1060
519 1059
714 1060
730 1059
1003 1058
1097 1058
1187 1060
1243 1059
594 1061
635 1066
665 1061
917 1065
934 1061
1361 1066
1395 1060
401 1063
1458 1062
850 1073
1378 1069
1626 1064
447 1068
603 1070
781 1070
1323 1067
1391 1067
1475 1080
365 1069
511 1069
533 1069
558 1069
662 1069
810 1069
884 1068
1054 1068
1237 1069
1493 1071
95 1077
491 1072
933 1070
1119 1070
1399 1073
734 1072
1220 1074
1225 1072
544 1076
656 1078
843 1074
924 1075
965 1074
1173 1075
1269 1075
1299 1086
343 1076
557 1077
832 1077
1003 1079
1544 1083
1600 1076
594 1089
688 1083
1197 1081
1384 1081
344 1083
669 1082
904 1084
947 1083
1028 1083
1122 1082
1154 1084
1379 1082
1591 1085
558 1085
708 1090
725 1085
749 1084
1281 1085
1314 1084
1368 1084
1432 1084
470 1087
489 1088
1162 1087
1376 1086
428 1089
1068 1090
68 1090
650 1092
722 1090
967 1096
1020 1097
1343 1090
1423 1094
285 1095
663 1094
692 1092
1213 1097
1360 1101
1733 1092
95 1095
394 1094
888 1097
1046 1099
1084 1094
757 1098
666 1099
979 1102
1110 1098
1126 1106
1136 1099
1280 1098
1326 1099
1374 1099
1398 1098
507 1101
678 1101
849 1103
451 1103
528 1103
582 1102
1803 1103
464 1105
504 1105
557 1104
702 1107
1305 1104
1314 1108
1330 1107
1464 1112
429 1108
637 1106
684 1107
716 1107
994 1121
1070 1107
1196 1106
1390 1107
1419 1114
919 1108
602 1111
840 1111
1167 1110
1372 1110
460 1114
486 1112
967 1115
1025 1114
1048 1114
1250 1113
1290 1113
483 1115
671 1115
938 1115
1233 1115
1346 1115
1619 1114
287 1116
362 1117
519 1122
705 1117
878 1118
916 1116
1033 1122
1258 1116
1301 1116
477 1118
768 1119
791 1120
821 1119
1533 1125
1815 1124
832 1121
1635 1120
267 1122
417 1124
685 1125
1111 1124
1788 1123
638 1126
661 1129
716 1124
818 1127
903 1127
1068 1125
1184 1124
1197 1125
1252 1124
1281 1124
1294 1125
390 1129
550 1126
1402 1128
133 1128
319 1134
736 1129
799 1128
1173 1128
1424 1130
1019 1130
1601 1132
727 1132
756 1132
838 1133
1015 1132
1398 1133
1462 1135
401 1135
494 1134
812 1134
952 1135
1153 1134
1656 1135
676 1137
1006 1136
1126 1136
1140 1138
1322 1137
377 1138
628 1139
647 1139
765 1139
941 1139
1152 1138
1219 1141
1377 1139
648 1142
964 1141
1654 1141
1743 1141
578 1144
1209 1150
1416 1143
1454 1144
1780 1144
469 1145
489 1144
695 1144
961 1146
1115 1144
1326 1145
1357 1144
393 1148
684 1146
1191 1148
1340 1159
1366 1146
1383 1150
1722 1147
471 1149
531 1149
678 1149
701 1151
952 1153
1225 1149
1282 1149
567 1156
713 1151
1309 1151
272 1152
552 1153
676 1152
691 1152
732 1153
1090 1152
1570 1153
488 1155
613 1156
636 1155
654 1156
675 1154
741 1157
753 1155
1106 1159
1134 1154
1645 1155
1228 1156
1490 1156
419 1159
496 1158
602 1159
689 1159
717 1159
940 1162
1199 1158
1243 1164
474 1168
508 1161
662 1163
723 1167
756 1160
401 1163
492 1165
746 1165
886 1165
908 1166
976 1165
1232 1164
1268 1165
1321 1165
1367 1167
400 1166
546 1167
642 1167
698 1166
949 1168
1183 1167
1282 1167
1302 1166
1696 1174
435 1168
588 1170
1390 1177
1750 1173
1792 1178
682 1170
933 1171
1158 1170
1311 1170
1465 1170
1610 1170
995 1177
1048 1173
555 1175
625 1174
650 1174
935 1183
1193 1175
1238 1177
1319 1181
1331 1174
1449 1176
631 1177
827 1176
921 1177
1494 1177
327 1178
607 1179
761 1179
852 1179
1118 1178
1736 1180
494 1182
566 1180
1268 1181
1410 1180
637 1189
980 1194
1482 1183
1578 1186
563 1185
647 1184
1036 1185
1235 1185
550 1186
961 1187
1257 1187
1402 1187
1451 1190
1498 1188
1523 1190
1564 1186
1659 1186
1728 1188
1820 1193
461 1188
485 1189
606 1188
656 1188
703 1188
791 1190
1185 1188
1342 1189
73 1192
573 1191
729 1190
925 1190
1126 1190
1281 1191
1303 1191
1336 1192
414 1193
539 1193
620 1194
853 1193
903 1195
1090 1195
1137 1195
1210 1196
1378 1207
1399 1200
1707 1195
233 1198
496 1196
542 1196
1033 1197
1383 1197
1711 1198
576 1198
953 1199
997 1198
1333 1198
1429 1199
1675 1199
317 1200
667 1203
959 1201
1276 1200
56 1202
649 1204
699 1202
912 1202
1004 1203
1167 1202
1487 1209
1532 1209
1207 1208
1323 1204
1585 1204
434 1207
525 1207
569 1206
908 1208
1022 1207
1262 1207
1288 1207
1417 1207
648 1209
1142 1209
1256 1210
1309 1209
1338 1208
575 1210
621 1213
860 1215
898 1221
930 1210
1124 1210
1230 1219
1772 1214
448 1213
874 1213
959 1213
983 1212
1019 1213
1102 1214
1141 1212
1174 1213
1302 1213
687 1214
1438 1215
1565 1214
641 1221
913 1221
169 1218
371 1219
438 1218
477 1218
712 1218
800 1219
936 1218
1064 1219
1159 1223
1359 1218
1431 1223
414 1221
482 1221
828 1220
924 1220
1008 1221
1094 1220
1556 1223
354 1225
565 1225
799 1222
931 1222
941 1223
975 1225
1084 1225
1510 1226
1585 1222
458 1225
515 1225
701 1226
761 1226
820 1226
832 1225
879 1226
1352 1226
1471 1226
1706 1226
1029 1226
