920 616
492 1
646 84
846 68
975 0
1120 14
1329 3
962 9
773 9
612 21
692 24
752 14
900 28
1271 17
976 18
1174 25
960 26
1017 32
1154 33
482 36
64 61
596 38
598 39
964 38
1245 40
1001 45
685 48
937 69
971 48
990 49
324 54
735 63
326 58
708 61
710 69
988 68
954 69
956 68
1228 76
602 74
619 76
684 75
355 90
1195 83
1008 100
729 92
959 86
753 91
542 92
683 103
533 109
951 100
69 106
520 110
984 109
1139 105
707 107
1041 107
712 117
1147 111
864 113
922 113
330 116
910 118
1153 114
360 138
941 117
331 122
1024 121
1133 122
928 120
1027 126
599 128
783 136
984 127
333 143
1033 131
525 134
948 131
462 134
941 139
1139 140
1168 137
502 141
535 141
715 143
834 156
977 146
911 154
992 143
1126 144
955 154
989 145
1233 146
530 172
885 148
1059 166
1205 149
876 155
944 155
776 172
363 170
1267 164
573 165
1151 166
336 173
1035 176
1215 169
626 171
881 188
919 171
962 170
711 175
477 176
920 210
732 188
1105 181
34 178
512 180
538 180
660 178
693 185
945 184
987 179
644 184
1214 186
961 191
989 195
1005 196
1222 192
708 199
338 201
783 208
816 225
836 202
968 200
1054 213
1110 202
366 203
988 202
691 211
1191 208
301 211
474 211
752 214
1002 211
405 214
650 215
668 215
1020 215
1219 222
863 221
984 219
941 223
983 222
1022 224
612 226
979 232
1037 229
685 241
882 275
1077 233
706 238
1202 240
779 242
617 244
1110 244
550 246
763 244
1170 246
935 252
982 258
1034 249
700 250
433 259
1145 257
417 259
1026 259
1055 278
567 263
779 265
859 276
920 278
955 266
1105 267
837 282
826 271
1213 275
675 277
1161 274
1076 278
948 335
1193 283
1089 286
805 299
1025 311
1074 289
1120 289
1174 291
1205 294
661 293
1221 299
506 301
986 313
1003 309
1186 305
747 349
1202 313
680 315
1190 320
619 330
658 330
1047 321
1260 322
645 324
672 325
840 380
1222 329
1713 402
800 335
1099 339
1256 342
575 341
917 348
466 348
538 348
1166 347
674 375
1077 352
618 366
982 354
705 362
977 370
1286 369
1695 363
1095 367
1121 366
1143 366
1183 369
861 372
1250 377
990 374
636 377
953 377
1002 379
991 414
1064 381
1075 387
491 384
589 395
809 394
1184 390
691 416
1045 449
938 392
1132 393
773 397
947 399
765 404
1078 402
499 406
1182 411
944 413
1065 413
606 417
1242 420
538 419
1129 422
1205 422
849 433
928 440
1080 440
1096 423
1175 433
794 443
1061 445
1094 445
658 446
643 453
833 456
674 452
1089 455
1105 454
1165 453
707 461
857 475
943 470
651 464
1165 465
457 472
435 469
890 471
1027 469
810 472
904 475
926 476
836 482
1614 479
611 481
811 487
978 488
1075 489
1179 486
1212 489
646 505
1187 491
592 497
695 502
997 503
1162 505
475 501
586 502
894 502
958 501
968 514
554 513
747 509
813 532
1067 541
949 515
1104 509
613 520
775 520
715 521
852 527
989 521
1157 520
656 531
1037 528
1151 527
629 533
893 534
974 532
1093 533
1156 532
1231 534
685 538
984 566
723 537
564 542
584 540
729 547
638 551
751 570
1110 550
672 566
583 558
853 556
1230 556
594 568
622 572
912 569
633 571
885 574
804 597
1153 578
1128 576
644 583
768 597
1045 583
895 615
949 585
695 595
956 589
1087 589
612 592
836 621
931 597
957 601
558 607
1050 609
971 610
950 618
1174 611
695 620
578 615
597 615
644 621
1201 619
1155 618
897 621
617 623
559 625
756 650
1040 625
1031 629
590 631
898 630
942 675
915 632
335 636
1027 636
543 637
993 636
570 640
621 641
658 643
856 642
713 646
971 653
1063 647
1047 649
822 654
796 656
731 660
1140 660
867 659
644 671
864 664
987 670
1044 665
1137 665
741 666
931 769
837 681
861 669
1013 670
1199 674
1056 681
1129 680
414 682
1085 684
625 686
815 687
1203 688
900 688
1037 694
808 696
916 693
1054 695
829 697
1170 698
862 703
1052 699
893 702
1050 701
564 703
876 702
844 716
810 708
855 711
972 724
364 717
825 719
928 719
942 719
824 721
582 727
214 728
830 730
813 735
934 736
568 736
599 743
537 752
937 750
912 752
608 752
911 757
691 771
575 771
678 783
608 788
671 789
1220 792
1464 796
1119 799
706 806
636 810
386 808
607 813
541 812
555 811
392 813
1088 816
734 819
646 832
669 831
704 830
786 841
1183 830
1038 839
838 840
1048 840
844 843
565 847
738 855
639 858
1081 854
1110 856
832 860
879 862
755 868
782 871
800 862
1039 862
818 869
1104 865
566 866
581 868
664 867
910 885
1201 866
1501 867
1175 868
619 877
964 877
368 878
1120 876
664 886
593 886
706 910
774 886
875 888
1114 884
608 886
996 891
1056 895
854 899
1074 897
568 900
814 902
464 902
892 902
1066 902
788 910
917 912
593 914
999 913
873 914
622 920
290 918
318 919
568 919
774 924
821 921
887 921
1078 923
1164 923
505 925
1146 927
666 932
762 934
846 934
698 939
517 943
644 957
896 942
89 943
738 944
920 946
415 946
700 950
147 948
869 949
452 950
608 954
926 958
161 957
386 957
550 966
1025 957
1537 957
830 959
105 963
581 965
933 967
330 969
406 969
606 969
824 970
435 972
395 972
588 974
1049 974
236 975
524 974
982 974
1125 975
660 977
713 989
943 979
695 982
862 983
332 984
423 984
791 984
286 986
526 986
619 997
756 1000
1201 987
390 989
326 991
500 991
514 990
668 994
60 992
643 992
885 993
980 994
982 995
108 996
951 1002
983 1000
1020 998
1055 999
115 1001
1021 1003
244 1003
426 1002
673 1004
400 1004
740 1006
1097 1005
1126 1004
582 1009
789 1008
926 1015
1214 1014
327 1016
363 1018
441 1016
499 1017
903 1016
290 1018
469 1020
604 1018
864 1018
1027 1028
779 1021
733 1023
887 1024
1042 1023
1051 1025
3 1028
245 1026
485 1027
36 1029
297 1029
656 1029
703 1037
1053 1028
111 1031
394 1031
410 1031
1041 1031
1347 1031
857 1043
1105 1033
308 1035
508 1037
779 1035
1145 1035
338 1037
383 1036
35 1039
574 1041
30 1043
388 1041
650 1047
319 1046
634 1043
20 1047
218 1046
613 1047
823 1048
310 1048
664 1049
791 1048
1031 1049
1061 1048
415 1051
928 1050
70 1056
103 1055
402 1055
637 1054
340 1057
598 1060
877 1061
1807 1056
520 1062
8 1061
367 1064
413 1061
822 1062
715 1062
193 1064
313 1066
420 1065
173 1066
644 1066
701 1072
901 1067
166 1069
186 1069
492 1069
643 1068
453 1070
566 1072
1418 1071
486 1073
529 1072
230 1075
253 1077
543 1077
583 1078
778 1079
1431 1076
90 1078
147 1079
224 1079
657 1079
77 1080
219 1081
53 1083
76 1082
298 1083
364 1083
450 1083
561 1082
693 1088
745 1086
772 1087
66 1087
312 1090
467 1085
609 1085
953 1087
287 1089
323 1089
1363 1091
1481 1091
571 1092
57 1095
770 1095
1114 1094
1116 1100
239 1098
371 1099
672 1101
797 1100
1047 1099
23 1101
862 1100
530 1102
626 1112
724 1112
1023 1105
1040 1105
226 1106
566 1107
580 1107
334 1108
1229 1109
524 1114
1391 1111
56 1112
429 1112
680 1114
123 1115
95 1120
263 1119
551 1122
667 1119
416 1121
230 1123
272 1123
320 1124
1483 1123
364 1124
473 1125
347 1127
545 1130
1000 1126
1697 1130
736 1134
306 1130
428 1131
438 1134
475 1135
60 1137
181 1136
291 1137
374 1137
445 1136
799 1137
942 1137
1140 1137
1340 1139
1463 1138
33 1141
71 1141
695 1141
1066 1140
307 1142
405 1143
621 1142
673 1143
1242 1148
779 1144
811 1152
884 1145
1690 1144
116 1153
128 1147
187 1146
390 1147
638 1147
1469 1147
83 1148
509 1149
341 1151
400 1152
735 1155
269 1156
418 1157
575 1158
41 1158
52 1158
504 1158
554 1158
744 1158
1503 1158
1827 1158
408 1160
467 1161
304 1162
611 1165
1703 1162
186 1164
451 1165
249 1168
261 1167
564 1167
837 1168
912 1166
1456 1167
1630 1167
12 1169
192 1171
819 1171
6 1170
481 1170
696 1170
241 1174
523 1173
1463 1173
1542 1173
341 1175
453 1174
1610 1175
604 1177
1703 1176
402 1179
802 1179
20 1182
519 1181
1024 1180
1248 1181
355 1182
1044 1183
76 1184
463 1185
1205 1184
1487 1188
1040 1188
418 1191
627 1191
647 1190
1614 1190
1665 1191
214 1194
523 1194
926 1195
1010 1196
275 1199
389 1200
421 1201
599 1199
850 1200
1536 1199
3 1202
468 1201
713 1201
776 1200
685 1202
1135 1203
43 1206
354 1209
516 1209
368 1210
427 1211
1243 1211
1354 1211
46 1215
348 1215
419 1215
462 1214
690 1215
396 1216
1438 1217
762 1218
328 1221
332 1220
406 1220
360 1222
1055 1224
63 1226
552 1226
1389 1226
1605 1225
295 1226
441 1227
1298 1227
1526 1226
