910 620
59 14
479 7
509 3
546 5
568 3
608 9
751 2
978 9
1030 5
1110 2
1144 27
1221 17
1475 0
1795 10
795 17
1289 30
1071 18
1107 36
989 29
225 43
1315 39
926 48
1174 57
806 53
1119 65
1287 57
1029 65
439 72
780 64
845 72
1014 69
965 74
678 74
1073 74
1092 76
1184 94
745 89
75 100
938 91
561 137
952 100
1023 98
1838 102
1454 121
918 104
1158 111
903 107
1046 108
738 108
1084 110
1324 121
440 120
1341 112
1807 160
1714 173
966 133
1099 149
1034 123
715 135
1517 159
793 133
1646 145
85 136
841 138
460 137
438 177
770 150
1012 159
114 179
1165 217
680 179
940 184
754 173
816 169
289 187
529 170
900 175
1042 178
1431 202
729 182
1649 188
528 204
957 190
609 213
1033 196
1462 223
48 200
1233 214
578 209
1836 205
705 213
663 215
1745 217
1086 218
1770 244
943 220
1057 222
1607 232
992 239
918 249
1216 236
1300 248
1667 232
1538 246
676 239
1100 240
1248 247
642 270
954 249
1018 248
547 261
1114 250
79 268
708 254
1033 252
748 279
325 273
255 317
1040 260
217 271
943 268
885 265
1132 272
425 270
999 266
567 269
961 273
1054 273
1020 272
914 278
817 287
301 284
837 279
525 342
584 289
1084 325
225 289
937 287
1238 296
1360 314
194 293
844 293
979 316
1486 297
165 307
569 295
1628 326
1116 305
1221 308
331 306
562 315
1233 309
656 313
723 314
864 311
838 316
1112 321
231 318
855 318
1029 321
1803 338
1020 331
1269 349
773 345
1243 334
398 347
622 342
462 359
814 349
1658 364
92 355
1544 355
971 353
1056 357
641 356
1463 361
1015 359
802 362
442 362
613 367
426 370
870 369
796 372
935 371
1340 403
1538 371
1822 372
887 382
64 379
941 379
1612 381
1736 401
741 393
170 396
662 386
1003 413
18 398
825 396
355 407
778 391
963 390
1134 405
73 397
563 414
713 393
725 393
942 395
1049 442
386 398
1536 404
1626 395
470 397
590 396
706 405
849 397
1616 410
875 407
760 400
1073 400
784 402
803 423
1212 405
1695 415
1791 416
764 407
853 410
1070 408
751 409
969 411
478 410
757 417
829 415
1407 415
770 417
1072 416
1285 416
964 419
1588 420
1597 418
532 420
1569 420
502 434
465 424
668 440
824 426
1381 424
162 427
778 426
870 427
891 435
117 438
249 436
368 433
933 428
685 430
1586 431
468 433
831 433
969 436
1201 435
1172 443
1374 439
297 440
1010 442
1355 441
1498 442
1672 447
440 451
453 442
989 442
1094 487
1547 466
834 446
1722 454
1806 444
1814 446
793 450
1270 476
730 452
917 453
456 455
1444 454
169 456
391 457
736 457
993 493
1693 465
462 459
503 460
848 462
142 463
314 462
519 471
606 467
543 467
874 465
1186 467
186 472
869 469
1456 466
288 471
439 468
942 469
1235 481
830 471
248 473
449 472
1457 473
70 475
251 476
813 478
264 478
418 479
441 478
470 479
787 481
799 481
1604 520
234 484
421 484
694 489
424 487
719 501
1203 487
617 488
969 490
1395 488
1061 497
1448 491
541 496
584 509
1396 493
325 494
658 497
911 499
1025 499
1190 501
1557 500
659 502
752 503
1273 505
452 511
285 523
409 514
651 510
842 517
1019 530
154 523
865 515
1715 517
1790 527
879 522
1070 521
1651 526
244 524
368 550
426 536
675 524
920 525
930 525
1238 538
260 539
502 533
678 527
802 537
1440 527
1454 529
963 534
1138 530
1140 531
987 533
309 538
842 536
703 539
1050 537
1068 536
1332 537
1684 553
1492 546
553 547
992 543
1185 543
1808 564
333 572
1084 549
89 550
593 552
673 556
1289 552
172 554
893 555
174 562
494 561
1001 556
1069 556
1409 557
1646 563
1449 616
397 561
537 566
817 580
1161 562
1230 561
743 565
885 583
617 565
1066 572
1582 570
856 585
992 576
1728 571
486 568
970 568
1051 568
1620 568
1285 570
1608 576
548 585
1079 574
1202 575
1377 574
944 577
1167 579
1207 577
765 591
153 581
163 581
1058 585
1372 580
1483 583
1504 588
903 584
1023 586
1675 599
290 594
695 590
905 591
1014 591
1353 590
403 590
741 591
962 590
1180 592
729 597
873 596
913 596
1163 599
715 600
1030 599
1541 598
1723 612
317 613
493 609
166 603
170 604
734 605
1291 604
1395 608
1624 606
735 609
761 610
890 608
961 612
994 608
1341 609
1548 609
531 617
633 611
822 613
422 614
554 616
914 615
1113 615
1239 613
873 614
1133 634
1230 614
1420 615
219 616
369 617
1158 616
1281 616
737 618
842 834
1154 619
1156 618
1110 621
1541 621
1150 623
1301 644
982 624
216 637
1765 647
498 661
676 636
997 635
1342 631
1601 636
1713 633
622 634
1551 635
1088 643
1179 639
361 638
977 641
1516 640
1471 643
1561 642
1833 644
1480 645
710 647
1223 647
1342 656
1609 652
890 651
1511 657
394 650
732 652
937 652
1071 677
625 665
1216 656
1239 657
1651 660
275 661
1035 661
1426 659
356 661
908 660
1430 661
1677 682
1049 664
1151 662
1470 662
1481 663
268 666
537 671
870 671
1386 670
907 673
345 674
550 678
429 681
813 679
701 683
743 682
1132 680
1364 681
1396 681
634 683
1823 700
76 691
282 690
654 685
1144 684
1284 690
408 691
603 687
1318 687
843 693
887 688
1039 689
1087 690
1109 689
731 691
1200 693
333 695
821 697
1495 697
1536 716
32 697
476 696
1308 697
90 699
717 698
1167 699
1235 699
1587 701
145 701
739 703
333 705
585 705
828 707
1181 705
1287 705
509 717
973 707
1178 707
1142 710
1356 709
851 711
1259 711
142 712
1295 733
246 732
409 717
448 727
584 717
902 717
1559 716
1563 717
564 723
658 719
684 719
85 723
162 720
1340 723
422 722
594 722
135 725
889 726
1491 728
290 727
923 727
1036 729
1049 727
1021 728
1102 729
1325 728
1805 728
554 733
858 732
875 731
921 731
1594 737
1797 732
907 734
1076 732
1178 746
1217 736
1233 743
411 741
1212 741
1555 748
1087 744
1374 744
624 746
1039 747
1155 747
1402 747
1470 750
1532 747
770 749
1085 749
1328 749
1348 748
1381 749
605 750
1074 756
931 756
1108 769
1504 768
919 758
1283 758
1389 759
30 763
426 762
570 760
914 761
1398 762
1581 767
121 763
520 772
1605 777
101 764
1286 765
881 766
1167 766
37 769
435 768
1052 769
1409 769
1771 776
1302 771
1541 770
635 772
1279 772
1720 779
317 783
371 781
1067 774
1073 775
1380 775
413 779
1089 777
1167 776
1325 777
1386 782
1149 778
488 783
1062 780
108 782
537 789
1170 783
1354 783
244 785
420 788
1230 785
105 787
385 791
437 793
853 791
1091 788
1193 788
1210 788
1318 789
148 795
1290 791
1741 804
558 801
883 794
1105 793
1124 793
1623 803
1774 793
403 795
585 801
1052 795
1041 797
1435 796
300 799
1169 798
1197 799
1496 799
465 801
1315 801
72 803
445 804
831 802
1150 803
1247 802
1170 805
1249 805
1378 815
272 816
843 807
1490 810
1060 808
1093 810
1267 818
91 810
43 814
1190 831
372 818
1032 815
1692 826
100 816
875 816
1413 817
1629 819
1037 820
1140 821
1093 823
1526 839
832 830
1152 827
1348 828
1102 829
1478 829
453 832
1356 831
1604 835
1142 833
1369 832
1625 835
34 835
227 845
324 835
1092 835
1247 836
1494 856
516 857
563 840
782 836
1263 837
1279 836
1393 836
459 842
1070 838
590 842
1217 841
1304 845
71 843
1585 842
1678 845
29 847
1099 849
1215 847
1047 856
347 851
1273 851
1743 852
33 854
1020 854
1242 854
1689 862
1023 859
1170 859
1246 856
1205 870
1352 862
1361 858
1524 862
1620 872
1133 862
1231 860
1300 861
1442 860
86 862
174 870
344 862
1095 863
1155 863
1284 874
22 864
192 865
1083 864
1258 864
1074 870
1103 866
1260 867
1310 866
96 869
1360 869
567 874
1058 873
1165 873
1678 876
156 875
1049 875
1406 881
1424 874
379 877
1164 877
1471 876
1345 879
1120 881
1268 880
1487 882
58 890
399 891
432 883
499 885
1104 895
1154 888
1354 889
1139 897
1207 890
1277 890
1352 891
1710 899
1433 906
1467 897
22 900
371 900
1196 901
1596 904
319 903
1057 904
1194 905
568 914
1173 915
1345 928
1625 910
415 912
19 911
928 916
1134 912
1381 912
703 916
1061 915
1379 914
1396 918
1562 924
70 919
78 920
504 920
482 924
1146 930
1311 933
297 926
584 926
1205 926
582 928
612 933
815 929
948 936
1072 930
1831 933
472 935
706 936
1089 934
924 943
1327 937
855 939
1651 952
399 941
1006 941
15 943
266 946
464 947
1038 947
1208 945
1720 951
371 949
989 947
1168 947
1386 958
1602 960
241 950
267 949
303 949
1024 948
1322 949
301 950
772 952
273 954
511 959
530 954
1190 970
104 958
482 956
910 956
41 959
320 960
383 958
763 958
837 958
956 959
1027 958
1267 958
244 960
345 960
851 962
822 962
985 963
1078 962
1134 967
1464 964
261 967
770 966
349 966
403 966
574 966
686 967
131 968
958 968
1214 969
1820 969
25 970
967 973
1412 972
1555 972
237 975
1359 975
1417 976
1554 975
1441 976
1780 977
32 979
1024 978
1494 979
404 985
1297 981
350 983
457 983
454 985
1107 989
911 992
1315 988
158 989
652 988
1578 989
1461 1000
1665 991
274 992
815 993
1211 993
1380 996
1418 1002
963 999
113 998
531 1004
1493 1001
1038 1005
1101 1002
1530 1024
477 1005
708 1005
1195 1005
1644 1008
493 1006
1173 1009
1373 1006
1444 1007
619 1011
668 1010
1080 1009
1441 1008
906 1017
1157 1013
1189 1019
811 1014
1082 1014
566 1017
713 1017
871 1023
1116 1027
1252 1016
1311 1017
522 1028
598 1018
949 1019
221 1021
245 1020
1204 1021
1277 1020
1283 1022
215 1029
15 1026
463 1028
847 1027
944 1032
1088 1027
1435 1031
1330 1032
1494 1030
645 1031
1402 1034
33 1032
978 1040
924 1036
1278 1035
1197 1037
1296 1037
325 1039
564 1039
1147 1044
1358 1042
1183 1056
1622 1041
614 1050
1126 1044
1618 1045
217 1047
251 1051
562 1046
1370 1047
82 1049
95 1049
207 1048
36 1050
542 1052
715 1056
978 1053
1097 1055
1704 1052
567 1057
839 1055
1383 1054
1468 1058
1624 1054
130 1057
1282 1056
87 1058
967 1062
1402 1058
852 1060
990 1061
1074 1061
1566 1061
404 1065
1480 1063
522 1064
1328 1069
1505 1064
58 1067
61 1069
204 1069
1294 1068
1628 1073
95 1074
1386 1070
154 1073
1305 1072
1543 1073
653 1075
694 1078
202 1077
434 1077
937 1083
1050 1076
1286 1086
1314 1083
1815 1077
785 1081
897 1080
1184 1080
1232 1082
170 1084
360 1085
426 1087
557 1086
1022 1090
38 1088
829 1088
1439 1089
420 1091
966 1093
1508 1095
1557 1097
276 1092
1357 1098
521 1094
596 1096
1184 1095
380 1096
520 1097
357 1099
661 1100
958 1103
1433 1098
119 1101
299 1106
533 1102
1275 1102
1159 1106
1615 1111
911 1107
1319 1106
1756 1106
161 1109
542 1108
592 1109
1080 1109
14 1112
921 1115
383 1115
406 1113
895 1113
526 1115
874 1114
1246 1114
1513 1115
985 1116
1244 1116
1553 1119
322 1120
970 1118
1187 1118
408 1122
491 1121
528 1120
636 1124
1109 1127
1494 1122
347 1124
1031 1125
1449 1125
1404 1128
144 1129
173 1128
184 1129
303 1131
690 1131
1199 1130
1416 1132
162 1132
315 1133
827 1133
948 1133
1511 1132
478 1136
519 1134
740 1137
1221 1134
1488 1134
339 1136
605 1138
288 1140
1476 1145
487 1142
615 1142
45 1144
650 1149
1045 1145
1189 1144
498 1146
26 1149
259 1148
546 1148
31 1151
561 1151
696 1151
744 1151
771 1154
1014 1150
1339 1152
782 1154
944 1158
537 1155
1105 1154
1125 1154
676 1157
913 1157
1131 1160
525 1158
59 1160
409 1161
517 1166
1512 1160
223 1162
747 1163
1211 1163
1604 1164
9 1168
856 1175
1091 1170
173 1170
1409 1168
1523 1168
7 1170
95 1170
255 1173
1388 1172
407 1174
1342 1175
1309 1177
298 1178
552 1178
963 1179
405 1181
1072 1181
69 1183
223 1182
1045 1184
506 1187
628 1186
1172 1186
165 1190
204 1188
331 1189
535 1196
673 1188
432 1190
675 1191
975 1192
1335 1190
661 1193
956 1193
1333 1193
1365 1192
244 1196
347 1198
946 1197
1312 1199
1829 1198
1033 1201
1172 1201
486 1203
1018 1203
1341 1204
1133 1207
1356 1206
1484 1206
1632 1206
875 1209
847 1211
151 1213
412 1214
573 1212
1461 1212
1593 1215
632 1217
386 1219
1544 1218
586 1221
605 1224
67 1225
960 1225
444 1226
972 1226
1092 1225
1314 1226
46 1226
167 1227
