923 618
41 3
674 8
735 14
759 64
893 8
933 1
972 10
1015 2
1053 9
1209 2
1272 20
1362 16
1458 34
1769 1
804 12
1605 34
632 17
555 24
932 65
385 23
187 26
663 24
317 40
879 35
1114 37
1317 67
839 68
856 37
466 44
1015 41
1054 47
1146 58
997 43
1378 61
396 56
1540 63
570 48
971 50
58 59
566 50
629 66
357 76
291 74
690 63
894 83
1017 71
1246 77
8 96
594 91
671 89
1514 78
1600 92
194 83
1446 79
987 83
870 87
497 103
998 109
955 94
972 94
1220 110
1413 112
85 97
770 98
717 131
1052 118
79 109
457 110
1274 144
684 112
852 137
1329 111
630 112
654 127
892 122
871 130
999 130
818 150
385 142
926 140
1384 135
329 155
1375 138
1414 157
77 141
887 149
770 147
793 152
1019 149
408 172
1150 167
660 161
108 158
168 166
937 165
1030 159
459 172
1323 164
970 166
493 172
771 175
10 181
1044 175
1001 183
882 180
1300 179
755 179
339 187
583 187
656 192
898 204
1249 190
912 190
861 191
1362 200
200 193
41 204
626 195
372 219
713 212
1021 200
89 199
70 254
221 205
1294 213
522 212
684 208
768 228
946 206
191 211
972 211
1010 212
407 221
301 218
1487 224
18 217
269 229
33 219
88 218
1047 219
679 225
1130 227
952 227
102 224
654 230
825 229
146 230
452 238
1077 232
1286 230
111 232
553 237
969 236
1326 287
666 239
835 255
25 240
227 240
1032 245
6 243
168 243
1148 242
955 246
9 250
161 246
1192 269
882 253
1041 253
103 255
196 266
409 255
1015 255
29 257
153 257
1088 261
216 258
454 270
692 258
381 279
973 263
161 263
428 267
947 263
1270 265
613 270
151 268
897 281
117 271
143 278
995 272
1217 292
160 276
690 277
862 289
1006 303
935 304
1151 296
156 284
169 284
176 285
974 292
26 294
771 297
133 293
161 291
253 296
414 298
648 303
107 294
918 296
1089 303
120 300
90 302
317 304
459 309
794 329
1175 311
34 307
141 306
845 313
895 308
1806 344
59 309
103 314
572 321
669 312
823 311
57 325
82 319
974 317
132 321
1463 320
38 350
405 321
115 319
148 319
866 324
729 321
1105 322
1 324
947 329
90 329
678 333
193 345
629 342
735 351
81 336
558 347
1286 348
64 339
229 347
834 344
1260 341
1401 348
1468 343
169 347
863 368
930 343
949 343
1 344
149 345
307 353
675 363
1013 347
1361 352
6 349
461 354
968 350
90 351
1113 360
84 354
331 354
761 356
946 358
0 356
501 360
911 358
986 357
76 360
994 365
97 364
402 373
1277 367
432 366
486 370
1367 366
8 370
839 369
1369 388
264 377
963 375
1032 375
836 386
921 388
1016 375
1346 387
348 384
736 378
1328 377
1438 394
34 378
948 380
1777 379
1784 378
312 384
421 384
718 381
818 381
884 382
938 401
19 383
805 386
703 390
1014 388
1302 388
249 388
721 410
1014 399
1265 409
1541 401
2 392
820 392
1109 392
1749 395
830 397
894 403
961 421
40 401
816 407
408 403
667 402
856 423
178 408
1150 426
2 407
775 412
883 407
1036 406
346 413
888 412
67 410
801 414
876 412
1368 424
88 414
1815 415
753 427
841 419
470 441
877 421
915 420
1453 436
782 425
895 432
314 440
837 426
1240 448
633 429
790 430
817 437
21 432
195 433
793 439
975 438
773 434
869 435
1214 441
777 436
832 437
1006 439
1024 438
1407 447
733 457
914 442
82 443
433 447
766 442
1069 443
1195 448
406 450
842 458
279 453
920 446
968 452
996 452
682 459
803 450
634 453
906 454
1352 463
509 458
895 456
199 460
961 459
0 461
1016 464
99 472
1203 469
819 468
1398 473
780 484
893 474
879 471
1144 483
461 473
588 476
545 474
812 481
938 488
397 484
477 490
800 478
672 482
752 491
984 485
550 490
863 485
1418 495
663 494
684 492
1348 500
189 503
842 494
1024 496
93 513
645 496
816 496
894 501
819 502
832 503
931 513
418 510
1006 516
847 508
1191 516
529 510
734 513
837 510
1252 512
18 514
1218 521
1359 535
719 520
833 517
1165 521
1034 519
156 520
947 521
793 524
841 522
1432 529
1239 533
433 531
459 529
769 539
1023 527
328 528
355 532
985 528
1412 535
288 533
630 542
725 531
873 532
1277 544
543 535
701 547
798 536
830 537
860 535
76 541
317 537
669 540
924 537
257 540
294 548
879 541
45 543
738 543
834 550
938 570
959 544
981 543
344 546
1213 554
1555 546
390 555
921 554
105 560
418 560
473 561
740 556
814 555
523 561
546 556
1006 560
670 559
890 559
1145 570
804 566
960 563
981 563
122 562
642 565
748 564
882 565
905 576
127 564
679 564
778 572
223 574
1253 588
423 576
1438 580
493 583
864 606
969 577
316 582
721 579
13 581
1212 582
1321 592
207 583
1011 583
110 584
461 586
106 587
412 587
146 590
799 595
959 593
976 592
1181 605
396 606
469 597
1002 596
673 599
822 606
1224 610
341 604
912 617
1017 602
306 605
473 603
694 616
1284 609
1157 608
150 607
356 610
766 610
1425 611
111 615
84 613
148 610
778 611
834 614
996 610
531 616
958 617
976 614
1056 620
1164 628
474 625
719 619
776 618
641 620
979 621
966 622
1255 637
787 624
1310 637
442 632
967 627
185 629
759 629
976 629
169 631
762 631
102 633
678 639
1118 632
1145 638
898 637
738 638
84 640
147 647
506 643
712 651
971 642
808 650
932 645
1100 645
1411 651
265 650
755 647
968 648
43 648
162 648
192 652
569 650
783 650
1564 649
105 650
474 655
626 651
999 654
56 652
340 654
693 657
875 673
35 658
110 657
429 663
522 657
1459 664
388 660
791 661
1181 670
1201 662
1496 666
447 660
160 678
931 679
1264 668
417 665
907 666
1040 677
615 667
980 667
219 668
133 670
186 670
372 670
497 670
734 686
991 670
1230 671
173 672
301 675
516 672
536 673
0 676
193 674
381 684
486 679
998 681
1148 692
1240 675
426 680
782 684
1080 687
832 679
68 689
402 681
672 684
978 683
1212 703
44 690
137 691
822 684
900 688
208 687
402 694
680 691
572 690
913 692
236 702
496 692
1424 712
808 695
442 698
760 714
823 696
884 699
1392 700
721 736
54 701
682 700
970 703
485 705
723 703
86 707
850 705
996 705
1186 708
25 708
263 710
333 710
356 709
828 709
978 709
440 714
605 711
906 712
1024 710
417 712
557 713
857 713
360 715
520 717
553 715
959 717
1326 722
477 717
889 766
920 716
1651 716
49 719
432 727
942 721
394 722
804 721
313 724
346 726
547 727
965 722
493 724
808 726
1113 734
299 726
362 727
462 727
507 730
649 726
925 728
976 726
994 727
85 729
366 728
607 729
858 729
909 728
970 729
1364 732
1089 735
92 732
123 734
764 732
1191 737
264 737
408 737
669 736
985 736
36 738
262 739
401 753
588 741
321 744
428 744
939 741
1139 749
1504 742
190 743
768 752
972 743
2 745
298 754
564 745
925 745
969 745
1545 745
551 746
938 746
137 750
444 749
687 748
375 751
617 753
957 751
1418 756
1075 756
1203 753
1635 752
116 768
516 756
934 756
18 759
460 757
601 757
852 914
947 766
510 761
790 763
856 760
971 759
1225 769
1365 758
54 766
433 762
474 766
1331 765
1572 760
283 763
459 762
700 763
772 765
280 765
599 765
171 766
832 768
169 769
449 769
411 772
570 772
1108 772
1137 773
158 775
303 775
349 776
1029 777
1353 782
453 779
513 782
575 778
550 780
594 780
640 781
1156 791
21 783
458 783
374 785
415 784
376 786
404 790
1182 791
136 789
933 788
952 789
994 788
1250 789
381 791
557 811
106 792
207 793
300 793
990 793
293 796
262 796
306 796
362 797
483 797
494 801
1189 799
29 801
511 801
927 804
936 800
1429 804
210 802
578 803
820 804
1316 808
1682 802
317 804
646 806
775 806
854 805
839 823
862 808
915 807
945 807
1049 812
1190 817
1386 808
335 809
507 809
736 810
778 808
784 809
902 809
1347 809
185 815
425 811
439 813
456 810
211 812
598 813
787 812
884 813
793 817
88 821
255 825
266 818
334 819
331 821
377 821
418 834
508 833
492 826
529 823
1025 823
326 825
766 832
922 826
1361 829
452 830
655 826
1152 836
104 831
241 829
926 829
617 831
636 830
286 832
568 832
865 845
1269 837
1482 832
1658 832
1677 832
196 837
664 835
127 837
319 837
881 836
354 839
483 839
596 839
659 843
1176 842
527 840
580 841
731 843
907 841
28 843
372 843
812 843
1197 845
1485 845
897 856
1410 846
241 847
798 848
438 849
491 854
747 848
96 850
827 853
79 853
552 857
718 856
773 857
1345 858
179 856
319 856
593 856
1060 855
1296 861
354 858
510 857
568 856
617 857
1231 864
192 860
613 858
820 858
1125 869
344 862
365 862
411 863
422 863
538 863
479 867
498 865
652 864
811 864
74 869
798 868
241 869
289 870
1410 872
30 871
550 871
671 870
735 871
840 873
1056 871
1147 879
27 872
91 874
530 873
761 872
1171 890
265 875
327 875
346 874
592 878
509 876
737 876
859 877
120 879
210 880
494 881
801 880
1095 887
1208 887
551 885
852 882
407 884
456 883
769 884
567 884
1127 885
213 887
631 886
346 889
1577 889
96 890
173 890
247 891
466 890
524 890
605 892
1540 891
77 893
277 892
446 895
802 904
1052 894
1137 896
1419 895
7 897
262 897
497 911
888 896
1117 899
1407 900
1 899
5 898
368 898
103 901
174 900
381 901
661 900
1284 908
247 903
327 903
366 903
696 903
273 905
311 906
428 918
599 909
185 909
617 913
184 911
334 911
347 911
579 916
692 912
1067 912
550 912
406 916
772 916
261 916
354 916
1206 922
152 918
527 919
631 922
678 920
275 921
393 921
1727 921
446 923
598 923
1110 926
359 924
389 925
458 924
1188 932
0 926
121 930
304 926
463 928
13 930
156 938
244 929
343 929
495 930
580 930
1335 929
376 933
550 932
642 931
790 931
1312 935
800 933
195 935
296 938
445 944
490 935
592 935
1162 936
1241 939
415 936
418 948
688 942
84 938
184 938
279 948
475 941
481 940
502 963
1069 942
1150 940
1219 940
270 943
327 943
242 944
470 944
617 945
665 945
77 946
400 948
980 946
1004 951
1159 946
1293 946
1061 953
1202 951
137 951
257 951
541 951
614 957
1403 952
213 952
663 953
1358 955
13 954
120 958
520 957
200 956
468 956
552 957
582 957
693 957
712 962
1095 957
197 959
319 958
557 959
651 959
980 958
1111 960
1136 959
186 962
446 964
639 962
1085 963
86 963
116 963
290 964
533 967
586 965
698 965
478 966
628 967
1124 967
575 969
1232 968
1362 971
945 977
1554 970
243 975
297 975
340 974
393 976
538 978
1063 981
1194 982
1257 982
247 978
702 980
729 985
427 980
454 981
1173 985
440 983
597 983
686 983
349 984
652 986
1395 988
1102 988
259 989
538 989
562 993
571 988
586 988
642 991
459 995
540 993
1036 1000
883 995
1136 994
265 997
384 997
504 997
456 998
299 1001
656 1004
497 1003
909 1002
453 1006
541 1004
726 1005
1212 1011
391 1007
439 1024
522 1009
566 1007
676 1006
872 1007
1193 1012
326 1008
578 1009
922 1009
127 1011
197 1010
318 1010
738 1010
963 1010
6 1012
538 1021
174 1016
456 1020
485 1014
500 1015
514 1015
695 1014
77 1016
468 1017
299 1019
603 1023
914 1019
939 1018
258 1020
326 1024
738 1021
870 1021
1051 1022
252 1023
504 1023
524 1023
702 1023
1227 1023
1263 1027
488 1024
675 1024
988 1025
1172 1027
474 1026
875 1028
454 1028
729 1029
240 1030
342 1030
355 1031
816 1030
470 1032
481 1033
666 1032
1338 1033
31 1034
403 1034
793 1034
905 1038
1138 1035
1208 1035
192 1038
279 1037
429 1038
501 1036
527 1036
747 1038
856 1038
1026 1038
516 1043
867 1042
1118 1042
81 1042
419 1043
499 1048
646 1043
714 1043
881 1042
67 1044
466 1047
752 1047
1098 1045
1536 1044
531 1047
680 1047
824 1046
1164 1057
1732 1046
480 1050
533 1049
841 1049
852 1048
933 1048
965 1048
1393 1052
214 1052
438 1050
462 1051
547 1051
707 1051
787 1051
398 1056
838 1054
1204 1053
693 1054
1119 1057
1547 1054
334 1057
1098 1058
270 1059
448 1060
624 1060
786 1063
197 1060
507 1060
539 1060
680 1060
708 1065
831 1062
1272 1062
193 1062
724 1064
217 1065
486 1066
577 1065
952 1066
968 1065
1220 1068
1373 1067
214 1067
300 1068
363 1067
382 1068
443 1068
748 1067
770 1067
940 1067
56 1069
511 1068
698 1068
957 1068
1059 1070
1087 1068
1408 1068
185 1071
490 1071
631 1070
793 1073
1404 1072
432 1073
534 1074
193 1075
457 1077
718 1075
1010 1074
286 1076
553 1080
684 1081
882 1081
1211 1079
1 1078
92 1083
566 1079
591 1079
1079 1078
1155 1088
1253 1078
1386 1080
151 1081
153 1080
796 1082
844 1081
861 1083
196 1083
612 1083
964 1084
1013 1082
1306 1086
1698 1083
9 1084
133 1084
336 1085
634 1085
782 1084
1095 1085
60 1088
493 1087
705 1087
776 1087
265 1088
329 1091
424 1089
440 1090
592 1088
298 1090
1222 1095
35 1098
175 1092
397 1093
490 1092
1299 1093
1310 1092
678 1094
939 1094
210 1097
527 1097
1293 1097
495 1100
712 1099
977 1099
1077 1102
1143 1105
348 1101
384 1100
652 1101
967 1102
201 1105
460 1104
536 1105
650 1105
1202 1108
513 1107
599 1106
756 1107
839 1107
1043 1109
1277 1108
1299 1107
276 1108
735 1111
1257 1112
1544 1109
514 1110
694 1111
763 1111
1092 1112
1320 1111
107 1112
467 1113
848 1115
1154 1114
1172 1114
1605 1113
346 1115
495 1116
655 1117
834 1115
175 1122
196 1116
329 1117
1053 1116
1424 1116
19 1119
242 1119
522 1121
295 1120
411 1122
427 1121
499 1121
707 1130
334 1122
398 1123
472 1129
582 1124
694 1123
877 1126
1086 1128
1144 1125
303 1125
597 1125
810 1126
842 1125
1187 1133
1460 1125
86 1126
293 1126
734 1127
1034 1127
339 1129
560 1128
1245 1133
1273 1128
1475 1128
1675 1129
164 1131
1015 1131
1302 1132
1405 1130
1605 1131
231 1132
578 1134
644 1133
1065 1133
1222 1152
1264 1138
1400 1132
206 1134
660 1134
800 1134
199 1136
367 1138
626 1139
383 1139
522 1139
525 1138
728 1138
111 1142
242 1143
399 1147
607 1142
1143 1142
790 1142
947 1146
193 1146
621 1144
1050 1145
1370 1145
454 1149
492 1146
1088 1151
1248 1147
230 1151
518 1150
550 1151
1057 1156
89 1151
698 1151
848 1152
213 1152
664 1155
751 1159
811 1162
1271 1161
371 1157
238 1161
521 1159
1182 1161
1245 1158
1825 1159
16 1160
421 1161
459 1160
567 1161
623 1162
640 1160
730 1163
1555 1161
435 1181
1197 1163
1317 1163
1823 1163
866 1164
383 1166
514 1166
719 1166
843 1167
1153 1171
35 1168
77 1169
197 1169
211 1170
323 1170
860 1170
74 1172
1052 1173
1444 1178
283 1178
1090 1177
212 1179
681 1180
1127 1179
137 1182
191 1180
207 1181
380 1181
778 1180
1058 1181
1081 1180
19 1182
504 1182
1289 1184
1338 1185
237 1194
253 1188
848 1186
1177 1186
1238 1186
1300 1191
367 1193
606 1191
667 1196
852 1189
258 1191
771 1190
1428 1190
291 1194
892 1192
1265 1194
572 1196
734 1195
1278 1195
514 1196
1142 1198
1276 1196
461 1203
516 1199
904 1200
231 1200
543 1205
750 1200
978 1200
1185 1200
1206 1202
1342 1201
709 1202
1136 1203
1456 1202
144 1204
597 1204
694 1205
774 1208
1203 1204
1214 1206
1268 1206
857 1206
476 1209
755 1208
332 1213
372 1211
521 1210
537 1210
786 1214
1705 1210
907 1212
1334 1212
1565 1212
1179 1215
1567 1214
66 1217
100 1217
103 1216
129 1222
248 1217
957 1221
1281 1216
1570 1217
943 1218
1170 1219
1251 1218
537 1221
1215 1221
1414 1223
1633 1220
1165 1225
452 1226
749 1226
1108 1226
1245 1226
1373 1225
202 1227
