918 610
422 14
541 0
614 1
662 4
836 0
871 1
923 1
969 11
994 5
1046 11
1077 2
1096 1
1184 0
1211 4
1258 0
1306 2
1411 5
1435 0
1574 33
1644 41
1739 37
785 7
800 21
601 13
1341 25
1426 11
1027 10
670 26
890 17
748 21
988 17
1360 18
531 30
717 25
830 24
686 22
1016 21
1537 23
1826 52
914 28
1069 30
623 33
739 36
1021 28
1050 29
997 46
1281 32
1536 28
1312 31
772 36
867 34
881 33
986 33
1512 36
1534 41
442 58
1247 52
1413 61
964 51
1104 42
573 63
604 58
888 49
1095 56
842 59
1025 58
770 57
1310 73
797 71
913 64
1046 70
1566 71
1592 71
1545 73
499 77
885 77
324 84
1001 81
1804 157
899 92
1033 95
1339 99
1563 84
722 104
1016 88
1219 90
1439 90
1239 93
1401 95
1562 90
1725 90
535 95
859 95
1560 99
1724 95
644 109
786 99
1723 99
979 102
1306 104
1468 101
682 106
957 112
1558 108
838 114
1020 112
1051 121
1079 109
1720 111
768 119
1373 120
1557 114
848 117
1212 120
870 121
1241 129
991 126
669 122
802 122
977 126
603 126
1427 126
1555 124
408 129
699 132
901 130
780 130
1036 134
1168 132
1338 142
434 141
933 134
1454 135
1553 132
1715 132
1714 134
879 139
1713 139
1551 142
1712 141
949 162
793 147
604 152
667 168
1550 146
764 156
930 152
1425 157
451 153
979 153
1376 173
1549 151
876 160
1006 154
347 168
715 162
1043 160
569 165
1004 164
1225 165
1544 176
1706 163
962 168
331 169
383 174
847 169
1305 172
631 192
1180 179
302 179
527 184
1037 179
797 185
1251 178
862 186
1052 186
474 190
764 189
976 184
938 195
1168 190
1302 193
1068 193
1203 191
823 197
1507 193
787 195
1524 199
651 198
1049 198
1552 203
843 201
898 204
1002 198
1405 205
1185 203
580 211
801 209
1072 212
722 211
772 207
1025 207
1030 214
1563 208
1254 222
1310 215
885 222
1730 212
1158 219
1753 214
909 222
993 220
780 225
935 228
958 224
982 225
1429 229
1390 232
1732 225
1002 226
1034 227
1746 227
1048 232
1755 228
829 231
1200 233
641 236
832 235
1176 237
1083 242
414 241
820 245
1029 241
1263 241
1003 244
920 247
872 249
1006 249
1154 256
1255 253
933 254
1017 258
587 257
1231 257
801 260
929 259
982 260
425 268
818 264
864 264
935 280
949 263
1062 289
1213 272
382 273
984 273
1359 277
485 271
1379 275
295 280
587 271
966 272
1019 279
1090 278
857 275
1260 277
1424 282
623 286
970 278
999 283
1191 285
877 283
1273 286
713 286
800 282
812 284
452 287
1037 286
1450 290
354 297
422 292
487 291
439 290
755 294
970 297
878 297
1265 296
1028 304
1288 306
689 303
1133 304
900 308
1455 307
542 309
804 326
1142 310
1270 311
934 315
992 311
604 317
915 316
1321 329
1388 318
576 322
1024 318
848 318
876 321
943 322
1059 321
1195 331
1213 327
1422 332
1440 325
973 329
999 328
1026 332
1046 329
1243 329
591 341
634 341
655 334
1063 335
941 338
1126 342
1179 339
1367 339
860 339
994 341
1304 342
549 351
1038 345
867 346
892 355
1069 355
754 353
937 368
830 356
624 360
955 356
986 355
1026 355
798 357
406 358
1149 362
1631 362
840 364
658 373
779 364
1222 368
795 376
906 369
971 369
584 375
913 375
966 377
1432 377
880 378
1003 379
774 380
827 380
1360 382
869 382
1178 382
1313 385
1797 382
922 415
1028 386
1413 398
1040 389
1259 389
1610 392
338 402
854 395
613 410
1344 402
800 401
571 407
1003 403
286 411
967 414
991 406
1029 406
1368 409
402 410
637 417
948 417
1305 412
357 412
386 411
982 411
1592 410
1137 421
676 416
881 416
991 417
839 428
1001 423
1388 427
990 426
528 434
1202 431
1312 431
1363 441
1408 437
822 438
1331 437
1439 439
1125 442
1185 440
1243 439
1506 438
638 445
498 449
620 444
1047 444
418 446
1447 446
1757 446
780 449
948 449
983 449
1036 451
472 455
555 453
981 455
1241 454
644 456
1018 454
1050 455
875 457
1161 459
302 462
855 462
914 461
1215 465
1351 469
1554 467
1620 462
894 466
980 465
1481 464
417 469
1417 471
800 471
923 472
1028 470
1539 470
770 475
1544 475
995 479
1511 474
830 478
1055 478
1584 476
878 479
979 489
1021 479
1516 479
1097 483
1235 480
1580 481
789 484
1034 484
1527 482
594 486
886 488
1047 491
328 491
630 491
904 494
966 490
1024 491
1428 491
1632 490
805 493
1088 493
1170 493
1307 495
998 497
1242 498
1415 502
1627 496
1700 497
1041 499
1521 500
1721 498
1784 499
291 502
786 503
735 505
1590 503
1107 506
1219 510
1530 517
1171 508
1394 509
356 521
491 509
1373 509
1625 508
882 511
911 513
947 510
1071 517
1134 522
1476 517
958 513
1730 512
1752 512
862 517
1577 515
1701 514
1726 515
929 517
1342 519
1750 519
749 521
1497 523
613 524
1674 524
1227 527
1696 527
688 531
1075 528
1615 529
1631 529
1819 528
1259 532
577 533
862 533
889 532
1016 535
1039 533
1443 534
621 535
992 537
1654 535
584 538
1299 539
1679 536
1817 537
785 545
850 538
878 541
986 541
1024 544
1606 540
1828 540
392 544
1272 543
1321 543
1403 547
970 544
1589 544
1830 545
627 554
676 546
956 548
1833 548
908 568
977 551
1162 556
819 558
980 555
1290 556
789 557
962 556
1035 558
1309 560
1355 557
954 560
1250 559
391 562
874 562
578 566
1085 570
1184 570
421 566
473 568
926 566
937 571
1136 575
448 573
861 574
925 569
978 571
986 572
1421 577
618 576
846 575
1001 578
564 578
740 579
931 581
952 579
1173 580
1384 590
1037 587
384 585
869 583
948 583
340 588
588 585
918 585
976 587
1014 587
1214 585
1283 585
939 587
627 592
990 591
1290 603
894 621
910 595
1083 597
1208 592
1466 593
1327 600
617 599
1115 596
1237 598
585 600
1030 605
1273 600
633 600
816 603
937 603
545 610
920 606
906 608
980 611
312 609
960 608
1116 609
866 615
1174 610
1270 613
579 614
745 614
1397 615
1438 615
1164 619
1383 616
1015 620
1247 618
1312 618
1384 618
911 621
982 621
1057 623
1134 623
24 623
868 623
960 625
873 630
778 629
639 632
1271 628
591 633
969 636
1225 638
1289 635
857 636
988 639
1025 639
1273 641
848 644
1065 641
860 642
921 645
933 643
1258 643
493 647
816 644
880 645
1366 650
820 648
1049 648
649 650
788 652
994 650
1393 653
587 654
854 658
943 653
1003 654
1301 653
1315 653
973 656
992 657
1120 663
718 660
869 659
340 662
883 661
894 673
397 663
569 665
947 662
1147 664
1250 666
276 669
303 668
774 673
1212 667
435 668
956 670
1201 668
828 670
972 683
1022 670
495 673
1187 675
1033 675
921 681
1002 677
1446 680
1067 680
1330 685
1379 680
1112 682
1317 682
585 688
914 686
1018 687
375 690
707 689
853 691
881 689
1160 688
1204 689
642 695
902 691
954 691
1053 691
609 699
790 697
1124 706
1310 696
337 698
838 694
1011 694
1203 695
657 696
1192 697
1360 700
571 699
667 701
893 704
1055 705
1234 699
986 701
1105 700
1397 701
320 705
390 708
1003 706
149 707
226 706
816 708
933 706
953 711
976 707
1343 710
859 716
154 711
682 710
909 711
1145 713
1175 721
810 712
885 723
1070 721
356 714
596 716
1099 715
1450 715
913 717
899 718
980 723
1019 719
900 720
908 722
1401 722
499 722
834 725
1312 724
1230 728
921 728
1317 731
749 731
937 746
1102 730
445 733
631 736
1227 733
1264 732
1139 735
1287 749
564 736
588 737
815 736
955 736
999 737
1021 737
856 739
890 740
1327 741
1561 740
605 748
747 744
863 747
958 744
1004 745
836 749
872 756
1044 755
1188 749
1397 750
300 750
759 760
223 753
857 752
998 758
1421 753
918 756
1305 755
1330 764
848 757
928 756
585 760
808 759
921 758
964 758
1229 759
1412 759
825 760
900 762
56 762
472 763
729 764
1241 763
469 765
778 764
839 765
903 801
837 769
1119 769
1173 769
1287 768
104 771
1137 774
212 772
1007 772
1226 777
670 776
1017 775
1087 775
42 777
439 793
743 777
812 777
859 776
1250 776
679 782
1008 784
1063 781
221 781
964 782
1187 780
207 788
765 783
1318 784
828 785
316 788
851 787
985 787
585 791
861 791
1183 794
1243 793
699 793
1038 799
1291 793
858 794
958 794
1130 795
1146 795
183 799
482 799
810 800
1235 799
1313 801
278 806
294 801
651 805
841 801
974 803
1416 807
484 804
831 807
847 807
973 806
1188 804
1205 810
1736 804
217 806
318 807
612 807
1249 808
226 809
931 811
207 810
466 812
739 812
1495 812
481 814
923 815
1356 814
27 816
1083 816
742 820
1056 820
1102 819
35 821
703 821
1000 821
1180 821
1233 822
1261 824
1276 825
1366 824
647 822
1343 823
0 825
833 826
963 832
1019 827
131 826
216 826
436 826
792 832
811 827
372 829
438 828
1086 832
1147 830
1217 830
1162 836
209 835
587 834
738 834
548 849
654 846
754 844
830 838
1230 841
178 842
1202 848
1318 842
713 844
809 845
1362 846
1519 845
1227 849
621 848
884 850
1121 849
1267 850
189 850
695 852
823 851
958 850
25 853
671 853
1216 852
1316 855
1350 854
642 860
690 857
792 854
994 854
1021 857
1254 857
527 858
830 859
1534 859
367 860
710 860
787 863
1059 865
1228 864
919 867
1041 868
1283 868
790 870
1079 869
394 871
761 871
892 871
477 876
1207 874
1703 872
1801 873
784 874
688 877
759 878
1068 878
1191 878
44 879
515 879
777 879
1264 879
1283 882
459 888
576 887
973 884
987 885
316 885
881 885
1203 885
1467 884
56 886
667 887
930 886
1254 891
662 891
877 891
934 891
1121 890
1106 895
1189 892
1224 892
1362 895
498 896
649 895
1389 894
348 902
603 899
869 898
431 900
716 903
743 902
829 901
1187 900
1355 906
426 905
775 905
1099 916
1222 904
1306 905
650 907
845 907
957 908
906 908
918 910
450 911
601 915
657 913
933 914
1204 913
911 924
899 1062
267 919
685 916
883 920
985 917
310 919
371 922
466 920
716 918
1198 918
1342 922
1360 922
1391 923
50 922
574 924
672 924
809 925
864 922
1154 926
585 930
773 925
1404 925
625 928
713 926
1289 927
743 928
1266 930
1141 931
1221 935
1195 933
1261 932
683 934
1127 935
1204 935
507 940
607 938
1088 937
1107 936
863 938
934 940
1077 939
644 940
905 943
997 944
1385 941
1512 941
1291 952
813 945
1081 944
1209 950
759 946
1114 947
1090 949
1338 949
628 953
1156 953
1450 950
561 956
576 957
693 957
859 955
879 955
969 955
1036 955
1182 960
395 959
845 959
956 962
1117 956
1328 960
1378 957
757 958
796 960
1099 959
1239 958
462 960
1357 961
638 971
1213 966
603 964
1381 966
213 969
268 972
593 969
1036 969
1137 968
524 971
1253 971
1284 974
908 977
1100 978
1112 979
1197 979
1219 979
573 982
691 981
793 982
1161 980
1171 980
1295 981
843 983
1106 983
1159 982
1212 983
1239 993
610 991
1141 984
1146 985
1210 985
865 986
1148 989
1290 991
135 991
944 991
1177 992
1324 992
899 996
922 996
1770 992
403 994
1218 997
1468 995
1469 998
419 1003
701 1001
893 1009
993 1001
539 1006
669 1002
837 1002
1141 1003
1165 1002
1386 1003
1535 1004
301 1004
852 1007
1425 1007
511 1008
954 1010
1302 1009
179 1010
410 1010
942 1010
34 1013
709 1013
838 1012
921 1013
1024 1015
842 1014
374 1023
1143 1019
1178 1018
62 1020
412 1020
1787 1021
56 1023
589 1023
965 1022
1356 1025
645 1025
924 1025
1343 1024
631 1027
913 1029
1297 1026
712 1031
1395 1028
901 1036
1187 1033
274 1033
291 1032
499 1032
1142 1033
179 1037
710 1036
1221 1038
230 1039
1396 1046
1726 1039
289 1040
560 1042
930 1042
1209 1042
169 1042
648 1045
687 1050
1762 1043
704 1047
503 1046
518 1047
1337 1049
969 1051
586 1052
845 1052
909 1063
523 1057
894 1057
942 1056
434 1059
492 1060
564 1062
1514 1063
183 1065
510 1068
726 1067
1158 1067
1210 1067
1223 1079
1206 1069
1270 1069
616 1072
674 1078
713 1072
1283 1076
948 1074
1361 1072
883 1075
235 1076
710 1076
1172 1076
255 1078
291 1080
406 1100
1076 1091
1158 1080
1201 1081
1257 1088
176 1084
357 1083
1289 1087
493 1090
703 1088
1091 1091
1167 1093
1381 1090
294 1092
619 1093
490 1098
508 1097
1092 1096
1107 1096
1153 1098
1180 1098
622 1098
644 1098
1042 1101
1293 1101
1323 1107
1737 1100
188 1104
205 1104
502 1104
559 1104
592 1108
724 1116
1377 1107
282 1109
694 1110
1031 1109
168 1113
1201 1114
1294 1117
244 1117
515 1117
1170 1117
1349 1119
632 1122
1113 1123
1224 1130
1444 1122
173 1125
587 1137
702 1125
982 1124
1306 1125
718 1128
1371 1133
540 1129
1183 1128
1 1130
450 1130
949 1131
471 1132
505 1134
297 1135
528 1135
431 1143
913 1136
973 1136
1242 1136
413 1139
495 1139
511 1142
221 1142
460 1142
1202 1143
369 1145
655 1145
983 1144
1497 1145
1705 1145
294 1147
1709 1147
378 1148
729 1148
1332 1148
1467 1149
303 1151
418 1153
1244 1151
1429 1151
243 1153
352 1156
1191 1154
1006 1155
1235 1158
92 1156
605 1156
453 1164
567 1159
873 1158
308 1160
700 1162
1131 1161
1169 1161
1618 1160
284 1163
632 1163
840 1163
1291 1170
1535 1162
621 1166
857 1166
977 1166
1034 1167
1105 1172
1438 1165
122 1168
767 1167
1205 1168
949 1168
1141 1169
869 1171
913 1173
928 1171
761 1173
934 1173
992 1173
1067 1173
1368 1173
1181 1174
1276 1178
671 1177
843 1182
1200 1184
1602 1179
412 1180
554 1185
257 1182
648 1184
743 1183
763 1183
1228 1183
1594 1183
205 1185
221 1184
1179 1184
815 1187
861 1187
202 1190
251 1189
950 1189
1226 1190
1369 1193
594 1192
1001 1192
8 1194
135 1196
297 1198
564 1196
778 1195
1229 1195
264 1197
534 1197
614 1197
1752 1196
315 1200
1320 1205
1021 1203
0 1204
186 1205
472 1205
742 1204
597 1208
1194 1211
1446 1207
124 1208
156 1209
694 1209
841 1212
1207 1209
581 1212
299 1215
1158 1215
651 1219
767 1223
827 1222
979 1219
314 1224
1247 1226
