917 610
1301 2
1355 1
1774 80
1509 6
1329 10
959 14
1313 19
1379 14
1530 18
1450 24
1802 29
1502 29
1438 32
1605 32
1395 40
1754 42
1605 56
1501 52
1057 82
1186 96
1442 102
1319 130
1487 163
1777 186
232 196
935 197
1130 199
700 214
710 215
719 216
728 217
737 218
746 219
754 220
763 221
229 255
619 253
1044 254
1052 255
1060 256
1069 257
1077 258
1085 259
1104 260
1093 260
1126 264
1150 267
1486 271
1274 275
795 278
971 285
228 295
1131 303
226 344
1057 313
1355 322
1056 317
1168 318
1130 329
788 330
666 356
677 357
691 358
699 359
723 360
737 361
748 362
759 363
771 364
783 365
806 366
1037 385
1125 394
388 388
1048 386
1055 387
1414 391
1072 388
1083 389
1095 390
1105 391
1143 394
1152 395
560 399
741 410
1446 402
680 406
1342 410
708 413
1368 412
1378 413
806 414
1388 414
1423 417
791 418
1139 425
1589 431
1098 434
1144 438
1359 441
1134 441
1062 453
1345 451
1414 456
1410 463
1620 471
1642 473
916 474
1655 474
1216 483
1381 497
1356 508
1413 525
1287 539
1288 554
1024 635
1310 640
1396 655
1028 662
1017 682
1018 684
1021 693
1014 694
1027 700
1017 717
1076 719
1031 721
763 723
704 724
1026 725
762 738
1050 738
1025 745
1160 773
891 785
538 788
1063 793
1044 810
965 847
522 866
961 868
900 873
930 886
873 893
899 904
900 906
901 917
993 923
974 925
1218 925
874 931
869 934
903 932
989 933
1188 932
1112 935
972 939
1009 938
839 940
861 948
904 942
1008 943
1001 947
873 955
1080 955
1403 955
1129 956
838 960
863 962
1753 963
855 971
849 975
860 975
882 974
867 982
871 986
1239 987
877 989
1124 1046
878 993
184 1006
890 1013
888 1017
924 1028
909 1029
647 1031
949 1056
926 1048
625 1058
637 1059
1554 1060
593 1102
728 1145
1435 1145
725 1146
608 1152
