911 620
183 8
218 5
283 11
387 14
527 78
649 2
786 32
845 24
926 3
974 19
1184 21
1220 11
1282 0
1545 22
1585 21
1684 2
1815 98
1142 15
456 22
700 30
1512 23
174 34
1124 29
1405 43
1510 27
1509 30
1508 32
1507 34
84 50
1667 65
1733 54
299 56
1302 49
964 53
1230 50
892 56
1077 58
1278 66
1121 60
1571 76
812 67
916 67
996 66
1256 60
466 70
1195 65
1039 80
1175 71
68 69
419 72
405 73
480 73
488 72
604 73
788 72
1229 72
606 75
855 80
878 75
1303 79
770 90
353 88
960 98
998 114
1078 102
326 90
799 112
1146 92
1206 91
262 94
918 103
1494 99
1629 101
1237 103
898 104
681 116
1120 108
1192 114
399 152
430 113
1572 135
1114 155
1211 127
609 122
439 124
647 130
178 133
260 129
818 129
1370 143
1194 129
1724 144
210 141
314 131
335 130
1278 131
1458 146
508 132
721 137
517 137
561 143
740 135
1146 137
1186 139
1264 136
1834 145
951 148
1521 144
296 138
337 155
361 139
429 143
473 139
500 150
342 140
391 141
481 141
632 140
1018 141
297 143
384 143
458 142
542 143
613 143
848 142
1246 143
310 144
460 145
538 144
379 146
467 147
825 157
258 173
350 149
641 180
684 149
698 159
1009 162
179 161
574 230
601 170
971 165
590 152
678 152
1200 155
1310 155
476 154
549 155
1226 155
299 156
460 180
587 158
670 158
732 211
863 156
716 158
314 162
574 166
677 164
1207 165
290 167
424 166
1268 167
1637 166
361 170
716 174
798 208
651 170
847 170
276 173
299 172
309 172
562 172
676 172
786 173
1438 192
280 179
321 176
327 177
617 177
665 179
1147 179
1234 178
352 178
505 181
373 180
436 182
492 181
919 192
1009 182
1774 202
276 183
486 183
575 183
606 183
723 182
1630 183
195 187
702 184
1056 201
1129 198
336 186
441 187
305 195
422 188
698 188
499 190
1585 192
363 195
490 193
685 193
93 198
241 195
284 219
378 195
715 194
495 226
708 197
1521 209
319 199
384 198
1487 220
821 201
1834 231
403 202
420 203
248 204
1190 205
1327 204
255 207
410 207
657 229
1098 210
1158 213
1203 212
1382 219
431 217
473 209
484 211
529 209
594 208
628 209
643 209
703 209
1355 223
301 210
414 211
467 214
1466 211
340 217
375 212
1234 226
358 215
360 214
1285 217
416 216
451 216
527 217
633 217
151 221
239 219
326 221
386 222
405 225
415 222
455 222
147 224
451 227
465 226
484 227
521 226
1271 229
312 228
708 228
931 232
337 233
1109 264
1561 250
23 239
230 232
421 254
909 241
1010 237
1423 233
418 234
863 234
321 237
1188 241
176 243
266 253
519 239
993 242
1149 243
157 242
808 244
1798 261
499 295
235 247
317 247
375 246
772 263
1678 262
336 251
356 249
802 283
1062 270
286 251
527 251
941 253
1175 256
145 253
353 254
367 254
861 263
1221 257
310 261
948 266
142 264
975 272
1010 268
286 261
1135 263
13 268
327 264
357 266
381 264
835 270
1242 266
383 279
449 269
754 273
1166 270
1210 274
371 271
437 273
1142 272
174 272
337 272
373 273
218 274
349 274
164 276
292 279
643 276
654 277
669 277
680 286
698 276
1331 307
257 280
360 285
700 279
1175 281
317 281
723 288
1190 285
146 284
288 283
843 283
161 285
659 285
399 288
1280 287
1455 296
610 295
743 289
1137 290
125 290
604 291
909 314
957 295
415 296
556 303
1121 298
1786 310
1829 298
768 306
567 302
1172 308
1000 306
543 307
970 331
1249 308
583 308
611 308
1214 313
1605 309
370 311
577 311
633 311
649 311
414 327
825 312
846 312
554 315
359 317
575 316
644 317
1009 319
1039 318
104 319
621 319
671 319
836 331
640 321
787 323
314 324
569 324
630 325
943 331
1002 325
1724 333
101 326
579 326
618 327
1111 332
580 329
621 329
751 329
995 330
1133 337
1776 371
584 330
445 335
768 338
1198 341
265 339
1011 339
378 349
526 341
896 340
1180 341
1712 342
442 345
532 356
789 353
1368 354
1479 358
585 346
883 350
1209 366
193 349
234 348
284 349
405 351
736 356
1036 349
456 354
566 357
775 353
904 355
1838 360
274 362
468 355
1094 356
1183 354
301 364
444 356
1153 357
392 360
440 358
1406 359
1729 358
716 361
994 360
169 364
233 368
690 376
977 364
593 364
1120 365
150 374
448 366
495 366
601 367
950 372
1062 367
1398 367
1069 369
1536 382
552 375
1133 384
1259 373
1257 374
205 379
469 379
1055 380
430 378
985 383
1100 378
1001 380
795 395
1007 405
1388 393
497 397
527 385
1826 400
658 387
862 401
1294 395
652 389
918 463
1441 394
759 393
551 393
1582 404
464 394
1479 460
1411 402
79 401
685 399
751 406
980 402
1112 402
1165 404
1274 400
1184 404
191 408
242 412
373 404
1125 405
709 407
212 414
392 409
463 413
340 411
533 414
1039 411
1226 412
898 413
1548 428
799 431
335 424
486 417
974 419
1205 421
399 419
555 419
1028 445
1060 430
1704 421
1132 422
1166 437
220 424
308 431
524 427
654 426
829 435
1329 427
1594 439
980 448
1837 429
769 435
1126 435
543 440
591 434
943 438
655 443
518 438
342 441
868 441
1133 441
284 448
520 443
767 459
1004 444
1108 442
1230 450
1421 443
204 451
336 446
456 452
507 447
571 445
932 445
479 453
1093 447
642 448
863 461
1130 450
331 451
716 456
955 450
1203 459
1835 463
253 453
416 453
1118 454
1315 460
891 454
1267 455
833 478
264 467
406 467
509 461
744 461
817 460
507 463
543 469
577 463
1081 463
1136 466
30 468
1130 507
428 474
729 476
966 476
1101 472
232 478
465 487
595 475
1062 498
1269 474
1296 474
1 477
286 477
350 476
536 504
988 478
1286 479
1415 493
1637 488
35 485
684 482
879 489
1009 495
357 484
621 485
868 484
507 486
739 490
977 487
1566 500
281 496
1048 489
334 490
488 496
508 491
591 490
953 496
587 492
768 494
244 497
451 496
565 497
805 519
868 498
1184 499
303 501
324 500
387 501
429 520
1377 503
367 502
448 502
1333 512
18 504
345 505
674 504
904 504
134 507
360 507
708 512
968 506
1251 518
404 510
847 520
976 511
102 517
194 513
333 513
594 512
959 512
1625 520
148 515
386 514
591 514
605 515
776 531
177 516
230 517
874 516
897 516
964 516
1097 518
150 519
360 520
547 520
718 519
909 518
232 522
462 521
1213 520
346 523
617 522
984 532
1574 523
482 531
582 524
517 532
700 534
722 533
867 527
1309 527
507 528
537 529
831 535
890 528
1026 529
1223 533
1714 558
333 530
905 530
917 542
1158 531
247 533
466 532
1330 533
252 535
533 534
943 536
297 544
324 536
336 538
358 537
556 536
574 536
615 536
494 538
1024 539
174 542
546 541
897 540
149 548
265 544
497 544
601 545
1061 546
1438 547
475 558
651 546
874 556
1202 547
1530 546
348 548
413 548
507 548
535 548
554 549
587 548
1192 549
228 552
520 556
783 554
954 568
1250 550
1275 551
188 560
392 552
571 552
590 553
608 553
619 552
705 553
1266 556
1458 559
28 554
636 555
681 554
700 554
897 554
1140 558
806 557
1395 557
123 560
684 563
789 559
1016 564
1031 559
1304 572
255 560
368 570
497 560
649 561
817 560
928 565
288 562
450 564
530 565
661 563
972 564
1072 567
1227 562
1619 577
214 565
501 565
1353 565
7 567
101 569
151 566
222 566
409 567
594 566
723 567
780 577
839 571
1115 567
342 569
442 570
455 568
890 569
1038 575
1128 569
1489 569
277 571
901 571
995 572
1107 582
1 572
37 572
39 573
514 596
610 574
1160 572
1785 580
329 574
887 574
1477 581
252 577
688 581
1415 577
537 579
742 578
1144 580
1434 578
280 581
749 584
1406 580
1673 589
266 582
341 583
574 583
895 582
916 583
1165 587
1280 583
23 584
39 584
221 584
428 585
493 584
803 590
825 588
1270 585
726 587
1018 586
334 591
602 590
384 592
415 591
775 596
1091 590
1505 599
169 595
485 595
545 593
711 592
977 605
1047 593
467 595
598 594
732 595
1014 597
1083 594
1248 594
422 597
544 596
580 596
621 598
722 597
806 622
939 599
388 598
589 599
744 599
229 601
701 615
1043 602
1338 606
2 603
267 602
687 603
1800 627
6 604
212 605
912 609
264 608
403 606
440 606
559 607
1132 606
1293 607
558 609
727 609
934 610
1261 609
1725 628
319 610
415 610
487 611
553 611
1322 611
169 613
448 612
464 612
759 616
1427 616
1571 624
1078 619
1307 614
182 617
272 617
676 617
730 617
847 624
1060 618
150 621
234 620
363 623
609 621
635 620
937 620
1101 621
421 639
537 622
606 622
644 625
722 631
493 625
594 630
671 624
684 625
1162 629
1247 624
1372 624
1478 624
577 626
682 627
746 629
768 626
1041 628
1289 627
576 628
180 638
333 630
509 630
634 631
788 638
878 631
935 633
1230 630
0 633
381 633
556 645
694 634
967 635
1060 655
1089 639
1119 639
210 636
264 640
680 639
888 639
581 647
638 641
756 642
824 640
904 641
1321 651
450 643
494 643
647 643
849 647
623 645
626 644
925 684
1000 653
1041 645
1469 652
197 651
244 646
314 647
516 688
536 646
609 647
969 663
1166 647
461 649
607 648
878 650
943 649
1086 648
1401 649
332 650
401 651
452 651
720 650
736 650
303 652
840 653
1104 654
1151 656
1301 652
1430 666
80 655
639 655
1375 654
478 656
797 659
1164 656
1488 657
446 658
701 659
731 659
764 659
893 663
1093 659
1394 658
1535 659
144 660
335 661
570 660
725 661
1280 661
677 669
929 666
1158 669
1338 663
1564 669
255 665
337 665
352 668
402 665
743 683
851 665
1033 666
1048 664
1585 688
101 667
415 667
451 666
544 667
579 671
692 669
1212 674
1235 666
160 669
467 668
945 674
1246 670
557 671
710 670
805 674
899 671
1342 671
194 673
773 672
834 673
987 673
1103 678
1647 689
1822 679
443 675
465 674
600 677
648 674
1048 675
192 676
381 677
395 680
460 677
721 679
1002 677
1076 677
1332 685
1457 677
1758 687
98 678
183 679
285 679
328 678
342 678
432 686
1267 679
81 684
262 686
293 681
332 681
659 680
822 681
958 681
1069 698
104 683
150 682
334 688
496 683
951 685
1289 682
1436 682
37 684
136 684
218 691
224 684
1044 688
1122 686
1150 685
1800 684
864 686
1168 687
1252 700
156 689
532 688
591 689
694 689
761 696
766 688
1138 689
31 695
120 692
374 691
615 699
662 695
682 698
787 690
1536 702
541 695
785 692
970 713
395 695
868 694
899 709
1177 694
291 701
361 696
480 696
562 696
414 698
800 699
1272 699
141 700
38 702
352 702
547 703
635 702
641 703
1158 703
1411 704
53 705
153 705
223 704
651 712
778 708
807 706
261 706
387 706
1489 719
11 709
127 708
312 709
325 709
446 708
592 709
611 709
718 708
841 712
1140 709
94 710
544 711
859 711
144 712
299 712
787 712
602 718
797 721
1147 717
1252 715
1313 714
186 719
315 716
344 716
684 717
729 716
1038 720
489 719
1080 720
539 720
589 721
730 729
828 722
1441 725
118 722
442 722
692 722
706 722
720 723
860 741
1115 731
1280 722
226 724
276 725
378 724
524 727
567 725
582 724
671 725
1086 733
1541 758
6 727
334 727
336 726
1065 727
1314 731
87 729
455 728
554 729
623 729
1291 735
420 731
630 731
759 731
468 733
551 742
771 733
913 732
1056 732
414 735
706 735
1367 735
1370 734
39 736
485 739
890 982
915 751
1265 739
1615 739
232 741
533 740
642 740
678 740
809 742
226 744
686 743
1250 748
517 749
537 745
607 748
658 745
676 744
1054 744
77 747
168 746
406 752
462 756
1071 767
109 749
332 748
1051 752
379 751
441 750
590 751
620 751
641 751
683 751
1182 751
1267 751
232 753
281 753
943 756
1120 752
59 755
124 754
432 756
482 754
510 754
603 755
1266 754
1323 754
238 756
248 757
311 756
523 756
1015 756
1190 756
208 758
542 759
992 758
1058 758
1167 769
1256 759
1294 759
505 760
667 760
1258 760
1391 799
1416 771
414 763
530 763
676 763
701 763
1334 782
196 765
352 766
1117 764
593 767
648 766
680 769
816 768
1050 767
1122 786
442 768
516 774
654 770
714 770
731 771
999 772
1016 773
189 775
221 774
607 780
837 786
256 777
329 777
476 778
566 776
941 783
1004 777
322 779
402 780
101 789
202 781
234 780
334 781
533 790
712 787
254 783
499 785
578 782
743 784
121 784
553 785
586 785
647 786
1090 784
906 787
356 788
1045 793
211 796
271 790
333 790
660 791
1068 791
1457 809
226 792
561 794
588 792
723 793
749 792
53 795
307 794
420 795
490 794
607 796
1254 794
77 797
285 797
590 796
629 796
672 797
909 798
70 798
138 799
869 802
1471 798
96 800
316 802
510 800
1057 818
1172 800
302 803
718 811
817 805
1202 803
1498 803
162 804
374 806
496 807
710 804
965 808
1108 806
1239 804
1323 807
47 806
113 807
325 808
392 808
456 812
547 811
559 806
676 806
698 807
836 807
884 809
1010 806
1716 824
181 808
360 809
668 818
942 809
1111 808
249 811
525 818
599 813
637 821
147 812
277 812
283 813
214 815
422 818
479 815
499 819
42 817
176 817
685 816
1236 816
1411 816
1425 817
130 820
78 820
355 821
445 831
687 828
894 820
941 824
1203 821
434 822
477 823
573 823
1116 823
1314 822
707 825
718 826
1120 824
1168 824
1354 836
25 827
289 828
740 831
1142 828
275 828
904 829
921 831
963 837
1089 840
1190 828
220 831
1761 837
263 832
602 832
654 834
1283 832
1300 832
553 842
575 836
710 834
720 836
259 838
351 836
369 840
836 836
1673 843
94 839
185 842
619 838
871 840
903 839
1046 838
1184 843
245 840
332 840
415 841
478 844
612 847
643 841
847 843
881 847
1259 840
83 843
347 846
695 846
793 846
818 847
1406 849
630 844
1269 845
1516 857
235 847
288 847
319 847
924 849
1336 855
35 849
471 848
628 848
1314 848
90 853
262 854
341 851
406 851
524 850
896 852
1046 852
1652 865
68 853
390 854
393 852
447 852
529 854
661 856
1061 858
1098 854
72 855
1317 854
438 865
998 858
1019 856
1606 871
1804 856
102 859
353 858
470 862
495 860
510 858
909 859
916 858
1143 859
1193 858
129 860
792 865
23 863
124 862
333 863
425 864
520 862
628 864
1084 865
1130 863
491 865
679 864
829 914
888 867
1302 864
1838 864
67 867
925 868
366 868
605 868
687 870
1177 869
235 871
608 870
612 871
1188 870
1346 870
90 872
154 873
220 875
279 872
302 875
350 872
503 876
535 874
5 874
194 881
425 875
567 877
989 880
1014 874
1092 876
463 876
654 876
661 877
868 877
94 878
666 881
677 878
704 882
209 881
530 880
1080 881
286 883
632 883
877 882
976 883
1064 884
1247 883
1463 897
1470 883
1503 908
82 885
271 886
480 888
588 885
924 900
1149 886
1690 906
1793 885
121 887
222 891
308 887
1097 887
1741 890
372 889
394 890
431 891
507 895
604 892
670 889
732 888
2 891
12 890
341 892
625 891
683 890
296 892
403 892
1012 893
1086 894
108 895
639 915
707 894
1017 895
1137 899
1146 894
1310 894
1593 901
489 897
902 898
1194 897
109 898
538 905
685 906
699 899
710 899
876 899
327 901
405 903
461 901
549 900
1237 909
1288 900
60 902
447 904
1063 912
1371 905
137 905
474 915
596 904
705 905
728 906
1347 905
1186 907
130 919
323 910
897 913
1121 909
72 912
1083 910
1311 911
36 913
431 912
1286 912
1320 913
1826 912
183 915
718 914
1124 915
404 916
440 920
500 923
552 916
554 917
575 918
698 927
1331 929
417 935
530 918
608 919
715 918
203 921
398 922
1411 932
1834 921
538 924
605 923
1092 922
1121 923
1309 924
710 924
886 931
1106 925
354 929
662 928
722 926
1078 927
164 929
907 929
1116 929
449 933
547 938
1541 931
305 932
584 932
621 933
80 934
89 934
332 935
899 935
1126 934
1158 934
1229 935
1349 935
1386 935
616 940
670 940
683 936
685 937
931 936
1080 940
1232 936
15 938
210 938
467 938
602 946
110 941
390 941
586 944
208 943
323 943
509 942
653 950
1564 943
1582 950
1669 965
381 945
693 944
704 945
943 944
363 947
495 955
530 946
579 948
612 947
261 948
1137 948
69 951
178 951
291 951
774 950
920 952
1328 951
1414 950
286 953
334 955
390 954
525 960
566 953
1084 952
1182 953
1611 952
76 955
455 955
633 955
896 955
1175 954
1223 967
1312 954
208 957
311 957
474 957
554 956
558 958
918 958
516 958
600 958
765 959
1357 969
1475 965
9 960
99 960
203 962
288 961
376 961
906 962
1723 963
589 964
162 965
232 965
366 964
449 979
568 965
717 964
1265 975
405 967
610 967
650 966
1437 967
60 969
313 968
400 969
810 973
214 971
299 970
468 970
557 976
709 971
1073 973
1392 971
533 979
1061 973
415 977
864 975
1201 974
501 977
1766 984
1203 978
250 980
603 985
643 981
792 982
1069 980
359 982
566 983
1114 982
1504 983
511 984
572 986
582 984
639 986
687 985
1171 984
0 987
54 986
136 987
349 987
370 990
610 988
615 989
216 991
510 1000
679 990
1093 992
1183 1014
1302 991
1401 997
1592 991
66 993
436 993
654 993
1065 993
1067 992
1076 993
1307 995
294 995
399 995
495 994
1367 995
1515 995
69 996
182 996
591 996
631 997
689 997
86 998
195 999
481 998
1565 999
1644 999
209 1000
464 1010
207 1003
269 1002
344 1005
426 1003
1118 1003
255 1007
366 1005
635 1006
402 1016
559 1006
598 1010
659 1006
140 1010
335 1008
360 1009
388 1008
645 1009
1077 1014
1379 1017
1445 1008
47 1010
106 1011
109 1010
386 1011
90 1013
489 1013
587 1013
654 1012
696 1014
710 1013
631 1014
1110 1014
1255 1014
1307 1020
192 1017
1221 1016
1469 1016
1608 1022
13 1019
282 1018
481 1019
509 1019
548 1028
683 1025
1128 1018
1289 1019
1651 1021
1665 1019
1799 1018
148 1021
167 1021
366 1020
449 1023
477 1022
1270 1020
1699 1025
363 1022
382 1022
420 1023
531 1022
615 1023
1080 1022
1554 1023
89 1025
227 1025
174 1026
605 1028
644 1028
1638 1032
1655 1028
272 1031
324 1032
469 1037
1206 1031
1317 1041
1538 1040
190 1036
576 1033
612 1034
656 1034
167 1037
500 1035
596 1035
1105 1034
434 1040
636 1037
142 1040
309 1039
601 1038
1370 1045
1402 1039
1431 1038
34 1040
81 1040
453 1055
1298 1040
1339 1047
648 1048
671 1043
1496 1044
176 1046
258 1044
268 1044
379 1047
395 1049
408 1045
593 1047
209 1052
551 1049
302 1050
351 1053
574 1051
628 1050
1225 1050
1516 1051
87 1052
282 1052
632 1052
1188 1053
1275 1053
1377 1053
1519 1052
139 1054
252 1054
562 1054
104 1057
116 1057
280 1057
614 1061
665 1059
1678 1057
127 1059
332 1058
584 1058
588 1059
640 1059
1182 1058
219 1064
553 1061
710 1064
1599 1062
299 1063
368 1062
411 1064
1547 1068
182 1065
593 1070
1116 1065
175 1069
200 1066
291 1066
333 1066
513 1067
606 1067
621 1067
1497 1066
93 1069
126 1074
196 1071
283 1068
967 1069
1468 1069
1474 1068
214 1072
328 1072
508 1073
758 1073
849 1077
917 1075
1163 1072
1335 1073
1391 1079
307 1075
360 1074
507 1075
558 1080
781 1074
1682 1075
487 1078
621 1077
688 1076
875 1077
1053 1077
1192 1076
1254 1079
263 1087
365 1078
415 1080
536 1079
972 1079
194 1082
302 1080
991 1086
1091 1083
1148 1081
1485 1080
444 1083
501 1087
602 1082
655 1082
672 1085
879 1083
1015 1082
1122 1082
1465 1092
1715 1083
428 1085
1043 1099
1279 1084
1361 1085
245 1087
798 1088
191 1089
289 1089
473 1089
594 1089
56 1090
540 1090
715 1105
747 1091
904 1091
1155 1091
1498 1104
1177 1093
1257 1092
535 1096
792 1095
1416 1095
257 1097
454 1096
657 1101
679 1096
1064 1097
1187 1096
1540 1096
57 1100
358 1103
468 1099
567 1098
751 1098
1009 1104
1598 1105
180 1101
232 1103
483 1101
881 1100
990 1101
1075 1100
115 1103
249 1102
280 1103
417 1102
542 1103
674 1104
578 1105
779 1105
804 1108
1575 1105
1694 1104
78 1109
371 1106
456 1106
586 1107
618 1107
698 1111
739 1107
867 1107
924 1106
201 1112
351 1108
382 1108
494 1110
534 1114
750 1122
853 1109
905 1112
1267 1108
251 1110
294 1112
477 1118
613 1110
678 1111
784 1111
973 1111
1230 1111
1252 1113
1400 1115
348 1112
387 1113
513 1114
606 1113
961 1114
1077 1113
569 1115
694 1115
860 1117
918 1114
985 1114
157 1119
445 1116
789 1117
837 1124
1339 1117
553 1131
1039 1118
1369 1118
239 1122
1018 1120
1161 1120
1431 1120
364 1122
417 1125
442 1122
806 1122
1438 1123
182 1124
498 1125
601 1125
678 1125
886 1125
1249 1124
186 1128
467 1127
519 1127
622 1127
873 1128
87 1128
115 1131
141 1129
250 1128
402 1129
459 1132
740 1128
976 1128
1257 1134
164 1131
313 1131
389 1130
691 1130
910 1130
1065 1131
1234 1135
174 1133
233 1134
1035 1132
1175 1132
1489 1149
121 1135
647 1134
684 1134
1160 1134
1321 1140
131 1137
390 1136
591 1138
1029 1136
1299 1145
1560 1137
1677 1136
148 1139
211 1138
292 1139
309 1139
324 1138
363 1142
569 1140
966 1141
1447 1155
1580 1140
86 1140
275 1140
471 1141
485 1141
703 1141
777 1145
813 1145
1107 1140
1201 1140
433 1142
513 1146
888 1144
1081 1144
1197 1143
395 1144
1039 1144
1249 1145
73 1146
124 1147
349 1147
431 1146
532 1146
565 1146
748 1153
418 1149
430 1148
496 1151
526 1148
858 1151
287 1151
429 1150
449 1150
700 1152
879 1151
988 1150
1210 1151
1640 1151
570 1153
673 1154
999 1152
1077 1152
1734 1153
462 1156
1043 1155
1212 1155
596 1158
650 1157
1046 1157
1271 1157
702 1159
734 1160
199 1160
373 1160
415 1161
442 1162
812 1161
849 1162
967 1162
263 1162
398 1162
424 1163
548 1162
666 1162
691 1162
727 1163
828 1163
276 1165
473 1165
558 1164
801 1165
1222 1170
22 1168
296 1166
694 1166
1010 1167
1565 1167
1583 1167
384 1169
603 1171
617 1169
1242 1169
33 1170
115 1171
532 1171
1120 1170
1506 1171
1533 1170
1548 1176
272 1172
452 1174
460 1172
726 1183
739 1176
768 1172
852 1175
867 1172
990 1172
1174 1174
751 1174
764 1175
811 1174
1116 1175
1164 1177
108 1177
120 1177
416 1177
703 1177
1260 1176
1286 1177
1301 1177
1329 1177
283 1178
316 1178
1024 1180
336 1182
695 1181
1408 1180
1460 1181
1539 1181
568 1182
596 1184
821 1189
1008 1184
1212 1182
1640 1183
138 1184
395 1185
560 1184
947 1185
1420 1184
1463 1185
65 1186
234 1187
524 1187
554 1189
294 1191
409 1197
659 1188
712 1189
747 1194
1075 1189
1312 1189
1350 1189
1387 1189
63 1191
585 1191
639 1193
1156 1191
1333 1191
1467 1190
448 1196
511 1193
583 1193
1428 1193
1469 1192
1234 1198
1529 1195
577 1198
681 1197
991 1196
238 1200
241 1198
793 1199
1354 1199
1721 1198
283 1200
311 1201
360 1201
392 1200
539 1202
807 1200
1166 1201
1331 1200
1351 1200
1541 1200
810 1204
1315 1202
1494 1203
1544 1203
57 1206
460 1205
586 1204
1546 1205
232 1217
401 1207
601 1207
713 1207
743 1206
1103 1212
1217 1212
1295 1207
1499 1206
111 1209
827 1210
1177 1208
1301 1209
1549 1208
1481 1210
338 1216
546 1213
645 1213
850 1214
425 1215
437 1216
1051 1215
1486 1215
738 1217
1295 1217
1317 1222
350 1218
608 1219
1090 1219
1246 1219
1298 1219
123 1223
250 1224
785 1220
1190 1220
1369 1220
309 1225
519 1225
989 1225
1039 1225
1223 1222
1331 1225
433 1226
493 1226
555 1226
1235 1225
1249 1226
1259 1225
1347 1225
1368 1225
1407 1226
26 1227
734 1226
1109 1227
1131 1226
