915 606
992 19
1076 7
1163 1
1691 0
1005 7
1549 5
1058 19
1114 22
491 25
1729 30
820 30
1187 30
837 33
925 43
778 33
958 34
1186 37
908 40
1381 48
752 44
1078 46
443 54
508 56
1116 64
1224 66
1342 70
1604 72
894 71
1654 75
798 77
850 77
1333 81
1373 84
1441 87
878 87
1367 88
1654 114
1408 106
764 104
1336 107
1152 110
1239 109
348 110
1021 112
1167 115
1440 122
1822 125
1199 141
871 132
617 132
936 147
885 133
1093 134
1294 139
1383 158
1148 156
1089 160
1102 160
545 167
1762 164
1293 169
863 171
1352 176
1276 186
545 184
1233 184
758 191
545 200
837 205
1344 217
933 208
1212 209
1393 216
1704 220
905 220
1664 221
799 221
1086 234
652 232
1014 230
1178 242
783 231
1043 233
519 235
885 236
1214 244
794 250
1249 247
981 250
412 252
961 262
982 268
1073 267
874 268
1013 271
1323 272
1347 270
1118 282
961 280
1351 284
1089 282
1679 291
939 283
301 292
1289 300
978 293
1018 297
1106 302
1338 310
1124 312
895 316
828 322
1037 318
1065 325
1359 329
689 343
997 341
1257 341
1085 346
823 349
1348 346
1107 357
1095 358
842 364
787 365
684 366
739 367
1064 369
1148 374
1600 375
1179 387
979 388
981 389
1178 395
722 396
1145 396
1328 400
1709 406
1054 408
1687 412
1047 411
1078 415
708 419
1084 422
1218 422
1085 424
1086 426
1227 427
1769 439
1087 430
1049 435
1260 453
738 450
1071 451
1032 453
959 455
1049 455
652 462
1043 479
1339 464
980 465
1163 478
1461 474
1092 474
716 483
760 489
1394 483
736 484
1323 485
1278 488
1067 490
666 506
798 519
835 513
1491 513
272 517
829 515
943 517
1042 514
1065 521
872 519
401 522
1174 522
1325 528
574 529
683 527
1098 533
744 536
595 543
868 543
1211 544
1336 552
951 549
1023 561
1007 571
1388 571
1012 573
1016 575
1385 574
405 579
673 579
1019 578
936 581
762 584
877 589
1630 591
710 593
916 597
1166 595
1355 597
859 598
1320 598
608 604
930 607
495 614
873 608
1128 617
846 612
475 626
795 625
920 623
958 632
718 628
1009 628
1652 634
783 638
932 637
558 639
968 655
1192 649
1237 647
982 644
842 647
930 646
995 649
898 653
919 668
929 657
982 657
1000 657
500 660
993 666
567 662
907 662
956 662
1008 663
834 673
950 676
1121 684
894 680
1108 683
1140 686
920 686
1000 687
1311 692
892 691
1033 691
1148 692
497 695
927 696
949 696
975 699
919 705
973 705
921 707
1099 716
939 716
938 718
1110 718
936 721
963 727
910 722
1107 723
499 728
903 727
932 725
1664 730
786 732
894 731
1105 737
404 743
1313 744
1021 741
533 742
914 743
997 743
1104 743
945 746
1102 749
1018 768
423 755
987 766
882 762
907 765
904 766
900 768
929 770
922 774
1149 777
916 777
1346 801
1189 801
1010 808
1402 810
1000 810
1365 816
972 852
980 856
1385 860
995 858
1006 862
1008 863
1357 871
1005 872
1086 882
951 889
1070 887
1217 884
1285 893
959 895
1198 894
1320 900
963 899
1079 899
1024 902
1337 914
586 919
1278 921
1039 925
1246 940
1273 939
1267 936
1050 938
1053 942
957 946
1056 947
1288 946
969 972
1272 960
939 961
1011 962
1262 965
1220 968
1252 971
733 975
1057 1090
867 974
1218 974
1244 975
1241 977
1135 981
1234 980
990 994
798 999
1341 1016
782 1002
785 1005
1074 1016
1108 1004
796 1015
811 1011
1100 1010
828 1022
1305 1024
1114 1027
1102 1031
1367 1029
799 1032
1289 1032
1292 1034
1322 1035
1331 1034
1162 1036
1307 1037
803 1039
1312 1038
1113 1043
1054 1045
976 1065
998 1073
872 1110
863 1114
1591 1122
1195 1127
1191 1128
1114 1148
614 1220
1477 1225
