917 614
286 3
562 1
750 1
770 4
952 10
1017 3
1109 4
1141 4
1220 3
1269 42
1337 49
1575 0
1603 2
1780 44
1076 7
1123 7
268 16
795 9
1047 11
1218 8
1162 13
1581 15
741 18
828 14
1066 14
1146 13
1228 15
470 17
702 19
1537 23
1105 19
139 22
593 23
897 22
455 23
1612 26
908 27
931 32
1020 28
1173 27
518 31
886 37
1134 33
768 37
848 35
1038 45
1291 39
1433 40
830 38
876 36
917 37
952 39
1069 57
815 44
867 42
1222 44
929 50
987 45
1158 53
1404 50
441 47
1201 47
1226 48
459 49
474 55
656 54
893 54
959 54
461 51
1099 51
742 59
918 54
945 59
771 71
870 57
381 63
541 61
864 59
1084 65
858 64
880 60
459 64
983 76
889 64
912 65
1227 65
532 71
944 66
967 67
798 72
899 68
942 72
434 76
1493 80
1115 78
1582 81
931 79
947 81
1456 87
579 86
1616 85
722 92
737 91
751 87
818 92
847 90
1126 89
1202 87
502 90
1552 99
575 93
1148 96
996 98
1530 104
1695 96
1513 99
877 105
1134 108
835 110
1168 105
1192 103
613 104
850 105
863 105
1601 109
1396 114
813 109
913 123
1204 111
775 113
1059 110
1175 111
220 114
485 115
937 125
1237 112
1100 118
1678 125
870 124
481 129
956 124
1090 127
1004 134
1033 126
1126 129
436 135
1064 140
1199 139
1504 139
1108 134
369 135
757 142
794 138
1144 136
1392 149
230 137
778 140
1016 138
822 140
947 141
505 150
1176 145
432 144
951 151
1039 146
1550 153
971 147
1088 161
1212 151
867 151
935 151
1025 154
921 159
874 156
940 155
1241 155
599 161
941 157
969 166
517 160
740 160
1494 162
831 169
1062 163
888 165
541 168
940 170
1540 177
1454 176
1017 173
1483 181
910 213
1182 180
572 177
574 179
899 179
935 179
994 191
1124 184
1065 188
745 190
828 189
1173 189
1247 188
685 192
793 193
935 195
837 194
464 203
821 202
745 208
933 201
1419 203
958 204
1110 204
731 205
596 209
770 210
1063 207
1128 207
645 214
830 210
946 208
523 215
1031 217
1434 216
1474 214
550 215
664 217
1107 221
1297 223
947 226
1450 220
418 223
809 224
493 223
1092 245
1517 231
1564 235
1234 230
439 233
743 243
1165 233
607 238
621 246
1113 239
391 243
490 248
874 249
528 246
1010 246
1054 246
853 248
939 248
401 254
446 255
1107 259
1165 252
579 256
729 255
852 255
851 260
504 267
1050 261
1413 263
1444 270
414 266
1044 266
1135 266
532 267
848 267
960 267
846 268
878 274
1610 274
740 275
1131 273
889 282
852 277
96 284
1030 280
783 284
1091 285
1112 308
626 289
1191 289
1166 288
447 289
839 289
460 293
580 296
1403 293
874 308
1086 294
1139 295
954 298
407 301
943 298
493 302
912 305
1052 310
715 308
743 309
777 305
807 309
966 306
1180 308
317 387
927 312
948 309
1498 317
361 314
531 314
1588 321
1202 316
511 316
1191 317
825 321
1021 319
1014 324
1474 334
1130 325
805 329
1054 327
873 330
737 331
1013 330
1077 333
138 333
430 337
1274 337
754 339
1059 336
1390 338
936 341
1142 338
1091 341
490 344
770 344
730 350
815 347
837 349
867 351
1071 350
1100 351
1567 355
818 407
435 357
448 358
964 358
1013 365
1179 361
1201 359
864 361
983 364
524 368
698 367
874 365
1587 371
657 373
774 416
1117 366
1464 371
1499 367
716 369
877 378
913 369
1099 381
442 377
852 373
863 372
1372 376
455 382
1410 378
536 382
556 380
1062 381
952 384
909 387
1817 394
1168 390
856 415
882 392
1566 392
1587 396
46 392
405 395
711 393
977 396
1030 400
1183 392
532 393
1068 398
1110 395
746 402
1144 397
386 399
796 401
876 399
993 407
1086 416
1559 403
1123 402
1601 410
576 411
696 407
903 411
1048 411
1808 447
410 411
1102 412
1722 413
1407 414
421 419
962 419
971 460
931 421
1209 422
1720 422
449 430
525 425
1006 428
1147 426
748 429
996 430
1129 430
341 432
1401 432
1606 433
927 432
1086 434
1214 439
362 438
1019 437
1034 443
1414 440
821 441
1077 448
1534 463
1130 442
921 447
1299 444
1356 447
1460 444
194 446
405 448
939 453
1002 447
1106 445
1592 455
1711 464
834 448
1104 451
833 451
767 452
831 453
1165 454
701 458
744 459
829 457
1194 463
621 463
1159 462
1177 463
1498 467
1045 475
835 464
908 466
710 465
754 477
949 464
1135 465
409 470
850 467
822 470
706 471
1131 471
1453 479
555 476
697 476
527 481
1015 479
872 516
1730 484
496 492
803 486
553 488
777 513
1194 491
1336 491
725 490
790 492
818 490
924 492
999 490
998 493
1053 503
997 495
1033 498
437 498
1013 497
427 499
996 499
1178 501
1585 503
346 503
995 502
963 507
501 507
993 507
1069 508
910 515
744 512
1146 514
429 517
390 518
717 518
951 521
1000 526
1019 516
1125 518
1182 519
1230 519
317 522
1238 520
720 526
1041 529
1067 530
1450 530
1134 531
206 532
479 533
492 532
723 532
1089 533
113 536
375 537
509 537
848 535
859 538
1127 536
784 546
908 543
922 540
1047 549
1246 550
754 551
1098 550
425 551
695 555
868 562
961 555
1114 557
984 563
956 559
917 566
1059 561
570 564
656 563
812 566
1088 565
1173 569
576 569
958 571
1154 572
1287 573
1353 572
1054 575
698 575
777 577
862 574
1574 577
923 576
1077 578
674 580
935 578
1623 581
753 581
1340 587
468 582
713 583
791 585
904 584
809 584
860 615
876 591
1005 591
1065 591
579 594
929 596
1276 593
724 595
921 603
1113 599
1121 598
1069 600
1132 600
1357 602
893 605
1075 605
1140 618
487 609
754 612
1116 611
699 612
800 615
1022 615
1024 616
1454 620
592 619
1006 629
1098 627
709 622
931 636
1111 621
523 630
957 624
1059 627
1062 626
1292 629
691 636
1057 628
1341 634
1212 630
1128 633
719 638
1056 640
1107 645
823 653
897 647
970 649
1124 649
1080 650
778 654
1056 654
1130 673
758 659
859 661
1062 657
1240 656
1742 661
1440 666
651 665
1371 665
1307 668
1639 668
999 669
1184 671
1075 675
1545 681
921 679
458 678
725 680
787 679
805 680
840 681
1235 678
1169 680
934 682
1057 683
1375 686
829 721
908 684
1093 684
1311 688
786 690
912 688
1216 687
843 690
990 690
1098 691
881 695
1647 694
630 696
980 694
1073 695
903 697
916 696
523 699
919 699
1009 704
1074 699
1131 699
478 704
763 703
984 707
922 702
1123 703
1267 709
541 705
949 704
789 708
950 706
1061 706
1073 715
1095 706
557 710
866 715
958 714
1118 709
1243 711
1631 710
1114 711
447 720
725 713
1102 716
883 716
990 723
911 820
553 719
968 719
477 722
798 723
980 720
1331 721
863 723
1088 723
944 725
1126 727
519 729
751 734
803 735
1081 735
1078 743
1130 747
506 746
861 747
966 747
1426 751
926 750
517 758
989 752
1011 753
959 768
981 756
1302 756
1571 759
1050 770
544 773
583 772
877 772
859 778
1421 776
1058 778
381 782
884 787
547 788
991 790
868 792
974 790
921 794
623 799
1557 802
1326 817
1238 817
500 821
674 822
1298 834
1173 824
1495 826
1253 834
667 841
1393 838
701 840
1399 843
1175 856
1293 849
726 858
1078 859
1625 862
661 866
1092 871
444 868
1565 869
1058 871
1151 874
1244 872
708 874
1667 876
631 881
700 881
1034 880
1544 880
1565 883
464 884
1181 888
142 891
366 890
1239 897
1358 896
1337 898
973 911
1322 910
700 909
1055 912
1348 917
1050 919
708 923
1008 924
1410 925
760 926
1446 929
822 928
1298 932
1324 928
485 932
625 937
702 941
480 943
685 944
1017 943
1029 943
1347 942
458 945
156 948
447 950
676 949
1079 948
701 951
690 958
816 958
849 956
865 958
1181 965
451 967
495 972
1530 975
770 973
673 974
771 979
1209 976
1431 978
1690 978
503 981
690 986
790 983
992 984
1116 985
1164 987
722 988
760 990
1422 986
1471 987
815 989
885 996
1356 992
1540 992
914 999
1147 1005
1361 1000
717 1004
819 1006
1252 1004
1438 1006
744 1009
1197 1010
1273 1012
1447 1015
1570 1012
1401 1015
1259 1016
628 1018
655 1022
1029 1026
817 1030
1066 1033
336 1034
456 1038
969 1043
1053 1045
1028 1046
1638 1047
1358 1053
1395 1053
1511 1054
486 1056
1188 1058
1458 1057
1645 1063
655 1065
986 1064
1167 1065
1404 1064
646 1069
1279 1067
1822 1066
127 1072
669 1069
1139 1071
1250 1075
1807 1072
1529 1075
671 1076
781 1076
1330 1081
66 1081
1433 1082
1126 1085
21 1088
49 1089
632 1093
988 1093
1036 1092
674 1092
1317 1093
556 1094
707 1095
732 1094
787 1103
1020 1102
1331 1105
1453 1105
1240 1108
391 1112
646 1113
208 1115
866 1118
880 1121
1155 1120
1296 1122
886 1125
1532 1127
479 1130
1767 1129
1798 1130
742 1131
1544 1132
694 1135
922 1137
1101 1135
652 1137
703 1137
775 1137
1017 1136
1117 1136
793 1140
1342 1142
1376 1140
1149 1143
1525 1143
198 1144
564 1151
1126 1152
1210 1150
1392 1150
772 1154
234 1154
792 1157
494 1156
378 1162
1331 1163
679 1167
873 1166
1303 1171
759 1173
506 1181
1495 1178
574 1181
1045 1181
681 1185
1142 1187
1201 1191
1660 1187
1285 1189
263 1191
1239 1191
114 1197
390 1193
1739 1198
721 1201
415 1204
389 1206
1070 1209
217 1211
1366 1217
688 1224
1049 1220
1706 1225
714 1226
771 1225
