917 618
716 14
747 5
795 8
892 6
953 2
1043 1
1052 97
1129 28
1286 4
1352 9
1458 20
1514 1
1539 43
1611 28
994 10
576 14
1106 11
909 11
1259 13
1089 19
400 97
854 21
553 39
655 26
999 21
525 30
1381 48
786 37
826 31
909 37
1294 42
466 55
1090 59
874 48
925 64
990 45
1416 57
507 55
702 50
1003 50
312 71
1177 58
1209 67
994 56
703 73
825 79
422 75
735 94
1268 80
491 90
613 82
1113 75
1135 87
881 85
896 87
1584 82
1455 92
1415 98
1355 96
1108 115
1296 100
781 100
1251 106
1001 99
1594 130
1543 119
877 112
983 106
663 117
1073 117
973 115
274 126
923 140
1505 124
697 128
1174 130
766 127
1088 128
1389 136
454 144
1710 134
1356 198
816 145
976 147
746 148
1000 145
1411 146
681 203
1442 158
796 155
1359 151
557 162
704 152
360 169
534 188
713 160
949 160
1291 170
287 167
1109 163
1578 176
772 177
429 182
988 191
1100 179
717 187
880 180
1181 183
400 210
1405 185
1603 193
911 184
1541 200
1064 193
859 204
940 188
817 201
637 215
756 198
1096 198
1157 199
1029 211
1102 274
772 211
757 218
1500 223
1192 230
1459 224
273 229
1054 218
538 229
915 232
704 230
375 264
1563 242
575 241
1039 240
968 244
1485 247
1423 256
706 256
785 259
852 255
408 256
462 258
764 257
1017 279
502 268
621 266
1516 270
1299 286
960 272
888 278
1343 294
1550 281
552 279
607 287
701 290
842 282
1626 287
1412 288
810 288
967 287
1244 298
916 292
768 295
1497 301
1751 289
857 296
1460 301
444 299
1772 293
513 306
670 317
796 303
1053 303
626 305
654 302
1135 311
1578 318
898 307
388 317
976 309
777 313
834 316
807 324
349 327
894 340
972 330
1065 324
1019 349
477 334
1435 335
1339 346
369 337
1142 342
683 366
1080 339
989 351
1060 342
401 341
1365 348
1519 351
1761 340
1045 347
1751 358
954 345
497 353
708 351
1068 350
418 361
726 359
956 356
1195 365
589 359
626 360
791 369
849 365
951 366
1057 365
1357 365
1501 385
571 364
599 366
1072 368
1170 374
1099 395
1377 378
652 381
1016 379
225 391
464 385
496 383
900 387
963 384
1443 394
296 384
413 384
920 383
1296 389
335 389
1223 393
607 406
795 396
826 390
314 409
358 401
746 406
980 400
1009 403
1338 400
939 402
711 410
647 420
945 410
1411 414
525 414
1323 419
396 417
818 419
867 420
1604 420
681 422
1018 420
1077 442
1450 428
357 423
1350 432
777 426
1486 429
843 430
219 439
1035 454
411 437
893 434
978 435
1008 434
912 440
950 436
530 445
1116 440
364 442
704 445
825 443
329 443
883 452
1244 452
940 446
312 449
391 451
1000 453
1506 454
684 452
555 461
800 456
753 458
869 454
724 458
1321 471
424 472
926 460
980 460
1065 459
1142 461
483 466
676 466
957 461
774 470
1026 463
1530 467
805 468
1060 468
1204 474
1600 474
706 468
1557 477
1005 483
321 484
1490 474
1136 489
572 486
952 482
549 493
633 501
915 489
1511 493
844 492
1063 490
921 495
1308 493
1488 500
689 497
874 506
939 504
1700 495
1055 497
1352 506
1025 506
1102 503
990 533
914 510
1438 521
509 516
668 517
270 516
755 540
1065 515
1586 523
346 517
810 517
538 521
1136 520
1328 519
585 535
1067 521
328 523
934 522
1051 530
1027 527
369 532
727 532
206 550
236 542
346 538
786 541
922 540
1311 538
1339 544
542 545
946 548
1243 547
1361 546
837 551
1456 554
1286 553
1701 550
1116 577
662 563
1095 556
814 568
1061 559
620 563
870 564
1018 563
707 566
1037 561
375 569
992 572
308 572
1298 565
737 582
835 569
929 593
1050 567
1425 577
1354 571
1490 575
1555 572
264 592
757 577
909 577
944 578
1022 587
995 584
1293 584
1261 589
863 601
945 595
955 591
1041 591
1462 601
585 598
979 600
1311 598
1511 597
311 597
1280 598
1435 603
479 604
1063 599
442 606
347 603
966 603
1046 608
596 606
656 614
810 610
1326 608
504 615
1012 610
1562 615
611 616
892 615
923 618
837 618
950 617
1077 624
850 621
907 621
972 671
1028 620
425 623
644 623
1224 630
1113 624
1275 634
874 626
904 628
1342 631
564 636
934 631
997 628
1303 632
633 630
712 635
867 629
880 629
952 629
1104 633
529 637
733 635
295 641
336 640
1517 636
623 643
1009 640
1045 638
813 643
1034 645
1043 651
952 642
1106 655
1539 652
472 647
902 644
922 645
1289 654
553 647
826 647
854 654
907 647
946 647
769 649
243 659
608 662
819 655
751 654
1010 664
644 662
900 656
1162 658
578 658
924 667
1160 660
177 670
831 670
355 676
568 670
769 671
1162 680
1281 677
653 683
747 678
1033 674
800 679
408 682
1448 691
865 683
903 682
508 687
1063 689
291 689
1423 696
539 695
743 690
854 692
923 689
1039 696
1129 694
1296 695
1003 698
711 698
870 709
382 704
753 707
1185 700
1481 703
140 701
599 710
844 703
891 700
485 713
1008 704
139 704
230 705
259 710
732 707
1560 710
937 707
1317 713
1538 712
1059 715
195 720
323 720
570 715
771 719
903 717
942 715
275 720
349 721
956 731
983 717
429 718
935 720
990 733
1041 720
404 727
1439 742
1068 725
1303 728
524 735
577 731
846 732
924 741
1019 731
893 731
1235 741
859 734
1043 743
284 741
1535 744
604 744
690 744
1025 740
1311 743
1399 744
639 747
833 743
1371 746
895 743
1009 747
754 748
807 751
869 748
1100 751
1115 754
425 753
736 769
1475 754
507 757
658 756
776 755
171 759
971 778
1012 756
1074 756
868 756
1287 763
1314 786
929 763
945 761
1058 760
419 762
842 763
784 766
1177 764
571 770
829 769
1065 770
1308 766
904 774
1025 770
1425 776
922 775
599 789
1446 782
346 782
840 786
1280 781
232 784
911 779
1009 780
917 783
1219 790
1022 788
749 788
771 787
1037 788
1050 787
1414 787
855 790
936 789
1261 790
646 796
792 794
998 795
836 798
906 798
1030 803
527 804
931 800
567 806
758 803
805 804
1290 807
986 814
1333 817
801 810
857 811
343 822
400 811
630 816
765 812
886 814
792 815
831 815
940 817
1404 822
455 820
1005 819
950 820
1131 826
313 824
835 837
934 841
523 826
619 827
736 832
803 825
906 824
978 832
1075 825
1097 825
261 827
381 826
1264 835
1426 830
596 836
1031 831
1544 829
635 833
900 834
1178 830
402 834
755 833
1008 834
372 837
961 838
1046 835
1292 838
1402 849
872 838
1024 836
1504 843
242 840
1018 842
216 846
759 844
777 845
646 847
1001 849
419 855
721 850
1029 852
1050 848
1252 849
387 854
1048 852
1280 870
728 856
1022 861
1042 860
1234 857
1338 857
842 865
900 859
980 859
992 864
1119 877
361 874
551 873
700 863
977 863
451 864
734 866
922 865
570 869
884 870
925 870
1139 870
855 872
413 873
635 878
781 872
939 892
1023 886
1401 878
1501 878
977 876
1067 878
1187 883
887 882
1044 886
655 883
821 886
748 888
891 885
1139 890
903 888
1003 887
348 892
593 898
1285 893
784 894
974 894
455 906
335 897
813 899
833 901
893 897
427 900
779 900
961 902
990 903
1003 902
1027 902
754 905
306 910
627 911
1511 908
328 912
1057 910
955 919
1007 912
1427 914
252 913
284 912
582 917
606 915
760 919
803 918
905 913
279 914
661 915
989 915
1025 915
1546 917
558 926
1004 920
387 919
851 919
427 922
680 925
827 930
988 921
1286 928
900 926
998 928
1009 932
1328 932
344 932
704 929
858 931
875 928
1406 947
1475 932
113 933
384 931
692 935
797 935
869 932
1247 935
743 936
972 939
1376 940
422 936
888 939
941 937
1261 937
1294 946
267 946
632 947
956 949
1495 943
985 942
594 949
871 944
932 945
1512 944
1747 945
836 951
878 947
995 965
941 1093
1128 947
1441 950
1597 947
1269 949
1575 948
164 954
320 963
1247 958
1168 957
511 962
1042 958
1216 960
397 960
747 963
345 963
709 963
1278 963
201 965
733 966
960 965
553 977
824 977
940 991
1431 974
502 974
791 970
849 970
1292 970
1470 972
393 973
646 973
730 975
763 973
612 980
1495 974
1349 980
532 982
628 981
317 991
792 983
879 993
1185 983
1226 989
1285 983
478 984
1396 993
194 993
588 992
969 986
992 987
1366 987
278 989
779 1003
988 991
1537 990
1014 994
1268 992
669 999
837 1019
909 994
1034 998
1294 999
866 997
278 999
798 999
989 1000
558 1005
1476 1000
724 1008
764 1003
900 1012
1455 1005
995 1006
1473 1005
232 1010
492 1010
983 1007
1493 1006
705 1011
1419 1030
1644 1008
881 1010
1030 1013
668 1016
812 1014
1304 1016
1678 1013
392 1015
576 1019
650 1014
931 1040
1006 1015
1837 1015
499 1023
615 1020
873 1020
942 1019
550 1021
863 1021
964 1021
1055 1024
990 1024
1289 1030
191 1037
375 1031
584 1035
1312 1029
1326 1031
1002 1031
1237 1032
1028 1049
1466 1033
884 1037
956 1037
1367 1042
1605 1039
515 1044
979 1044
621 1045
835 1046
272 1048
562 1048
1178 1046
1248 1051
367 1048
955 1048
467 1054
500 1052
1326 1050
830 1053
961 1054
987 1055
1431 1058
1489 1059
1364 1061
1242 1060
1413 1062
547 1062
453 1063
381 1067
511 1066
960 1071
998 1064
137 1067
880 1066
918 1075
976 1067
1210 1072
1238 1066
700 1071
984 1069
340 1075
1455 1074
1001 1074
1289 1072
584 1074
629 1076
681 1075
1250 1076
662 1082
1234 1079
860 1079
1262 1086
275 1080
572 1084
949 1081
1147 1085
1215 1080
597 1084
1221 1087
492 1085
621 1087
911 1085
904 1087
1282 1089
1305 1089
528 1091
876 1090
1395 1089
1461 1097
678 1106
1658 1102
1688 1105
1407 1112
432 1110
505 1114
1163 1114
1373 1111
1287 1115
1534 1114
619 1117
1385 1115
347 1117
220 1118
1320 1120
1535 1118
290 1128
1488 1129
526 1127
1551 1122
1280 1125
377 1127
567 1127
1112 1127
1612 1126
229 1131
168 1132
701 1136
1211 1133
1635 1132
1661 1132
722 1136
783 1137
1251 1138
1650 1137
682 1143
304 1142
386 1140
802 1142
1301 1143
1413 1143
1473 1144
1623 1144
1732 1142
501 1147
1701 1145
547 1149
1230 1152
290 1155
727 1150
898 1151
1461 1151
617 1153
1203 1152
569 1157
612 1162
1435 1164
448 1160
769 1158
881 1157
923 1158
941 1171
1240 1163
1362 1162
579 1166
1591 1165
734 1167
1204 1168
1410 1170
417 1169
507 1168
1189 1175
832 1175
1322 1176
1383 1172
332 1175
704 1175
817 1177
1130 1175
1373 1177
877 1177
615 1179
1454 1179
297 1180
453 1182
762 1181
1527 1181
234 1182
716 1183
821 1183
537 1190
573 1189
1233 1186
1425 1199
478 1189
681 1189
818 1192
1111 1190
1405 1193
990 1194
1046 1196
1172 1195
1253 1195
162 1201
380 1197
724 1197
758 1198
440 1198
785 1201
820 1198
1617 1199
1707 1199
1837 1199
771 1201
1212 1201
1232 1200
267 1205
691 1202
371 1205
955 1205
1224 1205
366 1208
451 1207
482 1211
1470 1209
623 1211
1494 1210
1535 1210
581 1213
771 1216
932 1212
1214 1213
1538 1213
1401 1214
1721 1214
1468 1220
816 1219
1424 1220
705 1225
724 1225
780 1225
1271 1225
473 1225
1614 1226
1743 1226
488 1226
565 1227
656 1226
