923 614
118 0
191 0
215 0
301 15
378 19
401 6
539 12
588 1
606 0
639 13
731 0
907 0
971 0
1126 0
1264 6
145 5
214 5
602 5
869 12
74 11
358 6
695 24
182 8
845 29
102 11
215 13
359 12
574 13
458 15
285 16
1165 21
263 18
559 20
615 41
767 28
326 20
461 26
517 24
594 20
247 22
414 22
421 23
441 25
475 24
500 25
202 27
570 26
588 26
902 29
1222 26
286 29
324 29
407 29
443 29
572 28
734 28
811 39
1135 32
1223 30
149 44
200 33
327 32
368 33
409 32
418 35
477 46
590 41
343 45
362 39
374 38
431 39
521 39
563 38
278 41
316 41
665 46
772 43
73 43
318 43
550 42
566 42
237 45
1132 47
686 47
899 47
383 49
509 48
632 49
741 58
301 51
387 50
411 51
658 54
886 50
158 55
255 52
403 68
497 53
1120 57
436 54
461 55
513 55
583 74
306 57
638 56
1215 67
34 59
56 58
83 62
207 58
251 59
442 60
526 66
602 61
1095 63
41 62
340 62
755 65
829 63
896 64
1192 71
336 65
649 64
912 65
44 66
366 67
351 68
498 69
458 71
1059 76
46 73
265 72
355 73
466 72
505 76
1012 80
1254 76
475 88
155 77
173 76
328 76
338 77
357 76
448 77
552 76
230 79
848 80
231 81
362 147
367 94
564 80
233 82
440 90
497 84
536 86
765 84
274 85
513 85
1079 86
216 86
283 87
326 87
571 87
604 87
627 87
709 87
151 89
389 89
555 89
85 90
380 91
419 104
490 90
501 96
520 93
545 94
566 91
1256 112
272 93
661 95
116 94
135 95
209 95
306 95
404 94
517 95
701 97
253 101
299 105
527 97
465 101
563 99
616 98
731 99
64 108
1125 109
110 103
589 104
1024 105
1307 104
281 105
396 105
506 105
568 104
122 118
227 107
542 111
251 110
505 117
567 110
794 115
815 112
499 113
147 114
243 114
382 115
456 114
584 115
0 117
370 117
608 118
452 119
469 133
1079 125
1189 121
434 123
774 120
182 123
239 123
385 123
205 125
222 125
278 124
291 124
417 136
458 125
499 124
80 130
156 127
620 126
786 132
1519 126
266 129
302 128
315 129
490 134
518 129
619 128
23 136
276 131
447 130
547 131
1051 137
213 132
251 133
843 136
337 135
387 134
815 134
500 138
1023 143
732 143
901 150
87 145
706 169
221 156
815 147
1119 150
1164 147
461 154
722 149
742 148
414 151
486 151
604 151
627 153
846 153
514 153
962 164
1192 162
527 159
499 166
578 166
622 165
812 167
909 165
463 172
535 171
663 176
1065 182
1090 181
326 174
1637 175
259 176
611 179
799 177
816 179
1260 179
134 187
1001 181
321 184
729 183
274 185
1109 185
59 187
421 195
324 188
657 192
1176 206
839 193
918 191
920 190
281 193
346 192
688 195
1127 225
104 195
300 196
671 195
1267 199
92 199
829 249
902 196
241 199
669 200
775 203
324 207
560 211
66 207
22 209
860 208
1220 212
696 232
391 213
421 213
475 213
893 222
786 217
375 219
713 221
358 221
635 220
218 225
1201 222
1043 228
1059 229
238 229
314 236
451 236
573 242
758 231
791 231
937 236
428 238
1077 234
297 234
412 250
547 236
756 239
1207 238
242 241
651 249
1734 245
71 251
623 249
1084 256
1231 253
482 251
1037 257
341 253
1015 260
867 261
894 263
798 258
78 258
577 260
685 261
95 267
1058 265
596 270
678 267
795 277
1215 281
259 270
199 274
438 275
1180 281
303 276
909 281
1023 279
1275 281
267 280
776 280
858 281
583 284
1251 297
272 296
168 291
196 294
352 292
767 290
1231 293
1037 305
748 304
834 327
403 303
670 300
781 296
799 296
907 302
1095 298
25 299
50 314
327 304
386 301
689 299
760 298
935 300
1010 303
458 302
720 302
808 304
609 305
855 304
1212 306
1287 308
892 310
1106 317
646 313
1171 320
290 316
496 316
779 316
791 316
316 321
546 323
595 319
751 320
764 319
886 319
467 321
684 326
870 325
1088 338
222 328
650 326
777 327
701 330
741 331
796 329
483 333
757 330
885 331
188 337
644 334
1294 332
279 334
766 336
1293 335
395 336
132 338
350 338
405 339
799 339
964 338
233 341
367 342
400 341
451 342
684 344
785 344
802 341
872 340
1232 342
594 343
804 343
232 344
880 345
904 345
362 346
590 348
1037 352
1483 347
89 348
484 349
548 348
712 369
810 348
1254 348
873 351
424 353
436 370
482 352
772 354
1200 360
132 363
361 359
756 361
812 356
832 358
880 357
181 359
1220 386
202 365
608 366
113 363
893 364
1066 362
400 364
626 366
876 365
244 374
792 367
1162 367
482 374
820 368
832 369
391 371
788 370
1022 373
1092 371
170 374
217 376
295 374
501 375
514 379
1095 375
1176 387
776 377
847 377
876 376
664 378
800 379
308 381
454 380
774 381
869 380
824 383
939 383
564 385
616 385
684 389
1517 388
205 386
358 387
393 388
770 389
849 389
882 390
828 407
1048 398
580 394
651 404
873 395
906 394
30 397
221 396
423 409
515 397
794 398
472 399
623 398
775 398
1163 401
1600 399
218 401
919 401
1836 408
407 402
787 403
789 402
1000 406
372 407
498 413
782 407
889 407
1330 407
1072 412
1134 411
486 411
862 414
212 412
235 412
684 413
749 416
937 412
207 415
452 422
791 415
602 417
1182 417
1830 416
433 421
160 421
311 423
565 423
646 424
801 423
871 422
275 425
425 429
513 426
852 424
754 426
882 428
1090 429
1228 443
212 430
441 430
495 429
557 429
599 432
824 431
88 433
108 436
506 435
842 455
897 436
1185 439
1064 442
1104 438
127 456
161 441
332 441
457 441
513 441
679 441
796 449
1003 452
1286 447
402 444
635 445
698 448
761 446
88 448
813 449
1018 449
151 451
209 451
240 454
446 458
620 451
663 457
510 461
1165 458
1149 460
1200 466
501 459
526 461
172 461
950 464
1105 475
74 462
144 463
155 462
689 463
596 464
886 466
641 467
873 467
899 466
1029 472
1438 467
367 468
1230 473
215 471
340 471
877 473
69 472
277 473
897 476
461 474
685 479
164 481
1155 479
457 479
584 478
598 478
805 479
293 481
717 481
790 481
553 485
512 487
914 487
1085 487
1222 486
592 489
835 489
882 506
439 491
862 491
944 501
309 500
799 493
395 496
741 495
1021 494
1254 495
739 496
1198 496
214 499
584 501
705 503
151 500
561 501
814 502
863 503
1079 503
1178 505
52 504
110 505
842 504
997 504
1368 504
48 506
425 508
549 506
1203 511
668 509
274 511
1040 514
1348 510
390 515
178 518
515 514
441 516
601 516
982 520
1069 517
348 518
741 519
769 519
866 522
1256 519
51 520
550 520
612 521
619 520
997 520
639 522
816 523
847 528
1080 522
1178 523
434 526
589 524
1044 527
576 529
687 527
719 527
198 531
296 528
453 528
477 528
607 528
380 530
691 539
348 533
594 533
612 532
657 535
1188 533
53 538
818 539
896 535
1200 543
441 536
490 547
738 537
747 536
1185 536
560 539
351 541
454 541
971 541
369 542
510 544
677 543
837 548
883 558
1622 543
314 544
283 546
788 547
1094 550
1230 546
623 550
909 549
1007 549
1061 549
1212 551
1626 548
139 551
345 551
417 552
446 551
93 552
607 552
801 569
392 554
577 563
718 558
1042 556
526 556
1456 559
1515 557
293 559
375 559
473 561
674 563
1014 560
220 561
222 560
286 560
736 561
1144 563
702 562
1025 564
1182 571
175 564
183 565
413 566
537 565
605 564
695 565
779 564
916 564
200 569
438 571
554 569
271 572
636 570
1221 570
108 573
170 572
337 572
25 575
229 574
458 574
528 575
596 579
741 581
9 577
285 580
504 577
524 577
648 577
764 577
259 578
1207 584
32 581
246 580
662 581
889 581
921 581
249 584
350 584
515 585
1185 584
507 588
787 589
898 589
445 591
502 591
523 590
679 590
886 596
1103 590
1195 590
1451 590
150 593
395 593
496 593
525 593
617 592
650 599
680 593
692 592
902 592
957 595
18 594
206 594
372 594
757 595
792 595
1052 594
1139 597
1177 594
71 596
538 596
625 597
685 597
729 597
744 596
768 596
916 597
1001 598
193 598
235 598
467 598
212 600
425 601
663 606
733 601
776 602
464 603
754 605
826 602
857 607
902 603
513 605
550 604
606 604
874 607
826 833
1082 606
1169 613
46 614
694 606
764 609
968 613
376 609
576 609
595 608
919 612
1184 610
326 610
597 611
744 611
1010 610
396 614
445 612
524 615
741 613
115 614
320 614
632 615
1071 614
454 618
873 621
1101 619
1126 622
537 619
465 620
506 620
1379 620
656 622
1405 624
520 624
636 624
720 626
1340 624
0 627
418 629
596 627
847 628
1001 630
801 631
1305 629
81 631
341 634
354 633
969 633
1312 632
1353 632
408 635
754 634
763 638
1071 634
1240 637
447 636
510 636
576 636
1021 637
55 640
179 640
583 643
614 642
1165 664
241 643
429 643
528 642
635 643
125 644
670 650
794 645
353 646
1038 646
256 650
793 648
100 651
460 650
568 650
390 653
496 652
503 655
522 652
1020 654
392 654
646 654
1257 654
534 656
583 656
656 657
802 658
89 658
203 659
444 664
633 658
757 659
877 661
508 661
595 662
864 660
1106 660
1218 661
160 663
333 664
550 663
1041 662
1112 663
394 664
430 664
1259 665
1724 665
82 667
227 666
480 666
782 666
296 669
622 670
833 672
131 671
406 670
640 674
679 670
1011 673
1177 671
1023 677
1142 674
1192 674
98 675
427 674
580 674
1065 675
479 677
518 681
573 677
850 684
989 677
1798 677
172 679
328 678
530 679
550 679
607 679
413 681
446 686
728 681
756 681
602 682
1134 688
493 684
612 690
1180 692
240 686
345 689
469 687
545 687
632 686
643 687
665 692
759 687
1672 687
222 689
813 690
1794 689
208 690
233 691
566 690
1011 692
1781 691
494 699
600 692
1251 693
150 695
418 698
971 695
1067 695
29 697
444 696
544 696
798 697
580 698
757 703
56 700
349 700
525 701
1055 700
1161 706
77 703
188 702
582 703
1111 704
543 705
703 705
806 706
832 705
886 705
2 706
477 706
504 706
570 707
1003 706
615 709
739 708
1132 712
556 710
845 713
903 711
464 714
1007 714
64 714
537 715
655 715
479 716
585 718
599 717
763 747
1105 732
1431 718
819 730
264 720
283 723
332 721
383 722
402 721
524 721
577 720
1070 723
1324 721
169 722
200 723
791 724
245 725
391 724
432 725
1281 724
608 727
736 727
555 731
801 729
898 732
1021 729
1041 728
1185 729
118 731
452 730
616 730
661 730
713 734
1024 730
1121 730
230 732
357 735
532 735
642 737
1387 734
86 738
350 737
388 740
458 738
535 737
842 738
882 738
165 739
508 741
539 738
865 738
1327 739
169 744
414 740
578 740
1116 740
1252 741
1716 741
136 744
343 742
595 744
645 742
807 743
1152 744
1294 745
631 746
660 747
852 747
1155 747
1395 747
424 749
500 749
716 753
790 748
815 750
283 751
404 751
863 754
978 752
996 752
1410 750
234 752
589 752
600 752
794 752
1170 759
346 754
639 756
1040 756
1299 754
235 756
266 756
554 757
623 757
901 756
1264 757
1506 757
28 759
466 758
651 759
1754 758
145 762
192 761
219 761
376 762
586 760
618 766
875 763
23 762
131 766
216 763
594 763
895 763
1043 763
816 764
834 766
1006 764
1154 764
1023 768
1083 766
1325 766
58 770
102 775
349 768
399 769
508 768
998 769
1053 768
202 770
315 771
415 771
498 774
525 771
635 772
1191 771
119 775
199 773
341 772
650 773
660 773
853 772
1026 773
1245 772
224 774
793 775
1254 775
259 777
386 777
474 776
689 777
1124 783
1157 780
1230 776
319 779
477 782
615 778
755 779
767 780
852 779
1010 780
61 781
432 781
550 780
562 782
591 781
724 791
980 780
1064 780
1083 784
1190 780
132 785
326 782
642 783
703 782
995 784
1277 784
333 784
515 785
789 785
23 787
173 789
247 786
340 787
465 788
573 791
630 786
868 786
110 791
591 791
639 788
1109 792
690 790
866 790
893 791
1046 791
627 793
782 792
1009 793
362 795
621 795
1155 798
329 796
386 797
432 798
471 796
536 796
1022 796
153 799
515 799
600 806
798 799
323 801
766 801
849 801
1099 805
350 802
627 803
643 806
768 805
805 803
1026 803
1177 803
1418 802
537 805
589 804
615 813
738 806
408 806
1050 807
1203 807
95 810
335 808
574 812
586 813
1081 813
1281 810
276 812
280 813
351 814
444 813
522 813
545 812
560 813
91 814
117 815
142 815
470 814
511 816
514 814
999 815
1149 814
344 824
402 816
534 817
691 818
1152 817
1312 816
167 818
227 818
423 823
1075 820
1353 818
28 821
317 821
499 821
1042 821
1183 823
405 823
443 824
460 823
643 822
1025 824
77 825
1453 825
114 827
310 827
491 827
584 826
435 829
523 830
585 828
645 829
709 829
754 828
126 831
279 831
502 832
452 832
462 832
739 834
123 835
321 834
182 837
262 836
1069 837
1044 844
1145 838
1166 839
260 841
1189 840
100 842
236 843
485 842
560 842
94 846
435 848
474 849
1057 846
1399 847
212 848
541 848
576 849
997 848
1149 849
1182 849
1563 848
1811 875
127 850
344 851
509 851
537 850
1193 850
366 854
512 852
648 853
1131 853
347 855
1129 855
1143 854
1492 858
77 859
11 861
78 861
395 860
453 866
288 863
1070 863
1549 863
555 865
597 865
1566 864
301 869
349 866
430 866
543 867
366 868
583 869
613 868
1400 868
1595 869
511 871
637 871
1030 871
1149 870
332 873
398 873
488 872
1011 873
300 875
461 875
616 877
1114 875
436 876
1059 882
273 878
385 882
613 882
1160 882
53 885
276 886
334 886
1252 884
427 887
1309 888
292 889
401 888
447 888
543 895
1041 888
1185 889
1575 889
118 892
466 891
1046 890
494 892
1016 893
1177 893
386 896
577 895
415 896
519 897
1118 896
1134 897
1200 898
1 899
376 904
509 898
610 900
1326 898
1469 898
317 900
421 900
1159 906
22 902
424 902
427 904
930 903
1077 903
1132 902
337 905
439 904
1779 908
62 907
412 908
1023 908
1179 906
26 909
505 911
534 908
590 909
118 910
574 910
1126 912
371 913
856 912
868 912
1087 913
1147 915
257 915
603 914
1014 914
1114 914
1209 915
1253 915
556 920
583 916
655 916
893 916
1833 917
677 918
701 921
879 918
1279 918
1340 919
497 924
528 920
1095 920
333 923
642 923
727 923
1256 923
1283 922
391 925
654 924
858 924
1008 926
1102 924
332 927
537 926
607 926
1173 927
1456 927
1473 926
516 928
203 930
288 932
1472 930
405 932
754 932
759 933
776 932
1043 936
565 935
772 938
352 938
616 938
789 939
1125 938
140 938
432 939
544 940
891 941
1090 938
307 940
718 940
479 943
748 943
1012 944
1057 942
1084 945
271 946
372 947
703 946
514 948
806 950
1018 948
301 951
358 953
704 951
729 953
1008 951
446 953
996 954
1142 953
1460 953
55 955
306 955
459 955
684 955
920 958
417 957
1124 956
1830 956
109 960
380 959
523 960
644 958
736 959
1055 959
1094 960
1197 959
478 960
759 963
564 963
914 964
1136 962
1526 962
54 965
532 965
640 965
677 965
692 964
559 967
698 970
1001 967
1139 966
1172 967
410 968
553 970
431 971
127 972
842 973
1150 973
1365 972
1706 973
56 974
401 975
520 975
668 974
686 974
766 974
1708 974
484 976
679 976
708 976
781 978
937 977
1027 977
1166 976
1246 977
126 978
272 984
305 979
544 978
980 978
1088 980
1146 980
1426 979
569 982
574 980
1183 981
1373 981
326 982
379 984
1052 985
1085 986
1299 984
765 987
1265 986
292 988
445 989
698 989
719 988
767 988
803 989
946 989
1119 989
1139 989
1395 989
389 990
514 990
745 991
1115 992
1250 990
1400 991
236 993
414 993
493 993
539 994
740 996
203 995
406 999
854 995
981 995
1057 994
1064 996
1269 995
373 997
516 1000
796 996
1248 997
48 998
710 998
758 999
1140 998
349 1000
863 1003
913 1002
1233 1001
10 1006
436 1004
617 1004
983 1004
1010 1005
108 1006
482 1006
551 1008
797 1009
876 1007
1179 1007
1675 1007
84 1012
475 1008
520 1010
599 1008
616 1009
737 1009
194 1011
446 1012
547 1011
758 1011
1096 1010
1146 1011
1394 1011
122 1013
380 1013
926 1012
270 1014
340 1015
521 1015
765 1014
1316 1016
127 1017
302 1016
367 1017
398 1016
1142 1017
1246 1016
1248 1017
1262 1017
1510 1017
176 1019
237 1018
469 1019
626 1019
1119 1019
79 1020
115 1021
220 1021
413 1020
510 1020
568 1020
1318 1021
1670 1024
53 1023
719 1022
721 1023
874 1022
969 1022
22 1024
549 1030
956 1025
1173 1025
646 1026
677 1026
1577 1026
58 1028
233 1029
366 1028
1040 1029
1140 1028
371 1031
698 1032
1267 1030
1325 1031
323 1032
1144 1032
22 1035
610 1035
1104 1037
1363 1034
684 1036
690 1038
1352 1036
513 1038
546 1039
1381 1039
1413 1039
835 1041
991 1041
506 1042
1068 1047
81 1044
145 1045
223 1044
424 1044
426 1045
519 1045
367 1046
1497 1046
933 1049
1030 1048
220 1050
465 1051
1124 1051
1465 1050
266 1053
288 1053
348 1053
522 1054
682 1053
709 1054
1355 1053
313 1055
402 1055
1086 1056
287 1056
737 1057
896 1057
1152 1057
599 1059
1056 1060
1111 1058
257 1061
360 1061
499 1060
936 1062
989 1060
1026 1061
403 1062
700 1063
415 1065
775 1065
1098 1065
1290 1064
64 1067
183 1067
346 1067
893 1066
1307 1067
670 1069
846 1071
1231 1068
1288 1068
314 1070
1061 1072
1309 1071
264 1074
730 1073
512 1077
1743 1076
1747 1077
475 1078
712 1079
1326 1079
8 1081
1092 1087
296 1085
449 1082
921 1082
1229 1083
7 1085
184 1095
603 1085
808 1087
1122 1085
1201 1086
530 1087
667 1087
703 1087
741 1087
1025 1091
390 1090
585 1090
622 1090
1446 1089
807 1092
971 1092
791 1092
956 1092
995 1092
1134 1094
265 1095
673 1095
1085 1097
1110 1096
1586 1097
1 1099
58 1098
345 1099
385 1098
417 1099
432 1098
620 1099
780 1098
908 1099
1087 1098
1145 1098
1229 1099
1274 1098
473 1101
815 1100
498 1103
569 1102
699 1102
749 1102
1184 1102
82 1104
1384 1104
231 1106
533 1107
1114 1107
1242 1106
1334 1107
1715 1108
36 1108
73 1109
559 1108
613 1108
646 1113
1174 1108
1190 1110
1266 1108
1455 1109
621 1112
1315 1111
229 1113
487 1114
517 1113
539 1113
813 1113
998 1114
1399 1113
526 1115
628 1115
973 1114
1099 1115
1404 1115
1492 1114
1096 1117
1611 1117
178 1118
531 1119
574 1119
846 1118
896 1119
1126 1118
1178 1119
203 1122
220 1124
1003 1120
1041 1121
112 1122
758 1123
1340 1122
94 1125
410 1127
457 1125
668 1124
721 1124
840 1125
929 1124
1082 1125
1106 1124
1194 1124
177 1126
726 1126
1092 1128
1680 1127
1771 1127
163 1133
570 1128
693 1129
799 1129
878 1129
954 1128
991 1128
1051 1128
1425 1128
10 1131
308 1133
497 1130
769 1130
921 1131
1021 1131
1273 1131
351 1133
855 1132
494 1135
648 1135
706 1136
842 1136
1080 1135
1097 1137
708 1139
717 1138
470 1140
488 1143
510 1140
740 1141
830 1140
1341 1140
878 1143
1017 1143
93 1145
249 1145
280 1145
650 1145
85 1146
172 1147
592 1147
731 1146
1019 1146
1152 1147
182 1149
401 1149
551 1148
1118 1149
28 1150
616 1150
1078 1157
1170 1152
1350 1151
1209 1152
1223 1152
1445 1153
283 1156
431 1158
864 1158
1030 1156
1291 1157
50 1159
346 1159
606 1159
842 1159
608 1161
699 1160
887 1160
993 1160
1148 1161
164 1170
535 1162
844 1162
876 1162
913 1162
789 1164
988 1166
1046 1164
695 1167
548 1169
765 1169
920 1169
1215 1168
1587 1168
15 1170
238 1172
553 1171
685 1171
1569 1171
618 1172
641 1172
712 1172
254 1174
783 1175
542 1177
738 1177
821 1177
1243 1176
168 1179
387 1179
436 1178
456 1178
880 1178
949 1179
1003 1178
1505 1178
392 1181
416 1180
441 1181
651 1182
702 1181
873 1183
0 1182
24 1182
362 1182
534 1182
1152 1186
1428 1182
208 1185
713 1187
997 1184
1069 1185
1092 1184
863 1186
1035 1187
220 1188
407 1188
666 1188
1171 1189
1308 1189
1127 1191
1267 1191
166 1198
881 1195
952 1193
978 1192
1059 1193
1101 1193
1257 1192
315 1195
769 1194
1414 1195
521 1196
824 1199
1492 1196
325 1200
389 1199
998 1199
1112 1199
509 1201
1187 1200
1231 1200
874 1203
1011 1203
1118 1202
1439 1202
503 1205
588 1206
628 1204
1008 1205
1036 1205
1529 1205
1676 1205
520 1207
771 1208
796 1207
966 1207
1530 1207
227 1211
1180 1210
1401 1208
1533 1209
863 1210
923 1211
1120 1211
1133 1210
1236 1210
151 1213
601 1212
901 1213
914 1212
1042 1213
1216 1213
1312 1213
259 1215
1030 1215
1087 1214
1130 1214
876 1217
1054 1217
1160 1216
274 1219
386 1220
784 1219
827 1218
1103 1218
1110 1219
1145 1223
149 1220
170 1224
825 1220
908 1225
986 1220
994 1224
1090 1221
334 1225
730 1225
884 1222
1195 1225
269 1225
747 1226
240 1226
957 1227
1050 1226
1123 1226
1184 1227
1319 1226
1378 1227
1410 1226
