915 615
649 3
809 0
944 0
1022 142
1027 3
1214 30
1238 0
1255 3
1456 75
1600 62
1680 39
1331 18
779 11
426 13
711 15
663 17
949 35
1275 14
1125 16
817 27
588 24
1360 41
873 32
529 33
577 35
1503 74
1074 38
715 41
648 47
888 54
1267 61
1103 62
849 63
1243 88
912 69
818 68
638 72
664 76
721 92
800 78
1163 76
783 91
863 81
1187 82
1018 94
1353 95
1092 92
1271 92
741 116
692 95
950 100
1437 101
929 104
1095 100
484 103
1171 103
1292 104
833 117
1200 109
1313 108
955 128
764 122
855 122
1199 139
798 126
554 131
780 131
1013 133
1646 138
1270 141
716 194
868 144
762 157
892 150
1327 154
778 146
911 144
626 155
646 151
849 150
798 151
576 170
753 193
613 180
1201 179
865 183
1227 189
953 194
1181 189
1193 194
1092 192
666 215
530 209
1308 204
779 213
441 215
574 215
699 219
959 213
1503 219
923 230
891 222
1350 233
769 231
1169 275
1089 246
534 256
564 254
1456 254
1220 256
906 267
669 266
755 267
949 271
718 271
735 273
715 296
726 277
1241 306
804 282
861 285
1093 279
1194 283
1122 298
570 292
1533 307
913 296
1365 312
1432 315
694 318
546 306
1323 315
1202 315
509 315
764 333
251 323
654 326
640 328
719 353
1291 329
1198 336
674 340
836 334
925 350
1177 358
532 350
648 361
986 346
1127 346
1085 348
873 351
460 361
793 367
1053 366
1536 380
826 372
902 374
1244 383
703 372
630 382
858 378
1038 381
881 389
994 391
761 390
1216 392
667 412
576 416
737 402
803 402
640 413
739 404
1082 409
1231 421
912 419
957 433
544 426
556 423
815 423
1072 423
782 431
921 443
793 427
765 437
1126 431
1182 431
1470 438
818 443
688 445
792 442
181 445
872 453
1055 444
747 452
778 452
1078 462
844 457
985 461
796 484
687 471
1243 470
624 475
1266 472
851 501
1241 483
993 486
1220 504
1293 495
970 493
740 498
1054 489
525 491
705 503
1122 504
937 503
1097 517
1201 506
437 516
756 510
1206 513
501 516
827 520
799 520
1165 523
657 529
981 535
755 530
574 539
851 535
1227 542
1269 544
485 539
1138 556
969 540
1013 538
934 545
615 548
818 551
884 551
1059 554
1186 565
537 557
637 569
866 570
1094 562
1309 567
927 576
1044 578
1250 577
673 584
1085 598
775 590
612 591
967 593
999 591
1263 592
1126 594
1138 600
1294 605
1504 600
430 603
1213 607
587 612
1011 614
639 615
596 619
851 621
913 624
730 624
853 623
770 637
466 634
619 631
635 631
802 643
598 633
861 636
825 641
860 641
884 641
898 644
912 644
945 643
859 645
1169 646
870 678
858 649
896 653
965 656
821 657
946 656
756 668
916 686
951 693
1250 702
1437 700
1203 705
739 693
980 697
845 704
1228 707
1590 706
548 703
334 716
408 719
677 721
727 721
1042 721
1512 729
827 724
865 723
1628 725
935 732
927 737
505 738
884 737
1433 753
809 754
602 752
1055 761
1241 764
1141 754
651 760
919 758
829 760
923 760
908 763
930 767
934 774
884 789
1286 799
694 783
937 792
777 797
857 803
405 796
683 797
541 802
1150 801
956 804
484 810
912 814
510 813
703 820
895 817
601 834
851 825
1510 832
728 827
1207 845
634 839
1026 850
1276 848
741 853
777 855
855 852
863 856
865 857
870 861
1017 864
1053 860
571 867
812 874
777 871
427 871
529 874
836 873
903 875
746 893
1018 880
477 886
476 889
565 890
603 891
687 894
764 895
1193 896
731 897
1231 906
588 909
1296 917
931 915
596 915
790 920
861 918
602 919
703 931
738 920
764 922
614 924
812 936
935 932
629 939
806 1031
837 947
736 959
784 961
836 971
761 984
465 987
680 982
885 993
701 990
713 991
8 998
499 1023
1217 1026
1347 1026
1502 1040
1050 1045
547 1067
1383 1082
1146 1081
1387 1100
418 1115
505 1113
1330 1111
1010 1130
422 1150
1430 1197
771 1222
106 1227
