918 608
41 0
63 61
78 1
111 60
223 60
556 1
872 13
914 4
1022 14
1052 3
1255 7
1403 4
1504 16
1757 104
1195 6
169 7
405 11
1165 76
7 74
686 25
147 16
950 22
1147 20
151 34
641 23
745 20
912 42
1130 28
1381 32
662 33
1205 30
849 38
1116 35
1349 33
990 52
1201 47
1278 40
1429 203
873 47
775 55
1081 46
1234 44
1372 50
1436 50
1223 54
1254 83
599 68
884 59
1033 76
767 119
733 72
774 72
826 158
149 88
1087 74
922 74
977 138
1336 81
1193 107
1280 94
1559 81
546 86
656 95
1079 88
1045 105
1125 97
725 110
527 102
1147 99
1362 112
636 100
885 112
616 115
1073 108
1314 110
1285 137
934 122
1438 118
692 119
1107 116
35 121
661 138
566 123
789 122
1144 123
792 124
1587 130
174 127
1048 134
1117 136
1249 131
1074 134
1150 202
626 139
666 137
1320 138
560 138
562 140
1327 147
612 146
1387 147
775 155
1183 151
1492 173
641 156
56 275
1065 167
1361 178
634 183
883 180
197 290
745 189
1211 174
112 223
1038 179
251 293
709 177
656 178
815 182
1101 182
1553 191
590 190
652 189
721 193
1076 201
654 201
934 201
896 211
1334 218
627 218
581 231
1026 219
687 238
832 235
932 251
598 231
1254 339
761 238
856 244
609 243
651 243
958 253
1070 245
710 247
977 249
1057 248
716 254
991 254
740 268
1124 254
819 254
1225 258
667 264
1062 265
632 269
1007 271
108 270
981 278
836 275
886 287
182 276
110 332
1323 305
1049 288
803 287
1015 299
1276 288
820 296
1066 295
1087 297
626 307
928 308
901 302
1158 321
806 302
974 350
860 321
899 310
960 310
695 324
831 323
1140 325
1355 344
595 325
761 337
668 328
786 335
486 332
717 335
838 341
915 348
825 345
1457 347
1459 346
1455 348
1448 351
1450 350
566 355
808 354
1070 355
1444 352
1023 446
1439 355
1441 354
792 357
797 358
1155 421
735 364
1064 365
810 367
890 371
820 372
853 377
589 376
631 376
787 469
828 381
646 384
729 385
1324 385
626 392
788 401
1504 399
32 395
560 395
595 395
1035 397
72 396
160 397
833 397
958 405
1087 403
859 417
1447 421
586 419
657 420
970 419
1085 422
645 422
499 427
669 428
724 428
652 429
656 435
970 433
682 440
1066 438
580 437
1249 438
1094 441
905 443
778 444
1100 446
1253 462
629 456
1440 456
193 496
708 463
837 460
852 460
249 502
610 471
856 466
573 476
1363 492
863 477
858 478
1270 505
916 486
1324 487
595 491
855 491
488 493
708 496
1094 493
974 496
849 501
1148 521
719 518
1104 510
895 518
1541 516
1065 522
1217 554
927 531
583 528
686 535
762 535
1119 530
729 535
974 533
780 539
966 542
853 551
151 542
210 543
1065 549
596 555
668 559
1149 563
699 556
701 557
870 557
835 565
193 560
770 564
1493 588
763 582
247 573
1828 645
794 577
842 748
191 582
792 609
822 578
924 587
1263 616
647 583
1348 583
1404 583
1148 586
246 591
564 597
888 592
1311 597
1069 605
246 601
727 614
984 607
1424 600
621 605
192 608
1046 617
1323 616
1420 622
1436 622
1333 628
1117 642
1534 632
733 631
895 668
1021 632
541 643
1038 640
768 641
785 650
1385 647
567 648
681 649
769 649
799 649
814 666
1009 649
1552 653
701 660
767 654
1093 672
931 669
730 669
773 661
630 665
541 665
716 666
191 666
210 666
231 667
1073 670
771 695
571 679
1054 677
708 682
1314 681
810 687
1313 689
1532 689
1311 690
1496 702
913 713
991 706
1432 705
682 713
1143 725
1244 728
892 720
955 721
1271 743
1033 729
1076 732
585 734
1006 746
1046 752
652 747
1154 744
1790 744
722 750
911 752
1306 752
1222 766
1011 761
343 763
601 774
1020 765
670 770
164 769
775 780
953 769
1031 771
1367 770
1022 784
672 788
439 795
1167 800
1289 786
352 791
1350 809
935 795
948 802
455 797
365 804
625 804
768 806
385 806
526 806
421 808
481 811
1044 811
974 820
1227 824
412 818
1423 832
895 825
89 825
1001 827
307 827
658 827
133 831
416 831
320 833
963 832
202 835
580 839
72 840
566 844
207 842
596 843
624 856
777 944
901 852
1056 852
1266 848
715 857
675 862
981 887
1069 869
594 866
1106 881
688 901
668 879
1155 887
1506 877
862 880
1784 883
724 888
918 886
643 886
648 890
1004 888
1053 912
933 893
1009 897
731 900
1339 902
1280 921
723 910
627 920
659 919
998 928
610 927
645 923
662 923
707 922
287 925
578 948
951 928
1196 958
890 952
1032 941
488 945
612 945
658 956
1095 949
1167 961
1386 961
466 950
1039 954
618 1001
1456 963
482 971
1258 986
929 980
904 973
1294 977
895 990
673 989
119 991
217 990
319 991
838 1000
196 992
683 993
1182 993
72 996
995 1003
255 1000
301 1001
652 1000
458 1005
680 1006
501 1008
359 1011
205 1015
950 1016
953 1021
257 1023
309 1023
332 1023
678 1022
1018 1026
726 1029
957 1027
570 1034
1266 1039
963 1038
698 1039
743 1142
966 1041
105 1044
969 1050
37 1049
182 1048
479 1049
315 1053
476 1052
1023 1052
1163 1053
669 1062
308 1057
1313 1068
595 1059
1007 1063
1036 1060
231 1062
426 1074
1038 1062
181 1067
1261 1084
446 1083
596 1085
8 1089
1218 1091
141 1093
134 1100
357 1105
441 1104
408 1109
12 1110
1465 1111
441 1115
1172 1117
35 1118
219 1119
199 1124
364 1124
294 1128
1349 1130
1362 1133
381 1141
2 1142
311 1142
1458 1142
46 1147
231 1153
142 1158
163 1157
310 1158
204 1163
1178 1165
354 1168
285 1170
441 1175
314 1180
104 1185
127 1185
94 1189
395 1188
1231 1188
286 1201
66 1204
258 1206
93 1209
279 1208
176 1212
350 1214
328 1218
178 1221
444 1224
489 1222
261 1225
625 1227
