921 608
704 10
828 9
916 1
977 4
1359 8
1210 13
631 26
800 24
1126 24
1173 26
761 27
842 27
910 43
616 50
971 44
888 57
772 69
925 78
1002 83
789 96
888 91
915 110
1017 91
705 99
1309 101
759 104
837 115
488 113
1158 119
1328 118
939 118
1066 119
1240 120
959 122
888 123
764 133
799 143
473 149
645 150
455 149
913 152
970 157
1356 150
1166 161
1187 157
1123 166
1083 169
1559 218
1606 226
896 230
873 233
1364 244
1158 253
794 255
929 255
939 257
1390 258
901 259
322 262
1036 278
1089 278
1051 284
590 287
857 316
719 316
612 317
880 321
837 337
606 364
400 360
404 362
394 375
1398 390
698 404
900 410
818 417
1592 434
1157 431
959 445
1072 446
848 451
543 478
987 472
593 486
1042 498
743 506
683 503
792 502
981 510
1096 505
1083 518
676 523
543 529
1178 529
897 531
1162 538
1278 538
1082 541
804 574
939 577
1092 585
1097 584
946 594
933 599
950 626
686 642
1142 651
1623 649
557 682
969 715
690 716
882 717
799 764
784 787
860 784
835 788
828 798
1405 802
841 813
825 857
831 873
749 874
764 877
746 905
857 904
752 910
759 912
764 915
778 915
768 916
1074 924
512 931
515 935
612 938
982 942
670 944
607 950
972 948
705 969
806 976
785 1070
478 1012
1503 1016
541 1021
1712 1021
537 1024
531 1030
518 1039
1059 1041
958 1049
945 1047
513 1048
963 1060
714 1117
1646 1226
