907 621
10 35
58 7
292 2
528 6
563 6
638 34
842 0
996 89
1075 9
1113 14
1143 1
1229 6
1326 47
1602 24
1716 17
1792 1
218 20
1263 8
1163 13
1833 21
968 20
919 40
349 38
506 28
700 36
1282 21
589 30
1085 28
1046 42
1121 47
1193 43
393 45
1165 53
1081 75
1214 54
259 62
1619 58
536 87
114 71
1736 86
177 81
956 73
381 83
1185 78
622 90
857 81
1033 76
920 82
1247 80
1009 95
1222 90
579 100
694 113
819 101
471 107
1185 105
1163 109
1460 104
348 113
1237 118
1091 111
1204 112
1274 112
1561 125
846 130
1448 114
635 118
1081 132
409 128
950 124
1504 119
1766 173
614 131
1494 120
1192 123
1255 123
150 139
1530 125
1537 127
113 137
660 139
336 136
1287 150
1452 137
1506 137
778 155
1194 162
1488 139
926 146
1102 149
1151 144
362 146
1425 171
1264 153
1633 148
972 155
1306 153
217 162
1659 155
1167 158
1581 206
1698 159
247 166
902 171
1226 167
1484 169
1516 169
952 170
1115 175
1367 174
1219 180
1521 176
278 183
1688 179
1077 210
1489 181
357 189
1107 187
1467 187
1016 200
1291 191
1359 188
1494 188
837 202
1236 193
1624 191
1169 194
100 207
1680 199
961 206
1135 210
1194 201
1326 201
1515 201
1632 215
1813 203
583 212
1423 206
1361 209
1280 213
1475 212
880 214
1241 218
1700 215
940 234
480 227
896 218
977 219
1031 224
1325 225
1384 218
1415 218
1492 218
1500 219
1690 218
1361 221
1420 221
1818 222
304 229
1383 224
512 235
347 237
991 258
1095 237
1345 229
1372 229
1505 229
1751 228
1828 249
1250 234
1487 230
1133 233
1203 237
1398 234
1782 305
1181 239
1268 239
1150 238
1217 240
1338 238
1473 238
840 244
1492 241
582 252
1429 248
1347 245
1518 248
1536 245
149 252
530 252
1359 246
1603 247
1729 247
1200 248
1383 249
1416 254
1617 253
1488 250
104 261
1597 253
1165 254
1222 261
1387 255
1456 256
1467 257
1529 256
842 276
1106 260
1392 260
1452 261
1502 269
304 267
1259 262
1438 263
1534 262
1542 263
1047 297
1086 281
1147 282
1402 264
1482 265
1708 264
759 269
1288 285
1530 269
1484 268
1517 269
1544 269
923 272
1404 270
1556 270
620 284
1195 273
1413 273
1564 273
1582 273
1640 273
1453 275
1496 274
1523 275
1583 275
1662 274
1341 297
485 288
860 278
942 280
1213 279
1495 278
1617 295
1836 279
291 288
1397 281
1542 286
1599 280
120 311
1461 283
599 292
1571 287
1644 285
1412 297
1494 287
1592 288
1459 290
1563 291
1587 291
1441 293
1448 295
1225 317
1701 298
547 306
1389 299
1393 298
1738 299
925 309
1492 305
1530 329
1669 301
1179 305
1196 304
0 310
449 314
1558 304
1567 309
1646 305
482 325
1765 308
1390 310
1460 339
1667 310
1185 315
1678 315
1832 313
1313 314
1315 315
1439 315
636 322
1003 322
1176 324
1653 330
1681 321
43 323
228 328
971 334
1146 322
40 324
893 330
1059 325
1091 325
1134 326
376 327
258 336
282 334
613 336
621 330
1104 338
1057 335
1154 333
776 340
1164 340
1257 350
1330 336
436 344
1028 346
725 344
1000 344
851 346
132 369
1120 354
1495 361
1087 359
1294 385
384 358
509 371
535 358
561 362
1712 399
790 366
479 358
592 371
829 370
1547 362
922 395
965 376
1158 367
1372 392
257 378
763 376
774 377
802 380
860 385
1343 377
534 384
776 379
1098 378
1327 386
324 382
1648 399
1181 385
1264 384
818 386
1093 386
1831 386
797 388
613 391
764 391
888 392
1209 391
1002 400
1030 417
1157 400
807 398
1231 398
1580 411
1075 399
1314 399
1073 400
487 414
1057 405
1619 405
788 412
1119 409
1194 407
1216 407
742 408
204 416
868 425
1131 410
1174 411
804 414
995 414
1198 416
1134 419
330 422
1112 432
1155 419
1214 424
1534 418
47 432
684 429
970 439
1079 426
743 424
1172 425
742 427
1192 426
1617 426
1360 445
1184 431
169 433
822 435
893 438
216 436
541 451
1056 459
1147 461
503 446
781 439
804 439
222 440
1038 440
793 443
919 442
1184 443
1197 442
22 452
187 457
791 445
144 448
588 465
1234 455
258 457
825 459
942 460
1281 457
1759 474
850 463
1201 465
49 465
903 464
1099 465
1087 462
805 469
1261 466
673 468
822 468
653 472
1023 482
1084 477
524 483
921 477
1204 476
1253 495
1608 486
937 484
797 481
842 480
955 480
1104 482
1420 481
604 502
1137 486
774 497
1196 487
134 511
1078 491
1784 491
515 501
934 493
1013 492
1173 493
1048 496
1572 498
1126 509
1794 509
248 501
855 503
1087 504
1188 513
900 508
1167 506
75 517
311 506
1031 521
1389 507
549 512
937 514
1100 514
508 512
1062 517
1426 516
165 522
257 518
535 519
1064 518
825 521
843 529
1205 520
1726 553
528 529
1447 523
451 534
696 526
818 543
992 529
1152 529
1052 532
1104 530
911 532
1087 533
1108 538
1268 542
1018 535
199 537
960 540
1192 538
114 542
234 550
1163 542
891 542
1195 542
172 550
1123 545
1196 545
601 551
915 547
1050 546
1326 566
357 553
1061 559
1544 553
308 550
473 559
744 551
935 552
1036 554
424 555
1 557
210 557
621 556
988 563
1114 557
1162 556
1182 559
1472 557
283 560
495 568
1106 561
1563 585
111 563
647 563
722 563
790 563
913 562
925 569
1827 570
136 576
794 597
1033 564
1093 564
440 566
905 569
1216 576
871 573
890 568
803 571
881 590
1532 573
389 577
544 577
977 573
215 581
1132 589
1398 580
667 580
1085 583
1024 582
1069 583
248 587
712 584
934 589
163 587
907 586
1364 586
165 588
195 592
533 592
504 596
582 596
950 624
1021 590
1581 625
1035 592
1515 608
102 605
910 605
153 599
1174 599
1263 606
480 612
1232 603
460 603
1156 609
1030 604
67 607
568 613
1095 608
152 611
1107 611
1472 625
1069 612
2 623
196 617
588 615
807 615
1033 622
1076 618
1701 623
700 616
847 616
1384 616
1761 645
525 626
858 621
1014 621
884 623
1051 623
801 627
969 628
1105 640
58 627
984 650
1397 628
1631 626
262 633
424 630
781 630
1154 635
1546 631
1249 648
1608 640
347 645
360 636
603 649
859 638
1138 640
793 638
1682 651
168 655
304 640
468 641
887 644
100 651
1013 642
138 647
1054 647
1135 644
1809 661
475 657
1015 649
1166 650
55 650
735 661
1197 657
1013 653
835 660
311 660
1143 667
1321 690
30 658
404 659
804 659
1650 666
663 664
878 663
1509 660
69 662
80 664
59 667
495 671
1035 667
1115 667
688 668
290 670
892 670
1051 687
1107 677
1547 684
245 674
630 681
1019 674
803 678
1078 679
995 683
1471 692
71 683
1188 684
17 685
267 686
417 690
902 687
1023 685
1234 685
25 694
681 688
800 853
1110 688
1504 702
192 694
879 696
64 693
1812 699
814 700
1076 707
1216 697
580 701
734 704
757 699
1094 699
1719 706
864 705
1185 708
830 704
791 704
996 705
1045 706
40 706
45 709
562 709
1153 708
1155 709
1440 713
897 716
26 713
58 713
559 714
1009 715
1546 714
668 716
1033 718
1481 719
478 735
517 725
1579 725
820 725
1002 728
1020 723
1218 722
161 725
906 725
921 728
1040 727
1253 726
1692 739
983 728
1223 728
547 730
975 731
1241 731
515 732
878 740
1094 735
1597 733
555 735
1220 734
1337 749
1125 738
1155 747
1175 736
1537 744
498 741
857 739
1026 740
1062 739
1069 753
14 745
572 745
992 746
1484 750
854 747
1213 750
588 753
34 750
40 754
257 753
302 758
1516 757
1610 757
1086 758
1396 772
904 761
926 769
1108 763
1602 761
1665 771
871 767
1131 765
1205 763
1352 762
439 766
1473 766
1610 770
191 768
1041 768
404 774
559 776
482 790
879 773
1037 781
1561 778
426 784
893 778
1074 776
1094 781
803 782
823 781
1758 786
1136 790
156 784
574 788
859 785
250 788
83 788
206 793
841 791
1077 792
1269 789
1588 791
1655 789
512 794
1031 791
1809 805
1024 792
1117 793
1701 796
794 797
1297 797
279 796
1182 796
1558 803
61 798
1036 799
1056 801
1085 799
1385 798
183 819
374 809
784 810
1073 810
1368 822
1766 814
1037 818
1216 812
1281 812
1236 829
387 827
846 820
1696 830
611 826
93 826
1102 825
1094 827
1434 839
765 834
1126 845
1561 836
746 832
1181 833
586 835
871 842
1460 843
414 838
783 841
1617 842
106 843
1086 841
23 842
354 843
21 844
1057 846
1153 847
495 846
560 849
813 847
65 849
523 851
618 852
1092 851
1170 852
1741 861
1332 853
10 855
1600 859
457 858
1326 857
313 858
512 862
833 860
1251 860
405 862
550 866
1080 866
1335 872
593 864
1499 873
62 869
227 870
596 868
976 869
1311 872
1462 880
316 874
1560 876
410 874
426 874
984 876
187 880
463 883
991 893
1188 881
433 882
975 883
1068 895
1160 882
1528 889
1707 898
107 885
475 884
608 887
1585 885
499 892
915 895
1331 890
122 892
1056 894
1233 907
66 895
68 894
535 900
952 898
1013 902
1389 896
1500 905
583 899
1166 910
57 900
1778 913
479 908
1094 905
1736 908
1132 909
460 914
559 910
971 910
1054 911
1128 910
441 914
536 912
997 914
1836 920
97 925
1055 916
1073 919
1123 918
306 920
422 925
1391 930
75 922
594 930
1064 923
1119 925
1418 922
473 924
620 924
161 927
1104 928
1212 929
1245 937
618 931
973 930
988 931
1175 930
1497 936
1038 933
1051 942
1158 935
1213 933
1459 949
1028 936
1422 944
71 940
226 939
1838 940
929 941
582 942
874 943
767 945
546 947
453 949
457 948
509 951
836 949
854 952
972 957
1199 949
1760 966
349 955
819 957
1722 956
574 953
771 957
188 954
870 970
105 971
445 958
2 959
170 960
189 958
496 958
785 959
1121 961
413 961
1025 961
1068 960
382 963
996 963
460 967
1010 965
1044 965
1190 978
67 968
355 969
1055 971
1603 972
811 974
1135 974
1160 972
1488 977
918 975
1428 984
209 976
505 982
1082 979
1670 982
75 979
184 981
336 981
530 987
294 980
1685 980
25 982
847 983
1024 984
1154 983
1705 984
454 1005
570 989
1050 992
1463 988
1010 991
1150 998
1172 990
1694 996
260 992
887 1008
1496 997
1732 1002
369 994
555 998
837 995
1008 995
421 997
911 997
992 1003
1292 1002
491 1004
962 1002
1077 1004
579 1007
746 1005
333 1006
1399 1010
1359 1008
504 1015
546 1010
690 1012
755 1010
1232 1011
1127 1035
1385 1018
1486 1015
82 1015
760 1017
224 1022
771 1019
952 1020
1546 1019
1474 1021
28 1027
827 1024
1021 1025
1287 1023
172 1024
1553 1025
598 1033
1358 1029
1731 1037
118 1031
167 1030
217 1034
1015 1032
1171 1040
236 1034
914 1039
987 1035
1366 1036
25 1036
576 1037
722 1039
855 1042
870 1036
829 1039
1271 1039
1498 1039
706 1045
1768 1045
665 1052
1454 1049
745 1047
934 1052
1069 1046
46 1049
222 1049
513 1049
792 1049
840 1053
688 1050
1346 1050
1042 1055
1825 1053
1000 1055
423 1056
865 1060
921 1056
1072 1058
1161 1057
583 1059
659 1059
760 1061
920 1060
1399 1064
520 1066
961 1064
1050 1067
1106 1062
1664 1062
769 1067
570 1071
882 1068
943 1072
1066 1069
551 1071
772 1073
919 1075
1586 1080
416 1072
500 1072
587 1076
1321 1076
466 1074
829 1075
1012 1075
1087 1074
245 1077
806 1076
1254 1077
164 1078
341 1078
1340 1084
1356 1080
1391 1082
1621 1086
1676 1081
936 1082
1184 1095
323 1085
1013 1085
1074 1085
731 1087
815 1087
1007 1087
1715 1094
571 1091
961 1088
118 1090
607 1091
646 1090
1317 1091
1452 1101
96 1094
485 1093
828 1094
1035 1094
892 1100
588 1098
948 1101
1130 1098
333 1102
587 1100
991 1101
444 1102
824 1102
528 1114
1660 1109
763 1112
794 1110
1039 1110
1687 1110
45 1111
575 1110
1003 1110
1094 1111
1132 1110
0 1113
225 1112
939 1117
83 1114
806 1115
1744 1115
157 1117
422 1117
441 1121
594 1118
843 1116
1028 1122
1332 1116
1577 1116
1082 1118
1277 1118
1299 1123
1437 1119
200 1121
576 1121
578 1120
824 1127
978 1120
482 1122
994 1123
485 1124
1065 1124
1212 1124
89 1126
300 1127
385 1126
459 1131
858 1128
1261 1126
1357 1127
1655 1129
261 1128
907 1131
1049 1131
1123 1128
236 1138
664 1131
959 1130
1197 1135
1425 1133
204 1133
1354 1132
1792 1132
401 1134
947 1138
1270 1140
1291 1137
1502 1139
1711 1137
1060 1138
1345 1140
1436 1145
1716 1142
197 1148
607 1143
1308 1145
1358 1142
1573 1143
1807 1144
395 1151
604 1145
1266 1144
1620 1144
441 1147
1473 1148
1544 1149
1569 1150
893 1151
937 1151
231 1153
477 1153
1521 1153
1605 1156
1838 1153
267 1155
645 1159
1031 1155
1539 1156
1623 1156
1803 1155
206 1156
574 1157
750 1159
987 1159
1078 1157
1156 1159
1559 1159
732 1160
1025 1163
1236 1162
1458 1168
969 1165
723 1167
1748 1167
1760 1169
393 1170
1626 1192
1771 1170
839 1173
1360 1173
1764 1172
338 1174
1017 1176
1056 1177
1649 1177
238 1178
331 1179
586 1182
598 1178
431 1180
823 1181
1102 1181
1534 1181
513 1182
563 1185
427 1188
483 1188
1124 1186
1214 1186
199 1189
705 1188
1229 1189
1569 1191
768 1190
11 1192
700 1192
1502 1193
498 1196
855 1196
1403 1198
1499 1194
513 1202
715 1196
1245 1196
1688 1197
1779 1197
485 1200
352 1201
625 1200
1150 1203
1388 1210
60 1203
474 1202
728 1203
322 1205
756 1205
1235 1204
476 1206
1540 1207
1773 1206
1718 1209
874 1212
24 1214
708 1215
964 1215
1243 1217
104 1223
1505 1217
1790 1219
1207 1218
1606 1220
329 1225
531 1225
553 1225
747 1222
1213 1225
1499 1224
137 1225
185 1226
464 1225
655 1226
736 1226
274 1226
1110 1226
1378 1227
