909 615
652 8
881 3
1022 6
1128 28
1235 6
1334 5
1379 3
1411 8
1484 14
1711 22
1102 12
1288 34
993 16
1282 15
823 24
1094 29
1752 37
1354 34
1180 35
288 46
1087 43
419 43
1247 43
1370 65
640 63
716 47
1251 52
745 60
967 58
1038 55
1187 60
1312 69
200 66
427 64
1012 63
1049 67
1094 71
1336 71
438 75
1287 71
461 82
929 78
1260 82
586 88
1142 90
1688 80
1788 116
562 93
1300 89
1181 92
1031 91
1666 93
1673 115
681 107
647 106
1315 104
1699 97
1097 108
1331 102
1624 103
1719 107
926 110
1170 107
1618 107
1648 109
1742 110
395 131
1116 117
1347 115
1074 123
1738 115
1596 117
1630 117
1268 142
1633 123
499 129
940 154
1187 126
1198 128
1440 134
1526 127
1639 126
987 134
1730 159
1830 150
724 135
1053 138
1124 159
1536 133
448 137
1240 139
1510 139
464 146
662 141
860 147
1395 146
1677 140
614 150
1601 143
1696 151
501 156
1021 148
1410 147
548 150
1496 162
1028 158
1166 160
1216 158
885 164
1587 159
1789 158
1665 161
1302 166
565 177
1354 164
1578 164
1614 167
1797 167
212 175
1038 172
1597 169
1210 172
1260 170
1322 174
1676 170
1771 171
1794 170
720 179
1012 183
1573 173
1778 184
441 175
666 181
1373 179
1509 177
1552 176
1674 176
310 180
1291 181
1567 179
1689 184
1819 179
1741 180
1304 183
842 189
1259 186
1812 185
1174 198
1039 193
1482 196
1505 188
1642 189
1712 188
1447 191
1528 191
1749 191
1280 195
1454 193
1805 197
393 214
1609 194
656 215
1601 198
1837 197
320 202
459 202
1211 200
1223 200
1583 198
1615 215
1567 202
1745 200
1750 201
1319 206
1814 202
1573 207
1771 207
978 216
1312 214
1524 225
1746 211
1780 211
929 220
1566 215
1643 215
1735 214
1831 218
751 224
1718 222
1756 216
454 224
1261 231
1707 219
606 225
1738 220
1822 221
632 232
1331 222
1648 223
1746 223
968 227
1578 224
1684 224
1765 232
1063 243
1160 235
1240 229
1582 227
1337 240
1692 233
1730 230
98 239
1175 274
1708 233
1800 233
683 240
1385 235
1652 236
1734 238
951 243
1562 241
1605 244
1657 241
706 249
1604 289
1714 242
1799 243
979 258
1245 247
1468 261
1589 246
1785 247
899 254
1549 252
1676 248
1703 248
1760 249
1792 253
1710 252
1768 254
1817 251
1838 250
260 252
1125 253
1448 253
1593 253
1686 255
1745 253
435 260
833 257
1107 274
1562 259
1672 257
1268 262
1597 258
1344 262
1718 260
1757 261
1783 260
306 269
562 264
1312 266
1663 265
683 274
1498 267
1703 291
1739 265
1814 289
1029 270
1136 267
1358 271
1761 275
1795 267
1273 276
1779 268
1246 272
1676 271
274 282
1053 292
1215 279
498 288
949 287
1575 277
1666 277
1297 281
1334 293
1500 281
610 288
628 293
966 283
1388 289
1234 290
1786 285
443 295
783 288
1290 287
1635 286
1640 324
1675 287
1766 288
1281 292
1520 292
1838 292
1671 294
679 303
1768 299
1799 299
658 307
1293 301
1785 299
558 306
738 313
888 304
1528 301
1732 301
1742 300
1778 302
373 330
779 305
1746 305
332 332
845 309
1031 309
1157 314
1319 309
1365 308
1492 308
1729 308
1837 311
195 320
1353 310
1539 311
1758 330
876 317
1131 314
1210 316
1224 315
1503 312
1741 312
936 320
974 330
1063 315
1289 323
1373 320
1011 316
1467 317
1057 321
1334 319
913 321
1328 321
1347 333
754 323
1030 323
1164 323
32 324
1007 327
1257 324
1389 327
1686 342
1807 327
1040 344
1469 329
1824 332
1268 334
1666 330
123 332
875 335
1105 332
1217 332
1484 333
674 357
1117 345
1156 338
1253 336
1305 334
759 336
1172 336
1382 337
1480 336
144 338
632 339
942 339
1239 341
1711 339
1092 351
1717 342
1811 342
889 348
774 347
1652 346
930 348
933 352
1171 349
1247 350
1459 348
946 352
1807 351
959 353
970 353
1287 352
1735 353
910 355
1238 355
1709 357
1816 354
416 367
915 358
953 359
1154 360
1218 358
991 361
6 363
949 363
980 362
1000 364
1264 369
705 371
910 365
1306 369
1522 364
773 371
856 367
888 366
1337 367
1356 366
905 390
1020 377
1135 378
1606 370
914 370
946 383
985 371
444 379
965 372
1286 374
32 375
177 375
341 374
1160 374
1201 375
637 383
927 376
1204 376
1222 383
203 378
403 381
1466 379
1583 381
1622 380
1766 378
976 386
1081 381
1530 380
1675 390
575 382
920 383
58 384
779 385
876 388
1057 391
1240 385
1174 387
1472 386
515 392
814 388
830 388
1160 388
791 393
1082 400
1110 395
1146 392
1195 395
192 394
469 401
1153 395
1269 396
1837 396
780 399
803 399
1228 404
1443 398
728 413
1019 412
1296 404
1363 401
1496 401
845 403
950 402
973 403
1179 406
1439 403
804 404
926 405
1345 404
975 406
366 418
923 409
959 409
961 408
1121 421
1328 409
1160 422
1193 411
1321 411
1338 414
17 412
451 415
867 419
1251 434
1313 414
7 416
970 417
1203 426
522 419
1191 418
609 426
838 421
907 420
1072 423
989 424
1096 425
1145 425
823 426
966 429
531 429
1279 429
1476 428
376 433
430 430
471 435
806 430
1044 431
1371 430
1021 442
1064 444
851 441
885 435
893 434
1628 437
1695 441
15 437
649 443
1003 439
1277 436
485 439
971 439
1350 438
1363 438
1190 441
1193 440
1655 447
45 442
1456 443
406 451
902 444
982 453
1109 444
1186 444
1318 444
1361 444
235 447
314 447
617 475
1313 446
1427 447
631 449
962 448
1006 449
1208 452
1298 448
1423 448
633 450
692 451
922 456
1120 455
708 458
837 453
232 455
491 463
1039 455
1148 455
1222 454
1310 454
1483 454
1580 467
104 456
151 456
469 456
880 464
1013 465
1385 473
123 458
575 458
638 465
1105 459
1183 462
26 460
441 463
524 464
1305 460
1455 461
278 463
1110 468
1151 462
1285 463
1325 463
743 464
1652 471
213 466
689 467
1197 467
1363 468
395 475
605 468
777 468
1266 470
1429 468
190 470
684 472
1094 471
1200 473
1234 480
1291 470
445 475
593 484
1049 472
1082 486
1133 473
1329 472
195 474
633 474
811 474
1032 476
1166 477
1149 480
306 479
1212 481
887 481
904 485
1050 482
1346 491
861 491
890 482
947 483
1276 483
1557 483
22 484
803 485
844 485
1021 485
1406 485
423 500
536 496
1112 486
1159 488
1129 490
1249 489
920 494
957 491
1363 491
1532 510
495 492
886 496
974 494
1026 493
1410 496
269 495
678 495
1054 498
1115 494
1136 495
1174 502
1201 495
1262 496
1313 505
1586 506
9 498
152 498
1219 500
834 501
1242 503
1478 501
1668 510
46 502
149 504
250 505
599 505
640 510
741 505
808 505
819 504
850 505
1088 504
1213 505
1359 505
104 506
494 507
674 506
724 507
1052 536
1460 526
224 508
268 513
835 509
902 515
977 508
1087 508
155 511
971 516
1140 511
1154 510
1354 510
130 512
375 512
1144 513
1275 513
1278 512
1393 512
341 514
360 515
514 518
821 514
890 514
594 517
866 516
1176 517
1215 521
1338 517
274 518
416 519
448 518
1366 519
620 525
1032 520
1148 520
1341 525
55 523
106 522
259 522
597 523
854 523
885 522
912 529
1116 524
1180 525
1481 523
1569 522
764 524
867 524
928 525
1157 532
1239 524
1375 524
1427 524
190 526
455 531
891 527
1102 527
1195 529
1265 535
363 528
893 529
732 530
1080 531
1112 530
1681 530
153 532
797 532
983 532
264 551
414 544
441 534
868 534
940 562
1144 535
1248 534
1610 535
94 536
370 537
661 536
793 536
812 537
832 538
844 537
1318 538
1338 536
469 539
1133 542
1221 544
61 541
386 543
1116 541
103 543
291 549
657 547
869 549
680 553
1541 554
1633 544
605 556
1019 546
1121 563
204 555
800 548
1258 548
350 555
457 550
1154 550
434 553
1321 554
1670 553
576 559
1097 562
1199 554
1294 560
382 562
1496 559
233 561
1266 561
220 562
323 563
326 562
340 563
529 563
734 564
769 562
817 564
847 562
1222 563
1635 563
173 564
441 565
523 567
471 566
498 567
789 567
865 566
1654 575
1169 569
1297 576
1329 568
256 571
274 570
362 570
1023 572
1037 573
1217 573
1433 571
85 573
198 572
994 574
1184 574
1397 586
1465 573
79 574
215 581
240 576
293 575
624 581
659 578
841 574
1009 576
601 585
720 577
936 577
1148 576
1164 576
1191 577
1257 576
48 579
93 579
520 579
540 578
732 578
1179 579
1207 578
1736 584
442 580
493 581
700 585
1007 580
1143 580
1688 581
1774 592
60 582
76 582
90 583
509 583
774 587
939 582
1070 601
1250 590
1268 583
184 585
251 585
320 585
728 585
1171 586
266 587
790 587
843 587
1221 587
51 589
89 589
111 589
472 592
533 594
557 591
669 588
1282 589
133 591
175 591
383 592
683 591
738 591
742 590
786 591
1201 595
1577 607
70 592
416 592
1143 592
1152 595
1182 606
27 594
259 595
932 594
1045 595
1098 595
1229 606
1284 594
1359 594
211 597
563 597
784 596
933 597
1023 597
1119 597
569 601
1266 598
232 602
375 603
395 600
1121 601
800 604
1128 603
1213 602
194 605
238 605
587 605
953 607
1161 604
1326 605
1533 604
344 610
896 609
977 609
1331 606
1734 615
64 609
87 611
100 608
204 608
242 608
1310 611
1410 608
1436 617
33 611
226 615
640 620
1089 611
1114 611
51 613
160 612
254 615
487 613
497 613
1095 614
1194 613
1250 613
364 614
450 615
1013 628
1165 618
1197 614
162 617
784 617
800 617
1293 617
1327 617
1402 616
250 618
351 622
405 619
568 621
684 618
842 622
1105 619
1276 630
1522 619
102 621
413 621
592 632
613 621
883 623
1209 623
1380 621
56 622
383 623
767 622
1039 630
1119 623
1127 631
1547 623
726 624
825 624
1309 631
746 627
979 626
1172 628
1351 627
1359 626
1406 627
297 628
1149 634
1238 629
1249 628
1804 629
239 631
777 635
890 633
969 639
1343 630
1501 631
1838 637
109 633
345 634
752 632
362 637
668 637
697 637
866 637
1233 634
17 636
479 637
843 637
1197 652
1338 637
1553 637
28 639
121 639
926 640
1468 639
88 641
202 641
906 643
1064 654
1153 643
239 647
771 643
985 643
1260 648
1600 646
84 645
818 644
1112 647
1137 645
1571 645
81 647
331 647
476 646
718 646
825 650
1293 647
26 649
1296 649
6 651
197 654
1312 651
1495 651
1524 653
1568 651
51 657
275 652
420 653
704 653
807 655
1177 660
34 654
492 666
679 658
997 656
1212 656
1471 666
1535 656
697 657
1141 656
1223 657
1552 657
760 662
1385 658
45 660
400 670
434 661
939 667
955 662
1152 662
437 666
623 670
989 665
422 667
670 667
810 667
1106 675
1149 667
1189 668
1307 666
1293 669
1737 670
47 670
363 674
658 671
689 676
892 673
1130 670
1304 670
119 673
1227 682
1250 680
1279 679
1837 673
1 675
70 675
329 692
638 679
654 675
736 675
1162 676
1382 690
861 677
1142 677
685 679
963 686
1181 679
1416 680
107 680
552 681
722 681
1128 685
1315 680
1521 680
618 698
1343 687
270 684
298 685
841 686
594 693
1039 692
1736 701
710 688
1013 695
936 817
1288 688
251 691
394 690
778 691
922 691
1118 691
1180 691
31 693
756 693
1309 693
10 695
154 694
197 695
942 700
1056 694
1646 695
1780 695
361 699
678 697
718 697
916 699
1557 707
391 698
1124 698
1136 699
223 700
662 704
730 701
868 704
1060 704
1181 702
1538 702
1620 709
1771 703
551 706
1168 707
1325 707
1355 707
1413 706
501 711
653 709
814 710
1189 710
1290 711
112 711
972 713
1137 717
1154 712
1221 711
1243 722
131 713
419 713
450 715
651 712
1008 721
1227 713
1478 712
1789 712
389 718
675 715
910 718
950 720
100 717
931 717
1491 719
1 718
106 719
276 719
691 718
826 720
989 723
1161 719
1205 722
1256 719
1273 719
356 723
574 726
666 724
1650 720
300 722
435 725
739 724
927 724
1318 723
1394 723
1533 726
108 725
396 725
647 729
1057 724
1354 726
1408 724
24 727
217 727
1177 730
143 733
215 729
502 728
847 729
1126 731
1200 728
1264 743
522 731
711 736
890 731
1141 730
1215 744
1309 731
1361 730
1375 731
193 736
1032 732
1144 733
561 734
986 734
1468 740
1813 742
329 742
373 737
1630 736
251 738
607 738
695 738
1063 738
1295 738
1333 748
1367 738
1399 739
1793 739
177 741
511 743
727 741
746 740
821 743
844 742
882 741
1313 740
1559 746
1155 745
1190 749
1227 742
1524 750
456 746
471 744
1485 753
1683 756
1412 746
396 752
418 752
505 751
589 750
1010 751
1306 752
348 755
360 753
599 752
894 753
1035 752
1283 753
115 755
191 755
248 756
426 755
1143 755
1168 759
1348 755
1037 757
1177 757
1266 764
1314 758
578 758
650 761
837 762
879 758
1234 759
1712 758
1728 759
366 765
1381 761
1409 760
1747 768
1 763
141 762
557 762
705 763
989 765
1284 763
1631 762
136 765
938 769
266 766
689 766
44 768
519 776
1234 780
1248 768
1302 771
1343 770
1374 768
1479 768
181 771
466 770
669 778
1194 773
344 773
1164 780
1320 772
1496 774
1590 774
1706 784
80 775
218 775
326 777
386 777
620 776
630 777
1039 793
1300 776
1485 779
1823 776
68 779
250 780
353 781
383 778
646 784
1004 785
97 780
538 780
685 781
1153 781
1444 780
243 783
270 783
297 783
548 783
166 787
182 784
607 787
1784 785
202 789
687 787
729 787
1504 786
1733 786
504 789
577 797
664 791
1204 789
1550 788
448 790
1474 792
483 792
554 792
925 794
1271 798
1456 792
1637 797
262 799
551 795
674 795
943 805
36 797
149 796
1191 798
1447 797
51 799
722 798
751 799
762 802
968 809
730 800
1245 802
1298 803
1319 802
1358 803
1681 800
1016 806
1200 802
111 805
377 805
403 810
420 809
484 805
650 813
1604 806
461 806
708 806
1410 806
471 809
1326 808
54 811
106 811
511 812
562 810
610 811
1032 811
1306 821
326 815
1393 813
1444 813
1798 812
215 818
231 821
306 816
338 816
1243 814
1433 814
1776 817
1788 816
410 820
982 822
1213 819
251 821
590 826
1166 820
1290 820
1470 824
1520 821
1577 821
164 823
724 823
1351 823
1422 830
126 825
479 825
758 828
1173 824
75 826
623 828
1279 827
1284 826
1735 827
267 828
461 829
1242 840
1401 828
1572 828
350 830
361 831
931 830
1150 830
1836 836
129 833
293 833
508 833
541 835
658 845
1127 841
1164 832
1221 832
1497 832
1679 833
1770 832
426 836
472 834
1397 834
185 840
322 836
377 836
403 842
1211 837
1271 837
1442 837
1773 836
264 839
1160 839
1284 839
1377 838
1703 846
26 841
280 840
314 846
558 841
1519 841
591 842
1157 843
1189 842
1288 843
1340 843
90 845
155 844
248 846
351 847
686 845
752 844
1216 845
1313 845
1372 844
289 847
362 872
1179 846
1195 847
1397 852
1487 849
224 849
606 849
1107 849
1419 853
251 851
509 851
691 850
1086 854
1143 852
460 853
1110 854
1316 853
1836 859
92 854
211 854
468 854
1071 855
99 856
253 857
1172 857
1512 856
1651 857
409 858
496 864
610 860
1056 861
81 860
354 860
391 860
562 860
1191 861
1406 860
1454 860
581 872
1360 863
1539 863
1777 862
757 867
1036 867
1052 867
1129 867
1156 867
1240 868
1468 873
321 875
431 876
1583 872
62 871
345 873
526 871
672 870
741 873
1138 872
1246 872
1674 870
297 873
1114 872
1226 872
309 875
534 875
1252 874
519 877
1049 877
1062 880
1089 885
1383 876
1411 877
1433 880
1450 877
549 878
1208 880
1287 881
183 881
305 880
541 881
1188 881
1331 881
210 889
523 883
1031 887
1132 883
1152 882
1513 895
1726 882
1736 883
1802 883
481 887
625 884
1004 885
1148 888
1549 885
390 886
1285 887
410 888
697 888
746 890
792 890
1073 889
1313 889
374 893
572 890
766 893
1232 893
1443 897
1810 897
1835 900
545 894
633 899
702 895
1290 894
1359 895
1402 894
1612 895
1735 895
1777 899
335 897
443 910
520 897
651 896
1050 898
1107 898
1408 912
1654 900
761 899
1121 899
1253 898
1357 898
509 902
700 901
1017 900
1239 900
1351 900
408 902
676 902
721 902
957 903
999 921
1214 903
322 906
360 910
558 906
599 904
739 905
1026 908
1075 905
1325 905
346 906
663 907
1486 909
287 909
302 909
330 911
733 910
936 913
1141 909
1162 908
1195 910
1388 910
1580 908
112 911
475 911
694 910
802 910
1067 910
1253 912
285 913
633 912
1063 913
1113 913
1342 912
1660 930
1 915
643 915
772 915
973 915
1024 914
1119 914
1145 915
1427 919
1496 914
1627 915
227 916
527 918
621 920
975 917
1184 917
1300 916
1468 917
1636 918
106 919
224 918
913 920
952 920
980 919
1049 925
1104 924
1143 920
1212 920
1242 919
1830 936
341 921
371 923
801 923
853 921
305 929
512 923
565 926
596 923
691 922
1700 923
272 925
388 925
405 925
871 926
1154 924
1264 934
361 934
1088 926
1114 929
1164 931
1498 927
2 928
37 930
394 928
606 932
787 930
1083 928
1500 928
1706 929
576 931
869 931
1206 938
1437 930
1532 931
1612 932
711 933
1318 939
73 934
426 935
530 934
828 935
1370 934
551 942
897 938
1071 936
1698 936
422 939
518 938
1103 940
1291 950
1447 938
1624 940
249 941
419 942
459 941
779 941
217 943
322 944
600 944
800 942
856 943
974 943
349 944
822 948
872 945
1058 945
1232 951
1556 944
1692 945
709 946
754 946
1109 947
1136 947
1176 947
1755 946
413 949
453 948
1394 948
1593 948
402 953
695 951
756 950
868 953
996 955
1075 951
1092 952
1112 950
1586 951
527 952
908 952
927 953
941 953
1062 952
1070 956
1119 957
1803 953
1022 954
1051 957
1362 960
1616 955
221 960
473 956
693 957
737 956
802 959
858 959
904 957
1399 961
1600 962
620 967
836 959
880 960
1191 959
1455 959
465 962
1319 961
1764 960
104 962
264 963
557 962
557 979
798 962
1082 963
1148 962
300 964
392 965
537 965
1109 966
1134 965
1166 964
1541 964
721 967
744 969
991 966
1440 978
166 968
185 969
490 972
784 969
808 969
829 970
968 970
1048 969
1187 969
1736 968
354 970
391 971
428 971
456 970
533 971
662 971
790 971
886 972
990 970
1511 971
346 972
1070 978
1380 979
1008 974
1036 974
1250 984
158 976
333 976
589 976
909 979
1040 979
1120 977
63 979
254 979
407 978
470 979
477 978
835 979
971 979
1058 978
1277 980
1339 980
1505 979
460 982
637 981
815 983
1461 983
1665 981
47 982
336 982
503 982
595 983
903 984
1187 985
1308 982
1653 983
1684 983
658 984
919 986
1084 985
1097 984
1290 985
1500 984
1676 997
350 990
604 986
1108 987
1585 986
284 989
700 989
1817 994
2 990
257 991
642 991
789 990
803 990
945 1001
964 990
973 992
1087 991
1416 995
314 992
372 993
986 994
1047 993
1521 997
1532 992
1612 1001
1636 992
1038 995
1125 995
1541 994
1697 995
92 996
480 997
612 999
667 997
780 1000
808 997
1072 997
1184 1001
52 998
295 998
320 1003
1011 1000
1287 998
1645 998
297 1002
475 1001
477 1000
591 1002
770 1000
1578 1001
1790 1006
385 1003
467 1003
665 1002
711 1003
978 1002
1135 1003
1221 1002
1332 1002
1490 1002
534 1005
608 1006
640 1007
835 1005
902 1005
1009 1005
1246 1004
95 1008
376 1008
408 1008
547 1017
910 1007
1312 1008
968 1008
1399 1008
62 1011
192 1013
355 1011
813 1015
871 1011
1028 1010
1060 1011
1838 1014
511 1012
788 1013
1071 1013
1336 1013
1819 1015
233 1018
350 1015
404 1014
567 1014
670 1015
1000 1020
1492 1026
1722 1014
73 1016
187 1017
275 1018
464 1023
838 1017
941 1018
1294 1016
42 1018
437 1018
660 1021
686 1018
972 1018
1180 1023
1224 1018
1290 1018
1385 1027
1566 1019
0 1021
406 1021
1079 1023
1133 1022
609 1025
625 1022
719 1023
755 1026
906 1023
1101 1023
176 1027
420 1024
1245 1025
1421 1031
283 1026
349 1026
434 1027
1349 1027
1446 1026
513 1028
580 1037
638 1031
699 1028
861 1028
1146 1029
1213 1034
1727 1034
784 1030
921 1034
1025 1031
1048 1030
1094 1031
1808 1031
1831 1031
354 1033
396 1032
541 1033
935 1045
1546 1033
499 1035
737 1034
1118 1035
1295 1042
526 1037
547 1036
613 1037
998 1039
1074 1037
1155 1037
1314 1037
1602 1037
1712 1037
188 1041
407 1039
476 1039
649 1039
688 1038
956 1039
1318 1039
1401 1038
1607 1038
437 1041
653 1041
759 1041
774 1040
847 1041
892 1042
1084 1042
1105 1040
1176 1041
1354 1040
1767 1041
348 1042
481 1043
607 1047
783 1043
804 1042
1037 1042
1065 1043
1526 1043
1784 1043
833 1049
1222 1047
1389 1056
139 1047
340 1047
359 1051
724 1047
109 1049
128 1048
378 1049
543 1050
664 1050
771 1049
967 1048
1001 1053
1407 1048
903 1051
1068 1050
1289 1052
1733 1056
1807 1059
437 1053
1026 1052
1071 1053
1632 1053
9 1054
528 1055
562 1055
774 1055
865 1056
1154 1054
1689 1055
38 1057
54 1057
230 1056
386 1057
737 1056
781 1058
1242 1064
1299 1056
1331 1056
1362 1056
1526 1056
1553 1057
667 1059
726 1058
1036 1059
1090 1063
1678 1059
198 1061
346 1061
885 1065
1211 1061
1483 1063
1682 1062
73 1063
310 1063
327 1063
361 1065
493 1063
588 1064
608 1065
709 1072
763 1064
817 1062
925 1063
1029 1062
1127 1063
1156 1067
1171 1063
1311 1062
466 1068
526 1066
560 1065
1270 1065
1302 1073
1418 1064
35 1069
485 1066
558 1067
975 1071
1102 1067
147 1068
165 1070
579 1073
769 1069
901 1069
929 1073
1013 1072
1063 1068
1557 1072
219 1072
520 1072
537 1070
596 1071
743 1070
1025 1073
1192 1072
1492 1073
248 1072
612 1074
854 1073
875 1074
1228 1073
1351 1076
1761 1074
316 1074
397 1074
551 1079
657 1075
735 1074
858 1075
864 1074
913 1082
1174 1075
1263 1074
1371 1075
729 1079
1052 1077
1077 1077
1126 1076
1388 1078
266 1079
449 1085
775 1078
1501 1079
1767 1079
184 1081
523 1080
802 1081
1099 1080
1259 1081
1483 1081
208 1086
292 1084
1459 1083
193 1085
319 1095
391 1084
625 1084
1018 1087
1135 1084
1200 1091
1461 1084
1527 1084
465 1086
480 1090
856 1088
1478 1087
1659 1097
399 1090
547 1092
926 1091
1101 1089
1174 1088
1322 1089
253 1090
746 1091
1532 1091
6 1092
78 1093
123 1095
560 1092
613 1094
1028 1092
1339 1092
1409 1096
148 1094
215 1094
239 1095
269 1094
693 1102
727 1096
1294 1095
1762 1095
2 1096
88 1096
513 1096
598 1099
1075 1097
1139 1099
1178 1096
1236 1101
1639 1096
128 1099
413 1107
750 1098
782 1098
816 1100
962 1100
1344 1101
233 1102
639 1110
660 1103
1291 1102
1364 1106
1432 1102
1438 1105
296 1107
342 1107
478 1104
535 1105
538 1104
564 1105
703 1105
798 1105
1016 1106
1079 1105
1213 1109
1246 1106
1334 1105
1619 1106
1044 1107
1574 1109
820 1108
869 1112
1195 1109
14 1111
349 1116
443 1110
706 1110
913 1110
1288 1110
1351 1110
1743 1114
254 1117
392 1112
602 1121
740 1115
776 1113
1126 1118
1423 1112
1564 1112
303 1117
327 1117
590 1114
760 1116
844 1121
882 1114
1098 1115
1234 1114
1722 1126
7 1118
191 1116
380 1118
551 1130
1003 1116
1164 1118
1477 1117
728 1128
818 1133
1190 1118
1252 1119
1333 1119
396 1120
470 1120
513 1121
828 1121
1320 1123
1346 1120
1433 1121
215 1126
1032 1127
1253 1123
1305 1122
1341 1124
1451 1128
1817 1123
35 1124
282 1124
442 1127
678 1125
770 1125
1095 1125
12 1126
59 1133
310 1127
362 1135
428 1128
649 1129
973 1132
86 1128
233 1129
318 1128
489 1132
580 1130
761 1130
785 1129
804 1129
868 1129
1138 1129
1160 1132
1829 1136
201 1130
1045 1130
1223 1130
708 1133
798 1133
1467 1132
296 1134
716 1135
1377 1139
1793 1134
144 1136
675 1137
1252 1137
417 1139
615 1144
918 1140
1148 1138
1338 1144
429 1144
526 1141
659 1142
776 1140
1190 1140
1239 1141
1318 1140
216 1149
317 1143
381 1142
442 1143
721 1143
758 1143
1128 1145
121 1144
333 1146
542 1156
663 1145
923 1144
1064 1144
1325 1144
1791 1144
154 1149
368 1146
393 1147
491 1149
522 1155
580 1148
782 1146
903 1146
1166 1147
1351 1147
1622 1147
1673 1147
69 1149
132 1148
257 1149
285 1148
796 1149
1169 1149
1218 1149
1257 1149
1271 1149
1369 1149
1449 1153
254 1151
564 1152
755 1156
1479 1151
168 1152
241 1153
325 1152
435 1153
594 1153
793 1153
807 1156
851 1152
1175 1153
1226 1152
1360 1153
1696 1156
1711 1153
1751 1153
18 1155
236 1157
387 1154
457 1155
658 1157
1650 1154
136 1156
147 1157
328 1157
733 1159
1329 1157
1474 1164
1502 1156
1559 1160
391 1158
436 1158
779 1158
946 1161
1268 1159
1338 1159
1512 1159
1670 1159
1798 1158
42 1161
131 1160
165 1160
183 1161
576 1163
646 1161
787 1161
838 1160
894 1161
985 1160
1088 1163
1158 1161
1204 1161
1377 1165
830 1173
930 1165
1073 1163
1113 1163
1147 1167
1436 1162
1663 1163
1667 1162
285 1166
339 1166
462 1164
479 1165
505 1165
638 1165
1005 1164
1364 1165
1401 1165
1826 1165
38 1166
493 1174
664 1175
802 1167
841 1167
983 1167
1123 1167
1532 1167
54 1169
184 1169
216 1171
438 1188
573 1179
739 1169
790 1169
1322 1169
1420 1173
1530 1169
1606 1174
315 1170
705 1173
760 1170
816 1171
1319 1172
1636 1170
1689 1171
1837 1171
690 1173
791 1172
859 1172
1734 1173
42 1175
135 1175
792 1178
875 1175
900 1183
958 1174
1008 1174
1198 1181
1735 1190
1825 1175
29 1177
351 1177
703 1176
758 1178
954 1177
1349 1176
60 1181
325 1179
358 1188
779 1182
1344 1201
1585 1179
1779 1179
17 1181
226 1181
370 1181
739 1183
810 1180
1064 1181
1389 1186
1426 1181
1 1182
546 1182
919 1183
1073 1183
1248 1183
1429 1182
120 1185
606 1186
812 1184
878 1185
996 1187
1112 1185
1287 1188
1404 1184
1566 1184
1633 1191
218 1187
688 1188
787 1187
949 1187
1121 1188
1490 1190
1533 1188
1711 1186
536 1188
1062 1189
1220 1189
1560 1188
491 1191
553 1191
695 1191
1055 1192
1225 1195
1302 1190
1476 1193
204 1192
647 1193
1208 1192
1238 1193
1310 1193
1459 1192
1684 1193
1820 1197
305 1194
454 1195
566 1198
588 1196
662 1195
1461 1194
252 1198
268 1202
624 1198
760 1196
821 1196
836 1199
1081 1197
1778 1196
154 1199
486 1199
579 1200
873 1203
883 1198
895 1199
1026 1198
80 1201
143 1203
210 1200
322 1205
470 1212
641 1202
851 1200
1148 1202
1359 1200
1522 1202
449 1202
811 1203
902 1202
908 1203
993 1206
1012 1203
1057 1202
235 1207
515 1205
664 1213
742 1206
860 1208
890 1205
912 1206
391 1206
563 1206
691 1207
721 1213
1024 1207
1245 1210
1270 1207
1329 1207
1517 1209
1542 1208
1672 1207
1723 1207
150 1209
396 1210
549 1208
588 1214
608 1209
772 1209
1009 1209
1074 1211
1103 1210
1377 1209
1409 1209
1465 1209
193 1212
418 1210
446 1211
506 1211
843 1211
895 1210
990 1210
1506 1214
1760 1210
1769 1217
257 1212
554 1213
822 1215
1232 1213
1471 1213
1701 1213
1812 1218
76 1214
287 1217
539 1214
804 1214
1114 1215
1310 1215
1728 1215
21 1217
255 1216
1068 1217
1230 1216
1545 1217
1653 1217
1710 1223
525 1223
1117 1218
1370 1220
1680 1219
1052 1221
1490 1221
1633 1224
230 1225
559 1225
637 1225
967 1225
1518 1225
1584 1225
1692 1224
132 1225
279 1225
431 1226
494 1225
675 1226
911 1226
987 1225
1018 1225
1143 1226
1335 1225
1387 1226
59 1226
106 1227
144 1227
194 1227
247 1226
661 1227
709 1226
1046 1227
1202 1226
1214 1226
1349 1227
1367 1226
