918 613
494 3
516 0
672 1
772 13
1013 5
1201 1
1501 4
1184 8
946 25
1424 18
883 21
626 28
777 26
812 48
1285 34
783 33
908 37
1494 30
463 35
599 50
1345 37
1158 37
1583 43
860 38
317 48
637 43
768 42
770 44
990 51
780 49
782 51
433 56
724 54
746 62
942 56
533 70
845 55
914 57
1173 57
1460 64
79 69
782 64
784 67
284 75
505 73
937 81
873 79
339 79
673 82
1137 75
707 85
1282 92
71 84
775 83
304 86
1524 86
760 101
811 92
1367 101
509 103
1404 105
773 100
671 103
731 102
464 113
1312 113
1338 108
737 111
851 117
655 116
966 121
1117 120
656 122
1362 143
383 128
671 125
1037 131
675 129
463 138
527 153
1464 142
1137 136
1267 137
759 144
716 157
966 147
372 155
1034 150
176 149
673 154
1143 150
932 156
1044 162
179 173
1016 167
690 164
968 166
1186 167
1057 174
676 183
779 177
727 177
1144 181
1481 187
736 183
772 188
906 189
369 195
1045 190
1117 192
586 196
893 202
1381 214
671 205
1053 212
475 214
1162 222
291 229
1058 216
1305 216
966 220
1450 221
758 226
1004 242
857 230
1338 236
882 232
1270 231
655 251
1087 253
1392 260
781 269
1118 273
302 273
307 275
518 279
867 286
138 279
1382 284
1436 287
777 294
1294 298
841 294
453 305
1268 298
956 303
1040 301
469 312
1024 315
1038 315
1373 323
486 327
1052 322
679 324
1030 325
846 329
1037 331
1043 328
831 333
974 333
1218 337
510 340
764 344
1042 339
1172 338
1029 341
785 345
799 350
1430 349
1105 357
430 357
1239 368
516 359
1026 359
765 362
990 363
954 374
996 366
1042 367
1097 372
1262 373
800 373
911 378
1398 377
1478 376
1030 376
533 378
705 378
619 382
648 381
665 381
1037 380
667 382
865 387
1096 390
1238 395
745 393
877 401
760 405
1031 415
944 429
1056 414
1453 412
472 416
1297 416
332 422
802 420
1118 423
565 423
730 424
982 425
1289 432
1168 430
907 434
608 433
278 436
1043 434
1147 436
692 444
1017 447
1076 448
1181 455
826 450
1439 448
919 459
1129 450
1351 456
1449 458
939 452
1137 460
1241 461
339 464
800 463
520 462
1068 463
508 468
1080 465
1466 477
697 481
394 482
771 482
877 483
591 482
433 487
487 484
1169 485
887 491
1337 493
742 506
950 498
896 502
1056 498
1170 499
729 505
1044 507
1192 509
509 511
794 510
632 518
1293 517
894 523
778 524
793 526
543 529
1062 530
1171 532
1314 536
1369 530
1364 532
443 537
697 536
1078 539
724 546
1377 543
812 550
375 549
700 551
659 555
1050 559
1039 569
1186 570
891 571
494 574
1102 577
897 580
1062 580
1279 580
1083 583
567 585
1068 596
612 591
751 589
1044 588
985 590
1451 593
1224 591
970 593
1098 603
1346 592
923 594
922 596
739 603
534 606
816 609
843 611
759 612
1394 617
84 614
881 615
866 620
612 623
906 622
974 862
1028 626
964 629
1325 632
360 630
576 628
935 630
489 631
523 635
838 632
1016 636
1363 639
1254 639
1384 647
1038 647
1071 644
1126 647
657 648
1183 648
801 648
624 651
679 654
698 651
725 652
829 651
845 652
767 652
936 656
999 658
1020 656
1268 661
666 659
653 661
129 663
1286 668
727 668
896 667
688 671
1234 670
820 674
1257 679
457 676
921 686
964 681
1299 683
777 685
1245 685
374 688
1184 688
664 691
1290 694
1660 694
497 696
916 703
970 704
1326 704
702 705
926 705
773 708
329 711
513 711
314 712
179 714
720 719
714 721
1122 720
1186 724
1233 724
388 725
927 726
1248 724
1251 725
498 730
505 732
665 732
713 734
998 732
1120 733
1303 739
961 741
507 741
863 742
1196 742
788 746
964 751
988 750
343 752
1120 752
540 755
909 755
931 755
1322 757
768 763
933 763
1187 764
342 765
1121 762
923 767
592 768
714 769
951 769
782 775
905 773
943 772
1152 773
928 775
1168 781
947 784
711 787
1055 792
968 792
755 795
700 798
792 803
1121 798
265 800
873 806
894 800
748 803
648 805
1310 806
186 816
595 817
802 817
1319 817
597 819
627 824
708 828
782 828
976 829
758 832
1310 835
1313 836
1320 846
724 840
728 842
1470 847
497 856
547 855
743 857
1408 857
1265 861
1301 858
330 861
384 862
484 865
681 882
512 890
800 897
732 899
476 900
1161 902
518 905
699 907
1249 906
440 908
681 909
444 912
35 914
275 922
832 926
1316 929
750 934
254 944
1186 942
851 951
1229 948
668 948
876 957
557 959
953 959
1160 963
816 966
1158 965
654 973
674 972
587 975
920 974
866 979
1168 983
1198 979
1199 981
915 982
770 992
737 1007
354 1014
767 1015
917 1015
302 1017
348 1023
419 1025
863 1026
1218 1026
895 1031
1122 1032
344 1032
739 1041
1110 1041
745 1043
1179 1047
649 1049
1147 1053
555 1055
1301 1058
157 1060
856 1064
459 1069
708 1074
744 1078
1129 1083
691 1081
325 1082
978 1085
986 1087
795 1098
325 1103
738 1101
744 1103
1094 1105
761 1109
926 1123
928 1122
326 1125
793 1134
832 1135
1405 1134
821 1136
1550 1138
898 1143
1084 1144
1003 1146
1164 1148
658 1149
928 1148
1140 1148
873 1151
1137 1153
1266 1163
454 1170
1 1167
1533 1166
1109 1168
1028 1172
95 1175
635 1174
495 1179
894 1181
457 1184
816 1193
799 1197
951 1207
1210 1213
883 1220
1093 1221
