920 620
235 11
378 0
572 22
724 0
797 46
831 1
898 6
1460 10
360 19
1079 12
1130 12
648 43
939 13
290 27
457 22
618 22
115 26
1054 25
1249 76
1070 23
530 34
945 27
905 55
1040 40
1091 36
1129 34
1508 41
140 49
768 45
243 58
714 60
1026 57
107 81
987 74
542 77
1039 69
312 85
48 81
670 92
1014 85
763 90
914 100
1088 90
646 96
210 96
240 96
1065 97
1106 122
625 104
942 102
1003 108
609 108
808 111
1600 125
10 113
424 122
1060 125
1030 136
959 132
1498 149
327 134
655 127
754 132
781 134
239 137
616 137
1425 142
1142 142
564 153
1211 153
168 147
1045 163
1450 168
228 163
1357 170
291 158
76 168
793 181
670 162
1189 161
598 164
950 164
1111 163
888 162
1087 163
452 172
202 168
1543 193
995 170
1076 193
478 176
485 177
621 181
1278 194
643 193
682 188
271 193
480 192
1402 201
757 235
1197 207
221 195
1358 196
460 204
863 209
1049 209
1000 206
1024 207
415 211
490 211
547 210
664 212
310 212
576 218
910 214
1355 215
977 219
1441 218
384 225
516 223
653 223
597 224
1016 224
1097 226
315 224
790 232
1159 243
985 232
205 241
595 239
615 235
515 248
1011 245
1201 242
322 244
1378 247
1101 251
247 253
574 250
1226 268
815 254
892 261
1089 261
111 271
1031 270
904 264
994 268
956 276
1178 269
76 279
476 275
652 280
1280 286
183 283
592 285
30 286
1501 305
505 285
257 291
780 286
832 288
860 292
1076 287
143 296
354 290
726 298
216 293
1116 289
286 296
924 293
975 298
522 302
805 295
1042 293
1189 293
693 299
5 301
1004 303
1086 300
793 314
1076 308
704 313
748 313
1049 320
446 318
1209 316
1218 315
485 323
865 316
1158 328
861 320
1013 321
634 329
1264 329
335 328
1079 328
399 326
1002 333
181 333
894 330
595 334
1307 377
981 333
264 340
1838 336
500 339
721 352
112 349
745 343
1010 346
1085 344
1348 343
472 355
511 356
888 355
1090 354
211 357
571 361
844 368
981 359
786 371
905 370
994 364
1073 380
631 374
40 372
680 371
1048 371
98 371
974 370
1125 378
920 380
1036 387
813 405
884 381
268 393
994 387
428 395
461 399
607 387
973 389
788 390
875 393
916 390
1111 403
733 418
599 397
897 396
1837 396
559 397
1472 409
190 406
695 414
69 410
994 406
397 409
509 413
865 414
904 416
1164 421
307 413
956 415
979 414
449 420
634 418
939 419
1050 416
1072 419
1043 420
670 425
920 425
403 430
603 431
782 426
839 436
1099 427
106 428
899 434
1387 440
87 434
628 442
756 454
1044 437
545 446
872 442
191 445
348 449
917 446
973 447
423 453
834 462
1007 446
781 452
1014 449
1019 448
692 453
1069 466
125 455
289 459
995 463
507 465
444 462
558 460
569 462
684 465
1119 471
1232 473
1260 470
59 470
54 472
292 474
878 472
936 476
1292 474
1385 493
569 482
640 483
779 488
857 482
1621 481
218 486
133 489
438 489
1044 511
1102 491
458 490
559 489
964 489
1007 489
885 488
254 495
620 497
834 497
942 492
982 494
1301 503
1439 507
316 505
395 514
748 495
6 497
514 499
697 507
237 499
492 503
947 503
1111 510
1168 515
996 512
1025 506
747 514
778 507
923 511
213 516
234 514
724 513
785 532
887 510
970 513
1249 531
13 518
570 516
646 515
952 514
1006 520
687 522
1012 525
169 529
715 528
944 532
980 529
1133 544
758 533
1195 531
1384 575
220 537
581 536
1025 544
620 540
854 550
1094 549
1196 539
442 547
734 551
1276 544
412 554
915 550
131 549
362 556
800 549
330 550
646 577
1073 571
951 556
36 558
168 554
1003 558
1175 563
492 564
547 565
574 559
887 563
789 562
671 568
760 564
782 566
906 565
1287 567
75 567
938 582
76 570
973 576
1185 577
985 579
879 583
1038 581
488 586
1026 586
1138 594
1255 594
1728 583
624 585
215 587
456 592
530 589
818 587
120 589
406 595
724 589
916 590
994 591
1099 598
684 594
834 590
1035 592
1062 591
566 595
768 609
1010 600
1061 596
1 599
981 599
1071 598
151 600
223 603
848 603
606 604
800 603
943 618
154 604
912 612
861 609
643 614
570 614
695 615
989 613
84 616
313 615
681 619
787 618
841 624
888 616
263 622
423 625
241 627
751 631
796 635
215 630
403 638
649 631
702 630
968 638
1244 633
20 635
463 634
490 632
616 635
723 639
1732 632
509 642
742 637
1089 641
769 645
874 641
950 640
826 640
928 647
251 643
895 645
989 648
135 649
647 648
856 648
656 650
1196 651
235 657
317 656
620 654
675 653
720 655
810 656
900 658
77 659
1357 668
943 660
1247 661
568 671
935 664
193 665
914 666
98 667
536 669
642 669
468 671
668 671
670 670
646 673
908 675
927 677
968 675
769 677
1305 687
62 679
787 689
808 679
942 679
1095 679
1625 678
125 681
167 680
230 681
248 684
952 684
93 688
461 689
1110 704
1002 687
561 690
728 690
890 690
922 688
1226 700
1654 689
674 702
72 697
628 693
985 696
827 703
914 697
1477 696
43 702
594 700
749 709
971 699
411 711
879 702
1295 700
961 703
256 705
294 708
574 705
586 706
601 704
896 709
911 705
105 713
444 713
964 712
1296 720
150 718
591 716
622 727
936 718
583 720
834 722
984 720
1554 719
871 734
1672 720
521 723
524 722
906 725
1003 722
864 725
762 732
1231 746
174 730
469 735
792 729
816 729
1119 729
1012 736
1023 736
1194 735
1208 737
492 744
215 741
353 742
589 749
765 741
937 742
969 742
1077 749
320 746
742 752
938 744
308 746
426 748
638 748
892 753
910 750
1028 754
404 762
484 755
938 756
482 757
660 769
1209 759
233 759
375 760
777 764
965 759
1016 760
1009 892
963 777
354 764
1059 783
289 770
886 770
244 771
941 771
753 771
984 774
1303 776
213 775
318 773
719 773
736 776
860 773
1025 774
1220 780
58 781
255 775
1006 792
562 776
712 791
295 778
507 779
796 785
490 788
576 781
766 781
824 781
880 780
342 784
870 783
1377 786
186 785
918 784
891 786
934 787
1341 808
941 789
1555 788
1578 789
374 793
137 792
867 794
947 793
300 795
763 796
844 812
949 794
806 798
1572 797
1644 797
1666 796
424 799
523 809
1827 802
599 809
789 803
19 805
472 807
574 803
933 802
1292 802
755 804
938 808
966 815
1248 804
627 807
742 807
1098 809
236 810
279 811
724 813
919 810
1078 827
945 814
1237 822
683 820
924 814
1096 816
624 836
905 828
25 823
380 821
457 827
772 827
81 822
1425 822
1109 838
1821 825
404 828
716 827
789 829
298 833
1003 832
1716 831
1599 835
648 837
734 837
936 837
1281 843
1474 836
373 839
557 838
883 845
512 841
728 840
985 852
1536 841
257 842
265 844
928 844
1197 851
1366 853
1486 845
583 846
673 847
917 848
173 852
463 852
574 849
969 850
429 852
899 852
948 850
381 852
623 852
1344 855
1008 857
1707 857
1733 858
1447 869
1775 860
454 867
1316 871
702 864
963 864
1743 865
379 867
925 867
541 873
1718 869
692 873
939 870
1521 871
217 876
1472 872
293 879
1185 878
437 886
1378 879
579 883
959 884
1743 883
289 894
652 888
1663 885
261 886
481 888
935 888
973 887
1271 886
1666 886
156 888
257 888
738 890
1253 893
1536 889
320 894
1775 892
134 894
160 894
657 895
130 897
1340 897
746 900
778 899
212 901
1266 901
1538 902
239 904
603 906
734 904
1317 911
1573 905
754 907
423 908
647 908
658 908
1290 908
458 912
559 915
611 912
713 913
769 925
1435 919
332 921
462 920
730 921
109 924
707 925
1271 924
746 927
1725 926
89 928
362 933
541 928
677 950
1208 929
1314 930
90 932
449 934
693 933
837 933
1492 933
529 934
801 938
510 936
132 939
79 943
725 941
763 945
936 941
840 943
1435 942
146 945
292 945
706 947
959 945
1591 944
1375 946
1709 947
13 948
323 949
538 950
817 955
964 949
361 954
870 951
912 951
1581 951
125 952
781 952
873 952
924 957
1707 953
1741 952
1162 955
381 958
712 957
744 957
854 959
1754 956
475 959
512 964
943 961
1598 959
1623 960
1830 960
394 964
446 966
533 969
559 962
587 962
610 962
1345 962
784 965
5 966
347 966
466 968
470 966
597 969
652 967
908 967
1329 971
1537 966
1659 966
893 970
120 970
869 970
916 971
1447 971
406 976
726 992
1682 974
169 975
352 975
698 983
781 979
1708 975
307 977
883 982
48 979
903 987
930 979
943 979
1696 979
45 980
485 981
815 983
868 981
1176 982
1379 982
1668 983
648 993
1404 985
1490 984
571 989
638 987
1067 994
298 990
387 989
1164 993
1780 989
151 992
227 994
863 993
926 990
1784 991
45 993
597 993
935 993
1106 994
493 995
577 995
1010 999
1421 994
125 998
250 997
612 999
822 999
938 996
969 1003
1229 1002
1275 997
1126 1004
1302 998
378 1000
1633 1000
527 1004
586 1003
659 1006
814 1005
1494 1005
302 1007
459 1006
684 1006
767 1006
1106 1006
435 1010
549 1011
1089 1016
1455 1009
1258 1011
1274 1010
1477 1011
1567 1011
266 1013
313 1012
626 1012
1303 1012
345 1014
1265 1014
14 1016
281 1016
510 1021
632 1016
910 1025
928 1018
479 1019
884 1021
421 1021
758 1021
1536 1020
402 1031
450 1025
586 1028
663 1023
677 1022
1537 1022
425 1029
617 1026
707 1028
1281 1032
335 1031
475 1029
525 1029
611 1028
645 1037
765 1031
827 1030
500 1030
688 1033
365 1033
1437 1033
1505 1038
605 1035
900 1035
1530 1035
309 1038
546 1039
563 1037
518 1045
1572 1039
1746 1039
591 1044
743 1040
845 1046
951 1040
1461 1043
1483 1041
1839 1040
292 1043
742 1043
1136 1049
540 1044
769 1054
1354 1044
1410 1044
317 1047
1096 1051
459 1049
754 1049
879 1049
954 1055
1006 1049
1170 1056
656 1053
670 1051
725 1057
802 1051
1663 1051
639 1053
906 1053
1535 1053
491 1055
530 1062
1289 1055
1759 1054
123 1057
143 1062
274 1057
389 1056
476 1056
1648 1056
869 1058
897 1059
343 1061
607 1065
625 1062
1582 1060
197 1063
407 1062
483 1062
932 1065
702 1065
804 1065
1178 1064
1490 1068
1780 1068
450 1066
488 1067
1412 1067
434 1069
447 1069
734 1068
1307 1077
347 1075
383 1072
461 1071
1589 1071
1689 1071
498 1078
572 1078
667 1074
1691 1072
94 1074
484 1074
597 1082
684 1080
816 1075
1605 1076
1733 1075
1774 1076
75 1080
158 1077
736 1078
864 1077
867 1076
906 1078
1006 1080
543 1078
618 1079
128 1081
245 1090
616 1080
1149 1085
1169 1093
1631 1081
286 1091
533 1083
122 1084
341 1086
889 1087
1028 1089
1522 1084
549 1086
1106 1092
1718 1088
224 1089
554 1089
704 1098
746 1088
748 1089
917 1089
1252 1098
1642 1088
1732 1088
51 1090
481 1093
523 1091
537 1091
1135 1090
330 1093
346 1093
441 1095
572 1093
416 1094
669 1095
761 1096
646 1096
875 1097
386 1099
567 1100
675 1098
1046 1098
1696 1099
192 1100
487 1101
648 1100
1600 1101
1768 1100
55 1102
96 1102
155 1103
377 1103
411 1103
687 1103
719 1102
1359 1102
1533 1102
1712 1102
1786 1103
1818 1103
916 1105
1360 1105
645 1107
685 1106
885 1106
896 1106
1139 1106
281 1109
321 1108
417 1109
866 1108
140 1110
299 1113
558 1111
1136 1112
1718 1111
657 1115
749 1127
504 1117
1190 1119
1680 1114
394 1118
545 1118
929 1116
271 1118
457 1118
522 1119
1253 1119
420 1128
597 1120
935 1121
1337 1120
268 1123
433 1123
529 1123
860 1123
1340 1123
563 1125
698 1125
868 1126
24 1128
244 1127
337 1127
540 1126
588 1133
612 1127
713 1132
1503 1127
183 1129
370 1129
402 1135
471 1129
1565 1129
1784 1130
298 1131
440 1130
498 1134
1666 1134
652 1135
1479 1134
205 1138
672 1137
770 1138
1753 1136
137 1138
332 1138
373 1139
582 1141
622 1147
48 1140
133 1140
636 1141
719 1140
1062 1141
1618 1143
234 1143
361 1143
432 1143
504 1144
245 1146
440 1146
726 1146
1478 1146
1621 1147
78 1149
216 1152
521 1148
1629 1148
1783 1149
102 1151
116 1152
380 1150
474 1155
450 1152
639 1153
703 1152
1388 1153
611 1154
809 1155
1386 1155
103 1156
496 1161
542 1158
575 1157
666 1156
1704 1157
265 1159
300 1159
360 1159
396 1159
524 1160
558 1159
693 1159
1384 1159
130 1163
461 1160
919 1160
514 1162
670 1162
691 1163
768 1162
840 1165
856 1162
920 1163
337 1167
428 1166
650 1165
689 1165
288 1166
209 1169
388 1168
432 1168
566 1169
1608 1170
1759 1174
1783 1168
183 1173
406 1171
548 1171
646 1171
719 1170
1182 1172
480 1175
510 1178
530 1174
665 1181
1245 1175
1291 1175
255 1177
317 1177
370 1177
610 1178
684 1177
698 1176
1575 1176
1637 1177
380 1179
446 1180
649 1179
764 1179
1161 1179
1369 1181
1772 1180
1774 1182
376 1182
590 1182
631 1183
644 1186
1074 1182
364 1187
503 1185
538 1195
660 1187
907 1186
396 1189
577 1191
1457 1191
369 1193
618 1195
692 1192
712 1193
1388 1193
1630 1192
319 1196
573 1195
1332 1195
1831 1195
223 1197
406 1198
516 1197
568 1200
1454 1196
249 1202
511 1201
660 1198
774 1198
1598 1198
1666 1201
186 1202
231 1203
459 1203
638 1206
704 1203
1098 1202
1573 1203
390 1204
606 1204
654 1204
741 1204
799 1205
1525 1207
317 1207
696 1207
1485 1206
112 1208
471 1211
527 1211
723 1209
895 1209
1488 1208
97 1211
392 1210
412 1211
597 1212
626 1211
777 1211
891 1211
1490 1212
1669 1210
646 1212
656 1212
674 1213
727 1212
1201 1213
114 1214
308 1214
669 1215
728 1215
47 1217
240 1216
317 1217
514 1216
623 1218
513 1218
1536 1222
176 1220
332 1223
351 1220
483 1225
571 1225
755 1220
1687 1220
403 1226
448 1225
501 1226
1383 1226
1407 1226
210 1226
427 1226
740 1227
928 1226
1328 1227
