906 623
19 2
165 4
246 0
664 39
1002 9
1059 1
1105 7
1233 8
1607 16
1690 13
938 5
117 13
852 14
1798 84
942 18
51 36
773 43
734 47
591 36
1067 40
159 34
871 53
142 37
1184 38
0 44
1523 68
934 47
537 60
975 53
607 53
1029 49
559 56
1044 55
1073 67
1116 64
901 65
804 68
630 79
164 93
951 86
990 76
1055 79
1593 80
1102 86
701 93
1050 106
1059 86
1607 90
994 128
1081 99
794 93
661 97
1717 105
609 102
752 130
1095 103
1126 102
722 107
1116 132
1455 146
1093 108
963 116
913 137
1174 124
267 125
921 114
127 123
699 126
351 130
1322 146
578 130
167 138
680 135
1648 158
807 134
599 149
841 147
1041 139
882 153
955 143
531 148
674 151
27 160
945 155
1713 173
768 160
903 156
738 197
1563 169
110 173
899 195
915 168
940 169
69 191
5 188
870 174
1569 179
705 178
927 177
971 176
1055 180
979 178
1502 219
1114 257
543 185
678 198
785 183
878 183
932 185
215 201
1031 197
973 192
925 192
800 195
950 192
962 193
171 199
720 199
581 231
639 202
843 198
977 202
1407 236
968 212
1538 216
533 210
925 212
1017 219
1043 227
1815 252
912 224
940 224
791 225
979 228
1001 224
829 229
932 228
77 247
953 253
1536 252
1722 258
693 242
205 244
762 261
898 244
927 245
883 247
187 296
626 252
510 254
474 259
654 261
903 262
917 267
671 265
1420 285
708 271
900 270
801 273
1026 282
1287 278
1173 306
799 283
979 284
686 300
992 287
1381 284
791 295
1396 290
1624 316
1000 296
503 312
849 296
907 298
773 302
6 307
651 316
825 309
950 303
867 310
620 312
713 309
1215 309
72 316
1042 324
735 330
758 320
921 316
995 318
1267 314
1259 317
566 318
1346 326
1241 320
1784 321
679 337
405 329
452 332
945 326
1426 326
1075 330
101 337
914 337
965 333
976 336
638 351
759 335
889 395
1032 345
1144 339
970 341
987 359
716 347
1231 346
1306 346
755 349
895 350
254 357
907 356
113 359
1501 357
740 365
765 363
563 365
1215 377
145 362
670 382
1478 376
758 369
930 380
1118 368
1103 387
611 377
820 381
950 376
1526 391
115 380
1193 381
1678 397
1180 383
509 385
695 385
751 391
832 390
1419 393
1591 462
746 399
568 404
1075 399
851 401
960 402
500 406
615 410
1115 407
1723 431
136 420
811 426
1484 416
953 416
988 419
1836 427
692 417
844 420
859 419
1246 429
787 421
1009 420
663 430
962 423
849 425
949 426
1361 433
737 427
1063 433
216 440
286 439
981 434
44 438
747 442
1306 448
1335 456
677 443
141 445
177 460
630 466
1255 464
683 447
590 450
888 450
723 455
864 452
973 455
701 459
785 480
1231 458
1475 470
224 470
952 461
1294 460
525 465
891 465
972 481
1152 465
883 473
1079 475
1373 491
1008 492
724 487
948 482
703 485
147 489
528 485
889 501
1203 487
388 492
934 504
1084 505
655 490
1206 490
488 492
689 498
1256 521
1552 498
738 506
1522 519
833 502
905 506
1144 504
1315 507
1792 537
494 507
675 510
1219 508
1123 511
544 514
1024 512
273 517
709 517
750 517
680 517
962 517
1035 531
1103 517
17 524
914 520
1003 518
1375 520
1411 519
872 524
152 525
972 525
1020 526
177 535
156 538
981 549
1297 538
1322 539
677 541
704 537
1181 546
535 538
635 542
902 539
842 541
1386 541
1677 541
764 549
927 543
1007 543
1636 544
910 549
716 547
884 546
924 547
1712 558
1070 550
1266 548
520 550
533 551
572 551
1293 551
1261 553
1579 582
1099 555
539 558
670 558
1115 560
46 560
240 561
703 559
849 561
910 587
798 564
937 565
674 569
940 568
1306 581
1081 574
1228 573
519 599
859 575
982 575
749 586
1064 580
1367 589
823 582
995 584
1211 595
169 595
720 584
950 583
1728 597
231 588
687 585
887 588
210 589
845 588
942 591
898 719
550 595
708 595
862 603
1455 594
295 599
884 598
473 598
633 600
730 602
960 602
1023 620
336 606
653 607
1003 607
624 617
1314 608
793 610
1177 625
210 612
899 613
952 614
972 628
1575 616
570 627
1828 620
591 622
664 629
354 630
715 624
1769 632
44 630
918 627
1658 642
1470 682
951 634
564 635
835 634
876 634
1281 634
177 640
890 639
435 646
530 652
1224 653
693 645
847 647
646 649
34 651
195 649
956 649
1427 650
918 651
1236 687
1543 660
878 653
1431 652
1603 667
1414 655
923 676
946 656
986 656
1199 657
866 672
499 666
644 662
894 663
1344 663
195 668
550 672
571 670
1743 675
477 669
181 681
890 670
904 673
1652 678
1335 700
901 684
446 694
490 692
1410 719
1 692
349 701
225 695
637 701
712 695
870 694
1677 695
34 700
899 696
1660 706
896 715
525 703
536 703
731 705
1122 711
855 707
936 707
1146 711
553 715
698 716
922 715
613 721
1158 732
491 726
518 743
683 725
922 729
946 729
71 734
1275 743
1772 733
344 739
686 737
725 737
1370 737
1301 751
741 741
916 743
246 744
711 744
334 754
207 752
919 756
419 751
894 750
1807 751
306 754
500 758
1131 755
756 756
1146 758
543 766
692 767
212 767
722 767
1308 777
1500 811
1675 778
434 774
717 775
591 783
1611 800
1 788
727 783
1827 783
400 785
149 788
644 787
623 789
1397 800
518 798
1095 801
273 799
640 802
1347 813
677 802
1008 804
1208 805
312 808
486 814
762 817
1270 824
290 815
474 821
694 816
714 817
739 819
535 821
79 823
1168 823
459 825
699 825
656 829
711 837
526 834
647 832
689 830
751 833
803 832
489 836
952 835
205 838
808 836
688 838
1289 838
686 843
1168 852
469 847
799 861
1391 853
1474 847
882 856
226 855
415 854
1435 854
106 856
501 857
506 856
686 856
1537 866
1572 863
217 858
846 859
1093 860
1199 866
491 883
653 872
201 862
633 863
1397 883
269 869
635 864
1042 870
1294 888
871 867
1063 866
1157 877
225 869
1074 874
196 871
551 870
711 872
466 874
834 885
748 880
1219 889
1499 878
223 884
565 883
809 882
661 885
1261 890
49 890
762 887
298 890
315 891
722 895
653 908
888 893
1420 897
999 896
1252 897
670 901
710 899
1161 899
731 902
885 903
1157 902
68 906
554 905
1528 907
1057 906
876 909
843 910
463 913
578 913
616 914
1191 929
1383 915
1358 916
678 918
703 920
896 919
1057 918
1279 926
486 922
1063 921
914 922
1381 935
782 925
1515 929
644 927
753 927
852 930
916 929
1242 926
813 937
1414 940
1103 935
718 934
934 933
747 935
1616 938
1827 934
68 939
319 937
679 947
1012 942
356 941
888 943
981 956
39 946
482 949
1220 946
905 957
1337 955
526 953
1167 972
204 953
758 958
1362 952
201 954
946 964
1610 955
792 960
110 960
433 959
467 961
578 962
1039 959
618 960
635 961
694 965
880 965
1564 974
1194 979
1226 975
184 971
485 981
642 968
671 975
999 969
349 976
558 974
713 975
954 975
461 977
738 985
830 987
1056 982
343 989
846 1000
1104 986
1102 989
939 990
431 999
1334 1006
630 998
1437 1001
1184 999
1666 998
280 1000
664 1004
824 1003
558 1005
777 1005
352 1012
528 1007
1275 1013
1226 1008
784 1010
1100 1011
851 1016
978 1012
1156 1019
1298 1018
1464 1030
628 1015
933 1016
411 1020
1014 1016
808 1020
316 1021
1434 1021
174 1022
928 1024
1101 1023
701 1026
1238 1027
345 1026
690 1031
979 1031
1379 1028
452 1030
706 1030
792 1030
1017 1034
1116 1043
1336 1038
133 1037
768 1036
783 1036
889 1040
704 1043
867 1038
1076 1039
1568 1038
465 1043
1060 1041
1176 1041
365 1048
721 1044
949 1046
1201 1053
814 1054
993 1049
1100 1051
1373 1046
612 1048
884 1049
1024 1049
1066 1050
1375 1049
1570 1058
242 1062
381 1057
721 1056
1144 1057
375 1071
676 1059
780 1059
916 1059
1060 1058
1146 1059
1330 1059
1351 1065
1493 1058
955 1060
559 1066
1402 1063
938 1064
1286 1071
1400 1064
1420 1065
172 1070
319 1067
610 1066
835 1070
463 1069
669 1070
1005 1070
897 1072
1206 1078
790 1075
844 1075
684 1082
707 1076
909 1078
737 1078
804 1078
858 1078
933 1079
713 1084
816 1081
1300 1084
545 1084
856 1083
1053 1082
660 1085
1069 1085
1147 1084
1318 1089
1444 1085
68 1089
828 1089
850 1089
998 1088
13 1094
125 1094
874 1090
986 1094
1013 1090
1368 1091
173 1094
342 1094
443 1094
647 1093
953 1093
1146 1092
1170 1092
1323 1095
642 1096
1476 1098
497 1099
742 1099
1033 1098
1181 1098
1520 1098
331 1100
698 1101
1017 1100
1126 1101
1153 1101
654 1102
756 1107
808 1102
885 1103
902 1103
1075 1103
538 1105
739 1105
799 1104
1104 1104
1138 1104
628 1106
668 1107
970 1107
1027 1109
1117 1108
1180 1108
340 1117
785 1118
1167 1116
530 1113
658 1112
1066 1112
1222 1113
6 1114
664 1114
951 1118
1013 1115
328 1116
489 1118
724 1119
1108 1116
1120 1116
1143 1117
1270 1116
676 1119
920 1119
1019 1119
833 1124
1228 1123
213 1130
375 1122
711 1123
750 1128
850 1128
904 1128
1146 1122
393 1126
812 1126
991 1124
1073 1125
1326 1125
1328 1124
292 1130
329 1129
891 1127
1093 1128
444 1130
1447 1128
911 1131
1030 1131
1162 1130
709 1132
1141 1133
632 1134
661 1134
705 1137
831 1134
578 1137
1072 1137
613 1138
814 1141
1025 1139
1202 1139
654 1140
669 1140
693 1141
920 1141
994 1141
1203 1141
1230 1141
397 1143
518 1142
870 1144
1111 1142
1291 1142
1055 1145
1097 1144
1212 1146
1246 1147
271 1151
579 1146
717 1147
783 1147
823 1148
847 1146
1090 1147
174 1149
544 1148
577 1148
754 1149
911 1154
984 1148
752 1151
850 1150
967 1151
992 1151
697 1153
869 1152
890 1153
774 1159
1112 1154
1172 1155
1250 1154
1553 1155
749 1157
859 1156
1026 1160
628 1159
658 1159
804 1158
852 1161
930 1160
1557 1161
539 1162
587 1163
671 1162
698 1163
744 1162
887 1164
973 1163
1010 1162
1177 1162
327 1165
448 1164
651 1165
666 1165
809 1164
982 1165
1015 1167
1114 1164
692 1169
877 1167
1326 1167
582 1169
595 1169
718 1168
1063 1168
1257 1168
233 1172
418 1170
777 1172
1075 1170
1149 1171
1235 1170
1560 1173
377 1173
867 1172
1012 1172
1123 1173
820 1175
846 1183
860 1175
1091 1175
504 1177
651 1178
1337 1177
285 1179
859 1178
902 1178
958 1179
1053 1178
749 1183
762 1180
870 1181
918 1180
1061 1181
1194 1181
1237 1181
237 1183
410 1183
461 1184
891 1182
611 1185
688 1184
711 1184
950 1184
993 1184
1017 1184
1169 1184
511 1186
683 1186
736 1187
966 1199
1090 1187
1179 1186
1352 1187
589 1188
871 1198
897 1188
570 1192
913 1191
718 1192
732 1193
761 1193
779 1194
784 1192
798 1192
1033 1193
1143 1193
1161 1192
358 1197
888 1194
936 1195
980 1194
1078 1195
1229 1194
682 1196
693 1197
796 1196
837 1196
918 1197
947 1196
1011 1197
1053 1196
1145 1196
344 1199
724 1199
809 1198
826 1199
903 1198
988 1199
1146 1198
1365 1203
442 1201
503 1201
555 1206
669 1200
671 1201
774 1200
754 1203
852 1202
920 1202
943 1203
1027 1202
1033 1203
1264 1203
418 1206
481 1205
572 1204
761 1204
937 1207
990 1210
1074 1205
1156 1204
439 1208
594 1207
613 1206
587 1208
660 1209
825 1208
1119 1210
1221 1208
722 1212
839 1210
956 1211
1014 1210
1060 1210
1146 1210
1190 1210
1331 1219
681 1213
697 1213
744 1213
975 1212
1023 1213
1055 1213
1084 1213
572 1216
707 1214
777 1217
982 1214
474 1216
653 1218
698 1224
759 1217
921 1223
962 1218
1033 1223
1078 1216
1242 1217
847 1219
910 1219
1244 1219
804 1221
866 1220
463 1225
863 1225
1221 1225
584 1225
907 1226
955 1225
997 1225
1077 1225
259 1226
669 1227
800 1226
1112 1227
1361 1226
