918 610
1004 17
1186 2
1095 18
1653 12
1233 24
506 33
1206 30
1183 36
1114 33
1076 34
753 41
1331 44
1225 49
1790 48
917 50
996 55
880 61
831 73
1115 79
988 87
1587 90
1005 99
1472 99
1059 108
492 100
655 101
1119 96
896 100
1755 107
1201 131
652 139
968 134
1025 149
638 168
1020 163
1024 180
1475 183
1740 177
1312 185
1172 189
419 197
648 193
552 192
1040 195
1203 199
864 209
1270 212
542 212
1654 216
964 229
931 240
1241 235
1016 240
1644 243
1746 253
1150 258
1007 260
984 260
1034 261
236 280
1014 277
712 298
565 296
609 295
1081 301
1399 313
968 316
460 325
1207 324
988 327
1571 330
187 329
1395 339
1460 338
1101 343
758 349
1233 357
1393 365
961 368
1391 367
1151 402
1180 402
1245 408
765 421
1320 434
564 478
1202 474
548 488
795 490
1138 491
1476 500
940 505
1015 505
1455 519
898 563
784 559
843 577
1003 602
1300 609
1022 645
1010 663
667 673
1153 677
990 682
1104 718
578 722
1508 727
374 770
1122 777
1599 786
1129 795
731 811
1111 811
1188 822
1186 837
1137 839
813 843
841 943
1214 949
1155 961
808 997
812 1001
793 1000
1007 1071
1256 1017
776 1009
1012 1018
772 1018
873 1032
1231 1048
1254 1037
703 1043
1268 1047
741 1053
1272 1050
1193 1054
1262 1053
1165 1057
1297 1056
1237 1061
1253 1061
1231 1063
1180 1069
945 1108
860 1155
