920 627
64 7
91 18
183 19
325 26
1031 215
1481 21
1545 12
1768 3
485 46
842 22
1424 45
564 37
649 124
1528 69
1832 74
431 80
287 95
332 92
829 92
1397 96
1573 106
350 110
278 113
1105 113
317 123
1227 119
1433 131
1791 245
1547 139
1481 158
1607 142
512 139
510 151
1757 155
507 167
1544 272
611 170
541 178
654 186
674 185
627 186
554 191
1339 267
500 209
1606 199
596 222
677 203
121 259
543 230
1754 217
730 213
14 221
639 212
913 222
1810 227
1604 229
1417 238
476 240
510 236
726 238
841 258
760 245
912 244
1752 242
1366 253
1462 251
1603 255
742 253
1133 244
863 249
507 254
885 253
633 270
894 256
874 267
729 285
1348 263
588 272
858 269
552 272
894 273
1428 280
549 277
961 279
382 300
868 285
881 282
656 287
880 287
442 294
849 306
823 293
899 290
874 293
957 294
887 295
1093 296
1132 295
902 299
877 307
682 303
1373 306
711 308
1601 319
755 315
767 317
813 314
902 315
938 316
1383 323
434 343
603 322
810 316
1748 318
529 321
663 319
950 319
915 321
872 331
745 326
823 325
844 336
897 324
722 328
933 331
752 337
901 334
918 334
934 334
920 336
895 341
948 342
933 358
858 345
918 350
885 350
859 355
892 354
1363 357
711 361
951 369
1206 360
790 367
890 360
653 364
860 369
1592 363
170 390
1234 401
898 367
1442 377
573 371
831 371
1005 374
734 378
778 379
913 378
668 382
569 384
815 386
1139 384
1268 384
1363 391
1288 385
885 390
1386 397
863 395
577 394
947 395
1137 397
504 417
790 400
1483 407
526 401
924 400
831 408
923 402
1132 404
752 413
1288 412
720 413
1097 416
467 417
810 417
1140 418
780 427
612 428
851 428
1486 438
794 435
770 445
980 447
1368 461
649 454
1309 455
746 460
813 456
990 456
574 459
497 465
633 464
1209 497
963 469
976 468
727 474
776 475
797 474
1231 472
1129 479
500 485
656 481
949 482
1227 482
954 485
948 499
1232 515
956 489
674 496
718 495
958 493
1803 502
542 497
656 501
1034 501
1019 505
309 507
787 506
1035 505
1288 507
620 510
798 510
1035 525
959 513
1271 514
759 517
736 519
966 533
583 523
611 525
1398 524
1097 526
396 528
1018 528
948 532
593 533
687 535
1405 534
167 562
931 537
1194 540
425 544
913 543
989 545
439 547
739 550
1211 552
911 556
965 558
1208 558
674 564
1285 564
1236 574
1339 578
789 571
956 572
996 569
546 583
935 578
947 584
676 591
887 585
746 598
777 602
1119 596
1099 600
1402 601
936 602
1169 604
1028 610
443 609
735 619
958 618
1091 608
1102 608
597 612
1162 611
903 612
931 632
1151 620
909 618
1047 619
638 623
895 627
1064 625
1224 626
697 630
950 630
1004 632
1086 631
1186 685
1194 631
1097 638
562 636
884 637
517 637
1013 637
1067 640
1079 645
347 650
872 651
886 653
975 652
580 656
784 667
910 778
973 655
663 659
1367 664
1008 661
565 665
963 667
1046 673
576 677
656 678
714 680
1402 678
1431 679
760 681
890 686
962 682
1011 684
768 688
1402 693
602 698
745 702
530 700
1016 699
1440 698
565 703
672 704
626 709
678 711
455 712
970 714
1385 711
1113 729
896 721
651 786
268 723
553 724
835 722
839 723
677 725
767 727
1213 726
858 731
1543 728
971 728
1344 734
1411 734
893 735
1156 735
1007 736
1028 739
1139 736
1002 739
1163 739
853 742
959 744
993 746
1043 745
1107 744
1181 747
760 750
1022 749
1062 748
1290 753
816 757
1361 752
849 770
1191 752
1036 755
1111 757
1065 764
1373 758
1051 763
1120 768
1336 784
497 767
967 765
1190 766
401 771
997 768
1084 772
1612 773
1292 768
948 772
1158 771
581 773
1150 784
1511 774
1017 777
1107 778
552 780
579 782
828 784
1067 783
1187 783
1281 782
1444 785
439 788
735 788
1007 790
558 788
823 790
747 792
1059 790
1207 792
705 795
220 799
376 797
1026 799
1150 800
1515 800
1556 801
415 803
1305 802
1109 814
715 809
450 813
1129 812
1185 812
1282 812
1273 815
1567 816
734 820
961 829
1285 831
1144 823
1755 822
405 826
534 827
813 827
1030 826
1180 826
187 828
456 829
467 828
470 829
487 830
774 830
1067 838
439 832
592 831
1184 830
511 838
640 835
1081 832
1221 839
1422 834
495 834
1026 837
1197 834
1249 834
836 846
199 838
398 838
452 839
603 839
1163 838
1420 838
163 840
482 841
941 841
215 842
232 843
1351 844
420 846
657 848
1082 851
1247 847
2 848
536 848
719 852
753 849
935 849
994 849
1021 849
1032 849
1115 849
670 851
684 871
1260 851
548 854
674 853
953 867
1162 853
997 856
1380 854
391 857
431 856
1168 856
369 859
403 859
537 859
1135 858
533 861
1202 860
1094 862
1131 863
221 864
326 864
400 865
831 866
1103 865
1304 864
300 867
774 1047
1263 868
1298 866
1730 866
1828 866
513 869
759 870
173 873
246 872
928 871
353 874
1268 874
1429 872
1284 875
268 876
457 879
481 876
528 876
551 877
1213 877
1587 877
1746 877
290 880
477 878
966 885
1193 878
1250 882
1800 878
1809 879
343 880
496 881
1013 884
1208 881
1232 880
1775 880
273 883
504 883
739 884
1225 883
442 887
465 884
875 885
911 885
1369 886
1462 884
406 889
833 888
1262 888
349 888
423 890
903 889
1495 889
1532 896
360 890
476 890
565 891
1212 891
244 892
278 892
719 893
1191 893
1222 893
1253 893
1275 892
1412 894
96 894
327 896
377 901
433 895
1665 894
479 897
510 909
850 897
878 898
945 898
1006 898
1226 902
1308 897
1566 896
1245 903
1350 906
1430 900
304 902
530 903
793 906
926 907
953 903
1184 904
1706 903
1602 905
335 907
363 911
441 909
1299 908
1746 908
425 910
776 913
1213 914
106 912
309 912
457 913
1194 912
175 914
342 914
1325 918
1451 914
391 917
1280 917
149 921
728 921
1195 927
1208 920
1751 920
45 922
321 923
423 923
1260 923
1578 923
1665 923
82 924
1409 924
1454 924
1747 925
1776 924
386 927
453 934
718 927
913 928
971 928
1372 928
492 929
872 930
1248 929
1283 929
1353 943
1404 929
1558 929
201 931
276 931
662 932
700 936
1232 930
1495 930
1574 930
293 933
811 934
1269 933
429 935
893 938
960 934
1467 934
1514 934
1818 934
284 937
329 938
358 937
388 939
10 941
312 939
430 959
987 940
1182 939
1492 939
1503 939
272 941
720 944
1314 947
1419 940
1604 945
1787 941
1481 942
167 945
410 945
449 944
776 948
1443 944
1722 945
93 947
397 948
735 950
882 947
350 948
375 952
792 949
1504 949
1817 948
183 950
320 950
1151 952
1398 950
334 954
1451 953
1613 952
21 955
403 955
1510 956
272 957
1120 962
1284 961
1417 957
1558 964
1687 957
1770 957
97 959
1132 958
1370 959
1224 960
61 962
354 963
380 963
1501 963
1516 963
2 969
117 965
402 989
1189 966
224 969
259 968
417 970
887 969
126 970
360 971
879 970
1106 971
1135 970
1154 972
1167 970
874 972
1174 973
1361 972
1428 973
1511 973
149 975
298 979
440 987
1514 974
133 977
1237 977
1486 977
96 981
200 980
261 985
276 980
321 981
356 990
1241 981
224 985
244 985
1117 985
1177 984
40 992
128 987
273 987
343 1021
1136 996
1165 986
1223 987
1433 987
7 989
70 988
380 989
460 990
1204 990
1810 989
20 990
166 994
215 992
1785 991
193 993
240 993
269 993
1336 994
1388 993
50 995
1275 1015
1622 994
103 996
1101 996
1155 1000
1182 997
1301 1000
1349 996
1568 996
217 998
253 999
1197 999
482 1001
1 1007
133 1003
183 1003
1241 1003
1485 1004
94 1014
283 1013
421 1007
1288 1007
1587 1007
1611 1006
175 1008
193 1009
302 1008
1051 1009
1450 1008
25 1011
296 1024
376 1017
1807 1011
48 1012
216 1013
1048 1013
1369 1012
1533 1012
36 1029
176 1022
1250 1015
1525 1014
223 1017
400 1017
1001 1016
1692 1016
1808 1023
1833 1017
237 1018
418 1021
1160 1019
1182 1021
1485 1019
1599 1019
1637 1019
149 1020
994 1020
1049 1020
1136 1021
1508 1021
1543 1020
1669 1021
205 1024
545 1023
1147 1022
1354 1022
1592 1023
84 1025
96 1025
124 1028
1233 1046
309 1026
442 1026
1203 1035
1359 1026
1512 1027
249 1028
404 1036
1013 1028
1832 1029
214 1030
251 1031
312 1030
965 1046
467 1032
1426 1032
1709 1032
1780 1033
1792 1033
11 1039
231 1042
387 1034
1579 1034
1728 1035
73 1036
149 1048
287 1037
1168 1038
1713 1036
380 1039
1278 1039
1334 1039
1360 1038
1587 1039
86 1040
133 1040
324 1056
1163 1041
81 1044
201 1042
245 1043
1617 1043
273 1045
612 1044
1137 1044
1154 1048
1702 1045
106 1051
386 1050
467 1047
615 1047
1119 1049
1493 1047
1550 1053
472 1066
1002 1050
1560 1049
1598 1049
59 1053
118 1055
180 1051
249 1051
433 1050
1250 1051
1681 1051
3 1055
255 1053
408 1053
1267 1053
1467 1052
1771 1052
288 1057
978 1055
1162 1054
1198 1056
1736 1054
50 1057
70 1057
185 1056
419 1056
73 1059
97 1058
130 1059
211 1063
364 1081
391 1058
424 1059
534 1080
609 1059
1161 1065
1271 1058
1381 1059
193 1061
259 1094
1282 1060
164 1064
1146 1063
1416 1062
1494 1062
22 1066
125 1064
283 1064
307 1065
433 1064
1103 1065
1562 1066
85 1067
104 1066
1216 1067
1461 1067
1692 1067
276 1070
301 1068
494 1068
570 1069
1125 1070
1615 1070
1704 1070
0 1073
1174 1075
1458 1071
57 1073
416 1075
1141 1074
1224 1073
1763 1073
12 1079
503 1076
621 1076
1107 1075
1207 1075
1277 1076
297 1076
1147 1079
68 1078
118 1079
173 1078
453 1081
1501 1078
42 1080
1074 1081
1109 1105
1259 1080
1356 1081
1516 1080
1711 1081
207 1082
565 1085
1162 1083
1548 1083
180 1104
283 1084
1244 1085
1694 1084
1773 1085
279 1087
327 1108
431 1087
1158 1088
1286 1087
1352 1086
1367 1086
96 1088
467 1099
500 1090
1140 1089
1791 1088
74 1091
1207 1090
1837 1091
56 1094
1148 1099
1321 1093
446 1095
478 1094
508 1095
1216 1095
1237 1096
1346 1097
1514 1095
111 1099
1564 1096
14 1119
90 1104
238 1098
635 1100
1072 1101
1277 1101
1410 1101
1501 1101
1762 1100
1810 1100
155 1104
306 1103
1378 1108
1446 1103
1618 1108
1687 1111
42 1108
61 1105
228 1105
519 1105
537 1105
1186 1105
1199 1105
1249 1105
1573 1104
1768 1105
53 1107
1644 1107
550 1108
1281 1108
369 1111
1139 1111
1159 1111
1417 1110
143 1114
524 1114
1012 1112
1145 1114
1166 1113
1272 1118
1731 1112
1820 1118
161 1115
361 1114
1802 1115
1153 1118
1232 1118
1313 1116
98 1118
115 1118
793 1125
1293 1119
1663 1123
136 1120
303 1120
1606 1124
1702 1123
1775 1120
63 1130
75 1122
92 1123
362 1122
1142 1122
1330 1123
1568 1123
1785 1123
351 1124
1186 1124
1224 1126
1638 1124
154 1128
207 1136
263 1126
599 1126
1155 1128
1167 1126
1177 1126
1357 1126
298 1131
311 1128
356 1128
1737 1129
1799 1129
43 1140
79 1144
109 1131
250 1131
322 1130
374 1135
1240 1131
1309 1134
1770 1132
158 1187
270 1141
420 1133
1629 1133
1329 1135
1374 1134
1719 1134
1831 1135
238 1140
322 1141
608 1136
1276 1138
24 1139
1026 1138
1723 1138
293 1145
425 1146
1296 1141
1792 1146
1065 1153
1183 1142
1492 1143
1544 1144
1739 1142
233 1145
246 1152
1042 1146
1116 1146
1231 1145
1704 1144
391 1147
417 1146
461 1147
1755 1148
120 1157
150 1150
431 1149
977 1160
1199 1152
1249 1149
1670 1156
1837 1149
304 1151
443 1150
541 1153
1146 1155
1287 1152
1513 1151
1809 1155
102 1152
310 1154
354 1152
381 1154
613 1152
1127 1153
1271 1153
1404 1153
1417 1153
1761 1153
350 1155
946 1154
1255 1154
1745 1155
11 1158
289 1157
1107 1157
1474 1157
1773 1157
333 1159
361 1160
509 1193
92 1160
418 1161
429 1162
939 1163
955 1160
1181 1160
52 1166
143 1164
270 1163
329 1165
1325 1171
1598 1164
1824 1162
30 1167
262 1171
819 1165
1020 1165
1076 1165
1095 1164
1129 1165
1413 1165
1822 1164
6 1170
72 1168
373 1166
537 1167
1051 1167
1086 1168
1356 1166
498 1173
1044 1172
1067 1169
1164 1169
1686 1169
66 1171
283 1171
332 1170
363 1171
481 1170
543 1170
956 1170
1109 1173
1061 1176
1302 1173
1832 1173
291 1179
355 1180
1152 1177
1243 1175
216 1177
714 1182
1027 1177
1119 1180
1180 1177
1194 1176
1377 1178
1414 1176
1469 1176
1485 1177
1514 1176
123 1178
246 1178
1164 1179
1196 1178
43 1181
126 1186
204 1181
310 1180
328 1184
483 1182
1058 1181
1141 1181
1765 1180
1249 1182
1 1185
17 1187
261 1199
1081 1185
1172 1184
1758 1185
479 1187
844 1187
1070 1187
1089 1187
1301 1186
1682 1188
299 1191
705 1190
1051 1198
1208 1189
1305 1189
1496 1188
28 1191
1097 1190
1129 1193
1194 1191
1502 1190
1601 1191
350 1193
1189 1201
344 1194
469 1194
865 1195
1237 1195
1655 1194
1829 1194
51 1199
532 1197
547 1197
912 1196
1081 1196
1139 1198
1227 1197
1420 1197
1762 1196
36 1204
718 1212
786 1198
1070 1199
1217 1200
1261 1198
1321 1199
1551 1198
230 1204
1084 1201
1327 1200
1440 1200
1584 1201
1680 1201
284 1203
523 1202
860 1210
1417 1203
471 1204
538 1212
923 1207
1315 1204
1693 1204
15 1208
457 1217
518 1207
936 1207
1441 1207
1485 1207
1802 1207
592 1218
885 1209
977 1210
1304 1211
1523 1209
1710 1209
394 1210
1079 1210
1704 1210
86 1222
878 1213
930 1213
1067 1215
4 1215
20 1214
63 1215
848 1216
1245 1215
1413 1214
1474 1216
1683 1214
54 1220
179 1218
915 1216
1004 1218
1342 1219
1643 1216
395 1223
1050 1218
1094 1219
1420 1220
1783 1219
36 1220
173 1223
220 1221
232 1220
270 1221
989 1225
1012 1220
1074 1221
1134 1221
1577 1221
11 1225
516 1224
1078 1225
1234 1226
1482 1225
1670 1224
156 1225
193 1225
274 1226
761 1225
896 1225
1129 1226
1551 1226
1582 1225
1593 1225
122 1227
373 1227
576 1227
696 1227
847 1226
971 1226
1563 1226
