907 615
188 68
215 2
391 7
862 0
1314 6
1476 15
1585 4
1751 13
950 11
986 34
369 14
420 23
1123 18
544 22
1228 19
526 31
1028 30
1334 27
638 52
830 38
1218 88
457 41
485 43
856 52
1259 46
1525 65
263 55
832 55
1048 55
1002 73
822 65
1089 70
1305 74
352 77
1356 74
657 86
1167 83
868 114
805 86
532 98
461 95
730 106
1003 110
806 105
1837 118
894 110
797 116
396 119
1022 143
571 129
1163 124
533 127
1282 145
1543 176
135 132
481 135
507 138
833 140
971 136
954 138
1138 141
1389 149
544 150
773 146
480 154
1186 168
827 157
934 167
1135 159
842 164
513 171
678 173
856 168
896 177
1248 176
388 188
495 177
1009 177
951 195
1154 194
1677 195
1246 203
420 204
1002 205
1729 232
530 212
1218 227
605 215
555 216
694 222
834 219
549 229
621 223
495 225
709 227
808 228
889 231
719 229
1142 230
722 232
1072 235
1132 234
483 235
797 234
965 234
1015 237
731 239
968 236
637 238
362 247
444 244
838 250
1005 243
252 244
698 252
467 252
496 247
1767 262
417 249
430 251
597 249
620 248
589 251
643 250
490 263
399 260
970 262
671 269
1056 260
615 262
716 262
1294 265
583 264
852 266
371 266
1248 266
1427 291
586 268
707 269
909 281
382 270
758 270
825 276
223 274
802 274
20 277
164 284
600 277
405 284
954 279
216 281
365 280
593 282
977 292
485 286
1253 284
524 291
776 286
218 288
744 288
817 291
1074 290
226 293
802 292
369 297
943 297
1154 296
1461 298
1079 300
1239 300
566 307
641 302
663 305
1292 302
507 305
1837 311
956 310
1096 307
1651 346
1795 308
779 310
1722 320
288 312
557 313
741 312
1201 312
1205 313
443 314
747 317
855 328
944 317
1176 321
182 317
490 319
1450 323
1807 316
1111 319
1153 322
1249 319
1314 318
1575 318
399 323
429 320
711 320
762 323
961 321
1123 334
1809 321
274 323
576 322
1242 322
677 324
694 325
1200 326
679 328
771 329
1350 328
55 331
307 330
479 330
1030 330
1683 331
401 343
1227 332
802 334
461 339
557 342
608 336
1219 341
252 339
526 359
1028 339
573 340
682 341
1208 340
1765 352
637 347
236 345
972 345
1619 346
1176 347
603 349
941 349
982 348
1372 349
1458 348
588 358
790 351
873 372
481 352
775 352
845 355
931 355
1217 353
669 364
751 354
794 356
813 365
1044 357
290 358
450 361
1043 359
718 360
944 360
1074 382
1588 364
746 365
627 365
702 377
1192 364
430 366
454 366
501 367
962 367
1230 368
652 368
723 369
1165 401
1515 368
1553 369
259 370
1488 370
916 394
491 377
851 380
689 377
799 387
1334 376
1190 379
419 383
547 383
590 381
599 390
969 390
1280 381
1507 381
566 388
623 383
1016 383
1534 382
523 385
1237 387
819 389
6 388
528 388
543 389
655 389
692 393
1314 389
292 390
758 391
664 400
1347 393
28 400
771 395
382 398
411 397
625 396
781 396
1294 397
521 403
647 398
785 398
894 399
1043 401
1121 401
549 402
829 413
497 404
854 413
1203 404
590 407
638 406
768 406
789 408
882 407
1359 407
1318 408
133 410
556 411
959 410
1039 411
1346 410
623 413
1225 414
554 415
1245 414
1634 425
218 417
615 416
648 417
650 416
678 417
1124 421
1291 416
542 422
662 418
890 419
998 419
1012 419
1384 419
687 421
930 426
403 427
597 427
1080 422
1260 422
39 425
485 424
752 425
174 426
723 426
810 429
1046 427
1060 426
1219 427
1304 436
620 429
635 428
1207 430
1396 428
1708 473
518 436
998 438
643 444
674 433
1391 432
558 434
875 450
1096 435
138 436
625 436
966 440
1780 437
75 439
536 439
667 438
838 441
1682 441
459 443
562 442
746 442
788 443
1445 442
1474 446
786 444
1432 444
1591 467
164 446
716 449
1122 449
169 448
1233 449
812 477
958 455
1557 453
1752 452
1528 461
402 458
520 457
1267 457
1815 456
460 459
1139 458
1410 467
843 463
1162 461
1175 475
1253 460
1278 461
3 466
628 464
141 467
1499 543
1541 475
1801 467
443 472
465 471
587 474
799 469
921 470
1199 469
1340 485
1435 468
233 474
358 478
518 473
495 474
756 474
773 473
847 475
1235 477
1319 473
1429 473
412 478
667 479
952 478
1132 477
1427 474
1646 493
854 486
1208 479
458 478
1108 481
1021 482
1256 483
834 485
1807 484
381 486
466 489
530 486
651 486
1761 486
269 489
422 488
635 495
1097 488
1272 498
1784 488
399 493
714 493
872 492
989 498
1193 496
250 495
957 498
298 496
689 496
758 496
1112 499
1604 496
397 498
744 499
1774 499
283 502
523 504
1017 501
1446 503
1799 502
1157 505
1239 504
416 506
448 506
883 507
1174 506
1790 507
302 508
1186 509
1752 509
329 513
634 510
721 514
943 512
836 513
865 512
1774 514
509 517
1297 515
1388 521
669 518
911 517
419 525
1230 518
904 521
1089 521
1105 529
1597 521
1739 521
490 529
935 524
938 525
1181 528
1261 525
1362 525
1637 525
698 527
1424 551
816 539
896 529
1130 531
1196 530
1639 528
585 535
748 532
888 530
922 535
1024 530
532 533
770 540
1332 533
367 535
1719 537
1815 535
290 538
742 536
1078 543
1164 536
1224 539
1464 537
1608 536
520 538
618 542
791 538
872 539
941 538
1023 541
1143 542
1173 540
1191 540
158 544
460 543
929 543
1115 543
1209 551
365 545
891 546
1161 545
1776 544
598 547
636 547
1175 548
1239 552
789 548
831 553
389 553
456 552
847 572
984 570
1089 557
1123 554
1168 554
1501 555
1656 555
340 559
539 561
1028 575
1676 557
8 559
793 559
1150 559
1155 558
1270 564
326 561
588 560
1120 560
1250 561
1298 575
1705 561
1809 561
722 562
1162 563
1192 562
1380 578
247 564
442 571
819 568
879 567
922 568
1181 568
1629 566
1716 576
462 568
1109 568
1338 579
1619 571
596 572
968 572
1071 582
1125 574
1807 574
1445 575
1830 575
16 578
99 576
471 579
789 580
952 577
1557 576
508 580
575 579
645 584
942 580
1226 579
397 582
926 583
1096 584
463 585
971 585
997 585
1194 589
1233 585
1824 585
1838 584
319 591
590 587
859 587
875 586
943 587
1164 587
1236 586
1640 586
512 588
660 588
848 588
974 591
1761 589
595 605
927 590
1103 593
1534 592
1635 593
140 594
892 595
1115 595
1564 595
462 596
560 607
662 596
770 601
899 597
1182 596
1474 597
241 599
1692 599
573 600
714 600
1001 600
1083 600
738 607
805 610
1109 602
1209 602
1277 609
1297 602
1708 603
788 604
790 605
1082 604
1155 604
1211 604
694 608
759 609
1703 606
1239 608
1446 613
1603 629
1657 619
252 610
519 611
666 613
1080 612
1639 610
392 617
689 612
1202 614
29 617
783 617
931 628
1079 617
149 619
183 619
833 627
1067 619
1324 626
1413 619
1707 619
1772 619
1757 621
10 623
77 622
1418 622
353 625
1178 625
1505 625
1676 625
550 629
1026 631
1166 627
608 628
783 629
857 633
1524 628
1686 628
403 631
540 631
651 636
1100 642
1228 635
1740 630
1783 630
723 632
1385 647
1743 633
1786 632
733 637
890 643
1773 635
384 638
500 636
1167 636
62 639
65 638
414 648
449 638
143 640
574 640
601 645
1172 641
1191 641
1222 640
442 642
908 644
1212 642
1372 642
802 645
1342 644
1547 645
1769 644
482 647
1197 646
1320 653
1579 646
759 648
1184 649
1241 649
1800 648
1823 648
247 650
509 653
1710 650
74 653
62 655
243 655
461 654
795 654
1015 656
1166 656
1177 657
1567 655
115 656
613 657
1005 834
1418 662
1510 656
1644 657
69 659
810 658
101 661
194 661
1076 667
1799 660
15 662
350 663
536 663
568 662
770 663
1197 662
1363 664
1467 663
1508 662
1545 662
1815 662
365 664
1450 664
1466 665
1555 675
1829 664
52 667
502 666
524 668
600 670
1390 667
1737 667
1784 667
665 670
775 668
902 669
1167 670
44 671
452 671
556 673
570 670
1259 671
173 672
397 673
425 672
508 673
1275 672
1502 681
1194 675
1213 674
577 676
635 687
778 688
1343 676
1478 676
692 678
353 680
612 680
1277 687
1329 681
1626 680
1456 683
1632 683
1684 683
1825 683
350 684
1427 684
1793 684
97 687
543 688
606 687
759 687
1256 687
1310 686
1584 686
514 688
840 690
911 688
1083 698
1220 689
1380 688
140 691
695 691
895 697
1339 690
811 703
1208 692
1351 693
1657 692
1806 692
322 695
375 695
496 695
1241 698
1571 695
1158 697
1346 698
1565 697
36 698
125 698
406 699
1459 699
1582 698
1775 699
212 701
403 702
464 700
610 700
1031 701
1283 700
1395 701
1577 700
1837 700
335 703
984 710
1222 703
42 705
338 704
628 706
1262 705
1357 704
1488 704
1812 705
460 709
1419 706
1448 709
344 709
567 709
650 709
68 710
1417 711
1629 710
87 712
123 712
483 713
1130 715
1451 712
1815 713
1044 717
1504 714
1817 714
165 717
287 716
1365 717
1572 716
1637 716
1774 720
1804 717
289 718
490 720
511 719
528 720
754 719
1234 719
1324 718
11 720
592 721
1290 721
101 723
1551 722
350 724
589 724
1298 724
1336 724
1354 724
1540 735
206 726
235 727
270 726
732 727
1076 727
1285 726
1561 726
353 728
565 736
678 730
1496 729
600 730
1713 730
1726 734
785 733
1463 732
1633 733
1735 732
1768 733
394 734
692 735
1073 735
1348 735
1577 734
1814 734
1046 737
1300 736
73 739
403 741
434 738
495 738
721 739
1088 742
1093 738
1253 751
1654 749
1756 740
1422 741
154 742
277 742
786 743
1359 743
1396 742
260 744
575 746
757 745
1346 744
1445 747
1468 753
1606 744
1609 745
1825 744
729 746
97 749
326 749
631 751
1070 749
1308 748
415 752
438 752
663 754
1136 750
1200 751
1331 751
1374 757
1717 752
499 757
685 755
760 753
965 753
1434 754
1495 753
1529 754
528 756
1146 757
1306 757
1429 756
1499 757
1514 757
320 758
406 759
513 758
790 758
1215 758
1427 759
1617 758
282 761
366 760
1035 763
1620 760
332 763
444 762
494 762
758 764
1517 763
52 765
306 764
414 765
909 764
1288 765
641 776
698 766
1065 767
1653 767
1674 767
384 771
435 769
696 769
772 777
1312 773
1492 768
1623 778
341 773
514 774
738 773
160 774
274 774
546 774
1204 775
1604 774
453 776
1266 778
1821 776
922 785
1073 780
1294 778
354 781
1373 789
271 783
440 783
543 783
1089 783
1570 783
409 786
489 785
624 787
1063 787
1298 787
1531 796
27 793
125 792
535 793
1403 793
393 795
797 795
964 798
1253 799
1542 795
1597 795
1717 794
310 797
426 797
472 797
582 806
621 797
795 797
1312 796
1345 797
1414 826
1798 796
41 799
534 799
679 798
1283 804
1304 798
1557 799
1748 799
742 800
1052 800
1 802
571 803
1214 810
89 804
22 807
443 806
1249 806
1346 818
1487 806
1692 811
320 808
606 813
706 809
1237 810
1656 808
1836 809
264 810
1653 812
532 812
1548 812
1590 813
86 815
526 815
638 818
738 817
1006 814
1799 814
1801 815
476 817
495 817
617 816
623 817
1270 818
1501 817
1740 818
60 819
517 818
26 820
1297 821
1532 821
71 822
167 823
563 822
1049 823
1225 823
1267 823
1493 823
1556 823
1586 824
1774 822
779 825
1510 833
1602 825
1776 825
269 830
445 827
447 826
539 826
608 826
630 831
721 826
283 828
456 828
678 829
1558 828
1621 832
1281 830
1482 830
1583 830
1594 830
208 832
482 832
497 838
927 832
1054 833
1302 833
318 835
1648 835
1474 837
415 839
650 843
1232 838
1248 839
1338 838
1227 840
1361 841
1285 842
1358 843
1602 842
1636 843
1782 843
275 844
712 846
1350 851
606 846
1207 847
1604 846
1749 846
354 852
666 848
993 850
1328 848
1526 850
183 851
1553 861
1699 851
1800 850
153 853
402 853
459 853
1498 852
597 859
1269 868
1288 854
1672 855
1713 854
1715 855
1775 855
237 856
318 856
472 857
1624 857
77 858
497 859
1485 859
1589 858
658 861
667 860
677 861
746 865
787 861
1205 869
1515 860
1805 861
582 865
639 864
1313 865
1345 865
1385 876
1436 864
104 866
800 872
1437 867
1785 866
1825 866
232 868
513 870
574 869
388 870
440 871
1239 871
1606 871
337 873
374 872
534 874
1328 873
1458 873
1512 873
313 875
479 875
592 874
684 875
1321 874
1364 875
1600 875
492 885
1317 877
567 878
756 883
1337 899
1425 881
1467 881
1782 882
410 883
1215 883
452 886
898 892
1562 884
1672 884
581 886
418 888
583 889
1496 889
271 891
423 894
654 891
725 891
389 892
774 900
1258 892
1357 892
1438 893
536 896
1359 894
1485 894
1510 901
24 896
698 897
1239 902
1362 896
1373 899
1397 899
1430 899
873 904
993 903
1471 900
668 905
722 902
1449 903
1465 902
1563 917
1586 902
1602 902
498 908
1223 906
1270 911
1393 905
1724 905
134 909
423 909
597 908
605 909
633 909
1306 909
1623 909
1693 909
91 910
117 911
413 910
729 913
999 911
444 913
627 914
881 912
189 915
312 917
1231 914
1430 922
1495 914
334 918
722 917
1203 917
1491 918
612 924
853 925
1458 919
1756 918
5 920
583 920
1286 922
1371 921
1410 921
1705 921
80 923
529 922
331 924
952 925
1048 925
1471 936
1597 925
288 927
343 927
593 926
740 934
764 926
1252 936
348 929
516 937
1029 929
1227 929
284 933
374 936
413 935
1697 934
841 935
925 935
939 935
1114 934
1219 938
1318 939
1716 935
54 936
446 938
530 936
953 936
1038 941
323 939
658 939
728 941
905 940
1413 939
1576 938
270 941
502 941
1352 953
1374 942
1393 942
1498 942
1619 943
44 944
453 945
462 944
633 952
1013 949
1688 944
363 947
1566 947
1753 949
807 949
920 950
1235 948
1308 949
1449 949
402 955
857 951
1096 951
446 953
973 953
1084 953
1125 953
1504 952
124 954
555 954
594 955
1555 955
612 957
735 956
944 957
1188 959
1197 957
1232 956
1298 957
1613 956
154 959
249 958
375 959
500 971
997 959
53 961
680 960
768 961
889 968
1231 961
1316 966
1624 966
615 964
1535 963
331 965
1136 967
1160 964
1230 965
171 967
173 966
464 967
1114 970
754 970
856 968
1082 968
1272 968
1713 969
1827 969
293 970
1244 973
1296 973
399 974
698 981
1110 975
1543 975
1240 977
1475 981
1726 976
290 979
615 978
1105 982
220 981
513 981
722 981
998 980
1414 981
1516 980
234 983
304 983
371 983
1519 982
1683 983
369 984
461 984
480 992
645 988
1092 986
190 986
728 988
772 989
1208 999
146 988
605 988
839 992
1116 988
1293 988
269 992
358 990
795 1000
1311 990
1392 991
260 994
1325 992
1702 993
177 995
350 994
1410 995
600 996
1250 997
1456 999
1507 1009
216 999
305 998
373 998
624 999
678 999
1370 999
364 1000
382 1001
461 1001
724 1001
1254 1000
1328 1000
83 1003
514 1003
668 1005
1571 1005
1676 1005
201 1007
240 1005
549 1005
1178 1007
1374 1005
281 1007
586 1007
1146 1011
1354 1011
4 1012
436 1010
554 1011
653 1010
915 1010
1425 1011
1817 1010
65 1012
1229 1017
380 1014
1459 1019
1527 1014
182 1018
480 1017
498 1017
1029 1019
1632 1017
846 1019
913 1018
1282 1018
1481 1020
226 1020
307 1022
550 1021
1616 1021
1689 1021
1719 1021
320 1022
721 1022
723 1023
871 1022
1284 1022
1721 1022
449 1025
572 1024
891 1027
917 1029
1821 1025
491 1028
590 1026
971 1028
1755 1027
285 1029
443 1030
468 1029
535 1032
1274 1028
188 1031
460 1030
1378 1032
1494 1036
511 1034
559 1034
756 1033
1093 1032
1428 1033
1679 1033
3 1034
370 1036
1275 1035
275 1037
411 1037
498 1037
552 1037
684 1040
842 1040
860 1043
1194 1038
1444 1042
731 1043
1119 1038
1243 1041
1325 1039
283 1041
435 1040
1226 1040
1712 1041
1313 1042
1347 1042
386 1047
693 1045
746 1056
826 1046
183 1047
497 1046
676 1048
695 1046
1371 1051
1569 1051
1580 1047
1660 1046
1790 1049
49 1051
304 1049
570 1058
645 1048
470 1051
816 1050
947 1051
160 1052
268 1052
437 1052
601 1052
1105 1058
1230 1052
1786 1053
159 1055
410 1055
784 1054
1090 1054
1522 1054
179 1057
392 1057
803 1058
1282 1063
1333 1057
925 1058
1261 1062
1361 1064
1469 1067
652 1062
1449 1061
404 1062
732 1065
913 1065
1759 1063
1811 1062
191 1065
281 1064
472 1065
669 1064
54 1066
284 1066
1311 1066
1540 1067
1657 1067
33 1069
515 1069
541 1069
797 1069
52 1071
72 1071
324 1071
348 1070
809 1073
1239 1075
425 1072
600 1074
649 1072
896 1073
1010 1082
1118 1072
1348 1073
345 1075
419 1075
1831 1074
181 1076
268 1079
687 1076
777 1076
841 1079
960 1076
571 1084
788 1081
858 1078
444 1080
499 1081
1345 1089
1710 1080
360 1084
732 1083
1121 1086
1360 1084
1511 1082
1606 1083
1656 1082
743 1085
1445 1088
1513 1085
1635 1086
259 1090
672 1087
683 1086
705 1087
1199 1087
1404 1086
1568 1087
611 1091
1142 1088
1218 1094
1414 1088
1608 1089
1786 1088
71 1091
159 1091
354 1090
512 1093
546 1090
812 1094
1406 1092
1773 1103
157 1093
556 1092
756 1097
826 1093
1562 1094
1687 1094
480 1098
575 1096
352 1098
586 1099
787 1103
842 1099
1332 1099
1563 1099
286 1101
385 1101
409 1101
562 1101
1274 1110
1697 1100
517 1103
1552 1103
1791 1102
913 1104
388 1106
613 1106
745 1106
891 1106
1594 1107
281 1113
651 1111
1660 1111
109 1113
694 1112
830 1113
1246 1113
1441 1114
68 1116
194 1115
510 1115
591 1119
835 1117
1026 1114
1161 1115
1635 1118
1469 1116
1615 1117
448 1119
543 1119
566 1119
1082 1121
1354 1119
1680 1118
759 1121
875 1122
1608 1121
1702 1120
154 1125
632 1122
665 1123
1070 1122
199 1125
337 1125
1304 1125
1341 1125
1454 1124
571 1127
822 1127
1328 1131
162 1130
526 1128
546 1130
649 1130
1443 1132
1798 1130
132 1131
332 1131
1640 1130
381 1132
758 1133
975 1136
1405 1132
129 1134
150 1134
339 1135
461 1137
591 1139
632 1137
782 1134
1102 1135
1213 1135
1706 1134
444 1137
835 1138
800 1143
180 1141
195 1140
840 1141
1070 1141
398 1142
676 1142
1073 1142
1077 1143
1586 1143
1138 1147
1218 1147
1541 1144
247 1147
792 1148
157 1149
213 1148
258 1157
517 1149
898 1149
1186 1149
1479 1148
1489 1149
1495 1148
1383 1153
1454 1152
352 1155
557 1154
455 1157
720 1158
1034 1159
1297 1158
1466 1162
166 1160
434 1161
518 1164
599 1161
1301 1162
43 1165
638 1164
647 1162
761 1163
1113 1165
1185 1163
99 1166
739 1167
1579 1165
294 1166
389 1167
405 1167
564 1166
582 1168
630 1170
982 1171
605 1169
1342 1169
52 1171
884 1171
1243 1171
234 1172
398 1172
730 1172
781 1172
85 1176
546 1175
901 1175
1259 1176
1344 1176
1144 1176
1176 1177
1743 1177
1540 1179
216 1181
350 1180
1054 1181
1113 1180
1329 1181
1519 1180
92 1182
1399 1188
1429 1183
578 1185
1524 1184
293 1187
1277 1186
1312 1186
127 1188
402 1189
572 1190
634 1190
662 1191
1088 1193
1553 1193
660 1195
1155 1195
1341 1195
564 1197
1478 1197
1532 1196
209 1199
1560 1198
409 1201
541 1201
862 1201
1365 1202
1764 1200
230 1202
573 1203
1258 1204
599 1206
624 1205
1100 1208
1320 1209
1618 1207
1775 1206
1054 1206
1221 1212
165 1209
842 1209
1652 1209
318 1210
613 1215
626 1219
649 1210
849 1210
1666 1211
523 1213
22 1216
745 1215
1171 1217
1610 1215
42 1217
1249 1216
38 1220
1199 1219
378 1221
1573 1221
265 1225
680 1225
1406 1222
1322 1226
165 1226
189 1226
607 1227
1065 1227
