916 606
94 22
139 81
184 21
215 16
258 82
304 26
332 20
377 80
428 111
791 3
863 6
890 18
931 6
963 16
1024 3
1110 102
1178 4
1221 5
1307 66
1531 5
1614 166
556 7
996 11
1266 43
1443 10
1112 15
1246 18
1382 21
1555 19
966 106
1481 24
1168 29
1161 38
1288 38
844 45
822 58
1178 46
1229 46
1243 46
1549 49
886 62
150 58
166 58
1065 65
302 113
859 67
1416 67
1468 64
1197 68
1525 68
93 116
1020 83
1223 72
183 80
214 81
483 89
853 82
1406 81
881 92
1219 89
27 139
790 97
1496 91
1244 104
1445 99
1402 99
1568 102
210 129
1012 110
1548 110
1569 115
766 113
1034 116
182 131
1218 118
1261 118
789 133
1004 120
1423 119
747 122
1117 130
1234 132
1548 126
827 148
894 128
1417 129
1544 129
748 139
1000 137
1246 136
1277 180
1026 141
1447 141
923 151
1198 158
1511 150
910 174
1035 186
847 153
870 166
1566 169
748 159
753 169
790 164
357 165
294 166
1000 166
1315 168
167 169
505 180
1435 171
119 170
1494 174
849 173
985 174
1205 178
807 183
841 193
815 193
729 203
796 195
876 213
1057 197
1358 197
1445 198
994 200
1406 314
420 308
372 316
1237 220
252 313
134 256
1161 209
299 255
746 211
790 211
1376 213
1358 224
1211 220
1379 219
1082 221
1344 221
805 225
799 240
825 244
938 238
1111 239
1012 234
962 249
1028 240
1173 238
1089 242
1532 241
1001 244
773 258
1095 251
1216 251
1317 253
1009 257
1055 259
1348 253
698 260
1364 259
1189 262
1278 264
1161 275
1664 264
841 265
1025 266
819 268
953 437
1244 281
902 285
1075 280
1315 276
1342 277
1002 290
1197 283
890 283
1051 291
1203 290
933 299
1237 293
1272 294
753 296
1528 295
1193 298
1221 297
1030 307
810 304
1303 324
1510 302
1372 302
298 359
1113 310
1130 312
764 320
800 315
1073 313
133 333
1159 314
1211 347
1005 321
1632 322
835 327
1148 328
785 332
1534 333
1379 339
882 340
1506 343
876 343
897 342
1493 349
1358 348
1098 351
1329 349
1304 412
1510 354
1026 362
1144 441
1177 357
1139 365
677 363
1065 369
817 373
918 370
862 373
832 415
1060 385
874 386
912 387
729 383
856 386
903 382
931 382
904 384
1526 389
1105 393
756 399
884 396
921 394
936 395
908 397
803 407
1042 403
1525 401
735 402
889 403
723 404
917 404
1459 412
1571 406
1255 408
750 416
1032 426
295 417
354 416
919 421
1004 421
1100 462
1008 429
798 435
1080 440
1218 453
926 434
648 441
771 442
1356 441
1389 441
934 443
681 448
736 449
924 446
1044 447
1402 449
844 450
1469 454
754 458
851 456
1183 464
852 462
372 513
1045 469
1015 466
1259 470
419 505
868 477
1560 470
649 479
854 495
1109 494
735 495
1215 498
294 528
1472 499
731 501
1595 504
696 511
1083 509
1625 511
860 516
1040 515
1242 518
1261 512
780 514
1131 530
626 522
1164 523
692 527
905 532
1443 533
724 560
875 538
1490 539
941 549
1025 543
1098 539
985 546
1590 542
1328 543
1155 548
1223 550
919 825
868 551
1082 565
1364 550
653 564
909 563
1550 565
293 563
1308 573
369 589
1518 566
1154 572
838 576
787 578
873 579
1101 576
750 589
1217 597
766 590
861 590
1109 592
1454 591
1550 590
1342 596
1409 596
1428 595
907 601
1116 599
823 604
1404 604
1114 606
853 608
1067 609
1171 615
1596 613
610 611
646 611
886 617
765 614
1153 616
1201 618
728 622
1208 621
1496 622
369 622
1530 623
1316 626
1052 631
1091 634
631 635
1054 635
1115 635
1058 638
1257 653
1127 640
1188 653
722 647
1622 668
1469 654
886 655
900 654
1205 660
615 670
1069 664
369 666
385 666
405 667
810 669
1034 671
1040 680
813 681
1219 682
1474 684
873 689
1384 685
1175 698
885 715
1242 702
1434 702
1607 707
1470 709
1207 715
1301 715
769 740
811 724
1066 719
835 739
913 738
611 735
1358 744
1418 742
1173 751
730 745
1583 752
1039 751
1108 751
1142 754
1482 758
928 762
347 762
591 763
887 763
593 764
689 767
813 776
1203 778
1064 776
651 794
873 784
714 788
780 790
1141 788
608 792
701 795
1248 804
1416 798
544 799
913 799
1086 798
576 801
957 803
865 813
631 806
1067 808
615 810
1481 812
747 814
739 820
770 819
381 824
1136 838
1280 835
746 840
1028 868
1364 849
548 852
1319 850
1334 853
670 857
1329 869
1188 884
1208 873
744 874
1088 904
871 887
602 892
1250 892
1031 895
1046 899
1216 899
457 910
650 914
856 917
1323 916
1204 916
1039 945
1117 930
779 931
813 931
846 932
1061 933
668 938
1084 981
846 942
1256 947
1366 951
875 995
1219 966
1503 951
1053 959
1323 963
1170 984
846 967
397 969
272 970
379 970
487 973
1290 974
500 975
1124 985
430 979
600 980
1508 982
827 983
837 985
886 985
638 1005
694 996
1434 997
538 1006
834 1000
1208 1005
981 1006
365 1008
709 1010
732 1011
480 1013
1096 1015
491 1017
724 1016
891 1017
585 1020
1099 1022
71 1024
368 1021
559 1024
1434 1025
1451 1021
989 1034
752 1025
1071 1024
185 1026
629 1026
868 1028
57 1030
790 1031
905 1134
1181 1057
484 1032
716 1040
1202 1047
138 1037
318 1039
367 1039
852 1039
208 1041
589 1041
1240 1041
784 1053
953 1044
753 1049
1008 1051
420 1050
1062 1051
1057 1055
882 1061
41 1060
334 1061
225 1071
577 1070
877 1076
797 1075
830 1077
1326 1081
570 1084
87 1084
205 1086
600 1086
770 1089
309 1088
401 1089
1295 1091
474 1090
383 1093
470 1094
445 1096
575 1096
598 1096
220 1099
242 1099
619 1098
466 1104
531 1100
260 1105
253 1106
1375 1109
92 1112
184 1112
546 1118
32 1114
41 1115
483 1115
0 1117
335 1121
339 1120
369 1121
96 1123
150 1123
412 1122
494 1122
133 1127
516 1127
390 1129
621 1129
481 1130
118 1133
115 1138
1327 1134
163 1137
573 1137
460 1140
521 1142
581 1142
621 1142
304 1145
323 1145
341 1145
1651 1144
591 1148
486 1150
392 1152
497 1152
600 1153
581 1155
202 1159
272 1159
500 1158
269 1160
191 1163
1192 1164
294 1166
464 1170
366 1173
437 1172
583 1172
455 1175
1645 1178
208 1184
555 1181
227 1182
284 1184
519 1185
1333 1184
437 1189
529 1188
324 1193
85 1195
452 1196
604 1201
84 1198
250 1200
646 1200
463 1206
261 1205
906 1206
447 1207
510 1207
1456 1207
375 1208
424 1211
528 1209
618 1209
32 1213
333 1218
346 1212
597 1213
316 1215
544 1216
460 1221
405 1222
423 1225
308 1226
581 1226
604 1226
