929 619
263 10
534 0
594 1
638 5
846 1
960 17
1012 1
1092 6
1131 5
1148 1
1174 1
1263 17
1308 7
1215 5
1226 5
815 10
1037 8
1375 9
1289 10
1372 11
1186 12
1012 14
1191 14
1336 14
1236 17
1326 17
1234 22
1390 18
572 28
1126 20
1153 21
1370 21
1382 21
994 22
1156 22
1173 23
1286 22
1313 22
1364 22
1397 23
128 24
479 46
1102 24
116 27
1031 27
1121 26
1189 27
1221 26
1239 27
1380 35
1228 29
1432 28
213 42
1173 34
1350 30
1428 30
1439 31
1061 32
1132 32
1197 35
1349 32
1368 32
1396 33
1059 34
1408 34
1056 37
1087 40
1221 37
1326 36
1340 37
1411 37
1118 38
1252 39
1337 38
1475 39
1506 38
915 41
1317 40
1417 41
1430 41
136 43
1008 54
1147 42
1215 47
1284 43
1295 42
1361 43
1367 42
1464 43
1143 45
1231 44
1238 47
1314 45
1391 45
552 69
1059 46
1437 48
1479 46
731 68
1129 48
1176 48
1266 49
1342 49
1356 48
1589 48
1794 48
1041 50
1117 51
1186 76
1253 57
1271 51
1624 51
940 56
1098 52
1115 52
1243 52
1310 53
1344 54
1393 52
1452 56
1471 53
1275 55
1289 55
1362 59
594 57
867 57
917 57
1388 56
1470 57
1027 60
1100 59
1157 58
1321 58
1385 58
890 66
984 60
1285 60
1297 63
1088 63
1117 63
1205 63
1332 66
1445 63
1163 64
1267 65
1472 65
1074 66
1240 66
794 96
951 68
1055 68
1296 68
1370 69
1030 90
1063 71
1412 71
1426 71
1241 76
1390 73
1449 73
1528 73
1016 75
1114 78
1125 74
1152 75
1210 74
1277 74
1366 75
1397 77
1071 76
1090 85
1158 77
1264 76
1382 81
1474 79
1558 77
1561 76
1211 78
1259 79
631 82
1238 81
1301 80
1426 81
992 83
1045 82
1067 83
1224 85
1258 84
1294 84
1340 82
1607 83
1149 85
1164 85
1279 85
1414 85
594 117
1010 86
1167 86
1127 88
1166 101
1253 89
1291 90
1467 91
1116 91
1142 91
1241 90
1311 90
1366 91
1381 90
835 93
1056 97
1228 93
1330 92
1400 93
1439 92
1485 93
1209 94
1230 95
1310 94
1329 123
1340 95
1363 95
1390 95
1417 95
1126 141
1338 96
1274 98
1421 99
1441 99
405 158
1179 100
1249 100
1402 101
1549 100
1265 112
1428 104
254 106
1205 124
1211 105
1234 110
1411 105
690 134
953 110
1075 106
1097 107
1372 106
1413 106
41 117
1082 109
1385 109
1158 115
1398 118
1623 111
1186 116
1173 114
1427 115
1467 119
1552 116
1066 131
1482 117
1419 123
1432 118
457 130
1248 120
1385 122
1406 124
154 124
271 130
1165 124
1229 124
1437 124
1448 126
1430 129
1454 129
250 133
1176 135
1246 132
1228 132
1443 132
832 134
1309 135
339 142
876 161
1039 139
1195 138
926 144
1194 140
1264 142
1156 143
1168 143
1229 148
1362 143
1478 143
829 145
1186 145
1342 145
95 164
1046 155
1288 149
1465 149
1202 151
1250 150
1294 151
1461 150
332 188
1164 152
1189 153
1214 153
1234 157
1327 158
1241 161
1331 161
1167 162
1194 162
830 166
241 204
1185 167
1286 166
1085 169
1219 168
1224 169
471 179
1285 171
1308 170
1084 172
1173 173
1782 172
680 177
1240 176
1636 178
706 181
1098 180
1222 181
1255 180
26 188
984 182
1020 183
1181 182
935 185
1489 185
1238 187
608 192
804 192
947 193
1081 193
937 196
1319 197
831 199
843 199
908 201
1122 202
1192 203
664 288
925 207
974 206
922 217
886 247
1019 214
1072 212
973 215
471 217
25 222
1425 218
955 220
1624 220
367 225
1430 227
580 234
1105 229
1110 228
862 236
1455 233
618 234
1107 238
103 266
777 241
1276 243
618 245
767 244
840 244
963 246
647 248
754 261
948 250
990 251
1059 251
1088 252
945 255
1374 254
511 258
382 261
1519 263
1046 265
1061 266
157 279
983 275
1107 274
1483 276
212 292
504 278
736 290
1083 278
488 281
975 281
357 284
968 282
519 294
922 288
43 291
935 293
954 292
884 315
939 297
594 304
338 306
788 307
513 311
989 310
1164 310
729 312
1000 313
434 333
196 316
1024 317
797 357
320 320
719 321
1063 321
1065 320
524 322
287 333
345 327
952 330
686 332
1011 333
1033 339
80 364
537 337
985 339
1066 338
1186 339
311 340
523 340
620 356
1072 350
566 342
964 343
1219 342
119 360
1238 345
1265 345
52 346
383 347
51 349
955 348
1000 354
312 358
545 352
874 353
1021 353
1123 356
489 375
741 362
1661 362
1287 364
1354 364
290 381
347 376
1063 368
1022 371
1268 371
202 375
471 375
1035 376
625 383
1320 386
753 382
935 382
1015 382
1147 383
151 384
1012 384
318 386
630 389
688 386
1009 387
115 390
722 390
749 408
250 393
376 401
879 411
928 395
625 397
649 399
311 400
1005 402
1580 398
554 400
808 401
1131 400
558 405
955 403
789 408
1214 404
1408 406
1190 411
774 412
943 416
1209 412
4 429
488 415
513 428
1010 416
602 418
654 431
687 418
811 443
126 422
840 423
1347 422
1430 423
792 424
238 427
426 427
247 433
268 430
377 433
988 428
672 431
405 438
917 460
1216 433
143 445
634 435
882 436
1008 437
1035 448
1086 439
444 444
766 454
1059 440
1231 442
710 444
640 447
385 452
797 451
587 454
876 454
270 456
716 455
739 455
1008 455
619 457
967 461
548 475
641 459
696 458
699 459
1086 458
1298 459
1634 458
441 461
645 461
863 461
1192 461
1027 465
374 472
518 464
869 465
941 503
590 467
156 469
790 471
874 470
147 478
572 475
865 479
613 486
667 502
209 484
648 484
407 487
462 487
1028 487
629 488
858 489
264 497
850 499
995 515
1019 496
1136 497
1413 497
511 498
636 498
703 498
1046 498
585 500
1032 500
127 503
572 502
634 502
1338 503
694 505
630 506
348 509
709 508
1112 509
1043 528
608 515
1428 514
438 517
489 517
627 542
642 518
1350 529
584 522
799 523
1017 523
1076 523
70 529
399 529
534 528
747 528
1195 528
1667 529
11 530
286 533
659 532
1468 532
381 535
793 534
1418 534
1395 537
361 539
689 538
1276 538
1010 541
328 542
527 542
123 544
253 545
698 545
722 545
768 545
1105 548
1145 548
1052 552
1114 551
1268 550
299 556
408 555
128 557
130 556
482 561
858 559
1220 558
763 561
1221 560
268 562
383 585
92 566
501 565
1076 564
415 586
684 566
1823 568
849 570
882 588
1001 570
1082 570
1192 570
727 574
230 578
464 577
744 580
1406 579
622 581
1041 580
1081 582
539 582
585 595
687 588
846 723
1021 583
1173 582
1259 583
122 584
517 584
716 585
1116 586
627 590
1056 588
660 592
1028 593
1032 592
535 594
664 601
712 598
1267 597
469 598
566 598
618 598
1085 598
1178 598
130 600
160 603
244 605
258 600
484 603
1056 604
568 606
1028 606
142 608
166 609
1553 609
648 610
1140 611
18 613
720 616
748 612
782 623
1404 614
1407 615
1655 614
72 617
569 639
1715 616
641 618
802 626
1109 619
399 622
421 621
1650 623
1829 623
255 624
532 624
1142 627
598 628
705 629
1079 629
74 630
288 640
477 634
615 631
514 636
54 641
523 638
1166 638
76 645
542 649
29 642
659 643
723 650
1355 642
166 644
1145 646
1815 647
167 649
202 661
368 662
920 668
74 650
1734 652
52 655
407 654
510 654
621 654
99 657
1708 656
1099 658
1349 658
109 660
663 660
1304 662
10 664
616 665
463 678
120 670
315 669
1693 669
139 671
115 673
631 683
1426 675
270 694
1150 678
1233 678
283 680
1072 681
1479 680
282 683
1684 682
516 697
1050 684
51 686
377 687
1242 686
1559 686
1700 686
301 689
1141 689
338 690
1117 690
1453 690
165 694
302 694
111 697
3 707
333 713
472 699
1642 699
612 707
1053 708
311 708
828 715
1197 708
1302 709
1439 709
206 711
610 712
1569 711
521 713
536 712
1058 714
558 716
423 723
632 718
1386 718
82 721
476 727
1812 727
147 740
377 736
1745 731
35 732
218 740
13 737
460 737
495 737
575 740
37 738
996 738
501 743
1171 742
1339 743
47 744
1337 745
1554 747
527 753
555 751
1423 751
439 752
98 754
659 754
959 768
1276 755
1605 758
319 759
356 761
518 759
419 760
671 761
1640 761
131 763
499 775
1033 764
1258 766
693 767
1569 767
1651 766
1688 767
57 769
363 770
1549 769
55 770
1318 771
445 773
68 775
664 774
1128 776
1326 775
1009 776
1457 776
1701 776
1778 776
544 779
1389 779
1589 780
65 782
1263 782
1290 783
1593 783
334 784
1784 784
450 794
1552 786
1509 789
651 790
709 791
1275 790
582 792
729 796
1051 802
1059 792
1224 792
1630 794
524 797
1255 797
1684 797
142 799
337 803
939 798
389 800
1257 800
532 803
1532 803
581 805
590 804
954 804
537 809
293 810
610 830
1745 811
406 812
429 813
692 833
1303 814
1499 817
1140 815
1747 814
0 817
92 817
757 817
1660 816
314 821
341 821
470 821
1558 820
1655 821
344 823
413 826
762 823
466 824
789 828
287 827
457 826
1065 826
1588 827
1305 828
1360 831
1467 830
1483 830
1771 831
66 833
179 839
194 835
376 836
506 845
636 836
1174 837
198 839
1131 839
766 842
1324 843
774 857
1388 844
1576 844
1344 846
370 854
560 852
970 849
1096 849
313 851
316 853
575 869
1132 853
1436 853
1513 853
1528 853
611 854
1428 856
726 858
459 864
333 863
541 866
1230 863
623 866
791 865
921 886
1489 864
1493 865
408 867
503 871
639 866
973 867
1085 867
1120 868
1273 867
1554 867
1787 867
678 871
1299 869
641 870
1788 870
389 872
419 873
545 872
814 878
1282 877
1163 876
1833 877
1419 879
486 884
648 881
1355 880
1637 882
991 884
268 885
1168 885
1471 885
93 886
343 887
959 921
210 889
419 903
666 897
801 888
846 904
1051 892
403 891
1120 891
693 892
1040 893
569 894
796 902
1138 895
1388 894
730 911
1389 897
602 898
1263 898
483 900
571 901
635 901
1247 901
1167 902
1266 902
1436 903
1775 903
758 913
783 908
1092 907
1392 906
1422 906
319 910
1450 910
1494 912
1739 910
310 913
1119 913
1466 914
8 914
993 914
298 920
1441 916
588 919
918 920
1440 920
1472 920
805 927
1267 922
523 924
1508 924
474 928
488 942
615 931
699 938
403 937
1498 936
1286 940
1003 941
1496 940
439 950
1069 942
300 945
645 945
1100 945
1515 944
124 946
1166 947
745 950
1260 949
1265 951
928 959
1211 953
1486 952
128 954
634 955
840 957
417 956
1397 957
1586 958
584 966
546 962
742 961
175 962
401 963
815 986
1346 963
404 965
537 969
1020 966
1099 965
733 967
1593 967
234 968
317 969
408 968
887 969
1257 968
1345 968
1445 968
911 974
966 1009
514 974
771 978
839 979
48 979
1143 978
596 981
1138 983
1597 983
1642 984
347 984
371 986
411 984
659 988
741 989
358 994
901 992
10 994
402 995
852 994
890 996
1075 995
1616 995
171 997
734 997
46 998
1231 998
581 1000
1144 1000
1156 1001
1184 1001
1649 1001
111 1002
1462 1002
306 1004
589 1004
1123 1005
309 1006
631 1007
648 1007
1419 1006
84 1009
296 1008
695 1009
1066 1009
1393 1009
231 1010
1213 1011
2 1012
169 1017
345 1015
1054 1021
1703 1014
603 1016
755 1025
367 1018
660 1018
1331 1018
1443 1019
1446 1018
677 1024
122 1022
985 1022
3 1025
50 1024
569 1026
613 1024
1082 1024
273 1026
879 1032
1159 1027
1351 1027
274 1028
115 1030
204 1031
454 1032
1048 1032
934 1035
1225 1035
246 1036
473 1039
832 1039
1286 1038
738 1045
10 1045
209 1043
467 1043
1739 1042
178 1045
65 1048
234 1047
553 1049
627 1048
1436 1046
511 1052
1050 1048
82 1051
490 1057
631 1051
715 1054
838 1052
547 1055
657 1055
755 1055
42 1056
232 1057
997 1057
231 1059
397 1058
612 1062
876 1073
1431 1058
135 1061
208 1060
393 1061
545 1061
788 1065
1374 1063
194 1062
816 1063
1236 1062
259 1064
1662 1065
131 1070
324 1066
720 1067
825 1073
1008 1066
150 1071
315 1070
433 1069
534 1069
810 1069
1059 1069
1484 1069
26 1073
112 1072
1018 1073
1560 1072
1354 1074
269 1076
1152 1076
202 1079
246 1083
516 1089
609 1085
973 1084
38 1081
840 1082
916 1091
1062 1084
1156 1083
298 1085
672 1091
721 1085
991 1085
314 1087
623 1087
760 1086
1178 1087
1349 1087
1394 1086
187 1088
709 1089
1258 1088
1397 1088
394 1092
560 1090
808 1094
1450 1091
1733 1093
259 1095
174 1097
184 1097
205 1097
427 1097
578 1101
309 1099
1057 1101
423 1102
501 1106
1041 1103
185 1104
524 1104
146 1106
416 1107
456 1106
796 1107
1441 1107
482 1109
551 1109
557 1108
758 1109
965 1113
1537 1109
70 1112
66 1114
122 1119
605 1120
1075 1115
517 1117
789 1120
1242 1118
1333 1118
1400 1119
579 1120
886 1120
1379 1120
1399 1121
421 1123
1020 1124
1568 1122
621 1131
1110 1127
923 1135
1019 1132
1086 1133
1235 1133
653 1134
1226 1134
697 1138
1304 1137
2 1141
113 1139
851 1138
554 1146
1060 1141
1563 1140
539 1145
760 1143
1211 1142
659 1148
691 1146
779 1144
978 1145
1257 1145
1346 1145
12 1148
390 1149
630 1148
887 1148
889 1149
1323 1149
1649 1149
296 1151
743 1150
1107 1150
346 1153
1557 1153
80 1155
1038 1154
41 1158
956 1156
1112 1157
1579 1157
78 1158
1424 1158
402 1160
1273 1160
179 1162
749 1163
796 1163
177 1164
454 1165
271 1167
348 1167
602 1169
688 1167
715 1167
785 1166
887 1168
974 1166
1234 1170
950 1169
944 1171
1112 1171
1296 1173
36 1173
365 1174
449 1173
793 1172
1594 1173
282 1177
823 1174
1062 1175
677 1176
761 1176
814 1178
1092 1176
1567 1177
592 1180
698 1178
131 1182
218 1181
727 1181
1144 1182
481 1185
1231 1183
1831 1183
463 1185
1159 1184
1237 1185
1444 1184
1111 1187
1550 1188
440 1190
1088 1190
1379 1191
442 1193
727 1193
747 1193
1136 1193
285 1195
622 1203
1126 1194
1304 1195
174 1196
296 1197
1203 1196
449 1199
203 1201
756 1201
860 1201
985 1200
1022 1200
67 1203
847 1202
125 1204
343 1205
1054 1205
1153 1204
1258 1205
313 1207
577 1207
989 1207
1244 1206
1011 1208
1524 1209
316 1212
627 1210
766 1211
1005 1213
1108 1211
140 1214
845 1212
894 1212
1022 1213
1148 1213
800 1215
1545 1214
77 1217
877 1217
309 1218
633 1219
959 1218
21 1221
650 1221
960 1221
1296 1224
716 1222
1121 1225
666 1226
979 1226
1446 1226
