915 622
265 3
479 13
638 4
664 7
736 7
773 10
803 2
850 13
917 26
996 2
1094 140
1345 30
1371 1
1404 10
1483 17
1614 4
1708 18
208 21
873 30
1596 24
401 26
580 90
702 36
627 32
813 25
894 25
309 38
377 33
761 26
1059 40
469 35
605 45
956 41
800 49
1567 41
1536 71
1403 58
1803 153
268 64
409 80
849 77
980 61
1640 61
458 72
750 68
668 109
912 74
950 81
309 99
718 127
1366 92
1450 86
883 98
1293 99
373 108
1512 110
797 110
926 103
849 117
1004 143
1350 133
1468 122
484 120
900 128
631 125
1153 126
349 133
921 135
404 138
1371 136
1563 196
783 139
507 143
1328 144
1488 148
442 151
1390 147
555 156
800 168
1055 146
1154 148
857 149
362 159
1029 170
470 167
1450 164
948 160
834 181
1367 173
231 182
1056 169
1137 169
1416 174
965 179
1494 201
316 197
715 195
1690 180
388 187
1059 184
269 187
1074 184
1320 196
921 191
411 209
590 206
858 212
1047 190
1006 197
1033 193
1354 204
434 203
676 216
749 212
962 221
1077 205
657 213
941 267
512 231
1084 219
339 236
618 237
1343 229
1333 256
1388 249
478 247
757 251
864 249
1000 249
1474 276
679 253
601 268
208 259
839 270
1015 265
348 276
796 270
482 274
1109 295
1414 270
1591 282
891 275
989 277
684 302
850 285
462 290
376 289
326 298
1767 296
849 307
549 308
823 303
1313 316
796 315
1180 326
427 322
936 318
970 316
619 350
720 324
886 320
1002 320
1530 342
265 329
781 326
838 344
932 348
1332 343
731 335
979 333
1037 343
1579 343
970 339
685 348
805 340
1026 339
1072 342
415 345
960 349
382 353
509 354
666 346
1121 348
1296 362
549 358
583 357
1100 363
446 375
799 354
1059 362
1716 353
784 356
1234 368
290 374
1021 366
1343 368
210 364
774 368
882 371
725 379
823 371
963 377
600 375
850 378
1313 375
420 388
1028 396
1503 403
578 388
745 389
1016 387
525 395
827 405
1319 406
671 408
787 400
870 392
1079 395
1295 410
762 410
1055 401
1353 405
318 406
347 409
927 405
1157 403
608 418
1545 412
892 412
1254 410
1712 410
492 411
1083 420
573 418
1044 419
922 479
1015 422
434 427
964 423
280 430
405 427
1225 425
1403 433
1106 432
843 440
1008 432
1481 448
1046 434
753 440
1028 436
1060 437
664 445
715 445
951 442
1037 442
1085 445
1180 442
309 468
818 448
1101 448
616 469
989 449
1272 458
508 459
1034 457
1332 454
1545 473
444 458
1088 458
1215 456
1307 459
855 465
734 466
1023 485
1148 465
836 468
1064 470
1298 484
1603 475
1339 479
683 478
824 477
1117 480
1505 485
988 479
414 492
772 485
1174 490
242 489
647 488
591 498
984 492
509 500
982 494
1464 502
1150 508
1041 510
618 517
448 506
794 506
808 507
1577 509
546 504
369 511
1310 510
1485 513
846 521
1354 514
1085 520
717 520
1171 523
1507 524
769 522
261 528
431 527
809 527
1008 540
1272 536
1369 529
482 525
1070 548
1045 533
1221 538
553 535
890 539
1296 535
356 543
494 538
572 537
474 544
681 556
807 549
1032 549
1091 539
1311 548
1149 549
389 552
837 546
1393 551
206 546
928 550
971 550
724 557
1018 555
1132 557
802 558
560 558
948 560
1117 559
134 561
859 562
224 563
1330 566
1516 570
962 566
517 571
929 576
1032 571
1054 569
283 577
307 578
1349 577
423 573
745 575
859 601
1085 573
1395 578
425 575
949 579
1076 580
1001 580
1009 582
1105 591
1304 584
324 594
725 596
815 585
498 589
536 593
619 600
1427 590
984 589
1577 599
459 592
884 593
1458 598
300 590
1141 595
1311 595
13 593
1013 600
1071 593
1296 595
443 600
1038 596
804 599
746 604
767 598
1003 640
1122 604
1303 616
1334 615
281 604
683 610
935 626
996 605
1063 617
1089 604
807 615
485 617
1719 610
436 613
831 616
342 625
415 620
1480 621
660 619
1041 622
1276 624
1185 620
1519 626
508 624
545 630
846 630
1234 635
1492 649
824 634
1029 632
1080 635
1578 639
621 643
564 636
1420 643
1629 637
369 642
1073 643
1646 640
776 644
836 650
406 649
470 648
520 647
978 647
786 651
954 649
681 661
882 654
1051 654
317 665
1461 663
1142 656
380 658
550 658
1308 666
781 667
810 668
861 664
1129 670
474 663
575 662
1074 665
629 673
600 668
965 673
1032 671
1062 671
1291 670
430 687
909 679
1186 673
653 677
984 677
1000 679
1058 678
769 678
1619 688
573 680
866 687
383 682
637 684
688 683
742 685
948 693
1034 721
1173 685
1549 696
974 687
1021 699
1289 696
317 692
1072 689
1411 695
164 690
614 695
779 692
1380 694
1525 692
768 694
1070 713
1105 697
1154 695
931 719
111 698
571 698
976 698
1696 699
600 701
646 701
1466 716
525 706
680 706
848 716
1307 705
414 708
713 709
803 710
463 712
906 710
1395 709
59 713
610 718
634 738
692 712
893 722
697 739
1338 717
785 717
356 726
568 719
594 720
792 721
978 723
811 728
1139 729
1221 722
1310 729
1334 723
465 733
557 725
761 726
1354 736
385 729
1229 730
383 730
406 737
744 730
1275 740
1396 730
748 732
914 734
1504 736
1072 736
379 736
656 736
1474 736
946 738
963 743
973 739
583 743
772 746
864 744
1010 742
1657 740
610 750
876 744
997 745
1461 757
736 750
846 751
975 747
1139 748
556 749
943 748
1325 766
1006 788
1116 760
1199 750
1568 751
465 752
910 754
1220 757
1243 755
829 758
1071 755
1084 761
13 756
187 757
521 761
667 758
430 765
497 759
949 759
1047 760
1726 759
189 761
981 764
1428 775
1700 760
357 763
710 763
964 790
1065 762
203 765
778 767
807 777
830 765
1297 765
850 771
1264 766
1728 766
1071 769
1044 772
767 772
897 774
336 778
931 785
831 776
1678 776
1058 779
1814 778
870 783
1067 782
1217 781
1387 785
1707 780
452 782
1308 786
625 789
884 788
1507 784
253 786
498 786
536 792
665 792
833 788
909 786
31 790
699 800
1027 795
1042 790
1106 790
1292 792
503 794
587 796
640 796
835 793
939 930
1584 797
727 801
1471 795
843 797
861 798
1495 796
1725 797
807 801
1277 803
1557 800
610 811
1489 804
1570 805
422 806
738 809
853 812
917 831
406 809
519 808
160 810
341 811
787 816
1232 816
214 815
1117 814
1834 814
1290 852
1306 820
1565 823
1615 816
1653 816
1769 817
257 818
495 833
1485 824
1721 819
646 824
816 825
1015 821
231 822
810 823
976 824
1224 824
1519 831
347 826
843 828
1035 828
1321 832
1776 826
699 828
1131 837
1430 829
265 831
435 836
1624 830
1660 830
463 834
693 838
1174 832
1242 837
1461 846
335 848
1023 847
993 842
1351 836
1635 837
715 839
879 852
642 843
776 853
836 863
226 843
588 845
1384 848
91 847
414 848
449 864
629 850
805 849
1399 848
200 850
1637 850
371 856
653 856
723 858
975 859
1271 855
936 856
949 854
1001 857
1177 859
1410 855
1641 855
1680 855
673 856
864 876
1234 861
1618 856
1824 857
311 858
498 860
911 859
932 859
1533 862
1826 858
1263 863
1651 861
1018 868
1803 863
929 865
967 876
1552 871
879 868
1205 872
1831 866
695 878
902 869
1344 872
1363 872
159 871
525 872
558 871
641 873
666 875
806 873
7 873
28 873
289 872
507 874
1030 896
1449 877
568 875
114 877
482 878
584 876
999 878
1252 876
1378 877
1523 876
369 883
1652 879
602 892
490 885
802 884
1133 884
1494 883
314 884
658 887
1401 884
1519 885
1580 885
826 888
881 890
1119 887
1682 886
518 888
995 889
1051 889
294 890
523 902
1112 895
1336 895
344 896
916 895
548 894
889 894
892 900
1309 895
1495 900
871 906
974 897
984 898
1460 896
640 900
1005 899
1136 899
701 907
1234 905
1378 900
325 908
1765 903
450 912
470 905
134 907
1139 907
1205 907
1462 907
396 908
500 908
1480 911
161 911
898 911
974 911
1123 912
1448 916
549 917
665 915
690 913
535 914
619 917
856 915
1273 915
1296 917
1659 915
1718 914
365 917
591 916
160 919
432 921
499 919
1163 918
1528 933
117 920
393 920
865 923
1007 921
1035 921
1211 921
1638 921
295 923
1164 922
1203 926
1320 923
555 925
1278 925
360 930
564 930
693 932
1428 926
1023 929
1224 928
1245 929
664 936
1012 930
1253 939
1365 931
1419 938
400 932
916 934
1027 932
1465 949
586 934
1009 935
1305 936
63 939
322 942
559 941
1513 945
704 941
1614 940
1772 940
587 942
1295 944
1624 943
389 945
496 945
1109 947
1140 952
1208 947
1231 947
1274 945
1653 945
474 949
1736 947
1622 949
1667 950
1755 949
588 951
1293 966
512 956
663 954
689 955
1506 954
715 958
1367 954
1742 955
245 957
432 956
1432 956
1839 957
319 958
402 962
1571 959
231 960
314 960
1517 970
1545 961
1547 960
355 965
307 965
577 966
1090 964
1579 965
1406 966
302 969
476 972
484 968
795 969
1252 969
1442 972
195 970
419 970
703 975
1242 974
1424 971
1465 971
1484 978
1601 971
1625 970
551 973
660 984
1629 972
50 974
1614 975
405 977
818 978
342 982
545 980
620 980
640 979
1287 1000
1300 979
1655 979
1692 980
53 981
426 980
828 983
1388 980
1589 981
572 983
684 990
1107 987
1338 983
1378 982
1662 982
1696 982
111 984
503 984
585 984
748 984
1214 985
1521 985
1686 984
514 987
635 989
881 988
895 986
1223 989
1434 987
372 989
833 991
1464 993
255 993
467 993
543 996
804 993
1421 992
1442 992
1524 992
253 995
788 997
895 996
1096 995
1362 994
1427 997
1551 995
522 999
710 997
746 999
861 998
1199 996
1338 998
1386 1007
243 998
372 999
1557 1000
358 1000
481 1005
1108 1009
1483 1005
429 1002
436 1003
658 1003
1145 1003
1176 1002
1195 1006
351 1004
538 1006
600 1005
1142 1004
1350 1012
696 1008
711 1012
819 1008
1006 1010
1454 1021
469 1014
995 1010
1203 1013
1260 1025
0 1014
633 1014
674 1014
949 1020
1230 1013
1425 1013
192 1015
534 1015
551 1017
590 1017
787 1015
834 1014
843 1015
1002 1015
1495 1015
1515 1014
1739 1014
1755 1014
1775 1014
495 1027
722 1016
1638 1017
276 1019
528 1020
749 1024
831 1019
1215 1019
1560 1019
565 1023
616 1020
646 1021
713 1024
864 1022
977 1025
1231 1020
1409 1020
302 1022
658 1025
685 1023
916 1024
1033 1024
1066 1023
1098 1022
1188 1022
1783 1027
38 1025
365 1025
456 1027
517 1025
541 1024
582 1025
841 1029
1157 1026
1821 1024
348 1027
474 1027
895 1029
911 1028
1116 1026
1748 1026
398 1029
1433 1043
430 1036
451 1031
1214 1032
1551 1031
1664 1031
7 1033
297 1034
954 1034
1051 1034
1077 1039
1243 1032
1314 1035
1399 1032
1478 1032
1550 1033
988 1038
1198 1034
1286 1041
39 1036
391 1038
470 1041
838 1036
1206 1036
1384 1040
884 1039
1034 1040
1235 1038
1579 1038
673 1046
715 1040
1501 1042
15 1044
592 1043
630 1044
723 1042
933 1043
944 1047
1017 1044
1372 1044
1676 1044
88 1046
791 1052
1068 1048
1213 1050
1304 1049
523 1053
570 1048
863 1048
1003 1049
1107 1050
1416 1065
1587 1048
722 1055
867 1051
1281 1052
1664 1050
267 1053
358 1053
492 1052
685 1058
823 1053
1574 1054
569 1055
1483 1059
1693 1062
106 1056
829 1058
1019 1058
1042 1057
1347 1056
217 1059
472 1060
652 1061
1052 1059
1093 1062
428 1061
544 1060
562 1063
698 1060
947 1062
1006 1060
1057 1061
1294 1061
1511 1061
95 1063
113 1062
216 1062
409 1065
666 1079
1684 1062
10 1065
33 1064
1346 1064
1612 1065
64 1067
305 1066
387 1067
728 1068
839 1068
877 1067
896 1067
1324 1069
1615 1067
1653 1066
516 1068
543 1068
849 1074
934 1071
1657 1069
532 1070
883 1072
1027 1074
1351 1078
1814 1071
298 1075
425 1073
465 1074
635 1073
1004 1078
1251 1076
1519 1072
559 1075
578 1075
611 1076
641 1076
805 1074
898 1081
1231 1075
1301 1078
914 1076
1100 1077
1534 1076
1646 1079
1729 1081
127 1078
383 1080
458 1081
1559 1079
417 1082
532 1099
624 1087
1278 1082
154 1085
734 1084
856 1083
357 1085
412 1085
570 1085
1043 1084
1186 1085
1771 1085
753 1091
828 1086
1082 1088
1321 1087
60 1088
212 1090
435 1090
576 1090
649 1091
727 1090
1138 1089
1371 1094
1455 1089
1687 1089
1733 1089
820 1092
924 1092
1154 1093
1196 1091
1271 1092
1296 1094
1307 1090
1691 1093
1703 1091
405 1102
941 1094
1026 1092
1122 1092
1620 1093
15 1095
337 1094
685 1094
718 1103
1005 1098
1047 1096
1085 1095
1637 1095
224 1097
259 1096
340 1098
454 1098
593 1096
682 1096
42 1098
471 1100
601 1101
627 1099
652 1098
832 1100
1279 1098
172 1100
314 1106
1531 1101
189 1102
426 1102
657 1103
744 1103
1265 1105
1640 1103
558 1106
679 1104
694 1106
840 1106
1035 1110
1534 1104
125 1106
613 1107
957 1107
1169 1106
1428 1130
1453 1107
1665 1107
1677 1107
622 1109
1125 1113
1244 1114
1287 1111
1606 1108
329 1110
454 1115
482 1111
509 1112
635 1111
683 1110
915 1113
1176 1112
133 1115
281 1114
891 1114
943 1115
1276 1117
1388 1119
1568 1115
1705 1117
492 1117
573 1117
645 1119
1160 1121
1333 1118
1463 1117
1541 1117
1753 1117
572 1119
675 1125
708 1119
745 1118
824 1119
1302 1120
570 1120
851 1120
918 1122
1075 1121
1254 1121
246 1122
333 1123
726 1124
1342 1122
1659 1123
383 1127
414 1125
439 1129
474 1125
556 1125
1011 1125
1118 1125
1448 1124
359 1126
539 1136
637 1127
995 1133
1138 1130
1549 1126
417 1129
883 1130
935 1133
1235 1129
1592 1128
1595 1129
61 1131
116 1130
158 1130
274 1131
401 1131
469 1131
729 1144
950 1131
1051 1131
1254 1133
1499 1131
1550 1140
1562 1131
230 1133
310 1136
398 1133
510 1132
1268 1132
118 1134
372 1134
451 1135
506 1134
602 1138
695 1137
750 1135
893 1136
964 1135
978 1135
1214 1135
1451 1152
1466 1134
1652 1135
1786 1135
410 1137
501 1139
746 1136
805 1137
850 1137
981 1137
1040 1137
1086 1144
1346 1137
1513 1139
1703 1136
66 1138
456 1139
472 1138
478 1152
681 1140
821 1138
1282 1143
1589 1140
1648 1138
425 1140
570 1140
1199 1142
226 1143
244 1143
327 1143
421 1150
827 1143
910 1143
29 1144
376 1151
494 1145
941 1149
1160 1144
182 1147
258 1146
355 1148
393 1146
550 1147
687 1146
887 1147
1151 1146
1238 1147
1700 1149
1714 1146
616 1151
702 1151
762 1148
830 1150
985 1156
1030 1149
1047 1148
1116 1148
1209 1148
1315 1148
1631 1150
279 1151
350 1151
568 1151
1173 1151
1187 1151
1212 1150
1815 1151
519 1153
641 1162
776 1154
889 1154
1640 1152
173 1155
464 1155
594 1160
1402 1156
1704 1154
951 1159
1682 1162
1770 1156
14 1159
177 1158
462 1158
495 1160
678 1164
1016 1161
833 1162
970 1162
141 1162
344 1164
413 1162
500 1166
1263 1164
187 1166
452 1165
513 1166
1121 1169
1307 1165
263 1167
354 1167
736 1180
881 1167
952 1175
1044 1166
1207 1166
1330 1172
1541 1169
1665 1166
1696 1168
139 1172
232 1168
520 1168
1040 1170
1169 1168
1472 1171
1744 1168
122 1170
453 1170
541 1177
662 1170
699 1171
973 1170
184 1173
365 1180
404 1173
430 1173
1569 1174
112 1175
805 1174
856 1174
1203 1176
1288 1174
1581 1174
337 1176
473 1182
586 1195
761 1179
837 1177
1246 1176
1511 1177
377 1180
411 1179
687 1182
1009 1178
1182 1179
1236 1179
1750 1178
189 1184
211 1181
260 1181
501 1180
641 1181
717 1180
849 1180
882 1183
1058 1183
1371 1180
130 1184
305 1184
334 1185
490 1184
1078 1185
42 1185
859 1187
964 1187
1195 1184
40 1186
393 1187
451 1191
567 1187
1263 1186
1456 1189
12 1190
119 1189
199 1188
659 1198
1260 1191
1277 1189
1320 1188
115 1190
282 1190
339 1191
433 1194
531 1191
566 1191
609 1191
701 1194
776 1192
863 1191
1043 1193
1161 1192
1376 1195
1420 1193
227 1194
315 1203
578 1193
680 1195
873 1192
1139 1192
187 1195
577 1195
616 1195
845 1195
991 1195
1069 1196
138 1196
388 1197
519 1203
547 1196
563 1197
1239 1196
1314 1198
1472 1197
1534 1197
1598 1196
44 1204
136 1199
149 1200
234 1198
363 1199
382 1198
719 1199
898 1198
1060 1199
1195 1200
1204 1198
1245 1198
1503 1198
1776 1199
91 1200
294 1201
472 1215
724 1201
828 1201
859 1200
883 1200
1400 1204
1443 1212
190 1203
207 1203
292 1203
379 1203
458 1202
709 1206
735 1203
1111 1206
1536 1202
1601 1204
188 1205
342 1204
617 1204
693 1208
755 1205
840 1205
951 1204
1218 1205
1285 1205
1511 1204
1833 1205
112 1207
279 1207
355 1206
649 1207
819 1210
1030 1207
1093 1207
1131 1206
1236 1210
1258 1208
1333 1207
65 1209
185 1208
397 1209
493 1208
1473 1214
496 1212
745 1222
867 1211
1267 1211
1419 1210
1618 1211
1805 1210
87 1212
165 1212
179 1213
1029 1212
1043 1213
1205 1213
1252 1212
288 1216
415 1217
672 1216
688 1216
960 1214
1278 1220
1427 1214
1517 1215
133 1217
252 1218
647 1217
706 1218
153 1219
628 1218
717 1219
794 1219
1136 1219
111 1221
587 1224
641 1220
1102 1224
274 1222
333 1225
432 1224
605 1223
635 1225
691 1225
903 1222
997 1225
1556 1222
1599 1226
150 1226
451 1226
547 1225
930 1225
986 1225
1267 1225
1390 1226
1719 1226
1750 1225
841 1226
972 1226
1332 1226
1506 1227
1677 1226
