910 615
15 1
426 7
507 2
729 0
758 17
786 1
1052 15
1106 3
1206 8
1259 14
1293 0
1330 0
1412 14
1618 7
1795 19
994 6
1366 9
379 6
927 31
1294 30
1521 26
603 57
521 29
1340 53
844 29
1563 46
370 37
1096 70
1171 40
466 56
1824 56
1505 52
841 85
740 63
1385 49
1126 49
1370 58
1175 63
1011 74
1222 75
1266 85
517 73
1192 72
1240 74
1375 79
1058 93
1400 83
316 113
458 90
673 87
988 100
1311 88
651 120
414 96
1779 93
382 109
1378 101
1455 118
767 113
429 114
509 126
1283 111
940 122
407 139
1326 123
696 130
739 151
1304 123
1167 124
1369 123
1394 128
1363 129
15 135
836 150
1137 141
1238 198
1826 153
1292 143
579 155
1162 149
1276 148
1055 155
1318 150
1774 147
1408 167
1009 166
1756 158
1263 171
1459 169
633 178
1357 175
955 189
1322 174
1061 184
1153 172
1199 189
1092 180
1131 176
1283 179
131 184
691 208
329 222
554 199
792 200
1122 199
1337 191
614 199
824 219
1448 202
517 197
650 210
1094 202
1481 205
1051 220
1294 211
1498 214
1479 211
718 220
1476 213
1145 217
1109 222
756 222
438 226
1342 222
1421 229
1447 224
932 231
1711 225
982 247
466 232
850 236
1102 239
737 253
1286 238
1332 244
1001 250
452 263
1219 250
1307 253
1434 255
642 259
802 257
1167 261
1072 268
904 265
1047 261
1244 269
1316 261
1190 304
1265 265
1014 277
1101 270
343 281
1038 274
1415 279
1334 278
423 283
1310 286
1090 296
1116 290
735 296
1130 290
1747 339
530 305
710 304
980 296
478 298
1688 300
1024 304
1145 317
801 308
1254 316
1664 307
988 313
1124 311
1437 315
952 318
757 328
1307 332
390 328
698 331
1328 322
1119 323
658 334
1036 343
738 329
1395 343
921 335
887 337
1283 334
332 359
467 355
511 340
1081 341
411 340
807 345
952 423
1163 352
178 341
1246 369
865 347
1293 353
1678 356
1230 356
727 398
1145 357
792 370
1113 365
1086 367
425 371
1059 366
1703 382
1516 372
1191 373
1315 376
1354 396
973 379
1151 393
1748 392
1819 412
133 391
1229 386
512 391
1277 388
556 391
1080 390
1299 391
1217 399
1573 405
379 404
1334 397
1265 400
1074 401
688 403
1292 407
410 410
611 406
606 409
1095 409
626 414
1278 426
1682 414
1189 419
403 431
1206 434
1228 427
804 434
1253 429
1103 430
1142 432
1092 431
1114 430
462 438
573 437
1836 449
1079 443
1128 440
683 452
1172 453
1453 455
1009 446
1055 446
1778 444
780 455
1204 468
942 451
1794 453
1018 455
1340 475
637 465
1089 461
1259 463
490 463
460 471
947 464
1138 473
838 477
1020 477
1234 469
666 471
1086 471
1282 471
509 477
709 509
1221 474
396 481
736 474
589 477
1173 478
790 482
425 480
1122 483
1611 481
1817 497
663 482
1028 516
1631 492
861 485
1242 487
1662 496
653 495
688 516
1525 497
1226 497
1453 505
748 498
970 500
1183 498
1386 509
393 510
550 501
560 500
867 502
823 503
927 503
1102 519
762 504
1221 504
1076 506
1245 507
1577 509
1190 513
1259 511
1331 509
1344 509
793 514
1068 510
347 520
849 512
1177 515
645 514
985 517
1005 514
1801 515
960 516
1350 519
852 519
875 519
1604 520
534 522
1164 524
1321 521
1140 549
477 525
848 524
1274 527
1713 524
455 530
641 526
1807 541
1253 538
856 533
1195 533
1353 542
918 538
1211 542
728 542
787 544
893 545
1321 541
435 540
497 539
994 544
1378 553
1073 541
191 542
471 549
1045 547
1060 547
1178 549
628 554
1082 549
1270 549
862 559
1242 554
936 557
1105 555
704 556
294 566
443 560
1000 559
1198 561
723 564
834 560
887 560
899 561
1826 561
781 574
1165 569
1244 563
1048 565
1260 565
825 566
904 569
1057 569
469 582
885 571
1100 573
883 634
1077 575
1228 573
1703 572
892 576
1199 577
1587 587
1656 583
1084 581
324 589
718 588
927 590
1181 585
1213 585
450 599
703 587
953 586
1192 587
1176 589
736 594
954 599
979 596
1245 592
995 594
1091 608
1319 593
1451 600
1839 596
1050 602
1069 595
867 599
994 599
1006 603
1290 598
517 603
702 614
985 606
1074 603
1197 604
1231 604
1807 603
314 609
1127 606
1245 607
1580 606
646 619
1073 607
1523 607
1554 608
416 608
1025 609
1013 611
990 614
1364 615
669 617
1044 616
590 618
920 626
1202 619
1394 620
520 622
768 627
1129 624
827 629
937 629
1166 627
1183 631
1212 628
1416 625
1454 626
1488 627
376 634
1733 654
1012 677
1070 631
1515 631
715 635
1257 632
703 642
1114 634
1569 635
1027 637
1351 643
1387 651
1537 642
1150 647
496 641
518 641
764 640
788 640
941 642
1058 641
1419 651
923 647
1037 645
1173 646
1216 643
1770 643
1685 657
781 651
435 654
619 658
669 655
1049 655
694 666
1779 662
546 656
1143 657
1295 666
1076 671
1325 678
1583 680
1200 661
966 664
739 665
1239 665
226 666
910 669
934 668
1137 667
1205 670
711 668
1801 669
1542 672
1166 672
1232 673
375 682
454 675
479 679
503 681
902 676
1060 675
1185 676
1276 675
1096 676
1107 684
1556 681
765 699
901 682
1140 684
1154 683
1203 686
895 691
1160 690
656 687
1127 690
1181 690
1230 687
450 692
644 691
913 691
976 690
939 692
995 693
1063 697
1149 690
417 699
1536 692
386 705
715 697
941 699
1084 698
690 707
979 703
1283 702
1040 700
1199 702
1519 701
1652 709
1037 704
1186 704
362 704
503 707
880 707
604 708
626 708
904 713
1546 718
519 711
951 934
1266 711
997 714
1833 719
1270 716
1603 715
977 733
1461 720
609 723
1199 721
496 725
1160 722
797 723
903 729
551 724
683 732
1056 724
699 729
1499 727
885 728
1246 730
866 731
1017 733
882 733
1176 734
421 750
714 737
1036 734
1207 736
1224 735
1299 742
769 736
1195 737
131 739
465 740
1022 740
1058 747
1007 744
1033 741
1046 740
1330 741
707 746
759 747
960 744
740 745
1218 744
1709 745
320 751
862 750
1034 754
440 756
611 754
625 750
1187 750
1836 763
493 750
558 757
677 757
723 752
793 751
789 753
1327 753
1734 757
468 756
825 754
1000 755
1161 757
1197 769
1244 756
1413 756
522 761
915 761
955 762
1014 758
1046 760
1609 760
486 767
658 768
971 773
1640 781
828 768
901 770
1039 774
1256 770
764 783
834 778
1690 790
243 773
506 776
780 775
1173 773
461 784
868 775
905 779
1001 777
600 778
1157 779
1236 777
1247 782
1269 787
353 785
943 778
1024 779
1349 788
1484 778
674 787
917 786
1492 781
902 787
1170 788
893 808
944 794
1191 789
1029 790
1044 800
509 795
1076 797
853 798
912 796
1186 797
1020 798
716 801
870 801
910 801
1151 800
330 805
479 803
793 804
1009 808
505 805
994 804
1155 806
1231 805
659 814
688 825
934 813
1418 816
675 809
915 808
1142 808
1348 808
1755 810
1068 814
1133 810
1158 814
1353 811
991 814
1464 812
599 818
810 815
957 836
1258 821
1506 826
1809 814
491 818
1299 818
1340 817
922 822
1132 820
1174 819
1223 825
267 821
1818 826
874 823
1085 831
1151 825
1199 825
1400 826
1455 825
771 832
1347 829
642 836
730 832
836 838
1003 830
1624 838
616 833
884 836
974 833
1004 832
1054 843
1159 832
864 834
1337 841
407 839
1078 838
1147 841
440 841
1136 841
611 843
870 845
896 845
1733 847
340 852
676 850
1304 844
492 851
1011 872
443 852
972 852
985 852
1234 850
838 856
1029 853
1640 859
1831 867
1161 855
694 858
966 857
1040 857
1554 860
451 859
528 860
1063 868
1151 860
1798 859
740 870
873 863
1450 861
1027 862
669 867
905 875
947 872
1033 866
1144 865
1502 870
649 868
925 868
1256 869
205 869
981 869
1452 870
503 870
701 871
990 872
1048 871
1237 871
369 874
480 889
597 874
1132 874
1164 875
1440 878
346 877
878 880
1157 878
1248 876
224 878
522 880
1350 878
500 886
926 887
1458 889
676 899
946 890
1161 886
1225 887
369 897
685 889
1803 892
205 891
443 895
558 893
1127 893
692 896
1263 895
1315 897
664 896
1675 897
954 898
1149 900
575 901
1003 901
1647 904
1749 901
1836 901
278 904
654 904
725 904
883 904
899 907
942 905
973 908
1120 902
1573 907
1035 919
1305 904
1412 908
1455 904
1480 907
1017 907
1437 908
410 916
700 914
918 913
953 913
1328 910
380 915
1485 913
1811 912
1819 919
470 917
486 917
681 915
747 920
1130 914
1527 918
1166 916
1236 917
1724 923
716 920
994 920
1756 929
1779 919
1203 928
1258 921
1324 921
1435 922
984 929
1144 924
547 924
670 940
964 926
1407 924
687 927
653 931
1520 928
1796 932
971 931
441 932
742 934
1046 938
1125 935
1151 938
1234 936
1829 940
424 937
120 943
524 939
1532 943
347 941
705 941
976 943
999 944
1017 941
1580 955
1282 943
1730 943
550 944
1203 949
1275 950
1746 945
1171 946
1484 950
708 948
1608 952
533 953
1008 955
1031 955
1184 953
465 954
522 954
1398 954
1512 959
481 956
528 958
993 957
1451 956
1018 959
1550 964
454 962
473 961
681 961
1240 966
724 963
515 970
707 964
606 967
686 976
1432 967
1636 973
428 968
1128 968
1486 972
1533 975
341 973
482 975
497 973
647 972
1346 973
564 975
1108 975
1742 978
1190 976
1349 976
399 981
455 979
473 986
622 980
637 986
667 990
1331 978
1703 989
272 982
1179 988
528 987
343 988
740 992
1605 992
501 988
552 988
1291 988
1379 989
1814 1007
688 1000
1398 990
1495 1009
701 993
753 995
448 997
407 1003
801 1000
1209 1000
1391 999
1430 1007
1521 1000
493 1005
590 1002
644 1003
1281 1002
1339 1004
116 1004
723 1007
1777 1006
721 1009
738 1012
1164 1011
1376 1008
1639 1008
1391 1010
1678 1014
1685 1010
649 1013
1473 1014
553 1015
595 1015
669 1019
749 1018
877 1016
1188 1017
1266 1020
454 1018
904 1018
1103 1018
901 1020
1246 1021
1357 1024
527 1023
1282 1022
692 1025
1452 1025
1534 1031
1569 1026
713 1034
725 1027
811 1028
1421 1027
417 1033
501 1032
663 1034
1128 1028
487 1032
628 1035
763 1031
388 1032
879 1032
646 1035
907 1037
948 1036
1133 1034
1375 1035
1562 1040
1582 1037
1727 1035
372 1039
571 1036
1153 1041
1328 1036
700 1041
995 1044
1254 1038
1258 1042
1337 1043
1414 1040
1699 1038
1723 1039
1812 1038
677 1040
686 1042
801 1041
919 1041
869 1043
883 1042
963 1043
1631 1044
404 1044
641 1044
770 1046
920 1045
1110 1044
1127 1045
1209 1044
1226 1057
1656 1051
438 1046
522 1047
587 1049
1120 1046
1379 1047
1438 1046
1679 1046
505 1050
724 1050
797 1052
909 1050
968 1052
1051 1050
1211 1051
361 1056
388 1055
528 1053
935 1054
1160 1052
1193 1053
1427 1053
1175 1054
327 1058
681 1056
695 1056
719 1058
779 1056
966 1057
1776 1062
313 1059
557 1058
648 1060
757 1060
1025 1071
1263 1066
1510 1059
511 1063
1709 1060
450 1064
711 1064
810 1063
1338 1062
1361 1062
771 1065
999 1065
1011 1065
1308 1065
583 1067
1044 1066
1152 1070
1243 1067
1703 1070
792 1069
1085 1069
1179 1079
1205 1068
1337 1068
1397 1073
444 1071
502 1071
727 1073
859 1070
1070 1071
667 1074
688 1074
891 1073
928 1073
981 1085
1441 1073
1759 1073
337 1074
603 1075
1092 1076
1271 1075
1360 1074
1451 1076
1466 1076
1745 1081
389 1078
633 1077
878 1076
1010 1077
1049 1076
1065 1078
1289 1077
1324 1077
745 1078
921 1080
1619 1079
1806 1078
844 1080
941 1083
947 1080
1125 1093
801 1082
842 1083
1003 1084
371 1085
408 1085
428 1085
703 1094
1099 1085
1110 1084
465 1090
611 1086
690 1086
767 1086
1069 1087
1206 1086
1563 1087
656 1092
815 1089
1269 1089
1454 1089
1568 1088
1690 1097
1731 1088
482 1091
997 1091
1581 1097
1723 1091
1770 1091
789 1093
1014 1092
1145 1099
1264 1092
366 1094
540 1094
872 1095
884 1096
1059 1095
1420 1095
453 1096
674 1099
810 1099
1055 1097
1516 1097
1552 1099
364 1098
590 1098
606 1098
829 1099
922 1104
1081 1098
1325 1099
1334 1098
1408 1099
1181 1100
1383 1103
1614 1106
304 1102
499 1107
560 1102
640 1103
843 1103
972 1103
1100 1102
1111 1103
445 1104
667 1109
729 1104
750 1106
984 1109
1007 1105
1151 1107
1298 1107
1489 1107
967 1110
1054 1109
1251 1109
1038 1112
1062 1120
1081 1110
1165 1111
1200 1110
1265 1110
482 1123
480 1113
837 1112
1473 1112
689 1117
875 1115
1051 1115
348 1120
503 1118
616 1118
850 1117
871 1117
957 1124
1203 1117
1310 1116
1372 1116
1545 1117
1638 1117
659 1119
763 1118
992 1118
1166 1126
1336 1120
1463 1122
172 1120
513 1120
812 1123
883 1121
1224 1121
1254 1126
1625 1121
796 1126
1046 1124
1108 1123
1611 1126
760 1126
839 1124
882 1125
446 1129
836 1126
863 1127
900 1127
984 1127
1049 1127
1195 1133
1217 1128
1519 1127
1595 1127
551 1129
1030 1128
505 1131
679 1134
739 1131
781 1131
857 1130
1140 1131
1241 1131
1357 1131
1619 1130
1645 1131
1693 1138
784 1133
927 1132
1016 1132
1354 1132
1462 1132
1621 1132
389 1135
751 1135
794 1135
905 1135
1093 1134
300 1137
855 1137
914 1136
986 1139
1050 1136
1384 1137
1440 1137
368 1139
434 1139
651 1138
657 1144
1302 1139
1332 1138
691 1143
728 1149
763 1141
1313 1140
1469 1142
792 1143
831 1145
836 1142
858 1142
1731 1143
1750 1149
363 1144
394 1145
619 1145
1039 1145
1430 1145
1587 1145
1614 1145
942 1146
1048 1149
1294 1147
1777 1146
465 1149
501 1148
641 1150
1059 1156
1284 1148
1448 1152
345 1150
876 1151
887 1150
981 1160
1191 1150
1523 1151
678 1153
788 1154
1173 1153
1380 1152
1575 1157
1672 1158
1696 1159
1731 1153
409 1155
674 1156
1125 1155
1309 1155
1812 1154
899 1156
935 1157
1212 1157
1277 1157
1461 1162
350 1159
474 1158
1130 1164
1194 1164
1295 1159
1430 1159
1551 1163
1756 1158
388 1160
404 1160
650 1162
820 1161
905 1160
1101 1160
1249 1161
1363 1160
1406 1161
576 1162
748 1164
1267 1163
1281 1162
1301 1162
811 1166
816 1164
870 1164
882 1165
1157 1164
1235 1165
668 1174
682 1167
999 1166
1009 1167
1069 1166
1149 1170
1180 1166
1477 1166
1491 1167
1594 1170
259 1168
621 1169
754 1170
911 1168
1311 1171
952 1171
1038 1171
1118 1171
1226 1176
1275 1172
1382 1177
1438 1170
496 1173
512 1173
642 1175
1046 1173
1059 1173
1259 1172
269 1175
300 1174
417 1174
725 1175
1027 1175
1250 1174
224 1177
307 1176
400 1179
554 1177
969 1177
1190 1177
1496 1176
420 1179
629 1179
933 1178
995 1178
1113 1183
1271 1178
1338 1179
1498 1179
544 1180
675 1181
719 1180
655 1183
963 1183
1141 1183
1400 1182
482 1184
639 1184
924 1185
1146 1188
1424 1191
1640 1201
1735 1185
177 1187
317 1187
335 1187
748 1186
789 1187
916 1190
1013 1186
1184 1187
646 1189
682 1191
862 1189
1005 1188
1037 1188
1210 1191
1296 1188
1376 1191
1521 1190
714 1191
890 1190
978 1191
1029 1190
1168 1191
1251 1191
1473 1190
54 1192
294 1193
586 1194
635 1194
999 1194
1083 1192
1106 1193
1128 1192
1277 1192
1327 1198
975 1196
1587 1195
674 1196
800 1197
1100 1196
1185 1199
1372 1203
1071 1198
1201 1198
1463 1201
1481 1199
491 1201
930 1200
1018 1200
1061 1200
1263 1203
466 1202
502 1202
652 1202
698 1205
859 1202
891 1203
951 1208
1031 1203
1161 1202
1405 1203
1614 1205
840 1204
1114 1204
1277 1205
879 1207
1140 1207
219 1208
281 1209
577 1210
782 1209
304 1211
489 1210
935 1210
1058 1211
1120 1215
1238 1211
1253 1214
729 1221
988 1219
1203 1213
1443 1213
633 1217
679 1218
939 1215
1031 1214
1070 1215
1088 1214
1206 1214
1225 1216
1315 1215
1775 1219
1829 1215
740 1217
854 1217
924 1219
964 1216
1073 1217
1289 1217
1344 1216
1474 1218
1217 1218
1452 1222
641 1221
847 1220
1004 1224
1146 1220
1188 1220
1426 1221
1439 1220
1744 1220
787 1225
862 1222
883 1222
1024 1225
1063 1225
1129 1225
1191 1222
1281 1222
750 1226
822 1225
1108 1226
1293 1225
1340 1226
505 1226
872 1226
919 1227
1082 1227
1174 1227
1212 1227
1265 1227
