904 645
16 87
94 126
153 0
193 12
946 63
1114 5
1424 2
1619 78
1657 96
1725 64
1759 1
1815 60
1579 130
180 54
1373 62
182 155
1378 102
48 114
1602 114
49 124
51 125
200 130
893 129
196 225
286 222
913 148
1824 270
455 226
791 161
1788 159
604 212
1542 238
1074 183
1106 190
1787 225
891 239
801 185
1299 191
728 199
1360 183
456 184
1155 187
459 186
775 215
1737 299
846 196
1455 200
1278 200
1716 202
1133 206
982 205
1093 208
1662 217
999 228
1029 233
1176 216
1692 310
1044 237
1328 227
1446 282
1603 218
1254 218
1142 257
748 224
1282 225
1369 232
1254 272
1414 233
1626 338
1074 236
180 243
1096 245
1177 248
1344 247
1324 257
984 257
1388 258
180 263
1103 259
997 262
1588 370
1222 262
1352 264
1290 277
1380 275
1668 276
684 277
1358 285
1320 287
1133 293
1190 292
4 295
1791 328
86 352
963 314
1724 306
1128 311
1342 318
1493 331
11 327
1358 326
876 331
1332 331
1236 344
990 337
1004 336
1059 339
1016 339
981 340
1189 345
1668 349
1025 345
1142 359
10 360
1362 356
977 359
960 358
1034 358
1614 360
997 363
106 364
1020 368
1041 365
970 369
959 369
1236 373
955 370
984 370
1387 375
1442 392
1050 372
1794 378
994 378
954 377
1029 387
1046 377
1076 380
974 380
1163 384
127 408
1360 384
1528 394
1716 386
1275 387
1324 396
2 393
968 391
146 409
925 401
1372 403
6 451
985 403
991 402
1010 410
1212 404
1072 404
995 408
1717 410
1123 412
1787 412
1774 415
1779 414
105 421
1760 418
733 434
769 446
1199 421
54 477
1266 431
1720 426
1732 424
1006 430
1026 430
1047 441
144 444
1226 445
1372 441
1076 445
1029 445
1097 447
1123 447
1329 448
1023 449
1474 457
1281 460
1218 454
1043 455
1835 553
1004 456
69 462
861 459
944 462
1799 565
1049 464
1309 468
144 469
929 468
1143 469
1234 481
1008 471
1029 470
1116 473
947 473
1447 476
1053 475
1327 475
1417 480
1702 535
948 476
982 476
1082 478
920 479
983 478
1188 486
932 481
1031 483
1628 533
933 485
1079 486
1127 488
1369 488
959 486
1049 486
144 488
958 493
1054 492
1267 496
592 527
952 496
1594 535
937 501
1442 497
1748 515
963 498
1045 498
1073 503
1472 521
1004 526
1036 506
1024 507
1299 507
957 509
1092 510
731 512
1169 516
1074 517
1243 518
139 523
1069 523
1159 533
1287 532
1331 525
870 542
986 526
1043 531
1750 548
634 544
966 545
1573 548
1131 552
1318 557
1009 558
1200 568
1531 573
1026 567
1109 569
1013 575
1246 570
1776 574
944 572
1040 577
1063 574
1145 577
1335 589
931 580
1081 579
1264 579
1099 589
1054 583
1288 590
1751 583
910 593
1209 588
1553 601
1641 647
1444 595
1595 593
1123 595
1597 632
1752 602
997 601
1010 601
972 764
1130 603
1175 606
1311 617
948 613
978 612
1074 617
1099 621
1242 623
852 630
1038 620
1151 625
1456 635
929 626
922 630
1215 632
47 654
1032 639
1352 645
1401 646
1302 649
1113 649
1085 662
1114 671
1325 662
1375 661
1410 665
1490 668
1051 669
1292 674
1315 673
1193 680
1706 675
1331 678
1117 693
1293 690
1607 693
1740 694
1784 696
1628 694
1657 694
1118 702
1288 703
1348 703
1836 701
1194 705
1816 713
1045 708
1158 715
1218 729
1092 726
1054 730
1289 735
863 731
1346 735
1421 735
1576 745
955 739
1373 740
1054 744
1093 750
1302 754
1612 767
1048 753
1132 755
1097 757
1454 762
1292 772
1286 775
1353 776
1185 783
1329 783
1264 786
869 787
1214 788
1392 792
1103 799
1224 798
1365 799
1202 800
1785 799
1329 803
1567 807
1298 812
847 814
1569 832
1231 827
1207 834
1313 834
1645 837
1359 836
1246 845
1496 851
1124 856
876 849
1753 854
797 856
1056 853
1170 854
1176 860
960 860
1720 881
907 873
1074 878
775 878
916 880
1048 882
1090 880
1834 880
1027 884
1043 892
1237 891
905 891
951 892
1030 892
1084 895
1101 894
1017 898
1202 900
1349 901
1028 902
1185 906
767 918
1071 917
1044 917
1386 918
1001 922
1169 924
1688 929
1129 927
1131 929
1346 930
1529 932
829 933
1015 948
1264 936
1392 937
1075 937
1193 962
1421 950
1119 955
827 959
929 963
1095 979
970 1083
1062 985
1236 988
1402 984
1258 989
926 992
1125 992
1048 997
1342 999
1472 1000
1831 996
976 1005
1025 1005
1282 1011
1495 1006
1516 1010
625 1014
1256 1009
65 1011
1109 1011
864 1017
1395 1022
1319 1038
137 1036
1018 1045
180 1046
711 1046
1517 1048
67 1051
969 1061
1061 1062
1462 1063
147 1065
109 1069
991 1071
1022 1073
1513 1083
1414 1082
1467 1089
1344 1091
1336 1096
1498 1101
1350 1102
1314 1108
1537 1113
676 1116
1259 1127
1149 1128
1321 1125
1322 1138
1395 1127
1782 1128
1160 1144
223 1142
662 1144
1284 1143
1539 1143
1379 1148
1426 1152
1469 1149
991 1153
990 1155
1451 1155
1644 1162
648 1163
1173 1163
547 1169
1495 1166
1232 1174
1425 1173
875 1172
1409 1179
668 1177
1271 1177
80 1179
1237 1182
1222 1184
1160 1187
678 1186
1139 1186
1417 1186
1367 1191
921 1195
931 1194
32 1197
1114 1197
1417 1197
948 1199
1248 1199
1659 1200
1064 1202
1132 1203
1171 1203
1540 1205
1109 1208
1549 1218
552 1212
13 1215
769 1217
889 1218
300 1218
1165 1219
1184 1220
1306 1219
167 1220
695 1220
1063 1220
1223 1225
1257 1224
991 1225
1357 1225
1384 1226
1174 1226
1398 1227
1487 1226
1581 1226
