0 0 1840 1228 2158694
428 0 22 65 480
456 0 11 9 80
552 0 15 15 158
680 0 7 6 29
789 0 5 12 53
876 0 3 7 21
909 0 4 3 11
938 0 15 17 127
1070 0 21 51 617
1114 0 11 12 48
1172 0 13 29 190
1385 0 44 27 266
1464 0 7 4 19
1056 7 3 8 16
1313 10 46 59 549
738 12 33 55 539
1238 21 7 15 80
976 23 2 4 8
1020 23 4 11 27
558 24 12 25 220
891 25 5 16 69
1100 25 21 18 245
1587 25 11 14 112
790 26 9 33 166
1131 29 10 19 135
1367 28 47 89 1258
1453 32 9 12 72
680 37 7 21 103
963 37 19 35 324
1119 39 2 3 6
1539 38 12 14 119
1574 41 11 14 104
471 42 8 9 44
842 43 4 9 30
408 44 6 11 43
1095 47 5 9 26
1598 53 13 21 147
1292 54 12 28 238
1561 57 10 14 88
1050 59 17 21 120
476 61 19 18 263
1081 61 2 4 6
1412 61 25 26 252
1013 65 4 10 38
1120 64 2 6 12
852 66 3 4 10
993 67 2 4 8
956 68 5 20 70
1030 68 4 6 19
1122 72 3 4 11
1042 74 5 11 35
1630 74 9 10 71
1075 76 12 21 168
936 79 3 5 12
1319 79 8 20 122
497 80 8 20 70
1025 87 3 5 14
1100 86 4 7 25
1536 87 23 27 299
713 91 11 32 217
997 90 73 72 1229
1147 90 2 3 6
1498 91 10 14 102
1443 98 3 3 7
1160 101 5 9 26
522 103 17 29 194
825 102 3 3 7
836 105 22 27 211
1119 104 3 6 12
1130 104 7 15 81
434 107 24 33 294
788 106 5 11 46
954 107 3 9 22
927 110 4 10 32
1108 115 3 6 17
1075 116 3 5 11
481 119 5 9 36
988 119 2 6 11
1086 119 4 6 15
1557 118 36 24 394
1119 120 6 16 46
1500 121 9 11 66
748 122 10 30 214
1151 123 22 25 202
1518 124 18 19 159
680 127 24 39 583
869 129 4 3 8
903 131 3 3 8
1228 131 8 15 86
975 132 5 19 43
551 137 7 15 91
921 136 5 6 22
953 136 13 18 137
789 139 17 7 69
1448 138 8 9 53
732 145 6 14 66
1082 145 8 16 92
906 146 3 4 8
427 151 8 13 77
717 153 6 8 37
868 157 17 22 183
1370 160 6 7 30
1534 161 9 12 67
559 162 10 22 159
1248 165 9 18 113
682 167 4 9 28
780 166 18 52 311
1220 167 8 17 93
409 168 8 13 55
924 168 15 26 192
1054 169 3 7 15
1002 170 2 3 6
1324 170 10 15 103
990 172 4 6 18
606 175 18 26 282
847 175 11 13 98
1460 174 30 54 533
509 177 28 35 392
742 176 4 8 27
1490 177 27 36 407
492 179 6 9 41
859 178 160 157 8412
1358 178 31 47 393
1080 180 2 4 8
1190 180 8 16 94
454 182 8 15 91
891 182 5 11 44
1544 182 18 17 173
1090 186 2 5 8
1125 186 4 6 17
734 191 9 39 202
821 191 7 15 73
1426 193 18 17 149
1033 196 9 6 17
937 198 3 6 18
1408 202 6 5 20
1352 207 3 3 8
1521 206 14 30 154
931 208 2 4 8
439 211 9 16 122
1577 210 18 28 176
543 214 5 10 21
1360 214 9 21 90
127 216 4 2 7
1129 217 4 10 33
1335 216 3 3 9
490 219 19 27 259
467 221 11 13 101
1087 222 3 4 8
1045 224 30 48 529
411 227 6 7 32
678 226 3 3 8
696 227 4 4 11
1114 227 4 6 17
1030 229 3 11 17
1243 230 9 22 129
1403 231 4 4 6
577 235 19 17 104
766 234 12 5 29
1088 239 9 26 83
1365 238 28 33 392
685 241 5 14 59
1173 241 6 6 24
1203 244 8 16 87
1332 244 3 3 7
474 247 4 3 12
1022 248 13 9 31
1135 250 6 16 76
657 254 24 31 413
1347 255 5 7 23
1544 254 8 11 69
1072 258 13 53 259
508 260 33 51 693
1253 263 10 23 149
817 267 3 5 13
1041 266 2 3 6
769 269 10 22 127
1453 269 8 16 85
476 271 7 9 43
728 271 6 14 55
823 273 6 23 94
856 272 4 8 21
695 274 5 6 26
785 274 4 6 22
1047 275 5 5 15
1492 274 7 8 39
1219 277 5 7 27
1546 276 16 11 125
1142 281 6 8 37
492 282 7 9 47
1348 283 5 10 32
688 287 5 7 28
876 287 4 11 34
1539 289 6 8 39
1092 291 4 7 17
1378 291 5 7 26
642 299 16 47 336
1259 298 8 8 45
1302 299 7 12 44
409 301 5 6 25
856 300 11 11 34
706 303 6 9 36
729 302 16 30 199
1341 303 6 11 46
1362 303 5 5 16
848 313 7 15 72
796 314 3 4 9
1018 314 20 23 170
1057 315 5 5 12
1529 316 11 22 172
1372 319 6 9 38
590 320 7 11 60
934 321 3 5 11
1063 322 24 34 304
1141 322 12 29 232
791 325 2 4 8
1164 324 7 12 63
1434 327 10 30 109
515 329 6 4 16
1185 333 7 13 63
700 334 11 32 267
881 335 13 14 63
932 335 21 28 178
471 337 5 4 11
770 336 9 22 79
570 339 6 9 42
1008 339 6 7 26
1468 339 18 23 188
1346 341 7 9 45
666 346 4 7 22
1519 347 6 7 28
516 351 4 4 11
747 350 5 11 47
1395 350 7 9 56
1541 351 13 17 149
435 354 4 4 10
481 355 4 11 31
1182 355 7 14 65
535 357 14 8 65
996 356 18 21 222
944 357 116 116 3990
1249 356 7 14 75
1322 357 7 12 57
1610 356 4 3 6
783 358 4 7 24
1400 359 9 19 103
1338 361 3 4 10
466 364 5 8 23
850 364 3 7 13
1062 364 15 6 47
505 366 6 6 27
1310 367 3 4 8
731 369 5 9 35
907 369 2 6 12
405 371 8 13 76
1346 371 16 21 144
496 372 5 5 22
674 372 6 29 74
485 375 4 6 19
943 375 2 6 8
1474 374 6 6 25
881 379 5 16 58
913 378 3 14 24
1046 378 17 13 91
1448 379 7 8 39
852 381 3 9 20
525 383 17 18 158
834 383 7 18 99
1179 382 3 3 8
1316 382 2 4 7
764 385 6 20 75
968 384 11 3 14
1516 386 5 4 12
1408 391 10 17 96
1482 391 13 5 36
808 393 2 8 15
895 392 4 7 26
1079 394 9 12 48
646 396 5 11 48
731 398 5 28 93
888 400 3 7 19
1466 400 24 21 201
432 403 8 14 94
868 403 5 9 26
1319 402 12 35 191
932 405 1 6 6
1447 405 7 14 61
690 406 4 7 25
1167 407 5 8 31
1122 408 4 7 17
1206 408 7 12 60
882 412 18 35 249
1228 416 7 4 22
1291 417 8 15 82
444 418 7 16 66
683 423 12 10 47
794 423 4 9 29
1070 422 3 4 8
1375 423 5 8 27
523 424 5 5 22
1480 425 5 6 24
657 426 8 11 62
1308 426 5 4 18
924 429 16 22 102
1151 429 3 5 9
468 431 6 5 17
850 431 7 10 48
744 432 4 5 18
829 435 4 6 16
1459 437 6 9 44
1493 437 5 5 15
704 440 4 9 31
753 441 12 17 77
499 442 5 5 21
519 443 15 12 56
1401 442 7 10 49
664 445 3 5 14
1120 449 3 5 12
1130 449 19 27 264
1251 452 20 18 226
795 454 14 20 92
897 454 2 5 10
1321 454 7 13 57
464 457 24 41 381
939 456 14 10 82
559 459 10 24 152
857 459 2 4 7
1183 458 12 15 123
439 460 7 12 55
1044 461 7 4 18
833 463 2 4 7
882 463 2 3 6
894 464 3 7 10
1347 467 5 21 67
664 471 4 9 28
1025 471 14 21 124
1118 470 2 5 7
723 472 5 7 21
769 472 3 5 12
979 477 8 13 41
1269 476 3 4 8
751 478 4 8 21
1440 480 6 7 32
526 483 19 31 419
764 482 2 3 6
1474 483 5 6 21
1109 484 3 6 12
864 487 14 14 62
438 488 5 5 23
639 489 3 3 7
1321 488 5 4 15
1364 491 4 4 15
987 493 5 15 54
1004 492 5 9 39
1058 494 6 13 62
1181 494 5 5 15
734 497 6 9 31
1259 496 15 9 68
1366 500 45 31 400
1504 503 5 5 22
834 505 2 5 8
1287 505 5 8 25
429 507 9 12 82
605 507 4 6 19
717 507 6 15 49
1034 507 8 15 86
1421 507 7 10 50
1509 509 5 3 9
878 511 17 8 77
959 510 8 5 21
1459 511 6 5 25
690 512 4 11 39
753 513 3 8 22
906 512 9 3 19
926 512 2 5 7
1322 513 11 4 17
1098 517 5 11 39
1302 516 8 21 89
1036 523 40 54 339
910 525 2 6 12
964 524 10 3 12
1465 525 5 6 23
877 527 2 4 6
1032 526 2 6 8
1045 526 2 5 9
1118 527 5 13 46
688 529 3 5 15
1336 529 22 21 156
733 531 4 7 24
791 531 3 7 17
977 531 18 24 152
5 534 5 4 8
1007 534 4 6 18
908 538 2 5 9
796 541 8 6 20
1312 540 3 4 11
696 542 4 5 14
1103 542 3 5 11
447 546 7 15 71
484 546 4 4 13
749 548 4 17 51
724 550 4 6 17
1278 552 19 22 177
1245 555 4 3 8
1404 556 4 6 24
968 558 7 8 30
1226 558 6 9 40
825 560 28 22 255
1069 561 4 6 20
643 563 14 24 211
1410 562 5 5 24
672 564 3 7 21
869 567 4 10 34
1006 566 8 17 73
1102 566 5 11 41
690 569 3 5 13
889 568 2 7 7
911 568 6 6 11
1243 568 20 18 183
1373 568 25 38 329
1446 569 7 12 44
1131 571 6 11 45
1419 573 13 22 130
665 574 4 7 27
776 575 32 32 346
540 576 13 25 128
1084 577 4 10 27
752 578 2 3 6
874 578 3 7 18
972 578 2 4 8
982 580 3 10 16
1298 583 5 8 31
432 585 6 10 51
561 585 13 9 42
1114 584 9 13 73
662 587 3 3 7
741 586 3 6 16
1184 587 6 14 36
1223 586 4 3 7
958 589 22 24 240
1013 588 2 3 6
973 588 60 121 1829
1168 588 5 10 30
497 590 12 16 81
696 590 5 7 27
1365 592 4 8 19
756 594 2 3 6
862 594 3 4 8
1064 594 8 5 27
1277 595 3 2 6
758 599 3 6 15
878 599 15 14 48
1316 599 6 7 30
407 601 4 4 14
1401 602 6 7 29
803 604 11 19 109
1286 605 3 3 9
488 606 4 5 11
587 609 4 6 21
730 608 4 3 8
1095 609 2 5 9
708 611 5 13 35
557 613 7 16 91
1156 612 5 9 36
764 615 19 31 241
1380 614 4 5 11
891 617 3 5 14
988 617 7 7 37
1268 619 3 5 7
1456 618 4 4 13
704 621 442 239 26964
1395 621 9 10 61
882 622 2 6 11
1418 623 6 11 42
429 624 15 16 158
1214 625 4 7 25
1296 625 3 4 11
858 627 45 29 293
546 628 6 10 47
1278 630 3 3 7
1361 631 21 33 203
686 633 2 11 12
702 633 3 4 9
457 639 2 3 6
541 639 6 21 103
808 638 32 57 581
157 642 7 4 15
1353 643 6 4 14
850 645 34 25 119
653 646 12 7 50
794 647 2 4 6
915 646 52 17 311
512 651 12 12 49
1277 653 3 3 7
1404 653 13 5 41
452 655 7 9 33
715 657 10 4 29
1311 657 3 3 9
131 658 4 2 7
589 659 3 6 10
680 658 3 5 15
1051 658 13 9 56
1255 660 8 13 71
848 663 13 27 57
527 664 5 11 43
1443 669 4 4 12
487 672 9 15 109
967 673 2 5 7
1288 675 20 18 82
1382 675 3 3 6
521 677 3 10 16
670 676 3 3 9
1269 676 3 5 13
1326 678 5 12 36
1356 678 4 7 22
665 680 2 6 11
960 681 4 5 9
880 683 6 11 40
1208 682 4 13 26
440 684 5 7 27
589 685 3 5 14
649 684 5 5 16
60 686 4 3 7
523 691 13 13 72
623 691 2 4 8
458 692 5 4 19
500 692 10 15 49
636 695 4 21 35
1360 695 22 21 126
843 696 3 4 10
929 696 11 15 54
964 699 13 18 81
1237 698 3 5 12
1302 700 11 25 79
1340 701 19 8 56
1164 702 4 4 11
651 707 5 5 17
892 707 14 9 55
1271 706 4 5 16
384 709 4 3 6
677 709 3 4 11
1169 712 4 8 27
1246 713 3 5 10
1261 712 2 3 6
419 714 5 8 36
666 718 2 3 6
989 718 35 33 580
1394 718 3 3 7
560 720 3 2 6
1128 721 4 7 22
1356 722 5 5 20
850 724 11 7 35
1234 725 17 24 139
1282 725 3 3 9
936 727 7 2 8
459 728 7 4 16
514 728 8 16 60
550 728 4 19 43
1341 730 9 10 62
1379 730 3 3 6
484 733 3 3 9
657 733 10 8 40
948 733 3 6 16
1199 733 4 6 20
1313 733 5 4 13
1767 732 3 2 6
580 734 12 13 37
1395 735 3 7 10
878 736 7 6 12
1152 737 4 5 15
626 743 25 12 103
490 745 8 8 50
446 746 15 22 182
1261 752 5 6 24
1532 754 3 3 6
501 757 21 33 231
658 757 2 4 7
1227 756 2 3 6
680 761 3 5 12
1161 760 4 7 22
1231 760 3 4 11
692 763 4 8 22
1315 763 8 18 98
423 765 6 3 10
1342 770 3 4 11
1376 770 2 4 6
703 773 3 4 12
1255 772 3 5 15
743 774 2 3 6
1118 774 5 13 26
1388 774 12 18 88
813 776 2 4 7
1239 776 8 12 35
1157 779 2 3 6
1264 779 3 5 15
317 783 3 3 6
472 783 22 16 111
1186 783 4 8 25
572 784 6 9 46
1269 784 3 5 13
451 787 22 46 330
699 787 3 6 15
738 786 5 13 25
1305 791 13 6 25
1563 790 5 3 9
685 792 3 10 18
855 792 4 8 18
669 794 3 4 8
750 795 7 3 10
1263 795 6 12 50
1109 798 6 9 25
1195 799 3 2 6
376 800 4 5 15
508 803 4 3 8
690 802 14 37 147
439 805 3 4 6
1273 805 13 13 75
578 807 4 2 6
1176 808 3 4 10
493 811 5 4 11
844 811 3 5 11
649 812 5 14 24
1301 812 14 10 85
1150 814 4 7 24
731 817 14 11 85
1100 816 6 8 24
1353 817 5 7 25
1138 819 2 7 12
1336 819 3 3 9
1833 821 7 2 8
669 822 3 3 7
1342 822 4 8 25
245 825 6 4 13
486 824 15 13 80
781 824 3 7 18
1233 825 8 3 18
1572 824 3 4 6
1143 827 3 3 7
1210 829 2 4 7
398 831 8 2 8
440 830 3 12 15
465 833 10 10 52
542 832 8 6 21
522 838 2 3 6
669 838 2 4 8
1290 838 29 38 186
571 841 15 8 81
850 841 3 6 11
1421 841 5 5 19
413 842 9 16 37
731 842 4 12 25
1217 842 3 6 14
1282 844 4 11 27
497 847 4 7 24
662 846 3 5 13
694 846 2 4 8
966 846 5 15 39
1137 847 12 19 67
207 848 9 8 37
458 848 5 5 22
619 849 5 21 45
552 851 9 6 30
696 852 2 5 9
795 853 4 9 26
821 853 3 5 11
482 855 4 6 21
232 858 4 3 8
319 859 6 3 10
368 859 9 7 23
141 860 13 5 26
524 862 9 15 72
647 863 4 5 12
685 863 11 4 17
491 865 3 9 21
1065 866 7 9 40
424 868 4 4 10
729 868 1 9 9
1335 868 4 3 8
463 873 12 5 29
1273 873 8 3 10
553 874 8 12 45
629 875 3 5 13
692 875 6 26 46
515 877 4 2 6
1213 877 5 4 10
635 878 29 17 168
1025 878 5 3 8
1060 878 2 5 10
1265 879 7 9 15
436 880 3 4 8
480 880 7 3 10
1240 881 18 31 131
619 885 6 4 9
1604 885 3 6 13
353 886 2 3 6
529 886 12 21 99
677 887 3 7 18
731 887 6 7 21
1082 886 3 5 15
1101 888 3 5 11
1391 889 2 4 6
549 891 3 2 6
1319 890 3 3 6
602 893 7 9 32
664 892 4 2 8
1016 893 3 3 7
1332 893 3 3 7
1304 894 3 6 15
958 897 2 8 13
1063 897 2 5 8
1146 897 3 7 14
1620 898 3 3 6
431 902 8 5 29
970 902 2 6 11
1128 903 5 25 54
467 905 20 14 119
1199 904 2 14 18
1296 905 3 3 6
527 907 3 5 12
448 908 10 14 48
615 908 2 9 13
684 908 14 13 56
222 911 5 3 8
506 910 3 12 15
594 913 5 3 12
647 913 14 18 126
1055 913 2 3 6
1287 912 3 4 12
236 914 4 4 12
946 915 11 17 58
1238 914 14 19 77
333 916 6 9 25
530 916 3 3 7
554 919 4 7 21
1278 920 2 3 6
676 925 7 6 26
460 926 7 9 34
728 926 1 7 7
1714 929 4 3 8
368 932 4 4 7
979 933 14 15 65
518 934 3 5 15
661 934 8 15 68
1229 935 2 5 9
1303 935 6 12 30
0 936 9 6 20
455 937 1 6 6
1728 936 5 5 12
459 939 56 27 522
1184 941 11 2 12
614 943 13 5 21
594 944 2 6 7
941 945 11 9 43
1082 944 2 5 10
1126 944 2 4 6
518 946 17 10 42
1237 946 3 4 11
1222 949 2 11 13
1645 948 5 4 13
63 951 2 6 7
683 950 1 10 10
1299 951 3 6 14
420 953 6 4 20
592 953 12 11 25
1074 952 8 9 33
1184 953 2 6 12
1162 955 10 5 20
698 957 2 14 17
1434 956 4 5 16
627 959 5 2 10
660 959 5 9 23
1043 961 2 4 6
1146 961 3 3 8
573 962 7 9 18
673 963 10 9 20
777 962 3 4 9
1110 962 9 1 9
1192 964 3 4 10
1484 965 4 4 15
1825 964 7 5 16
161 967 4 4 9
472 966 3 11 14
924 967 2 8 15
1070 966 4 3 11
1151 967 12 13 56
518 969 22 28 131
198 971 5 7 15
1478 971 5 7 11
1227 973 2 4 7
375 975 5 3 10
437 974 6 10 33
111 976 3 3 6
248 976 5 4 13
584 977 5 10 29
963 977 10 4 23
1561 977 4 4 8
800 978 2 4 6
1298 978 2 4 7
627 981 4 5 11
944 980 10 5 20
840 983 3 4 8
935 983 6 9 27
1278 982 7 5 19
459 985 19 16 58
974 984 3 9 22
1315 984 2 4 6
593 987 15 19 113
1028 987 4 7 25
1244 986 4 9 36
1661 987 3 3 7
636 988 14 12 67
1452 989 11 9 51
286 991 4 3 7
1217 991 3 4 9
492 992 12 13 56
1070 993 3 5 10
1127 992 14 2 15
531 995 14 17 99
71 997 5 11 24
198 997 4 3 7
556 996 5 5 11
1166 997 9 12 24
1146 1001 14 11 90
258 1003 6 5 14
1196 1002 1 9 9
1304 1002 4 5 10
272 1004 8 12 48
746 1004 3 5 11
1097 1005 2 11 13
1218 1004 11 12 41
1263 1005 2 3 6
923 1006 5 3 15
399 1011 4 2 7
669 1012 17 27 87
1202 1013 4 4 16
544 1014 14 9 42
1562 1014 10 3 13
626 1016 20 28 193
1269 1016 9 4 25
926 1018 2 10 18
1144 1018 3 8 14
467 1020 4 3 8
526 1020 3 5 14
604 1021 5 5 20
1582 1021 3 7 13
324 1025 9 6 24
574 1025 3 8 15
286 1028 7 5 15
429 1028 13 22 47
480 1029 9 18 99
619 1029 4 6 9
949 1028 2 4 7
1106 1030 5 3 7
1249 1031 6 9 38
378 1033 4 3 6
1683 1033 6 4 8
102 1037 4 4 10
563 1037 32 21 269
1128 1037 5 2 6
562 1039 3 4 11
364 1040 14 15 87
441 1040 10 9 45
1184 1042 3 3 7
1216 1042 19 10 56
928 1045 10 5 14
1161 1045 6 14 48
324 1047 12 6 33
1734 1046 4 3 6
1792 1046 7 7 35
475 1051 8 10 21
527 1051 5 2 10
645 1050 6 1 6
682 1050 5 8 32
615 1052 12 3 24
701 1053 15 10 66
1779 1053 9 9 60
1177 1055 10 11 36
1711 1055 13 5 30
631 1056 2 4 8
1019 1057 7 13 25
1109 1056 3 5 9
1312 1058 9 10 29
1729 1059 3 3 6
94 1060 8 6 17
552 1061 5 5 20
921 1061 12 9 36
1204 1060 13 8 42
1240 1060 3 5 6
71 1063 3 12 14
1155 1063 6 5 10
1052 1065 7 3 20
805 1067 8 7 36
1165 1068 5 8 12
768 1071 6 3 13
547 1077 4 5 14
1122 1076 2 11 13
197 1078 3 2 6
593 1078 5 8 24
754 1078 8 16 44
1092 1078 2 5 10
1701 1081 4 2 6
296 1083 7 3 11
1289 1082 3 3 7
543 1085 3 4 9
574 1084 6 12 49
381 1086 4 5 7
466 1087 2 4 7
1247 1086 2 4 6
1572 1086 7 13 54
317 1090 4 5 13
908 1093 8 8 38
1632 1092 5 4 8
516 1095 3 3 6
827 1094 6 1 6
527 1099 3 8 12
634 1104 6 7 12
321 1107 6 6 24
517 1107 4 9 22
362 1109 5 3 12
1373 1109 11 6 28
383 1111 4 3 7
689 1110 9 13 93
910 1111 3 5 6
1178 1111 2 5 7
117 1112 4 3 8
597 1113 6 7 27
1108 1112 5 7 11
1773 1112 4 5 17
8 1115 7 8 26
540 1114 7 8 19
1236 1115 7 10 23
1550 1115 10 8 21
255 1117 4 4 12
564 1117 10 9 37
1172 1117 6 2 7
734 1118 17 9 50
1098 1119 9 11 25
100 1121 4 3 7
471 1121 8 14 43
1121 1120 8 7 36
664 1123 9 6 16
707 1125 6 5 19
257 1127 10 10 48
1289 1127 5 5 16
1074 1128 3 3 8
1220 1129 10 2 11
802 1130 3 7 9
994 1132 6 5 10
1408 1133 4 6 12
188 1135 8 7 26
291 1135 8 5 16
564 1135 8 5 22
615 1137 7 6 26
713 1137 2 4 6
1449 1137 9 6 17
582 1138 5 6 19
740 1141 3 4 9
886 1140 5 7 11
473 1143 19 6 31
1382 1142 17 11 50
721 1144 4 11 26
920 1145 6 4 17
799 1146 6 2 8
1215 1146 13 4 20
561 1149 9 7 41
906 1148 5 4 8
1004 1148 5 13 17
683 1150 4 4 14
1166 1153 2 7 11
1454 1152 6 9 26
42 1155 5 3 12
371 1155 2 3 6
819 1155 13 17 73
1051 1155 4 2 6
1153 1155 1 8 8
1722 1155 5 5 21
412 1157 9 5 13
954 1156 3 4 6
1086 1157 8 3 10
1103 1156 4 10 16
1328 1156 3 3 6
500 1158 9 7 47
782 1163 4 3 10
914 1162 13 17 45
1608 1162 3 11 22
1739 1163 4 4 8
85 1164 15 9 53
1204 1165 8 4 13
1293 1165 8 10 17
1487 1165 4 5 14
846 1166 3 3 9
897 1167 5 4 16
1116 1166 5 6 15
977 1171 11 5 16
478 1172 3 3 7
655 1176 8 10 40
237 1178 12 7 37
274 1179 3 5 14
1270 1180 5 8 12
578 1182 6 7 21
760 1182 2 6 9
965 1182 8 1 8
547 1184 9 14 41
43 1191 5 7 21
57 1190 3 4 6
811 1190 5 4 20
154 1193 11 9 51
1004 1193 7 4 19
1591 1192 3 3 6
561 1195 7 8 27
816 1195 13 3 29
536 1196 2 5 6
637 1200 3 6 8
348 1205 4 4 15
462 1204 7 14 62
572 1205 13 17 93
848 1204 11 24 83
303 1208 3 3 6
714 1209 7 8 29
871 1210 6 3 8
967 1210 11 6 41
297 1213 6 7 17
588 1213 11 6 42
736 1213 16 15 35
424 1214 1 7 7
400 1216 8 7 29
982 1216 5 12 16
1318 1217 1 11 11
1688 1217 5 3 12
916 1218 6 3 8
450 1220 13 8 54
950 1221 9 7 41
1822 1220 6 3 13
285 1223 2 5 8
499 1223 4 5 20
1830 1223 2 5 10
543 1224 9 4 24
643 1225 2 3 6
1349 1225 8 3 17
