0 0 1840 1228 2102785
50 0 20 31 458
469 0 21 19 295
503 0 12 8 80
541 0 12 13 124
565 0 8 10 61
602 0 15 23 257
748 0 9 7 48
974 0 12 19 122
1028 0 6 12 66
1108 0 6 7 37
1132 0 27 59 1140
1214 0 18 37 519
1472 0 7 1 7
1776 0 46 27 930
793 11 7 16 90
1283 14 15 34 355
1065 18 14 3 30
1096 22 28 33 575
988 27 4 6 18
216 32 20 25 347
1313 38 7 5 28
1170 48 11 22 184
804 50 7 10 53
1116 52 9 30 171
1286 57 4 2 7
1028 58 5 17 65
432 61 14 28 274
778 61 7 9 37
841 61 9 25 200
1013 67 4 6 18
963 68 6 14 64
676 70 7 11 54
1090 74 5 7 21
1171 78 27 34 672
743 83 7 14 75
63 86 25 30 557
935 88 7 8 48
529 91 74 102 3782
945 91 21 23 230
1015 91 18 17 135
1837 94 3 16 38
1442 98 27 52 906
917 102 4 6 18
1154 103 11 21 141
902 105 4 6 16
1044 104 6 9 38
737 106 4 6 15
1316 111 21 25 334
435 112 12 19 170
1774 113 66 87 3193
1665 116 118 143 5875
959 118 18 41 436
1085 119 36 74 1206
1033 120 5 8 32
712 125 9 23 163
1497 127 43 67 1991
791 130 6 9 42
1637 131 21 32 473
83 133 8 7 27
839 135 6 7 32
432 142 14 73 736
768 147 6 9 41
1009 153 9 15 105
100 154 29 55 997
1140 154 54 136 2704
671 159 20 45 730
930 165 22 41 388
750 168 12 12 105
815 168 3 4 10
278 171 23 39 562
898 170 5 11 37
1040 175 7 8 21
1418 176 36 60 1196
727 180 5 5 16
1645 183 11 12 94
520 186 19 46 578
600 193 20 50 690
1032 193 3 8 14
1446 194 38 63 1355
44 196 11 9 71
1227 201 15 30 317
573 204 10 15 105
1834 205 6 1 6
703 210 7 8 42
661 212 7 8 44
1753 219 37 54 1243
1055 220 7 6 30
1598 220 21 27 376
984 225 20 37 387
909 227 18 40 348
1212 230 10 15 109
1292 233 21 43 495
1530 234 19 27 363
673 236 8 8 42
1099 238 4 6 16
1245 241 9 15 104
632 245 21 51 814
953 247 4 7 22
1017 246 4 5 16
541 249 15 29 315
1111 248 8 7 39
67 251 27 36 682
706 251 5 7 20
1029 251 9 4 25
739 253 21 57 885
315 256 21 39 592
237 258 39 117 2410
1039 258 4 6 21
208 261 19 25 323
941 261 6 15 68
876 262 17 9 51
1122 262 21 24 277
420 265 11 15 83
999 265 3 4 9
564 266 8 8 49
960 269 4 11 33
1053 268 5 12 48
1015 270 13 7 41
911 272 12 12 34
812 274 12 29 158
294 276 15 20 179
836 276 5 8 26
511 284 26 125 1676
580 284 15 11 68
1075 284 27 95 1257
225 287 2 5 10
935 286 4 5 14
1233 289 13 16 141
1349 288 25 59 892
844 292 2 4 8
965 292 35 53 818
1483 293 8 11 54
154 295 24 30 471
1599 299 50 60 1327
1218 305 7 8 41
557 306 12 22 188
653 310 7 8 42
721 311 7 8 44
836 313 6 7 28
1109 317 8 11 70
1028 319 3 5 6
1786 319 37 42 977
1017 329 9 7 40
1261 333 19 40 448
768 334 13 25 179
1242 334 4 2 7
394 341 11 13 68
454 346 18 29 356
1646 349 26 40 558
82 350 18 13 116
1539 350 10 9 25
1053 353 8 10 49
1459 357 9 10 63
1014 358 4 3 9
609 363 9 10 67
423 365 8 13 61
869 367 5 6 14
795 368 5 15 43
935 368 3 6 13
1325 368 32 73 1466
883 375 10 17 107
63 377 3 8 10
1720 381 33 45 531
739 383 9 23 132
162 387 18 22 296
988 387 27 54 839
7 388 24 27 422
819 388 13 17 172
342 391 24 36 457
1128 391 15 32 375
67 393 13 14 87
552 392 24 48 451
712 392 3 4 12
724 392 4 4 8
939 392 7 7 25
1027 393 39 84 1052
384 394 7 14 35
1529 394 16 27 233
704 397 5 19 89
1609 397 16 27 246
871 399 12 18 154
792 405 27 36 252
1679 405 36 27 432
1767 404 50 32 775
850 406 7 10 37
1069 406 3 5 12
968 408 3 7 20
755 414 7 10 51
1072 416 3 3 6
1587 419 4 3 11
528 420 9 1 9
495 423 17 25 294
661 424 15 34 299
823 425 5 4 17
885 426 16 23 217
108 429 19 22 303
242 429 16 17 204
364 428 11 10 73
831 432 3 5 13
968 434 3 6 16
1167 437 12 16 101
1373 439 3 2 6
1010 441 3 3 6
1497 441 4 3 8
1667 441 13 17 121
435 443 14 16 121
1074 443 42 113 2527
1530 442 33 47 757
830 444 9 5 34
1713 445 22 21 313
1257 451 31 55 920
917 453 3 3 8
982 456 31 70 720
1686 457 17 17 189
847 461 4 5 19
514 462 16 23 239
603 463 8 12 70
540 465 8 7 29
1183 465 6 6 15
180 467 14 13 104
868 467 5 6 24
284 468 10 10 67
1227 468 22 29 352
69 474 4 3 7
812 476 3 6 12
1568 481 76 73 2106
693 485 5 11 40
707 487 22 25 231
969 489 2 5 7
1059 490 7 17 69
537 492 10 11 68
578 492 15 42 426
447 509 11 6 25
275 511 20 28 373
405 511 9 12 54
839 510 7 15 57
1007 510 28 40 558
146 514 19 21 285
1715 515 2 6 8
1779 515 26 29 441
877 518 6 9 44
1644 520 17 16 183
352 525 31 51 934
421 525 13 24 159
1226 524 24 34 465
251 526 19 34 353
497 527 12 15 127
678 526 3 4 8
793 526 21 22 286
961 530 5 10 32
1140 531 3 3 6
304 534 11 9 67
841 534 4 6 21
696 537 13 6 25
1331 536 4 3 6
1674 538 25 35 508
1485 540 15 15 141
549 543 9 12 71
992 542 2 4 7
1185 542 3 4 9
1792 544 35 42 952
317 546 42 50 945
1083 547 3 5 11
591 550 5 7 25
671 552 5 9 32
170 556 9 13 58
490 556 11 12 115
1642 557 9 12 59
1419 559 51 123 2297
533 561 9 12 97
782 560 65 43 989
1160 561 4 3 7
742 563 4 5 14
874 563 21 39 199
1065 565 5 15 48
1575 564 20 14 172
851 567 9 37 146
981 566 27 22 238
1716 566 21 14 110
1602 572 13 9 74
544 574 11 26 221
944 576 3 4 9
1165 577 4 8 17
756 578 19 31 255
1053 581 10 12 58
1500 582 12 15 115
1660 587 32 28 309
286 588 9 16 86
693 589 5 4 12
905 589 2 7 13
1012 589 7 7 43
1353 589 3 4 9
1178 591 6 4 12
722 594 12 10 25
869 594 7 9 15
1161 596 6 9 41
715 598 2 7 8
1715 598 22 34 491
310 600 20 30 318
488 600 12 21 187
1393 606 7 5 17
760 609 3 3 9
959 609 7 10 50
526 611 12 14 119
821 611 4 6 18
420 612 7 5 26
551 612 8 11 64
914 612 2 9 17
1111 612 6 8 41
1124 615 24 37 456
624 619 426 311 32422
1287 622 27 47 736
208 627 17 18 142
1748 626 36 42 616
492 630 14 62 513
671 630 11 15 122
991 630 10 10 26
1597 631 11 14 99
1085 637 10 14 73
1177 636 5 10 35
977 640 2 5 9
1478 644 5 4 10
1332 646 20 28 285
1605 647 12 11 103
888 648 5 9 38
1506 649 12 19 156
1065 654 15 47 321
619 657 13 22 192
1646 656 14 11 96
269 658 11 6 34
1033 659 7 8 30
1657 660 46 54 668
1048 663 4 3 6
533 667 9 14 68
869 670 4 5 17
907 672 2 4 6
548 675 7 9 47
425 677 11 11 97
813 678 3 3 8
700 681 4 6 16
742 680 4 7 23
1802 683 38 42 897
69 685 15 13 125
277 684 12 12 86
652 684 6 4 15
1278 685 15 12 82
402 686 12 12 97
843 688 4 12 26
1038 688 3 4 6
1086 689 5 5 18
730 690 3 4 7
819 694 5 8 25
1493 694 7 7 25
1523 695 29 44 704
716 698 4 3 9
1586 699 5 6 18
738 702 3 3 7
827 705 4 7 22
504 706 12 28 204
973 706 3 5 10
1140 709 6 5 22
850 711 4 2 6
1284 715 27 43 738
240 716 14 33 316
444 717 9 26 130
900 716 5 5 21
561 718 9 12 97
82 720 8 8 47
1333 720 13 6 34
420 722 5 3 9
887 724 5 5 24
1488 724 9 10 53
1035 727 3 6 9
1101 729 5 2 6
550 730 8 9 57
858 731 2 4 8
874 730 5 5 20
1587 730 16 17 199
1794 730 9 9 48
906 732 5 6 25
1172 737 20 25 213
1228 736 12 21 143
1542 740 24 19 209
1372 744 5 2 6
1401 746 4 3 6
1466 746 9 10 67
770 748 3 4 9
1074 753 2 10 16
1102 757 16 27 286
1493 756 24 28 461
29 760 4 8 29
423 760 7 6 36
1392 761 12 4 31
1576 761 11 13 70
516 762 10 27 185
1599 763 16 30 365
1052 768 3 4 8
1408 768 5 4 14
1759 769 23 15 180
1713 773 22 15 183
310 775 15 19 188
365 775 12 14 103
410 776 7 7 32
1088 777 4 3 10
1382 776 12 14 123
1148 778 4 2 7
484 781 15 6 26
533 783 10 19 93
1169 782 5 4 17
417 785 7 8 53
378 786 16 17 126
433 787 10 13 105
852 789 4 5 14
1209 788 5 3 11
142 791 13 9 63
1727 790 41 42 608
553 792 11 20 150
883 793 3 3 8
1614 793 21 21 222
580 794 11 15 102
443 803 6 4 20
1371 804 25 27 234
266 806 14 23 204
842 806 3 4 11
1488 807 8 8 39
1092 809 4 4 10
1260 808 19 21 192
41 813 5 5 14
1169 812 48 40 740
370 815 6 7 28
1682 815 24 27 436
1139 821 4 2 7
1509 822 44 36 657
831 825 4 10 16
1344 827 10 4 15
1101 828 5 3 11
1598 830 14 18 111
1621 832 10 9 59
220 835 17 21 206
1244 835 7 5 24
1484 835 22 41 405
511 837 12 42 324
560 837 8 8 46
455 838 9 10 72
588 840 7 7 37
1302 840 4 10 16
69 842 5 4 14
1097 847 6 6 22
1043 848 9 22 115
1741 850 6 5 14
1683 855 16 15 160
1021 856 8 9 45
1168 857 7 6 22
1196 858 19 32 298
1349 859 7 9 47
1521 859 9 7 42
1610 858 20 35 360
1132 860 3 4 7
168 863 14 14 124
1278 862 18 24 277
1070 866 9 9 32
1359 869 5 3 10
565 871 7 8 37
1673 873 10 7 41
155 874 3 4 9
1398 875 18 18 170
1344 879 4 3 10
1486 881 4 3 10
55 883 8 13 50
394 882 12 21 199
1102 887 6 18 39
1135 890 11 15 126
1700 891 22 17 222
1425 896 17 23 283
1590 901 11 5 17
561 906 13 21 134
1167 907 14 24 193
1336 907 19 44 438
1623 906 7 8 30
412 909 8 8 47
921 911 16 13 84
701 914 5 6 23
1394 915 7 8 41
1558 917 10 14 77
1134 925 22 17 127
1303 924 16 19 213
296 926 3 3 6
608 928 9 11 54
944 928 10 20 161
469 934 12 5 31
705 935 4 3 6
921 936 12 21 56
854 938 3 5 11
1636 939 27 30 414
462 945 6 6 31
1037 944 5 8 33
1714 944 13 16 113
370 947 5 7 21
1378 947 19 30 334
1598 947 11 26 137
772 952 3 3 7
507 954 9 11 69
1186 954 12 32 191
102 957 7 5 20
319 959 4 4 7
847 961 9 5 15
1131 963 8 10 59
1463 963 5 4 11
259 965 8 5 16
770 965 2 3 6
403 966 3 3 6
1212 968 6 4 18
1415 974 6 7 30
31 978 3 3 9
402 981 7 9 44
1105 984 7 12 66
910 987 5 14 39
1313 986 6 7 32
1455 991 14 21 179
1663 991 6 3 12
1379 992 5 10 31
1414 995 14 19 99
961 997 5 6 16
523 999 20 13 139
1491 999 7 6 22
1035 1001 14 12 64
1521 1003 21 39 312
707 1004 4 5 15
1633 1004 22 11 110
1171 1007 6 6 35
616 1008 8 8 35
667 1008 5 5 15
903 1012 8 12 77
1183 1013 12 13 86
867 1017 10 16 91
1113 1017 8 19 90
518 1019 11 21 104
242 1020 8 3 15
1275 1020 6 2 7
212 1025 9 8 29
939 1027 11 13 115
1432 1027 9 10 56
1329 1029 4 7 23
1492 1029 7 4 20
1396 1030 15 10 126
32 1032 4 2 6
964 1033 25 18 197
923 1034 4 7 20
563 1038 4 3 10
1145 1039 7 12 72
1358 1038 2 10 11
1180 1041 10 25 102
611 1044 7 11 40
246 1046 16 11 60
94 1049 5 3 11
540 1050 5 6 22
713 1053 6 8 33
1096 1053 4 6 19
564 1054 9 9 57
1465 1055 8 7 33
125 1056 11 3 14
965 1059 5 7 26
401 1062 7 8 41
1326 1064 7 12 52
1624 1069 10 11 76
89 1070 16 12 63
684 1074 17 10 93
935 1076 7 20 99
1281 1077 14 20 211
1309 1076 12 16 138
360 1085 3 3 6
1020 1086 6 10 42
964 1090 7 8 49
1505 1090 8 13 63
1542 1090 25 17 160
1351 1092 17 19 117
594 1095 5 5 15
1183 1095 3 3 6
660 1099 4 3 7
955 1099 7 11 58
297 1101 6 13 35
1157 1105 6 4 17
1608 1104 16 15 148
1077 1109 7 2 7
916 1111 11 10 52
1548 1116 9 9 57
406 1121 5 4 13
1106 1122 9 18 95
1403 1127 3 3 7
1414 1130 7 6 27
314 1132 4 4 13
476 1134 5 5 14
739 1135 3 5 13
1472 1141 11 10 87
44 1144 3 3 7
647 1145 6 12 31
25 1149 4 2 6
768 1151 11 7 29
1338 1151 3 4 10
941 1152 8 12 81
537 1154 2 5 6
910 1156 6 5 18
1130 1157 5 8 25
511 1160 12 16 145
1210 1163 4 2 6
9 1167 3 3 6
854 1166 8 15 32
1087 1166 8 10 36
172 1169 4 4 7
1522 1168 4 3 7
1342 1174 3 3 8
1044 1183 5 5 17
163 1188 6 6 29
331 1188 3 4 6
531 1188 9 18 99
675 1191 3 3 7
975 1191 3 5 9
952 1193 8 3 10
346 1197 4 5 11
872 1208 9 3 11
410 1213 6 3 12
1584 1213 16 6 34
585 1220 4 3 9
603 1221 5 7 30
1091 1224 4 4 14
1313 1225 6 3 14
45 1226 3 2 6
