0 0 1840 1228 2087832
459 0 18 42 488
537 0 13 31 227
620 0 16 44 465
682 0 4 2 8
812 0 22 39 454
926 0 20 33 234
958 0 18 14 162
1071 0 88 193 6055
1172 0 19 37 375
1324 0 4 3 11
1353 0 29 36 560
1386 0 8 9 56
1405 0 7 9 55
1431 0 7 7 42
1517 0 23 22 368
1621 0 25 24 424
1646 0 67 124 3463
1716 0 94 153 7100
680 6 23 31 350
715 13 3 8 21
1476 12 6 5 21
853 17 41 81 1730
1294 19 10 15 99
1266 20 9 15 78
567 24 13 41 393
992 25 16 32 323
409 27 13 26 256
120 28 14 24 248
1018 31 7 13 66
497 33 9 23 145
547 33 4 5 11
372 39 10 13 98
595 38 16 54 406
522 41 9 15 104
1282 45 3 3 7
1406 44 32 34 637
953 49 9 15 109
791 54 9 19 116
394 57 12 9 64
736 56 13 29 276
937 57 6 7 33
1284 57 15 46 323
480 73 5 2 7
537 75 14 51 333
1334 74 36 62 812
1461 74 8 10 50
455 77 6 7 26
695 77 22 35 425
224 79 17 32 389
1214 79 7 11 48
422 81 14 25 255
1381 85 7 14 69
1238 87 4 4 13
1604 87 26 27 428
0 88 9 25 60
570 89 9 14 91
492 91 7 13 68
1428 94 16 22 189
443 101 12 24 218
725 102 8 14 90
1476 102 4 4 12
852 106 10 20 147
1028 106 8 16 93
1199 107 4 6 17
1519 106 24 32 552
1682 106 27 33 637
1229 108 88 127 5623
1821 111 19 52 712
736 117 21 50 647
611 118 9 15 102
759 118 35 57 1221
48 120 23 32 525
1448 121 5 6 20
12 123 3 7 9
890 127 4 8 21
15 131 10 27 37
1379 131 11 17 129
1005 136 15 33 325
1175 144 7 11 49
133 147 14 15 173
529 146 8 18 125
506 151 9 17 111
1035 151 9 22 113
1193 150 7 9 38
886 152 4 6 15
1313 152 49 71 1357
424 154 18 38 527
1639 158 6 3 10
931 161 16 42 416
1044 162 38 56 951
538 164 4 5 15
120 170 18 54 399
536 182 19 32 209
488 187 20 11 64
705 186 3 5 13
912 188 5 5 21
996 191 9 17 104
1418 193 12 9 71
239 201 8 7 39
511 202 19 11 152
1209 203 5 4 17
1072 205 33 63 1050
784 209 6 8 36
650 215 41 54 1310
554 219 8 11 65
703 221 9 14 96
1365 221 22 18 235
1194 222 17 13 80
83 231 22 25 353
1031 231 4 4 10
1398 230 42 105 2342
315 233 15 19 195
1665 234 36 50 945
543 237 33 38 478
1031 241 38 79 1242
1229 240 9 14 84
1456 243 14 15 151
241 244 13 20 204
835 245 5 6 27
729 246 52 89 2284
1031 247 5 8 31
1180 246 6 6 27
1208 247 12 15 104
124 254 70 21 610
880 258 13 22 200
939 258 9 20 125
327 261 11 17 129
1022 262 4 5 16
1326 263 4 3 10
1338 262 29 25 448
797 264 8 17 97
835 269 5 8 29
1491 269 35 51 1235
1015 275 7 9 49
1176 278 14 2 28
336 283 10 13 101
1305 282 4 4 13
831 284 6 17 73
945 285 22 18 274
1100 284 8 11 68
1255 287 26 40 722
490 289 7 9 46
977 289 31 72 1509
1543 291 12 7 61
1289 293 22 25 340
1027 296 6 8 33
521 299 18 41 342
1660 298 39 31 889
502 304 10 15 109
904 307 9 10 66
698 309 10 17 124
1317 309 5 5 20
1231 311 8 12 65
1185 312 23 53 727
1379 313 3 4 8
209 319 11 9 76
441 318 3 5 13
829 320 13 20 94
1463 322 26 46 778
1725 326 46 47 1204
762 329 19 38 541
1825 332 15 37 489
1021 334 5 16 41
1145 334 4 6 18
710 336 9 19 132
1229 337 10 18 113
379 341 23 15 178
492 341 35 22 303
1038 340 5 5 22
1333 344 14 21 104
1499 344 59 71 2030
1053 347 14 12 73
344 351 6 9 34
1278 350 5 7 23
877 353 2 3 6
1295 354 3 3 7
1313 354 3 2 6
803 356 23 48 476
96 360 2 3 6
84 363 12 15 91
904 363 22 19 165
959 370 13 25 231
992 373 6 14 43
548 376 7 9 49
1175 376 9 16 92
1590 377 50 77 2189
724 379 42 48 1029
1030 379 5 6 25
1060 379 15 29 317
710 380 6 11 57
1316 385 27 43 653
1124 388 14 19 125
703 391 6 6 29
1228 394 6 4 18
443 399 6 7 36
781 402 6 9 37
880 403 4 5 15
565 405 5 5 18
847 404 4 8 28
492 409 34 52 664
391 415 6 13 58
857 414 7 9 44
1095 416 7 8 40
556 418 8 12 77
1128 419 4 3 7
910 420 3 3 7
1148 420 18 31 355
1649 420 8 4 16
1028 422 14 22 175
692 424 10 14 97
1730 424 11 7 49
960 427 11 17 131
1287 426 10 8 66
1200 429 51 97 1759
808 430 5 6 24
846 432 21 36 361
1356 433 33 43 891
100 437 8 7 40
461 439 4 4 12
576 440 6 7 38
1241 443 4 4 13
718 444 15 38 395
744 444 13 25 256
1043 447 6 10 38
814 449 11 17 131
1012 449 5 7 30
1434 448 24 38 576
531 450 7 7 37
1747 450 11 15 105
991 453 3 4 9
1335 454 6 16 58
1019 456 5 9 37
1701 456 7 7 36
477 465 6 7 38
569 466 4 2 6
688 467 14 29 288
831 470 9 26 176
762 473 25 40 632
1290 475 4 2 8
946 476 17 30 343
511 479 8 16 86
590 478 6 8 40
1002 482 5 7 21
1033 483 26 32 299
1484 484 38 66 1411
365 486 21 14 99
1649 486 36 53 1225
1021 489 5 10 40
918 493 19 43 513
1333 496 4 8 13
1281 499 4 6 21
1309 500 4 3 11
51 503 14 22 237
1103 503 4 5 13
345 504 3 4 8
1126 507 6 2 8
838 508 16 15 138
470 512 11 11 97
800 512 4 4 10
316 515 10 10 59
1146 514 18 21 205
523 520 4 4 9
1270 521 6 15 38
952 522 22 49 535
983 524 11 12 87
823 527 5 9 35
1044 529 4 6 19
1256 529 5 7 25
1022 530 4 7 20
1199 537 4 6 19
1676 538 13 12 128
375 544 7 6 32
1040 544 4 9 18
1557 545 25 46 764
535 547 7 13 75
708 547 27 24 217
795 547 10 17 105
1340 552 23 45 621
149 554 11 12 84
1439 556 26 36 640
1153 558 7 7 29
1094 560 3 5 12
1167 561 40 70 1201
1331 560 3 3 7
643 562 30 16 267
1073 565 18 27 255
197 569 9 9 60
391 568 6 7 22
984 569 18 11 134
1688 569 3 4 6
1171 579 3 3 7
1093 581 6 8 32
1589 583 21 20 286
915 586 6 10 34
1486 586 24 39 646
473 588 7 6 24
1243 588 29 58 884
806 591 24 20 246
626 593 15 23 255
735 594 5 6 20
962 594 17 17 126
133 596 4 3 9
586 597 6 8 33
1220 596 5 6 26
706 600 17 14 108
499 602 30 15 189
472 605 4 4 9
652 605 11 16 144
858 607 3 3 7
1106 607 4 6 16
1390 611 23 49 699
385 614 16 14 79
1088 619 4 4 10
1748 618 27 24 382
770 621 5 6 17
1649 620 10 9 65
734 623 8 11 69
794 624 6 13 63
988 627 9 14 91
1118 626 8 22 115
1276 627 25 42 589
1534 627 17 16 209
459 629 21 20 176
1212 628 3 5 14
952 630 8 23 94
439 636 4 2 7
544 638 5 7 21
704 640 14 27 228
497 645 5 4 12
1213 648 32 55 993
1321 648 18 25 284
1089 652 4 5 13
1752 652 7 4 15
1052 657 32 44 618
1151 657 8 8 52
975 660 7 10 58
948 662 5 6 23
1431 665 15 16 173
784 667 11 11 71
1621 667 34 30 734
1592 668 9 10 71
1108 670 3 5 13
1499 671 4 2 8
1262 673 4 3 8
1785 672 47 57 1555
807 675 15 28 188
1489 675 7 14 48
685 677 19 21 303
753 676 5 8 37
1208 680 3 3 8
966 683 5 5 15
548 684 2 5 6
762 685 3 3 7
486 687 5 6 23
1176 686 5 7 30
631 691 12 29 284
894 690 53 61 734
740 692 4 6 17
664 695 4 2 7
1400 696 30 79 1506
727 699 4 4 9
408 700 7 8 28
847 700 5 8 34
1191 703 6 5 18
520 707 8 11 64
1061 706 12 26 207
1137 706 3 3 7
1273 706 40 57 1063
538 708 4 4 12
895 715 7 7 39
996 715 7 11 33
1242 715 3 2 6
761 718 8 17 47
1148 718 8 2 15
1188 719 49 115 1981
1249 727 13 20 190
1541 734 29 64 1235
549 736 4 3 7
581 736 7 11 47
936 737 11 13 75
1833 736 7 20 100
1436 738 26 32 606
1147 741 10 10 47
1644 741 56 59 1243
843 743 7 13 56
976 743 9 6 19
1063 742 5 10 34
688 748 7 11 43
744 751 4 6 19
767 751 4 8 26
1122 750 6 7 24
1239 753 11 13 107
1221 755 9 8 53
474 758 8 7 29
195 761 7 6 27
821 761 6 6 23
856 762 4 6 17
1113 762 5 11 16
404 764 7 10 48
874 765 78 73 1952
340 767 3 3 7
663 766 6 8 34
624 768 12 18 147
1265 771 15 20 228
483 773 5 8 38
753 773 6 15 33
1767 774 34 31 723
1239 781 3 5 13
337 783 4 3 7
995 782 19 48 435
1451 785 4 3 9
844 787 8 21 62
642 790 12 32 222
1310 791 20 38 462
494 793 13 10 44
575 795 7 9 39
1107 802 56 84 1361
1497 803 44 36 763
464 805 5 4 12
745 804 13 28 245
1176 808 3 4 10
450 813 6 7 29
660 812 12 18 143
1194 813 3 4 8
816 815 6 11 50
955 817 4 4 12
480 824 4 5 12
1046 825 4 5 14
241 827 7 6 22
381 827 7 8 41
557 827 15 18 176
1094 826 3 5 11
165 833 11 12 91
514 832 4 4 7
1126 833 3 3 8
1534 833 17 15 163
736 834 4 3 8
1289 835 6 3 12
537 841 5 8 31
1217 841 3 4 10
1320 842 13 28 189
477 846 4 5 10
1009 848 3 4 10
529 850 3 4 9
781 850 5 9 30
1076 850 4 6 17
1675 857 25 34 469
1002 858 16 39 336
1064 858 16 37 343
603 860 10 11 65
1151 861 20 26 288
451 865 7 3 12
1826 865 8 2 9
1524 867 4 3 8
1297 868 13 17 134
926 871 2 4 7
504 872 3 3 8
479 874 3 2 6
751 874 14 22 153
951 877 18 23 198
629 878 4 6 17
731 878 3 3 9
1620 879 20 18 202
870 880 3 3 7
920 887 9 18 65
1107 887 3 6 10
385 889 3 9 11
872 888 30 21 288
1126 896 9 10 29
1160 899 10 24 134
81 901 8 6 36
789 905 2 3 6
1218 906 4 5 11
1316 907 28 32 592
56 908 11 7 53
1610 909 17 7 36
708 911 418 264 33177
1183 911 3 3 7
396 914 3 3 6
1284 915 22 46 599
1530 914 22 27 374
604 917 8 10 50
978 918 4 10 24
1230 918 12 18 156
467 920 12 5 21
757 920 3 3 6
690 922 3 4 12
1161 924 22 20 197
688 932 2 11 12
1207 932 4 10 20
1495 933 35 30 455
1120 935 10 20 144
594 937 9 11 65
909 939 5 13 40
1686 940 20 20 233
444 942 13 18 179
502 943 6 4 14
1369 945 18 26 350
55 946 7 10 40
556 948 7 6 29
862 953 4 5 15
718 955 4 7 22
922 958 3 3 8
1248 959 7 5 26
548 960 6 8 24
1607 961 31 36 805
331 964 6 8 38
641 968 9 15 91
1218 968 16 15 98
1421 968 20 29 405
1542 970 19 18 211
127 977 8 8 46
854 976 5 4 12
1063 978 3 3 8
1167 979 27 27 220
1206 978 3 5 7
574 986 36 27 321
482 988 3 2 6
847 989 9 15 94
940 990 5 5 19
1515 993 9 7 40
538 999 5 3 9
361 1001 3 3 9
1221 1001 4 3 6
655 1003 3 3 6
1633 1006 19 18 222
828 1014 3 6 13
1207 1014 3 5 7
1288 1018 5 2 8
519 1022 14 10 72
1175 1026 3 3 7
1259 1031 13 13 86
375 1037 4 6 13
1222 1037 3 3 7
470 1038 6 11 48
823 1038 2 5 8
618 1040 4 4 7
856 1040 3 6 13
1508 1040 17 13 125
1281 1042 4 4 11
1547 1046 5 5 15
1324 1052 6 4 16
544 1055 21 18 227
1290 1055 21 60 569
1362 1055 16 22 226
419 1061 3 4 7
986 1076 11 3 15
1247 1084 4 2 6
563 1087 5 8 35
1395 1086 7 3 14
623 1094 5 5 13
450 1101 3 3 6
1348 1103 4 3 8
1554 1102 4 14 20
1364 1109 7 6 33
1201 1110 6 7 23
630 1114 4 9 27
428 1120 1 12 12
1309 1123 9 9 37
374 1124 3 3 7
454 1128 7 15 88
1171 1129 10 10 36
1279 1129 7 6 26
1429 1128 4 4 6
1685 1133 3 4 9
1310 1139 4 3 7
1273 1144 13 10 86
738 1148 2 4 6
115 1155 3 3 6
1495 1160 6 2 11
391 1162 4 4 8
416 1163 4 12 15
766 1165 4 6 13
453 1166 4 4 9
1414 1169 9 4 25
1478 1170 4 4 13
1310 1173 6 11 30
479 1174 2 3 6
472 1178 3 3 7
187 1184 3 3 6
834 1184 2 9 10
1173 1197 2 5 6
1545 1196 15 14 113
849 1198 3 4 8
1474 1200 18 28 326
701 1203 2 4 7
983 1203 2 4 7
1360 1203 11 6 36
1622 1203 5 3 9
1524 1205 9 4 14
1520 1211 4 7 17
106 1213 3 3 7
307 1222 8 6 17
1583 1222 2 6 11
1071 1224 10 4 31
