0 0 1840 1228 2190104
486 0 29 26 404
533 0 6 16 67
645 0 2 4 8
674 0 12 11 43
734 0 26 7 101
776 0 16 11 63
815 0 4 4 16
862 0 12 5 47
865 0 43 83 961
983 0 3 2 6
1152 0 19 34 231
1213 0 14 25 236
1268 0 37 42 777
1325 0 24 26 400
1369 0 14 14 135
1233 5 25 49 460
918 7 3 8 14
297 13 10 13 89
715 13 9 7 22
692 15 10 19 60
958 17 7 1 7
554 18 15 61 297
921 19 34 38 341
1305 21 11 25 199
711 27 5 8 27
1086 29 17 21 220
304 31 14 24 197
490 32 16 22 117
1181 32 13 41 339
110 35 12 18 152
630 36 13 9 31
957 43 28 21 186
326 45 11 15 110
533 45 9 15 94
751 45 6 9 44
1151 45 9 33 219
708 47 4 8 11
724 47 1 9 9
1276 47 23 57 611
193 49 7 8 35
607 51 10 9 38
760 50 32 17 187
831 55 3 9 15
1230 54 4 3 8
802 59 23 53 246
695 61 18 26 187
654 62 23 26 141
741 69 8 11 46
759 68 5 4 11
844 69 10 28 177
926 73 5 7 24
161 79 6 3 16
780 79 20 32 274
1191 79 9 17 107
1107 80 13 14 116
494 83 32 33 323
639 83 12 7 37
615 87 8 23 61
676 87 4 3 6
544 88 6 15 64
1247 89 12 27 251
288 91 14 24 159
972 90 16 13 105
405 92 6 5 19
420 93 3 3 7
651 93 67 55 1348
1357 95 8 7 34
756 99 4 4 16
198 101 4 3 8
740 101 14 9 27
1141 102 42 45 531
837 105 12 6 26
765 106 7 1 7
444 111 10 16 109
923 111 15 15 91
1031 113 12 13 85
1400 112 18 17 133
1091 115 17 26 276
754 118 11 11 34
787 120 12 15 71
833 120 3 4 12
351 125 8 8 45
811 124 22 23 291
65 127 13 11 93
878 126 4 8 19
1233 126 3 4 8
502 128 4 15 38
1206 128 9 17 122
1320 135 30 80 722
1056 136 10 33 251
205 140 10 10 71
738 140 22 10 87
895 140 10 20 137
1150 140 42 96 1546
769 142 9 13 66
121 144 8 7 33
950 149 10 25 151
1248 151 9 13 86
517 153 5 5 18
711 155 7 4 22
824 158 7 12 61
1141 158 6 9 43
493 161 5 5 22
1285 161 12 34 301
1004 168 12 12 71
314 170 8 12 60
1380 170 4 2 8
671 172 7 2 8
1387 173 9 9 65
1087 176 5 13 53
139 179 14 34 169
810 178 6 12 63
560 180 10 12 83
1232 181 3 4 8
1245 181 17 25 256
709 183 2 5 8
693 185 3 7 17
939 184 5 5 21
286 186 9 8 38
974 189 2 7 12
359 190 10 18 129
232 194 13 17 152
601 199 6 5 17
951 201 18 23 154
710 202 7 2 9
919 203 7 12 66
1362 203 8 11 60
1106 205 5 6 17
516 206 2 5 10
569 207 5 5 21
414 209 8 8 41
719 209 3 3 8
519 214 9 24 126
349 217 18 22 145
503 216 4 6 9
803 216 3 7 18
832 216 16 21 185
877 219 3 5 13
890 218 3 5 10
967 220 3 7 16
1004 224 2 3 6
1070 224 8 17 91
132 228 12 13 109
202 228 28 23 190
565 228 11 27 116
900 232 15 16 132
1206 236 9 14 95
335 238 10 6 29
1146 239 15 28 208
692 240 4 8 26
943 240 5 3 13
485 243 5 8 31
1119 242 5 8 33
1386 244 7 10 40
1229 247 9 16 116
833 249 18 18 124
939 249 4 12 36
986 250 8 13 79
1175 258 7 16 95
1198 262 9 15 95
570 265 15 36 175
793 264 4 2 6
327 267 5 5 13
524 266 4 4 7
373 271 8 18 106
502 271 7 10 47
846 273 3 3 9
559 274 4 4 14
812 275 4 3 12
1421 276 8 10 61
518 279 30 45 376
831 278 4 2 7
1006 278 22 22 160
798 281 32 28 144
816 281 4 3 12
855 281 8 19 115
891 287 3 5 10
709 288 4 15 50
908 291 4 3 12
496 293 4 2 6
696 293 4 3 11
940 292 2 5 10
1134 293 7 11 58
883 299 33 34 585
381 300 13 17 144
758 301 2 16 17
805 300 41 53 749
1242 302 18 26 189
492 304 5 8 21
675 308 8 11 51
1333 310 7 10 58
771 321 9 9 17
1183 324 6 7 21
991 328 12 13 93
1104 329 6 12 62
514 333 7 6 27
728 332 9 23 103
407 336 3 2 6
1315 336 16 16 126
118 339 6 7 17
1213 338 7 8 44
412 342 19 18 234
297 347 8 12 68
567 347 19 21 208
994 350 3 3 7
167 352 6 2 9
757 352 14 39 150
782 353 2 3 6
826 354 3 3 8
1083 355 6 5 21
1307 354 7 12 67
463 357 7 1 7
865 357 37 34 433
904 356 9 6 26
806 358 20 11 99
863 359 3 9 27
1186 359 14 38 306
941 360 10 31 95
346 364 7 4 12
976 365 12 7 23
722 370 11 2 12
524 374 4 7 16
1113 375 25 24 209
623 377 10 3 17
1107 378 5 5 18
576 382 17 21 128
1088 384 5 6 18
1242 385 9 17 108
714 386 9 10 27
206 388 19 27 223
838 389 18 38 319
895 389 7 9 45
824 392 3 4 9
546 399 4 4 14
874 399 4 8 24
1078 398 18 30 193
1175 400 8 18 97
532 403 2 6 7
1200 403 7 13 45
1234 403 7 8 33
568 405 7 7 35
605 405 4 5 15
676 404 4 4 12
805 404 4 13 25
704 406 6 2 9
432 409 9 17 94
947 417 4 4 9
357 418 9 8 46
553 419 4 3 9
762 419 4 4 11
1224 418 21 9 91
449 420 2 5 8
401 423 3 3 7
524 423 4 3 8
1163 422 8 18 98
1548 422 3 5 6
1035 424 6 9 40
1072 425 6 10 46
614 427 6 6 19
797 427 9 11 59
899 426 6 4 11
842 428 2 6 8
1211 430 6 7 20
383 437 4 10 17
736 438 3 6 15
886 439 12 8 64
1222 443 13 21 106
685 444 5 9 32
212 446 6 1 6
1000 448 3 16 18
822 452 13 8 54
1086 453 5 6 22
259 454 6 7 21
540 454 14 15 95
979 458 6 8 33
495 465 7 1 7
729 464 2 5 8
1208 465 10 19 146
877 467 13 17 107
1169 471 6 8 36
1185 471 11 12 94
949 473 11 16 70
1108 472 5 16 43
469 475 6 6 29
151 479 4 2 8
521 479 4 4 8
1143 478 11 14 99
981 480 6 22 114
715 485 2 8 12
997 486 7 14 80
927 489 16 14 123
727 490 12 7 25
865 494 24 50 593
1334 497 5 6 18
1032 500 6 9 44
1260 501 5 5 22
691 503 5 7 22
414 507 8 8 42
764 507 9 8 32
1245 507 6 11 54
733 511 4 8 13
837 511 5 9 37
751 513 7 13 56
1147 512 3 4 9
1124 514 5 7 26
952 516 5 9 37
1102 516 5 6 19
449 518 8 12 69
615 519 3 4 10
687 520 12 8 31
992 520 2 6 10
551 524 4 12 27
940 524 4 11 25
381 526 3 4 10
639 527 3 4 11
1070 529 3 4 7
1800 528 23 11 86
1200 533 14 41 238
815 537 4 2 6
851 536 10 11 65
1014 537 5 8 30
1235 537 7 9 43
514 538 5 5 17
600 541 11 10 72
892 541 5 6 25
1134 542 10 7 33
1295 546 8 7 37
704 548 6 7 29
919 549 6 6 20
565 551 4 5 17
1120 551 4 4 12
857 553 22 26 425
753 554 6 12 48
1157 554 3 3 7
252 557 6 5 17
792 557 3 4 10
1172 560 5 6 22
571 563 15 11 26
891 563 5 11 53
1059 562 3 7 17
217 564 17 10 57
536 564 4 4 10
1135 564 5 13 54
1072 572 4 5 19
1159 576 3 4 6
647 580 4 4 12
629 583 4 7 11
561 585 4 4 11
999 584 2 3 6
1238 584 3 4 7
1198 588 6 8 28
642 590 3 7 9
420 594 6 4 13
1099 595 39 25 342
371 597 4 3 11
613 602 13 6 25
265 604 3 11 13
443 604 3 6 8
854 605 6 12 51
873 606 2 3 6
1308 606 4 5 13
222 608 6 4 18
799 608 4 10 26
1186 608 9 18 107
923 611 14 9 48
716 612 3 3 6
502 614 14 9 36
642 615 14 4 23
1233 614 5 7 22
731 616 3 5 10
294 619 3 3 8
306 619 5 3 11
789 619 3 4 8
459 622 3 3 6
614 622 395 299 27588
1101 622 12 19 60
426 627 9 18 52
592 626 12 9 43
528 628 11 1 11
890 631 3 3 7
1202 631 5 6 20
1291 631 3 4 7
248 633 8 8 37
310 632 10 1 10
1163 632 7 15 63
599 640 4 8 28
644 641 3 2 6
1069 642 3 5 9
280 644 6 6 15
566 645 8 11 35
636 645 3 10 27
648 644 6 10 38
718 644 7 3 17
858 644 2 3 6
1230 644 9 13 87
1122 647 4 5 15
754 652 4 6 23
1287 655 3 4 9
1327 656 4 3 8
689 659 33 55 348
868 658 3 6 17
1134 659 17 10 41
575 661 4 3 11
691 664 6 1 6
804 664 10 12 51
657 666 7 4 22
739 668 3 7 16
881 671 1 7 7
532 674 3 4 6
756 674 9 17 39
247 678 5 3 12
449 679 17 7 31
1126 679 20 25 143
895 680 14 24 94
1090 681 4 6 17
581 684 9 7 41
914 684 4 9 32
1112 686 5 4 17
1159 686 5 6 21
251 690 10 5 43
1108 690 3 4 11
886 693 3 4 12
1077 695 4 3 7
518 697 5 4 14
469 699 5 2 7
531 700 10 5 24
1226 702 6 11 50
458 705 8 13 54
811 705 4 11 18
1095 708 12 20 112
1200 709 4 8 27
852 712 4 6 18
715 714 10 6 21
650 717 3 8 11
742 717 25 30 169
1144 719 5 7 29
822 722 5 25 67
1161 724 4 5 18
1008 727 4 5 18
618 731 6 3 8
719 731 3 3 7
644 732 3 4 10
902 735 4 6 21
1364 735 6 6 15
1183 737 4 5 14
421 739 5 5 20
575 738 7 5 22
626 740 2 3 6
731 741 9 3 11
1065 740 6 13 42
1172 743 4 4 13
390 745 3 3 6
914 744 5 11 41
524 747 3 4 10
601 747 13 16 58
686 746 47 20 525
755 747 7 12 51
1083 747 4 5 14
877 751 3 4 10
1004 750 5 7 29
1265 753 5 5 17
1218 754 4 5 10
553 757 9 2 11
1041 756 3 5 9
433 758 4 2 6
1091 758 5 3 10
276 761 10 17 88
741 761 11 7 23
1179 763 3 2 6
368 765 4 3 6
469 765 4 3 8
531 768 3 5 8
879 769 11 8 19
1025 775 5 5 16
1147 775 14 23 233
468 778 6 18 58
1120 778 3 3 8
1107 781 3 7 16
1182 781 5 7 30
384 787 5 4 6
1192 787 16 6 42
168 789 5 3 8
765 790 11 7 37
883 790 4 7 23
1133 791 4 2 7
1164 799 4 4 15
748 801 4 3 9
272 802 5 5 19
1007 803 3 4 6
1095 802 2 3 6
1177 805 15 20 143
1212 805 3 3 9
431 807 5 3 7
216 810 3 3 8
1089 812 2 3 6
1098 815 8 3 11
1204 821 4 3 8
433 822 6 3 15
1231 828 6 4 16
1268 828 3 3 7
600 838 11 10 37
1263 841 2 4 7
1114 848 3 4 6
1180 849 5 6 23
407 851 7 11 30
1247 856 4 4 13
361 861 3 3 6
1261 863 3 4 10
1222 864 4 4 12
1062 867 11 7 35
1086 866 7 2 14
452 870 9 10 41
1139 874 23 12 108
1091 877 4 4 9
581 883 9 1 9
1104 884 3 6 13
989 887 4 3 9
1181 890 4 4 11
563 893 12 14 40
482 895 3 4 6
1245 894 3 4 9
264 899 5 9 38
999 898 6 11 32
1150 901 4 3 7
1193 903 5 7 24
1350 902 4 5 12
696 904 6 3 6
1129 908 3 2 6
992 914 2 8 9
698 916 6 1 6
864 919 3 4 11
320 921 5 3 11
343 920 5 4 8
530 921 3 3 7
1108 921 3 4 9
955 924 3 5 13
785 928 3 5 11
1155 930 14 5 37
336 949 4 5 17
1203 950 4 5 15
1029 953 7 6 21
845 954 2 4 7
780 958 2 3 6
791 959 2 9 12
998 961 2 3 6
340 963 8 7 21
857 962 3 5 13
1078 963 2 6 10
1169 964 4 5 16
845 974 4 5 11
1143 976 3 3 8
218 979 10 11 72
936 979 2 5 10
418 986 6 2 8
780 986 6 4 16
375 998 3 3 6
559 1002 3 5 11
1694 1002 16 12 99
923 1008 6 6 17
0 1013 15 8 30
879 1015 2 6 12
422 1018 4 3 7
475 1019 4 3 9
433 1020 11 8 41
640 1022 4 10 16
855 1032 3 5 11
947 1045 2 4 8
1127 1044 4 11 34
1177 1045 9 11 51
945 1052 2 5 9
1130 1065 7 10 38
352 1072 7 7 18
469 1079 7 2 8
765 1078 5 4 14
478 1087 10 3 14
1004 1087 3 10 21
832 1092 2 6 9
916 1095 2 4 8
1114 1101 3 3 7
1114 1112 20 22 106
1008 1115 6 18 29
259 1118 4 3 9
914 1119 3 5 10
1526 1123 2 4 8
917 1128 2 3 6
962 1133 18 10 79
1067 1133 1 7 7
932 1149 4 3 7
302 1162 5 5 17
323 1162 6 6 31
933 1162 7 10 16
737 1174 8 3 10
280 1180 4 3 10
676 1185 3 4 8
792 1186 7 6 14
434 1190 5 6 19
905 1197 4 3 8
1181 1200 5 3 7
192 1204 3 4 7
358 1204 5 5 20
613 1207 4 3 6
1023 1207 3 4 12
744 1212 9 5 14
1115 1218 3 3 6
1405 1221 4 7 11
702 1224 3 4 8
1025 1224 2 4 8
