0 0 1840 1228 2069939
0 0 20 11 190
112 0 33 50 1022
243 0 29 11 231
372 0 54 51 1053
696 0 12 5 40
787 0 30 20 397
844 0 13 26 201
901 0 38 40 1195
991 0 6 5 23
1007 0 14 18 184
1145 0 44 65 1612
1201 0 32 30 441
1685 0 40 37 1061
203 8 22 29 492
720 11 15 26 310
1259 10 8 5 29
261 15 43 57 1924
1065 15 13 19 191
980 17 11 14 110
1347 16 21 25 304
1316 19 12 16 143
435 24 52 77 2136
673 25 21 18 266
958 24 12 15 137
1018 27 14 22 229
809 31 27 60 1156
878 33 3 5 9
1193 35 8 7 42
1096 38 7 7 40
996 40 11 25 219
1439 49 42 47 1426
1098 54 7 5 23
926 58 34 57 1293
1241 61 10 15 116
1324 62 10 11 83
1119 65 21 28 443
23 66 38 40 1150
1811 66 29 40 801
603 70 18 26 354
344 73 43 46 1321
1332 74 16 20 262
1671 74 5 2 6
410 79 14 18 202
1366 85 8 4 20
561 86 12 6 32
1018 86 15 22 233
705 91 18 28 386
847 90 22 24 368
1048 90 19 19 187
1581 93 84 81 4075
1188 96 6 7 32
1232 100 7 6 32
798 102 4 8 26
614 107 25 33 531
765 107 13 17 178
1148 106 5 6 25
0 109 5 23 92
798 110 25 76 1381
1285 110 56 51 1019
239 113 28 35 789
1235 113 20 18 131
836 115 10 16 133
1074 117 7 10 57
1019 119 7 6 34
1802 119 22 18 258
306 121 20 23 326
538 120 26 23 390
938 129 7 8 46
1156 131 11 13 101
361 135 23 32 605
1332 134 23 35 538
1259 139 8 9 51
456 141 33 44 911
977 146 7 6 30
942 151 30 32 523
0 155 7 25 139
1081 159 21 30 464
320 161 22 46 559
1026 161 23 30 330
1510 161 45 56 1654
400 163 29 64 1283
623 162 13 21 234
1642 162 77 57 2623
991 167 23 15 228
776 169 9 13 91
1103 169 63 65 2799
1830 172 10 9 30
673 174 35 43 657
844 175 32 60 1077
972 186 12 13 117
204 191 42 39 1094
1241 191 8 7 43
780 193 26 68 914
1036 192 46 59 1750
277 194 18 22 308
1271 194 7 8 51
1209 196 6 6 27
750 199 9 11 77
1177 199 7 9 47
1414 201 41 67 1818
1233 204 41 51 1262
123 208 35 46 1068
948 209 23 34 575
49 219 30 27 629
1396 220 16 16 178
1190 225 7 7 37
813 230 8 9 53
639 232 17 25 338
9 237 4 2 7
1205 236 8 10 53
1273 237 8 6 31
452 238 15 20 250
1297 239 9 11 64
915 242 11 24 156
296 244 22 27 494
1314 249 17 21 242
993 256 16 21 261
1158 257 6 6 25
1269 257 8 9 52
946 261 7 7 38
152 262 108 110 4325
593 264 5 2 7
1205 266 9 5 32
7 268 41 39 1082
121 271 5 2 6
933 271 10 27 212
103 273 10 4 25
655 272 13 17 183
1132 274 6 4 13
857 277 6 5 25
1014 278 5 4 15
1167 279 6 6 26
737 280 9 13 99
817 281 5 2 9
1081 281 6 6 30
1250 282 6 7 31
1195 291 8 8 47
1677 291 4 4 11
670 293 10 12 86
1258 292 16 9 98
406 295 20 24 359
1159 296 5 4 9
598 304 14 18 190
1061 305 5 5 15
447 306 49 60 1498
1215 307 6 6 24
694 309 13 16 166
955 309 11 16 129
46 313 29 27 646
915 312 34 40 808
1043 312 4 4 13
1521 313 44 50 1546
1079 315 16 15 123
1331 317 6 8 13
1715 320 53 52 1767
1685 328 12 4 14
331 331 15 13 151
1292 333 18 34 399
1601 333 102 125 5653
903 334 4 4 13
975 334 5 4 16
1084 337 12 18 138
1197 336 8 8 57
785 339 40 50 937
967 338 5 2 9
591 342 14 19 228
897 342 15 22 156
1824 342 16 19 102
1188 344 6 5 23
1225 347 6 5 22
1009 348 15 20 243
663 351 14 19 207
1322 353 28 35 647
1036 355 5 6 24
864 357 44 41 756
977 357 9 11 78
1106 362 6 5 21
397 365 30 38 666
933 364 24 32 557
215 368 14 7 60
132 370 19 12 136
1056 373 4 4 14
302 377 12 11 93
569 377 4 3 7
1061 377 15 8 41
207 381 37 37 721
1368 380 36 32 545
648 383 17 12 100
986 385 5 2 9
1008 384 10 13 44
1104 388 24 23 206
1067 392 6 6 25
1439 397 29 31 561
630 398 12 17 168
800 399 7 8 43
968 399 10 20 123
715 401 8 9 46
921 400 7 10 47
493 402 39 28 508
293 405 36 46 1026
737 405 10 13 104
1174 405 6 6 27
243 406 24 23 457
1455 406 76 78 3255
1145 411 5 5 14
759 412 9 8 50
1130 413 6 3 14
1187 422 5 5 12
1242 423 4 4 9
770 425 29 34 585
1154 426 12 11 89
166 433 11 8 66
840 433 14 15 100
387 435 24 33 371
542 435 12 13 133
971 434 5 4 18
931 440 52 59 1408
1117 440 6 6 23
1705 443 24 20 308
590 446 12 14 144
1149 446 6 5 24
1172 447 22 29 243
1552 449 30 42 803
994 450 17 22 228
443 453 37 42 720
508 454 13 13 132
1743 454 36 23 646
1031 458 29 40 797
354 462 17 18 229
171 475 6 2 9
817 474 7 5 20
1664 474 4 2 7
0 479 25 24 507
1112 478 6 5 22
892 481 30 32 558
227 485 8 6 23
1642 484 42 32 714
1279 487 26 34 652
579 488 23 19 244
78 490 38 24 723
866 492 5 8 33
644 498 9 11 77
1005 499 3 4 12
1538 498 8 7 43
850 505 7 8 46
1008 508 4 4 15
1183 508 4 3 8
458 514 24 23 392
588 517 12 14 120
655 516 34 36 526
1091 516 11 6 46
1335 516 36 41 1053
934 519 4 3 6
1040 518 31 50 589
196 520 53 47 1324
268 524 27 15 241
418 524 11 6 49
1131 529 6 8 36
1609 529 36 32 790
431 531 17 31 295
881 531 7 9 52
381 532 21 23 381
977 535 5 8 32
1214 536 5 4 17
1003 538 2 4 7
1170 545 5 6 20
752 547 15 19 221
111 549 30 27 627
1080 548 5 3 13
588 550 16 10 81
1009 550 4 4 12
68 556 14 10 84
1021 559 7 8 40
663 561 8 7 39
792 561 6 6 29
1129 561 14 4 33
1175 562 11 11 100
1462 562 31 32 695
412 566 18 21 263
862 566 32 19 276
807 569 7 9 47
317 570 22 21 321
568 571 38 29 595
1550 570 23 14 181
936 572 5 6 27
915 575 56 79 1132
1384 575 25 30 543
787 577 5 6 13
720 578 10 13 82
772 585 38 33 555
1154 585 4 2 8
893 586 6 24 97
827 589 4 2 7
1591 591 39 48 1244
935 593 5 6 21
673 595 21 20 273
295 597 13 9 94
625 600 9 10 67
1187 603 17 17 117
526 604 12 21 145
1040 605 4 4 13
1111 605 7 6 23
277 608 15 10 131
313 611 12 9 72
713 610 44 24 458
835 610 4 5 20
1077 612 4 2 7
865 614 5 5 21
1227 615 10 13 74
821 616 4 3 6
1543 617 15 10 74
338 625 40 24 508
608 628 9 8 55
848 628 8 15 63
1094 629 3 4 9
890 632 14 15 122
995 633 4 2 8
1477 632 14 9 83
1513 633 72 35 1393
1019 635 56 40 1006
368 643 15 15 190
402 643 9 4 21
5 645 26 23 408
1218 645 9 13 68
211 650 49 24 888
964 650 39 55 1143
121 656 30 32 656
665 656 10 20 102
859 656 3 3 8
1006 665 4 3 7
447 669 15 16 195
716 673 28 23 477
1112 674 10 8 65
1160 675 6 4 9
563 676 12 12 100
515 679 23 35 428
890 679 10 13 111
950 679 4 4 14
326 680 22 45 469
1631 681 22 18 283
1093 683 4 4 13
373 685 10 7 56
643 685 14 20 192
934 685 4 3 11
1065 684 8 14 40
1596 684 4 3 8
402 690 15 14 162
1043 690 10 6 41
1448 694 36 39 999
905 697 4 3 12
745 698 12 14 132
869 701 5 5 16
228 705 15 11 127
100 706 17 11 125
888 707 4 6 20
1023 706 4 4 10
484 709 10 11 86
835 708 4 3 10
919 710 4 5 18
780 713 63 51 1114
817 712 3 3 9
847 712 5 5 18
973 712 5 11 37
1086 713 3 4 11
991 714 27 23 313
418 718 11 11 102
457 721 10 7 48
604 721 11 13 124
1026 721 3 2 6
298 723 6 2 8
902 723 5 5 20
497 730 14 13 127
1173 731 11 6 47
695 733 5 6 19
959 735 6 5 22
1041 734 6 3 8
869 737 5 4 12
897 737 19 15 200
216 739 12 10 90
179 743 13 7 37
854 746 5 6 14
1050 747 5 6 16
205 749 6 7 18
679 748 13 7 36
1008 751 27 14 125
522 752 10 9 66
0 754 5 7 29
663 755 4 3 7
935 755 4 5 16
714 756 14 15 166
756 757 5 5 17
415 759 6 12 39
370 761 13 16 158
894 762 21 12 101
832 765 3 3 8
848 764 5 5 20
1512 764 4 2 7
643 766 496 295 31610
658 769 5 4 16
332 771 5 6 23
427 773 13 12 125
647 774 3 3 7
1115 774 8 4 31
1575 774 36 31 686
224 776 16 17 215
674 779 6 6 24
833 778 5 12 22
924 779 6 5 22
946 782 6 6 28
449 785 9 7 45
468 785 9 8 58
499 785 15 17 216
777 785 25 20 292
406 786 9 6 26
1497 788 37 65 1771
574 795 9 7 43
594 795 5 3 9
692 794 6 6 30
885 795 3 3 7
202 796 28 28 484
303 796 14 12 124
357 797 10 10 63
808 796 5 2 6
1340 800 41 28 602
839 803 19 11 138
890 802 5 8 34
1194 802 44 45 1070
1252 803 30 27 465
245 805 4 6 14
970 804 4 4 15
804 807 17 8 74
960 808 3 3 7
415 810 15 11 113
980 812 3 12 27
396 815 8 5 17
561 814 9 9 54
919 815 3 3 7
866 817 9 9 57
895 817 22 8 64
1592 821 6 5 10
308 823 16 15 180
493 822 10 15 120
661 823 7 4 24
1427 825 7 8 32
985 827 7 13 48
343 835 15 13 117
635 837 3 4 10
386 839 10 11 78
834 843 3 5 13
1435 843 33 28 428
576 845 14 27 253
299 851 23 20 234
980 850 7 4 13
200 855 12 11 71
270 857 10 8 57
831 857 2 5 10
1064 857 18 24 316
1546 857 17 22 148
827 862 3 3 7
774 867 18 14 167
360 873 10 7 45
1342 872 9 7 27
1793 875 38 30 840
852 876 13 7 66
381 880 12 19 94
620 880 13 14 125
90 882 13 7 32
118 882 10 6 41
839 882 13 6 27
272 885 11 13 81
1384 891 5 5 12
655 893 16 17 220
297 894 8 3 10
421 897 8 7 38
1152 897 23 25 407
1418 897 19 22 280
638 900 4 2 8
1245 901 12 11 69
104 907 10 6 30
533 907 7 7 42
143 909 20 18 272
850 911 20 16 106
355 913 6 4 13
650 914 4 2 8
1354 914 20 16 194
1774 916 5 3 9
1089 918 12 12 105
1314 921 25 24 475
335 922 9 13 51
1775 922 65 39 1367
433 924 7 5 26
1637 928 11 8 38
365 930 10 8 43
1100 932 13 14 143
610 934 16 16 175
1049 934 7 8 41
520 938 4 2 6
381 943 10 11 83
1156 942 20 21 275
1009 945 5 5 15
476 946 11 10 74
652 946 4 5 15
231 949 11 10 79
575 950 18 16 122
1619 950 29 21 476
1054 958 6 5 20
1097 961 13 18 151
1385 963 11 9 55
506 964 6 5 21
673 967 7 6 25
351 970 8 11 37
1322 970 22 22 339
1793 970 31 49 1018
1020 972 3 6 11
648 979 12 14 102
370 981 10 10 52
343 983 8 9 53
514 983 9 8 42
91 986 15 12 106
1408 986 8 6 38
298 993 14 8 42
250 998 21 22 219
571 999 21 21 181
771 998 3 4 9
972 999 34 47 503
1074 999 12 11 91
1391 1000 16 9 86
1500 1005 16 15 180
425 1006 8 9 45
327 1008 12 10 86
291 1011 12 10 73
648 1013 9 7 48
779 1013 10 8 48
491 1014 9 7 44
750 1017 15 19 179
681 1019 2 4 7
643 1020 4 3 10
719 1021 4 5 13
1328 1020 4 4 10
1822 1020 4 4 10
697 1023 12 9 80
57 1024 23 20 325
177 1024 11 8 69
195 1025 10 7 32
524 1028 6 5 27
676 1028 2 4 8
1410 1028 21 23 306
1023 1039 3 5 11
164 1043 16 12 114
889 1047 11 11 89
330 1053 7 6 31
654 1052 11 15 121
1763 1053 18 13 161
588 1055 6 5 19
968 1056 9 10 67
1563 1056 17 11 83
1669 1057 13 12 69
528 1063 12 9 71
681 1068 8 6 28
1182 1068 5 7 21
341 1072 4 3 6
406 1072 5 2 10
1056 1072 13 16 161
1228 1073 10 16 90
354 1076 8 12 42
557 1076 10 13 38
803 1078 5 6 25
760 1080 2 4 6
388 1082 9 10 67
611 1090 3 3 9
592 1096 11 10 83
280 1101 11 14 87
1236 1105 13 13 122
6 1107 4 2 6
189 1107 6 10 46
429 1113 6 7 30
320 1115 6 5 20
104 1117 7 4 21
613 1116 4 5 12
708 1116 3 3 6
371 1122 10 8 68
811 1130 7 6 30
523 1137 7 7 33
985 1144 4 7 25
989 1152 5 5 13
128 1155 12 7 58
437 1157 15 21 176
1420 1157 11 11 68
855 1159 2 4 7
1264 1164 10 6 41
419 1168 5 6 11
731 1169 2 4 6
124 1171 6 4 10
371 1170 3 3 6
1179 1178 3 6 16
238 1181 3 6 13
1080 1180 7 6 12
638 1182 4 4 12
280 1185 3 5 11
363 1200 6 4 19
1181 1203 3 4 8
1562 1221 10 7 35
257 1223 6 5 24
453 1224 5 4 15
1081 1225 2 3 6
