0 0 1840 1228 2161690
247 0 29 25 497
582 0 21 6 60
621 0 33 15 357
845 0 4 6 17
952 0 16 42 313
1011 0 3 5 11
1088 0 11 16 134
1122 0 19 13 142
1244 0 40 42 670
1303 0 14 17 39
814 8 5 6 25
1234 19 2 8 9
568 20 10 19 149
1362 22 6 1 6
466 25 28 46 1020
112 26 10 3 24
1376 27 9 17 46
203 31 20 26 362
1164 31 19 10 50
1193 33 8 5 12
1087 36 1 10 10
996 42 24 28 295
1212 42 10 15 65
1284 42 2 5 6
1359 43 5 2 10
1237 45 3 6 18
544 47 17 42 448
1437 46 2 6 7
722 48 21 44 723
1179 50 17 49 275
1249 51 12 13 78
938 53 5 8 23
1343 53 5 6 10
1451 53 5 10 22
1362 55 1 9 9
592 57 6 4 15
866 56 5 4 15
1021 58 11 10 20
888 60 6 14 53
1283 60 5 2 7
1297 60 3 6 8
1328 63 9 5 13
778 69 40 68 1682
1370 68 3 4 8
1023 70 19 33 278
1241 72 3 9 19
1113 75 7 9 15
1395 74 5 11 16
1078 77 27 18 212
1382 77 1 9 9
1473 76 3 9 10
630 81 3 4 8
1224 82 2 8 9
1293 82 4 5 20
571 87 37 65 1472
1161 88 13 20 113
1289 89 4 5 8
1462 89 10 6 34
1139 91 8 5 17
1052 92 14 10 59
1205 94 10 2 11
1271 95 110 49 1189
1080 97 75 70 1727
379 100 48 122 3307
1256 103 18 26 111
1428 103 2 5 6
254 104 2 6 11
1195 105 32 47 321
1221 105 35 16 165
680 107 21 56 835
952 107 5 8 25
31 109 21 19 284
1156 111 5 8 12
1390 111 14 14 34
1180 112 11 9 61
1459 115 16 9 66
1063 116 9 41 205
1413 119 13 10 49
450 120 15 23 247
1406 123 2 5 6
152 124 5 3 13
266 124 12 14 129
247 131 8 7 40
1170 130 15 8 65
1243 130 9 11 35
336 139 7 7 41
856 138 40 65 1317
1038 139 4 2 6
925 141 4 9 24
1256 140 16 7 48
1224 143 9 12 28
73 147 44 34 981
1043 146 9 29 172
314 152 36 79 1841
1190 162 10 2 11
829 164 4 6 18
219 166 59 79 2459
464 170 15 22 252
18 183 17 13 147
1019 182 4 4 10
605 188 8 11 62
803 191 5 5 15
616 205 81 157 5497
920 211 9 15 56
873 213 29 78 1395
1018 212 4 6 23
469 216 5 4 12
19 219 12 8 58
577 228 8 13 83
860 231 6 13 47
77 240 46 60 1741
617 244 4 3 10
748 249 14 31 307
150 272 16 14 71
200 279 25 38 521
730 279 20 25 280
353 282 10 5 16
512 285 23 24 249
41 290 5 3 10
874 297 21 37 464
591 301 6 10 39
334 304 9 6 34
425 315 21 40 563
781 319 32 77 1195
279 324 18 23 259
343 327 6 2 8
1023 332 30 17 197
62 337 37 60 1239
608 341 25 33 586
1064 340 18 20 183
110 345 20 34 318
997 351 11 8 41
308 352 10 15 107
482 362 16 35 293
281 369 19 26 346
339 369 16 16 131
623 381 5 5 13
1317 381 9 14 75
629 386 4 7 23
114 388 5 5 17
740 391 18 39 424
369 394 16 19 194
873 395 19 37 436
624 396 4 4 15
647 396 7 10 35
310 398 4 7 15
1003 399 6 6 14
555 402 15 8 43
783 404 12 8 32
942 413 4 8 26
0 415 13 25 228
505 415 21 26 347
650 419 11 28 239
803 419 18 44 327
124 420 6 8 24
243 428 11 12 102
264 428 9 7 38
374 428 10 14 68
403 433 5 13 56
910 433 17 58 800
131 435 26 24 446
1032 436 11 22 117
442 441 7 8 40
760 440 14 32 286
1230 441 3 3 7
384 451 4 4 10
584 453 7 5 14
873 452 9 5 26
267 454 7 5 27
966 456 5 14 37
539 459 23 38 384
439 461 5 3 6
368 465 14 19 193
934 464 18 87 1088
789 470 5 4 9
142 473 11 13 72
859 478 14 4 44
603 480 20 19 126
658 480 19 52 686
204 484 11 3 13
253 491 28 14 162
844 493 13 14 111
988 497 21 44 524
1029 512 25 26 130
603 516 51 60 1680
641 517 4 3 8
1346 521 11 25 115
1017 522 2 3 6
398 528 4 4 12
1050 551 8 5 12
407 554 5 5 16
472 556 18 13 128
853 556 11 8 65
371 562 24 53 811
92 564 2 6 8
405 567 22 44 658
848 570 3 2 6
876 570 16 45 472
997 570 10 2 11
229 577 5 3 8
618 580 8 4 18
578 582 20 28 334
679 583 14 9 56
650 583 413 256 22033
626 589 3 3 9
659 592 4 2 6
664 595 3 12 15
711 597 4 5 13
467 598 7 3 9
617 598 3 2 6
154 600 10 7 36
236 601 16 10 86
1056 602 3 5 10
165 608 5 6 14
719 612 8 8 25
778 615 10 17 145
558 617 25 45 418
641 618 3 3 7
798 618 10 18 147
1106 619 8 1 8
398 621 6 4 13
704 628 3 4 9
281 631 17 20 208
476 631 4 7 11
47 638 14 8 78
76 641 2 9 9
537 641 11 22 145
718 642 11 18 158
1812 647 7 3 14
190 648 27 31 475
345 648 47 43 779
911 648 20 49 680
615 665 4 3 7
454 666 30 26 326
118 668 7 4 10
623 674 17 22 241
260 677 25 36 324
505 685 20 24 119
51 686 3 3 8
0 699 10 19 106
322 699 25 41 530
1052 706 4 4 10
825 708 9 17 128
519 712 6 3 16
1058 713 2 4 7
414 719 15 8 45
140 731 15 22 199
371 730 14 16 147
214 734 10 14 78
571 736 9 14 69
500 742 4 4 12
524 751 7 8 36
933 755 38 28 324
351 759 10 7 59
671 760 3 5 8
495 765 10 22 151
1257 765 4 3 8
362 769 5 4 13
1547 769 5 3 7
66 774 8 6 26
1325 774 4 3 8
1592 782 4 3 6
445 787 12 19 169
708 790 4 4 12
722 792 14 11 93
1046 793 12 21 200
333 799 10 11 58
595 811 44 42 681
681 812 25 36 531
1302 813 4 4 8
1497 812 6 8 22
91 816 5 4 12
469 820 4 3 8
1652 820 7 4 17
399 822 21 12 114
786 824 8 11 63
175 835 9 10 67
500 837 13 19 146
770 845 11 26 213
359 849 22 15 167
557 849 6 7 18
315 853 3 2 6
567 852 19 35 406
454 860 13 10 85
540 862 3 8 10
620 864 6 6 17
913 864 19 48 504
406 867 5 3 10
499 866 10 11 87
972 866 3 4 8
1119 867 4 3 9
675 868 6 9 40
418 873 5 3 9
812 875 7 7 37
1281 875 5 6 15
485 881 4 8 19
1635 881 7 4 12
988 882 8 6 26
943 887 31 64 841
411 889 17 33 389
654 888 20 21 209
840 888 15 46 395
1050 888 5 10 27
794 895 6 14 49
713 897 32 31 469
754 905 10 20 141
781 906 5 7 13
1091 906 4 4 13
1391 906 4 2 7
1491 911 10 5 26
309 912 3 3 7
1464 912 5 5 20
292 916 15 10 83
803 922 7 12 57
473 927 4 3 9
480 931 17 23 247
696 935 6 8 25
1285 939 4 4 10
434 943 11 17 110
739 949 11 5 21
923 952 14 20 143
839 955 5 6 23
1586 957 3 3 6
579 958 11 20 131
545 961 6 4 12
741 960 3 3 7
807 963 21 50 569
533 965 9 14 61
1016 965 9 4 22
1592 966 3 5 9
231 968 7 1 7
317 968 3 3 6
911 972 1 6 6
955 972 28 79 950
770 976 4 5 17
837 977 7 6 23
1137 982 3 4 6
1640 983 5 3 12
370 985 4 3 6
353 991 10 9 48
900 990 5 5 21
887 995 6 5 18
1153 1000 9 5 23
647 1006 4 4 10
83 1009 4 3 7
167 1015 6 6 15
1050 1014 11 15 126
750 1017 19 16 161
674 1020 8 10 43
0 1024 8 3 17
567 1024 5 6 21
875 1026 11 19 113
1350 1026 4 3 7
203 1031 5 3 6
735 1041 8 11 68
8 1042 5 6 18
208 1042 3 3 6
1736 1042 7 2 10
178 1044 2 5 6
552 1047 4 5 18
625 1046 5 5 25
507 1049 9 8 63
485 1051 10 13 53
714 1053 4 5 13
547 1054 2 3 6
601 1058 19 11 75
870 1059 14 34 208
544 1060 3 3 6
785 1061 8 9 58
1372 1061 5 5 18
130 1067 3 8 9
823 1066 7 17 65
148 1069 5 5 11
313 1068 5 5 15
21 1072 13 4 41
110 1072 6 2 9
244 1079 7 9 34
509 1079 15 23 226
606 1079 8 17 76
968 1078 12 14 105
839 1081 4 4 9
912 1083 12 22 67
1061 1082 4 6 14
669 1085 9 14 75
393 1091 4 5 10
805 1090 7 10 31
574 1097 11 9 37
1053 1100 14 5 37
499 1102 5 12 42
962 1108 11 11 60
120 1115 6 9 28
602 1114 8 12 76
783 1116 12 10 41
1020 1123 3 3 6
610 1124 21 13 89
912 1131 24 10 67
0 1138 7 8 49
553 1141 5 11 40
537 1143 5 6 20
656 1145 6 8 31
689 1144 5 7 27
1344 1145 6 3 7
39 1156 7 6 21
748 1162 3 4 9
452 1164 5 5 7
347 1166 4 5 10
594 1166 19 9 63
886 1167 3 4 10
1234 1167 2 8 9
1296 1170 3 9 14
448 1173 4 3 9
792 1172 4 3 11
281 1175 5 6 13
814 1177 2 4 7
591 1179 3 3 7
128 1181 6 3 13
1143 1181 4 3 7
476 1183 9 5 17
747 1192 3 3 7
284 1194 4 3 6
621 1194 4 15 24
447 1198 6 4 15
201 1200 6 4 8
315 1211 5 4 12
1003 1210 4 9 19
633 1218 2 3 6
1295 1221 5 7 26
1121 1223 2 5 10
975 1226 10 2 20
