0 0 1840 1228 2119556
219 0 5 2 6
343 0 9 6 40
690 0 5 5 20
780 0 3 4 11
809 0 24 66 1215
869 0 10 19 143
904 0 8 7 38
984 0 5 12 41
1031 0 16 33 342
1130 0 12 3 26
1296 0 7 19 46
1501 0 12 2 18
1560 0 35 31 666
1727 0 26 6 102
1126 11 4 5 15
1595 11 26 31 479
682 13 7 19 116
1268 12 5 6 18
406 21 9 10 68
719 22 9 23 107
1148 22 3 4 11
1184 23 3 6 12
305 25 9 9 56
633 24 5 10 44
1131 27 10 17 113
473 30 8 12 74
843 31 35 57 1129
157 36 18 24 218
912 37 4 9 32
1182 37 4 7 15
1226 36 12 24 180
329 40 10 17 132
1042 42 5 11 25
663 45 12 27 278
1122 47 5 8 29
1201 51 3 4 8
375 55 5 5 13
1058 54 18 15 149
1783 57 38 37 853
209 61 14 19 208
1177 61 5 9 27
294 63 19 33 257
1006 63 10 25 139
1205 62 6 14 54
1280 63 3 3 8
1031 66 12 24 187
1269 67 3 3 7
707 70 5 7 27
1065 71 82 54 1269
1261 71 3 4 9
128 73 15 19 217
603 73 18 34 467
733 73 2 4 7
399 75 8 10 65
1238 76 7 8 39
701 81 5 7 28
965 81 3 3 7
758 84 12 26 245
0 90 11 5 32
1191 90 8 8 52
1169 92 5 8 25
887 94 4 5 18
1564 94 27 25 451
1022 98 11 15 85
1293 98 10 14 96
218 100 12 15 144
1495 101 34 45 875
1714 101 49 55 1523
403 102 19 33 254
1201 103 5 7 24
902 104 3 6 14
266 106 12 17 156
642 109 5 6 18
878 113 3 6 13
970 114 27 59 603
754 117 4 4 14
1145 117 14 34 138
1254 117 3 3 6
350 118 8 11 66
596 120 5 4 12
382 122 10 15 112
851 129 19 17 99
881 131 32 16 119
457 134 8 12 68
1101 134 8 24 103
1603 135 21 20 285
679 136 6 9 38
1189 137 10 16 104
1174 141 4 7 17
573 149 7 3 19
860 150 12 5 38
918 155 6 5 13
1744 155 7 8 28
872 157 6 3 10
1010 157 9 14 87
843 158 12 21 68
1524 158 26 34 556
374 161 10 14 102
911 161 7 2 13
1219 160 3 4 7
1180 162 11 19 80
849 165 43 61 677
887 164 4 3 10
925 165 9 8 32
200 166 12 11 83
1668 167 7 5 25
1666 168 56 61 2029
1104 170 4 3 9
674 173 4 6 22
918 173 6 1 6
909 172 75 66 1596
40 174 6 2 10
1659 174 7 7 15
1120 177 3 3 7
1220 177 4 7 16
1078 178 3 3 8
1096 178 3 5 12
1166 179 3 3 6
312 180 5 5 19
886 181 4 3 8
1042 180 2 3 6
803 182 25 41 449
1057 183 4 5 16
1093 185 3 7 18
279 187 9 11 75
901 191 4 12 16
930 193 3 3 7
376 194 7 9 42
414 195 7 9 46
1104 197 4 4 11
1256 197 31 50 870
838 201 10 8 24
1173 200 3 4 9
1637 201 9 9 51
585 207 6 10 46
771 208 8 18 90
1010 211 16 32 329
1038 213 3 3 7
827 215 33 28 338
903 215 3 2 6
1601 214 38 46 1012
675 220 5 8 34
753 220 4 10 35
985 220 2 9 11
149 223 17 16 186
330 222 7 7 29
608 222 14 7 41
1482 223 18 19 250
295 225 6 13 62
799 225 6 5 23
815 224 7 4 20
623 230 39 78 1757
1721 230 48 64 1330
794 232 68 91 1342
969 234 11 8 29
1117 235 41 57 1284
1171 235 17 10 63
823 239 5 3 12
1661 238 9 9 50
899 240 67 49 1332
818 242 3 2 6
974 242 27 57 992
820 247 25 20 132
1039 246 29 37 521
1329 247 87 71 2992
99 249 13 15 130
403 249 7 8 37
856 249 3 3 7
1530 249 23 36 542
241 254 3 2 6
184 258 4 2 7
282 259 7 11 64
1098 258 7 6 35
890 261 3 3 6
1507 260 9 17 102
851 263 12 6 35
196 267 9 9 57
360 268 6 7 31
239 272 10 12 75
719 272 23 76 813
895 273 6 11 57
1178 272 2 4 7
377 275 7 8 41
1091 274 2 5 8
696 276 3 5 13
1151 278 6 4 10
748 280 5 8 28
1176 280 2 5 7
290 285 9 11 64
816 285 2 4 8
144 286 6 6 24
403 289 7 8 40
895 289 21 12 87
0 293 8 4 26
869 292 16 22 171
374 300 9 23 112
744 306 6 11 51
901 307 3 9 11
1054 312 2 4 7
1088 313 10 17 74
1120 312 3 5 14
874 317 6 9 16
1436 316 36 51 1255
755 320 14 24 257
1071 321 10 4 17
663 323 2 4 8
807 322 9 17 113
969 323 45 80 1520
1095 322 40 98 1429
411 325 4 4 10
1146 325 3 7 9
1533 325 17 9 61
675 327 7 11 52
943 331 5 8 29
1059 331 6 6 15
1745 332 4 3 12
883 334 17 26 178
1073 337 4 5 9
1559 337 36 36 729
925 338 10 20 144
789 343 10 12 61
615 345 9 16 114
830 344 3 3 6
319 350 6 7 34
1349 350 18 24 257
298 352 5 7 26
194 357 23 28 280
654 356 8 14 52
333 358 6 6 30
311 363 4 2 6
742 363 11 30 211
355 364 6 19 68
1067 364 6 8 35
1312 365 22 32 392
726 366 3 6 12
1395 369 35 67 794
713 373 4 5 18
898 373 4 4 12
1492 374 36 45 954
636 377 18 38 393
838 376 5 8 30
1005 380 4 9 32
578 383 4 5 14
1073 384 4 5 10
662 386 4 5 11
847 389 37 60 1069
1438 388 6 6 20
366 390 13 16 129
1013 390 34 45 572
1138 391 9 4 21
761 394 8 18 120
908 396 5 8 17
595 400 15 42 353
689 400 5 10 40
671 404 4 7 20
557 407 4 4 15
1071 408 5 5 22
984 411 20 29 382
1611 411 79 62 1724
908 416 7 4 21
1057 417 3 4 7
388 421 7 13 49
805 420 31 28 268
843 420 4 7 17
754 423 7 12 66
574 428 8 10 57
328 435 4 5 17
388 437 15 12 62
224 438 17 17 124
976 438 3 4 6
810 441 4 4 12
1405 440 5 5 13
273 444 14 6 44
709 444 21 20 172
769 444 3 8 20
1792 445 6 3 14
659 446 5 16 45
1433 447 52 35 1165
366 448 4 2 7
837 449 3 6 13
957 453 2 3 6
1062 453 9 13 24
395 454 5 5 18
1104 454 3 10 14
1749 457 31 31 518
809 458 7 3 11
996 461 12 16 38
1085 460 2 7 8
1778 460 62 102 3237
792 464 8 5 13
277 466 5 5 17
795 467 31 32 566
1159 469 14 18 165
0 471 8 8 58
659 472 24 37 323
222 475 7 6 31
937 475 2 6 6
306 476 10 3 21
843 477 8 12 50
291 479 5 10 29
996 479 34 38 431
1185 479 7 3 15
1275 479 11 2 12
1348 479 15 10 43
26 480 9 10 39
425 481 4 5 14
686 481 14 17 115
951 480 2 5 8
615 484 28 29 395
1398 485 16 20 171
208 486 3 3 8
877 490 7 6 24
361 492 3 4 10
900 492 22 42 555
576 496 16 22 264
856 497 21 35 468
741 498 2 5 9
966 500 30 26 282
806 505 3 5 8
234 506 6 5 27
1265 506 20 32 435
656 509 7 24 81
357 510 3 3 6
951 511 3 4 10
282 512 10 11 73
634 515 2 4 7
1185 514 16 33 277
382 516 5 6 20
553 516 12 24 243
1494 516 25 29 430
737 522 15 19 168
925 522 1 6 6
1037 524 3 3 8
1352 524 37 55 821
640 526 5 4 15
799 527 3 5 14
710 528 372 327 31536
393 530 9 16 69
1329 532 10 14 74
793 534 2 6 11
444 537 6 7 31
591 538 9 16 121
943 539 2 5 7
1009 538 8 7 46
569 542 4 7 16
633 544 11 5 15
654 544 16 24 218
322 547 9 13 64
737 547 30 39 503
257 553 6 6 24
816 553 3 5 13
358 555 5 7 30
646 556 4 9 29
891 557 21 19 178
862 559 3 6 15
443 560 4 2 6
935 561 10 13 22
987 561 6 14 32
1261 561 19 24 286
347 563 5 4 18
401 563 2 4 7
1023 565 2 4 6
958 566 4 5 15
973 566 4 13 15
1017 573 3 4 9
683 574 10 16 126
491 576 4 5 17
1387 576 85 53 1700
612 579 3 4 8
1745 579 33 30 631
667 580 5 8 28
899 582 15 31 340
1226 582 14 27 150
1578 583 77 45 1576
862 584 3 5 10
625 586 17 14 120
962 589 5 11 34
761 591 19 15 88
1308 591 3 3 8
589 592 10 17 145
746 592 11 21 85
976 593 8 23 89
309 595 7 8 40
340 595 4 8 26
252 603 8 9 53
861 604 14 10 94
1167 605 22 50 527
1500 605 33 44 839
1302 607 3 3 6
276 610 5 5 21
965 610 1 10 10
677 612 4 7 26
658 615 2 3 6
841 614 3 5 8
920 615 3 4 9
303 617 4 3 9
600 618 3 6 13
374 621 3 5 11
685 620 2 5 7
1342 620 16 19 182
1371 621 21 27 396
645 623 10 12 82
805 623 27 14 162
1707 624 21 24 266
270 628 3 3 7
143 630 5 4 12
344 631 14 15 88
1239 632 10 14 95
1763 632 29 20 340
662 637 8 13 75
743 636 4 5 15
1271 637 3 5 10
616 644 11 17 92
686 644 3 3 7
903 645 23 27 283
1548 644 22 23 304
791 646 3 5 13
1566 647 78 72 2111
1130 649 20 26 357
7 651 4 2 6
807 650 3 6 11
1351 653 22 29 429
599 660 2 6 9
798 662 3 4 10
405 666 3 2 6
719 666 4 7 18
877 667 10 4 13
1028 666 11 15 114
1072 666 24 36 482
970 669 14 16 91
1260 668 11 11 79
1290 671 21 15 194
543 672 6 3 13
588 673 20 31 351
668 672 9 10 27
1208 674 10 14 95
1722 676 3 3 7
1182 681 8 1 8
651 683 13 21 138
805 682 4 5 16
1168 685 7 10 44
1757 684 6 3 9
182 695 3 3 7
303 695 5 13 21
427 694 3 3 9
421 697 3 3 9
836 697 2 5 9
937 697 2 4 7
1247 697 28 30 519
252 699 4 5 15
976 698 5 6 23
1209 699 13 27 133
1541 699 14 13 133
1657 698 32 23 385
354 701 3 2 6
901 700 6 2 7
513 702 3 5 8
1181 705 15 20 193
842 707 4 6 21
960 707 5 5 12
1112 707 15 14 132
558 709 8 10 58
539 714 6 5 18
587 714 6 9 41
907 714 10 18 143
1470 717 63 111 2114
8 721 7 6 21
345 721 3 8 17
638 724 6 10 15
1236 729 14 18 183
1461 728 20 13 151
968 730 27 15 233
393 734 6 8 35
1196 736 14 18 116
56 738 6 4 13
359 742 9 15 54
1632 743 19 16 207
700 744 4 7 24
921 748 9 11 79
1537 751 18 17 220
54 752 4 3 8
1326 755 15 17 168
937 757 8 16 71
574 760 6 6 28
637 765 3 2 6
402 767 6 7 17
563 770 5 8 35
521 772 6 7 36
1214 774 10 10 70
595 777 5 5 17
1303 779 21 25 339
1106 786 6 8 32
387 791 5 12 40
1527 792 29 28 476
1329 794 15 15 150
1419 795 15 17 168
323 800 4 4 13
1202 801 33 42 403
607 803 21 20 85
1285 803 11 12 103
68 804 15 9 93
546 810 6 9 37
291 816 3 3 7
311 817 4 4 13
526 817 3 3 7
751 817 7 8 40
1194 818 3 6 8
399 820 4 4 12
600 825 4 9 20
715 824 3 2 6
1234 826 9 9 64
1473 828 15 17 167
643 839 4 3 6
795 838 5 7 30
1110 838 5 7 25
828 840 7 7 37
1404 841 13 17 110
1440 841 14 13 134
801 847 9 15 87
704 849 4 5 8
757 855 2 5 10
1329 859 12 10 57
868 863 9 11 76
1109 866 2 7 8
621 869 4 7 27
635 869 4 3 10
1351 869 66 65 1079
388 873 3 3 6
649 875 5 15 27
571 876 4 6 17
1117 876 5 6 23
1510 877 3 3 6
775 878 2 5 7
1131 879 8 4 10
1416 881 19 14 111
741 885 3 6 14
801 885 8 15 73
534 887 3 3 9
380 892 2 4 6
1138 893 7 8 33
1366 893 9 9 54
966 894 15 20 158
1237 894 26 17 246
1277 894 37 22 316
358 897 5 4 8
1036 897 4 8 24
754 898 4 6 20
1097 898 6 4 18
1113 899 6 10 34
1444 898 14 12 125
1051 904 10 8 50
1200 905 11 16 67
1091 906 4 6 21
334 908 6 9 33
533 911 5 7 21
311 912 4 5 9
407 913 3 4 11
1172 912 4 4 13
1652 912 5 3 10
567 914 10 9 24
1024 915 7 9 37
362 919 3 2 6
604 918 4 7 24
671 918 4 4 14
827 918 5 7 29
1159 919 12 28 145
1398 918 7 5 27
662 922 2 3 6
944 922 11 16 119
723 930 3 6 16
1735 933 5 4 14
1070 934 10 14 113
608 939 3 4 10
994 939 18 13 95
1028 939 11 15 113
701 941 6 13 45
1418 940 5 4 13
613 946 1 11 11
778 946 4 5 18
1399 948 18 23 270
853 950 11 9 51
1257 951 5 4 11
805 953 3 7 17
960 952 8 18 46
917 955 8 8 42
1048 954 7 14 55
641 961 2 4 7
1277 961 47 43 897
376 962 6 10 30
702 962 13 13 66
520 964 13 7 40
738 967 3 4 10
612 969 3 3 7
1001 969 36 32 275
1038 969 3 4 7
1672 969 3 5 9
1062 971 9 8 27
1208 972 6 11 43
562 974 6 5 23
822 974 4 6 20
1152 975 18 14 136
727 977 2 4 7
913 977 8 13 54
741 978 2 5 10
833 980 3 5 14
981 982 2 4 8
657 984 3 3 7
1401 985 12 6 29
614 988 2 9 11
737 988 3 4 10
1200 991 2 9 10
945 993 5 5 17
1048 992 4 6 18
583 995 2 3 6
599 995 3 4 8
594 1001 4 7 13
1030 1002 4 6 20
1272 1002 5 6 21
1393 1003 9 9 42
1336 1005 5 17 41
705 1006 2 4 7
918 1006 17 15 151
980 1010 15 28 119
1292 1011 6 6 31
1310 1011 7 7 38
1468 1011 5 7 18
682 1013 6 9 42
558 1016 9 11 31
1054 1016 11 15 101
1272 1017 6 7 12
1079 1018 4 5 13
513 1020 3 4 11
528 1021 7 6 37
646 1021 4 5 16
657 1020 5 14 20
1016 1022 4 5 16
1264 1023 30 29 275
815 1025 10 9 60
1538 1025 5 7 16
525 1027 2 4 8
709 1026 4 5 18
1002 1026 3 6 12
1236 1026 6 7 35
1179 1028 7 8 32
688 1031 11 3 13
1214 1031 1 10 10
1321 1030 5 4 11
575 1033 3 4 8
948 1035 2 3 6
1120 1035 10 12 88
1035 1036 4 12 29
608 1039 9 2 10
780 1039 6 7 37
1158 1038 9 10 62
1072 1040 6 7 32
1366 1040 6 7 29
211 1042 5 6 16
720 1043 2 4 8
756 1043 2 3 6
885 1043 12 10 44
668 1045 13 6 48
927 1044 3 3 6
436 1049 10 10 45
571 1050 2 4 7
990 1051 3 6 13
527 1052 3 4 11
1169 1052 11 24 68
1397 1052 44 20 431
710 1055 3 3 7
1199 1055 24 21 251
1240 1054 18 18 127
1471 1054 7 6 30
385 1057 5 4 14
962 1060 5 6 19
1306 1060 5 6 25
444 1062 6 6 28
474 1062 4 5 16
543 1062 4 8 24
653 1062 6 1 6
1042 1062 4 4 13
1481 1062 3 3 8
358 1065 3 3 7
754 1064 25 16 71
1098 1068 9 2 10
1275 1070 15 23 74
818 1073 3 2 6
950 1076 6 11 38
1012 1077 3 4 10
981 1083 8 6 30
1259 1082 4 3 8
831 1084 5 7 11
903 1085 13 12 95
965 1085 3 5 7
1001 1087 11 6 30
1256 1087 3 2 6
1184 1089 17 16 128
1819 1088 4 5 15
975 1090 4 3 12
1056 1092 15 16 70
1169 1093 1 10 10
1210 1093 9 14 62
1229 1092 11 12 56
544 1094 14 8 61
572 1094 3 3 6
707 1096 8 12 56
806 1097 3 5 11
1079 1098 9 7 21
937 1101 3 3 6
1125 1101 9 23 92
1260 1101 6 7 39
1494 1101 11 9 44
687 1106 5 7 24
1628 1107 4 3 6
858 1111 3 5 10
1081 1110 33 19 153
257 1113 11 2 11
927 1112 10 9 41
965 1113 9 2 10
985 1113 2 10 11
1011 1113 41 26 296
1288 1112 14 16 65
808 1114 3 7 15
1217 1114 20 11 110
650 1118 20 19 76
1156 1120 12 18 72
772 1123 4 7 18
868 1122 11 14 83
886 1123 4 5 15
914 1123 10 9 28
1246 1122 4 6 18
1398 1123 20 12 138
1508 1123 6 3 15
525 1124 7 1 7
813 1125 5 6 28
1177 1124 23 22 195
1210 1126 5 6 23
583 1129 3 4 11
822 1130 15 7 41
1129 1135 22 47 271
537 1136 9 7 15
666 1136 3 14 23
1061 1137 19 20 92
927 1139 6 5 20
987 1139 3 5 10
1273 1138 4 4 12
785 1140 11 7 57
710 1143 1 9 9
903 1142 16 15 55
1815 1143 7 8 36
590 1145 8 14 40
20 1147 5 4 12
1032 1147 12 5 28
1103 1146 11 14 61
1598 1147 4 4 13
1280 1148 8 3 11
1086 1150 8 14 60
1548 1152 8 10 31
1666 1153 3 3 7
840 1154 7 5 11
927 1154 5 3 7
1201 1155 4 5 13
1049 1159 9 9 52
1186 1159 6 6 22
1073 1161 4 6 22
796 1162 3 3 7
819 1163 7 6 21
945 1163 27 22 167
706 1164 12 13 46
899 1164 13 6 35
1029 1165 5 8 12
774 1166 8 12 61
800 1166 2 6 7
1079 1167 12 15 64
856 1169 1 8 8
1156 1168 21 20 144
1003 1171 4 8 10
807 1172 8 7 23
918 1174 7 2 8
541 1176 1 10 10
692 1177 21 18 56
1051 1176 14 17 87
752 1180 9 21 70
930 1181 9 3 13
1194 1181 5 4 17
723 1183 2 11 11
1181 1183 3 4 9
584 1185 5 2 6
1441 1184 4 5 15
624 1186 14 9 22
1090 1186 13 11 53
529 1189 6 8 13
785 1188 3 3 6
813 1189 17 31 158
968 1189 11 5 19
663 1190 12 13 59
997 1190 7 14 58
1155 1190 3 4 12
856 1193 3 4 10
876 1193 11 9 54
1563 1192 4 6 17
552 1195 6 4 12
791 1195 7 5 17
921 1194 11 7 42
754 1197 36 26 346
1169 1196 2 10 13
692 1198 4 2 8
733 1198 2 4 7
959 1198 10 18 70
1038 1198 5 4 8
1111 1199 8 3 12
1555 1198 3 4 12
914 1202 7 7 33
845 1204 15 24 163
1131 1205 5 6 14
1551 1207 2 4 8
1002 1209 11 11 45
833 1210 11 4 17
991 1210 8 3 10
1177 1211 7 4 13
1675 1211 3 3 8
1076 1213 9 15 29
974 1214 8 5 36
1019 1217 4 5 9
1542 1216 4 4 12
914 1219 15 2 16
606 1223 2 5 10
933 1223 2 5 10
982 1223 8 5 19
1132 1222 6 6 21
1590 1222 4 6 20
1035 1224 5 4 16
1259 1224 9 4 27
