0 0 1840 1228 2180252
590 0 10 15 128
802 0 3 7 17
898 0 28 23 375
1009 0 7 11 58
1252 0 11 25 164
707 5 5 8 33
1066 7 3 4 11
1272 7 16 14 66
1375 6 5 5 15
873 13 4 8 21
790 14 4 11 35
567 17 7 9 47
958 17 13 23 180
628 19 7 15 78
749 23 34 30 360
1416 23 12 23 158
1380 24 6 7 28
1436 25 8 8 36
1142 27 4 6 18
550 29 8 20 135
801 28 4 11 32
900 28 3 4 8
995 28 4 11 32
1270 31 6 10 36
1130 32 3 3 8
659 34 7 11 64
1193 34 19 15 174
605 40 8 16 96
631 43 7 14 69
863 42 8 12 39
840 48 5 21 98
949 50 6 9 43
916 54 6 11 50
670 57 6 7 32
857 60 3 7 17
636 69 30 23 355
1533 69 10 17 95
717 76 5 21 58
1346 83 4 2 6
581 86 8 17 108
912 87 6 12 51
800 89 7 13 75
841 89 16 30 129
1123 89 4 3 11
1002 92 5 9 32
1551 92 10 17 89
1366 94 9 15 83
1154 99 19 24 87
1219 101 15 29 245
757 104 7 11 52
1067 104 4 9 30
1311 104 7 9 42
867 106 6 5 27
975 108 14 19 102
1139 108 3 4 8
572 117 9 19 132
960 116 3 7 17
1119 117 3 3 6
1534 117 7 6 28
1054 120 5 9 32
674 124 25 44 372
737 125 7 17 88
1442 125 8 10 56
853 128 2 5 8
645 131 9 27 176
1202 130 3 4 7
801 132 12 14 53
712 134 4 6 22
848 134 3 6 18
1144 136 10 26 153
952 141 6 8 43
911 142 3 4 7
1329 143 7 12 61
544 145 6 10 52
602 145 7 15 81
784 144 3 8 18
1255 144 6 11 52
1111 147 3 3 9
833 148 10 15 60
1059 148 3 4 9
623 151 6 10 50
891 153 2 3 6
1226 154 9 24 117
1551 154 8 8 40
832 157 162 157 11556
845 158 9 10 40
883 158 2 5 6
1036 164 11 22 138
551 166 17 33 249
980 168 3 3 6
644 170 8 18 123
1109 173 11 6 47
1297 173 4 6 18
830 176 7 19 96
1336 176 7 7 34
780 179 3 4 10
1137 178 5 4 14
691 181 5 12 39
1426 185 6 7 29
1496 185 6 7 26
1548 187 9 11 63
1053 192 4 6 11
579 199 6 7 27
723 200 2 6 11
1144 203 8 25 120
811 206 6 13 38
1035 207 4 5 16
1340 207 7 15 65
676 210 7 23 122
1009 213 3 6 13
1075 216 6 8 28
1375 216 5 3 11
628 218 45 59 798
725 218 5 6 26
1168 219 8 14 88
1306 218 6 7 34
1052 220 5 9 31
1374 221 22 32 198
716 224 3 8 23
817 225 3 3 6
1018 224 3 4 7
1419 224 18 11 63
731 227 3 7 18
1258 226 11 18 96
601 230 23 17 167
709 234 3 4 8
1112 235 4 6 15
770 236 3 5 13
1469 237 5 6 23
727 238 3 6 12
749 239 3 5 13
816 239 7 9 37
686 242 3 4 7
539 244 8 15 95
1254 245 7 10 53
583 248 7 10 55
720 253 2 5 9
516 256 6 10 53
561 259 5 5 20
602 262 11 20 104
724 263 18 19 201
1167 265 6 7 34
1302 265 5 6 22
528 266 5 4 13
1106 267 4 5 14
705 268 12 15 69
1136 269 8 18 75
675 270 6 11 59
753 270 5 10 44
1381 275 7 8 37
791 276 3 5 14
1158 279 7 13 66
696 283 6 11 25
769 282 3 4 8
831 282 3 11 21
1109 283 4 8 24
637 285 9 20 127
1393 285 17 9 58
1067 286 15 6 51
1298 294 5 7 25
1504 295 6 5 20
960 296 4 8 19
1205 296 6 11 46
732 301 16 17 99
1261 301 6 8 36
715 304 2 5 7
771 304 3 7 20
1451 305 6 8 31
532 309 5 5 16
559 309 11 9 67
902 308 1 6 6
973 308 3 8 20
1063 311 3 4 7
612 313 5 10 40
924 313 5 6 21
781 314 2 5 9
1202 315 5 9 25
1135 317 7 10 48
1320 317 6 9 32
763 320 2 5 10
1425 321 5 6 20
1374 322 6 9 38
745 324 1 6 6
907 325 4 8 24
1282 328 6 9 33
1351 328 5 11 45
147 330 17 11 58
831 330 3 3 6
887 330 12 7 46
949 331 3 10 21
1234 331 2 4 6
1247 333 5 6 24
606 335 4 4 14
1193 336 18 15 120
674 339 7 11 53
1138 339 7 9 42
636 341 5 7 31
869 340 5 10 41
617 342 4 3 10
755 342 5 8 20
769 342 9 15 36
897 344 2 6 12
1368 344 6 9 38
603 348 10 13 80
630 348 5 6 24
738 349 6 14 50
1270 348 13 8 60
1054 351 3 7 18
557 353 3 3 9
705 352 5 13 51
980 359 4 5 16
1230 358 6 10 40
1359 360 6 6 31
816 366 4 8 17
832 367 13 14 82
1152 366 6 7 33
549 369 11 24 141
882 369 4 9 31
969 369 25 57 380
650 370 5 8 34
626 375 18 22 206
743 374 2 5 8
1115 376 16 13 73
1046 379 3 5 12
590 380 15 9 48
779 380 135 72 3776
1028 380 3 4 9
506 390 11 13 82
937 390 7 25 67
707 393 8 5 29
907 393 10 7 37
1050 392 3 5 9
1302 392 4 7 20
1389 393 3 2 6
1162 397 3 3 6
1331 396 5 12 34
648 398 5 4 13
769 399 10 10 91
559 401 5 8 30
1184 402 4 4 12
1291 405 5 5 17
972 410 1 9 9
1253 410 6 9 20
639 413 5 8 37
1017 412 7 20 107
605 416 6 8 32
924 416 2 7 12
1095 417 3 5 13
724 419 15 18 113
1194 419 4 5 16
582 420 16 21 122
1167 427 3 5 13
936 429 2 6 11
539 431 4 2 6
667 433 5 8 29
1303 435 5 15 49
1240 436 4 5 14
1259 436 6 9 38
532 439 4 4 14
563 439 12 15 110
984 439 4 12 21
680 441 3 3 8
770 440 2 4 8
896 442 4 17 53
1087 443 6 9 24
1002 445 3 5 10
1174 444 4 10 28
537 449 4 3 7
1069 450 5 7 26
641 454 2 3 6
826 455 2 7 10
880 456 2 5 8
657 459 26 18 178
752 458 10 8 78
960 463 2 4 7
980 463 4 19 34
993 462 5 18 51
1265 463 3 3 9
574 465 4 7 26
706 465 4 6 22
1081 465 5 5 15
636 467 6 14 58
1038 468 5 15 30
542 470 5 10 41
921 471 3 6 11
598 472 15 12 92
877 472 19 6 51
584 475 14 17 67
1019 478 3 3 8
1242 479 5 5 15
707 480 3 12 17
1159 480 3 8 18
1075 483 3 6 16
652 484 6 17 33
1318 485 4 5 12
616 491 6 18 72
727 491 3 7 13
784 493 2 6 7
1086 494 3 5 12
1014 498 12 20 138
599 500 7 13 62
675 502 3 3 9
435 504 5 5 17
920 505 2 4 6
962 507 6 6 18
1169 506 5 11 25
638 508 25 28 323
874 510 2 5 8
1258 513 4 6 16
1087 518 3 6 17
834 522 4 7 20
725 527 44 30 208
1290 527 4 3 7
1029 528 3 5 9
561 531 3 5 14
1141 532 4 21 51
1700 532 7 4 7
1004 536 27 81 1044
708 539 5 14 45
939 541 2 6 10
1044 540 46 81 688
1189 541 3 3 7
574 543 4 4 13
1317 543 3 5 11
691 545 5 10 38
913 547 6 9 20
1411 547 13 2 14
869 550 3 5 7
971 553 5 4 18
1146 553 5 10 36
592 557 5 16 70
926 557 7 8 28
1165 556 2 4 7
560 559 5 5 16
875 561 2 5 10
996 565 3 3 8
785 566 11 18 99
825 566 4 7 20
850 569 6 10 35
704 571 5 5 19
774 570 2 5 9
800 570 70 98 987
1107 571 4 5 14
531 572 3 6 10
1218 572 3 3 8
516 574 4 5 19
922 574 58 71 1093
1225 575 3 8 13
1244 574 20 5 54
1294 575 3 3 9
1573 577 4 2 6
714 579 454 266 28219
886 578 4 10 20
309 585 3 3 6
551 584 4 6 15
1389 584 3 2 6
1829 585 4 3 6
1108 591 4 5 14
1268 590 3 7 11
624 592 11 14 68
606 595 3 3 9
654 594 4 11 25
853 595 2 6 9
1130 595 14 14 75
1497 594 6 14 55
579 601 5 7 29
1232 601 4 6 16
408 606 5 4 12
900 609 3 6 15
314 610 4 4 9
591 612 2 4 7
1062 617 20 32 145
1211 616 3 4 12
1256 616 3 7 10
525 619 3 3 8
558 618 4 3 10
1280 618 4 6 14
512 626 4 4 10
1219 627 3 3 6
862 628 2 6 11
896 629 11 6 47
579 630 4 5 17
1000 630 11 12 50
927 637 65 39 591
1014 643 14 38 169
694 645 4 7 19
1047 645 7 10 46
566 649 7 9 31
641 648 13 16 86
1206 651 3 9 19
1320 651 5 10 14
585 653 22 13 138
1119 655 3 4 9
680 656 3 3 8
1071 657 32 35 712
1146 656 11 5 26
1389 657 11 2 13
879 659 38 26 292
1257 661 3 4 7
990 663 2 6 7
1002 663 2 4 7
1059 663 11 10 45
527 664 3 3 7
806 664 21 6 93
564 671 3 4 11
1292 674 4 3 9
827 677 17 14 98
931 678 41 13 136
795 681 11 9 71
996 681 11 28 116
617 682 2 5 8
1321 684 7 8 20
447 686 4 5 13
573 686 8 4 18
1521 686 12 4 18
516 688 4 5 18
533 688 3 3 9
605 688 4 10 23
780 688 2 3 6
656 690 4 9 27
785 692 2 11 21
564 694 3 5 10
1201 695 3 4 8
936 698 6 2 7
575 701 4 6 10
1102 703 2 3 6
1431 704 10 6 19
959 706 2 3 6
462 710 3 3 6
785 713 23 45 344
1164 712 3 3 8
940 716 26 14 135
554 719 3 5 13
1005 718 11 6 17
920 723 7 6 20
518 727 1 6 6
1432 731 7 2 8
513 736 4 5 15
642 739 5 11 20
711 747 3 3 7
772 746 3 3 7
978 747 5 11 44
591 748 4 3 9
468 753 4 3 8
496 752 5 3 13
649 752 3 7 20
554 756 3 3 6
603 762 2 7 12
675 763 3 3 7
1248 765 4 3 10
1190 766 7 5 24
485 771 4 8 20
592 781 12 8 32
572 783 6 7 20
523 785 4 5 16
546 789 3 4 10
1240 789 4 2 6
1430 790 3 4 7
1134 796 4 8 12
577 802 2 6 7
125 805 4 5 12
1376 805 4 3 6
400 806 2 3 6
670 809 2 3 6
558 810 5 9 29
586 813 3 3 9
536 814 4 5 14
1138 814 3 3 6
1486 814 4 3 8
475 819 4 5 13
297 822 3 3 8
1108 824 7 8 21
529 826 13 11 40
728 827 10 9 33
543 830 3 4 10
601 830 3 4 10
1684 833 4 3 7
1494 842 4 3 7
677 845 9 2 17
958 844 3 10 13
1666 852 3 4 9
1062 860 4 6 15
657 865 5 5 14
461 867 3 6 8
1073 866 4 3 6
1014 872 1 6 6
956 876 3 4 11
525 883 3 3 6
616 884 8 6 18
537 888 2 3 6
1004 890 3 5 9
1399 891 2 5 6
1521 892 4 4 13
476 903 5 4 13
863 903 2 5 6
551 905 1 9 9
835 910 1 10 10
795 912 5 3 7
1069 915 2 4 6
552 916 2 3 6
495 920 5 2 10
547 923 3 5 14
593 925 6 12 31
869 925 4 9 24
1071 930 2 12 12
497 933 3 3 7
531 934 11 3 14
904 938 2 3 6
713 940 1 9 9
898 944 3 10 14
978 952 5 7 21
847 957 3 11 14
1663 959 6 4 8
522 964 8 6 21
435 970 3 2 6
622 976 2 3 6
547 978 5 3 9
856 980 7 7 29
360 988 3 3 7
681 988 4 6 13
519 995 8 5 15
558 994 2 3 6
624 995 4 6 12
1555 994 3 3 6
1044 997 8 10 21
1575 997 8 10 34
1062 1000 5 5 13
59 1003 9 4 16
538 1002 2 4 6
691 1002 5 2 6
1193 1007 7 2 9
929 1013 4 4 10
317 1016 14 10 37
700 1017 4 4 15
973 1017 2 7 8
1641 1020 3 10 12
530 1023 7 10 21
685 1022 9 2 12
868 1022 2 3 6
1046 1022 5 4 8
483 1024 4 4 10
1290 1024 4 2 6
1767 1029 5 5 13
377 1032 3 3 8
396 1034 5 4 8
1471 1035 11 10 67
432 1038 7 5 11
913 1038 2 4 7
950 1038 7 10 22
572 1041 11 2 21
924 1041 9 5 16
1391 1045 3 3 6
523 1051 7 16 38
1344 1051 6 3 12
1073 1057 9 12 25
495 1064 14 16 100
695 1064 3 2 6
618 1067 4 4 9
668 1066 21 17 169
930 1066 10 18 51
781 1069 7 3 18
1819 1069 8 6 31
1219 1070 1 8 8
536 1074 13 9 29
548 1075 19 24 127
795 1075 8 4 16
285 1079 13 7 29
663 1083 4 8 21
738 1083 11 4 22
707 1087 20 26 157
894 1087 7 1 7
1106 1086 6 9 29
1641 1088 5 3 9
350 1091 5 5 16
1050 1091 5 2 8
1260 1090 3 3 6
869 1097 5 4 12
967 1097 11 12 54
386 1103 14 13 78
534 1103 23 23 178
420 1106 6 5 11
1403 1107 5 4 12
311 1110 7 5 14
362 1111 5 2 7
509 1111 8 6 13
635 1110 17 31 170
739 1113 5 2 6
1181 1114 3 9 12
1093 1116 5 2 6
423 1123 3 3 7
678 1125 3 9 20
711 1124 4 5 8
161 1127 6 8 26
316 1126 6 6 22
428 1129 7 7 37
791 1129 12 2 13
920 1129 4 4 16
824 1133 14 4 28
942 1132 5 4 12
1693 1133 5 4 16
503 1134 5 2 6
708 1135 3 11 16
896 1136 2 3 6
902 1140 8 9 20
352 1142 8 6 23
1106 1144 7 3 12
285 1146 10 7 36
520 1146 9 9 27
480 1149 5 3 11
930 1149 13 4 25
1072 1148 3 4 8
630 1151 8 5 31
941 1153 12 17 51
495 1154 9 1 9
789 1154 6 5 10
392 1157 12 6 29
556 1156 35 35 303
1049 1157 11 15 92
1083 1157 13 3 20
1149 1157 3 7 9
1352 1157 3 4 8
197 1158 8 24 51
558 1159 3 5 8
1807 1159 3 3 6
473 1160 3 6 13
872 1160 16 31 85
902 1161 8 8 18
516 1163 21 14 90
1193 1165 4 2 6
376 1169 5 3 7
135 1170 3 2 6
276 1171 7 6 33
419 1170 19 17 128
739 1170 16 13 101
1075 1170 10 11 21
854 1172 4 5 20
1044 1172 7 8 21
1412 1172 5 7 17
351 1174 6 5 17
919 1176 6 5 17
950 1177 33 51 227
679 1178 16 13 83
1264 1179 7 7 21
514 1181 2 10 12
1019 1181 6 3 10
1113 1181 8 5 21
801 1183 14 16 107
857 1185 5 4 14
1075 1184 5 4 8
713 1187 5 4 8
761 1186 6 13 18
663 1189 74 32 512
769 1189 70 39 924
545 1191 5 5 17
1066 1190 8 6 19
658 1193 4 6 17
1023 1192 4 13 18
1541 1193 3 3 6
481 1195 5 6 19
640 1196 8 1 8
1429 1196 4 4 15
886 1199 14 29 87
918 1200 7 4 10
1091 1203 4 8 26
1453 1203 3 10 15
995 1204 8 1 8
1225 1205 2 6 7
486 1206 3 3 7
857 1207 3 2 6
838 1209 17 13 92
1256 1209 3 5 9
461 1210 10 13 64
1364 1211 5 2 9
330 1215 10 13 28
729 1214 17 14 114
525 1216 7 7 13
904 1218 8 10 17
926 1218 23 10 73
670 1221 9 7 39
756 1221 8 7 44
290 1223 5 5 9
349 1223 11 5 55
612 1223 2 5 10
683 1222 7 1 7
856 1222 13 6 74
1319 1222 3 6 13
1348 1222 2 6 6
575 1225 3 3 9
1008 1224 2 4 8
1021 1225 10 3 30
1117 1224 3 4 9
641 1227 9 1 9
