0 0 1840 1228 2153798
7 0 18 11 138
105 0 22 30 434
477 0 65 96 1945
601 0 13 16 126
657 0 12 15 148
717 0 13 8 91
797 0 62 70 2447
901 0 5 3 10
1099 0 39 70 1893
1228 0 33 84 1844
1444 0 42 18 508
633 5 9 13 70
777 7 12 14 104
894 11 4 7 21
1200 12 4 6 12
122 15 61 138 3059
185 16 15 12 102
1284 16 17 17 183
699 19 5 8 25
302 20 23 34 555
443 21 17 24 225
920 24 8 13 84
1023 30 16 29 342
373 34 23 29 504
1057 36 45 80 1447
884 40 17 16 144
612 44 34 33 420
494 50 8 12 62
779 51 14 18 196
836 53 5 8 32
292 54 9 16 54
1154 55 74 176 5660
417 56 19 45 603
662 57 10 14 106
750 65 11 13 100
902 64 6 8 39
496 75 10 25 184
1477 74 19 31 438
826 79 15 13 101
104 81 19 29 357
778 80 13 12 102
580 83 8 11 71
691 87 6 12 51
220 90 10 12 84
916 99 4 4 13
1434 99 28 40 728
775 101 2 3 6
1322 100 41 81 1420
460 116 60 70 1441
584 118 8 17 83
653 123 9 15 99
0 125 11 21 123
87 132 13 10 55
208 133 15 38 325
729 134 6 6 25
758 143 5 6 22
839 143 3 4 8
952 145 20 60 810
1119 145 17 21 247
916 148 4 5 18
1370 148 19 36 523
797 150 4 4 11
1456 151 18 29 387
562 152 5 7 28
683 153 16 42 415
895 156 4 4 13
169 161 3 3 6
912 160 4 9 34
772 163 4 5 15
638 167 7 9 48
1254 166 36 75 1386
152 170 15 35 243
549 171 23 30 448
593 171 19 34 398
811 173 32 28 315
192 175 31 49 772
768 177 4 9 14
894 181 4 4 14
0 184 24 29 406
640 189 7 8 41
1037 205 10 11 83
73 207 19 32 243
167 207 3 4 6
843 208 4 6 23
545 211 21 23 370
428 213 6 5 18
322 214 22 18 169
834 217 16 22 171
156 221 16 44 373
739 223 7 12 69
1067 223 12 23 199
904 227 12 19 139
1372 230 20 37 581
134 236 6 3 8
1065 236 68 112 1841
1221 237 44 73 1074
606 239 7 9 53
817 240 8 6 30
1002 243 9 12 78
387 246 15 23 251
629 247 6 7 32
766 246 4 6 19
1163 246 11 29 170
215 251 12 13 87
593 250 6 5 23
834 251 6 8 31
1379 251 35 57 710
168 254 57 44 968
529 254 14 22 230
271 257 3 3 8
735 260 8 9 44
850 262 4 7 23
908 267 6 7 28
641 268 19 78 866
14 274 18 18 200
595 275 7 10 54
274 279 14 17 161
1062 278 10 15 102
1020 280 11 26 209
345 282 5 5 14
403 282 9 14 86
700 285 16 27 315
363 287 13 20 78
794 287 2 7 9
948 293 15 45 505
192 299 23 19 242
1436 298 20 39 503
885 300 4 4 14
534 303 5 5 23
561 303 12 17 169
978 303 15 37 330
511 304 18 34 454
732 304 8 16 99
750 304 6 12 62
596 306 6 5 22
0 311 16 11 122
1003 310 11 31 187
1333 315 14 21 238
872 317 3 4 11
826 318 16 29 243
1219 323 17 16 181
253 324 7 7 27
491 328 6 11 47
66 335 12 11 63
921 335 12 19 166
0 338 8 38 172
537 338 10 9 64
854 338 5 12 43
1163 340 5 7 32
224 346 16 27 228
1172 352 5 6 28
494 355 14 21 217
1306 357 12 15 134
1177 359 11 6 50
549 362 4 4 12
119 367 8 5 28
530 368 14 11 107
660 368 16 18 126
901 369 7 7 20
153 370 4 4 9
751 373 11 17 125
1046 373 10 22 154
1228 379 14 19 213
828 384 9 7 32
1195 384 12 16 135
1030 387 9 24 110
594 388 16 6 45
1376 391 21 37 579
1168 392 5 2 6
513 394 24 20 258
1301 395 45 61 1300
647 397 5 12 46
1262 396 14 23 244
225 399 13 19 167
1086 399 8 13 85
1006 401 8 17 113
548 402 11 9 65
636 410 7 8 44
828 411 4 7 19
180 412 9 8 41
94 415 33 18 419
1054 415 5 4 12
351 421 5 7 22
459 422 8 11 63
960 422 17 29 308
166 426 10 8 41
745 430 2 4 8
850 431 3 4 8
629 435 5 6 16
244 440 15 32 226
567 440 4 9 23
726 440 11 12 76
219 443 14 20 179
171 444 12 15 123
1113 445 8 16 90
442 449 16 15 165
510 454 28 34 503
954 460 11 18 147
1081 465 8 15 94
1117 470 8 16 96
189 476 10 9 51
564 479 7 10 52
1206 478 20 61 735
160 482 10 12 72
586 482 4 7 20
219 485 8 6 30
1407 485 6 1 6
865 488 3 4 11
1311 488 9 10 62
618 490 6 7 29
1053 490 7 8 45
1177 491 13 23 226
875 499 5 6 23
239 500 8 8 40
974 502 10 21 172
1234 507 52 63 1123
1091 509 11 15 62
157 511 8 8 32
540 512 14 24 152
617 513 9 21 142
635 513 31 35 582
318 517 8 9 40
204 518 8 7 34
760 519 22 24 293
1142 519 17 37 502
481 522 7 10 46
517 522 10 14 104
728 523 5 9 40
995 526 9 11 68
1382 529 12 17 153
1108 531 10 21 109
248 532 16 14 111
839 535 5 3 10
36 536 14 15 157
780 542 15 28 349
808 543 14 23 271
847 542 5 9 31
189 546 4 4 9
531 548 13 20 181
605 549 8 9 63
763 557 9 11 68
1242 556 10 8 47
193 562 15 19 113
1161 563 6 6 21
919 564 8 11 68
490 567 3 3 8
1063 567 13 36 339
53 568 4 4 9
333 569 9 5 31
741 569 7 9 43
258 571 18 11 142
636 570 5 18 42
689 571 15 28 313
1225 577 54 38 910
377 581 5 5 15
563 583 6 3 12
800 587 13 28 271
581 591 17 11 53
496 592 6 5 22
1029 593 11 15 57
1114 592 15 15 114
1328 593 22 38 373
658 595 4 3 9
837 594 11 10 43
1295 594 8 14 95
198 597 7 6 26
394 598 8 7 35
1004 598 14 17 115
266 601 6 8 30
535 600 12 28 165
1315 602 9 15 94
616 605 7 7 37
654 607 9 16 87
855 607 3 4 10
31 613 5 2 9
480 615 16 29 314
567 615 12 11 74
986 619 17 19 217
1191 618 10 12 94
949 621 6 11 54
1279 620 24 56 439
293 628 8 11 63
647 628 4 4 9
1137 629 9 10 66
74 631 11 9 62
825 635 375 280 25770
1179 635 9 12 84
1250 638 9 10 57
616 644 6 8 32
898 646 25 39 494
1029 646 6 9 46
86 651 2 4 7
195 650 7 7 38
338 650 4 7 16
543 657 8 8 36
525 661 7 6 20
220 663 9 8 40
1010 664 7 14 77
716 667 10 21 96
1129 666 9 16 116
1238 669 7 6 32
1258 669 10 16 110
1082 674 3 3 6
135 677 10 7 31
661 676 5 4 15
1184 677 10 20 143
1073 678 3 3 9
217 680 10 12 51
546 684 3 2 6
702 684 5 7 24
1057 686 8 5 20
1145 686 7 9 54
329 689 6 6 25
449 691 8 7 50
646 691 4 7 17
1043 694 10 1 10
778 696 4 3 7
276 698 14 17 148
1162 703 9 8 45
399 705 7 7 36
562 704 14 28 261
697 705 13 15 141
1188 707 11 17 148
1305 708 12 26 151
947 710 22 36 331
898 712 5 10 19
924 716 6 4 20
1129 717 28 21 335
589 721 11 18 113
991 720 18 17 167
767 726 9 15 96
1088 727 5 5 15
1244 727 14 32 354
1281 727 7 6 31
522 729 8 11 65
703 729 5 6 20
343 731 6 5 20
609 732 5 8 25
833 732 2 4 6
882 736 2 4 6
1718 737 12 6 42
665 739 3 2 6
647 742 5 8 34
676 742 3 4 10
809 744 24 38 411
1019 745 4 5 8
446 752 5 2 8
659 752 13 15 82
1304 756 7 10 57
344 761 4 5 7
363 762 5 15 34
514 764 10 13 93
555 770 11 21 75
840 781 3 6 10
661 783 9 14 30
625 784 4 6 17
986 790 4 3 8
593 793 4 10 13
959 793 11 10 47
786 794 10 3 21
939 797 7 10 44
689 799 4 8 23
1223 798 6 7 28
334 802 7 10 34
1253 802 20 27 230
616 809 6 10 34
218 814 11 11 77
683 814 4 3 7
1308 819 8 5 24
1228 820 7 7 42
511 828 3 6 8
342 834 6 12 52
779 836 8 10 44
564 841 7 7 26
730 840 9 12 73
1240 843 5 5 18
1678 843 12 6 37
1214 844 8 23 148
664 847 3 13 27
882 849 3 3 6
406 859 3 4 6
242 862 6 6 31
269 863 9 11 71
1250 863 7 7 40
523 864 7 7 33
1326 864 10 15 103
393 867 9 3 15
696 867 6 12 35
1280 870 23 32 188
610 873 7 6 21
563 877 7 7 34
781 878 5 7 26
641 891 5 4 12
1026 898 4 6 21
1237 898 8 18 109
1161 901 6 6 26
534 911 5 7 22
1168 915 5 6 26
440 917 4 7 19
591 917 4 3 8
1029 917 5 6 17
560 919 5 5 14
1142 919 10 12 101
1207 918 10 14 102
1099 920 9 21 126
627 925 5 10 31
1233 924 14 13 136
596 930 5 5 17
1156 934 10 16 119
591 943 7 7 29
818 945 8 8 41
1270 946 5 7 24
430 949 18 26 196
539 951 5 4 11
922 951 5 7 26
1014 957 3 4 10
1117 957 4 3 9
478 958 4 5 16
566 959 2 11 12
617 961 5 2 7
1232 961 6 16 61
184 962 4 5 14
1109 963 4 3 12
408 965 8 9 49
760 965 3 3 7
1068 967 8 11 67
1212 967 6 9 38
1051 972 4 4 13
1243 974 6 9 39
801 981 16 8 83
1061 981 3 5 14
1030 984 3 3 7
761 989 4 4 7
1139 992 18 19 196
654 995 4 4 10
565 996 3 5 11
636 996 7 9 47
781 997 4 3 6
1098 996 7 11 43
851 1003 6 6 22
506 1010 3 5 6
1131 1011 2 5 8
482 1013 6 8 37
763 1016 6 12 50
506 1027 5 5 16
955 1033 4 5 17
674 1034 4 8 29
1016 1044 3 4 9
1230 1045 5 8 33
907 1047 7 5 23
782 1051 8 13 79
1185 1051 7 11 55
1282 1056 3 3 6
821 1062 3 3 7
502 1064 7 11 49
645 1071 5 13 37
755 1072 2 5 6
854 1075 6 8 30
492 1076 9 4 27
1144 1076 3 3 7
674 1081 5 6 22
1151 1082 9 21 48
110 1089 5 5 10
887 1088 5 3 11
1185 1091 6 8 37
462 1094 4 5 13
813 1094 3 4 7
1121 1094 3 3 7
1206 1097 7 7 34
443 1098 4 6 18
468 1102 9 8 44
670 1102 3 4 10
889 1109 5 5 18
1013 1110 3 5 10
882 1120 4 6 14
976 1121 3 9 19
1110 1121 5 9 35
484 1129 7 9 36
467 1134 4 5 14
796 1140 5 6 18
0 1150 8 4 16
64 1162 12 9 72
94 1165 6 5 25
1084 1164 4 5 14
689 1206 7 10 51
671 1208 3 3 6
1251 1208 7 6 34
205 1215 6 4 15
