0 0 1840 1228 2119579
60 0 16 5 53
270 0 12 4 29
403 0 11 14 117
431 0 43 60 922
498 0 21 6 78
778 0 36 29 378
837 0 10 5 35
917 0 9 22 167
967 0 88 82 2162
1115 0 5 10 38
1142 0 46 62 1113
1299 0 102 98 3936
1435 0 21 19 340
620 5 8 19 113
319 7 7 9 54
870 6 6 12 55
548 9 17 30 289
1086 9 3 5 14
754 13 13 32 315
886 12 7 19 104
1582 13 19 27 318
1092 19 25 25 142
843 21 33 33 600
1176 27 45 45 576
521 28 9 10 47
1050 29 3 5 12
951 30 7 12 60
796 33 21 52 461
1214 33 60 95 1956
1497 34 13 18 151
303 37 25 30 398
604 41 18 37 337
1060 41 5 7 27
783 45 6 7 25
504 47 27 24 293
680 52 8 14 88
823 57 11 28 250
1426 57 7 7 28
409 59 5 5 13
887 58 10 32 130
1100 62 5 10 36
362 64 11 17 121
947 64 4 4 14
644 69 10 28 225
1154 69 14 19 124
1123 70 6 13 59
175 73 24 39 400
842 73 34 53 917
1396 72 16 28 319
304 78 9 14 55
1093 79 6 8 37
497 80 8 12 74
712 80 7 16 90
1269 80 53 53 1439
465 84 7 8 33
528 84 10 12 93
1024 87 6 13 51
612 91 8 11 67
1154 91 6 7 28
900 94 5 9 40
1037 95 27 86 1180
671 96 7 15 91
196 99 14 27 286
1111 99 13 6 37
430 103 9 16 116
1085 102 4 7 25
1169 103 6 16 46
557 106 10 13 84
267 108 14 18 200
1012 110 8 9 55
1361 110 17 51 606
481 112 8 12 76
530 113 10 12 92
804 113 13 43 329
1408 112 8 10 42
1440 117 7 6 18
636 119 10 19 159
879 118 6 10 56
1100 118 5 10 39
615 126 7 12 65
1070 126 18 26 333
1166 127 4 4 13
570 128 7 11 53
889 128 5 9 43
947 130 11 20 169
1831 131 9 18 50
1119 133 3 4 10
913 135 4 7 24
1481 135 47 102 1656
471 136 13 17 139
924 138 11 34 232
1145 138 5 3 12
301 140 26 30 309
709 140 10 20 153
1098 140 4 4 11
1003 145 9 20 115
1261 144 10 16 113
891 149 19 22 123
435 151 8 7 32
980 150 4 7 26
1146 152 3 3 8
1240 153 11 17 144
1149 156 3 4 9
1548 156 19 32 433
1097 159 3 5 14
332 161 4 4 10
527 160 7 5 23
566 160 7 11 63
823 161 24 23 243
453 166 10 15 104
889 167 4 9 33
1010 166 4 5 15
1084 169 4 6 22
1720 169 120 43 2060
1422 170 16 33 353
1024 173 4 8 28
322 175 7 5 28
551 174 8 18 116
1205 175 18 36 397
209 177 20 54 567
353 176 9 15 98
1108 176 9 10 62
872 179 14 23 135
1289 178 23 70 932
290 181 26 27 377
1154 181 4 6 22
1016 187 3 12 20
1044 186 5 9 38
609 188 10 22 146
1164 188 4 8 25
931 192 4 3 11
1124 194 5 5 18
1149 195 4 9 32
784 197 43 75 1162
964 196 3 4 12
342 198 10 18 130
1039 201 4 7 21
426 202 22 24 167
1253 203 19 80 951
1059 204 5 6 21
1093 205 3 5 13
1332 205 12 19 175
942 206 9 22 130
1130 206 6 7 31
470 210 19 30 209
1659 213 34 67 349
561 217 8 9 50
670 219 8 16 94
995 218 11 9 71
1110 218 8 14 81
296 221 13 29 219
849 221 5 3 11
879 221 12 8 81
1079 220 3 3 8
398 222 6 9 39
831 224 3 5 13
1726 225 35 37 192
1194 229 17 43 470
868 231 5 8 34
1036 231 3 3 9
1153 231 4 5 15
519 233 20 22 242
616 232 9 16 97
1019 232 16 21 202
1050 232 4 6 21
1082 232 4 10 25
134 235 12 14 110
927 235 3 3 7
1004 234 6 18 49
1421 234 7 8 38
828 237 28 52 627
1117 237 16 17 208
1384 237 17 28 261
1706 239 42 30 259
1103 241 3 8 21
1149 243 3 5 14
443 245 9 22 166
411 246 12 25 202
1514 248 17 26 293
531 251 36 39 636
1089 251 4 9 29
492 255 9 13 86
1013 255 3 6 18
701 257 5 5 16
1047 259 23 33 451
1256 260 135 125 4034
1027 262 3 3 8
1143 263 7 10 29
1200 264 53 95 1752
860 266 5 9 34
363 269 8 8 47
1013 269 6 9 39
977 270 8 14 60
998 271 6 6 22
618 277 9 23 114
316 278 10 14 92
786 279 6 13 66
885 278 12 10 89
120 280 11 4 17
1109 280 5 9 35
1736 280 11 11 36
806 283 8 19 114
1002 285 7 15 76
1076 285 16 15 111
1389 285 6 6 26
178 287 12 15 134
514 286 6 8 36
1123 290 16 22 219
1520 293 13 16 148
462 294 10 16 117
699 294 6 13 62
856 294 12 21 144
333 299 6 5 25
414 298 5 4 9
908 299 9 22 122
315 301 8 6 38
889 301 4 4 12
995 301 5 9 25
538 305 8 16 103
682 307 5 6 25
305 308 5 4 12
1028 308 8 6 23
562 310 6 6 24
1074 311 3 4 12
812 312 11 31 204
987 315 3 4 8
1042 317 4 7 24
403 318 7 5 25
767 319 6 17 78
893 319 5 7 26
1083 318 3 6 16
901 322 124 102 3502
678 324 10 12 92
1107 324 7 10 49
562 331 6 10 49
833 331 4 4 14
1071 331 3 16 45
1446 332 12 18 142
1696 333 7 5 26
336 335 6 4 19
1138 335 3 3 8
614 337 17 24 289
847 336 11 22 188
314 338 5 4 13
1173 339 13 27 261
1198 339 11 17 138
1712 338 3 3 9
1090 341 3 2 6
292 345 7 5 23
582 344 9 16 106
518 346 5 6 30
534 347 9 16 116
804 346 4 4 13
909 347 13 27 154
1393 349 11 19 162
444 351 12 12 82
478 351 7 8 42
461 352 4 2 8
225 355 12 6 43
814 355 5 11 42
876 355 13 19 123
1080 357 10 10 41
307 358 6 2 11
498 361 5 5 20
1000 366 9 5 34
147 369 19 39 462
562 371 5 12 47
1024 371 33 41 496
1100 373 15 25 125
1210 373 12 25 240
1358 372 25 24 276
746 378 11 11 40
918 381 3 7 14
881 382 4 10 31
107 385 21 16 150
243 384 11 13 118
840 385 4 7 21
367 387 8 8 47
223 390 9 5 35
1307 391 12 18 164
409 392 5 6 23
427 394 7 7 34
486 396 3 4 9
732 396 4 6 18
1491 399 19 25 316
1093 400 4 6 18
1281 401 20 51 448
1351 401 7 9 49
1121 402 2 3 6
611 405 11 23 160
699 404 5 6 22
1003 406 17 14 84
492 409 7 6 25
850 410 4 7 22
1369 410 10 13 97
172 413 12 8 65
531 412 13 22 167
875 412 12 7 51
1254 413 9 15 106
463 414 13 20 141
795 414 10 37 265
1125 414 17 33 262
332 417 6 3 15
1195 419 12 25 218
823 420 11 11 90
945 421 30 33 200
1044 420 10 10 40
1110 421 3 2 6
557 427 3 5 10
642 431 7 14 78
716 430 4 6 20
1348 431 12 19 157
863 432 8 8 33
1397 433 11 15 120
566 434 14 23 121
1226 435 18 25 206
333 436 7 8 26
1369 436 12 21 199
989 438 9 9 19
1079 443 4 5 16
522 444 3 7 12
618 444 6 8 38
765 445 32 33 312
1262 445 12 20 178
354 447 6 5 15
406 447 6 4 20
1167 448 8 13 74
507 450 5 4 13
1417 451 11 15 113
181 452 4 4 9
885 452 5 6 17
1002 455 17 21 156
1117 457 18 28 277
463 458 5 4 19
1104 459 5 6 21
944 460 39 36 496
1180 461 37 45 510
231 463 12 14 127
341 463 7 13 37
594 463 7 11 60
1338 463 5 6 20
862 465 4 6 18
840 466 13 16 160
1092 468 5 7 26
1299 469 12 20 164
503 471 6 8 36
390 473 5 4 12
617 473 7 23 98
720 475 9 13 76
1073 474 18 17 133
1020 477 17 26 242
1270 476 10 14 114
589 479 6 7 32
466 481 7 12 62
542 481 28 13 170
867 481 4 7 25
188 486 3 6 8
438 486 5 5 17
776 487 33 52 544
315 489 7 18 74
454 490 5 4 16
1210 490 18 9 82
811 493 7 10 41
869 492 12 10 77
1096 493 11 4 19
1163 492 9 18 126
934 494 5 6 20
1199 498 25 41 432
973 502 20 23 144
349 505 5 3 9
705 505 4 4 10
475 507 15 9 71
903 506 12 16 100
854 509 9 17 103
1079 509 5 9 38
1329 509 5 6 19
743 511 9 25 176
1046 511 2 4 7
1343 510 9 11 87
932 512 19 38 486
1263 512 40 58 982
690 514 4 3 10
327 517 25 8 67
890 519 4 5 18
1427 522 9 9 58
962 524 4 7 12
1014 528 76 71 1856
614 530 7 10 55
328 533 3 3 6
531 535 20 15 81
307 536 6 3 9
378 536 9 11 74
455 539 6 6 27
788 543 5 9 27
976 543 18 43 269
563 545 5 6 19
443 547 9 19 121
616 547 13 32 170
1235 546 10 30 182
1255 548 6 8 35
839 550 10 6 38
502 553 8 13 48
867 553 15 18 172
806 554 23 31 312
1217 555 8 9 61
1461 554 24 18 183
935 556 29 43 539
161 558 8 12 54
1156 561 12 33 305
527 563 7 11 54
544 562 10 13 59
1306 562 11 10 34
236 564 11 13 116
1430 565 11 18 157
430 568 7 11 64
760 570 3 3 7
893 570 5 9 37
1016 570 5 13 33
853 572 10 9 46
1180 573 28 32 389
350 577 5 4 14
372 579 5 3 9
780 578 3 6 13
1256 579 5 4 15
560 581 13 11 59
212 582 6 2 7
1303 582 4 4 10
1000 586 3 4 11
799 590 8 9 52
971 591 5 12 34
1273 590 29 22 338
888 593 19 8 96
249 595 9 6 36
544 594 6 11 43
671 595 12 7 55
831 597 3 4 10
1008 596 8 4 20
1056 596 5 7 16
619 599 4 10 33
268 600 9 12 81
710 600 4 11 18
313 604 7 11 65
1042 604 3 2 6
1138 606 8 15 93
1318 606 5 7 25
1399 606 33 32 364
816 609 7 21 126
1237 609 5 4 16
405 610 2 5 7
858 610 2 3 6
893 610 4 5 18
1051 611 6 2 8
414 615 6 3 10
1246 614 22 30 437
589 617 7 11 53
778 616 4 12 30
941 619 14 21 207
898 621 16 16 81
1068 621 18 16 68
1092 620 13 8 40
391 622 5 2 9
475 622 5 13 23
1361 623 12 25 206
321 625 9 14 38
364 625 5 5 13
574 625 4 2 6
985 625 2 3 6
403 627 12 18 82
622 626 4 4 13
540 629 23 24 138
1443 628 9 4 27
285 630 10 6 26
860 631 4 3 7
1217 634 27 25 313
1294 635 3 3 7
349 636 6 6 27
963 636 2 3 6
595 638 6 9 44
774 638 7 9 51
938 640 2 6 12
1070 643 4 5 19
225 644 9 12 71
735 645 15 7 54
623 646 5 6 22
929 647 3 8 23
1116 647 4 2 7
828 649 3 3 7
866 652 6 17 73
894 652 6 9 22
446 657 5 4 13
473 657 5 6 26
1373 657 13 18 152
165 661 8 13 45
518 660 3 2 6
1018 661 13 11 37
1291 660 12 22 166
888 662 2 3 6
956 663 16 17 90
1057 663 3 4 7
346 664 3 5 7
432 665 6 9 39
935 665 3 4 9
482 666 8 9 55
622 666 5 5 16
842 666 6 8 35
588 669 8 12 45
881 669 16 24 119
993 668 3 12 18
543 671 11 5 21
1059 670 33 48 405
1186 670 14 15 124
273 673 3 3 6
1236 673 23 19 225
1324 672 11 17 132
1159 676 12 6 34
768 678 3 3 7
861 678 3 3 6
1095 678 5 5 7
845 683 9 15 36
360 685 5 5 14
470 685 12 13 74
503 685 4 8 18
528 686 16 7 92
553 686 7 12 44
786 686 34 20 364
919 688 2 4 8
1393 689 9 17 125
829 691 3 3 6
331 693 7 6 31
443 692 11 29 99
1177 693 40 40 612
613 695 6 16 48
26 696 4 2 6
571 698 6 7 35
715 700 12 13 51
978 701 16 15 117
463 704 4 2 6
802 704 48 41 600
874 704 8 15 68
756 707 2 4 8
915 707 2 4 6
1045 709 6 9 31
208 710 29 21 239
1008 710 8 8 18
748 712 4 5 17
797 713 2 6 12
1123 712 8 11 59
1455 712 10 13 64
931 714 3 3 9
988 714 69 79 1017
183 716 9 12 36
322 717 12 11 65
864 716 3 5 14
783 719 5 8 33
1080 719 10 11 60
1143 718 6 7 28
620 721 4 3 8
767 720 6 8 39
917 723 10 13 51
485 724 5 5 10
896 724 2 5 9
1398 724 10 27 185
352 727 11 8 41
724 727 3 3 7
1225 727 20 23 187
190 731 7 8 22
707 731 6 8 41
893 731 2 3 6
993 731 2 3 6
541 733 27 14 125
841 732 39 48 531
458 735 5 5 18
1163 737 6 10 48
732 739 1 10 10
750 740 439 259 29181
975 740 10 5 20
536 744 4 7 22
605 745 13 4 37
895 744 2 4 7
1328 744 10 13 96
485 746 7 13 68
364 748 8 10 25
632 748 7 7 34
1143 749 6 8 44
441 750 4 6 12
1293 750 22 15 204
544 752 16 26 137
1348 753 7 9 40
59 755 5 3 7
0 756 5 11 26
652 759 2 6 7
107 760 6 4 17
479 760 5 5 15
316 763 7 4 15
602 764 14 40 125
933 765 39 24 319
1179 765 28 13 120
284 766 5 4 18
565 767 7 5 20
872 766 2 7 12
1034 767 3 2 6
131 771 4 3 6
167 772 13 27 172
1207 772 24 34 301
325 774 12 4 18
1165 776 12 16 143
198 779 5 2 6
414 779 6 3 11
1189 779 17 12 83
46 781 3 4 7
855 780 6 10 26
1031 781 2 3 6
207 782 12 9 61
265 786 5 5 15
331 787 10 3 19
517 788 4 4 12
577 788 8 11 59
734 788 3 5 12
1218 789 44 63 757
1285 788 9 10 67
1355 789 7 9 48
379 792 8 12 28
499 794 5 11 23
1180 795 3 5 14
856 797 16 24 113
899 797 15 14 47
394 803 4 3 7
1317 802 8 10 65
881 805 2 7 13
552 806 13 14 77
964 807 7 2 8
988 806 45 31 543
1335 807 8 9 55
357 808 3 3 6
1058 809 6 6 32
972 811 6 10 17
361 812 8 9 28
481 813 4 4 14
746 812 13 15 77
566 815 3 3 8
611 814 4 8 30
906 815 2 3 6
580 817 4 6 10
899 818 5 4 13
1037 822 1 6 6
455 824 6 2 8
602 824 3 4 10
770 824 3 3 7
472 826 7 12 60
617 827 11 18 114
736 828 2 6 11
544 831 34 16 277
1038 830 3 5 13
1297 830 15 17 166
492 835 6 5 13
591 834 18 8 43
131 836 3 10 20
529 836 4 2 7
524 839 5 6 15
230 840 25 23 154
276 840 8 9 34
654 841 12 6 29
1188 841 14 15 159
0 843 8 2 12
737 843 14 11 50
929 842 3 2 6
368 845 6 2 9
769 845 7 11 62
378 848 7 5 28
513 850 9 14 58
534 853 24 40 199
596 853 9 5 21
807 852 13 51 180
982 853 26 25 322
355 859 7 21 55
486 859 7 13 41
689 859 5 6 23
1395 861 6 6 17
1209 863 12 19 138
117 864 4 5 10
409 867 12 3 35
212 869 10 12 47
653 868 11 7 25
1265 868 8 17 67
1291 868 6 16 67
455 871 2 4 8
499 870 4 9 18
557 871 9 4 21
595 873 5 5 18
309 875 4 3 7
574 875 2 5 7
632 875 10 24 83
1189 876 13 14 85
1153 880 4 6 24
447 882 6 2 7
173 884 11 3 14
521 886 15 14 82
596 887 3 13 30
331 888 6 5 15
741 889 5 6 30
841 890 4 4 14
1210 890 6 10 45
579 892 5 6 25
178 894 7 2 13
1331 895 8 11 66
534 897 26 26 217
686 896 5 3 9
207 898 13 11 52
700 898 3 4 9
835 901 3 4 12
1293 901 7 8 43
784 903 6 9 39
1221 903 11 22 112
46 905 5 11 31
364 904 5 3 13
589 906 21 16 137
1127 906 4 6 20
324 908 4 3 8
1816 908 7 3 9
1140 910 6 23 97
564 913 16 21 91
1156 912 39 22 307
1284 912 5 5 15
248 914 4 6 13
509 915 2 5 8
861 914 7 19 95
658 916 8 22 83
436 918 17 3 23
466 919 8 1 8
1200 921 23 24 194
747 923 3 3 9
827 923 3 5 14
521 925 36 29 431
1318 924 7 8 37
1456 926 3 7 10
496 928 6 3 14
686 929 30 13 154
1104 929 8 11 70
235 935 6 3 11
456 935 5 5 12
1252 935 6 8 39
604 937 11 3 28
647 939 5 4 13
370 941 3 3 7
819 941 5 10 45
1089 940 10 5 27
488 942 10 13 89
506 942 5 6 23
589 943 4 6 15
751 942 4 5 14
1357 943 8 13 78
69 945 4 3 6
796 945 2 11 14
412 947 6 11 30
1184 947 6 9 40
253 948 7 4 13
1106 948 41 20 373
634 951 3 3 6
1058 951 7 2 8
261 952 17 11 149
808 952 4 5 15
1201 953 7 9 45
1228 953 7 10 56
1277 953 8 10 59
560 954 5 8 19
162 956 6 7 23
373 957 7 3 13
396 956 3 3 7
694 958 3 3 7
786 958 22 19 129
1087 958 5 6 22
312 961 7 4 12
400 965 8 5 17
689 964 7 9 36
722 965 16 11 67
1247 967 24 16 204
513 969 4 2 6
569 968 3 4 10
672 968 2 9 10
1033 968 6 11 19
1180 969 6 13 44
1221 969 6 9 46
492 970 14 3 28
930 970 8 10 48
523 972 5 4 13
854 972 8 10 42
573 975 13 4 23
628 975 10 11 46
1076 974 5 8 24
610 976 8 10 36
711 978 4 2 6
1128 978 35 72 852
386 980 11 7 35
477 980 5 10 22
750 981 7 16 86
534 982 20 28 146
674 983 3 2 6
1311 984 6 11 51
236 987 22 12 76
399 986 3 5 15
562 987 22 25 215
44 989 3 3 6
822 989 5 21 55
1283 989 4 5 14
424 990 12 11 69
36 993 7 6 27
499 995 3 7 10
607 994 19 21 125
800 994 5 8 36
883 994 2 4 8
734 996 4 4 6
629 999 3 3 6
1363 1001 3 3 7
586 1003 4 4 12
363 1004 4 4 11
660 1004 7 10 41
886 1004 5 7 29
1086 1004 14 10 60
1110 1004 5 12 53
806 1006 4 12 33
642 1009 9 5 13
950 1009 3 3 7
1514 1009 7 10 29
480 1011 10 16 59
513 1011 14 9 45
746 1011 3 6 14
927 1011 4 4 10
1258 1011 3 2 6
193 1013 12 9 40
300 1012 2 6 8
1186 1013 5 7 21
1068 1014 6 11 50
88 1016 6 8 13
374 1017 3 3 7
841 1017 3 6 17
1236 1016 15 8 83
668 1018 3 2 6
1125 1019 2 5 9
270 1020 7 5 18
466 1021 3 3 6
773 1021 6 14 61
318 1022 9 18 51
159 1025 12 5 24
888 1024 3 5 10
636 1027 3 3 8
849 1027 6 9 42
547 1029 5 8 36
1162 1028 5 7 29
801 1030 4 5 17
371 1032 4 5 15
496 1032 12 4 27
625 1035 38 54 325
1215 1034 9 23 103
274 1037 11 13 55
294 1038 10 5 24
615 1039 5 5 18
1333 1039 6 8 20
334 1043 13 9 30
572 1045 39 25 263
1182 1045 10 12 77
1289 1044 6 7 23
400 1046 4 11 15
822 1050 5 11 28
1439 1052 4 2 7
1045 1055 10 24 73
1274 1054 5 8 29
1503 1055 5 4 13
1140 1056 6 8 34
228 1058 8 6 30
540 1059 3 3 7
1074 1059 4 8 29
1164 1059 11 16 98
560 1060 4 4 12
1233 1063 16 19 75
1111 1064 3 4 10
79 1067 6 5 21
733 1066 16 29 146
893 1067 20 11 89
1471 1066 6 2 7
287 1068 10 11 49
549 1068 6 15 39
775 1070 14 13 73
1381 1070 3 3 6
621 1072 3 4 10
801 1075 5 11 30
852 1075 5 10 34
130 1076 11 11 70
483 1076 2 4 6
831 1076 3 5 14
1178 1077 5 6 22
1199 1077 5 5 23
311 1078 6 9 37
560 1078 29 24 173
1686 1083 4 4 7
979 1084 4 3 10
455 1087 3 4 7
525 1089 2 4 7
806 1090 14 3 20
829 1092 3 3 9
1216 1092 5 6 23
648 1099 7 6 25
686 1099 5 4 13
718 1102 2 3 6
782 1103 7 5 11
918 1102 11 5 21
513 1105 3 5 12
842 1104 9 13 28
191 1106 10 2 11
1150 1106 4 7 22
1215 1107 5 7 28
1243 1106 4 4 12
548 1108 7 13 46
672 1110 6 5 17
962 1111 3 5 11
1171 1110 3 3 8
746 1112 3 17 29
1107 1112 4 5 15
1113 1112 18 16 150
304 1115 19 13 58
803 1116 1 9 9
1076 1116 4 4 10
599 1119 6 7 25
730 1119 5 7 23
576 1120 5 7 25
887 1120 6 16 55
1392 1120 5 5 11
356 1122 3 5 11
542 1125 1 8 8
611 1125 18 7 39
1260 1124 20 16 69
831 1126 4 6 20
483 1129 5 5 16
694 1130 10 10 26
1547 1132 3 2 6
462 1135 3 2 6
634 1135 2 3 6
555 1137 5 5 17
735 1137 5 4 15
756 1137 20 16 125
1139 1137 7 10 48
1714 1137 6 5 17
713 1139 10 16 80
316 1141 4 2 6
531 1141 13 8 61
1201 1141 4 6 20
327 1143 5 6 12
581 1143 24 15 106
1081 1142 6 4 14
691 1144 3 6 15
704 1147 3 8 10
1265 1146 8 10 39
388 1149 7 6 24
1101 1148 4 2 6
1193 1149 3 3 8
1223 1152 3 4 10
1085 1154 4 6 21
1395 1155 9 1 9
493 1156 9 8 16
429 1159 15 16 80
794 1159 14 4 29
545 1161 2 10 13
647 1161 6 7 26
788 1163 3 7 21
507 1165 10 9 27
13 1166 5 6 11
656 1167 10 4 24
823 1166 4 3 9
1097 1167 3 7 21
1206 1169 8 13 56
692 1171 11 7 35
1256 1173 2 7 9
494 1176 5 6 16
535 1177 6 5 19
1034 1177 4 2 6
116 1179 5 2 6
735 1178 3 4 11
1449 1179 3 5 11
359 1180 3 3 8
661 1180 4 6 24
1713 1181 8 5 17
325 1182 6 8 44
632 1182 6 4 17
103 1184 5 2 8
450 1185 28 19 107
580 1187 3 6 12
1188 1187 4 4 12
596 1188 2 5 9
668 1189 3 5 7
1029 1189 3 3 6
1119 1189 5 13 22
784 1190 4 6 15
1132 1191 17 8 62
275 1192 5 3 11
442 1193 3 3 7
677 1193 10 4 15
322 1194 21 10 67
664 1195 3 3 6
379 1197 2 3 6
296 1198 5 7 14
526 1199 16 14 68
1081 1200 3 3 7
1463 1201 4 3 8
491 1203 9 7 48
779 1202 2 6 11
405 1204 6 9 20
739 1208 3 4 12
1339 1208 3 3 6
949 1210 2 5 9
141 1213 15 15 142
1171 1214 6 7 12
344 1216 5 4 18
1152 1217 4 5 17
745 1220 3 8 22
353 1222 2 6 12
811 1223 2 5 9
506 1224 2 4 8
938 1224 5 4 18
675 1226 9 2 10
