0 0 1840 1228 2124058
126 0 21 24 364
415 0 10 7 63
662 0 22 52 618
927 0 15 27 287
1109 0 11 22 155
1316 0 11 13 113
1004 6 9 20 134
1396 6 9 13 84
429 8 9 10 69
1181 8 12 33 199
1441 12 6 5 22
255 14 18 36 467
979 18 6 7 37
1471 23 9 11 57
964 24 10 37 211
1127 24 11 23 206
540 31 7 10 56
1393 30 4 6 18
472 32 42 55 1258
606 35 9 17 131
993 36 6 10 45
1372 36 9 3 17
1630 38 7 6 21
368 41 24 45 486
718 41 9 10 67
1477 47 2 4 6
696 50 10 16 140
792 51 9 20 155
1150 52 25 44 708
1323 53 5 8 27
1579 55 13 15 133
1644 57 75 100 3394
435 58 12 20 196
574 60 9 9 59
1780 64 48 76 2116
707 66 15 61 616
989 67 5 6 22
1534 67 8 5 26
1341 75 10 11 78
247 76 24 71 1064
1316 83 3 3 7
1077 84 2 6 10
1422 85 3 3 7
1378 86 5 7 28
365 94 19 35 507
1257 95 13 10 81
984 97 6 10 51
333 99 13 15 141
1128 99 28 48 548
584 105 10 19 161
1467 105 13 17 154
664 109 23 43 641
1098 115 5 6 24
734 117 16 23 265
492 125 8 22 74
1538 125 53 116 2193
1514 128 11 11 82
696 134 9 30 209
521 136 7 6 27
1287 136 9 21 107
1394 136 3 5 10
1487 136 9 11 78
964 138 28 35 273
1358 142 7 10 53
1827 147 13 19 192
909 157 12 30 304
1248 156 24 53 635
1220 158 13 18 175
532 161 11 16 103
740 161 10 22 172
988 161 7 11 63
1134 164 8 14 78
814 171 9 16 120
1494 172 9 13 59
598 176 23 22 246
403 183 7 8 41
422 184 7 5 28
1298 185 5 9 36
1360 184 6 3 11
656 186 13 32 314
962 187 5 6 21
786 192 10 19 146
973 195 6 2 9
1356 200 28 46 329
1121 202 12 25 158
232 206 7 6 27
695 216 59 97 1731
934 217 13 42 399
997 217 6 12 59
1430 217 35 39 704
540 218 6 10 43
1263 219 15 20 148
1069 226 11 20 120
441 228 6 8 33
560 230 10 29 242
751 231 7 14 69
1620 231 41 36 800
1135 233 6 24 72
1226 236 5 6 21
1683 239 15 8 78
664 243 9 18 128
1524 243 11 12 91
1813 243 27 94 1449
1160 245 20 48 542
544 246 6 17 59
1477 246 28 58 1048
407 248 11 16 141
1100 251 6 6 26
379 253 11 11 75
992 252 6 10 43
447 255 8 25 176
1239 256 9 10 68
1299 256 7 7 36
220 258 16 31 392
314 259 14 27 322
426 264 11 23 167
763 265 11 33 224
973 267 20 39 348
1366 268 13 6 37
1104 270 15 27 235
1573 273 30 45 827
557 277 7 7 32
536 278 5 4 16
1225 279 9 28 126
1437 278 14 9 85
1078 281 11 31 133
573 282 8 12 66
598 282 8 10 60
1242 282 15 27 118
1763 283 20 19 286
1360 284 3 4 9
650 288 12 23 218
1000 292 12 8 43
790 294 9 11 72
1341 294 12 18 117
1322 296 4 6 17
1123 300 5 13 54
269 305 20 45 635
342 305 33 36 535
536 304 6 6 25
1371 309 5 4 16
818 310 8 10 65
1285 310 4 4 10
1739 311 19 21 266
1360 313 4 5 14
1408 315 25 40 626
698 316 20 29 357
994 316 5 7 31
643 318 11 40 296
726 323 8 14 80
1348 331 8 9 37
1123 332 3 4 10
1143 333 14 12 58
809 335 4 17 23
1155 336 27 78 1098
493 339 8 7 28
568 339 7 8 34
1092 338 22 36 332
828 341 21 19 126
1339 343 4 2 8
1458 342 39 34 642
933 349 5 4 13
1260 351 5 8 30
1324 353 7 12 53
451 354 8 7 39
1239 354 3 10 15
1358 354 6 12 38
1364 355 31 73 1241
821 357 4 5 8
1270 357 6 8 33
411 360 6 9 37
581 360 17 26 202
772 362 28 37 422
1809 363 10 5 41
1739 365 28 30 587
1835 366 5 24 73
933 370 5 8 33
1278 373 26 51 414
1320 372 4 8 23
608 376 7 17 60
631 377 13 17 135
848 377 32 38 390
414 379 7 14 80
1051 379 5 11 37
1262 380 5 8 34
522 387 5 3 10
872 389 20 13 63
1310 389 4 3 7
554 391 7 10 57
970 390 5 6 17
1127 393 129 92 2251
1472 392 6 2 9
439 395 10 17 130
718 396 21 24 260
818 396 3 8 13
523 400 6 11 44
1013 400 5 9 35
692 402 11 21 169
840 402 4 3 11
1070 405 3 3 7
1119 405 5 7 14
798 406 31 30 291
1307 406 4 3 6
754 408 6 15 50
972 416 20 32 196
873 419 9 3 11
1078 419 28 38 561
1339 419 10 9 44
1056 420 4 3 10
820 422 17 18 78
1275 422 9 10 62
708 424 14 23 115
616 427 2 5 6
850 427 10 6 19
905 428 10 14 100
733 430 7 12 66
1253 431 3 3 8
1331 431 12 11 32
1437 431 6 6 23
1702 431 26 18 194
667 432 6 6 19
412 436 5 7 23
260 439 12 18 174
963 439 3 3 9
1155 439 10 18 113
1818 439 22 26 486
788 441 3 2 6
1367 440 4 7 23
1029 442 5 7 28
801 445 1 8 8
1447 445 9 10 61
1265 447 10 10 70
462 451 8 13 68
488 450 5 4 15
1780 451 29 43 697
783 452 5 2 10
1698 453 43 66 1604
848 456 4 6 19
914 461 13 19 107
886 463 5 9 15
982 464 6 6 14
1214 464 11 9 52
237 466 10 6 57
1446 469 37 56 998
449 472 20 13 138
1426 474 9 15 94
268 477 12 13 109
1246 477 4 4 15
624 479 7 9 39
788 479 13 14 94
1144 484 17 38 290
503 487 8 25 118
814 487 10 29 191
936 487 3 6 14
1040 488 7 7 13
1210 489 24 29 318
1624 489 12 15 83
1738 488 26 38 466
1169 491 4 5 15
1260 492 23 31 270
1318 493 8 9 34
774 495 7 18 102
1121 495 6 6 21
1256 496 7 8 28
882 498 10 27 217
948 499 10 10 73
273 509 16 24 297
356 508 13 19 178
441 509 8 5 18
688 508 21 29 439
968 508 10 10 48
1827 511 13 43 374
791 516 11 13 94
1286 517 16 13 87
1380 516 26 34 243
569 518 19 30 315
1118 518 6 9 42
1161 518 4 10 26
548 520 3 2 6
744 521 8 15 102
717 523 10 23 145
458 527 7 6 28
1078 527 8 17 67
1594 526 7 4 17
1613 527 30 62 831
1666 529 15 12 123
816 530 110 90 3448
1204 531 11 24 150
1317 535 37 34 755
304 537 12 11 97
523 538 17 12 75
626 539 12 16 137
989 538 3 3 6
1014 539 3 4 7
1148 538 3 3 6
681 543 5 11 41
469 544 7 4 19
1411 545 16 17 126
1273 547 3 4 8
1169 549 11 8 18
1130 550 11 4 17
543 552 18 30 161
1747 552 5 3 9
338 554 11 12 97
1213 556 6 10 37
521 559 11 4 21
1137 561 2 4 8
618 563 4 4 11
725 563 11 21 103
1035 562 3 4 9
1086 562 3 6 16
1650 563 15 22 223
278 564 22 21 209
973 565 5 2 6
1804 565 19 17 222
934 567 4 3 9
1149 566 8 3 23
727 572 24 32 180
1134 573 3 4 11
1286 577 64 68 1775
1050 581 3 3 6
1140 581 5 7 24
1224 581 10 8 50
1258 581 19 19 121
1420 581 7 8 37
766 583 9 16 58
1007 583 3 5 11
1745 583 3 2 6
416 585 7 6 28
488 585 6 5 23
1461 584 9 16 69
980 587 3 6 16
525 588 4 4 9
1088 589 4 4 10
446 591 8 21 126
503 590 4 2 6
805 590 4 8 29
1245 591 2 5 6
1119 593 4 5 17
1219 594 3 4 9
957 599 3 3 6
1116 598 34 40 465
1701 601 9 7 45
1087 602 4 8 19
1222 603 7 14 84
1062 604 9 6 29
1200 606 3 4 6
1512 608 32 38 604
1661 608 14 15 120
475 610 6 6 32
967 612 3 4 12
287 614 11 18 129
1188 614 6 18 43
869 617 2 5 6
971 619 7 12 58
1217 618 5 8 39
1576 620 38 33 480
789 622 2 4 7
884 624 7 15 87
689 626 6 10 47
942 627 14 8 38
1043 628 5 8 26
484 631 7 7 24
608 630 12 5 24
1097 631 11 16 83
821 635 10 16 78
1236 635 6 5 23
540 636 7 4 14
1834 636 6 2 6
580 638 4 5 13
790 638 13 35 293
1152 638 20 19 135
979 641 5 8 27
1035 641 2 3 6
933 643 3 3 6
1731 643 40 51 644
1216 645 18 10 99
1252 645 16 14 133
1379 644 7 4 23
521 649 4 3 10
1446 651 4 3 6
707 653 13 21 166
850 653 5 17 72
1076 652 51 69 825
1589 653 15 15 69
372 654 12 15 125
506 655 4 2 7
546 654 4 5 14
1320 654 7 4 15
743 657 4 18 33
1011 656 6 6 23
908 658 3 4 10
1206 658 4 7 24
1033 660 5 4 10
1272 660 8 10 53
351 663 6 4 14
663 662 5 4 14
948 662 4 6 18
638 664 8 15 81
1062 665 6 5 12
1366 665 8 11 62
811 667 5 6 22
1077 666 3 4 9
966 669 2 3 6
298 671 8 8 29
539 671 4 3 9
596 671 12 14 120
940 671 3 3 7
1016 670 3 4 10
1519 671 31 30 496
1181 672 3 3 7
1197 673 4 4 12
1559 673 11 9 55
448 675 5 4 15
1337 675 6 2 7
1818 675 6 4 9
727 676 8 20 121
1035 677 2 4 7
1232 678 11 22 79
826 681 4 7 24
1381 683 4 7 19
616 685 6 9 35
789 685 5 6 27
426 687 12 12 104
1345 686 7 7 18
538 688 15 13 104
998 689 10 9 33
306 690 4 3 10
1127 694 16 21 148
901 697 4 5 18
292 700 15 12 99
511 700 5 4 8
652 700 4 4 12
1197 700 6 9 22
448 703 16 47 161
1232 703 5 11 37
1797 705 43 49 1227
718 707 8 12 71
905 707 3 4 12
1106 707 6 7 14
1684 707 19 20 214
941 708 2 3 6
1305 709 3 3 7
593 711 12 6 48
744 710 6 13 45
629 711 428 228 29450
492 713 5 8 35
533 713 4 6 12
1146 715 23 26 334
1266 714 15 13 77
912 716 2 3 6
941 717 6 11 46
1737 716 28 51 606
584 718 5 5 20
1218 719 3 4 10
420 723 8 9 57
1117 722 20 9 84
1364 722 6 14 54
997 725 5 5 24
302 726 13 13 106
1066 726 25 41 308
1175 726 14 12 31
903 728 12 7 36
1626 728 20 29 335
660 733 4 14 47
808 732 15 20 159
1506 732 4 3 9
1207 737 6 2 7
1239 736 5 3 8
598 740 4 4 9
1129 741 3 4 10
1693 740 40 70 1199
760 742 6 10 47
1357 742 7 4 20
780 745 6 9 47
919 744 3 3 7
309 746 9 11 52
577 749 5 4 17
957 749 5 3 9
1143 749 18 7 56
1584 748 9 7 54
872 750 2 3 6
1564 751 16 32 210
372 753 10 14 96
740 752 6 8 39
1474 753 5 2 6
401 754 11 15 110
937 756 4 5 14
456 758 4 2 6
1654 759 21 21 215
512 760 4 6 16
762 760 5 11 42
810 761 2 4 7
1106 761 6 3 9
1207 760 14 16 58
336 763 12 12 98
472 763 6 3 13
1626 762 6 8 18
1132 764 13 33 200
1269 764 7 3 10
1115 767 11 6 30
1233 766 3 3 8
949 768 3 4 11
1241 769 7 5 29
544 771 5 3 11
1172 773 35 56 372
1284 773 12 12 59
1332 773 20 19 106
937 775 3 4 10
1082 775 4 5 14
802 776 12 8 68
1682 778 11 9 73
1750 781 5 2 8
1218 785 12 13 93
1415 785 3 4 9
1448 784 3 4 7
1105 787 7 11 29
1378 791 3 3 7
572 793 6 6 26
790 796 6 11 53
1373 797 3 5 7
1484 797 27 36 481
1617 797 15 13 119
956 798 3 4 10
804 801 10 7 47
1094 800 5 5 14
1044 805 4 6 19
460 806 6 4 22
1216 806 24 46 523
1156 809 2 10 11
1283 809 7 3 8
1091 812 11 7 19
1637 812 27 37 390
864 814 5 5 13
1065 816 2 3 6
1074 820 6 4 19
148 823 6 2 6
439 822 5 4 14
593 822 4 7 22
1069 822 70 38 929
1137 823 3 4 8
1161 823 3 3 8
1453 827 5 3 11
1606 826 20 23 220
411 828 17 16 139
1441 828 5 5 16
1266 830 5 3 11
1166 833 6 5 27
503 836 5 3 11
1190 838 13 25 202
396 840 5 5 8
890 840 6 10 35
561 843 5 7 31
1538 843 11 7 53
575 845 4 6 22
1275 845 30 33 282
1577 847 12 22 142
1566 848 7 6 31
1250 851 6 5 20
524 854 3 4 9
1462 856 4 3 8
1600 857 5 2 8
1100 859 7 3 15
1492 858 6 4 15
420 860 35 30 201
1243 863 21 18 82
1077 865 2 8 9
1526 864 16 15 78
1606 865 10 18 72
1375 866 3 3 6
1501 866 3 3 8
312 868 32 14 184
1170 868 5 4 14
1222 868 4 2 7
1442 869 16 23 243
1048 872 7 11 38
1119 875 8 8 54
536 876 4 2 6
1159 882 10 5 31
1091 885 10 10 36
1206 884 5 3 9
1151 887 4 3 9
1677 886 26 19 346
581 889 6 7 28
1186 889 3 3 8
1382 888 3 6 14
1555 889 26 44 516
448 890 10 10 59
1070 890 11 18 75
1413 891 4 4 9
1211 893 9 2 18
1117 895 28 43 236
1288 894 6 5 19
1527 894 17 5 33
772 899 3 5 13
791 898 11 13 68
1043 901 3 3 7
1153 901 6 7 32
1352 902 23 19 201
1497 902 12 12 85
1104 904 7 17 70
738 907 3 5 13
1217 907 33 22 212
446 908 4 3 9
1314 908 25 32 286
1187 913 13 20 155
731 914 2 10 12
607 918 4 5 14
711 919 4 4 14
1254 922 17 16 119
1702 923 14 14 136
465 924 9 5 20
715 924 7 8 20
1059 924 7 14 67
802 929 16 4 26
1126 928 26 32 286
510 931 4 3 6
1084 930 8 2 10
1226 930 8 7 43
1353 930 10 5 23
1688 930 5 3 8
729 933 4 4 14
773 933 13 10 45
1386 933 7 1 7
901 935 3 6 16
1207 937 4 4 10
701 938 4 3 8
752 938 5 6 26
1029 939 8 2 16
1167 939 3 4 8
446 941 14 7 41
670 941 5 6 15
891 941 2 5 7
1232 940 26 30 242
1536 940 12 11 92
719 942 10 18 107
1115 943 3 5 8
1215 942 6 8 34
1283 943 13 18 138
1431 942 25 12 135
1341 945 16 24 274
1517 947 3 5 6
419 948 8 9 37
826 950 2 4 8
1758 951 18 22 188
93 953 9 7 30
626 952 5 2 6
1378 952 4 5 9
704 957 6 7 30
742 957 6 9 41
1172 957 15 24 143
1096 959 4 6 19
1319 958 6 6 18
358 961 7 11 26
519 961 9 26 149
74 963 6 5 16
1212 963 10 13 93
1102 964 13 18 114
1585 965 18 16 78
324 969 7 8 42
1020 969 28 14 133
1625 968 11 7 60
1460 971 8 13 59
420 973 15 18 117
765 973 5 21 42
1259 972 9 7 15
337 974 14 20 153
456 978 4 4 11
1442 978 3 3 6
1195 980 2 6 8
1534 981 12 24 127
375 982 2 3 6
1415 983 27 18 172
719 985 5 9 34
1140 985 4 5 18
1350 984 13 7 45
982 986 12 22 75
1580 987 8 10 33
1692 987 15 12 115
1005 988 33 42 358
411 990 4 5 14
365 992 4 5 13
1645 995 5 7 20
459 997 4 5 10
1748 996 11 8 54
446 999 13 28 126
1506 1000 7 16 51
828 1004 2 5 7
1094 1004 7 19 31
1419 1009 8 6 29
1601 1009 2 7 8
1309 1011 17 22 219
1112 1013 5 17 37
1133 1013 2 4 7
1392 1013 5 7 23
268 1015 3 4 7
981 1017 9 8 41
683 1018 16 23 232
893 1019 3 5 7
800 1020 4 12 15
1280 1021 2 3 6
716 1023 8 4 21
827 1022 2 6 11
1210 1022 15 16 38
539 1024 5 3 7
349 1027 15 16 107
1241 1029 3 2 6
1273 1029 5 7 17
747 1030 6 22 45
328 1032 6 2 9
660 1033 5 22 68
136 1036 4 4 12
1042 1037 5 6 23
1482 1036 8 8 41
1610 1038 10 7 49
1442 1041 7 5 17
1695 1041 4 3 8
1499 1042 13 20 152
1815 1043 8 4 12
361 1045 6 8 34
423 1045 16 9 71
1060 1044 4 2 7
1053 1049 6 4 13
1171 1049 12 17 74
1554 1048 5 5 17
533 1052 4 6 17
1019 1053 5 9 35
1120 1052 16 32 158
374 1056 4 5 10
1239 1056 7 4 24
71 1058 4 4 7
441 1059 3 3 9
633 1058 3 3 6
658 1059 2 3 6
911 1058 2 9 10
957 1059 11 11 56
987 1058 14 16 117
1060 1061 10 20 109
1385 1061 3 11 14
540 1062 3 3 7
682 1063 2 4 8
32 1064 3 4 11
444 1064 7 8 36
1087 1065 19 24 97
1596 1066 6 7 34
1614 1066 22 17 184
1222 1069 15 21 161
1470 1069 13 10 71
1797 1068 21 12 153
38 1071 6 3 14
647 1074 12 5 38
1078 1075 2 4 8
1391 1074 18 32 256
1537 1074 23 14 179
1208 1079 6 10 43
1418 1078 19 14 125
198 1082 3 3 6
630 1084 11 13 67
683 1085 3 4 12
422 1086 5 3 8
533 1091 5 9 40
1112 1091 27 26 222
1327 1091 4 3 6
115 1092 5 3 11
1188 1092 5 7 17
1483 1092 2 8 14
659 1095 31 15 135
872 1095 2 5 8
126 1097 3 6 17
1091 1096 4 5 16
1333 1097 13 9 51
1667 1100 4 6 16
120 1105 6 11 24
1717 1105 7 7 21
1034 1107 3 6 10
1661 1107 3 3 7
718 1108 7 13 42
369 1111 4 2 6
642 1112 4 3 7
1259 1113 12 10 56
1807 1112 6 4 20
1055 1114 5 7 16
1080 1115 3 4 11
388 1116 23 12 120
1813 1117 6 4 15
1354 1119 4 10 28
636 1121 4 11 21
1201 1121 5 4 15
558 1122 4 9 27
1339 1123 6 6 32
460 1127 7 10 46
1419 1126 17 16 96
649 1128 4 6 10
1348 1129 4 6 9
1213 1133 7 7 30
429 1135 4 3 10
563 1135 4 8 16
1463 1134 5 6 13
1526 1134 26 8 68
437 1139 3 7 15
476 1139 7 8 43
1150 1139 7 8 31
1405 1138 7 7 31
1290 1143 3 3 6
1511 1142 10 4 26
379 1144 2 4 6
680 1145 2 4 7
1639 1144 3 8 9
1729 1145 7 8 40
1789 1145 4 4 9
1319 1147 3 3 7
1449 1146 13 13 64
951 1149 4 4 11
989 1149 3 7 11
1066 1152 8 6 37
259 1155 5 3 9
607 1155 4 5 12
659 1157 6 11 40
472 1158 5 14 33
1054 1159 7 6 27
1289 1158 6 11 24
1485 1158 15 14 111
1636 1159 4 6 13
815 1163 8 8 36
497 1166 9 4 19
1016 1171 18 6 38
992 1173 5 8 31
1518 1172 10 11 54
568 1175 4 4 12
692 1174 2 3 6
1225 1177 2 5 6
1079 1178 10 10 19
1137 1179 7 7 33
464 1180 7 7 19
1334 1181 8 3 11
1435 1181 5 7 18
974 1183 4 12 41
546 1185 4 5 12
1650 1184 12 3 13
93 1186 5 6 13
432 1186 10 15 112
1532 1187 8 12 26
343 1188 6 7 32
1482 1189 6 5 17
1113 1190 5 7 22
1307 1190 6 8 13
324 1192 5 3 7
358 1192 6 3 12
662 1200 5 4 12
1566 1200 5 9 39
1164 1202 8 5 15
370 1204 3 3 7
1355 1204 12 24 108
1046 1208 10 3 12
1082 1209 2 9 13
189 1212 7 5 9
442 1212 7 16 39
926 1213 6 6 28
1491 1212 7 6 26
1454 1214 4 5 17
1228 1216 5 3 10
1047 1221 6 7 29
1090 1220 10 8 29
1335 1221 10 7 57
532 1222 13 6 27
1068 1223 3 5 14
180 1224 4 4 7
282 1225 6 3 14
417 1225 8 3 10
993 1224 10 4 21
1288 1224 9 4 35
1727 1227 6 1 6
