0 0 1840 1228 2135772
255 0 16 9 106
345 0 6 2 9
650 0 7 4 23
954 0 2 6 7
985 0 3 5 13
1007 0 6 5 22
1027 0 4 4 13
1159 0 12 13 113
1239 0 6 7 32
1279 0 22 38 504
1337 0 28 35 699
900 5 9 17 108
288 7 11 11 75
1265 6 5 5 17
107 12 20 20 256
830 14 10 34 210
1764 16 43 48 1025
582 18 7 15 86
1425 21 69 113 2389
533 23 12 18 134
1038 27 19 25 261
1423 26 7 12 58
483 28 22 28 463
1158 28 22 31 395
913 35 47 74 1506
363 36 10 13 96
564 36 9 23 181
1011 46 6 8 33
1399 47 32 32 586
1133 49 4 9 28
410 51 24 27 361
894 51 5 7 28
1187 50 30 49 948
37 52 15 14 132
385 58 12 18 167
1325 58 10 15 92
539 60 13 36 263
461 63 10 18 127
1119 62 19 41 478
1087 65 13 25 241
506 69 11 15 112
1013 69 9 13 83
1070 70 3 3 8
846 73 12 33 307
1252 72 13 19 134
1255 72 57 116 2367
1581 73 23 31 488
783 75 5 6 17
1031 78 7 12 53
1618 80 33 45 824
1763 84 6 6 18
885 91 4 7 23
1166 91 6 9 35
1661 90 23 29 403
901 92 3 4 7
1320 92 20 14 163
767 100 10 24 195
792 101 29 42 413
1049 101 7 13 67
411 103 13 45 402
957 103 3 7 10
1262 104 3 4 10
253 109 6 4 12
859 111 5 10 45
1203 110 4 5 15
446 113 13 14 120
1108 112 74 114 1698
1146 115 5 7 28
1313 114 13 22 118
556 116 8 16 93
837 116 5 6 18
1101 117 10 17 102
104 119 14 19 217
929 120 7 12 53
1023 120 5 9 29
961 123 31 34 433
732 124 14 26 277
958 125 3 4 11
684 128 7 11 55
1223 129 18 29 156
506 131 9 17 104
828 133 6 9 46
999 132 4 7 21
1055 132 4 4 10
1581 133 25 29 415
871 139 23 26 205
1047 139 4 6 16
1241 138 4 2 7
530 140 7 17 75
826 152 18 15 124
200 157 16 39 357
418 156 7 7 32
255 159 10 11 59
796 159 5 9 37
1721 159 12 14 97
588 160 7 14 84
340 162 3 3 8
896 163 20 21 160
1034 162 12 16 124
1176 162 4 7 17
1202 162 11 13 87
1082 165 11 9 38
950 171 3 5 11
534 172 9 25 187
565 173 8 3 16
671 172 6 11 46
418 175 20 30 261
812 174 6 8 34
1536 176 33 61 991
976 179 3 3 6
1073 179 5 10 23
473 180 6 10 44
497 181 9 16 112
975 185 8 17 62
1715 184 13 14 112
877 189 18 38 410
908 190 29 25 198
450 193 8 10 65
1170 194 23 37 508
862 196 5 4 7
892 199 97 109 1813
1463 199 9 10 49
34 200 7 2 11
637 206 6 11 54
839 207 9 10 30
775 211 58 115 1724
77 217 19 23 311
1301 216 8 9 61
840 218 18 19 107
293 225 8 6 33
685 225 9 19 137
830 225 8 4 12
1154 226 3 3 8
1298 226 22 41 508
1077 228 19 31 379
561 231 17 19 107
872 230 14 20 116
424 234 6 12 57
630 234 7 8 43
1021 243 12 22 190
53 246 16 16 166
492 249 6 7 32
599 248 5 15 39
182 251 9 6 30
200 252 7 5 30
847 253 3 3 6
865 255 3 5 12
1145 255 4 9 23
965 257 5 3 9
442 258 7 12 65
837 259 3 6 18
887 259 16 12 77
1043 265 4 8 23
1139 264 3 6 14
1241 265 7 12 43
309 267 9 10 73
577 267 6 7 31
905 269 9 7 29
951 269 5 4 8
467 270 5 9 37
875 270 3 3 9
1225 270 5 5 18
891 277 31 56 704
1154 277 5 15 38
1322 277 24 36 477
743 279 2 4 8
811 280 10 5 26
292 282 8 10 53
1007 282 3 5 13
1172 283 4 6 16
1442 283 17 27 234
954 285 18 14 99
1115 285 3 4 9
844 289 9 4 13
477 290 7 7 32
1194 290 5 6 20
1564 291 3 3 8
745 292 22 25 403
837 292 4 5 19
459 295 4 3 7
497 294 8 14 88
1277 295 3 4 10
410 297 8 14 79
729 300 7 12 69
828 301 5 3 13
848 300 33 35 470
1017 301 3 4 7
1068 301 14 26 197
983 303 5 16 41
1410 303 23 30 454
387 306 6 11 37
1149 311 3 5 11
124 312 14 17 183
964 313 8 11 50
1166 312 24 28 306
1572 313 13 12 104
1012 316 7 10 52
463 318 6 8 34
807 318 32 17 87
1206 318 19 15 117
1368 321 23 31 476
1113 323 11 11 39
1599 328 25 32 460
141 333 10 9 77
762 333 3 3 6
303 334 6 5 17
420 335 7 7 33
905 335 3 7 17
921 334 8 12 73
612 337 5 8 32
1070 337 4 3 8
532 340 6 15 81
770 341 5 4 13
743 342 7 11 61
975 344 8 9 54
1496 345 13 12 105
152 347 9 8 39
1159 347 5 3 10
1729 347 4 3 11
1186 348 5 3 13
1202 348 7 10 45
793 351 18 14 145
1126 350 5 4 18
716 352 8 17 109
257 356 6 3 15
555 358 6 7 34
776 358 9 22 96
887 359 3 6 13
506 365 6 7 35
826 365 14 34 356
1075 364 5 12 31
817 367 3 2 6
991 367 16 13 112
1170 367 6 8 30
1611 366 5 7 27
339 368 26 33 366
690 369 7 15 68
1014 369 33 51 624
762 372 3 3 6
1384 374 12 15 138
629 376 5 8 35
875 376 9 19 134
765 379 3 4 10
235 384 8 5 34
1174 386 4 5 11
719 388 3 5 11
1098 391 24 60 619
1233 392 5 7 15
931 398 2 3 6
985 399 7 10 43
1264 398 6 6 25
483 401 8 16 79
557 400 6 7 30
749 405 9 14 100
904 405 9 17 111
1040 407 14 19 188
453 408 5 4 14
612 409 4 12 26
883 411 3 7 15
925 411 36 48 603
462 416 7 11 60
1227 417 3 5 10
866 419 2 3 6
1136 423 34 49 547
1037 425 2 4 6
1382 425 57 43 1020
1589 425 56 56 1430
500 427 8 17 77
760 427 3 6 14
1085 427 2 3 6
196 431 7 5 30
409 430 3 2 6
1061 430 16 21 212
1712 434 53 57 1587
248 436 10 10 80
473 437 3 4 11
873 437 3 7 14
1022 437 3 6 13
184 438 11 8 59
774 439 52 29 449
116 440 11 9 58
1649 441 26 27 446
827 444 56 50 712
1329 445 25 27 354
382 447 10 16 97
60 449 3 7 10
902 449 3 4 11
1043 453 13 23 223
1194 452 3 5 10
425 454 5 3 12
746 454 3 3 6
1778 459 6 2 10
451 463 4 5 16
607 465 5 8 32
941 464 4 7 22
1114 465 4 5 11
1260 469 18 23 274
1078 470 10 6 21
1627 473 66 66 1646
1057 475 3 6 15
792 477 37 61 1060
1810 477 30 31 707
633 478 6 11 60
751 479 2 5 9
997 480 3 4 10
1761 480 4 3 6
656 483 6 9 44
936 483 6 11 41
1454 482 13 23 225
1063 485 42 46 891
1546 485 58 61 1005
1546 486 10 11 67
457 491 10 11 75
548 490 9 9 64
749 491 14 16 80
1169 493 15 19 85
926 495 14 24 186
393 500 3 3 7
470 503 5 10 45
495 503 6 8 41
967 502 9 18 105
1000 503 5 3 11
526 506 6 16 69
416 511 5 5 18
990 511 4 5 14
1015 511 3 3 6
436 512 6 7 33
1348 515 10 12 72
481 517 5 7 25
866 517 2 4 7
901 520 4 4 14
1090 521 44 51 839
1293 520 19 25 300
501 522 5 4 20
1188 523 17 21 237
1000 525 11 18 64
1130 524 4 4 12
135 527 7 5 15
952 529 39 39 363
1045 528 2 5 7
496 530 4 9 19
718 534 10 14 93
850 537 10 18 140
824 542 3 3 7
871 543 4 10 30
1075 542 2 4 6
914 546 3 6 15
571 549 2 6 7
700 548 377 327 31191
1392 548 10 12 72
697 550 29 28 284
899 551 4 5 15
1452 550 18 27 283
342 553 5 6 24
1731 552 26 26 418
823 555 3 5 14
1219 555 8 11 64
672 559 6 16 41
748 561 2 3 6
1184 560 7 4 15
1310 560 10 13 95
352 563 3 3 9
841 565 3 5 9
1418 566 4 4 12
363 572 20 10 109
1469 572 11 11 106
453 575 5 4 13
1557 574 15 12 118
1757 574 83 55 1835
771 576 5 9 31
801 576 8 16 99
205 578 23 17 131
665 578 6 20 89
1324 579 10 13 80
1268 582 26 22 349
877 584 9 10 64
912 584 4 6 18
1161 584 3 12 16
1533 589 17 17 188
900 593 8 8 32
1673 593 18 17 211
712 594 8 11 45
852 595 25 57 643
825 596 4 12 19
500 600 15 34 276
235 603 7 3 18
891 606 6 13 36
399 608 4 4 13
589 608 3 3 8
1337 609 14 18 163
426 611 3 2 6
1466 610 41 29 531
308 612 4 3 10
829 615 3 2 6
556 618 6 7 30
833 621 5 7 11
403 624 5 8 37
764 625 21 18 179
245 627 8 8 46
708 626 18 11 84
998 630 2 4 8
836 633 4 4 16
1713 632 22 24 311
689 635 3 5 10
1400 635 4 2 6
427 636 8 16 51
661 638 2 3 6
830 638 5 4 10
964 641 14 16 121
1317 640 19 11 95
348 643 5 4 15
1486 643 17 19 219
608 644 24 10 97
816 644 24 18 107
950 645 2 4 6
1797 645 20 17 244
663 647 7 30 61
1753 646 24 14 167
465 649 12 7 64
1433 649 26 24 329
886 652 2 6 11
978 653 10 20 113
1232 652 16 23 250
279 658 5 3 9
1025 658 8 5 18
1080 659 4 5 15
557 663 5 8 31
949 662 10 13 74
768 665 5 5 20
837 665 10 4 14
322 667 6 3 16
691 669 10 16 75
1383 671 5 4 10
1724 670 24 16 206
1305 672 6 5 18
716 677 2 4 6
385 678 3 2 6
1499 679 22 22 304
784 680 6 14 55
853 680 9 14 46
877 681 5 3 7
994 683 21 11 60
1070 683 3 7 19
680 688 3 3 7
1438 688 13 12 97
1713 688 3 3 6
1756 690 34 41 829
1747 695 6 4 8
808 696 5 12 39
492 698 13 15 139
976 698 6 8 16
1176 698 8 1 8
310 700 7 6 34
443 701 7 7 36
541 700 4 4 10
577 701 3 5 12
426 704 4 4 14
932 707 3 7 17
1148 709 10 17 118
1668 710 18 14 161
920 713 2 4 6
787 715 2 4 7
962 715 14 8 27
1410 714 14 16 145
829 717 8 3 12
1478 716 11 8 57
346 718 4 7 20
436 719 3 3 8
1822 722 18 14 71
317 725 5 5 18
545 725 3 12 17
846 724 6 10 45
1231 725 15 19 122
372 727 5 3 13
701 726 8 5 28
1002 729 3 5 13
1258 730 11 16 99
988 735 12 3 28
884 739 6 7 19
1428 739 11 11 76
950 742 49 22 436
272 746 5 3 10
1454 747 12 8 65
486 748 3 4 9
651 748 4 5 16
1204 749 18 22 225
685 751 5 6 20
1707 750 13 9 90
449 754 4 3 9
523 756 3 3 8
996 757 10 9 24
467 758 4 3 11
1794 758 12 11 88
424 761 5 7 34
1088 760 13 26 184
1508 760 16 18 197
1724 760 14 18 160
617 762 4 4 10
931 762 9 16 77
495 773 12 9 56
1390 773 7 6 25
1475 777 13 14 95
988 778 4 7 11
642 782 19 32 201
323 786 6 5 22
1083 787 5 8 27
1364 786 12 12 107
947 789 3 3 8
454 791 3 3 9
423 797 3 3 6
1779 797 13 10 98
596 798 3 5 13
1200 801 15 18 198
533 805 3 4 10
612 805 5 8 22
1368 808 10 10 75
1243 813 10 11 69
1754 814 13 5 57
1157 816 7 10 54
1408 816 23 37 436
1600 817 13 12 112
1661 818 12 9 69
1399 820 4 2 6
291 824 3 3 6
483 825 3 4 11
665 825 3 3 8
1490 824 4 4 10
59 829 15 10 93
1835 829 5 8 12
1122 830 19 11 95
672 832 6 5 14
1498 833 12 26 149
704 836 3 6 18
728 837 2 4 7
625 838 11 7 25
436 840 2 3 6
707 844 4 4 13
1669 844 12 13 101
689 849 4 5 15
723 848 4 5 17
612 854 4 3 10
658 855 3 5 13
1199 855 4 5 8
715 857 3 3 6
366 863 6 3 14
1049 864 18 25 311
587 866 2 3 6
684 867 6 10 46
1518 866 19 9 112
808 869 3 5 10
1232 869 5 6 22
627 870 8 9 47
881 872 9 22 99
1325 875 12 10 57
975 876 3 5 10
1350 878 15 19 146
503 880 4 8 13
315 889 4 5 16
677 888 10 23 87
1387 888 37 23 404
394 891 3 4 9
1676 890 13 11 96
857 893 6 8 34
1600 895 11 9 66
1143 897 13 14 140
1172 897 5 6 23
844 899 4 4 15
662 900 4 4 14
825 903 4 5 16
704 907 3 5 12
1093 906 21 14 109
1237 906 9 12 75
1219 909 6 6 21
479 911 9 6 17
724 911 4 6 18
1259 911 5 5 20
370 912 4 2 7
674 912 3 4 9
636 915 6 11 16
774 917 4 7 18
276 921 4 4 8
351 921 5 4 7
1025 920 4 3 10
1122 921 6 7 29
1647 925 6 3 11
731 927 6 13 41
1547 929 8 8 36
1168 930 5 3 13
1199 933 3 5 10
660 935 5 4 14
1394 934 7 4 23
417 936 13 3 16
843 936 12 16 126
1162 937 3 3 7
1218 936 4 4 9
1417 937 10 10 69
666 939 3 4 11
827 940 6 10 37
355 943 3 3 6
873 942 4 6 20
1606 943 9 10 65
715 944 2 4 8
1356 947 20 23 261
1730 946 5 3 10
493 949 6 7 26
1120 948 5 6 21
1434 948 8 7 37
612 950 5 8 29
796 950 10 10 53
1770 951 9 6 40
576 953 5 7 22
677 954 2 4 8
1414 955 10 5 27
1462 954 9 11 60
1002 957 12 13 89
1128 957 12 5 29
1214 959 6 16 31
834 962 4 6 17
706 967 6 5 17
1247 967 12 17 130
1067 968 8 11 69
749 970 4 7 21
1490 970 11 10 67
532 972 15 10 77
1594 972 26 26 413
1281 974 27 18 172
925 979 3 5 14
939 978 5 9 33
1117 978 3 3 8
1363 981 15 8 55
759 982 3 6 17
992 982 12 7 34
643 985 3 5 13
694 985 12 13 74
541 988 4 5 12
654 988 8 8 25
800 989 4 5 16
1429 990 10 10 62
1103 992 5 5 14
1162 993 4 3 12
1067 995 4 5 14
743 998 14 18 115
710 1001 4 4 10
1078 1001 2 4 6
1144 1001 6 8 31
1371 1001 42 39 419
1173 1003 11 9 74
1227 1003 15 31 198
652 1006 4 4 10
1096 1010 7 6 28
1255 1010 10 12 85
443 1013 8 2 15
827 1015 4 4 11
1068 1016 15 27 190
1206 1016 14 12 103
970 1018 6 7 30
1327 1019 12 21 164
472 1025 1 6 6
1056 1024 7 13 58
649 1026 2 3 6
1148 1026 4 4 11
1174 1026 24 17 210
1431 1026 10 7 40
1466 1027 5 6 22
815 1033 3 5 11
845 1033 9 12 55
1535 1040 5 6 14
874 1045 3 5 11
892 1046 6 9 37
1052 1047 15 11 68
1319 1047 5 3 11
727 1051 1 8 8
533 1052 6 8 34
652 1053 5 2 6
848 1052 2 3 6
1093 1053 3 4 8
1234 1054 6 8 24
949 1056 9 14 87
1364 1057 6 6 30
1278 1058 14 15 128
666 1060 3 8 18
837 1060 8 7 33
1178 1061 7 7 36
1379 1060 6 9 25
1426 1060 6 8 32
1467 1060 9 15 64
1149 1063 9 11 75
1250 1063 17 12 76
1331 1064 5 6 20
1549 1065 20 19 254
1402 1069 6 7 26
548 1070 4 6 19
800 1071 3 3 7
1168 1071 10 9 36
537 1077 6 6 30
708 1077 1 7 7
1304 1077 5 6 26
1479 1077 3 3 6
966 1079 5 5 15
1449 1079 13 10 72
1205 1080 4 4 12
1255 1080 21 23 180
1055 1085 3 4 9
1113 1086 23 42 260
1167 1087 8 4 23
1213 1086 3 4 8
1232 1086 11 25 99
1464 1087 9 9 63
324 1088 5 3 8
977 1089 3 3 7
1225 1088 5 7 31
1357 1088 5 6 22
783 1091 2 3 6
565 1093 5 4 10
1140 1094 4 5 15
1173 1094 20 35 213
1281 1094 9 2 16
793 1096 3 10 29
818 1096 15 20 87
765 1099 12 13 56
1817 1101 4 4 14
837 1102 5 5 16
870 1103 32 17 236
983 1103 5 6 25
1254 1105 3 2 6
1412 1105 8 8 27
670 1108 6 7 12
911 1109 4 6 19
954 1109 26 16 96
859 1114 2 4 7
1025 1114 5 13 32
1095 1114 3 8 16
1654 1114 1 6 6
804 1117 3 4 9
1492 1117 11 9 50
1208 1119 9 9 61
918 1122 23 9 62
1054 1123 10 7 34
705 1124 5 6 14
1007 1125 31 35 317
1154 1125 12 6 40
1282 1124 4 5 12
819 1126 9 6 44
1216 1126 12 17 95
487 1130 5 8 26
1078 1130 5 6 21
1193 1130 5 5 22
778 1133 1 10 10
860 1132 5 6 21
1110 1133 3 3 9
1148 1132 3 3 6
1360 1132 7 7 34
829 1134 7 3 9
905 1134 2 4 6
620 1136 2 6 9
1095 1139 12 17 50
1154 1139 8 7 25
1260 1138 6 2 7
1507 1139 5 3 10
1237 1141 12 18 100
1293 1143 5 4 10
1397 1142 9 10 31
626 1145 10 5 29
967 1144 7 2 9
1333 1145 4 8 11
461 1147 8 11 39
827 1146 2 4 6
899 1147 5 8 31
690 1151 2 6 8
835 1150 3 8 10
1369 1152 3 4 6
873 1155 5 6 24
1148 1155 19 18 106
850 1157 11 11 48
935 1156 11 7 33
966 1156 7 8 16
1055 1156 14 10 47
1814 1156 7 8 30
503 1158 6 9 24
1123 1159 16 27 144
588 1160 8 4 14
565 1163 10 18 53
1597 1162 4 4 11
872 1165 6 10 20
826 1167 5 2 7
1021 1167 20 32 136
1104 1166 10 3 13
887 1168 15 8 49
1665 1168 3 3 6
995 1171 3 4 12
1068 1171 5 7 17
1548 1170 7 7 18
1213 1173 3 4 9
1293 1173 3 5 11
634 1174 6 5 10
917 1174 4 3 8
988 1177 13 15 32
1185 1177 8 14 51
8 1178 3 4 10
1251 1179 15 19 81
880 1181 14 10 37
1066 1180 31 21 159
1140 1181 11 8 46
812 1184 7 10 32
847 1186 6 15 59
1166 1188 7 6 29
635 1191 1 7 7
1208 1190 16 10 50
726 1195 5 2 6
951 1195 2 6 12
599 1197 3 5 12
875 1196 8 15 40
374 1199 7 13 53
962 1198 12 18 41
1044 1198 16 8 68
1441 1201 3 5 13
1193 1202 7 12 38
822 1205 6 7 20
1173 1207 3 4 10
1563 1209 4 5 11
790 1212 11 5 15
860 1214 10 14 23
996 1214 6 3 14
1556 1214 5 2 6
825 1217 16 11 33
911 1218 10 10 37
845 1223 2 5 10
1168 1223 2 5 9
959 1225 2 3 6
1056 1225 2 3 6
1466 1225 4 3 10
936 1227 6 1 6
