0 0 1840 1228 2152177
119 0 7 12 24
688 0 12 11 83
710 0 155 76 4239
882 0 9 28 182
943 0 27 36 573
1069 0 7 7 34
1132 0 58 71 1207
1196 0 58 140 2340
1268 0 8 10 60
1311 0 14 17 162
1345 0 9 9 63
1413 0 7 10 38
1482 0 31 49 1081
1597 0 28 35 571
1744 5 16 17 184
978 18 21 57 714
429 20 12 27 239
636 23 23 21 320
1105 22 5 8 23
1647 27 32 40 739
690 31 10 18 143
1047 32 5 7 27
57 35 97 21 1092
161 36 22 6 103
1055 37 20 46 502
1248 39 9 17 100
1276 40 4 4 11
1594 43 23 38 427
1752 42 9 7 31
1375 44 6 9 34
663 47 15 33 276
946 49 3 5 12
1104 71 11 21 118
1497 74 14 16 148
419 76 11 21 172
1452 78 36 65 1185
822 81 19 17 184
1010 81 16 22 191
779 84 12 19 167
948 85 15 42 422
742 87 6 15 71
990 92 4 7 17
1727 98 32 46 793
1033 102 21 34 306
1402 102 5 5 14
891 109 6 9 42
1335 110 18 20 235
1379 110 13 4 35
1248 112 13 24 218
669 115 8 18 107
843 122 7 6 28
1151 125 3 5 11
883 126 4 4 8
1396 129 4 5 15
954 133 10 21 158
1263 137 5 7 17
769 144 10 13 65
993 147 24 51 710
923 150 15 28 245
1331 150 3 4 9
655 152 7 10 56
697 153 8 12 74
1087 152 4 9 23
1389 153 2 3 6
1322 161 7 10 36
806 163 9 16 95
876 162 25 27 222
853 164 5 8 36
1104 165 5 8 25
1124 164 19 40 240
1283 167 6 14 39
471 168 14 21 203
1401 168 7 6 22
956 171 5 8 34
1025 171 26 44 523
1065 173 12 26 200
783 175 6 11 57
1088 184 5 9 23
1259 185 11 19 140
1416 184 10 7 52
776 187 6 12 57
1175 191 4 6 12
869 193 7 13 60
1176 195 35 90 931
747 196 7 27 98
722 200 4 8 22
838 200 9 18 129
1251 206 8 9 57
656 214 7 11 60
911 218 5 6 22
674 221 5 6 24
1274 221 4 3 7
1315 224 9 19 62
1712 225 24 32 418
1816 233 24 102 1432
1004 235 4 7 21
1238 238 3 3 8
1485 241 18 25 271
1100 243 4 5 12
580 244 8 14 91
920 246 10 25 163
1082 246 3 4 11
599 248 7 12 68
689 248 7 12 62
798 249 5 7 23
644 251 7 15 89
1118 251 5 8 26
1061 252 3 4 9
1001 255 6 11 53
1033 254 9 13 77
1324 254 35 70 1108
613 259 13 28 180
1422 263 16 22 227
577 265 3 3 6
1068 265 8 14 81
1464 267 66 120 1464
762 269 3 4 8
883 271 5 5 17
912 272 3 6 18
651 279 6 9 43
805 278 6 15 69
1279 278 4 2 6
760 280 21 31 298
1307 281 3 4 6
1259 284 4 6 13
694 288 7 11 60
729 288 5 7 24
716 295 20 28 242
863 294 7 16 81
907 294 17 21 225
552 296 8 12 79
1029 296 11 2 21
654 299 7 9 41
681 300 5 7 24
973 303 15 40 258
1150 303 4 9 30
838 305 10 27 138
1134 304 4 4 14
1077 306 3 5 10
588 309 7 10 55
1005 308 6 9 36
614 313 5 7 29
926 315 6 10 41
1126 314 4 14 24
1214 314 11 7 36
1186 319 10 17 117
823 321 5 8 30
907 324 15 22 148
1021 327 4 5 12
1361 326 30 50 674
1618 331 9 8 47
1273 332 7 18 39
964 335 140 138 5863
769 336 5 7 24
832 338 5 7 30
1152 339 6 8 34
1422 339 16 20 206
723 349 8 13 76
881 348 24 45 426
662 352 6 10 49
701 354 4 7 23
1622 354 9 7 45
853 357 10 18 132
1178 357 5 6 14
924 360 7 12 66
1318 360 4 7 18
1802 361 38 39 996
1217 362 4 5 12
758 365 6 12 54
531 367 7 13 77
1716 374 40 49 1001
710 377 9 15 96
894 379 21 24 186
1260 378 27 34 530
1156 383 6 5 19
541 384 8 10 61
606 384 6 11 54
769 386 12 14 95
955 386 19 19 65
653 391 23 16 246
1832 392 8 27 129
864 395 8 15 88
1332 394 5 7 21
729 398 16 33 125
1571 402 7 7 34
695 404 5 8 30
925 405 8 17 110
751 406 10 13 83
1122 407 5 7 23
1360 407 3 4 8
635 413 5 7 25
1175 412 2 3 6
598 415 4 6 22
1199 414 4 4 9
822 417 6 9 31
778 422 7 30 144
589 427 6 7 36
964 427 8 7 16
683 430 2 4 6
1534 430 5 4 16
1746 431 24 23 371
997 433 8 12 61
1282 435 25 38 570
309 442 15 9 43
809 443 33 28 372
950 447 3 11 23
904 449 4 6 20
964 454 24 46 572
593 457 11 16 62
721 457 9 11 66
698 460 4 6 20
1617 460 27 30 441
865 462 3 5 12
1161 464 13 19 145
900 467 15 22 197
759 469 6 9 44
1042 468 14 16 52
1108 468 12 24 158
733 471 13 17 108
1220 470 29 51 822
686 476 4 3 11
754 480 5 8 29
1191 481 3 3 6
1412 481 16 21 198
1720 481 42 29 855
679 482 5 14 63
919 482 12 20 183
787 484 8 18 107
1145 484 12 17 149
1275 484 13 6 36
625 486 4 2 6
553 489 7 7 32
704 489 10 7 53
818 492 5 3 7
1005 493 8 7 48
1795 492 14 13 88
770 495 6 8 35
833 496 4 7 22
548 503 7 7 39
1064 504 11 25 171
587 506 5 3 8
897 506 22 29 327
1474 508 15 20 169
794 511 4 7 21
1163 510 2 5 7
1044 512 2 4 6
660 515 5 7 25
1089 518 13 46 188
1178 518 15 13 100
782 525 4 7 25
928 528 4 4 7
912 528 92 95 2932
1051 531 2 4 8
1371 530 11 14 106
724 532 3 3 8
734 532 11 15 104
817 532 6 6 26
778 534 4 4 9
1154 535 13 17 145
1039 537 4 17 28
1059 539 7 6 31
1636 538 34 46 735
565 542 5 7 16
663 544 4 7 24
892 545 3 7 20
582 548 5 4 19
721 548 5 10 26
1197 551 20 18 185
655 553 6 10 46
701 552 8 23 88
765 552 3 9 24
1274 553 7 9 34
902 556 2 7 13
1029 559 4 5 17
1046 559 35 31 497
1162 562 13 19 176
876 565 7 9 53
1152 564 2 4 7
804 574 7 10 51
743 577 4 7 22
771 576 7 10 48
698 584 3 4 11
1086 584 5 5 17
1248 584 2 3 6
831 586 4 5 16
555 593 4 4 14
668 595 2 4 7
802 594 6 11 41
843 594 4 6 20
1028 594 3 4 10
671 599 6 9 45
775 600 3 5 7
821 601 4 8 22
1038 600 11 22 146
1720 604 15 11 102
938 607 2 5 9
697 609 3 4 9
1183 609 3 4 9
897 611 6 10 42
1055 615 36 51 701
1284 614 13 18 135
993 616 21 27 271
1695 617 20 40 577
1828 616 12 21 192
756 618 4 7 21
1343 620 15 20 165
815 624 2 3 6
738 628 6 19 70
857 628 4 6 17
934 629 10 28 150
876 631 13 30 195
1207 630 15 24 222
1109 634 4 6 17
960 636 3 5 12
695 639 3 4 10
904 641 11 3 22
575 642 5 7 33
616 642 4 7 23
686 643 4 5 18
757 643 4 5 12
1378 642 9 10 58
715 644 3 5 10
1187 644 7 8 42
1757 644 10 6 24
990 650 4 6 17
1306 651 13 15 126
1537 651 22 24 361
800 652 3 6 11
967 652 6 7 32
1163 652 14 20 173
649 654 5 6 24
760 656 7 20 85
858 658 7 12 63
721 660 3 5 12
946 660 6 5 13
1114 663 12 15 106
1282 662 15 14 137
1641 663 38 24 524
1008 665 3 6 13
810 672 13 5 23
893 673 3 5 13
957 672 2 3 6
1003 677 3 5 9
1384 678 12 27 200
737 680 5 6 23
1081 680 3 3 7
680 682 3 3 6
1173 686 8 14 49
876 690 13 26 215
956 691 13 29 156
988 690 32 42 443
631 693 4 16 36
742 692 3 3 8
852 693 4 8 23
674 699 5 6 26
586 701 3 4 10
1356 700 22 35 262
605 702 6 6 23
755 705 3 9 17
1105 707 27 33 311
1081 708 2 4 7
1152 708 26 62 475
1063 710 11 19 130
698 713 3 3 8
785 713 4 4 12
426 714 3 3 6
514 717 3 3 7
771 716 3 4 10
1305 717 9 14 51
663 718 2 3 6
869 718 3 7 20
751 727 4 10 33
588 729 8 7 27
928 729 21 33 247
788 730 3 8 15
810 730 434 263 28767
692 733 13 7 56
1025 733 35 49 647
659 734 10 2 11
904 739 35 56 462
1321 745 12 16 129
993 749 27 49 317
772 750 10 4 31
1402 751 6 7 29
634 752 5 5 16
1086 752 33 36 442
664 760 4 5 15
611 763 4 6 20
1658 764 15 13 121
1496 769 4 3 6
1179 775 8 11 28
1066 776 8 12 81
1112 777 8 2 12
1697 776 3 3 6
872 781 2 4 8
1247 783 14 16 141
1584 783 17 28 226
653 784 3 6 8
881 786 2 5 9
944 786 13 26 118
1031 787 10 5 18
594 789 3 5 12
1166 789 6 11 19
1613 788 6 15 61
623 791 3 4 10
906 801 3 5 10
1124 800 8 10 20
687 802 3 3 7
713 802 3 5 13
803 803 2 3 6
924 804 8 2 15
650 806 3 3 7
662 807 7 5 23
1009 806 14 11 48
1079 807 5 4 15
569 809 3 5 9
630 809 9 6 29
1166 809 7 5 21
1056 811 17 9 61
1141 813 5 4 10
742 814 4 4 10
784 814 2 6 9
900 815 8 4 10
967 815 32 17 154
1029 814 8 18 89
1107 816 10 20 85
681 819 2 4 8
793 819 9 28 118
857 823 2 3 6
878 824 18 21 92
1008 826 3 11 14
1338 829 10 11 65
917 832 7 15 23
1167 832 28 31 520
1054 837 6 3 14
1411 839 15 11 93
1022 840 28 16 132
1369 841 9 8 44
654 845 3 4 11
1128 846 4 9 23
1205 846 5 7 27
550 850 4 6 13
1542 851 32 43 684
969 853 8 21 74
1629 853 6 2 11
1050 854 24 22 308
776 860 7 9 28
856 861 37 29 439
1501 861 12 10 65
1230 862 18 18 177
581 868 5 3 12
752 868 4 4 13
1422 870 7 8 20
787 874 14 14 113
630 876 3 4 8
1042 881 5 3 14
956 886 3 6 10
227 888 3 4 8
979 895 6 9 35
1540 900 12 7 18
894 904 7 10 35
648 909 4 8 21
1559 913 14 15 119
384 920 3 3 7
1322 926 7 5 27
1542 928 15 14 125
1480 935 14 14 131
607 946 2 5 8
801 946 8 13 36
665 950 4 5 7
30 972 8 4 10
1240 973 5 4 8
1088 980 15 35 280
1433 981 21 28 400
615 984 5 3 8
764 987 3 3 6
1138 986 8 10 63
636 989 2 4 6
1579 988 6 4 14
997 995 5 6 23
1015 995 4 3 9
727 1000 4 4 13
825 1001 3 3 8
1479 1000 22 28 298
775 1005 3 9 12
791 1004 5 6 23
953 1016 6 8 33
1154 1018 14 42 217
546 1020 3 3 6
836 1021 10 8 52
1505 1020 21 21 272
893 1024 5 12 44
1015 1025 3 3 8
1602 1027 3 3 7
995 1032 4 9 26
917 1034 4 3 10
1127 1037 3 4 8
871 1041 5 4 16
568 1042 2 3 6
823 1047 3 3 8
615 1050 2 5 9
1042 1051 18 17 82
761 1057 2 10 12
1004 1056 6 6 25
914 1058 4 8 19
1223 1059 7 10 52
1611 1059 4 2 6
1421 1064 12 17 94
921 1071 3 6 18
931 1076 3 7 19
965 1076 3 3 7
1194 1079 8 9 49
138 1081 8 3 16
901 1082 4 6 19
668 1084 3 13 18
1438 1085 34 14 205
584 1089 7 5 16
685 1089 3 5 11
1809 1088 4 5 10
745 1092 27 31 326
1097 1094 3 4 9
578 1102 1 10 10
1410 1102 3 5 9
851 1107 2 4 7
937 1116 11 16 79
1218 1117 3 4 8
1642 1118 4 4 12
733 1120 2 3 6
378 1123 13 8 29
1113 1124 2 4 6
1182 1130 4 6 8
637 1136 14 11 25
679 1136 1 7 7
1356 1136 5 6 12
759 1142 2 4 6
845 1142 3 3 7
865 1144 2 5 8
731 1146 3 4 9
954 1146 3 4 6
538 1148 4 4 8
1255 1155 9 6 24
848 1157 3 5 9
745 1159 14 15 78
1187 1159 5 2 7
1351 1158 4 6 15
672 1161 9 4 12
958 1161 2 4 7
646 1167 1 7 7
853 1177 2 4 7
576 1182 5 6 11
347 1185 5 6 19
1346 1188 7 4 12
545 1192 13 17 96
1168 1192 10 6 25
1316 1198 9 6 22
113 1200 2 5 7
400 1204 4 5 13
1279 1204 11 9 47
1810 1212 6 5 12
721 1218 14 10 67
597 1220 19 8 46
214 1223 4 5 17
361 1223 3 5 13
440 1224 7 4 25
