0 0 1840 1228 2074185
122 0 17 8 102
192 0 21 28 377
555 0 17 22 191
612 0 35 20 422
707 0 8 10 71
934 0 36 59 1701
962 0 135 183 8139
1637 0 76 15 728
1735 0 105 26 1806
1026 7 4 6 23
869 11 6 8 37
72 13 32 34 688
1106 12 5 4 17
1178 14 10 10 54
1270 14 8 20 109
1195 16 7 11 66
990 24 7 11 61
166 26 15 18 202
1236 26 6 7 34
1311 29 3 8 12
733 30 8 12 77
606 35 11 16 141
1678 39 76 39 1594
1814 39 9 2 12
1198 41 10 23 150
1157 43 18 23 298
1008 45 4 4 16
525 46 26 47 945
869 51 6 7 37
0 53 19 26 389
795 52 12 26 121
1791 53 38 21 505
835 55 30 64 1309
112 56 18 21 304
318 57 16 20 238
567 57 10 14 113
156 60 15 15 169
906 63 6 7 31
1283 63 7 8 37
234 68 15 21 230
1110 74 14 17 120
662 80 14 20 223
393 82 24 35 649
1140 83 26 25 386
940 85 33 27 405
1466 86 21 18 229
1092 88 4 5 16
1677 89 92 68 3134
1058 90 6 10 49
1639 91 17 19 238
1072 97 5 6 22
126 98 15 13 152
640 100 23 17 257
1772 100 31 16 274
818 103 6 8 42
1202 102 14 11 113
601 105 30 67 1258
794 106 6 10 45
482 109 81 43 1764
1228 111 11 10 73
1345 110 37 38 988
1181 112 14 22 224
1122 115 6 7 33
804 121 31 33 475
1273 121 7 9 46
1580 120 6 2 10
352 122 24 25 435
768 122 6 8 38
1059 125 5 7 32
20 127 10 7 42
136 127 39 54 944
206 128 13 15 152
1147 128 13 27 251
860 130 23 41 742
109 135 14 9 91
744 137 7 9 44
1082 138 6 8 36
328 140 15 17 187
646 141 15 22 234
720 141 7 9 52
431 142 11 10 85
1244 145 5 6 25
1719 147 121 118 6779
843 151 6 10 49
1166 156 11 25 110
191 158 16 15 168
270 158 12 12 108
1056 164 5 8 31
1200 164 29 21 367
1633 165 4 3 11
529 168 9 11 79
754 169 16 26 337
1098 173 4 4 13
1148 173 5 7 25
684 175 7 9 50
119 178 14 9 84
1068 179 5 6 24
437 180 28 38 814
846 180 32 55 1104
1122 181 5 4 17
597 184 26 33 607
934 185 14 24 246
637 186 17 15 200
909 186 93 178 6057
36 188 14 13 132
693 191 13 16 161
1575 193 14 13 133
558 194 25 46 698
720 195 21 23 267
1123 195 5 6 24
828 197 5 6 24
1197 211 5 6 24
1167 212 5 5 16
80 215 10 8 51
1548 215 17 13 134
1389 218 37 87 2098
133 221 11 10 70
928 221 7 8 44
530 223 9 11 77
1171 225 6 4 21
84 229 38 42 690
604 231 9 12 85
941 231 4 4 15
515 232 7 5 26
627 233 6 7 33
768 235 6 8 38
1131 239 6 6 28
221 241 12 11 97
810 241 5 6 24
1152 240 5 6 28
297 244 11 12 98
853 247 6 10 52
1158 246 5 7 29
1498 247 7 7 34
1531 246 17 15 156
1616 249 10 9 24
1008 251 4 4 13
1039 252 5 9 36
67 257 7 6 23
780 257 6 6 29
637 258 26 16 275
1174 259 6 7 24
398 263 27 33 680
253 265 32 20 284
520 265 49 38 942
1018 268 5 8 33
470 271 35 37 856
1071 270 16 28 213
1135 271 6 8 37
765 272 4 3 10
846 273 17 19 139
1547 273 2 12 23
776 275 30 22 253
342 277 6 4 16
1050 276 4 5 18
1205 277 6 7 28
1091 281 6 7 36
1530 280 16 11 44
703 282 13 17 179
1022 282 13 20 208
261 285 10 9 76
1589 284 4 3 10
863 290 22 22 209
1518 291 3 10 21
1601 290 13 14 128
768 293 6 9 40
1611 293 115 109 5429
216 294 10 7 48
689 301 12 17 181
1654 301 5 6 30
1736 303 43 32 741
1453 304 91 42 1702
119 306 15 11 133
176 308 12 10 86
1206 309 5 6 25
748 310 16 18 150
1096 310 4 5 19
1731 311 3 7 9
578 312 8 7 45
1151 313 6 11 35
100 315 15 16 174
618 315 11 7 58
1033 317 3 4 11
1103 316 5 6 27
511 318 25 32 597
1124 318 4 4 13
596 321 7 12 63
1221 320 4 2 6
822 324 9 12 65
856 324 22 26 440
1052 325 4 2 6
1159 327 9 20 95
663 328 32 57 707
806 328 6 10 55
1181 333 5 7 26
395 334 26 32 621
560 334 7 9 48
81 336 14 11 117
713 336 12 4 21
1088 338 4 5 19
1838 338 2 5 7
1807 341 3 2 6
105 342 14 12 135
1046 348 3 4 12
456 350 35 45 584
753 350 8 12 61
1803 350 17 10 57
800 353 5 6 25
819 352 31 32 657
1582 353 13 3 15
146 354 6 8 36
1221 355 4 5 18
124 358 4 2 7
597 360 7 9 47
1291 361 24 35 638
1509 361 27 29 594
520 364 5 3 9
627 364 13 15 138
852 366 56 62 2109
1011 368 3 3 8
1006 373 4 16 37
1016 372 51 78 2477
1105 374 3 4 8
66 376 12 8 68
776 376 29 25 307
1331 377 63 42 1547
1488 377 9 5 29
1545 379 26 28 548
694 384 27 46 619
914 389 15 21 241
935 388 3 3 8
1498 391 11 9 78
594 393 7 9 48
532 395 8 10 60
1825 395 15 48 533
746 396 5 6 25
1473 397 10 7 57
1135 399 9 5 31
1118 400 4 8 22
1190 401 43 91 2384
148 402 10 11 91
955 402 5 5 21
936 404 3 4 10
406 407 5 7 21
1127 408 4 4 15
1187 408 4 3 9
462 411 8 9 62
966 413 3 5 11
351 414 8 6 32
767 414 15 27 130
1567 417 40 24 642
335 422 12 13 99
670 426 7 8 46
508 430 20 20 174
544 436 6 6 31
563 436 6 4 14
1143 436 4 6 17
391 443 17 20 247
949 442 3 6 15
1111 443 7 4 16
1269 442 1 10 10
485 444 25 25 397
577 445 29 30 556
831 444 5 8 35
1126 445 5 6 23
159 450 12 9 70
620 450 11 18 154
54 452 12 9 88
679 452 9 9 68
943 455 5 6 25
433 456 12 16 126
264 458 23 25 439
798 458 4 6 19
1030 458 8 8 50
1102 458 4 13 30
90 460 37 24 387
1057 462 4 5 17
542 466 24 28 451
760 467 12 12 90
1044 467 3 3 9
638 469 4 5 16
34 471 10 6 44
970 471 26 37 556
1560 473 5 3 11
471 474 48 34 805
1039 475 4 4 15
1067 475 4 5 15
1455 475 11 20 176
680 476 3 3 8
726 476 4 5 19
1150 483 3 3 7
620 484 7 9 49
719 486 15 22 160
945 487 3 4 11
585 488 13 21 132
306 492 10 26 128
1224 492 39 41 755
785 494 4 4 15
899 495 5 7 30
1293 497 4 4 9
1354 496 8 2 9
793 499 4 11 38
922 499 35 31 647
56 501 16 23 190
1433 502 10 12 92
711 505 4 4 11
1030 506 11 14 114
1140 506 4 8 19
1586 506 70 92 3800
82 509 14 11 104
271 510 10 5 41
1101 511 4 3 10
457 513 9 8 56
733 513 14 21 242
1505 512 4 2 6
388 516 20 21 333
1049 517 4 4 12
429 519 10 11 84
1110 519 23 22 348
578 520 7 8 40
713 521 5 16 53
1147 520 4 2 6
991 523 2 5 9
964 525 5 14 32
1769 525 12 9 88
782 527 4 6 18
1017 527 10 1 10
0 528 12 15 140
675 528 7 7 43
996 530 4 5 19
192 533 9 7 53
790 533 4 4 12
946 532 3 4 10
1066 532 11 6 35
598 535 55 63 1044
752 536 4 4 14
1012 539 4 4 13
1702 539 43 42 1260
446 541 25 39 418
534 540 18 11 103
912 542 3 4 9
1047 542 3 4 10
59 544 11 8 75
675 546 42 14 269
373 549 11 12 102
1283 548 27 38 657
1439 548 30 26 574
324 551 5 3 9
915 551 12 5 42
994 551 3 3 8
1090 551 3 4 9
1275 550 3 10 12
831 556 16 9 58
1191 558 13 10 105
1652 558 40 38 1125
590 561 4 2 7
160 563 4 3 10
973 565 8 12 83
1064 567 13 5 32
683 569 8 20 109
1016 569 7 2 8
1246 569 12 3 19
136 570 9 13 84
1123 573 4 4 11
302 574 9 1 9
745 574 4 4 15
1099 574 4 4 13
994 576 3 4 9
908 579 4 3 6
44 581 2 3 6
187 580 7 3 11
1149 581 10 6 24
116 582 12 11 95
1023 583 2 3 6
924 584 17 26 169
266 588 7 5 25
501 590 6 4 20
997 593 4 5 13
573 595 6 5 23
660 594 8 9 52
703 595 11 8 39
843 594 4 6 22
888 594 18 9 85
1039 594 6 9 17
1071 597 8 11 76
602 598 14 9 64
945 599 5 7 24
984 598 10 13 54
69 601 3 2 6
180 600 4 11 15
529 603 6 5 24
544 603 5 5 18
879 605 9 7 42
340 607 17 17 229
1151 606 11 2 20
774 608 4 7 23
833 609 4 5 16
564 612 4 5 9
867 613 5 6 14
979 613 4 6 21
925 615 2 3 6
769 617 3 4 12
1695 616 5 2 7
457 618 23 51 513
783 621 5 11 35
858 620 8 9 41
1022 621 4 5 15
381 625 8 8 51
154 627 4 4 11
492 627 25 22 273
879 626 3 3 8
845 629 3 7 10
983 628 3 4 10
894 631 2 3 6
1051 630 15 8 49
1365 631 21 23 374
1406 632 9 8 57
184 634 8 2 11
681 635 13 8 55
118 637 8 6 33
210 637 4 3 10
703 637 4 4 13
840 636 4 13 40
915 637 41 46 1158
1248 638 4 5 13
100 641 11 16 106
563 641 6 2 7
756 640 4 4 12
882 641 7 10 27
960 640 4 4 14
1056 643 3 5 14
1597 642 35 33 833
1834 643 6 2 7
714 645 17 31 361
894 645 11 10 56
1120 644 14 2 16
1136 646 3 11 13
0 650 9 8 41
224 651 8 7 41
615 651 23 49 588
51 653 5 3 12
132 653 21 11 153
857 653 3 4 12
1483 656 3 3 7
538 659 7 7 38
1395 658 15 34 214
1238 662 4 4 8
895 665 7 9 49
1055 664 11 3 16
791 667 6 4 15
1173 666 5 2 8
761 668 2 3 6
1217 668 10 4 22
1497 669 4 4 11
154 670 3 2 6
1457 671 1 9 9
204 672 7 5 22
502 675 23 31 357
867 674 7 5 21
294 677 7 4 22
849 677 3 3 9
953 676 7 10 62
1252 679 4 3 9
550 681 5 3 13
1657 681 5 3 7
1012 682 2 3 6
1050 682 8 6 25
247 686 8 6 38
783 687 3 4 10
895 686 12 22 133
437 689 6 5 24
532 689 4 3 9
693 689 3 3 6
963 688 7 5 28
192 691 6 3 14
235 693 4 3 9
1706 693 9 3 12
640 694 25 18 221
1332 699 27 24 410
740 700 5 5 21
301 703 3 3 7
470 703 18 20 276
691 705 14 5 34
945 705 11 10 70
715 706 12 19 100
936 707 2 3 6
327 709 9 9 60
364 709 6 4 18
552 710 10 17 104
777 710 7 5 32
810 710 53 30 773
1020 713 2 3 6
35 714 4 2 6
284 718 7 4 21
400 718 17 17 219
631 718 9 14 80
49 720 10 5 28
899 720 2 3 6
951 722 3 3 7
246 725 9 8 56
1497 724 26 28 533
672 726 433 242 26555
1076 726 3 2 6
652 728 23 24 397
581 730 6 8 33
92 735 6 3 10
54 737 7 4 24
902 736 6 5 25
516 738 4 2 6
872 739 19 25 376
1148 738 28 36 449
1230 738 11 5 26
492 740 10 4 20
699 740 3 4 8
1113 740 4 4 12
104 743 9 6 48
932 745 9 12 30
1573 744 40 42 1135
1079 746 5 3 12
138 750 6 4 16
1050 751 11 4 24
684 752 3 2 6
781 753 2 4 7
643 756 5 4 15
516 759 7 7 33
559 758 4 4 14
1128 760 3 5 9
175 762 8 15 61
251 762 8 6 41
1340 763 16 21 100
1501 762 28 27 598
151 765 8 5 32
400 767 32 21 353
478 766 15 6 43
622 766 15 9 78
816 768 12 3 18
1257 768 4 3 9
93 770 10 8 68
583 770 18 12 86
667 770 3 3 8
769 771 42 25 575
1761 772 59 51 1899
213 774 11 8 54
946 775 11 12 85
1170 775 31 34 546
535 779 6 6 25
846 778 2 4 6
1250 779 3 3 8
967 782 10 13 64
578 784 2 3 6
916 784 3 3 6
1259 785 4 3 11
1634 784 7 3 14
318 789 6 4 20
439 788 25 16 213
648 789 4 4 12
202 790 4 3 8
544 791 29 19 284
1211 793 5 6 19
235 796 4 2 7
416 797 13 14 144
1425 797 3 5 7
102 798 10 7 53
376 799 5 4 18
577 801 3 2 6
862 801 21 28 412
313 803 17 14 193
829 802 20 24 353
624 805 11 12 86
954 805 5 3 7
1488 805 3 3 6
1111 807 6 4 18
1548 806 31 33 800
1285 808 8 6 31
576 813 9 11 54
203 817 6 5 26
500 820 4 4 13
905 820 11 13 44
1113 820 3 6 12
1251 821 23 11 84
649 822 11 13 89
1246 829 1 10 10
166 830 10 5 20
453 833 13 15 150
512 833 7 5 24
916 833 2 3 6
1143 834 21 30 465
85 839 10 7 43
241 842 8 6 36
1383 842 18 21 288
389 845 4 3 10
143 849 7 3 10
911 849 2 4 7
1318 849 40 41 727
648 852 8 11 57
353 854 14 21 171
591 854 12 6 32
508 858 4 2 6
684 862 4 5 14
514 867 4 3 7
555 868 10 18 70
593 871 8 13 73
416 872 6 6 26
469 872 14 15 172
501 872 6 4 13
1215 875 5 5 15
128 877 6 6 20
1167 879 4 2 7
183 881 10 3 16
1190 882 5 5 13
1510 884 45 43 1286
0 887 43 25 392
444 886 5 7 24
263 888 5 6 22
669 890 9 10 65
431 892 6 5 25
1680 894 43 37 1231
338 898 12 17 104
562 898 4 4 14
359 901 4 3 7
1765 900 75 116 3247
488 902 17 10 71
443 906 6 6 30
1002 906 4 3 7
468 908 3 3 8
512 911 3 7 8
90 912 5 5 21
400 913 14 10 68
700 913 5 11 34
1395 913 2 9 10
591 915 4 5 19
1635 917 40 31 872
1079 918 16 23 236
1307 921 17 17 231
426 926 21 19 227
677 927 26 23 297
580 929 8 15 38
531 933 5 2 9
113 934 8 16 50
316 937 5 5 16
1194 936 15 16 67
555 939 7 6 26
906 939 2 3 6
596 941 9 6 35
507 945 7 3 10
631 944 17 6 46
480 946 5 4 15
371 949 12 16 127
891 948 6 5 10
416 955 9 18 89
599 955 8 3 12
607 960 19 18 142
1186 961 4 4 14
1256 961 5 6 25
311 963 7 5 27
224 966 6 4 12
288 966 4 4 11
1560 967 6 5 20
1581 968 32 31 739
723 970 3 3 7
378 972 13 12 111
489 973 5 4 10
562 973 6 6 13
133 975 5 4 14
1183 974 5 5 17
669 979 4 5 18
454 981 14 13 139
729 981 5 2 6
679 983 11 13 116
900 982 2 3 6
1205 985 29 38 316
316 986 11 17 88
978 987 1 9 9
293 993 4 3 10
732 995 3 9 13
304 996 6 8 30
569 997 5 3 9
415 1003 13 13 129
456 1003 7 7 37
821 1003 4 2 8
130 1005 7 5 20
1540 1005 21 17 193
91 1008 4 4 8
345 1009 4 4 12
811 1009 9 5 36
583 1010 7 5 21
1059 1011 7 6 31
492 1015 5 3 13
1575 1015 31 26 515
471 1017 10 9 38
1244 1016 27 30 496
621 1018 15 18 218
775 1021 8 11 40
1173 1021 4 4 9
555 1022 9 10 65
528 1024 3 3 8
488 1027 16 23 195
689 1026 11 3 14
133 1028 6 6 29
398 1028 38 30 303
393 1032 4 3 8
1145 1033 6 6 15
1654 1034 29 26 243
213 1039 5 4 18
451 1042 30 34 299
776 1042 4 5 18
192 1044 4 6 20
578 1045 3 3 7
1457 1045 23 20 294
1707 1044 2 4 7
1177 1047 14 18 174
691 1048 14 27 208
1364 1050 5 4 19
1550 1050 8 2 10
357 1052 10 8 36
1740 1052 65 39 1078
241 1057 4 3 11
809 1056 4 3 10
192 1060 25 15 188
514 1061 3 4 9
1169 1063 3 4 10
250 1064 4 4 15
583 1067 16 5 36
629 1068 7 8 35
1595 1068 29 30 538
280 1074 4 3 10
573 1075 8 9 54
659 1078 6 7 37
1177 1078 10 8 31
1483 1078 5 4 14
668 1085 10 14 119
1342 1086 7 6 16
79 1089 11 9 61
111 1089 9 7 49
398 1089 11 7 36
654 1088 4 4 8
288 1091 5 5 12
1445 1090 4 4 13
343 1093 3 7 9
580 1093 6 6 24
829 1093 3 5 12
370 1095 10 13 79
493 1094 4 3 8
699 1095 6 6 27
520 1097 8 8 46
602 1096 2 6 7
336 1100 5 2 6
7 1105 7 2 9
567 1107 16 15 112
1151 1107 6 5 25
281 1109 6 6 24
1166 1108 4 4 9
710 1117 4 4 11
790 1116 7 6 20
1661 1116 25 20 330
346 1118 3 3 6
543 1121 10 10 70
1633 1121 5 7 16
1395 1125 5 6 16
135 1126 6 7 21
486 1126 4 4 14
1140 1127 3 8 15
187 1128 8 8 49
826 1130 3 4 11
1194 1130 9 8 27
111 1133 3 4 7
1743 1132 48 43 1335
666 1135 8 5 13
697 1134 10 11 109
1369 1135 24 20 274
366 1136 10 8 48
1099 1136 5 7 24
987 1138 5 2 7
410 1140 6 6 20
280 1146 5 3 9
405 1148 2 3 6
1546 1148 58 23 619
1281 1151 4 4 11
1653 1150 25 24 226
394 1152 3 8 11
122 1155 3 3 6
270 1154 3 8 14
752 1154 5 3 10
660 1156 9 13 102
493 1158 7 12 23
419 1163 15 11 48
84 1165 5 6 14
1142 1165 3 4 10
140 1167 4 3 6
547 1167 5 7 23
645 1169 4 10 29
1125 1168 2 3 6
194 1170 5 5 13
393 1171 6 8 19
992 1172 9 4 23
1406 1172 4 3 7
500 1174 4 3 9
266 1180 5 4 14
603 1183 5 5 20
1432 1182 5 6 14
1581 1187 34 41 799
166 1189 3 3 6
345 1189 7 5 29
1336 1188 6 8 22
1761 1192 14 9 39
38 1196 6 5 20
357 1196 3 6 12
1795 1199 4 5 9
286 1201 5 3 9
260 1203 4 4 11
317 1202 5 6 22
527 1204 6 4 20
747 1205 3 5 14
1076 1205 5 3 6
336 1209 3 6 13
369 1212 4 4 15
413 1213 3 4 8
457 1212 4 4 8
1758 1212 5 11 35
129 1214 6 6 23
764 1215 2 4 7
374 1216 8 7 36
819 1221 4 7 27
396 1223 3 5 15
712 1222 3 6 16
1667 1223 4 5 18
