0 0 1840 1228 2107892
329 0 21 42 400
499 0 4 6 18
520 0 8 5 29
549 0 12 10 91
576 0 35 28 367
656 0 8 8 51
745 0 12 9 71
812 0 7 5 29
858 0 33 15 279
941 0 18 38 461
967 0 5 4 14
993 0 29 54 1001
1073 0 21 11 125
1133 0 14 5 54
1185 0 5 6 25
1195 0 27 22 262
1216 0 30 49 510
1301 0 4 2 6
1286 0 108 142 4087
1458 0 24 24 396
701 8 9 18 131
1398 9 41 54 1106
1033 13 34 31 293
975 14 8 15 81
460 16 16 21 238
883 18 10 15 96
432 20 11 20 160
558 23 11 20 127
1277 28 3 5 11
317 32 9 10 59
645 32 8 13 75
1115 32 30 43 673
1177 32 8 12 65
878 34 5 4 17
1530 35 24 36 618
1265 36 5 7 28
820 38 14 25 236
405 45 11 17 141
1156 44 12 19 146
1192 44 6 10 45
479 47 21 17 216
552 55 52 44 877
717 57 10 11 80
327 59 11 14 117
926 58 16 36 412
517 60 16 23 238
631 62 18 24 313
1012 62 13 15 87
1260 62 6 11 51
1546 62 31 39 713
697 65 133 126 3879
1184 67 62 176 2856
1142 78 6 7 33
1316 78 8 13 74
504 81 8 10 70
798 81 4 4 13
943 81 42 76 1015
656 82 6 10 45
1020 83 35 41 548
1254 83 27 63 842
608 89 18 22 207
811 92 6 12 55
998 92 9 12 73
1163 95 13 14 94
816 97 34 50 953
1058 101 11 15 123
362 102 4 14 30
423 105 5 5 14
860 104 6 12 57
1125 109 6 11 39
1146 109 6 8 28
1099 111 6 9 28
524 117 6 8 38
571 116 19 18 125
700 119 14 26 262
326 120 11 15 119
458 123 8 9 52
892 123 13 25 231
1058 123 47 36 810
684 124 7 16 76
1152 124 26 31 414
637 126 6 10 44
809 127 7 11 56
935 130 6 10 40
586 132 31 53 532
521 136 8 14 81
536 139 8 21 90
1014 139 5 12 45
1325 145 16 18 171
667 149 15 3 22
995 149 4 5 14
1272 148 7 11 56
627 152 6 10 47
852 153 10 13 92
1515 154 11 15 124
412 159 20 18 177
1024 158 13 15 116
1264 158 46 45 573
968 160 5 5 17
1070 163 45 45 615
1138 163 18 26 315
371 164 7 13 74
1177 164 6 7 29
588 168 4 6 16
643 169 13 18 179
877 169 6 11 44
982 170 17 11 156
481 172 4 2 6
457 174 3 12 16
729 179 7 8 41
500 181 8 11 64
1117 181 16 18 168
555 182 5 5 16
1000 182 6 8 43
777 187 13 25 242
1042 191 18 24 298
478 193 6 9 47
737 193 11 20 163
893 192 51 48 1408
802 195 6 10 47
433 197 8 9 59
963 199 6 13 55
411 201 8 9 53
661 200 7 11 64
494 203 5 8 33
558 202 7 8 42
273 209 12 20 176
626 208 5 9 39
1065 215 3 5 11
798 217 3 3 6
818 216 5 5 22
1340 216 15 23 245
515 218 11 12 108
969 219 41 67 1360
745 221 17 20 250
950 222 9 20 82
1257 222 6 8 33
1453 222 36 38 820
456 226 30 7 51
575 227 16 19 132
784 226 6 11 49
1055 226 7 13 63
529 229 5 7 23
1165 228 21 44 697
293 232 7 9 48
1227 233 4 5 15
1115 234 7 10 42
796 239 53 43 870
1093 239 10 20 128
1146 241 3 5 13
701 242 6 11 49
446 244 15 13 84
483 248 25 15 161
402 252 6 5 23
912 252 17 23 239
1057 253 4 7 21
314 255 8 10 64
942 254 17 15 154
607 257 7 11 57
1225 257 47 138 2397
702 261 8 9 48
845 263 42 62 977
1108 262 10 15 92
1479 263 10 19 142
792 265 5 7 25
1201 264 26 34 444
1341 265 28 71 1042
532 266 38 15 268
379 269 8 10 57
710 271 35 22 332
1045 270 16 28 307
1137 271 4 7 17
68 275 44 7 58
417 274 15 9 104
491 275 19 25 233
1083 275 5 6 22
324 278 25 19 191
1159 278 4 4 13
968 280 4 6 18
945 283 7 13 60
775 285 17 15 179
1152 285 3 4 10
1139 289 48 79 1224
537 291 21 25 213
360 293 6 5 19
908 292 34 51 835
1412 293 41 51 1153
374 297 4 4 8
450 297 6 6 28
1062 297 9 23 73
1493 299 8 11 69
803 303 7 12 58
1312 304 14 22 212
1695 304 7 6 26
1198 306 14 24 234
606 310 5 6 22
194 313 10 9 68
466 312 14 15 101
530 315 7 11 66
572 316 8 17 91
1270 317 19 27 299
1477 317 10 12 82
966 321 5 6 19
1034 321 5 8 29
1018 322 5 9 34
1078 324 36 43 503
428 326 15 22 157
369 328 7 7 34
714 328 9 13 89
1069 328 19 15 129
652 330 4 7 21
950 331 3 3 8
855 332 14 47 333
898 333 4 7 21
801 337 4 3 8
882 337 3 5 12
958 336 4 6 23
1121 337 18 35 342
537 340 8 11 61
768 340 3 3 7
1366 340 26 40 505
907 342 8 17 98
447 345 8 9 44
616 345 7 11 58
963 344 5 17 60
1801 347 11 11 69
404 349 6 7 28
1050 350 5 6 22
769 354 38 40 717
173 357 9 6 38
505 361 8 13 70
879 363 6 7 35
602 366 6 4 11
986 366 4 4 10
425 369 4 5 18
583 368 5 6 21
948 369 4 6 16
1324 369 11 11 96
1474 369 9 14 87
523 371 7 11 60
1588 371 18 17 208
930 372 3 3 8
1036 372 16 25 256
1203 372 26 43 742
1158 374 3 3 9
718 377 10 23 156
1142 381 8 8 51
336 383 9 13 87
499 382 7 12 57
1420 382 18 29 293
305 384 8 8 52
912 384 5 13 25
1337 386 15 27 297
966 388 4 9 27
1187 388 5 6 18
1277 388 14 24 252
282 391 7 10 46
933 390 6 2 7
1131 391 3 3 6
605 397 7 13 53
1108 396 17 21 209
1151 396 7 22 77
738 398 7 11 58
1068 399 27 36 555
513 400 5 3 10
700 400 3 3 8
805 401 9 16 101
902 400 10 18 138
309 402 7 6 29
934 402 4 8 26
1456 403 18 26 350
400 405 6 7 33
239 407 11 17 66
1050 407 4 4 10
923 410 9 20 95
498 412 10 35 175
565 415 6 6 24
958 414 3 4 10
516 416 6 8 38
744 417 12 11 82
424 423 5 11 42
1054 422 4 5 14
1406 423 8 9 53
766 425 12 17 144
556 429 5 5 19
675 429 26 32 345
849 428 9 16 116
1176 428 22 27 312
392 431 8 11 67
624 431 6 9 42
655 431 8 10 64
970 431 4 5 17
1135 433 7 6 24
940 434 4 8 27
870 438 10 14 80
569 441 15 30 210
977 441 6 10 27
635 443 9 15 117
752 443 9 16 109
999 443 4 4 12
1079 443 7 17 51
1602 442 9 6 41
948 445 4 9 30
1018 444 3 3 7
1331 445 15 23 236
400 447 5 6 25
361 449 6 7 28
893 450 20 50 454
1434 451 7 9 42
704 453 15 20 126
1109 453 38 38 723
807 454 51 44 781
920 455 8 10 46
879 457 6 12 52
1017 459 6 10 48
499 461 5 8 32
1056 466 20 18 251
1207 466 6 9 32
395 469 5 5 18
1186 470 11 19 156
460 473 4 8 25
743 473 6 9 38
950 475 4 9 31
1001 474 6 13 51
1021 475 3 3 8
1396 476 26 29 445
467 479 30 21 298
1024 478 6 10 45
250 487 9 10 70
736 486 17 28 177
713 489 13 19 143
871 488 17 20 258
444 491 5 4 14
1142 491 5 7 29
1158 491 3 4 12
1380 490 6 7 31
1093 492 4 4 13
398 494 6 7 35
519 496 6 6 31
1008 497 5 7 25
1255 497 16 38 329
355 498 6 7 30
316 500 7 8 44
537 501 7 13 66
592 500 4 3 12
796 501 9 13 90
621 503 15 18 163
1113 502 2 3 6
1290 503 15 23 256
943 506 27 54 927
494 509 5 3 14
813 509 6 7 32
1009 509 46 63 1144
1097 509 2 4 7
1122 508 3 4 12
922 511 16 7 44
550 513 16 7 70
1098 514 23 40 473
397 516 9 13 80
467 517 3 3 7
759 516 14 32 282
995 516 10 11 72
911 519 3 2 6
1056 519 4 5 15
1123 519 25 21 214
1173 518 30 20 260
692 520 7 10 43
839 521 33 44 511
791 522 10 12 90
876 523 2 3 6
370 524 9 15 90
1324 525 19 23 226
610 527 5 6 24
740 527 10 18 125
887 526 9 5 30
505 528 5 4 17
1244 532 8 6 37
464 537 11 23 114
571 536 4 6 17
662 536 6 7 32
711 537 15 14 100
1392 536 7 6 28
533 539 14 22 136
1222 542 4 7 21
250 544 6 5 27
897 545 6 8 31
423 547 8 11 40
480 546 17 20 109
1129 546 5 7 21
1084 548 4 7 20
317 552 5 4 16
597 553 10 15 113
922 552 14 24 183
1345 552 15 24 236
704 555 6 24 63
1061 558 16 30 313
1151 561 3 4 9
849 562 61 73 1138
982 562 5 6 14
1213 563 8 12 68
389 566 10 10 75
1107 567 4 5 12
784 569 10 15 95
1257 570 5 7 25
1091 572 3 4 9
1193 573 3 2 6
752 574 8 15 91
403 576 6 6 28
620 576 12 16 102
640 577 34 47 523
1381 576 8 11 53
336 579 5 3 11
948 581 5 4 16
1081 583 12 9 67
1288 583 14 23 232
419 585 5 7 21
778 584 4 10 30
213 586 10 15 103
576 586 5 8 35
445 590 3 4 11
1179 591 4 5 15
486 592 4 7 24
1001 593 22 20 254
712 594 7 8 35
1151 594 33 77 1182
294 596 16 5 32
908 597 2 3 6
1375 596 21 38 569
576 600 16 18 202
678 601 17 15 163
250 603 8 9 55
468 602 14 11 106
733 602 12 7 32
424 604 4 3 8
883 612 3 6 18
889 612 15 35 314
1035 613 2 5 7
1234 615 12 19 149
813 617 8 18 54
722 618 4 14 46
1043 618 10 19 150
727 620 31 49 545
1063 621 3 4 8
1351 621 5 5 17
555 623 4 6 23
930 622 3 7 14
1103 623 15 25 254
1271 623 84 55 1028
526 624 7 8 40
616 624 7 6 28
1076 624 9 13 34
709 630 3 11 18
601 632 8 11 69
953 632 29 31 220
1566 633 4 2 6
691 634 6 6 26
912 634 3 5 13
1005 634 19 20 160
450 637 18 22 201
878 637 2 4 6
1202 637 5 6 16
504 638 4 3 10
1128 638 3 3 6
636 641 14 17 142
788 640 15 14 104
1144 641 2 4 7
1040 642 3 5 10
1073 644 17 32 289
928 647 26 37 527
486 649 5 7 24
1224 648 27 27 383
767 650 13 23 197
823 651 3 4 12
1105 650 31 46 722
884 652 3 7 12
907 653 3 7 16
580 654 8 10 58
837 657 12 33 195
514 661 5 6 18
412 663 4 4 14
279 665 7 8 46
654 665 8 13 73
968 667 24 47 567
689 669 6 9 35
1265 668 10 8 39
491 671 4 3 9
637 671 7 9 48
319 672 4 3 9
798 673 12 19 169
883 674 3 7 14
1147 677 8 11 42
1174 676 2 4 8
1032 678 3 4 8
735 681 3 3 6
752 680 8 12 63
560 683 8 8 47
872 685 5 8 25
1014 684 3 6 16
1050 685 2 4 7
1083 686 11 7 50
1324 686 14 32 233
479 689 5 7 20
585 689 9 13 64
824 689 5 7 27
849 692 9 26 124
673 695 4 4 13
1096 695 2 6 11
1276 694 18 30 300
229 697 6 6 29
640 696 22 17 123
989 697 4 7 23
1143 697 20 29 399
273 699 5 3 11
483 702 4 10 18
783 702 6 7 26
869 703 5 11 40
324 706 5 5 21
904 708 3 5 13
1084 708 7 7 38
748 711 4 6 19
697 713 4 7 18
733 713 2 3 6
126 714 4 2 7
980 719 16 9 52
684 720 11 16 113
1001 720 20 15 180
611 723 9 16 97
824 723 20 26 221
300 725 6 6 22
435 724 4 7 18
460 724 18 11 94
864 725 3 8 18
719 727 3 5 10
1056 727 3 5 8
1062 726 27 41 277
662 731 16 25 172
913 731 3 4 8
341 733 4 2 7
696 732 15 12 92
799 732 3 7 18
214 734 6 5 18
583 737 8 12 71
507 738 6 7 26
833 741 23 28 341
1148 741 19 43 477
782 742 4 5 13
1110 742 28 41 312
1196 742 11 16 135
397 746 10 10 54
434 747 9 8 50
1311 751 15 22 227
589 758 9 13 72
770 758 7 11 63
880 758 2 4 7
906 759 13 14 65
1039 761 20 38 373
670 765 4 4 16
715 765 3 3 7
503 768 17 7 52
748 768 10 16 110
890 769 3 7 17
940 768 11 17 110
688 770 10 5 25
622 773 5 2 6
1353 773 7 12 73
204 775 7 7 37
391 774 7 11 55
1083 775 24 18 98
835 777 4 13 24
1070 777 2 5 8
1706 776 4 3 9
1278 781 13 22 229
1256 783 1 8 8
437 785 4 4 15
456 784 4 3 6
619 784 16 24 217
886 786 133 60 3311
1221 787 24 22 279
558 789 3 5 14
476 791 13 6 46
756 791 5 9 36
433 792 3 2 6
655 792 3 4 9
860 792 8 24 75
1086 793 57 58 1062
180 794 6 8 31
332 795 6 13 64
1328 796 33 39 540
599 799 7 11 55
828 801 1 16 16
1106 801 3 4 8
436 806 3 2 6
356 808 2 4 7
1185 808 10 28 135
794 810 21 16 159
462 815 4 5 16
656 814 4 6 18
862 817 9 17 46
511 819 3 6 13
250 821 7 5 23
446 821 3 3 7
715 820 3 5 9
641 823 9 15 107
838 825 14 24 217
1020 825 20 11 67
1250 824 14 19 179
176 829 7 7 30
530 829 3 3 6
810 829 3 7 19
1815 828 1 10 10
615 831 5 6 24
1359 831 13 20 187
440 835 4 10 33
503 835 3 3 8
766 836 14 24 221
498 839 3 4 9
662 839 3 5 11
359 840 5 6 23
459 846 4 4 11
537 847 8 17 69
907 848 3 4 10
1068 848 3 4 9
945 851 10 22 129
971 851 2 4 8
1016 850 7 8 26
1122 850 10 11 94
685 852 3 3 7
247 854 14 18 134
667 855 17 8 69
1693 854 6 5 23
790 860 15 23 235
966 860 31 22 261
160 862 5 6 19
415 862 4 4 10
477 862 4 4 11
1045 863 4 6 19
1076 863 2 5 10
366 864 3 6 10
690 864 2 3 6
885 864 11 27 163
399 869 5 6 16
515 870 3 4 8
550 870 14 7 90
666 871 3 9 18
723 870 3 5 11
1052 871 3 6 17
933 875 5 19 34
427 877 2 3 6
812 876 4 5 13
1018 877 3 7 20
1108 876 13 21 175
1057 878 3 6 13
1216 878 5 9 41
1249 878 9 9 58
1624 878 6 4 18
120 880 5 5 16
597 880 14 10 106
683 880 3 5 14
718 883 4 6 15
988 883 23 57 421
853 885 3 6 13
1221 886 21 33 430
256 889 3 3 9
1131 888 56 35 653
610 892 8 12 71
687 895 6 14 65
489 896 4 4 11
842 897 10 4 13
645 899 3 3 9
746 898 7 12 55
1416 901 8 4 16
452 903 3 4 12
1553 903 10 4 18
159 905 6 12 68
586 906 5 5 15
893 907 2 5 7
1272 908 7 9 41
477 910 5 6 17
823 914 3 5 10
586 916 15 27 109
726 917 20 14 116
782 916 8 14 80
653 919 3 4 8
664 923 5 5 17
816 922 6 12 60
836 923 11 9 42
1102 922 11 16 120
413 924 20 11 84
860 925 2 4 7
1724 924 6 3 10
939 927 3 5 9
706 929 10 8 35
1247 928 13 18 161
155 931 5 4 11
488 930 11 8 46
563 936 3 3 7
696 936 455 265 33864
804 936 6 5 14
1022 937 18 9 56
1070 940 3 6 10
1667 941 4 3 7
349 942 5 5 14
543 943 9 12 63
912 943 11 33 85
751 946 5 8 35
1189 947 6 8 19
469 948 4 6 21
661 949 3 5 10
225 953 5 3 14
410 954 5 5 17
893 955 10 19 83
556 956 4 4 15
657 957 3 7 16
1006 957 4 5 17
1162 959 12 21 173
682 961 7 9 53
847 961 16 14 101
947 960 16 37 270
1326 961 13 16 140
1402 960 3 3 7
580 963 8 13 71
628 962 6 5 19
1015 963 3 6 14
439 964 3 3 8
1053 965 3 6 10
1256 967 11 9 38
931 970 7 12 65
344 973 5 6 21
668 973 2 3 6
398 975 11 17 127
496 975 9 13 91
643 974 16 11 54
977 975 22 36 498
691 976 5 9 35
1288 980 19 22 274
861 983 6 8 25
1820 985 20 15 175
485 987 4 7 25
1332 986 5 3 10
911 988 2 3 6
684 990 2 4 7
578 993 10 9 63
1153 997 12 31 223
663 1000 2 5 7
835 1000 2 4 6
1014 1000 33 38 629
506 1003 7 8 32
1013 1002 2 5 9
1061 1002 5 7 19
592 1004 7 10 47
639 1007 2 4 7
810 1006 5 6 17
1212 1007 4 8 19
245 1014 5 4 11
363 1014 4 7 18
432 1014 3 4 9
669 1014 18 18 150
931 1015 4 6 15
614 1017 3 6 13
211 1018 6 6 24
934 1021 19 18 173
564 1023 5 5 19
963 1023 3 6 15
1193 1023 17 15 110
1335 1023 8 6 35
900 1025 5 13 37
993 1025 9 5 19
138 1028 3 3 6
921 1028 4 6 20
878 1031 8 11 71
981 1035 6 19 47
1283 1034 3 5 7
423 1038 2 3 6
486 1038 3 4 10
1014 1038 6 10 26
393 1043 3 6 13
446 1045 3 3 6
459 1045 3 5 11
904 1045 21 26 159
1252 1045 14 11 50
71 1047 4 3 6
474 1048 4 4 9
660 1048 6 21 50
1005 1048 6 13 69
631 1051 2 4 7
1527 1052 5 5 9
343 1054 5 9 35
1658 1054 6 3 7
1801 1054 9 7 30
319 1057 11 8 36
634 1057 7 23 58
960 1056 10 19 140
432 1058 3 6 9
1119 1063 8 10 58
1262 1064 21 24 344
548 1067 5 3 7
275 1068 11 10 39
884 1071 3 4 9
342 1074 11 15 125
534 1074 5 5 17
648 1075 2 4 8
1223 1077 2 4 7
1796 1076 7 6 18
529 1085 5 5 12
573 1089 6 8 35
671 1088 13 10 89
426 1090 3 5 14
901 1090 6 6 29
1207 1091 2 3 6
1225 1091 3 4 9
1284 1090 13 27 183
1363 1093 6 4 15
1310 1099 5 9 19
697 1100 6 9 38
203 1103 7 4 17
1164 1103 21 23 181
1212 1103 28 20 191
1560 1103 6 6 19
1573 1103 6 3 10
1324 1106 5 2 10
314 1109 9 2 10
664 1115 2 7 12
736 1115 10 17 93
469 1116 4 13 31
772 1116 2 6 10
1347 1117 6 5 20
1098 1118 6 10 43
501 1120 2 4 6
572 1121 5 4 16
644 1122 3 4 10
559 1127 3 4 9
606 1126 4 7 22
46 1129 6 3 14
1341 1133 7 3 14
433 1135 11 12 28
642 1134 6 4 8
1317 1134 4 2 8
382 1137 4 7 21
1394 1137 8 5 26
1498 1136 3 2 6
656 1138 4 4 14
782 1138 6 8 35
1123 1139 8 13 69
1586 1138 4 3 9
595 1142 2 11 12
683 1142 4 5 13
726 1143 13 14 102
1488 1143 3 3 6
1621 1143 7 3 8
146 1147 9 7 33
1174 1147 10 9 38
524 1149 6 7 15
1213 1148 4 2 6
1151 1150 4 13 20
1239 1151 7 4 23
1299 1152 5 3 11
1632 1152 3 4 8
561 1154 5 9 20
615 1154 9 5 21
1662 1155 11 6 20
127 1156 6 6 17
450 1158 3 3 6
777 1159 14 7 23
421 1161 2 4 6
1241 1167 8 9 35
1258 1167 6 9 26
315 1168 3 3 6
1373 1169 8 13 45
1391 1170 6 5 17
863 1174 4 3 9
404 1177 8 11 32
1202 1176 22 15 125
689 1178 2 6 11
902 1179 2 6 11
1241 1184 15 9 39
1459 1184 8 8 29
141 1189 4 6 18
719 1189 6 14 39
1665 1188 6 6 29
759 1191 3 5 10
1354 1193 18 11 40
1467 1193 9 2 17
472 1196 3 10 12
629 1202 2 5 8
1322 1207 8 8 37
1421 1208 11 7 46
375 1211 4 6 15
408 1211 4 4 11
1256 1213 4 5 9
849 1215 4 8 23
515 1217 3 3 6
1175 1218 3 3 6
1310 1221 7 7 31
414 1223 2 5 9
427 1222 2 6 7
1468 1223 2 5 10
1252 1225 4 3 10
1354 1226 3 2 6
