0 0 1840 1228 2143076
282 0 19 18 237
335 0 31 27 311
477 0 21 25 328
581 0 8 7 46
621 0 6 9 44
642 0 6 14 72
1051 0 29 91 813
1353 0 23 12 187
1423 0 14 12 87
1462 0 14 15 162
1653 0 2 5 10
1669 0 2 3 6
1616 5 36 58 1075
844 9 5 7 30
1310 9 19 75 876
790 10 19 22 207
1032 10 3 7 21
1529 11 24 15 166
879 13 15 23 265
733 15 8 12 72
924 19 21 21 137
769 22 5 8 27
818 24 5 15 52
861 24 5 9 33
1098 26 6 10 47
1126 26 6 13 62
65 28 16 16 168
586 28 8 18 112
963 28 7 13 70
1233 33 9 14 103
1412 34 68 82 1922
724 37 5 6 19
784 36 4 9 33
846 36 16 42 301
1076 37 6 7 21
1351 37 34 73 956
568 39 9 19 118
156 40 30 26 363
745 41 4 9 28
1171 40 27 33 497
936 42 3 8 21
955 42 3 6 12
977 43 7 19 93
410 45 8 10 57
474 44 8 10 58
494 47 19 42 549
1009 48 23 30 259
284 50 8 9 46
918 53 13 7 63
739 60 5 8 30
873 61 10 60 345
1237 61 12 27 218
720 65 11 37 248
459 69 8 11 62
385 73 9 10 55
679 75 18 27 272
1030 75 22 11 83
441 77 8 10 52
296 79 14 22 229
1197 80 22 55 580
195 83 6 4 12
863 82 3 12 35
921 83 6 24 84
645 86 5 16 58
945 91 3 6 10
951 91 25 48 534
1576 91 30 43 653
824 93 5 9 28
387 95 8 10 58
1052 94 17 41 376
1024 98 16 11 82
673 100 7 11 60
1496 101 12 12 104
163 102 11 12 98
656 102 6 11 55
890 102 11 24 182
1095 102 3 6 14
784 105 12 33 259
1284 105 11 25 180
769 106 3 7 19
1003 106 4 5 17
1336 106 18 23 184
247 109 4 4 13
1383 115 18 26 271
134 116 11 17 92
1010 116 2 6 12
825 118 27 34 286
1129 119 10 22 166
206 123 9 9 54
728 122 4 8 27
984 123 13 16 45
535 124 7 14 80
664 125 3 6 14
440 127 9 16 106
1009 127 7 12 41
1112 126 5 8 31
1522 126 36 17 232
1321 129 14 48 264
1741 129 3 3 6
355 132 40 25 452
906 132 2 5 10
1299 132 2 6 11
1077 134 2 4 8
804 139 76 198 3445
1401 139 56 125 3095
144 140 5 7 24
683 141 10 3 16
524 142 7 16 93
727 143 7 12 59
979 143 13 20 154
1003 143 4 9 22
946 145 6 14 55
1079 144 5 10 38
1836 144 4 2 8
154 147 12 12 74
482 147 9 11 78
1021 146 3 4 11
1121 146 5 10 40
1016 151 3 5 11
1352 152 6 10 41
198 154 8 6 33
917 159 2 3 6
1027 159 30 43 542
1548 158 15 29 283
234 164 9 12 69
925 164 10 40 192
463 166 11 28 233
622 166 7 5 22
524 169 26 41 439
557 168 3 4 8
878 171 52 141 1793
491 172 8 14 75
987 173 19 56 424
1288 172 28 68 810
509 177 6 10 53
770 181 4 5 17
792 180 10 16 101
1185 181 8 18 104
641 187 3 7 9
1102 186 12 21 185
1604 186 15 16 165
777 188 3 7 19
951 188 4 9 27
622 190 8 8 37
1457 192 17 23 238
975 194 5 10 46
572 200 11 33 163
1031 201 3 7 15
26 202 10 8 56
1261 202 7 14 50
479 204 12 38 345
1331 209 8 12 80
943 210 9 35 195
434 216 15 29 223
1129 217 26 26 368
1183 217 3 3 6
181 218 41 52 821
785 219 10 30 170
1013 221 8 19 86
1076 221 10 10 48
878 223 9 12 48
280 225 22 29 303
414 224 7 10 56
1029 224 21 59 434
1594 230 12 14 115
969 234 4 7 21
671 237 5 8 35
1279 237 13 23 194
387 244 12 20 179
118 247 19 20 234
1008 246 4 15 29
1338 246 20 81 907
885 249 10 6 24
972 249 2 10 15
728 251 7 8 36
870 253 4 5 8
1473 252 12 22 192
66 255 14 18 157
429 255 8 10 55
945 256 3 8 16
506 260 11 20 142
1110 260 5 12 44
638 262 15 14 91
711 262 3 4 10
760 262 25 26 384
1258 263 11 20 139
799 268 33 50 614
1557 269 11 15 121
208 273 9 9 66
1519 272 14 20 197
694 277 6 14 49
942 277 6 3 7
975 277 2 3 6
413 281 10 17 129
1053 281 2 5 8
530 285 10 21 147
968 285 6 6 16
1415 285 16 27 266
995 286 6 15 50
248 289 7 10 55
1013 288 20 37 369
1584 289 19 32 314
553 290 6 10 45
912 290 2 5 7
946 290 5 8 30
1044 291 7 6 27
512 293 7 17 102
1232 293 8 15 70
1258 295 8 11 58
179 298 22 19 269
231 298 10 13 79
258 301 12 12 108
290 303 5 4 17
1558 303 11 18 148
346 304 6 6 24
488 305 14 18 203
997 309 9 10 58
945 310 11 6 41
546 312 7 10 48
757 317 3 5 11
1048 317 3 7 13
1361 316 40 121 1952
891 319 2 5 9
1177 318 10 13 86
107 320 12 13 99
936 323 2 6 11
1194 322 9 19 106
446 325 7 11 61
825 324 5 17 43
1087 326 7 9 42
1311 327 18 16 152
971 329 5 11 35
1572 329 12 19 162
259 330 28 36 311
716 330 4 6 16
1007 331 7 6 13
680 332 7 20 111
195 334 9 9 65
489 334 16 24 165
850 334 2 5 7
951 335 7 14 44
1092 339 5 7 23
1339 338 9 19 117
801 340 9 19 85
1038 340 2 7 10
927 342 6 13 52
1220 344 37 55 497
1461 346 13 27 215
1269 349 7 7 44
974 350 12 11 66
810 352 107 127 4275
211 354 8 4 19
406 354 11 10 68
1046 354 4 7 23
499 357 26 88 557
610 358 4 8 30
635 358 2 7 7
254 360 5 5 14
862 360 7 18 109
938 360 2 15 29
949 361 15 16 131
722 362 5 7 20
184 365 10 10 66
564 364 5 4 16
1067 365 7 9 39
1191 364 7 15 67
1338 365 17 45 264
996 367 3 5 11
1015 366 2 4 8
1029 366 11 37 243
461 368 12 21 119
831 368 2 5 9
1314 370 11 15 111
751 372 6 26 93
842 374 9 21 99
444 381 4 4 11
918 381 6 12 49
974 380 31 68 644
991 380 2 4 6
1003 382 2 6 11
656 384 13 29 170
1075 386 5 13 57
1244 387 5 2 6
158 389 9 5 29
688 391 3 4 8
803 390 11 20 112
949 390 2 6 10
967 391 1 7 7
449 392 8 20 86
711 392 3 5 11
950 399 7 10 53
1047 399 3 9 18
675 402 3 3 9
734 403 3 4 8
791 402 3 6 11
1016 403 4 7 26
1235 402 13 16 132
57 404 4 3 10
285 406 9 14 89
551 407 19 15 198
245 411 6 6 31
705 410 3 6 14
719 410 3 4 9
1020 414 8 27 64
413 417 5 6 18
970 418 8 6 33
1114 418 9 12 76
396 421 3 7 18
953 423 16 17 145
305 425 3 4 8
467 425 14 28 233
1254 424 12 31 166
1536 427 8 8 49
578 429 5 8 34
738 429 4 5 17
789 428 10 11 88
176 433 9 7 41
1182 433 8 13 75
630 434 16 14 90
766 435 1 8 8
428 439 6 14 66
1019 443 20 18 161
1292 442 9 16 111
956 445 3 5 9
141 447 15 21 109
572 446 8 22 132
751 447 6 7 25
1556 447 11 13 110
782 450 9 6 19
1166 450 38 37 755
410 452 6 10 45
996 454 19 26 267
118 456 3 3 7
674 457 8 25 136
1322 457 11 22 159
1492 457 10 17 113
960 461 2 3 6
186 462 6 3 12
872 463 9 8 26
1281 463 8 17 86
216 465 15 22 154
924 465 5 13 59
416 467 5 8 32
1099 467 6 8 38
1243 468 29 31 369
1411 470 10 15 71
743 473 2 3 6
942 473 15 20 93
194 475 13 11 74
584 474 5 9 40
509 476 4 4 13
761 477 2 6 11
1016 479 9 10 43
987 481 14 25 210
792 483 2 3 6
810 483 3 9 25
962 483 4 9 18
974 483 4 7 19
908 484 8 13 64
1195 485 44 51 826
522 486 4 6 20
1486 489 3 3 6
730 491 3 9 25
842 490 3 3 8
450 493 5 7 30
533 492 7 8 44
661 493 12 17 125
1366 493 4 3 11
1556 496 9 8 47
1240 499 3 3 6
799 500 2 4 8
931 501 11 11 45
973 501 2 5 8
73 503 10 6 39
188 502 13 12 90
1330 503 9 15 107
244 509 8 10 62
585 509 3 7 15
1039 510 3 3 7
807 512 2 4 6
1178 514 7 23 101
1269 515 16 17 194
493 516 5 5 23
996 516 2 4 7
1377 516 18 35 346
1421 517 5 6 18
532 519 6 10 42
1119 519 9 34 178
869 520 1 8 8
1045 521 9 18 113
1294 523 9 15 92
1339 522 26 32 261
924 527 1 6 6
507 529 35 39 281
663 528 3 8 21
816 529 20 35 275
624 531 8 9 37
423 534 6 10 46
956 534 2 3 6
326 543 5 5 19
804 542 3 5 12
920 543 8 16 45
936 545 3 5 11
465 546 5 6 21
721 547 3 5 12
669 546 432 236 27239
1062 546 3 3 6
191 549 15 20 172
884 550 6 12 54
239 552 15 17 182
477 552 6 7 31
704 552 4 14 32
559 555 10 11 39
1324 556 34 39 478
751 559 3 5 12
838 558 8 27 125
1098 560 5 4 9
1467 561 8 8 37
637 565 3 2 6
899 564 12 9 39
1157 564 17 4 37
214 567 10 11 87
776 566 6 15 63
1065 567 4 3 9
1375 566 22 24 394
606 571 3 6 9
803 570 5 17 45
508 573 7 10 47
646 573 4 3 12
699 572 3 3 8
1246 573 2 13 25
1095 576 6 5 22
823 578 2 7 13
566 583 5 21 67
637 582 6 10 44
955 582 8 24 67
207 585 8 7 47
471 587 6 6 30
905 586 11 11 60
870 589 13 29 131
941 589 2 4 6
975 589 11 14 95
1145 589 10 18 77
432 590 5 3 11
800 591 2 7 10
1272 591 8 11 75
740 593 14 17 102
848 592 8 20 133
224 597 7 7 40
812 597 13 13 103
1438 600 7 6 31
487 604 7 12 69
969 605 6 12 52
521 607 7 10 53
920 607 4 10 29
1339 610 11 19 158
1195 613 5 5 15
1365 613 8 16 86
444 614 5 6 22
508 614 4 3 10
788 615 2 5 9
817 615 2 4 8
978 615 12 11 62
846 617 18 51 292
207 619 6 5 21
488 619 17 20 188
1207 618 6 12 49
1444 618 27 27 240
329 620 5 4 14
774 623 2 3 6
947 625 6 12 52
821 627 6 11 56
1095 627 6 3 10
799 630 11 6 37
879 633 4 3 6
962 633 2 4 7
1328 632 41 56 860
449 636 6 10 46
676 637 3 7 19
530 638 4 7 20
274 641 7 12 34
1228 641 5 8 29
1272 641 14 15 148
115 643 18 28 218
932 642 4 5 10
1183 644 16 31 164
254 646 8 7 33
879 646 12 12 41
1212 655 9 18 104
630 657 5 7 28
159 659 3 3 6
1298 660 4 4 10
811 663 4 6 22
873 663 4 15 39
919 662 2 3 6
315 664 13 8 49
428 664 5 6 20
507 667 13 16 125
535 669 13 18 102
596 670 4 4 13
382 676 11 10 54
837 679 15 13 63
1226 678 14 10 50
485 682 33 18 262
676 684 3 4 7
693 684 4 7 26
895 689 2 4 7
1122 693 7 11 47
1393 692 6 9 35
402 696 4 3 12
1046 696 6 16 65
1215 697 4 6 22
240 699 8 9 56
641 699 5 7 31
1158 698 4 5 19
1172 699 5 3 8
1097 700 5 3 7
437 703 6 8 26
457 702 8 2 9
522 703 3 4 10
1273 704 10 20 113
705 706 2 3 6
1157 706 14 18 152
201 709 9 12 81
1221 708 8 7 31
1318 709 18 13 152
1344 710 7 10 47
1250 713 5 9 34
375 717 3 3 9
544 717 4 4 12
287 720 4 10 20
170 724 3 4 7
987 724 13 26 133
493 726 3 2 6
1226 727 4 5 16
1355 726 7 9 43
501 729 3 4 12
133 731 18 19 237
517 731 13 12 64
483 733 7 8 34
1161 733 4 4 15
1060 739 2 6 12
1168 739 20 26 201
1117 741 3 7 18
385 743 12 4 31
681 743 2 4 6
1255 743 9 6 36
442 746 4 3 10
1299 747 6 8 39
484 751 20 16 113
231 752 17 14 88
524 753 14 11 53
985 754 2 4 7
1234 756 12 14 107
447 759 4 2 6
856 758 3 3 9
1202 758 8 15 70
1305 761 7 9 47
896 762 5 11 43
548 765 3 3 8
948 764 5 13 63
217 766 9 9 39
921 766 4 6 23
273 768 12 10 84
657 770 5 9 24
1297 771 8 16 57
928 773 6 18 53
1153 773 8 15 65
1019 774 2 5 6
1329 774 27 24 330
412 776 7 6 32
560 776 5 4 17
1419 777 5 5 16
805 778 30 17 124
1052 778 7 13 61
1171 783 12 15 90
1193 783 15 21 142
213 787 7 9 39
702 786 3 6 17
778 787 2 4 8
866 786 7 4 14
672 788 2 5 9
939 788 26 29 279
976 791 9 11 57
1241 791 11 14 86
692 793 4 11 19
1056 793 18 13 96
1304 793 22 22 181
486 795 3 2 6
785 794 4 8 30
478 797 4 4 15
1159 796 5 11 38
135 798 4 4 14
801 798 5 9 30
872 798 3 6 17
539 801 3 5 7
824 800 2 10 11
890 801 2 8 15
760 802 4 9 18
1292 802 8 7 34
242 805 8 9 55
474 804 4 3 10
339 807 2 4 7
210 809 9 12 64
844 809 17 10 57
865 809 3 7 17
789 810 7 4 16
1125 811 15 42 273
1226 810 5 6 24
1274 810 7 15 68
1384 810 7 13 77
306 812 21 11 111
966 812 5 9 31
1177 812 10 8 29
490 816 8 5 35
1155 816 12 11 77
755 820 37 25 223
465 823 11 17 135
801 822 4 3 9
500 825 4 4 14
925 824 4 8 30
1079 831 7 11 54
1015 832 11 25 159
1254 836 11 14 96
793 839 3 3 8
806 840 2 4 8
871 841 2 4 7
946 841 4 13 36
1156 840 3 5 12
1221 840 7 14 58
822 843 5 7 24
497 845 4 9 20
882 847 5 14 49
972 847 4 12 25
1063 846 5 9 35
1192 847 19 12 105
525 848 4 5 15
835 849 4 13 50
750 852 6 5 14
1167 852 5 8 30
1261 852 7 11 58
1511 853 7 2 8
459 855 4 9 25
848 854 3 6 16
1334 855 5 3 14
774 856 1 6 6
644 859 8 6 29
1228 858 3 6 12
489 861 2 5 6
503 860 3 4 10
800 861 4 9 28
813 860 3 5 14
1113 861 2 7 8
442 862 9 7 24
662 862 4 8 21
1301 866 4 6 16
914 869 4 6 19
1086 869 6 7 28
1222 868 4 6 12
707 870 5 7 11
1029 870 6 9 44
1193 870 15 14 80
520 873 8 10 50
774 874 5 6 22
938 874 4 9 33
1332 874 3 3 7
1125 878 3 5 13
365 880 3 6 15
790 882 3 12 27
1155 882 8 7 51
1177 883 6 25 71
810 886 5 8 37
1228 887 5 8 28
525 888 2 3 6
705 891 2 7 10
1102 890 4 15 38
1129 890 4 8 26
1409 891 4 3 8
516 893 6 3 9
958 893 13 28 117
1149 892 5 8 21
503 896 8 8 63
768 897 3 15 17
1338 899 6 15 52
684 900 11 5 21
923 900 4 8 23
524 903 8 8 31
657 903 2 5 8
1206 902 14 15 138
298 905 4 6 9
496 904 3 3 8
1154 907 15 19 119
1242 907 8 19 91
1128 908 5 5 15
1289 908 8 14 63
881 910 9 6 28
312 913 6 6 30
340 917 6 7 32
992 917 4 6 22
434 918 3 4 9
446 918 4 3 9
528 919 4 4 9
540 918 6 4 14
744 919 2 6 7
27 921 7 1 7
1027 920 8 13 66
1082 920 3 3 8
785 923 2 4 7
1052 923 5 9 34
1220 923 7 11 52
1359 923 5 3 10
755 924 3 5 11
300 926 3 2 6
1111 929 9 9 30
1268 928 3 3 9
697 931 2 6 10
1204 931 3 7 18
1250 930 18 22 202
1302 931 3 4 8
266 932 3 4 8
514 932 3 3 9
551 932 5 5 18
812 935 10 11 73
307 937 4 4 12
728 936 3 4 8
1005 936 4 9 31
1079 936 4 5 16
1164 938 4 7 26
486 940 3 5 14
664 940 5 4 8
534 942 6 6 20
1197 942 6 6 24
596 944 16 13 65
639 944 2 4 7
418 946 6 7 18
1122 946 6 4 15
1224 946 4 6 20
342 948 2 4 6
882 951 4 6 19
1095 951 11 12 44
232 952 4 7 15
1291 953 5 7 27
295 954 4 2 6
1209 954 14 13 80
799 957 4 7 14
966 957 4 10 35
1128 957 3 4 11
1184 956 6 13 60
1327 958 6 8 26
858 961 4 6 20
500 964 6 9 24
916 965 2 5 10
975 964 10 8 30
1367 964 4 3 8
543 971 13 17 53
647 970 2 9 11
1093 971 3 6 15
1095 973 34 18 162
108 974 4 4 8
430 974 7 4 12
797 975 2 3 6
1240 974 3 5 13
1391 975 4 3 6
771 976 2 9 11
896 977 12 9 58
1118 976 24 43 262
818 978 7 11 30
1296 979 10 8 44
1697 979 6 6 19
1350 980 4 5 16
285 985 3 3 8
1321 987 2 5 8
267 988 4 6 11
516 989 6 6 15
727 991 2 4 8
1226 990 5 9 37
1247 990 4 7 21
363 992 3 4 9
1786 992 2 4 6
773 994 3 6 12
809 996 4 3 8
372 998 3 5 7
817 999 10 13 83
1182 998 4 14 20
1692 999 3 5 13
478 1001 4 5 13
532 1001 7 5 19
68 1002 4 4 10
658 1003 2 5 9
334 1004 4 5 16
755 1009 8 7 18
1209 1008 5 6 22
385 1011 3 5 9
418 1011 2 4 6
1599 1011 8 6 38
485 1012 13 15 60
1233 1012 5 6 20
843 1015 2 5 10
1751 1015 6 6 16
317 1017 9 5 22
373 1017 6 8 41
711 1016 3 4 10
925 1019 4 9 25
985 1018 3 3 7
1257 1019 5 10 33
669 1020 2 5 9
1128 1021 7 17 51
1179 1021 4 12 25
763 1022 30 19 141
952 1023 4 9 32
1199 1022 5 8 28
994 1026 10 5 28
1116 1027 2 5 9
663 1029 4 9 16
1089 1028 10 8 36
532 1030 6 2 7
1226 1030 3 6 14
940 1033 5 8 35
1068 1038 2 6 8
1142 1041 15 20 51
1222 1041 3 4 11
1680 1042 3 4 8
181 1044 4 5 12
502 1045 8 4 14
534 1046 2 12 15
646 1047 6 5 18
765 1047 5 4 8
826 1047 6 3 18
1217 1046 4 8 27
1287 1046 4 3 10
1237 1048 7 6 12
1270 1048 5 6 15
1412 1049 6 4 13
405 1051 7 2 7
1035 1051 3 5 13
298 1052 4 5 9
888 1055 3 5 13
942 1055 2 5 9
1565 1054 10 11 26
675 1056 3 5 7
1095 1056 9 7 29
1169 1059 12 6 41
523 1060 11 10 36
1133 1061 2 4 7
1413 1060 5 4 11
1158 1063 2 4 6
1266 1062 3 5 10
399 1065 3 7 15
1125 1066 5 5 21
993 1068 4 7 22
390 1072 3 4 8
1026 1073 3 5 14
1093 1072 8 7 33
1523 1073 3 3 6
634 1075 3 8 16
680 1074 4 3 8
925 1075 2 5 8
549 1076 5 8 12
1170 1077 4 8 27
1194 1078 3 5 11
782 1080 3 6 16
800 1084 11 10 45
911 1084 2 5 8
972 1086 3 5 10
230 1088 3 10 20
977 1091 4 5 17
1812 1091 9 6 26
286 1092 6 2 11
486 1093 6 6 10
1465 1093 5 6 18
282 1094 3 2 6
539 1095 7 10 31
1042 1094 3 3 8
1140 1095 3 5 13
1061 1097 3 9 19
1157 1097 28 39 347
1196 1097 3 5 13
497 1099 10 4 22
877 1099 2 4 8
962 1098 5 6 16
1108 1099 3 3 7
1497 1102 11 13 55
756 1105 16 12 65
784 1104 53 38 379
1285 1105 3 3 6
154 1107 5 4 11
1240 1107 2 4 6
364 1108 3 3 6
859 1108 8 18 51
944 1111 16 12 69
1533 1114 14 7 53
1391 1117 2 4 6
893 1119 16 4 33
1153 1120 3 3 7
1050 1124 8 7 14
512 1126 11 8 56
888 1126 5 4 8
774 1128 11 19 73
258 1131 15 11 61
565 1131 5 3 7
1229 1132 2 4 7
401 1137 8 13 46
1234 1137 4 5 14
102 1138 4 4 13
837 1139 13 6 18
988 1139 7 7 23
1143 1139 18 31 207
883 1141 5 5 9
1042 1141 3 4 6
437 1142 4 3 8
927 1145 2 3 6
466 1146 3 4 9
596 1148 3 4 8
897 1150 22 9 42
1090 1151 7 4 20
1747 1151 9 9 27
963 1153 6 5 20
1232 1152 5 7 23
1442 1152 5 4 13
437 1155 8 6 36
514 1154 3 6 12
1019 1158 3 4 10
688 1160 14 17 85
972 1160 10 8 47
521 1163 2 4 7
717 1162 18 19 86
927 1163 2 4 8
271 1164 4 2 7
1090 1165 3 4 8
1188 1167 3 4 8
544 1168 4 3 9
1297 1169 3 4 8
527 1170 2 8 15
628 1171 9 12 32
777 1171 5 7 11
799 1170 3 6 16
1356 1170 4 6 15
1167 1173 13 3 27
392 1175 6 7 29
588 1176 7 4 21
816 1176 3 4 8
768 1178 4 5 17
162 1180 14 7 19
918 1181 3 10 12
805 1182 3 5 8
886 1183 2 8 12
207 1185 7 4 15
384 1186 14 12 41
782 1187 5 13 17
1084 1189 2 4 7
1260 1188 2 5 8
727 1191 11 12 67
116 1193 6 6 22
490 1193 3 5 11
565 1193 4 4 9
503 1194 13 6 24
1039 1194 17 5 30
337 1196 3 4 6
1189 1196 4 9 19
1460 1199 3 4 6
101 1200 3 3 7
843 1200 6 2 8
1131 1201 2 4 7
640 1203 4 5 11
701 1203 18 8 48
1258 1203 2 4 7
952 1205 1 9 9
109 1206 7 3 12
829 1207 6 7 18
1155 1206 2 4 6
1410 1206 5 3 10
897 1209 6 3 16
1628 1208 8 20 58
19 1211 6 4 12
571 1211 8 11 29
856 1211 1 10 10
920 1212 8 16 58
1171 1214 2 3 6
284 1216 3 4 8
1101 1216 14 12 103
1301 1216 7 7 32
649 1218 6 4 8
1084 1219 3 4 6
270 1221 3 7 18
1231 1220 4 8 21
482 1222 3 6 14
350 1224 6 4 15
