0 0 1840 1228 2144505
403 0 18 22 304
812 0 23 36 667
886 0 20 15 223
1052 0 8 10 65
1084 0 21 14 222
1139 0 3 8 14
1236 0 4 4 13
1364 0 15 16 180
1461 0 7 6 30
1428 5 7 6 29
594 6 25 22 270
716 6 8 9 56
771 8 19 52 601
869 8 6 8 39
678 12 10 14 109
849 16 20 14 189
939 17 14 19 162
1301 17 3 4 8
1383 23 9 17 102
513 25 20 39 358
963 26 5 6 25
1119 27 8 10 59
499 29 11 12 100
1007 28 5 8 35
1047 32 8 10 54
1399 34 8 6 29
972 36 13 12 120
1328 36 15 14 86
427 41 7 7 36
994 40 6 7 35
1190 40 24 23 372
1451 40 7 7 35
1494 44 27 34 616
1019 47 26 21 243
1091 49 4 4 14
845 51 13 21 215
1135 50 10 11 76
1825 53 15 35 333
123 54 12 8 53
382 54 11 9 70
1247 56 10 10 81
10 59 19 15 222
1083 58 24 19 251
261 62 12 8 67
399 63 2 5 8
1289 64 6 5 22
1127 67 7 10 49
1359 69 7 7 36
393 78 4 5 8
1166 79 8 15 86
115 80 15 13 136
1022 82 6 10 48
1466 83 7 8 32
1085 86 19 26 333
222 88 9 6 40
281 89 20 17 231
998 90 15 21 169
1124 91 11 11 89
526 95 27 18 316
1070 95 7 8 47
939 96 19 25 206
394 99 11 13 107
1149 99 3 3 7
1466 105 39 54 1348
231 106 13 10 90
1324 107 39 33 701
1195 111 5 3 12
1243 110 3 3 6
414 113 6 3 8
461 113 4 4 9
1019 113 11 18 148
1159 116 3 3 7
1716 116 29 27 504
336 118 8 7 37
1217 121 3 3 9
284 124 11 10 88
386 125 14 17 168
1095 124 5 6 21
920 130 4 4 14
1057 130 6 5 22
1174 130 6 7 27
997 137 12 16 130
1291 136 4 5 14
30 138 21 14 136
787 138 19 35 308
636 140 9 12 85
1100 142 5 5 21
1063 144 7 10 57
1205 144 3 3 8
874 149 4 2 6
684 153 7 7 35
1376 153 3 3 7
527 154 11 14 123
819 155 6 13 51
1009 159 6 7 30
438 160 8 6 35
995 161 4 4 12
1137 163 4 7 21
1284 163 5 5 18
1307 165 7 15 31
394 167 15 16 177
1350 167 4 5 12
1358 166 27 49 622
570 168 8 12 76
951 170 22 20 188
1478 171 24 26 376
295 172 10 11 78
1164 172 22 41 646
985 177 4 5 14
1105 177 16 12 116
1228 182 6 6 25
106 185 16 13 135
537 185 8 8 44
1134 187 5 9 28
283 189 8 4 23
452 189 9 9 60
939 190 5 6 26
746 195 7 7 31
811 194 7 10 56
862 195 8 12 62
921 195 8 14 87
1061 194 16 23 281
1240 195 26 32 567
502 196 9 11 86
997 197 5 6 24
1014 197 10 8 64
1123 198 6 11 42
1340 199 6 13 27
646 201 8 12 79
614 210 11 17 153
1206 210 4 5 14
257 219 14 16 187
850 218 6 7 32
713 224 34 55 844
1220 227 5 6 19
1290 226 27 27 400
429 228 6 5 21
1322 229 4 2 6
1366 230 5 12 27
1203 233 4 6 16
1335 233 4 6 17
1064 234 4 5 15
643 237 8 10 62
1082 237 5 4 14
1186 237 15 11 59
586 239 8 8 50
1111 238 17 20 144
748 243 5 6 22
453 245 10 13 109
1247 246 4 4 10
0 249 2 5 8
991 250 3 3 9
1064 250 5 7 22
226 252 15 17 194
1386 253 15 9 68
1427 253 31 39 823
759 255 30 28 421
1182 255 4 6 11
1313 256 40 62 1176
1267 260 3 3 8
1778 261 16 12 131
392 262 9 10 74
275 264 6 3 9
1043 264 11 15 122
1015 266 4 5 16
1237 266 33 57 892
639 269 8 10 63
933 268 5 8 34
594 271 7 7 41
793 270 15 22 231
904 271 7 11 59
1149 271 2 7 10
1210 270 5 4 13
539 272 7 6 22
78 276 18 17 233
614 277 9 11 69
301 278 11 13 112
1182 279 4 5 17
255 281 8 7 34
518 281 10 12 99
1111 283 17 34 355
1208 282 27 11 118
1462 283 31 35 757
1169 285 5 5 16
471 287 5 3 12
502 289 7 9 51
977 289 3 4 10
1144 289 4 4 13
1398 289 4 2 6
894 291 8 12 83
1296 291 15 7 81
686 293 24 15 150
1545 293 18 16 207
1049 295 5 4 9
837 296 5 7 31
480 298 5 4 15
722 299 13 10 92
869 299 5 4 15
1081 299 2 3 6
273 302 13 13 134
904 303 8 11 76
1158 306 18 24 314
1001 309 3 4 8
1390 312 28 37 600
820 316 4 7 17
1081 316 15 14 96
957 318 6 10 46
1019 321 5 8 22
1037 327 4 4 7
1550 327 20 19 251
412 329 11 12 94
791 330 5 7 25
1247 330 3 2 6
595 332 7 9 47
1227 332 13 9 68
1304 332 4 6 17
734 335 22 29 378
891 340 5 8 34
1125 341 28 33 241
951 342 4 5 16
969 342 54 32 516
1037 342 4 5 12
313 345 17 21 197
1249 345 4 4 12
1065 349 16 8 37
705 350 16 24 330
920 351 4 5 14
1113 352 4 3 7
1209 353 9 19 70
1765 352 67 62 2753
452 354 19 9 103
1260 355 33 28 594
955 359 4 6 19
1097 359 15 9 68
1355 359 24 22 328
812 363 4 6 20
1143 366 45 36 771
1062 369 3 2 6
978 371 10 6 23
1116 371 3 2 6
1609 371 23 22 333
401 373 12 35 234
961 372 5 3 13
1231 375 4 4 12
384 376 4 5 18
571 376 6 6 34
723 377 6 5 27
1065 377 9 2 10
969 378 6 5 20
1017 379 3 3 7
1125 379 6 3 12
778 382 6 7 38
729 387 4 5 19
1085 386 4 2 6
599 388 27 22 339
205 397 5 4 9
529 396 17 25 338
1040 397 10 24 127
866 398 7 8 36
1294 398 5 6 24
1114 402 6 4 17
1231 405 24 33 512
907 406 7 9 46
952 408 23 23 319
1105 411 13 11 69
414 413 8 9 53
741 413 4 2 6
1284 412 8 5 15
798 416 4 5 16
984 417 4 4 14
683 419 10 13 101
440 422 10 17 60
752 422 13 16 162
890 422 30 38 553
990 425 13 14 103
710 427 18 13 118
254 428 11 6 57
301 429 5 3 14
584 429 12 11 91
416 431 9 6 42
666 430 8 10 71
821 430 6 7 30
1025 430 32 25 401
636 437 10 13 90
737 440 5 5 23
519 444 9 4 24
744 445 4 5 19
873 444 3 3 6
1106 445 2 3 6
982 448 9 20 88
1539 449 5 3 9
959 451 4 5 14
1161 451 8 9 46
1198 450 4 3 9
1801 452 39 46 994
142 459 11 10 81
1443 459 21 30 424
294 461 9 8 57
855 461 3 3 7
1429 464 5 2 6
1705 464 44 43 1198
1534 466 11 12 76
821 469 25 14 178
1143 468 17 8 28
691 470 14 17 184
1177 472 3 4 8
1117 480 4 4 13
1564 480 16 8 48
1022 483 4 4 12
374 486 9 11 82
806 487 17 51 269
947 488 9 13 85
408 490 9 9 60
995 490 22 26 405
1167 497 18 21 238
776 499 5 3 7
833 498 8 10 60
929 498 9 11 30
643 500 5 5 21
1100 501 3 3 8
398 502 10 10 69
215 505 8 4 19
708 505 6 7 32
428 509 10 11 89
463 509 8 6 35
1112 508 7 3 11
892 510 13 8 51
1151 510 8 9 51
1225 510 4 9 20
373 512 8 7 38
869 512 19 15 160
628 516 10 18 123
985 520 5 6 21
1188 522 6 5 12
1749 522 64 72 2990
917 524 5 5 21
967 525 6 5 17
1223 524 60 37 1122
1066 526 4 3 9
721 528 9 11 80
191 530 18 13 123
342 531 4 2 7
461 530 10 12 99
643 530 9 11 74
1689 530 27 22 405
493 533 6 7 37
1210 535 3 2 6
383 537 5 3 14
855 536 22 17 175
1104 537 19 7 64
247 541 9 7 59
533 540 5 3 13
780 542 21 25 284
157 546 8 5 35
335 547 7 5 28
523 549 5 5 24
1552 549 9 6 38
732 551 10 9 45
913 550 13 17 177
969 553 3 3 6
1189 552 3 3 7
888 557 3 5 11
371 560 6 5 27
393 561 7 4 23
951 560 21 17 135
1080 561 27 20 234
828 564 6 6 31
1020 565 7 7 38
76 566 14 9 90
594 566 8 8 53
1394 570 4 2 7
1438 571 14 13 115
617 572 24 19 186
949 573 3 2 6
556 575 6 6 30
916 575 45 53 963
988 576 5 4 14
716 583 12 8 46
1053 582 7 8 43
698 588 11 15 142
456 590 12 14 77
500 591 4 4 13
772 591 3 3 7
374 593 4 3 7
639 593 15 15 159
961 592 12 4 17
1199 592 3 5 11
906 599 8 3 11
1472 601 4 3 6
1010 603 18 23 325
489 605 4 3 10
778 605 17 14 138
311 606 6 3 15
565 606 15 9 49
737 607 4 4 10
422 610 2 10 11
128 613 9 8 50
398 613 4 4 14
625 614 22 20 195
1063 614 5 3 11
1092 617 6 8 31
1107 616 47 66 1068
1783 617 12 10 41
866 618 4 5 14
676 620 3 4 10
1589 620 22 27 310
59 623 7 5 21
507 622 3 2 6
1147 623 3 3 7
874 625 4 5 15
739 627 3 3 6
1623 626 30 26 534
685 631 14 26 71
180 635 11 9 50
796 635 5 4 14
1051 635 35 27 501
1345 635 23 21 273
954 639 22 16 217
1146 638 3 3 6
1307 638 7 3 14
903 640 6 8 23
1507 641 7 9 28
591 643 6 6 31
1448 643 34 14 261
1406 647 6 3 8
346 651 8 8 49
638 652 7 7 35
784 656 3 3 6
681 660 3 3 9
242 662 5 3 13
705 663 14 15 147
1096 662 8 9 50
338 667 4 5 15
395 667 8 7 38
686 666 10 21 127
1031 669 25 19 193
441 672 7 6 24
793 673 5 5 18
560 674 5 5 22
1272 675 16 15 165
1449 674 7 4 16
809 679 392 329 32136
342 681 9 8 57
594 683 6 5 21
381 685 4 3 9
660 684 9 11 73
1014 684 5 3 8
1393 684 6 4 19
920 688 21 26 426
1469 688 3 3 6
136 691 7 3 18
546 691 5 5 20
628 690 4 4 13
699 690 3 2 6
830 692 5 4 13
145 695 9 4 25
1309 697 15 12 110
371 698 6 4 19
774 698 10 11 89
842 699 12 5 25
1091 698 40 29 728
690 700 13 14 132
1379 702 7 6 33
1449 702 7 6 26
522 706 10 2 11
731 707 3 3 7
49 708 8 7 33
425 708 2 3 6
396 710 7 5 23
447 711 4 3 11
378 715 4 2 6
940 714 7 9 53
1020 714 20 15 54
698 719 18 27 326
994 719 18 12 81
516 722 6 14 29
667 722 16 7 45
339 725 8 9 51
846 724 13 3 16
1051 724 5 4 14
321 728 7 4 20
433 731 4 4 14
657 730 9 11 74
819 733 3 4 10
902 732 7 6 19
980 733 7 9 24
583 739 3 3 7
1014 744 5 5 16
154 747 5 4 14
745 747 10 14 107
835 746 3 3 8
915 747 2 3 6
944 746 24 22 253
1098 746 21 25 346
1350 747 3 4 6
846 748 13 8 47
553 752 14 4 25
1063 753 10 4 19
668 757 5 4 15
996 757 3 3 7
293 759 6 5 28
1016 758 9 6 14
147 760 12 11 95
833 760 11 3 24
1755 765 14 8 73
287 767 6 10 28
640 766 7 8 41
456 769 4 9 16
1304 768 11 10 80
239 770 5 2 7
585 771 5 5 14
757 773 4 4 9
564 775 4 3 10
657 775 17 10 90
830 774 12 25 107
1008 775 14 14 60
1551 775 18 15 207
1078 776 17 20 250
527 785 12 15 127
1206 786 14 30 231
561 790 5 6 26
760 791 10 11 80
1244 790 11 11 68
1773 792 28 20 419
397 795 5 3 11
1027 795 11 13 121
723 797 6 7 28
1497 797 29 28 604
633 805 9 8 53
788 807 3 4 11
139 808 9 8 50
1532 811 19 16 223
726 812 4 5 17
1725 814 29 22 452
745 819 8 9 50
1008 818 10 16 35
293 820 4 3 11
975 822 8 10 65
1092 822 3 5 11
462 824 2 3 6
805 824 9 12 76
496 827 4 4 14
432 828 3 2 6
1265 828 12 22 167
1056 831 9 4 12
1307 830 3 10 14
735 833 4 3 8
1105 835 14 15 160
204 837 13 9 76
979 840 22 26 249
1083 840 3 12 21
498 843 5 5 22
1290 844 9 2 10
393 846 19 4 55
608 846 15 10 65
790 847 3 5 11
1674 848 26 22 377
772 850 3 7 12
573 852 5 6 24
684 852 6 4 18
1041 852 59 36 653
1191 854 12 13 102
1589 854 6 5 22
660 860 6 8 17
755 862 3 4 8
1015 862 1 8 8
1503 865 5 10 26
1299 867 11 13 99
477 875 4 12 16
1782 876 44 26 841
504 880 8 3 21
782 880 9 12 89
1683 880 25 20 342
1018 882 9 9 65
412 884 2 10 12
1374 889 16 18 184
561 890 6 5 22
1238 893 10 10 67
195 900 5 4 15
623 900 4 7 11
1452 905 16 10 116
1323 907 14 19 157
1626 909 20 17 218
1723 910 26 19 331
1285 912 17 9 59
1549 916 22 18 249
713 921 12 13 94
660 922 4 5 12
498 927 4 12 30
639 927 9 3 19
667 932 12 14 122
1589 933 13 10 56
1207 934 20 15 105
596 936 4 5 13
649 938 7 3 11
844 940 6 9 41
1623 943 30 23 420
1473 946 29 22 456
1227 949 14 9 68
1725 951 26 21 326
1382 955 17 16 190
329 957 7 8 41
646 960 2 3 6
452 962 13 12 57
210 964 5 3 14
705 964 6 7 30
785 964 6 6 15
666 970 7 8 51
849 970 21 15 150
1280 981 11 10 85
374 984 4 4 14
453 985 3 3 6
769 984 7 3 12
914 985 7 8 40
1035 990 7 9 56
580 993 18 13 81
1596 992 19 17 224
1667 993 22 19 266
446 996 9 9 56
471 996 4 7 19
1354 996 14 14 137
547 1000 5 7 18
955 1000 7 6 31
814 1003 7 9 40
1549 1003 5 5 16
1524 1004 4 3 6
1298 1007 10 12 77
1185 1011 5 5 16
708 1012 7 6 33
1499 1012 23 28 381
448 1014 7 3 12
883 1014 15 19 217
545 1018 7 7 39
803 1019 4 14 24
998 1020 10 10 71
1597 1021 33 17 267
366 1023 3 3 6
562 1025 4 10 22
749 1025 3 4 10
658 1026 6 5 24
778 1026 6 8 38
1069 1029 13 13 130
1141 1030 5 6 27
1352 1030 19 19 251
1423 1030 28 35 539
550 1035 6 7 38
1636 1034 7 7 27
1093 1039 10 11 78
501 1041 6 6 22
747 1040 4 4 13
761 1040 3 3 8
839 1044 7 7 36
1378 1045 11 10 82
1040 1053 5 5 21
605 1054 6 4 15
658 1057 3 4 11
631 1059 5 5 16
1055 1058 9 9 54
1136 1059 6 6 23
428 1061 4 8 19
564 1066 4 3 8
531 1068 3 3 6
685 1068 6 6 22
930 1071 12 20 175
1162 1070 9 8 42
1073 1074 4 6 23
1653 1080 64 56 1343
1123 1084 6 5 15
1243 1084 3 4 7
1286 1085 20 23 245
1614 1084 12 16 91
1824 1085 2 5 6
1079 1087 7 8 43
1263 1089 5 4 15
631 1093 3 3 8
727 1092 5 3 8
834 1095 7 13 48
1255 1095 4 4 11
1528 1094 20 27 380
424 1097 3 3 8
1147 1097 9 7 35
1377 1096 5 4 12
811 1098 4 3 10
406 1102 10 12 66
561 1102 16 12 79
627 1108 5 4 14
250 1111 6 6 21
1482 1114 17 15 180
904 1121 6 6 26
592 1122 5 5 18
849 1124 6 6 25
30 1127 9 5 17
1118 1128 6 7 27
1511 1129 8 5 31
496 1135 1 7 7
715 1135 3 3 8
720 1141 7 10 37
1311 1144 5 2 6
1347 1145 10 3 12
575 1149 4 3 9
658 1156 6 7 25
1243 1156 13 3 20
1532 1156 5 5 15
1805 1156 7 11 25
1281 1158 10 10 78
1354 1159 14 14 108
627 1162 5 6 26
1110 1162 4 5 16
643 1165 5 7 23
107 1167 5 4 16
1482 1167 11 13 75
835 1169 5 5 17
431 1175 3 7 12
395 1179 2 6 7
1041 1181 4 3 9
1109 1182 7 1 7
1563 1182 4 3 10
569 1188 4 4 12
1340 1197 4 6 13
1459 1203 12 15 98
1511 1204 5 7 24
1437 1217 5 11 36
1366 1218 11 10 59
578 1221 5 7 16
1091 1223 9 5 13
1226 1222 2 6 7
