0 0 1840 1228 2128043
144 0 24 28 317
328 0 12 10 98
455 0 11 13 116
605 0 12 10 102
722 0 18 35 467
752 0 60 87 1536
1053 0 3 5 13
1218 0 1 6 6
1250 0 22 46 610
1607 0 39 76 1560
1664 0 67 53 1918
1802 0 30 34 638
956 9 8 22 127
1172 8 8 18 94
677 11 14 39 347
853 13 4 6 20
1013 15 4 5 12
443 16 7 6 29
970 19 8 22 132
1068 24 5 9 37
350 27 13 31 236
479 28 7 9 44
1166 30 12 11 80
712 32 6 16 83
985 33 3 3 9
1396 34 13 19 165
1511 39 10 14 88
452 40 14 33 243
914 41 5 5 20
481 47 6 8 33
966 49 7 16 81
1105 48 45 105 1514
1052 50 26 43 415
948 59 8 24 118
677 61 7 16 89
1227 60 21 53 728
317 63 9 10 65
861 63 8 20 96
927 62 6 10 45
736 64 8 15 52
912 65 3 7 17
1335 64 15 30 290
1109 66 7 13 64
1160 66 4 7 22
1403 67 21 39 443
586 69 10 22 173
1433 68 31 63 864
561 77 7 13 75
811 77 9 29 190
891 76 5 6 23
133 80 11 10 77
842 82 15 39 416
716 84 13 17 133
1043 93 4 3 10
1666 95 36 52 1079
350 97 32 60 552
381 97 5 6 24
650 97 9 15 99
1190 97 3 5 11
995 98 6 11 53
1113 101 4 6 20
1475 103 8 18 87
866 107 24 32 455
505 109 4 6 15
434 110 7 7 40
1196 110 7 10 44
1148 115 3 4 9
309 119 8 9 41
428 122 3 2 6
757 123 20 25 301
998 125 3 3 6
1023 127 3 8 21
1596 127 28 72 993
418 129 8 11 66
332 135 4 3 7
1195 135 3 4 9
910 141 5 7 30
494 142 7 9 46
808 143 22 18 160
1137 142 3 3 8
927 145 30 52 643
456 149 6 9 44
572 148 7 12 67
838 149 3 7 19
90 153 8 7 35
967 152 3 4 9
1375 155 14 21 193
715 157 4 5 12
790 158 4 5 12
1156 159 3 3 6
1015 161 12 8 68
1053 161 10 11 41
1576 161 13 9 82
1130 163 6 15 43
690 170 28 82 859
763 171 5 12 46
379 174 8 13 75
831 175 3 4 9
1297 177 13 24 212
1217 179 18 41 469
863 180 3 4 10
1152 181 6 8 38
893 184 4 12 29
1380 187 13 21 170
720 191 24 51 289
1633 191 22 31 438
499 193 7 13 71
758 194 4 13 41
201 196 8 6 31
466 197 6 7 33
784 196 15 48 389
1007 196 3 6 12
957 198 6 13 65
724 200 3 5 9
977 200 5 8 32
379 202 10 16 117
1522 203 29 77 1064
1272 204 14 26 204
1081 206 13 42 251
1180 206 22 37 400
423 209 8 12 74
1164 210 2 4 7
1119 212 9 31 137
899 214 3 6 15
609 217 5 3 12
818 217 4 3 8
1239 220 10 39 291
1324 220 29 50 572
462 222 6 10 47
761 222 12 31 270
910 225 2 3 6
1154 225 3 4 10
811 227 7 22 123
1050 226 3 9 18
1005 229 2 6 11
1683 229 40 52 803
532 230 6 17 43
1072 231 6 7 35
1030 232 3 4 11
396 235 21 26 360
313 240 7 10 37
871 241 3 7 18
613 245 8 18 107
1146 244 22 34 300
857 247 5 12 42
893 247 3 7 20
1103 249 2 8 15
1439 248 41 78 1444
632 251 11 11 79
1126 251 3 4 10
366 252 5 7 25
970 253 4 10 28
1161 253 27 28 434
1831 253 9 14 114
1418 255 21 33 391
532 256 12 27 156
467 263 17 26 220
841 265 17 14 109
1047 266 2 4 7
1564 266 36 65 1330
1721 268 36 49 1048
827 271 176 225 11574
1350 270 23 31 297
1060 274 3 7 13
1119 276 3 4 10
505 280 11 12 83
858 280 3 6 15
757 286 5 15 31
1008 286 3 6 12
408 289 10 25 186
811 289 3 6 9
1391 288 5 6 22
728 291 4 4 13
1122 291 26 58 777
1302 296 12 23 166
215 303 7 11 53
763 303 9 24 181
1171 303 13 34 244
180 305 7 5 23
845 309 14 21 114
1213 308 25 39 444
44 310 15 17 183
728 310 3 3 6
1085 310 3 4 9
790 314 20 31 377
1026 315 3 4 9
460 318 9 13 70
1327 318 21 52 331
1045 323 2 5 9
501 326 3 4 8
837 329 4 8 32
1090 332 26 38 383
1493 332 19 27 333
16 336 13 9 65
674 337 7 16 98
811 337 23 43 258
1398 336 20 35 403
752 341 3 6 12
719 342 4 4 10
1604 343 15 19 186
514 344 6 23 62
1508 347 29 53 849
484 351 17 27 216
764 350 3 5 14
1009 351 2 4 7
784 352 20 41 525
1223 356 12 19 162
457 359 11 16 104
628 358 10 21 151
1029 358 3 9 18
1115 362 22 43 383
842 367 12 8 34
412 370 5 11 29
515 375 3 7 14
1377 374 4 2 6
198 377 7 8 36
1065 379 9 16 61
473 382 9 14 87
758 382 6 11 47
818 384 22 19 124
1286 386 8 15 66
239 388 9 13 60
672 389 9 17 132
412 390 8 19 107
512 390 9 11 51
852 391 3 11 15
1024 390 35 58 1040
382 398 7 5 14
1265 399 8 14 84
1440 399 16 22 208
1168 403 12 20 160
463 404 4 4 10
487 404 8 9 56
994 405 11 29 217
435 407 7 8 41
1113 411 2 4 6
560 413 4 9 32
1461 413 25 48 729
755 415 4 11 28
795 414 8 21 122
837 417 3 3 7
816 418 6 5 17
1355 418 5 14 39
1601 421 14 17 165
426 422 4 5 16
1506 423 42 37 820
533 429 5 4 10
920 428 5 7 11
1075 429 16 10 51
773 430 4 9 29
931 430 14 10 42
1385 432 3 3 6
1560 432 15 19 196
128 440 10 4 28
1109 441 10 18 127
1353 441 60 68 2156
504 449 6 8 37
926 449 13 16 93
789 453 22 20 153
1670 452 16 12 140
982 456 2 3 6
814 459 2 4 8
891 459 4 4 10
510 460 5 8 33
642 460 6 9 46
778 461 6 15 63
1029 460 2 5 10
555 462 8 16 78
736 463 19 36 240
1149 463 12 24 198
1258 463 8 9 55
862 465 8 1 8
1006 466 2 5 7
1082 476 11 13 72
1605 476 26 45 498
856 479 5 8 34
870 478 4 5 9
1038 479 13 35 299
1062 478 3 5 15
1299 478 13 23 184
616 481 6 13 52
881 481 9 20 110
466 483 5 6 21
759 482 11 26 148
810 483 5 6 9
1011 483 3 7 13
783 484 5 6 17
950 485 9 27 158
343 490 3 4 8
439 491 4 3 9
715 491 3 4 9
780 490 29 78 712
849 492 20 42 332
922 497 3 5 13
1095 497 8 11 29
1117 497 11 10 54
1412 496 24 42 356
1451 496 17 22 227
442 498 8 26 174
497 502 6 8 34
136 507 8 8 49
1556 509 14 13 125
744 511 5 5 16
1083 511 5 3 13
674 513 8 7 14
1518 512 12 13 118
95 515 8 8 50
574 514 4 2 6
585 516 6 3 14
897 517 2 7 11
180 519 8 5 21
984 519 7 8 14
1163 518 10 14 96
928 523 2 3 6
1461 525 8 9 49
1308 527 11 12 90
516 528 15 14 49
566 528 4 2 7
747 529 2 3 6
1004 528 14 38 327
734 531 2 5 6
1091 530 3 13 20
681 535 3 5 13
866 535 9 7 31
957 536 7 3 15
443 539 5 4 12
808 539 5 13 54
834 539 5 17 55
909 543 2 4 6
1212 543 8 16 91
1255 542 8 14 82
666 544 4 7 21
756 545 16 10 47
919 544 2 5 7
717 547 4 11 38
1482 546 19 25 279
1060 548 1 12 12
532 550 5 3 11
0 553 10 15 115
881 552 9 5 14
507 554 3 8 11
1105 557 9 17 110
1311 556 5 7 20
1336 557 21 21 265
854 559 71 88 2739
1072 558 4 6 16
442 564 5 4 14
1091 565 4 3 6
1545 564 10 10 70
914 568 2 5 6
697 571 9 20 123
726 572 3 4 6
1015 577 2 6 8
1434 577 23 31 346
537 579 5 14 46
771 579 6 32 108
960 579 3 2 6
851 581 3 5 11
1372 581 11 13 97
790 582 2 4 8
954 587 2 5 8
1154 589 6 4 21
1216 589 11 19 139
446 594 3 4 11
320 597 5 8 34
786 597 2 4 6
837 596 7 12 63
974 596 1 6 6
1095 597 6 4 14
1080 599 4 5 19
1014 602 4 4 7
449 604 13 12 71
1268 604 8 24 115
1286 605 6 3 12
814 607 4 6 17
982 606 103 146 1376
151 608 5 6 17
553 608 6 7 22
1246 608 8 10 52
1189 610 6 9 39
511 612 6 2 11
754 613 3 8 23
785 613 13 27 183
1469 613 12 13 117
1486 614 23 32 465
767 616 2 3 6
425 618 2 3 6
519 619 10 4 24
615 620 3 12 20
629 622 15 15 80
458 627 5 8 35
118 628 10 10 78
570 629 4 6 17
1039 629 2 3 6
1053 628 17 23 138
1426 631 17 27 272
409 635 6 7 23
1092 635 4 7 15
541 637 3 5 11
673 636 9 5 18
1132 636 15 36 242
800 641 3 5 14
748 644 2 4 7
1271 645 10 5 34
733 647 417 336 31654
1081 646 6 11 23
1104 651 16 20 183
973 653 8 9 39
457 656 4 2 6
469 657 4 3 10
1175 658 6 7 32
168 660 4 4 11
532 662 9 9 27
970 663 2 8 12
1534 662 12 15 117
1192 664 6 9 43
1389 665 15 22 198
852 666 2 4 7
989 666 9 4 17
660 669 6 12 43
972 671 17 25 214
1286 670 4 11 20
459 675 3 6 8
900 676 8 24 151
594 678 5 12 21
820 678 2 4 7
803 687 3 3 9
464 689 13 13 63
392 690 3 3 7
571 690 4 7 21
1329 691 3 3 6
1251 692 9 15 86
554 694 4 24 51
1341 694 2 6 12
1270 696 25 48 465
622 700 4 11 15
887 700 11 17 99
924 700 22 44 334
1520 701 19 10 80
1406 705 4 4 10
514 706 14 11 84
955 707 5 21 50
1306 709 28 65 570
203 710 6 6 21
1467 713 3 2 6
829 716 6 6 18
1575 717 10 14 77
1391 718 18 30 253
1155 721 7 12 42
821 723 4 7 21
1245 724 17 22 155
977 727 6 11 58
535 728 4 7 22
670 729 4 14 44
1202 728 17 22 136
183 730 10 11 59
868 730 16 26 157
739 733 9 10 40
1188 734 5 6 23
606 736 3 5 10
548 739 10 9 38
895 739 2 5 9
166 740 4 3 9
206 742 5 4 14
1522 745 10 10 70
1382 749 8 11 62
490 750 4 7 13
520 750 4 4 11
1147 751 6 9 40
1173 750 4 6 18
934 753 2 10 11
1123 754 7 13 50
605 757 2 4 8
1502 757 10 12 74
897 759 10 6 22
619 760 5 6 15
834 760 6 8 21
1060 761 3 8 10
1092 761 7 8 48
1347 764 10 11 70
398 766 2 3 6
1039 766 3 6 8
534 769 10 10 47
712 769 14 11 33
438 770 10 6 25
476 773 3 3 8
565 773 6 4 12
1065 772 2 3 6
636 776 2 5 9
936 777 140 52 2560
1248 776 3 4 9
482 778 5 9 37
913 778 24 11 86
608 780 3 4 9
1060 780 4 8 15
1343 780 4 2 7
1446 781 12 6 25
1629 780 2 4 7
641 784 6 10 50
857 787 7 17 59
1139 786 5 7 28
1247 789 12 6 48
743 791 5 17 49
1172 793 4 4 12
1380 792 18 20 209
903 795 6 19 54
831 797 15 11 50
1093 796 5 6 22
465 801 5 13 44
1424 801 5 5 14
690 802 4 6 17
1318 803 18 21 216
1480 802 9 12 67
1532 803 10 9 60
1205 806 10 12 54
1077 809 6 10 46
566 811 2 3 6
683 810 5 6 25
659 817 3 5 14
1166 817 4 5 15
1337 817 17 10 76
613 818 2 3 6
756 823 14 10 45
1152 824 3 3 7
343 830 3 2 6
484 832 4 5 13
1353 833 8 13 65
255 837 4 5 18
719 836 5 6 25
1226 836 8 13 77
1456 836 4 3 8
670 839 2 3 6
770 838 3 7 9
559 841 7 4 15
495 845 11 12 46
1298 844 11 13 89
644 850 3 3 6
1326 850 17 26 189
1410 851 3 5 12
564 857 3 3 8
1356 858 4 4 11
760 861 3 5 15
1191 860 5 8 27
1262 861 6 6 23
706 863 6 9 21
264 867 6 5 19
581 866 2 3 6
448 872 5 3 12
751 877 4 7 23
1171 878 34 12 168
1300 878 10 16 107
1433 881 10 6 28
561 884 4 7 13
1264 888 18 33 363
671 891 3 13 32
1167 896 4 11 25
1387 897 10 12 85
780 899 5 12 37
705 900 3 5 6
1327 901 12 26 88
1351 901 6 5 24
731 903 11 1 11
1467 907 8 5 27
551 908 5 5 15
340 914 2 3 6
526 915 1 8 8
1362 915 6 4 16
742 923 3 3 7
1224 923 19 25 298
1387 922 15 13 111
812 925 1 8 8
1478 925 3 3 6
1747 925 93 57 4160
768 927 11 13 51
789 928 10 13 45
1253 932 22 22 148
1386 936 3 2 6
1156 939 11 5 36
1349 938 7 15 51
778 945 2 4 8
1300 945 11 21 126
781 949 7 7 35
1073 948 6 14 30
1173 951 8 7 36
1196 950 5 9 39
1094 955 3 3 7
1246 955 3 2 6
1335 954 4 5 16
1254 957 6 8 39
601 959 5 4 12
729 960 4 4 12
1425 963 11 8 29
1001 967 2 3 6
507 968 2 4 6
1051 968 3 6 12
1164 968 4 5 17
1322 975 4 5 16
274 977 6 4 18
1068 977 8 19 71
1140 977 3 5 11
745 978 18 31 199
776 979 16 13 81
897 979 4 7 24
1222 985 4 5 17
1329 984 6 9 51
1272 991 5 6 18
1476 991 4 3 8
717 993 5 4 12
1214 992 8 8 54
1337 994 7 5 28
1166 996 4 11 25
588 999 9 3 19
939 998 3 5 14
1236 998 18 18 114
531 1003 8 7 26
1290 1006 18 10 92
1276 1008 6 5 26
732 1010 3 5 12
926 1010 4 14 33
1153 1011 3 3 7
1135 1013 3 4 9
1194 1015 21 20 126
1328 1014 6 7 36
1366 1019 15 16 152
520 1020 3 5 12
712 1020 2 5 9
854 1021 8 10 59
1123 1020 3 4 9
1156 1023 4 12 22
1249 1023 8 21 38
768 1027 11 3 15
832 1027 9 7 21
1067 1026 3 6 13
1142 1030 4 5 13
1328 1030 3 4 7
1272 1034 3 5 9
1014 1036 3 6 13
1200 1037 5 3 15
732 1038 11 17 80
1091 1040 2 4 7
356 1043 2 3 6
1314 1042 4 6 20
769 1044 3 4 9
906 1045 3 4 10
1188 1046 9 3 11
970 1048 4 4 11
532 1050 5 8 12
1150 1053 3 4 8
762 1057 17 9 89
1073 1058 4 10 31
1092 1059 4 7 20
1265 1058 4 2 7
1373 1059 4 4 10
639 1064 6 1 6
932 1064 4 9 26
1117 1069 2 4 6
1287 1068 5 5 19
606 1071 2 7 10
1267 1071 7 5 20
998 1072 3 6 10
922 1075 3 5 13
1011 1075 3 6 17
1167 1075 4 4 13
1248 1074 3 3 8
342 1079 4 4 8
1303 1079 5 5 21
877 1080 2 4 7
1154 1080 5 4 16
1184 1081 10 24 104
1026 1084 3 6 14
1209 1084 17 14 171
1322 1084 10 22 71
1398 1085 6 2 8
777 1088 2 6 11
789 1089 7 12 23
1276 1089 4 5 15
1309 1089 5 4 16
1354 1091 4 4 11
1131 1093 3 4 9
1000 1096 3 4 9
1227 1097 5 6 22
14 1100 14 21 132
1034 1101 4 5 15
1380 1101 16 9 52
1262 1102 4 3 9
1166 1109 4 7 17
615 1110 4 5 7
675 1110 7 23 74
904 1110 16 18 96
1495 1114 2 6 6
797 1117 2 5 8
1426 1116 11 10 49
944 1121 10 5 17
1067 1123 3 5 9
1243 1123 8 17 69
1008 1124 4 5 13
1442 1124 5 9 13
1270 1126 9 5 17
763 1129 1 6 6
1224 1128 3 3 7
1156 1130 11 10 48
1314 1131 7 3 9
810 1132 5 8 12
1330 1132 5 2 6
1368 1133 10 8 46
906 1134 2 5 8
704 1137 3 4 8
1172 1136 29 25 313
1216 1137 8 5 36
684 1138 7 2 8
1119 1139 4 4 15
726 1140 2 5 9
754 1142 2 5 6
1209 1143 7 7 45
1348 1143 10 4 14
976 1144 6 7 14
1265 1147 4 7 16
1407 1147 4 5 10
720 1150 1 6 6
1108 1151 1 6 6
1614 1152 5 6 16
1700 1153 17 4 26
1244 1155 4 4 15
619 1156 4 12 23
749 1157 13 9 59
1204 1157 34 20 210
1562 1156 3 3 7
791 1160 4 4 14
929 1161 2 8 8
1241 1162 3 3 9
1350 1162 8 14 58
1503 1163 11 11 97
946 1164 2 4 8
973 1167 9 9 47
1038 1166 3 3 6
1813 1167 8 7 33
1094 1169 8 3 14
1408 1169 9 13 33
1010 1171 2 4 6
1035 1170 10 12 30
1120 1172 4 4 12
1285 1174 11 9 30
1093 1181 12 11 39
1108 1180 5 4 15
1139 1180 7 11 43
437 1184 10 2 11
1220 1190 14 11 39
896 1193 12 8 29
923 1192 10 5 14
1000 1192 3 5 13
1192 1192 5 8 33
1249 1192 3 4 9
1393 1192 4 4 7
1690 1193 6 4 21
1193 1200 25 28 149
1556 1200 5 2 7
1237 1202 5 8 12
855 1205 11 3 13
1368 1205 12 3 21
945 1207 5 4 8
976 1206 13 22 98
1163 1207 4 2 6
1386 1209 6 7 22
523 1210 4 6 16
740 1210 3 4 6
178 1214 4 2 7
1251 1215 4 3 6
1303 1215 5 6 17
1219 1217 2 11 13
1240 1216 2 3 6
1073 1221 2 7 9
1144 1221 2 7 8
1344 1221 4 7 24
324 1223 3 5 15
970 1222 2 6 7
1287 1223 4 5 20
1554 1222 10 6 31
5 1224 2 4 8
1207 1224 2 4 8
