0 0 1840 1228 2087644
0 0 25 68 1397
32 0 48 19 687
286 0 14 8 86
522 0 14 17 197
557 0 14 16 177
615 0 52 79 1638
974 0 52 180 3690
1064 0 24 24 428
1104 0 18 28 284
1138 0 13 5 46
1217 0 25 20 317
1286 0 73 97 3544
1585 0 40 53 1421
1692 0 49 43 1446
1785 0 19 4 58
208 5 21 32 499
1262 7 3 3 7
1161 8 7 13 59
1827 12 13 19 204
966 17 6 9 45
902 18 40 44 868
336 21 24 38 560
502 21 11 16 124
694 21 15 33 409
1281 20 4 4 10
585 23 11 17 154
1084 27 4 4 11
1041 33 13 21 194
1115 33 15 31 318
1189 35 11 18 142
387 36 14 20 226
1163 49 6 10 46
1059 53 46 46 1106
1213 53 3 4 9
254 55 12 14 126
526 65 21 42 495
107 67 15 11 106
1719 66 35 43 829
161 69 32 25 483
953 68 8 13 72
376 71 13 27 295
1182 71 9 17 86
609 73 30 38 528
855 75 6 15 78
1031 74 5 7 31
918 77 7 12 63
1245 78 6 7 32
1006 87 9 18 134
1221 87 5 9 33
575 92 10 18 143
687 94 16 40 485
817 95 7 15 69
465 100 13 16 153
1182 102 7 8 33
1160 105 9 11 73
343 106 12 16 148
1234 109 8 20 113
1090 110 4 4 13
1203 111 4 4 13
1272 111 5 4 17
1552 110 21 37 443
827 112 33 38 670
632 116 8 7 40
1062 116 38 31 526
403 119 13 20 207
948 118 7 14 74
1693 119 147 101 5558
608 121 13 21 216
1255 122 3 3 8
136 125 26 31 349
105 128 18 21 274
655 128 12 24 230
332 133 9 7 36
1281 137 15 29 279
1505 136 3 3 6
767 139 20 34 403
1177 139 39 48 1052
923 140 8 14 88
1099 141 9 18 119
1149 140 8 10 60
360 144 7 5 16
1413 147 28 53 965
1261 149 8 11 61
969 150 9 13 87
210 155 16 17 204
1166 156 5 6 21
1551 156 67 105 3092
243 160 10 14 117
896 162 15 21 245
1514 169 6 2 7
952 170 3 3 6
1114 172 5 7 28
1217 177 6 8 38
274 179 10 9 59
1068 180 23 72 642
352 183 12 13 105
1105 185 6 7 30
1011 188 12 25 223
1289 189 6 5 10
828 190 22 25 312
1235 191 5 6 22
1168 193 4 5 17
92 196 20 25 365
958 201 8 12 81
1120 201 29 20 180
1611 201 39 28 526
580 206 9 15 108
1240 215 4 8 27
931 217 22 40 540
474 219 14 18 202
1025 218 19 15 103
1316 219 18 17 214
300 225 10 11 83
507 227 11 18 160
340 228 16 20 226
980 229 25 50 715
1088 229 21 21 225
1814 229 26 40 680
1248 231 6 9 29
1202 235 4 6 18
1751 234 59 146 2780
1178 236 8 8 46
1266 237 5 6 21
1216 238 4 6 19
838 240 6 10 38
578 242 10 22 177
1425 243 12 10 30
1514 245 9 6 14
141 246 16 16 155
519 246 21 14 161
1415 249 5 12 45
1617 249 1 9 9
96 252 17 21 279
1597 252 3 5 7
1219 255 10 16 100
835 258 16 37 447
1105 259 4 5 15
1499 260 9 14 33
299 263 12 9 83
1034 265 34 66 981
1079 264 17 34 416
1130 264 31 37 620
757 266 6 8 34
1279 267 24 39 575
1529 267 4 5 20
615 273 12 24 241
1189 272 12 6 36
1326 276 48 43 979
480 278 12 24 215
940 278 6 8 30
1212 278 4 4 12
1601 279 32 36 608
1834 279 6 1 6
287 281 10 16 126
1536 280 15 13 74
100 283 41 58 1360
595 284 10 18 144
1566 284 11 10 41
1400 287 27 21 316
1590 288 5 2 10
1210 296 34 49 999
1697 297 14 6 42
539 298 18 19 207
920 301 14 15 146
1484 300 15 11 41
1516 301 35 59 1270
1175 302 9 8 51
1194 302 6 5 17
0 305 1 12 12
444 304 13 23 230
1563 305 11 12 77
462 309 38 33 656
1388 310 6 2 7
1446 311 31 54 848
1185 312 3 7 9
1677 313 3 5 7
632 316 9 15 97
1001 319 6 8 32
1174 320 6 11 48
1644 320 20 22 324
224 323 12 13 112
964 322 17 26 320
890 325 8 12 68
1132 324 5 7 29
375 327 5 2 6
254 331 11 13 102
277 331 11 9 60
610 331 9 11 52
1099 330 14 21 183
1056 333 4 8 16
775 336 5 10 37
1162 337 6 9 46
1247 336 30 37 497
432 338 11 14 105
1024 340 15 18 118
125 351 16 41 452
1118 351 5 8 30
1491 351 11 17 90
1086 353 5 17 43
1262 352 56 69 1446
380 354 11 9 55
493 354 35 33 577
532 354 9 12 65
558 355 9 17 116
1671 355 70 84 2689
785 357 14 23 191
476 358 7 4 19
584 363 18 19 265
825 363 11 18 144
908 364 37 67 1020
960 364 14 27 285
1157 364 5 7 23
1354 367 41 51 1421
254 376 9 6 24
801 377 5 7 34
856 376 10 23 169
531 378 10 16 128
1323 379 11 17 117
323 380 4 4 11
1634 381 38 41 941
1179 383 5 8 21
1208 390 5 4 11
998 392 11 20 148
1024 394 14 42 304
1155 395 7 12 59
807 397 2 3 6
1229 396 7 5 24
1569 397 21 36 337
482 405 12 22 169
786 407 9 13 65
1118 407 4 5 15
1215 406 4 3 9
200 410 10 17 117
851 411 30 35 351
803 412 4 6 18
1198 414 4 8 17
1133 417 4 7 24
329 419 4 7 19
1105 418 16 31 153
1211 419 8 10 35
36 420 24 26 504
674 420 18 20 176
963 423 16 33 394
1073 422 14 12 55
1351 428 20 35 532
821 433 5 7 19
892 435 5 8 35
534 437 16 30 304
1043 437 25 43 592
1126 436 36 62 641
499 439 9 17 115
14 444 18 17 184
174 445 26 26 330
582 448 13 37 263
1233 453 4 6 18
255 454 8 7 45
822 457 6 6 16
941 457 4 9 32
1738 456 48 41 1005
847 459 7 10 41
1197 459 7 13 43
43 461 13 11 95
901 461 6 9 41
1095 461 9 7 18
803 465 6 9 42
821 468 4 3 6
1020 474 10 18 136
1083 475 3 6 14
520 476 10 14 112
1245 477 19 37 463
1601 476 17 23 268
935 479 7 13 69
1103 480 3 5 11
597 484 14 38 294
1137 485 2 4 6
770 487 11 22 194
118 490 30 47 881
509 493 12 18 165
1048 495 2 4 7
1569 496 9 7 49
1116 498 19 23 231
1784 499 23 22 374
853 500 6 9 39
1087 503 2 4 7
1187 503 9 19 37
897 504 10 12 69
1166 505 4 4 13
65 507 22 25 395
1026 507 13 25 135
546 509 8 9 55
929 510 18 12 58
1098 511 6 8 34
161 519 12 10 55
824 520 4 4 14
836 521 16 24 241
1683 521 86 74 2332
523 522 13 15 136
446 527 12 21 150
811 528 12 28 150
1151 528 4 3 8
1051 531 3 4 12
1103 530 4 2 7
910 532 4 3 9
1107 533 4 11 25
1262 533 15 20 213
1017 535 3 2 6
196 537 7 1 7
958 537 6 8 36
1191 537 4 4 12
110 539 9 7 24
227 540 17 23 320
1161 541 6 3 11
891 542 3 3 8
166 544 13 14 133
591 547 16 10 71
915 546 3 4 11
1317 547 20 38 409
353 548 10 15 90
1060 548 5 26 58
1539 549 13 11 117
466 551 14 19 180
1036 553 3 3 7
983 556 12 16 150
1113 556 3 3 7
1181 557 5 6 18
281 559 7 4 21
490 558 12 24 224
1106 560 2 4 8
1537 560 50 54 1025
789 562 3 3 9
912 562 3 2 6
920 563 12 13 63
1816 562 24 18 303
118 565 38 24 557
744 564 89 70 1223
904 566 3 8 19
1207 567 18 23 268
869 568 7 13 59
874 570 20 36 156
1529 570 9 9 50
385 572 10 14 108
542 573 7 9 53
209 575 12 18 118
1118 574 26 33 401
1392 575 13 13 119
1082 580 8 9 52
1023 582 3 2 6
1065 583 9 2 9
245 584 8 7 39
932 584 5 10 25
189 588 11 8 50
530 589 7 8 42
501 591 8 13 89
578 591 9 12 81
937 590 29 76 1128
1555 591 52 71 1323
1506 593 21 33 535
91 595 23 25 432
897 594 28 23 344
1174 598 3 4 9
1259 598 11 16 100
472 601 16 23 227
1231 601 5 6 21
1147 602 17 12 47
565 609 8 11 71
1107 610 3 4 9
1461 610 26 32 556
0 615 9 18 93
192 615 11 7 59
1029 614 11 19 139
1074 615 6 9 44
1694 615 17 19 229
1729 616 65 56 2052
521 621 8 13 75
882 622 5 5 21
800 625 4 6 20
966 625 7 8 48
1084 624 45 39 585
972 626 24 46 497
1397 627 3 4 8
262 631 2 5 6
1149 631 14 11 49
1240 632 21 40 508
1602 635 15 13 161
339 636 23 21 229
594 637 19 28 320
859 637 3 5 13
1138 637 3 7 15
1671 638 25 31 509
160 641 25 34 425
886 641 4 8 26
91 643 19 18 273
134 644 11 9 73
1052 645 7 6 20
1795 644 31 40 711
470 648 12 20 178
1166 649 3 3 6
727 650 16 25 227
1194 650 8 16 97
832 655 7 11 54
307 656 8 11 47
1132 657 24 20 216
1308 657 29 67 1027
29 658 5 2 8
1643 658 17 19 250
660 660 8 10 65
876 660 5 7 31
67 662 5 3 6
492 666 8 12 79
1114 666 3 4 10
289 670 4 2 6
1044 672 17 32 237
1103 673 10 12 79
1537 672 23 28 481
627 675 8 18 85
802 677 4 5 16
994 680 3 7 8
1460 680 23 28 371
1186 682 6 7 30
266 685 5 5 19
411 684 12 17 133
901 685 4 5 18
18 686 17 19 204
609 689 424 286 27569
1494 688 24 29 475
187 690 11 9 73
876 691 10 12 85
1809 693 10 13 62
809 695 16 15 140
1069 695 26 26 173
1214 694 7 10 48
577 697 8 11 67
728 696 13 21 192
1711 699 18 19 247
863 700 5 13 48
1179 700 13 18 124
829 702 4 6 19
790 704 4 3 9
1045 705 3 4 9
562 708 3 4 9
1435 709 12 12 92
893 711 9 12 95
558 713 3 3 6
1006 712 7 8 41
1032 717 5 3 7
1478 717 7 6 31
472 718 13 40 347
516 719 5 12 43
1574 720 12 11 104
818 722 5 7 31
1000 723 6 15 32
918 725 8 9 63
1681 727 24 29 441
971 731 11 3 23
1239 730 6 5 21
874 732 10 20 153
1088 732 18 9 76
1327 735 22 31 454
1124 736 4 7 17
1139 737 31 25 341
1531 736 14 18 179
496 738 5 8 29
1024 739 7 3 11
1053 743 32 22 220
991 745 4 3 8
1479 745 13 13 129
853 747 4 3 11
1208 746 11 9 72
573 749 24 10 89
300 755 5 13 28
1511 755 11 7 46
1383 758 27 35 614
902 760 5 3 14
922 761 11 18 126
1099 760 18 11 93
1655 761 24 24 416
868 763 8 9 64
1128 763 7 6 22
1471 765 5 4 12
1606 766 11 9 55
1039 768 6 1 6
402 770 6 11 38
554 771 11 13 102
470 772 26 38 391
1033 773 11 14 52
1555 772 16 14 154
420 776 14 18 207
890 776 9 7 41
1093 779 4 5 13
803 781 3 3 8
1750 780 19 16 209
1132 783 11 15 130
572 785 6 8 38
858 784 5 4 15
248 786 6 7 29
203 788 9 11 69
840 789 3 5 14
1076 788 5 9 29
1583 788 13 9 83
510 791 7 8 28
1789 791 44 34 816
1116 793 5 2 7
1695 792 13 10 71
793 795 5 6 26
1295 794 5 6 22
1552 796 13 16 156
1055 798 4 8 22
172 808 34 26 476
780 808 10 6 40
1362 811 14 27 274
1760 810 15 12 128
1036 812 4 11 29
1230 817 15 28 284
383 820 10 15 116
1688 820 20 22 308
608 822 8 10 51
92 825 3 3 6
1423 826 24 28 484
763 829 7 11 58
1114 829 21 29 225
1555 828 14 18 164
1180 831 5 8 22
584 833 6 6 23
865 837 13 10 34
1456 836 11 19 134
782 838 5 7 22
1611 838 12 12 91
104 840 7 8 38
353 843 3 2 6
1056 844 5 10 25
1152 845 4 5 9
555 846 12 9 53
812 846 3 4 9
521 849 6 5 28
617 850 4 5 19
1169 850 5 6 21
1731 850 24 27 449
1595 855 14 11 110
455 856 6 6 24
510 861 6 5 21
548 862 8 10 60
1078 863 5 8 28
1329 863 15 20 212
1492 865 15 19 206
61 869 4 3 6
224 868 8 7 19
1311 868 1 9 9
1452 869 22 25 251
313 873 7 6 32
1555 872 11 9 62
425 874 4 2 6
984 875 2 4 6
461 881 5 6 16
987 880 14 27 146
1058 883 21 19 87
1522 883 14 16 111
1691 882 34 35 626
103 884 9 5 33
606 884 7 8 41
498 890 5 6 26
908 890 15 15 175
1056 893 2 3 6
1219 892 26 32 475
533 894 6 15 36
951 895 4 8 20
1011 894 7 18 92
1493 896 16 21 254
1144 898 44 28 360
1749 900 59 28 1067
475 904 9 10 61
456 910 10 10 86
439 912 6 6 24
1833 915 7 13 68
89 917 18 19 204
421 921 4 9 22
1384 920 14 24 195
591 923 14 15 89
1117 923 5 6 24
155 927 12 4 18
1103 926 4 4 11
1239 929 15 20 201
1493 931 12 16 104
1046 933 12 21 184
1157 933 4 5 18
1442 933 35 31 598
1028 935 2 4 7
1417 935 12 20 168
69 938 5 6 9
1838 938 2 7 8
874 942 2 4 6
766 944 4 4 15
507 948 5 7 27
854 949 3 8 14
964 948 24 24 237
1746 948 30 38 714
345 950 10 12 60
817 951 5 16 56
1715 950 16 15 141
770 952 5 16 43
869 955 6 29 73
99 957 14 27 225
443 956 4 6 13
0 959 6 1 6
170 958 3 6 11
785 958 2 4 8
1119 959 6 6 20
1025 960 3 3 7
458 964 6 8 38
1182 965 17 33 335
355 969 3 3 8
810 972 4 6 19
1134 973 4 3 10
1485 973 9 10 69
1423 975 11 18 139
501 976 8 15 81
1081 976 3 10 19
1663 977 17 15 133
183 979 4 6 10
333 978 9 8 42
525 979 12 25 114
846 982 3 3 6
1024 983 2 4 6
445 987 18 41 331
1048 989 5 8 26
1461 988 6 1 6
1010 990 2 5 6
1147 991 9 18 113
1687 990 15 13 144
876 993 24 33 309
1492 993 10 10 36
1723 993 21 19 301
552 995 7 7 34
910 996 5 4 16
990 998 11 17 40
1287 998 9 10 52
488 1000 8 9 68
1075 1002 8 6 22
577 1005 6 7 29
745 1004 4 3 11
1397 1006 7 9 35
501 1011 8 11 74
1110 1013 26 46 411
1381 1012 10 15 92
1483 1013 8 7 37
80 1015 6 3 12
760 1016 2 4 8
220 1018 10 6 24
1544 1018 5 4 15
25 1023 8 10 37
1020 1022 4 8 22
1553 1025 3 3 7
595 1029 8 10 22
1724 1029 16 19 222
215 1031 6 8 28
1014 1031 4 4 13
1166 1032 12 19 160
911 1034 7 12 59
1365 1035 6 4 11
575 1036 4 4 10
721 1037 3 6 15
852 1036 8 13 85
828 1038 4 4 9
700 1040 13 12 136
1764 1041 11 9 46
661 1045 11 20 110
1449 1045 11 11 76
745 1046 2 4 6
931 1047 8 14 64
44 1048 7 4 11
838 1048 6 11 45
686 1050 4 3 8
1041 1053 4 6 21
863 1057 7 8 40
1071 1056 4 6 20
759 1059 3 5 11
1397 1061 6 7 23
517 1063 8 8 32
1046 1062 8 11 27
568 1067 5 9 35
882 1067 4 4 9
937 1069 14 8 91
771 1070 6 11 38
916 1070 9 12 58
1578 1071 18 19 224
586 1072 5 9 29
1319 1072 7 10 45
1086 1074 5 3 13
1335 1079 13 12 121
1390 1081 5 4 14
1615 1080 13 19 94
1178 1083 15 27 295
1074 1084 2 5 7
814 1086 3 4 10
1710 1087 12 16 110
570 1089 4 7 14
1444 1090 19 23 297
95 1093 4 4 8
485 1092 3 4 9
890 1096 7 11 57
947 1098 4 11 14
329 1100 14 8 34
521 1107 24 12 119
1656 1106 13 7 38
762 1109 3 6 11
1038 1108 3 5 15
1686 1109 3 5 6
44 1110 4 4 9
930 1112 18 15 133
438 1116 8 11 69
593 1117 3 5 10
1023 1117 11 14 65
1296 1119 7 9 48
1433 1118 8 4 25
821 1120 9 16 114
456 1126 9 11 70
857 1126 4 6 20
1356 1127 4 2 7
1654 1126 4 8 27
904 1129 8 7 38
1048 1128 4 7 16
232 1131 13 20 141
1194 1131 9 9 50
1422 1131 7 6 37
203 1132 4 4 9
946 1136 3 7 16
1268 1137 9 7 29
1498 1136 8 8 36
1341 1138 9 8 40
1430 1139 13 14 77
1714 1141 5 5 15
194 1143 9 9 30
1305 1142 8 9 37
391 1145 10 14 100
1471 1147 6 4 11
1565 1149 9 5 32
932 1150 10 4 31
470 1152 12 5 26
1601 1152 9 13 60
641 1154 11 14 70
1536 1154 8 7 26
750 1157 2 5 7
986 1157 3 7 15
1024 1162 3 4 10
1235 1162 4 4 7
1452 1163 18 14 88
722 1166 3 4 9
1615 1170 26 35 370
839 1172 2 4 6
585 1178 4 10 13
1529 1181 12 3 33
562 1183 4 7 14
426 1186 5 6 10
481 1187 6 5 17
197 1188 5 3 9
1561 1189 15 12 30
498 1195 3 5 14
854 1195 5 4 11
1401 1194 10 9 49
510 1196 9 14 98
485 1199 3 5 9
348 1200 8 4 13
1385 1201 8 19 92
321 1204 3 3 6
1770 1206 7 1 7
708 1214 2 4 6
1241 1215 5 5 13
101 1217 9 11 61
1787 1217 6 6 16
1605 1218 5 5 9
326 1223 8 5 32
528 1223 8 5 27
553 1223 2 5 9
1213 1223 2 5 10
1499 1222 2 6 12
137 1224 2 4 7
184 1225 4 3 10
464 1224 2 4 8
735 1225 4 3 8
