0 0 1840 1228 2107161
40 0 196 95 5821
329 0 20 35 461
394 0 12 20 188
479 0 9 6 39
581 0 111 19 1295
842 0 18 60 224
1014 0 8 16 85
1209 0 11 20 163
1330 0 8 8 61
1381 0 7 15 51
1439 0 11 9 81
1466 0 7 10 44
1613 0 23 28 461
1772 0 34 21 529
448 5 9 10 64
1119 11 6 7 32
950 16 7 10 58
1046 17 16 24 301
1370 16 6 8 39
538 18 5 5 18
1293 18 4 4 13
743 21 9 14 100
679 22 8 13 88
708 22 16 27 214
979 23 6 9 44
1418 23 40 34 659
1146 29 12 20 188
1772 30 68 42 1527
1022 33 15 19 220
1268 33 5 7 28
1005 34 6 8 43
1333 36 6 28 146
1314 41 8 9 55
317 42 15 19 218
1225 43 6 7 34
507 45 7 9 43
820 44 12 22 210
1352 45 6 7 29
1389 44 8 13 76
1714 45 23 26 407
1091 48 15 10 83
1173 49 10 14 106
565 50 10 14 104
1044 53 9 14 92
1243 54 24 18 279
740 59 9 12 74
1828 59 12 35 301
1360 61 9 3 16
1218 65 5 8 30
404 67 9 9 59
534 71 14 19 202
1085 71 11 19 139
1125 71 5 7 29
1268 78 6 9 42
1284 79 18 38 468
1334 79 5 4 17
1353 78 14 8 62
1460 79 27 37 700
764 82 9 14 101
964 82 6 9 42
700 86 7 10 55
267 90 16 21 256
553 90 10 16 137
1214 90 39 79 885
1407 91 6 6 25
411 93 9 10 64
222 96 11 7 55
1050 99 55 50 1148
1332 99 23 23 176
982 100 13 12 128
1364 101 7 10 52
602 103 8 12 80
641 103 9 13 89
1537 104 42 50 981
1062 106 6 8 40
683 111 10 27 178
1389 110 22 35 311
179 114 16 13 142
783 115 7 9 50
824 115 7 12 69
1238 114 26 19 270
409 117 16 27 196
1181 121 4 5 13
1123 122 10 10 74
1314 126 6 6 30
265 128 15 19 218
1282 129 9 12 77
1742 134 79 42 2227
552 136 6 9 48
1432 137 7 9 42
822 138 18 19 186
1003 138 15 19 179
631 141 11 18 158
472 143 6 6 28
1179 142 19 20 254
1381 145 5 6 24
964 149 6 12 60
1354 151 10 25 102
577 153 23 15 270
811 152 10 17 142
1299 152 13 15 94
1837 154 3 12 22
1104 157 11 16 134
233 158 13 14 140
382 159 10 10 70
550 158 8 9 58
356 160 10 11 82
1383 161 10 13 68
1199 165 4 5 18
523 167 20 24 260
949 167 6 10 47
994 166 67 48 1456
401 169 7 8 40
636 168 9 13 80
672 171 16 14 173
305 172 18 22 290
1499 173 23 30 492
1315 176 6 7 29
1207 179 4 3 10
972 180 5 5 22
1264 181 15 31 169
1087 186 6 8 38
1372 186 7 8 44
443 189 6 4 14
635 190 7 9 53
724 192 8 11 68
1237 193 5 10 45
1321 193 5 5 19
1643 193 22 21 336
707 195 9 15 102
1462 195 28 34 721
752 197 10 15 115
1414 198 5 6 25
929 201 6 12 59
1382 200 9 13 86
600 202 10 13 103
1089 202 5 9 33
1333 203 3 5 7
1743 202 12 8 64
1291 204 9 14 51
1346 204 4 5 15
507 208 11 35 203
466 211 5 3 11
405 215 7 7 38
876 214 6 4 12
1512 214 32 55 934
737 219 7 8 44
1127 219 5 7 28
1015 221 6 7 32
1066 221 5 6 24
1628 220 53 40 1039
1774 220 56 56 1511
974 223 31 32 512
796 226 22 20 225
1252 227 5 7 25
272 228 12 13 116
379 231 14 27 152
1097 231 13 16 152
1135 231 14 18 172
1367 231 10 14 110
679 233 7 9 54
1192 232 4 4 11
1178 239 14 33 222
1308 242 15 8 67
1418 243 17 17 217
1733 242 11 9 63
946 245 7 11 57
1207 245 14 12 139
1351 246 16 23 167
1834 246 6 18 86
1043 249 7 11 60
1063 248 6 9 47
432 250 7 8 49
1155 254 4 5 18
517 257 10 12 96
538 257 48 38 649
713 256 7 12 72
912 256 12 18 169
868 259 15 14 122
1223 258 4 6 21
409 260 5 4 18
207 265 15 17 208
352 264 10 12 88
894 264 7 9 51
1160 264 12 3 19
689 267 8 10 59
824 266 7 10 53
1292 266 35 21 354
936 270 22 20 273
1073 270 11 19 83
614 275 15 17 185
719 274 12 11 80
288 276 17 20 253
428 277 6 5 26
1055 278 6 5 21
1257 278 21 10 136
500 280 7 7 38
1177 282 14 13 106
1357 282 11 9 76
347 285 15 22 155
377 289 19 15 94
677 288 20 37 291
990 288 15 32 288
600 291 8 10 61
1769 291 21 18 257
240 293 9 6 37
659 293 7 10 56
1043 293 16 37 198
1352 293 4 4 14
1282 295 5 6 21
1024 297 14 8 43
1221 298 17 23 175
508 303 6 6 23
1340 303 4 5 17
1569 302 25 29 440
1100 304 12 26 189
1350 305 21 16 75
710 306 9 17 89
899 307 7 5 11
1163 307 4 17 37
1275 310 8 7 24
1172 322 18 13 107
659 325 9 9 62
1140 327 5 5 17
1270 326 4 5 15
1490 327 20 25 352
731 328 9 12 81
400 330 9 11 84
1712 330 24 28 449
1212 333 21 32 337
691 334 18 14 154
1053 335 13 18 162
1139 334 104 109 2129
1235 335 27 24 159
1344 334 5 5 21
618 337 8 11 78
1188 337 4 5 20
486 339 7 7 42
1010 339 6 1 6
930 342 5 8 31
968 343 3 6 8
1117 344 11 22 193
1275 344 6 18 87
1339 345 4 2 7
514 348 15 8 44
961 349 3 2 6
983 349 22 31 274
1693 350 9 6 37
1292 352 5 7 28
1311 352 4 2 6
857 355 8 13 85
1020 355 3 4 7
1508 355 35 45 563
422 357 9 11 79
673 356 25 18 215
1305 356 4 5 16
971 360 7 10 34
1321 361 7 9 37
1339 361 20 14 123
1680 362 12 11 96
605 365 9 12 93
1254 365 12 14 97
393 367 4 5 17
654 367 8 9 60
1032 372 27 36 372
341 376 4 4 13
357 376 9 11 78
704 376 24 54 381
933 376 5 13 33
620 378 10 13 110
1142 381 14 22 168
1278 380 10 6 28
960 382 6 9 37
200 385 11 10 92
753 385 9 13 92
596 386 13 14 126
1006 387 11 9 71
1090 389 7 19 92
1123 392 4 5 15
1272 393 6 5 22
213 395 10 8 64
251 396 10 8 55
1291 398 4 5 15
957 401 5 6 23
1584 400 17 17 214
1723 402 26 30 544
1278 404 6 9 40
403 409 7 7 33
443 409 5 5 23
1162 408 21 14 132
471 410 5 3 9
1015 410 10 14 53
1039 411 14 12 40
484 413 6 5 26
937 412 4 9 31
1370 413 19 19 230
1317 415 25 25 206
451 418 4 3 12
1142 418 4 4 12
1255 421 3 4 8
634 423 18 25 187
347 424 6 4 16
914 425 7 7 36
944 425 12 21 209
1273 425 8 10 41
1025 426 11 13 115
1656 427 26 28 367
1039 429 11 24 146
457 430 5 7 24
1001 431 6 8 47
1067 430 13 13 62
1175 432 3 4 11
1106 434 4 5 16
1148 434 23 29 341
330 436 16 10 122
981 437 5 7 25
1345 437 8 6 28
690 438 7 8 50
1751 438 48 34 737
502 443 6 7 33
1180 442 3 3 8
1271 444 4 5 16
229 447 1 8 8
531 446 14 7 51
677 447 6 7 34
961 446 5 6 25
369 450 9 11 58
399 450 6 7 38
413 450 8 12 61
590 450 7 8 44
1068 450 20 26 343
1244 452 3 4 11
1306 452 4 5 18
813 456 16 14 131
722 459 9 12 84
998 459 5 9 19
1131 459 4 4 14
1016 460 5 7 34
1324 462 4 3 8
1546 463 16 13 147
478 465 5 4 14
1280 465 8 6 18
1517 465 16 13 111
524 466 4 4 8
1398 467 19 22 309
1182 468 3 4 7
685 470 5 7 32
1241 470 31 37 632
1137 473 40 32 275
339 476 7 8 46
927 476 4 7 18
590 480 29 25 370
667 480 3 3 7
961 481 15 9 67
1678 481 75 29 1106
1187 486 14 12 53
1298 486 3 4 11
1326 486 2 10 11
790 488 13 12 81
1074 489 5 6 9
1228 488 4 15 48
1531 489 16 16 189
671 490 5 6 22
735 490 6 2 7
1260 490 57 36 752
1570 490 39 29 640
891 493 4 6 19
684 495 5 6 20
1178 499 4 5 19
637 501 8 8 46
1207 501 13 16 152
1629 501 8 9 41
351 504 26 8 97
933 505 8 21 120
1358 504 28 27 368
185 506 12 10 95
1235 507 3 4 7
1349 507 5 5 14
577 508 8 10 71
736 508 5 2 9
1192 509 5 5 16
1776 509 21 19 306
1025 510 10 12 77
984 515 8 8 42
1169 515 11 4 27
1675 515 23 21 357
150 516 14 12 117
217 516 17 21 166
407 518 6 3 14
658 519 5 3 8
687 518 6 7 33
707 518 16 9 87
794 522 5 7 32
816 523 5 7 25
1209 523 15 16 97
1240 523 5 7 26
337 525 6 3 14
623 524 4 3 10
1051 528 23 30 424
1116 529 9 19 103
1708 530 60 31 1101
585 533 17 16 165
251 534 9 6 40
860 535 2 9 10
1277 535 3 2 6
192 537 9 9 67
494 536 7 6 37
938 537 54 58 870
1254 536 3 2 6
1187 539 6 6 15
1248 541 6 5 25
662 543 11 9 48
693 543 7 13 64
1589 543 17 25 261
231 547 11 10 92
342 546 2 5 6
1169 547 17 16 195
392 548 5 4 18
909 549 29 26 425
1008 548 14 6 40
1294 548 4 4 11
1361 548 4 3 7
543 551 5 5 20
801 551 11 8 39
1216 551 9 5 29
419 552 5 5 19
1205 553 3 3 7
1244 553 3 3 8
1651 555 9 7 48
576 557 37 26 337
271 559 6 2 12
715 558 7 6 26
1241 559 3 5 13
1044 560 5 8 34
348 562 7 8 48
1689 562 22 20 305
380 564 7 8 44
1006 565 92 94 2254
1268 564 6 6 29
445 566 4 3 10
1628 569 8 6 39
536 571 7 7 45
1234 571 3 6 15
1203 573 4 4 14
898 575 7 7 33
1055 576 10 17 109
1787 577 5 2 7
1144 578 9 11 60
201 581 9 9 64
707 580 8 8 49
1207 582 12 7 40
1611 583 5 2 6
548 584 5 4 16
1263 585 9 14 70
692 587 8 8 52
1285 586 5 5 16
808 588 2 4 7
915 588 25 12 134
1152 589 25 45 406
1104 593 4 5 14
1192 594 3 13 39
1266 594 19 20 140
636 596 14 11 55
1599 598 31 23 489
945 600 2 16 16
1777 600 4 4 13
1111 603 12 9 54
605 605 7 13 59
882 604 20 16 172
347 606 7 7 34
1196 607 3 3 9
1423 606 15 10 99
1495 606 16 29 295
665 609 4 2 8
776 608 4 6 22
1560 611 24 20 314
1119 615 3 3 9
364 619 5 4 12
1271 621 3 4 12
598 623 5 7 27
863 622 3 4 11
937 623 25 26 277
1258 624 5 5 23
1237 627 10 8 29
552 628 9 10 56
1196 628 3 4 9
580 630 9 8 52
692 630 9 5 21
752 630 4 6 17
836 631 7 6 38
900 630 3 3 9
203 633 8 4 23
722 633 6 9 50
853 633 10 7 32
365 635 19 14 83
658 634 4 4 14
915 634 6 10 42
1134 634 13 7 38
992 636 4 5 16
675 640 20 18 110
774 641 7 9 52
1676 640 4 3 9
925 643 15 15 132
1156 642 9 5 30
1176 642 3 3 7
1409 642 27 23 331
976 645 3 3 8
1100 644 6 7 34
1512 645 12 15 129
1629 647 22 16 203
210 648 21 7 99
1039 648 6 7 36
1169 649 13 25 144
1816 648 24 15 225
482 650 11 6 30
1096 653 3 4 10
567 655 33 22 228
1607 655 7 1 7
449 657 4 3 9
997 657 3 5 12
1049 656 39 34 475
1118 656 10 11 84
1197 657 21 14 140
395 659 13 5 25
542 659 3 3 7
1255 658 6 7 36
471 663 5 5 14
884 662 3 5 10
235 664 24 12 144
534 666 7 6 31
842 668 3 4 10
938 669 3 3 8
1015 668 3 4 11
1252 669 2 3 6
1332 668 2 8 16
1654 668 22 18 283
260 670 10 11 83
952 671 7 9 51
1266 671 8 12 38
1502 671 56 49 881
1679 671 50 48 704
914 673 4 6 16
1477 672 18 12 149
560 675 3 2 6
675 675 4 5 16
358 678 13 5 25
615 679 4 4 12
704 679 6 10 34
1559 679 85 61 1222
727 681 14 1 14
652 683 6 14 43
929 683 9 20 103
318 685 19 12 138
968 684 14 22 122
1174 685 3 2 6
1222 685 6 6 28
553 687 9 7 20
948 687 4 4 14
1188 687 4 6 13
200 689 5 2 6
692 689 4 4 13
1039 689 6 9 48
1153 689 20 33 135
272 691 14 15 77
1023 693 6 9 42
1262 692 30 20 340
1368 693 17 18 219
669 695 12 4 23
734 695 3 2 6
838 695 11 13 106
913 695 7 9 51
954 696 5 6 27
451 701 23 20 76
1060 701 3 4 10
369 703 2 3 6
1224 704 5 6 28
372 706 4 4 15
400 706 5 5 19
804 707 445 288 29037
572 708 8 5 30
607 708 5 5 22
1560 708 6 3 17
384 710 6 5 25
665 711 8 7 37
544 712 3 4 9
1004 713 2 5 10
1188 713 3 4 11
1238 713 7 7 24
1065 714 7 18 39
1097 715 24 11 96
1205 715 5 6 22
784 716 8 7 41
444 719 4 12 16
524 718 10 5 26
559 718 6 4 20
699 718 3 3 7
745 719 3 5 11
517 725 3 3 8
606 725 6 11 36
1448 725 11 10 90
710 726 16 11 79
1197 727 8 9 52
1225 726 3 4 11
498 728 5 2 6
795 729 3 4 10
1142 729 3 3 8
219 731 7 5 26
674 730 4 6 23
272 733 8 11 52
392 732 3 4 6
1413 732 2 3 6
1564 732 6 6 19
302 734 7 6 38
1214 734 2 3 6
917 737 9 7 40
1027 737 9 8 48
1319 736 42 52 909
1475 736 5 3 11
1509 737 10 4 31
552 739 6 6 28
572 738 34 25 177
669 738 6 13 61
1081 740 9 17 79
779 743 6 7 38
1575 743 7 6 36
702 744 4 3 7
761 745 3 4 11
1152 746 28 19 234
1285 747 4 3 7
282 748 5 2 6
354 749 3 2 6
1098 749 22 12 116
1246 748 5 5 13
417 750 4 2 8
1266 751 2 3 6
1523 750 11 2 11
251 752 8 5 27
664 753 4 3 10
1132 753 13 23 217
1202 752 3 5 12
1392 756 18 17 146
557 758 18 23 162
1425 758 19 34 251
1190 761 6 6 21
394 762 7 5 26
1556 765 14 23 183
339 767 6 4 20
442 766 3 3 9
500 766 5 5 21
996 766 6 13 29
478 769 4 12 20
1154 771 3 7 11
683 774 6 2 7
707 774 5 7 29
927 775 5 14 29
1062 775 20 22 175
391 779 6 9 16
1124 779 3 4 12
1291 779 4 3 6
1832 779 3 3 8
1480 781 9 9 62
582 785 4 3 10
600 785 36 52 335
777 785 5 8 26
1105 785 18 40 236
1382 784 9 11 82
457 788 3 3 7
486 788 5 4 19
667 789 4 4 10
755 789 4 2 7
1399 788 4 9 18
340 791 4 7 12
1662 790 27 27 317
518 793 5 7 29
1471 793 3 2 6
719 794 6 7 29
1549 794 11 5 29
1048 796 8 8 45
1283 796 4 8 11
360 800 6 5 27
1140 800 14 31 180
1809 802 4 3 8
542 804 4 10 17
578 804 8 7 21
1333 804 33 26 542
1415 806 6 9 19
293 808 10 10 88
955 808 3 4 10
460 810 4 2 7
1075 810 4 5 16
1288 810 6 12 21
1607 810 4 2 6
1729 811 30 14 315
548 815 7 4 10
716 815 5 6 25
311 816 7 3 15
665 816 14 10 73
1406 817 3 2 6
369 818 5 2 6
689 819 4 6 20
1319 819 5 4 14
781 821 3 5 12
940 820 11 4 24
1515 821 11 11 91
426 823 14 15 48
980 823 7 10 39
1092 822 4 3 7
1814 823 26 24 376
374 824 4 4 13
534 824 4 4 15
1063 825 18 19 136
1048 826 2 3 6
1476 826 30 22 288
1370 828 19 16 173
338 831 5 4 15
1301 830 16 11 96
1459 830 10 20 140
0 833 7 5 21
308 833 5 2 7
520 833 19 15 139
551 832 6 1 6
1592 832 19 16 158
274 836 9 10 29
844 837 37 39 480
960 837 14 11 92
1424 837 6 10 19
1542 841 11 10 85
557 845 5 4 19
1051 844 3 3 8
301 847 14 18 97
1015 847 6 4 18
621 848 3 3 8
351 850 1 9 9
564 851 8 10 69
673 853 3 4 10
1342 852 14 15 93
1834 853 6 2 12
995 855 5 4 16
1317 854 8 12 30
602 856 3 4 8
1279 856 5 2 6
1415 858 33 22 360
1470 858 4 3 6
137 861 3 3 6
1297 860 13 23 172
380 863 4 2 8
573 862 6 9 29
1029 862 8 11 77
1366 862 3 3 6
1656 862 17 13 193
726 864 5 7 30
1005 865 3 3 7
1480 865 12 11 103
1505 864 4 3 7
1457 871 5 13 33
1680 872 10 14 105
632 874 3 3 9
818 874 4 6 9
889 874 18 27 149
385 877 26 10 87
595 876 6 19 75
663 878 5 6 25
1739 878 3 3 9
737 880 5 7 27
579 883 4 4 13
1746 883 31 34 488
840 885 28 17 180
1538 884 4 3 7
625 886 2 3 6
729 888 7 4 10
1563 890 6 3 8
1624 890 5 5 10
1191 895 3 5 7
1287 895 70 51 945
666 897 4 7 21
320 899 8 6 36
610 899 4 3 11
364 902 8 15 62
552 902 17 12 96
640 902 14 10 53
1407 902 11 4 30
1546 903 1 9 9
578 905 3 2 6
724 906 4 3 8
95 909 6 5 15
694 908 9 8 28
831 909 12 8 34
918 908 9 2 11
1690 909 39 48 640
227 910 3 2 6
291 911 6 5 15
352 910 5 7 19
932 910 6 8 28
1440 910 17 21 254
491 913 5 2 8
619 914 3 4 7
881 914 12 3 16
1571 914 17 9 46
514 917 12 5 37
863 917 4 10 27
967 916 4 4 11
1280 916 9 15 42
1499 921 13 17 134
112 922 4 2 8
638 922 4 6 21
1528 922 6 5 11
625 924 3 8 18
1628 925 16 31 188
1197 926 5 5 17
1486 927 4 4 10
1256 929 6 9 22
0 930 5 2 10
1427 930 4 2 6
703 932 17 8 63
887 932 3 21 26
276 934 13 4 15
390 935 3 8 10
530 934 4 4 12
1162 934 3 3 8
1289 935 5 4 16
1417 934 6 1 6
628 937 3 3 7
764 937 3 5 12
1308 936 4 4 8
1542 936 3 3 6
840 938 7 14 56
1438 939 16 17 90
857 940 16 26 121
1747 940 5 2 6
819 943 2 3 6
1131 942 3 3 6
1461 942 20 21 202
1535 943 52 68 1036
1663 942 37 25 361
332 945 6 14 39
1234 944 15 8 62
1411 945 18 12 78
586 946 11 13 38
666 946 3 4 10
1369 947 8 10 62
547 948 4 4 14
645 948 14 17 94
725 948 3 2 6
767 950 3 5 12
1135 950 23 31 208
268 953 14 7 43
1825 953 4 4 6
607 955 3 3 7
624 955 3 5 7
669 957 13 22 109
1285 956 25 47 430
313 958 6 3 12
1512 958 13 15 73
166 960 3 3 7
609 960 10 8 54
955 960 4 6 21
517 962 7 3 12
753 962 4 9 12
885 963 4 6 16
1242 963 10 13 103
1322 962 12 7 44
142 964 4 4 7
480 964 8 13 49
910 964 4 4 13
1326 965 41 41 490
809 967 5 4 14
1762 967 22 17 140
1373 968 13 5 34
777 970 7 7 23
914 972 7 3 9
541 974 7 3 12
631 975 11 10 48
936 975 12 12 82
1411 974 12 16 64
1808 975 7 5 29
1434 977 32 20 285
158 978 6 6 26
278 978 5 4 14
652 979 4 4 10
960 979 8 9 59
1482 978 2 4 6
853 981 5 4 8
883 981 6 9 46
1383 980 14 31 278
1731 981 3 3 6
1699 982 15 11 59
588 984 14 7 28
668 985 3 3 7
772 985 6 15 38
1221 984 5 5 14
544 987 18 17 103
1747 986 4 4 8
949 989 8 3 10
1602 989 17 20 206
862 991 2 3 6
1411 991 3 3 7
1405 990 81 48 965
842 994 33 22 192
1054 996 6 7 39
566 999 4 4 16
617 998 7 2 8
642 998 7 19 59
931 999 15 16 62
1221 1000 11 12 90
1253 1002 3 2 6
610 1005 6 4 17
700 1005 3 3 6
1771 1005 9 8 22
896 1006 2 3 6
1276 1007 7 5 23
1792 1007 3 3 9
521 1008 4 5 17
560 1009 6 4 13
1115 1009 26 19 128
1342 1008 8 11 55
443 1011 5 3 11
507 1010 4 4 12
995 1010 6 10 50
1243 1010 7 3 21
594 1012 3 3 8
810 1013 3 4 11
1176 1012 5 5 10
1628 1013 13 23 126
1282 1015 4 9 19
434 1017 4 5 10
1023 1018 25 31 233
586 1020 6 13 32
603 1020 4 5 20
860 1021 2 3 6
1004 1021 9 13 95
1062 1022 18 16 67
1525 1022 29 28 378
1648 1023 5 4 15
1311 1024 10 10 74
1098 1026 10 12 21
754 1029 7 8 27
639 1033 12 17 67
766 1033 3 5 15
908 1033 5 5 12
361 1034 6 5 22
883 1034 5 6 23
1376 1035 12 5 36
1509 1035 7 5 23
545 1036 3 4 10
1342 1037 5 4 13
923 1039 4 5 10
999 1039 3 3 7
1358 1038 6 7 16
724 1040 3 4 12
820 1040 14 15 61
1420 1040 9 4 17
803 1042 2 4 8
842 1042 12 21 118
729 1044 11 13 55
1273 1045 40 15 188
1573 1044 9 6 21
1720 1045 9 6 21
897 1047 5 10 39
937 1046 4 5 17
1633 1047 13 11 93
1083 1048 5 4 20
1252 1049 15 8 78
1395 1048 3 3 6
1464 1049 22 20 189
982 1050 5 18 40
1323 1051 21 32 302
923 1052 12 7 49
1436 1052 5 4 13
1682 1053 4 5 18
1068 1054 11 17 106
1385 1057 42 38 660
1671 1056 5 7 13
245 1058 4 3 8
633 1059 3 13 16
659 1059 3 8 10
1235 1059 26 36 356
645 1063 5 7 12
1737 1062 15 11 48
1797 1062 5 5 9
286 1065 7 8 40
692 1064 2 4 8
832 1065 4 5 17
950 1064 3 3 6
1605 1067 35 37 611
433 1069 2 6 8
1362 1068 11 12 92
1486 1068 20 22 204
544 1071 13 14 82
827 1070 4 5 17
883 1071 5 6 24
1456 1070 5 7 18
971 1073 4 5 18
1102 1073 18 34 223
1572 1073 2 5 6
636 1075 16 13 93
600 1077 3 4 7
266 1078 2 9 10
738 1079 8 10 44
1757 1079 8 9 29
806 1080 11 11 49
826 1081 21 23 222
1432 1080 10 12 90
1788 1085 4 6 16
766 1086 5 5 22
976 1087 5 12 45
1523 1087 9 7 46
100 1088 11 3 13
1837 1088 3 3 8
904 1090 4 5 15
621 1092 2 7 8
1743 1095 7 9 27
607 1096 3 4 9
1282 1097 7 4 9
1332 1096 5 5 23
1416 1097 12 11 99
1571 1096 3 6 11
748 1098 5 3 11
1243 1101 4 3 10
1460 1100 4 6 9
1550 1103 6 2 8
343 1106 5 4 12
1295 1107 22 21 262
1364 1106 52 34 610
1485 1107 3 10 17
296 1108 7 4 9
421 1108 16 12 84
1269 1108 11 8 33
406 1110 5 5 12
1062 1110 18 13 102
1436 1111 8 9 23
356 1113 5 5 18
954 1112 13 12 83
884 1115 6 8 36
559 1116 3 4 10
1501 1116 9 5 37
717 1119 12 7 46
755 1119 9 2 10
1252 1118 7 4 17
95 1122 7 4 9
1216 1122 10 14 97
1308 1122 21 36 270
768 1125 2 9 10
911 1124 3 3 7
1427 1124 4 3 9
1445 1124 4 3 11
28 1127 4 4 7
928 1126 21 11 99
378 1128 3 4 8
816 1128 7 10 54
1336 1129 16 37 230
1749 1130 9 9 48
704 1133 3 4 8
904 1133 5 6 18
1459 1133 6 3 8
1559 1132 12 8 37
1651 1132 4 3 9
883 1135 7 16 46
1634 1134 4 4 9
684 1136 10 4 19
831 1136 9 18 102
1040 1137 7 9 50
1472 1137 14 12 41
1770 1137 8 4 20
585 1139 4 10 16
1271 1139 6 7 35
490 1140 14 9 33
925 1141 4 4 11
976 1142 5 6 23
960 1144 3 6 10
1157 1145 4 5 14
1824 1144 6 4 13
308 1147 3 3 7
1019 1148 2 6 12
1424 1148 16 20 127
528 1152 3 3 8
862 1153 2 4 7
1669 1152 3 5 8
1282 1154 10 13 115
1397 1154 2 6 12
731 1157 6 14 42
1725 1157 10 4 17
536 1159 2 10 11
841 1158 10 10 40
916 1159 21 19 124
1581 1158 6 4 10
1629 1160 8 9 46
312 1163 4 8 14
1152 1162 7 9 46
1518 1163 26 15 91
512 1165 6 8 20
875 1164 3 2 6
1656 1165 7 3 12
747 1167 7 4 14
811 1167 6 10 36
1067 1167 6 6 21
878 1169 13 25 117
1245 1168 9 18 87
1386 1169 17 16 65
1409 1168 27 30 205
760 1170 7 9 17
896 1170 3 6 15
964 1173 4 5 16
1587 1172 6 8 22
1640 1173 3 3 7
363 1175 9 1 9
568 1175 1 7 7
1764 1175 7 14 63
802 1177 4 12 25
1208 1177 20 29 199
1319 1177 6 7 35
1502 1177 7 9 18
827 1180 10 4 16
1543 1181 5 10 13
1627 1180 4 6 9
1697 1182 8 6 24
730 1184 4 6 16
1343 1185 5 11 34
1672 1184 5 7 20
575 1187 5 5 25
845 1186 5 10 21
1196 1190 6 7 30
1566 1191 13 7 31
588 1192 3 7 9
621 1193 5 8 20
1320 1193 9 12 59
1243 1195 8 11 60
1359 1194 6 7 26
1487 1197 8 5 18
1656 1196 4 3 6
1810 1197 14 21 62
1507 1199 17 14 54
1619 1200 8 4 18
657 1203 6 6 21
1542 1203 6 4 22
1681 1202 4 4 12
665 1205 16 13 30
1302 1205 12 9 53
319 1207 4 4 8
1578 1206 11 16 82
1212 1208 3 3 8
1610 1209 11 10 31
451 1210 3 2 6
819 1210 4 2 7
1139 1210 4 5 16
565 1216 4 5 17
713 1218 3 4 6
1344 1219 19 9 114
1722 1219 16 9 42
1372 1220 8 8 41
526 1222 2 6 7
1283 1223 12 5 39
1509 1225 5 3 9
1600 1224 2 4 7
