0 0 1840 1228 2118589
33 0 17 9 124
670 0 10 19 129
723 0 21 32 393
733 0 55 124 2445
877 0 25 23 301
932 0 5 4 16
966 0 16 30 272
1013 0 6 8 34
1044 0 23 30 394
1203 0 16 8 99
1254 0 38 49 1388
1353 0 22 38 610
1429 0 50 73 1254
1769 0 2 4 8
800 6 9 14 100
1594 9 26 52 924
629 11 8 15 90
550 13 11 24 180
915 15 34 96 1284
380 17 11 14 108
176 18 23 17 221
660 20 7 11 68
310 29 15 24 253
869 31 19 11 56
1113 31 5 12 31
1300 31 36 72 1072
818 32 41 68 1273
855 34 5 7 27
462 36 10 19 156
1013 36 6 12 53
1049 37 12 21 191
1138 37 19 46 607
991 39 11 8 26
1368 41 23 42 726
388 43 21 34 264
1532 45 19 38 540
964 48 13 8 46
51 50 15 20 220
626 50 8 39 239
349 55 18 44 644
277 62 26 26 260
886 63 25 41 474
1008 62 15 20 152
1241 63 13 31 326
0 71 21 54 895
588 72 14 37 348
664 73 21 36 392
1509 73 11 12 93
1590 72 22 42 665
190 77 13 12 70
985 81 7 6 28
869 86 4 4 10
491 90 13 28 284
972 91 46 44 754
954 92 4 5 13
971 92 5 6 19
1213 92 17 40 517
1375 95 84 34 1312
710 99 20 64 734
1034 98 30 44 634
72 102 16 17 209
453 103 10 17 121
1259 108 38 74 1259
683 111 4 4 12
845 111 15 49 328
1328 111 4 3 7
648 117 14 22 207
891 119 5 8 32
869 125 6 12 51
998 128 4 6 21
811 132 16 40 490
381 135 10 16 132
918 134 15 14 126
321 136 17 39 393
1372 137 7 3 13
1401 137 28 43 941
886 143 5 15 64
768 144 5 9 32
791 146 7 14 79
1018 147 3 7 20
401 148 17 52 442
1144 150 14 36 403
659 153 5 19 75
104 155 11 10 68
161 155 16 24 283
933 154 10 21 96
1027 154 10 14 84
454 158 12 30 264
1321 159 6 12 56
969 160 5 13 47
490 167 8 14 79
762 166 19 25 279
0 169 23 28 498
1042 171 6 10 37
985 172 34 25 268
879 176 7 11 66
1299 176 5 7 27
335 181 10 14 113
581 182 7 12 63
649 182 22 24 241
894 185 11 39 237
1245 185 11 12 94
911 186 5 12 39
860 188 3 7 19
1355 189 15 25 284
197 190 8 9 47
23 193 29 23 241
624 193 5 6 25
363 197 21 49 590
699 196 29 37 546
1018 196 8 9 55
49 203 39 95 1249
1290 204 12 21 210
518 206 9 14 82
683 207 4 4 12
753 207 31 45 622
972 210 2 3 6
1009 210 4 6 22
402 212 13 23 147
297 214 10 9 52
1476 214 25 22 441
262 217 15 25 276
677 220 6 13 57
1125 221 12 15 131
951 222 4 12 45
652 227 5 7 27
824 227 4 6 20
448 231 10 16 116
1073 231 10 4 31
550 232 7 13 73
966 234 7 7 39
1304 234 42 126 2388
664 237 5 6 25
821 236 34 41 568
1030 241 6 10 52
5 243 4 2 7
955 244 3 6 14
9 246 1 10 10
1179 249 29 41 593
881 251 4 6 21
1041 252 3 4 11
182 254 33 32 477
1013 254 6 5 20
1083 256 11 14 114
450 259 11 24 156
370 260 22 43 518
972 260 4 8 23
426 262 7 11 62
946 262 3 4 9
1268 263 5 6 18
607 265 13 9 59
888 268 24 25 269
139 270 9 19 117
994 270 3 5 13
1204 270 26 43 381
853 277 19 34 307
988 276 42 58 1073
923 280 30 49 680
1140 281 24 34 611
971 284 8 18 103
21 289 10 13 31
766 288 13 20 126
132 291 4 5 20
249 293 10 9 61
411 293 8 12 75
644 292 9 22 65
1086 296 9 19 124
115 298 15 6 26
456 304 9 14 82
783 305 26 54 641
1172 304 9 18 126
841 306 12 17 142
894 306 3 7 20
1778 307 46 81 493
98 311 12 7 63
565 311 15 22 242
668 310 4 6 17
823 311 3 3 8
48 313 21 25 321
77 312 12 14 112
972 312 8 12 68
127 314 11 16 68
1457 315 13 12 116
12 316 54 73 1105
401 317 8 10 53
861 318 9 13 52
1103 321 6 5 25
946 326 3 7 21
89 329 4 2 7
677 330 4 7 19
186 334 16 20 172
625 334 16 16 106
719 335 39 36 626
554 337 9 22 151
1275 336 20 25 217
223 339 15 18 203
831 339 8 12 54
1258 339 6 7 28
1397 339 12 21 178
1462 338 14 12 123
163 341 14 14 138
850 343 29 58 802
297 344 20 21 181
663 345 28 28 194
1013 344 3 10 20
1357 344 11 19 161
5 347 6 4 9
457 348 10 14 92
967 348 3 8 12
1109 351 11 21 180
760 354 5 7 31
942 354 11 10 49
499 357 7 9 40
911 356 2 6 11
985 356 3 4 9
74 358 5 6 26
992 361 7 12 59
95 362 6 5 19
397 362 10 23 168
1271 362 13 14 134
482 366 9 10 74
8 368 2 6 7
1364 368 15 36 204
260 372 10 10 65
962 373 3 5 11
1031 373 3 7 20
828 375 19 21 104
915 374 18 29 239
1339 375 17 26 317
343 377 11 15 131
735 377 4 5 16
1406 377 78 29 1030
947 379 3 4 10
308 380 9 10 63
419 381 6 8 27
716 380 5 4 13
883 380 3 8 19
935 380 10 36 172
801 385 9 4 12
701 386 6 10 44
1013 387 3 3 9
1300 386 6 5 19
706 391 30 38 477
1008 390 15 16 58
1257 391 20 36 475
1534 391 17 23 274
893 399 3 10 28
938 399 36 43 668
810 400 20 18 134
407 402 3 4 12
842 402 34 54 453
175 405 8 7 48
1133 404 32 49 557
0 407 5 2 10
770 406 15 14 60
342 408 9 13 81
886 409 5 7 35
800 410 4 9 35
1363 413 14 24 232
83 414 11 3 15
738 419 34 19 183
462 420 15 45 366
914 420 3 3 6
1446 423 19 33 359
891 424 12 19 163
299 427 26 28 455
1233 427 26 43 566
631 428 5 5 17
811 431 11 12 81
194 433 3 2 6
786 432 14 16 118
973 432 6 13 45
1210 435 9 15 102
831 437 4 3 6
1403 439 11 21 158
722 441 28 36 492
913 441 4 4 15
80 442 6 5 12
430 443 8 11 70
1191 442 9 14 99
402 444 9 15 104
835 445 16 28 323
269 447 20 17 210
966 447 7 12 80
989 446 17 16 97
666 450 35 20 282
633 452 4 5 18
906 453 3 3 8
1341 455 27 20 234
507 457 5 4 12
893 456 6 2 9
198 459 3 4 6
0 460 3 5 13
1015 461 6 7 22
94 463 13 17 110
1200 463 9 15 107
818 467 3 4 12
1395 467 10 15 110
774 468 16 40 329
889 469 10 12 94
1130 470 25 34 401
460 473 4 2 7
585 473 6 8 32
811 475 4 12 30
927 475 21 27 237
380 476 34 25 286
468 477 23 26 350
800 477 3 4 8
672 481 3 3 8
747 483 14 20 112
984 483 3 8 19
547 485 8 13 78
862 484 7 5 16
1412 487 13 21 201
652 488 20 18 107
1343 493 11 17 151
183 494 13 25 234
1024 495 2 4 8
83 497 28 27 322
892 497 6 11 54
818 500 3 6 17
927 502 10 30 178
414 504 10 15 97
996 507 26 16 111
1188 509 8 17 97
733 510 4 8 22
1246 510 14 5 46
1215 515 9 14 100
1353 514 14 43 452
718 517 4 7 27
1162 516 9 13 82
1034 518 2 3 6
792 522 3 6 17
1428 522 10 17 145
1234 525 17 21 191
430 526 7 12 65
459 527 2 6 7
754 526 28 28 149
352 528 8 12 57
1408 529 11 17 124
285 531 8 6 33
625 530 13 28 263
872 530 4 6 22
1270 531 17 29 344
539 533 8 6 25
686 532 26 30 318
797 533 5 8 35
828 534 6 7 34
860 534 2 4 8
70 536 15 13 135
315 537 6 3 11
664 536 10 10 36
256 539 5 5 20
287 541 16 16 173
44 543 4 2 6
737 543 3 2 6
829 543 12 14 72
931 542 16 55 313
959 543 2 4 8
981 542 2 4 6
341 544 8 7 48
1202 547 28 20 306
383 552 16 8 87
917 552 8 8 17
103 554 6 12 35
414 555 8 18 76
463 555 19 14 142
740 554 3 5 13
519 557 9 11 68
997 556 14 13 61
669 558 4 5 15
1141 559 11 26 161
800 560 8 17 91
954 560 13 7 34
977 561 8 5 22
642 563 3 5 11
746 562 6 7 28
881 563 4 7 26
895 562 20 31 330
679 564 3 3 7
776 564 5 18 57
221 570 6 15 38
1239 573 23 31 381
421 575 5 4 15
1434 574 11 16 128
482 577 17 15 118
844 576 48 69 1065
313 579 8 8 49
721 578 3 4 10
9 581 10 2 12
1211 580 3 5 7
1312 581 22 25 225
205 582 6 5 19
459 584 7 6 31
795 592 10 8 42
1176 593 13 25 122
380 595 33 24 304
467 595 6 7 32
815 599 12 13 82
1214 599 22 28 387
337 601 9 8 56
893 600 42 41 547
1016 600 4 6 19
304 603 7 5 23
682 602 28 26 309
1279 602 11 16 129
1154 604 7 9 57
354 607 7 8 46
765 607 4 8 25
1422 607 10 11 82
107 608 9 19 74
82 610 7 8 28
832 611 6 9 48
530 615 5 4 11
957 614 4 7 25
1053 614 8 17 92
1162 617 7 18 59
468 619 11 14 99
718 619 5 3 9
1247 622 17 34 227
1305 624 12 29 259
439 627 9 13 83
762 630 2 4 7
674 633 12 16 113
1141 633 9 13 90
897 634 4 7 14
144 643 8 9 53
504 642 5 5 11
707 643 10 22 138
802 644 10 14 74
932 644 2 4 8
1407 645 10 15 117
262 647 7 8 37
967 647 4 4 11
189 648 8 10 33
568 648 4 5 14
783 649 3 4 9
470 650 10 15 90
998 651 4 8 21
338 652 7 7 40
684 653 16 9 60
860 655 30 41 463
33 657 5 4 8
108 657 6 2 8
423 656 15 14 82
521 657 3 3 7
1449 656 24 23 282
386 658 6 6 29
790 659 3 6 14
1177 659 12 23 193
1199 658 7 14 60
1490 659 14 16 161
152 663 22 27 212
924 662 16 46 216
1261 663 8 12 83
907 664 2 5 8
1034 664 16 29 210
729 670 13 33 175
1229 671 3 3 8
299 673 5 6 15
535 672 3 5 9
0 675 4 6 12
192 674 4 3 10
369 675 22 17 160
483 675 7 9 57
996 675 7 13 37
1127 674 38 40 886
1239 675 3 2 6
423 676 8 10 68
773 676 21 20 144
1074 676 16 26 239
831 678 3 3 8
57 680 29 23 240
671 681 4 8 27
1201 682 23 51 580
38 684 11 13 40
132 685 11 13 73
899 685 3 7 17
395 688 16 14 131
679 689 3 6 18
907 690 10 6 20
232 693 9 23 83
1418 693 15 36 258
440 697 6 5 18
749 697 22 34 288
883 697 4 6 21
1389 697 8 9 47
697 699 50 86 980
968 700 5 8 28
483 703 5 6 26
82 704 11 9 75
1184 704 6 12 53
263 708 1 6 6
331 709 5 4 13
354 708 6 5 22
437 710 8 8 48
906 711 2 5 9
517 715 7 9 45
958 715 3 5 11
1322 715 10 16 122
860 716 71 90 1157
426 719 17 17 75
942 719 2 6 11
393 721 5 4 15
803 720 3 4 9
310 722 6 10 26
342 722 9 11 74
544 723 7 11 64
807 725 4 5 16
1108 725 11 20 128
503 727 8 8 45
365 728 4 3 8
966 728 8 9 30
1361 729 9 10 52
1087 731 7 11 63
120 732 7 5 25
1189 734 7 7 37
391 739 21 23 147
587 738 4 9 27
318 740 9 7 32
425 741 7 9 43
1129 741 21 17 220
1500 740 10 5 39
757 743 28 18 205
292 744 11 24 102
563 744 4 3 7
135 749 8 4 20
617 751 2 5 10
1415 750 9 14 100
1073 753 6 10 48
109 754 15 25 217
515 755 4 3 6
14 756 11 9 69
646 757 396 278 30518
941 756 13 27 198
509 759 5 9 21
786 758 10 14 72
971 758 2 4 7
1206 758 37 25 492
50 761 11 11 59
431 761 7 5 30
472 760 6 14 67
1328 761 8 11 66
772 763 2 7 13
831 766 4 7 23
448 768 4 5 15
569 772 4 2 6
1350 777 9 13 65
452 779 4 2 7
512 778 4 10 22
593 780 4 3 9
1153 781 9 23 163
457 782 4 4 13
401 787 7 7 38
1180 786 6 11 56
952 788 2 3 6
380 791 6 3 11
545 790 26 37 241
105 792 4 3 8
299 792 4 3 9
290 795 5 7 11
305 796 4 2 7
493 799 4 6 19
1188 798 3 5 14
924 801 9 6 29
1427 801 8 7 39
819 802 5 6 16
1312 802 10 14 107
646 805 3 6 9
852 804 7 3 11
826 807 27 34 424
860 807 7 4 22
1039 806 20 13 166
1182 807 20 23 189
1384 807 6 5 24
736 809 2 4 8
1346 808 5 4 9
181 811 8 11 59
438 811 4 7 12
785 812 6 2 7
86 819 7 5 24
247 819 17 16 150
408 820 20 29 242
502 821 14 21 149
490 823 5 8 22
759 824 15 20 102
1358 824 8 12 73
448 827 9 8 46
1140 827 21 18 131
99 828 14 9 77
239 828 5 5 24
848 832 31 32 408
1266 832 9 14 80
193 835 7 6 32
126 836 5 5 19
657 839 6 10 47
1174 838 7 10 52
524 840 8 3 16
730 841 4 6 17
809 842 10 4 24
1192 842 14 9 73
1481 843 11 6 40
893 845 9 21 105
1409 844 4 5 14
240 847 4 2 6
792 846 12 5 28
489 849 6 16 49
825 851 8 5 22
544 852 17 10 59
716 852 6 9 41
769 853 7 8 15
1333 852 25 15 231
177 854 5 5 11
317 855 5 5 17
590 855 8 5 26
1290 854 14 20 107
354 857 3 3 6
1227 857 12 16 133
192 858 3 6 7
1121 861 9 20 78
537 862 3 6 8
474 865 14 5 37
71 867 6 4 11
797 866 5 5 15
289 869 3 4 9
1407 869 7 7 31
837 871 10 6 38
1143 871 9 17 107
89 872 7 7 19
1159 873 23 30 245
590 874 5 9 34
207 878 6 6 23
484 879 19 5 46
800 879 4 3 12
1087 878 17 23 249
1201 879 17 17 106
545 881 12 11 43
852 880 2 6 8
406 883 3 4 8
454 882 5 3 12
769 882 2 5 10
1539 891 4 3 6
446 892 4 10 17
792 893 20 21 197
1136 894 4 5 16
1418 894 5 3 11
477 896 40 29 334
1113 897 10 8 50
1405 896 7 10 61
1280 901 10 16 105
246 902 5 5 15
326 902 3 4 10
309 904 6 8 29
423 907 17 20 80
597 907 5 6 16
616 908 3 10 13
572 911 13 11 32
689 911 9 3 11
1064 910 7 7 31
403 914 11 4 21
353 916 3 2 6
1203 916 9 14 104
523 918 9 5 23
626 918 12 8 51
677 919 3 5 8
1109 923 5 9 24
1185 925 8 16 101
120 927 4 8 23
463 927 3 4 7
12 929 4 3 7
150 929 14 20 207
241 928 7 4 16
494 928 4 5 19
374 931 8 6 34
548 930 6 7 25
1310 931 7 10 53
294 935 5 6 14
436 934 18 19 165
1161 934 5 6 26
1239 935 7 10 50
414 937 10 25 140
683 936 15 14 109
83 938 4 3 9
276 938 9 17 55
472 941 7 2 10
497 941 12 54 125
1068 940 5 6 21
616 945 4 3 6
395 947 11 3 16
994 947 16 11 65
1058 949 7 14 58
1201 949 5 7 33
609 950 13 15 79
1401 950 6 6 27
1344 952 32 10 170
117 954 8 8 43
520 954 1 7 7
198 956 6 2 11
709 957 8 10 35
318 958 3 3 8
1109 958 5 5 21
183 960 10 5 29
437 960 25 12 119
638 961 3 3 8
1082 960 8 10 53
84 963 7 3 11
528 964 11 9 39
1360 968 7 8 32
937 971 13 18 89
242 975 4 2 6
392 976 4 4 7
536 977 8 4 22
1061 977 6 10 49
1191 976 8 15 63
1254 976 9 15 72
724 979 10 14 94
423 980 9 2 9
453 980 3 4 6
1171 981 6 8 25
440 983 3 3 8
650 985 5 4 14
1389 984 14 10 129
1101 987 4 5 15
258 988 3 3 7
561 989 5 9 28
1029 993 13 16 131
503 996 4 3 8
656 1001 2 9 10
496 1002 4 3 9
905 1002 9 2 10
452 1005 3 3 7
1209 1005 8 13 78
434 1007 16 35 204
521 1007 4 5 14
1192 1007 4 16 26
529 1012 15 19 71
172 1014 5 5 11
455 1015 4 12 37
496 1014 8 6 20
467 1016 4 4 11
597 1018 14 17 60
324 1021 5 8 24
870 1020 2 5 6
1050 1020 4 5 17
250 1022 5 3 6
1257 1022 17 13 104
1171 1025 5 7 28
873 1026 11 7 38
903 1035 7 8 43
191 1036 4 7 14
746 1036 4 5 15
516 1040 2 9 10
1118 1041 3 4 11
494 1043 11 8 36
464 1045 6 5 18
751 1045 4 6 22
1098 1044 2 4 8
680 1046 2 4 6
1157 1047 15 22 158
479 1049 4 4 9
1391 1048 6 8 34
211 1050 7 5 24
395 1052 11 9 42
1117 1054 5 7 17
445 1059 9 4 26
623 1059 4 3 8
785 1059 3 10 17
708 1060 3 13 19
828 1061 7 4 20
1271 1060 5 5 15
484 1064 6 6 20
1218 1065 6 8 37
1371 1065 5 7 20
299 1066 3 5 8
381 1067 4 3 8
440 1066 5 6 10
1057 1068 6 7 31
793 1071 2 5 10
1404 1071 2 4 6
533 1073 4 3 7
450 1074 17 8 76
717 1075 4 3 9
551 1076 5 14 37
678 1077 10 10 50
881 1077 5 9 31
1209 1076 5 9 38
86 1079 15 13 90
565 1078 4 4 9
1076 1078 8 3 23
1153 1078 6 27 72
796 1081 2 3 6
844 1080 2 4 6
859 1080 5 8 29
612 1082 2 3 6
1304 1083 6 8 44
336 1084 3 5 7
633 1084 3 4 10
58 1087 6 3 11
703 1086 8 4 12
265 1088 3 3 7
324 1089 12 5 24
422 1088 5 4 18
439 1089 4 3 9
1215 1091 12 10 53
31 1092 10 14 70
494 1098 3 6 17
1074 1098 7 9 60
1141 1098 6 13 45
458 1104 6 2 7
1201 1105 4 9 24
1042 1107 4 6 17
1275 1106 4 8 15
1298 1106 4 5 14
734 1108 5 7 24
1255 1108 8 11 65
1088 1110 11 7 36
1319 1110 5 4 14
847 1113 5 6 29
1154 1113 3 3 8
1171 1112 4 5 10
653 1114 6 9 28
834 1114 2 5 6
163 1116 26 15 105
522 1119 3 7 10
410 1121 5 4 12
697 1120 23 21 227
468 1123 10 14 94
582 1123 3 5 10
874 1123 8 9 42
1077 1122 21 15 119
1142 1122 5 8 29
596 1124 4 3 9
809 1125 4 4 10
842 1124 3 4 10
1185 1124 6 21 107
1032 1126 5 3 8
1241 1128 10 12 34
1273 1128 3 3 7
1301 1130 4 7 24
577 1133 5 5 15
1064 1132 4 4 8
1217 1133 13 37 141
1262 1133 6 14 57
197 1136 6 3 7
363 1136 9 6 32
623 1137 11 6 22
110 1141 5 4 14
238 1141 9 6 22
396 1140 7 14 43
606 1141 3 4 10
944 1142 10 11 57
191 1144 5 6 18
453 1147 4 5 15
1085 1146 13 12 54
228 1149 5 4 13
517 1149 4 3 6
547 1148 7 7 26
1052 1148 14 19 134
88 1151 4 2 6
746 1154 11 11 43
807 1154 10 21 100
1268 1155 10 14 82
233 1158 12 9 73
1181 1158 6 7 25
15 1160 3 3 6
623 1161 3 3 6
729 1161 4 6 16
423 1162 21 33 258
1142 1167 23 9 44
1440 1173 10 11 33
1089 1176 4 4 11
680 1179 4 5 14
134 1181 8 3 14
205 1181 6 2 7
1057 1180 5 4 15
235 1186 6 13 41
252 1187 3 3 6
1299 1187 4 9 31
366 1189 4 9 18
605 1189 3 7 16
661 1189 13 16 127
257 1190 4 5 9
567 1194 12 10 51
1140 1197 7 4 23
459 1198 5 11 33
902 1198 4 5 14
540 1201 10 8 23
1340 1200 5 4 12
771 1205 7 9 20
1213 1205 3 5 6
1267 1205 3 3 6
330 1210 5 7 20
371 1210 3 3 7
785 1211 4 8 26
65 1216 3 4 6
128 1216 4 12 34
956 1217 3 11 23
1411 1220 7 8 39
1104 1224 8 4 11
1371 1224 7 4 22
