0 0 1840 1228 2137536
61 0 26 13 190
228 0 23 13 229
421 0 47 24 688
548 0 16 18 229
705 0 53 24 718
1090 0 8 17 81
1664 0 61 20 834
932 15 14 16 138
132 17 28 28 568
604 23 32 27 548
1067 22 27 35 695
203 25 33 37 934
1130 24 32 6 133
718 29 11 16 124
490 30 22 23 328
1359 37 46 64 1632
668 40 9 11 78
948 43 27 35 724
893 52 2 5 9
669 62 10 18 120
1426 64 46 50 1656
15 66 177 51 2953
695 66 9 13 99
500 70 45 73 1513
785 71 12 5 27
809 71 6 6 28
461 74 14 16 176
595 75 8 9 54
878 77 8 9 56
1048 80 8 10 69
606 85 9 11 80
743 90 18 31 354
891 94 10 12 84
648 97 9 20 101
664 96 9 10 72
944 107 9 12 95
1685 106 24 16 215
480 109 7 6 33
811 111 7 7 34
267 118 29 37 832
838 121 7 5 16
452 123 5 3 7
1439 124 60 79 3160
41 129 50 60 1020
183 129 40 31 922
643 136 26 19 194
899 139 29 41 923
1054 145 7 9 53
0 148 4 15 48
1071 152 13 21 142
744 154 8 11 72
796 154 39 42 1157
484 156 39 38 747
641 161 8 11 66
440 163 13 13 122
266 171 25 18 254
333 174 16 17 209
12 182 20 13 152
631 186 8 9 57
832 199 12 14 130
426 200 13 13 122
778 204 8 10 64
939 204 8 10 60
241 207 31 33 784
497 208 15 15 173
1234 213 40 41 1237
985 219 6 6 31
363 220 8 4 19
462 221 32 16 262
1332 221 12 11 98
753 226 8 11 75
1310 228 9 5 36
863 230 14 15 100
1563 231 41 29 776
541 242 12 15 147
632 245 5 4 9
795 244 7 4 10
928 247 7 10 52
69 250 24 20 359
248 254 25 24 473
849 258 4 6 22
868 258 7 10 53
726 261 5 5 18
1323 265 12 11 97
558 266 24 25 260
911 266 7 7 42
1152 267 27 36 728
340 269 10 8 54
1463 270 57 82 3178
370 272 15 13 151
669 274 8 10 63
477 277 9 7 41
611 277 8 5 24
129 279 11 7 57
687 288 6 7 19
992 289 5 5 16
736 291 7 7 38
763 290 11 14 126
362 294 15 14 157
841 297 5 5 20
649 298 9 10 59
811 301 15 18 208
889 301 18 15 102
1011 301 5 4 15
311 306 13 12 123
691 310 39 61 1335
121 314 15 14 128
999 314 6 5 19
563 319 25 26 436
937 319 6 6 24
479 327 9 7 42
518 328 25 32 627
1050 329 6 6 28
620 330 5 5 18
876 330 29 37 847
770 332 36 35 810
337 334 9 6 44
59 337 26 23 454
826 338 6 7 32
922 343 5 8 29
1306 342 12 11 103
479 348 9 9 59
1159 348 6 3 10
192 351 27 27 512
413 354 11 9 81
972 357 23 32 560
92 359 12 10 92
947 365 5 5 22
657 371 10 11 75
693 377 4 4 9
1259 379 39 58 1523
5 385 23 34 317
513 384 13 14 145
603 393 4 5 12
337 396 10 8 60
639 398 37 39 733
1306 398 9 10 62
395 402 11 5 37
612 402 23 29 524
876 403 14 16 111
1403 403 46 40 1387
1696 404 44 52 1397
499 406 18 21 303
938 406 4 5 11
431 409 22 37 388
721 411 45 38 1031
978 412 4 5 17
995 415 5 5 20
595 416 8 6 35
694 421 5 5 19
897 420 5 5 19
801 431 40 57 1231
1288 433 34 41 1103
190 441 17 12 156
1013 443 5 6 22
1590 443 38 41 1163
245 444 13 8 68
478 446 27 30 657
665 447 4 4 13
875 447 9 10 59
618 450 6 6 31
73 452 14 13 131
649 459 7 8 46
860 460 3 3 8
1011 463 25 29 489
708 469 6 5 23
1433 468 26 26 526
959 474 4 3 6
1671 477 8 4 19
466 492 16 26 199
350 497 8 6 29
515 496 14 16 169
596 496 4 4 12
973 497 16 19 251
854 499 5 6 23
300 501 14 8 70
366 506 14 11 124
703 506 41 54 995
824 507 8 8 37
611 511 45 62 1769
1453 514 66 57 1936
489 516 12 14 126
766 516 38 43 849
189 524 20 16 225
513 528 5 2 6
11 535 16 17 172
979 536 25 27 466
1193 538 8 6 39
1301 546 8 7 34
943 549 4 4 13
379 550 29 30 395
670 550 7 20 92
217 558 7 3 15
331 560 16 21 240
1224 561 2 8 9
1353 560 62 99 2665
773 565 18 20 274
701 566 5 5 15
865 570 5 5 18
1778 574 39 33 949
1576 576 40 38 1085
818 579 3 2 6
805 584 5 4 16
747 587 5 5 20
1285 586 25 27 434
294 588 12 2 18
840 590 19 31 373
972 591 19 17 217
589 596 10 7 46
926 599 4 7 16
1159 598 18 30 313
189 600 13 6 38
1467 600 43 39 1222
1260 605 8 7 45
29 620 9 3 19
682 620 3 3 7
871 623 6 13 62
70 627 6 1 6
648 627 6 4 14
627 629 7 6 36
512 631 9 6 46
1252 633 48 53 1382
835 634 5 5 17
853 636 4 3 12
618 638 6 6 29
753 641 30 19 335
939 641 3 2 6
480 642 22 8 108
1332 643 13 24 156
426 645 16 15 197
948 648 14 14 139
686 652 33 22 318
792 655 4 7 17
1637 654 22 18 235
68 656 19 16 222
481 659 10 7 54
865 667 4 9 15
11 668 27 18 244
287 668 11 10 58
585 671 21 9 70
748 670 43 27 532
631 675 5 5 16
648 674 4 3 10
670 676 15 15 106
1178 676 8 6 34
517 685 3 6 13
596 684 17 12 93
692 686 15 15 186
340 690 46 19 583
486 697 12 13 118
524 696 10 9 72
852 700 15 18 198
1112 703 19 20 270
1629 705 26 24 465
1193 706 6 5 14
1223 710 5 4 8
430 715 3 2 6
1236 715 32 39 942
423 723 7 4 22
527 725 12 8 33
839 727 19 22 299
772 729 5 6 16
731 730 9 14 61
49 734 20 16 231
1572 742 35 29 777
502 747 14 12 130
689 747 17 18 244
564 752 10 8 64
625 759 6 6 29
719 759 5 5 16
824 758 19 24 373
100 766 8 8 52
178 766 19 17 233
951 767 6 3 13
449 768 11 7 44
489 770 13 23 196
601 775 24 21 219
795 776 480 270 28011
1166 776 8 5 12
651 779 26 24 453
707 781 16 23 223
1308 780 41 45 743
426 783 7 4 21
519 783 27 13 144
755 784 19 22 361
1773 786 4 5 6
122 790 8 6 36
734 790 6 7 30
1148 790 22 24 437
244 799 5 4 13
735 805 17 26 264
0 807 14 10 107
1186 806 6 4 11
180 810 4 4 11
292 818 8 8 43
420 818 10 10 75
529 819 15 17 137
546 831 41 18 356
444 832 25 13 227
1626 846 30 26 544
484 850 6 8 25
729 853 20 21 220
1707 860 5 3 10
346 863 18 14 181
1669 863 32 23 535
548 869 11 11 98
610 868 4 3 9
996 869 10 4 13
527 870 5 7 24
656 877 32 27 460
617 879 3 3 8
1542 881 3 3 8
217 883 16 12 116
521 889 4 3 8
787 891 10 9 61
382 903 9 8 51
697 904 25 26 456
1652 906 22 26 290
778 908 11 12 90
836 911 12 11 109
629 914 4 4 10
674 932 16 17 211
1795 935 5 3 8
1500 946 8 6 18
702 948 3 3 6
401 956 5 10 30
671 957 10 10 84
1171 971 13 15 106
607 982 13 17 96
1451 982 26 28 420
283 986 6 4 14
763 1004 11 11 89
363 1013 9 7 32
130 1014 2 7 14
575 1014 12 10 60
498 1020 4 4 13
625 1025 13 20 147
668 1034 5 4 11
342 1039 4 3 6
154 1040 6 5 16
335 1043 6 8 26
586 1044 8 7 30
245 1047 14 11 89
656 1049 3 4 10
686 1048 4 3 9
579 1061 4 5 14
957 1063 7 11 32
752 1065 4 3 6
761 1068 10 12 106
425 1075 3 4 7
880 1077 7 10 58
394 1078 5 5 12
287 1080 8 5 30
401 1091 4 4 9
1468 1098 11 6 36
624 1100 4 5 13
495 1103 5 4 15
729 1107 4 4 11
745 1135 4 3 9
764 1145 3 3 9
635 1152 7 5 17
245 1202 5 4 11
65 1213 5 6 8
786 1216 3 5 13
750 1223 3 5 13
