0 0 1840 1228 2120586
223 0 12 16 141
454 0 10 11 72
556 0 7 14 56
611 0 31 37 385
691 0 78 26 1281
858 0 10 23 156
1008 0 21 22 243
1048 0 6 7 34
1111 0 14 23 211
1298 0 18 14 184
1408 0 18 21 228
1555 0 23 26 396
1747 0 23 20 312
1839 0 1 13 13
820 7 22 30 374
339 8 8 18 87
402 8 4 6 21
942 11 24 61 533
396 15 6 6 25
791 15 17 13 169
1165 19 33 63 851
486 21 12 23 160
596 21 6 10 47
279 23 4 3 8
1002 23 10 12 72
651 25 6 16 71
361 27 8 8 47
874 27 4 9 27
1086 26 5 11 39
1400 30 15 31 259
537 32 6 7 32
776 35 4 10 29
1509 35 19 28 297
463 44 6 10 44
1258 47 7 9 41
1423 49 6 9 31
444 50 9 24 169
1056 50 3 7 16
341 52 10 16 122
562 52 7 11 67
1151 55 2 6 8
1237 54 14 36 258
1273 54 8 10 33
1649 55 14 8 77
309 57 8 9 48
993 59 8 19 104
1213 58 7 29 125
1582 58 30 39 666
378 62 8 11 51
525 65 6 11 49
959 66 12 31 244
1106 66 2 4 6
1292 66 5 7 20
1131 69 11 21 83
850 75 4 10 33
915 74 20 40 413
1463 74 4 3 9
386 79 7 9 44
1627 78 8 10 49
598 81 10 16 71
643 81 5 7 25
729 82 13 71 335
778 82 7 20 107
1195 82 7 22 49
1467 82 19 34 339
401 88 9 10 59
521 90 5 9 40
536 91 5 9 41
557 90 6 13 67
669 90 6 16 82
355 92 9 16 90
1122 92 6 18 52
999 95 11 37 181
1156 95 2 5 7
813 96 6 14 54
1101 96 3 8 14
1417 100 16 24 242
751 102 4 9 32
1018 104 13 18 117
800 106 3 5 11
390 109 4 7 23
548 110 4 2 7
1125 111 11 22 157
1219 110 3 7 12
1815 110 25 49 708
1277 113 3 4 6
823 117 3 3 6
784 117 201 200 10714
1043 116 13 32 290
584 119 5 8 28
632 118 3 4 9
381 128 7 14 58
768 129 4 8 24
1393 128 4 5 13
988 130 2 5 8
1194 130 2 3 6
253 135 9 14 92
745 136 7 16 79
1209 137 7 14 61
298 138 5 7 20
325 140 6 7 24
804 140 6 7 28
528 143 13 14 91
951 142 9 19 122
1254 145 4 7 18
1633 145 52 85 2030
1720 145 77 91 3165
1120 148 11 14 70
393 150 17 10 101
470 151 5 4 18
499 159 8 19 83
1176 159 52 74 1078
764 161 5 14 36
1249 163 22 42 486
452 165 29 21 237
1310 164 20 43 481
980 167 5 2 6
642 168 6 16 57
939 171 28 39 316
214 172 8 7 45
345 173 7 7 30
726 173 6 15 62
1540 175 7 2 9
378 177 6 7 28
1006 176 2 7 12
281 179 8 9 51
524 180 5 10 42
853 183 4 3 10
993 183 6 22 43
540 185 4 3 8
572 188 5 14 48
612 188 20 19 119
1567 191 15 14 134
1063 192 3 2 6
456 194 8 12 64
1339 195 4 5 9
248 196 11 14 108
377 196 3 3 6
548 198 6 10 42
754 201 14 18 107
1014 206 4 6 14
1083 209 3 8 11
1247 208 3 4 12
585 210 4 10 37
1259 213 31 47 558
787 215 2 3 6
498 217 5 7 24
524 217 7 16 86
1214 218 4 10 23
363 220 9 16 99
395 220 14 6 30
1112 222 24 17 210
1012 225 3 7 15
1084 225 14 29 286
718 228 19 5 58
752 228 15 19 89
1024 228 11 18 135
1416 229 22 32 362
213 234 12 20 158
1173 238 11 25 186
1351 239 5 7 16
460 242 12 11 62
981 244 2 4 6
740 246 14 27 162
1142 246 4 8 19
1539 247 15 18 156
622 248 5 5 21
530 250 6 11 53
509 252 6 20 75
245 254 3 4 10
333 259 3 2 6
1198 259 2 3 6
611 262 3 4 8
880 262 16 32 115
1187 265 6 10 37
1575 267 15 18 193
357 270 5 3 13
768 271 4 15 27
794 271 2 7 8
1048 270 14 29 249
1171 271 3 7 13
1623 271 60 46 1339
1778 270 34 43 710
441 274 16 22 124
608 277 5 16 40
862 277 3 3 7
1098 277 24 41 440
1214 277 4 5 11
867 280 13 22 165
489 282 4 7 23
634 282 15 45 232
1282 282 3 4 7
913 284 5 7 17
718 287 5 9 34
1189 287 18 43 326
1295 287 3 4 6
922 291 10 6 15
409 292 13 18 161
543 292 14 18 152
631 293 3 3 7
1497 293 62 83 2838
156 294 3 3 7
697 294 10 14 75
922 295 25 39 396
991 295 5 3 9
30 297 6 3 11
745 297 19 15 102
576 298 4 5 16
469 301 7 8 36
1080 300 9 4 25
878 303 5 7 15
1454 302 15 19 185
803 305 9 6 32
894 305 24 38 381
1147 304 2 4 8
1272 305 3 4 7
539 306 7 12 51
1015 308 8 28 91
1156 309 24 51 515
490 310 22 41 316
398 312 5 6 26
565 315 8 12 53
765 314 8 7 44
462 316 2 4 8
952 318 2 5 10
1127 318 15 39 237
330 321 11 9 47
712 322 9 36 189
454 324 7 9 47
957 327 13 16 99
1356 327 11 14 95
834 328 7 15 75
1626 328 28 25 295
274 335 13 19 155
1025 335 35 56 551
669 339 4 8 25
866 338 13 12 100
972 342 4 5 17
1183 344 2 4 6
1587 344 51 55 1558
295 346 8 16 52
1037 347 2 4 7
1248 347 17 28 267
760 348 11 6 21
564 353 16 13 114
833 355 5 8 32
891 354 65 138 3445
768 356 17 42 186
687 358 5 4 10
875 359 10 23 155
1135 358 19 32 235
458 360 4 5 14
523 360 30 34 219
756 362 5 10 30
1106 363 19 25 162
585 365 8 3 13
683 365 3 2 6
1067 365 7 8 40
1292 364 3 5 10
1310 365 10 14 88
1549 364 19 13 146
332 366 10 24 103
966 366 4 6 22
810 369 16 37 204
725 373 7 23 109
1102 375 3 6 7
1270 374 14 23 192
276 376 6 18 60
414 378 6 19 47
561 378 4 5 17
468 383 4 6 16
1067 383 4 11 31
455 391 6 13 72
637 392 4 3 8
1303 392 4 6 13
557 395 4 15 32
603 399 6 6 26
840 398 25 24 239
1137 399 4 8 18
1312 398 14 30 164
1523 398 14 18 159
630 400 3 7 20
747 402 2 6 11
775 403 27 42 372
882 403 4 8 19
1710 403 16 16 178
449 404 5 9 32
1113 404 6 10 33
1404 404 10 12 82
1063 407 19 42 491
499 409 5 5 20
281 415 4 11 23
496 415 3 3 6
636 414 11 16 41
731 414 29 21 113
469 416 4 19 36
404 419 3 4 7
1486 419 9 9 58
1088 420 10 8 23
1781 424 16 13 141
456 426 3 9 22
606 429 16 6 35
647 428 12 5 22
690 428 3 6 15
875 429 4 15 27
239 431 4 2 7
810 431 6 23 82
1144 431 3 9 13
1667 431 32 23 433
1036 433 2 4 6
584 435 3 4 10
984 435 7 12 67
558 437 5 5 19
665 436 4 5 12
696 436 3 4 11
1091 436 11 6 29
216 439 6 8 34
1248 438 8 9 34
1511 439 16 13 129
274 441 5 8 32
757 441 6 7 22
731 442 4 6 17
952 442 5 10 31
1080 442 10 11 29
1120 442 5 8 20
870 445 2 4 7
548 447 4 9 23
778 446 4 5 12
997 447 4 6 18
1104 447 2 3 6
791 451 12 14 68
473 452 4 10 24
745 453 6 12 44
713 454 26 28 245
861 454 2 5 9
945 454 7 17 57
1264 455 15 24 128
1454 455 5 6 15
0 456 3 2 6
1065 456 12 10 53
1146 457 10 2 11
1433 457 4 4 12
435 460 4 7 24
836 461 4 5 11
984 461 7 13 69
1552 463 12 8 70
489 465 13 6 29
591 465 4 4 7
624 464 5 8 18
135 467 3 3 8
707 466 3 2 6
760 466 18 7 28
1151 467 3 4 11
1344 466 21 30 285
545 470 4 5 11
423 472 6 39 148
1129 473 11 25 134
275 475 5 6 22
691 475 9 13 43
1005 474 8 17 76
1041 475 6 12 48
181 477 9 2 9
296 476 5 7 27
656 476 7 10 40
1075 476 32 89 674
515 479 10 6 19
718 479 2 7 14
1155 478 6 2 12
482 481 4 4 10
747 480 2 6 12
1536 480 30 66 1020
629 483 11 11 34
1590 483 52 32 877
784 484 3 11 26
1057 485 3 9 15
1274 484 9 11 58
564 487 3 4 10
351 489 4 3 8
726 489 8 11 65
391 491 14 16 62
913 491 8 3 16
381 493 2 4 7
684 493 4 10 20
699 492 5 4 16
281 494 4 3 10
600 494 5 17 31
313 496 8 2 10
474 497 18 14 107
552 496 8 4 13
747 496 2 4 7
707 499 3 11 14
872 499 5 4 13
1001 498 2 4 8
1022 499 13 24 174
519 502 4 6 18
739 502 2 3 6
1004 503 8 8 19
240 505 9 13 42
341 505 27 22 95
627 504 3 5 7
829 505 9 5 19
889 504 10 13 47
984 505 7 22 83
365 506 14 4 38
683 506 16 16 62
816 506 51 53 555
1380 506 10 10 53
562 509 2 6 9
744 509 22 40 305
588 510 3 5 12
871 511 2 6 10
467 513 7 10 63
1197 512 16 22 198
713 515 3 12 31
937 514 4 8 23
279 517 10 15 54
528 517 3 5 14
1426 516 7 15 54
223 518 4 2 7
1783 522 21 19 225
182 526 10 5 27
571 528 14 10 46
1443 529 10 12 75
535 530 7 1 7
778 532 7 2 7
889 532 4 18 43
654 534 409 307 29298
1227 535 16 23 194
1362 535 19 27 284
639 536 6 7 17
1293 537 8 10 46
563 538 3 8 9
676 538 27 18 164
698 538 106 143 4216
502 542 2 3 6
522 544 13 15 79
420 547 3 3 7
637 546 3 5 12
1478 546 27 41 457
426 550 5 6 23
983 550 6 11 54
1780 551 3 3 6
850 553 16 41 297
837 554 5 4 16
667 556 2 4 6
681 557 2 3 6
306 558 4 3 8
470 558 2 3 6
1112 559 4 8 22
419 565 8 10 41
528 565 3 6 13
435 567 3 3 6
469 566 10 16 69
1370 567 11 19 113
648 569 3 7 14
574 573 3 4 9
706 574 4 3 8
500 576 4 2 6
523 577 2 5 9
901 577 3 7 17
989 577 8 2 9
1092 576 4 6 17
490 578 7 6 30
917 579 3 4 11
1616 578 11 9 61
406 580 5 6 18
965 580 26 38 280
1060 581 10 4 13
432 582 9 18 61
1659 583 18 18 181
400 586 2 8 9
1267 586 11 15 111
281 588 4 2 7
643 589 2 5 9
213 591 4 3 7
1476 593 30 26 320
418 594 4 2 7
653 595 2 5 7
502 596 16 14 114
837 596 19 39 234
471 598 5 5 9
573 599 10 6 31
705 598 3 6 15
873 600 2 7 9
1122 600 3 7 8
313 602 12 22 88
1170 603 4 3 9
1182 602 23 22 182
1384 603 10 10 75
530 607 3 3 7
1086 606 2 3 6
332 610 6 4 17
959 612 7 16 74
1431 612 14 20 162
0 615 4 3 10
668 615 16 2 19
690 614 28 43 422
236 616 5 6 25
561 617 2 6 7
1035 616 35 29 343
1111 617 11 25 177
598 619 1 7 7
690 618 2 3 6
887 619 4 5 16
1452 619 26 43 534
444 623 8 6 33
513 624 16 14 86
865 625 13 17 47
428 627 3 2 6
478 626 16 16 62
496 627 5 7 15
614 627 7 17 35
1218 627 12 26 211
1338 629 9 8 21
1664 629 25 32 521
431 632 7 12 31
658 632 7 7 38
1487 633 30 33 525
0 637 5 2 10
929 637 4 8 25
1079 639 7 16 90
1251 638 9 19 79
535 640 2 4 8
312 642 5 7 28
666 642 3 2 6
1315 643 12 18 112
566 645 4 4 12
579 645 2 3 6
529 646 4 3 7
624 648 3 3 7
661 648 2 7 14
1717 649 4 5 11
299 651 6 13 18
641 651 5 4 12
1064 651 3 3 7
363 653 10 7 38
476 652 6 6 24
876 652 2 5 10
1112 653 8 4 11
593 655 10 3 14
413 657 6 3 12
470 659 4 7 20
1633 659 20 22 215
577 661 3 2 6
822 660 10 7 35
908 660 6 13 53
971 661 5 2 6
1409 661 7 9 39
1535 660 15 27 187
424 662 4 5 18
1023 662 16 32 239
1224 662 9 14 79
442 665 4 4 11
708 664 3 5 6
894 664 2 4 6
1056 664 7 13 69
1312 664 3 2 6
573 666 3 16 34
43 669 6 12 19
1107 669 6 6 31
961 670 9 12 57
1301 671 4 5 13
422 672 13 11 33
643 673 34 10 109
853 672 2 5 6
221 674 6 3 10
513 674 4 3 8
869 674 2 12 18
927 674 22 19 109
1489 678 5 4 11
495 683 7 12 19
757 682 3 4 8
880 682 21 13 104
294 685 4 3 11
383 684 12 12 39
797 685 5 13 50
859 685 9 14 22
1344 685 3 3 7
1499 685 3 3 6
835 686 6 1 6
1012 689 7 4 10
1352 688 21 32 306
527 691 12 9 48
819 690 8 5 20
1335 690 3 3 8
447 693 3 3 9
509 693 3 8 19
268 695 4 4 12
421 694 8 4 24
1230 695 13 4 27
922 697 4 9 29
1165 697 8 17 94
561 698 6 1 6
593 699 8 1 8
457 701 5 6 21
475 701 5 2 9
1039 701 13 4 16
1192 701 2 3 6
1444 701 16 31 159
257 705 5 4 13
626 704 24 25 205
1476 704 14 27 236
1258 707 11 15 98
1616 706 5 2 7
461 709 22 18 211
616 708 3 5 11
1096 709 11 19 129
366 712 3 4 7
490 712 3 3 7
1529 715 9 10 67
424 717 14 15 53
1058 717 5 16 53
329 722 3 4 9
647 725 2 5 6
1197 726 17 26 247
994 729 12 22 106
1228 729 5 7 27
616 731 5 3 7
1408 732 9 10 65
571 737 5 4 19
639 736 4 8 21
1275 736 23 8 86
539 738 6 10 27
503 741 17 12 85
1101 740 5 4 13
1242 741 12 15 92
1545 741 8 16 61
366 743 4 4 12
1298 747 4 4 11
1650 746 11 9 71
596 749 3 4 6
1029 749 4 4 11
1360 749 7 3 12
616 750 2 9 10
1074 750 8 22 102
1268 753 6 3 12
341 756 5 6 17
1555 756 10 12 83
394 758 5 6 19
486 761 25 11 109
465 762 1 10 10
1234 763 5 6 22
58 764 5 3 11
521 767 13 4 28
995 766 7 10 46
349 768 3 3 7
1254 768 6 3 8
451 771 5 5 9
680 771 9 6 18
323 773 3 4 11
1074 773 13 17 108
694 775 19 29 233
633 776 10 4 13
1325 776 15 32 220
306 779 15 25 179
1377 779 5 3 7
621 780 8 2 9
543 783 2 4 8
672 784 2 7 13
720 784 2 4 7
1282 785 30 32 609
1477 785 10 16 92
524 787 4 4 10
549 787 7 12 38
771 786 28 32 106
1094 786 6 4 14
1520 787 15 12 110
374 789 3 4 10
1236 788 6 9 39
111 792 2 3 6
759 792 5 14 38
383 795 6 5 18
440 794 2 4 6
585 795 23 8 69
1117 794 20 28 173
1172 794 7 9 47
1209 795 4 14 28
631 796 3 14 16
729 799 11 25 98
1258 799 15 12 116
369 800 9 9 40
971 801 4 7 21
391 805 7 5 33
830 804 2 3 6
680 807 3 10 14
704 806 6 7 26
290 808 4 6 11
413 808 3 3 8
1354 808 4 2 6
339 811 3 3 7
527 810 5 17 32
815 810 3 6 12
1502 810 13 22 165
1319 812 6 8 24
328 815 6 9 24
477 816 2 4 6
1600 816 4 4 11
1145 819 5 8 32
374 820 1 6 6
682 821 3 16 29
749 820 4 5 10
1252 820 27 28 239
859 823 14 19 131
1445 823 18 32 265
1014 825 3 5 8
728 827 2 3 6
777 827 2 4 6
705 830 9 7 30
1150 831 6 10 46
1384 830 5 5 17
660 832 3 7 17
1082 832 4 8 28
280 834 7 14 26
461 834 2 6 11
1168 835 14 9 25
1056 839 9 18 96
1216 838 9 13 98
714 841 4 9 14
825 841 2 5 8
1344 840 9 14 74
345 842 4 3 8
963 843 2 4 8
1239 843 30 27 266
754 844 11 2 12
388 846 8 8 25
661 847 10 17 31
748 847 3 4 11
844 847 2 6 11
767 849 11 3 17
1192 848 8 7 24
583 850 4 6 10
873 850 2 4 7
704 853 2 4 8
820 852 3 8 17
857 854 2 4 6
272 856 10 12 84
524 856 4 5 8
794 857 3 5 13
892 856 14 24 170
331 860 3 3 6
366 860 4 3 12
706 862 8 8 26
1011 863 9 29 140
10 865 6 9 25
784 865 8 5 12
1060 866 7 6 25
1164 867 6 7 23
1068 869 32 22 184
1197 869 13 9 59
41 871 3 3 6
931 871 4 8 28
1422 870 7 9 41
462 872 6 3 8
801 873 19 44 200
949 872 4 7 22
742 875 3 3 6
1118 875 13 22 172
1268 874 8 10 49
1137 876 14 24 122
72 880 15 9 51
738 881 2 7 14
1457 881 6 7 27
981 882 6 11 39
1220 883 6 8 39
525 884 4 2 6
0 890 5 2 9
678 890 10 4 22
736 891 13 18 68
1157 890 6 8 34
1231 894 3 3 7
721 896 6 11 26
767 896 3 4 12
1358 897 9 12 71
526 898 4 3 6
780 898 1 10 10
1291 898 7 8 45
933 900 6 9 39
1188 901 8 11 60
466 902 6 4 22
640 903 2 5 8
697 903 10 14 35
1227 903 13 10 66
515 905 6 6 27
336 907 9 5 19
943 909 3 4 9
971 909 5 9 37
1017 909 6 10 45
1071 908 4 7 21
436 910 3 3 6
1397 910 5 2 6
1460 911 8 11 56
1517 912 8 9 35
676 915 6 10 21
705 917 4 11 14
841 917 3 6 14
1295 916 8 11 63
1481 917 8 10 57
666 919 2 4 7
1223 919 3 3 6
631 920 14 12 73
471 923 5 5 16
721 925 2 5 9
1103 924 7 9 35
756 927 2 4 7
986 927 17 16 84
671 929 6 5 18
770 928 8 7 18
37 930 3 4 7
889 930 3 5 13
1086 930 2 4 8
1331 933 6 8 33
1195 934 40 63 700
1274 934 8 9 42
811 937 2 4 8
838 937 2 5 6
849 937 2 5 9
1006 938 16 39 221
1091 939 4 7 19
1355 939 4 4 11
421 940 9 3 11
813 943 10 3 12
1484 942 5 4 14
1153 945 22 40 241
1728 944 17 12 108
546 947 14 7 39
876 947 2 5 8
1108 948 18 17 156
1374 948 2 3 6
400 950 6 8 21
1183 951 4 5 15
1454 951 5 5 13
642 952 3 4 8
1283 952 36 25 352
1428 954 6 6 26
719 961 12 8 21
792 961 22 15 113
1379 961 11 9 41
511 962 8 4 26
783 963 2 5 9
932 963 5 6 24
610 965 6 10 22
1511 965 5 3 8
1405 967 21 17 135
1106 968 9 2 12
520 970 9 3 21
1078 973 3 6 11
952 974 4 10 32
395 976 4 4 9
878 977 3 6 15
1091 977 7 14 49
1351 977 5 5 19
565 979 9 7 34
786 978 7 11 59
1253 979 27 17 112
852 982 5 4 8
1017 982 20 7 46
714 985 3 17 19
837 985 2 5 10
1097 985 22 28 145
1221 984 16 25 124
313 989 4 3 10
1051 989 3 3 7
1606 988 4 5 12
773 992 2 4 8
1394 992 4 3 9
663 995 3 13 18
962 997 3 5 12
425 998 3 6 11
987 1003 10 3 12
1282 1007 7 6 26
1137 1009 27 20 210
51 1011 4 3 6
946 1010 3 4 9
1237 1011 16 24 152
291 1012 5 10 28
809 1014 9 3 12
974 1014 4 5 16
1264 1014 3 2 6
556 1016 4 5 13
929 1017 15 8 50
1010 1016 5 5 19
1024 1018 20 21 203
1440 1020 3 3 7
684 1023 2 3 6
832 1022 15 14 58
1282 1022 6 7 31
1556 1022 6 2 12
196 1025 3 7 13
756 1024 2 4 6
777 1027 6 4 9
876 1026 4 6 18
892 1026 11 13 33
1162 1027 16 20 100
1317 1026 5 3 10
1697 1027 4 2 7
561 1029 9 5 15
471 1031 4 3 9
736 1031 3 3 7
922 1031 3 4 9
970 1030 2 5 10
1248 1031 12 25 98
353 1032 5 5 21
373 1033 6 9 46
868 1033 8 12 23
1074 1033 22 20 99
1120 1032 9 11 59
979 1035 21 12 123
535 1037 3 4 6
637 1037 6 11 20
783 1036 2 4 8
694 1039 6 2 7
766 1038 7 2 9
954 1038 12 14 81
1278 1039 5 2 6
446 1040 2 4 7
725 1040 3 3 6
935 1041 3 2 6
1293 1040 12 12 49
1318 1041 12 17 91
776 1042 3 5 15
834 1043 11 10 58
1106 1045 22 29 149
1133 1044 5 20 49
334 1047 3 3 9
792 1046 8 6 15
368 1048 3 4 11
1172 1048 9 16 54
295 1051 8 10 19
574 1050 6 5 18
1025 1050 4 14 21
902 1052 2 5 10
1548 1053 2 8 12
753 1055 5 2 7
1193 1056 4 5 18
727 1058 1 6 6
975 1058 5 5 14
948 1060 3 7 17
469 1063 15 12 44
767 1062 3 5 12
920 1063 3 7 17
1243 1062 2 5 9
15 1064 4 2 7
251 1065 4 4 10
882 1064 3 5 6
1049 1065 11 4 19
851 1067 18 24 90
953 1067 9 6 16
1034 1069 5 15 37
1406 1068 3 13 15
694 1070 18 12 70
1238 1071 3 4 12
406 1073 8 13 39
807 1073 42 54 536
1195 1073 2 4 8
1259 1073 9 15 49
753 1074 15 18 97
971 1074 8 9 45
1172 1074 3 4 10
888 1076 5 4 10
1075 1076 3 4 8
1119 1076 8 10 33
1248 1076 3 3 7
1322 1077 5 9 15
318 1078 7 3 8
449 1078 3 4 7
1162 1078 4 7 24
914 1081 11 7 20
1096 1081 7 15 35
1191 1080 4 7 23
280 1083 5 4 8
965 1083 4 5 13
1301 1083 6 8 27
439 1085 3 4 6
1008 1084 6 18 32
647 1087 18 7 34
1047 1086 22 29 191
1226 1086 3 7 21
1208 1089 4 8 16
535 1091 6 1 6
1164 1091 15 16 75
372 1093 7 5 25
556 1093 3 4 8
859 1093 6 5 10
929 1092 5 3 13
262 1096 4 4 6
774 1098 8 3 15
956 1099 11 6 16
754 1102 31 20 115
1192 1103 3 4 9
793 1104 6 6 16
924 1104 16 17 33
1041 1104 10 8 35
1120 1105 4 6 17
1228 1105 3 4 9
656 1107 10 13 41
733 1107 11 20 48
898 1106 2 5 6
632 1108 3 4 9
1131 1108 19 18 89
447 1111 12 13 46
1010 1110 8 11 39
31 1112 3 3 6
981 1115 4 10 13
1092 1114 4 5 12
1147 1114 10 9 29
123 1118 3 6 13
706 1120 9 8 16
578 1123 5 5 20
333 1124 3 3 6
427 1125 3 4 8
1290 1125 3 7 16
179 1127 4 5 12
266 1127 5 4 15
1051 1126 16 17 71
1074 1127 17 53 283
1103 1126 3 6 14
1385 1126 3 5 6
640 1128 6 3 15
697 1130 4 7 16
1349 1131 3 5 7
410 1133 10 18 30
820 1133 12 14 42
1029 1133 3 4 10
1143 1133 7 3 13
257 1135 4 5 11
785 1134 49 56 555
933 1134 5 4 14
813 1136 7 3 14
847 1137 9 6 24
989 1137 2 4 7
995 1138 39 57 673
43 1141 3 3 8
759 1140 5 13 22
426 1143 10 3 14
882 1142 6 11 21
903 1142 13 17 77
832 1144 4 12 39
950 1145 11 11 48
981 1144 5 12 40
872 1146 3 4 6
1103 1146 9 7 28
1193 1146 3 4 7
251 1151 3 3 7
959 1151 9 9 29
565 1152 3 12 14
741 1153 14 11 66
361 1155 3 6 14
442 1155 4 4 14
623 1154 4 4 7
1099 1155 5 12 21
944 1157 4 10 15
93 1160 7 9 23
230 1160 6 4 14
897 1160 28 19 172
1026 1160 17 18 101
293 1162 3 3 7
1129 1163 8 5 19
123 1164 2 5 6
185 1164 5 3 8
694 1164 2 9 10
831 1165 9 5 25
952 1164 22 23 204
850 1167 16 3 26
745 1169 9 11 30
1164 1169 5 5 14
1280 1168 2 4 6
436 1170 5 8 17
932 1171 9 6 32
873 1172 40 30 260
1046 1173 72 43 979
685 1175 5 4 8
1112 1174 13 14 78
1303 1174 4 7 12
515 1176 14 12 50
663 1176 1 7 7
1148 1177 13 14 102
1173 1177 9 10 18
267 1178 5 3 10
575 1179 9 11 47
979 1178 19 21 143
383 1180 13 10 39
639 1180 2 6 10
783 1180 9 5 37
924 1180 20 22 115
549 1183 3 4 10
671 1183 10 16 41
1301 1183 2 4 7
1518 1185 3 3 7
487 1187 7 6 26
705 1191 12 23 113
726 1191 6 4 9
762 1191 5 3 7
374 1193 13 13 115
560 1193 2 10 12
853 1192 9 21 62
305 1194 2 5 6
831 1194 8 4 18
1192 1194 3 2 6
1218 1197 8 4 11
602 1198 19 30 82
631 1198 31 30 291
784 1199 23 23 106
1135 1199 2 5 6
0 1200 4 2 8
757 1201 6 6 30
824 1201 6 15 20
873 1200 17 13 63
998 1201 46 27 206
1175 1202 4 3 9
1165 1205 9 8 24
1229 1204 6 5 16
908 1206 5 2 8
1371 1206 3 6 7
949 1208 34 20 178
1827 1208 3 6 6
170 1211 5 6 12
595 1211 3 10 13
678 1211 6 6 23
932 1212 3 4 12
1148 1213 2 6 7
460 1214 1 6 6
992 1214 5 7 21
727 1216 9 12 61
748 1216 8 12 19
1299 1217 12 11 54
938 1218 5 10 24
404 1220 5 8 31
691 1221 10 7 63
779 1220 1 8 8
884 1220 3 8 11
1000 1221 8 7 22
1268 1220 10 2 11
668 1223 3 5 15
1131 1223 9 5 29
1182 1223 17 5 33
1742 1222 1 6 6
144 1224 3 4 10
835 1225 7 3 12
1065 1225 2 3 6
