913 622
42 3
96 1
221 35
324 8
408 9
512 0
605 0
680 2
734 6
780 13
943 2
1005 5
1062 0
1128 5
1156 6
1249 13
1274 1
1418 39
1510 6
1636 26
1726 14
1783 14
803 9
845 7
713 29
923 18
259 26
605 20
829 15
1556 29
1320 48
1597 32
652 35
901 27
940 30
1005 31
896 40
803 52
291 52
1285 57
399 55
963 50
354 64
784 55
1003 79
626 62
895 57
145 58
833 59
1057 84
907 73
954 69
1656 108
938 84
1223 104
1318 123
917 87
1030 102
433 96
796 97
821 98
605 101
260 108
59 106
586 104
1604 136
1100 116
893 114
928 110
944 112
747 118
369 124
419 128
692 145
903 128
354 127
972 133
257 140
778 133
872 134
925 158
61 151
292 140
748 145
835 148
1054 150
640 159
581 169
1007 157
446 163
1457 180
885 159
1033 163
1678 174
329 171
153 170
427 173
945 169
991 176
1212 177
675 175
742 182
98 190
656 188
834 178
783 181
1526 239
1016 185
229 200
31 194
627 196
681 192
1416 230
776 196
819 244
129 200
1064 202
997 202
1208 220
723 206
894 203
914 204
1187 206
931 214
1041 210
1319 236
1371 229
1620 218
161 217
1180 247
1302 216
903 219
1227 228
698 222
1277 243
95 246
846 230
870 233
920 226
494 230
662 228
893 230
1013 241
764 240
567 247
225 242
357 248
934 265
332 266
402 254
677 249
449 263
1061 292
1300 259
1447 260
914 260
472 272
697 268
1212 301
1367 268
905 273
1015 275
502 289
765 286
684 287
744 290
1026 292
159 304
646 293
869 291
1586 305
929 299
878 298
653 301
845 304
1151 321
96 308
734 309
1286 306
806 315
1027 317
927 316
1003 316
981 319
53 324
519 332
658 333
710 325
230 330
379 329
1573 341
1408 336
479 353
415 341
1497 335
941 343
273 342
725 339
1289 345
1480 348
1258 364
1321 351
326 353
874 352
670 357
711 358
731 352
808 352
944 359
844 369
916 360
1379 366
1018 401
349 363
1291 369
274 369
1552 389
643 376
942 407
922 382
723 396
1386 400
107 393
820 411
871 398
984 399
1603 403
397 403
1333 400
417 407
495 405
114 408
1308 423
1459 414
1070 411
1252 414
681 412
975 416
1498 418
237 431
553 433
747 439
1351 430
700 435
852 451
1166 442
1188 440
522 445
872 437
955 436
204 443
721 438
802 445
1035 460
86 441
604 444
959 444
1549 449
996 446
43 454
772 455
1004 451
249 455
431 463
3 468
1280 463
388 462
1789 470
794 463
958 461
887 464
714 467
898 469
1437 491
105 477
1506 473
668 478
694 478
921 481
158 481
1372 492
546 493
1270 488
712 493
171 493
500 493
582 490
685 490
927 491
960 494
1003 493
1301 501
341 497
731 497
788 509
1041 499
938 506
1061 507
206 512
524 512
422 511
692 514
1486 513
875 519
1539 524
1252 515
321 516
703 552
671 522
935 523
949 524
853 538
992 542
446 533
1570 535
1273 550
1456 546
883 537
598 544
1362 548
337 556
795 545
1533 564
477 549
761 552
809 559
314 559
919 563
948 565
856 585
969 578
892 575
480 575
1483 575
163 574
522 576
1063 588
1046 576
1005 593
692 580
931 582
458 590
508 583
1224 585
1384 585
1508 592
1141 598
820 593
1245 595
1458 606
525 597
956 609
384 610
699 623
788 622
893 610
1292 611
1414 614
190 619
721 614
827 615
1373 629
414 621
1534 630
1336 628
639 633
957 628
5 657
987 650
755 639
1080 633
1179 639
1413 640
1505 640
1125 647
335 653
472 670
596 649
1435 651
1264 659
521 657
380 662
938 661
631 663
1074 663
1210 663
1490 664
844 694
766 666
1342 678
531 678
1294 680
572 678
882 694
977 693
1173 692
318 692
708 687
797 695
247 692
508 689
726 688
1308 692
1473 694
749 695
943 699
1363 710
1059 698
663 705
769 703
1088 706
1427 715
543 708
927 834
1496 719
759 717
814 713
467 721
974 718
357 719
1243 729
632 726
747 730
819 729
1219 728
101 730
778 735
718 738
381 741
408 741
849 757
950 740
1270 744
1293 744
1426 751
1451 743
782 747
962 744
1021 750
90 752
551 752
140 757
486 756
1255 754
222 755
289 754
565 761
901 756
958 761
33 774
496 768
1359 769
933 772
1398 787
96 774
250 775
959 781
613 786
675 792
890 791
1295 786
498 789
852 792
1040 795
511 798
538 797
650 801
972 818
398 812
1287 808
946 814
1309 811
1359 812
504 814
1234 812
992 819
363 824
1268 822
468 835
1231 830
726 827
585 829
728 831
1451 835
1265 836
1383 843
346 841
1436 841
706 842
437 845
13 846
76 849
253 847
516 849
749 846
1364 852
784 857
1419 865
1500 862
654 864
750 862
1199 874
1322 881
1027 887
7 885
706 879
1398 884
534 883
1105 890
1512 883
320 886
1251 893
1351 888
631 891
1013 888
1079 896
531 905
708 898
778 898
1347 898
597 900
1372 903
1419 905
1448 905
1124 910
235 911
1275 909
621 914
1024 912
364 913
1225 932
1342 933
977 925
1289 936
1141 937
1015 939
1502 940
566 943
865 941
483 943
582 944
149 951
381 945
832 947
1269 947
729 950
643 955
1280 956
616 968
788 960
884 958
1062 960
1503 961
466 962
1260 960
258 962
72 965
1607 969
1130 972
1350 975
1492 972
867 989
1034 986
1300 979
1007 981
936 984
755 984
905 989
736 989
1118 992
496 989
659 990
1370 993
1317 996
142 994
651 996
1348 996
1395 996
845 1002
630 1001
663 1007
964 1012
944 1016
53 1017
600 1018
811 1021
875 1023
969 1022
1349 1026
1494 1026
827 1029
1241 1034
1020 1032
887 1035
1167 1036
399 1038
1464 1038
1057 1043
1263 1042
878 1048
1040 1049
605 1047
1009 1047
1023 1052
1084 1059
566 1053
912 1052
269 1059
1244 1054
520 1054
1489 1059
174 1067
1007 1064
1390 1074
425 1067
1237 1072
92 1069
493 1077
857 1074
1460 1076
1318 1080
1425 1078
348 1085
1303 1091
95 1090
1368 1089
436 1092
1222 1092
860 1098
1088 1094
1325 1098
721 1095
1386 1103
758 1109
299 1114
469 1114
917 1123
103 1119
672 1125
738 1129
1423 1128
1373 1130
1277 1130
1030 1132
1395 1140
1022 1141
1143 1147
1361 1145
310 1149
349 1149
556 1146
1299 1146
386 1148
1201 1149
165 1153
1323 1154
197 1155
721 1156
1021 1170
1212 1162
1300 1168
666 1168
822 1168
1354 1167
1771 1168
449 1173
572 1179
1268 1180
1190 1185
77 1188
663 1194
1442 1189
1147 1194
1199 1194
623 1197
1119 1200
897 1201
606 1203
932 1209
111 1207
1334 1214
538 1222
499 1224
1130 1225
623 1225
847 1226
