909 612
297 2
459 1
538 3
675 73
817 4
866 21
1000 0
1025 33
1097 79
1272 4
1313 2
1340 4
1363 1
1433 67
1674 32
1772 24
174 8
92 16
1256 18
900 16
1228 14
391 27
459 26
486 32
120 31
820 33
56 32
208 30
1235 26
1188 34
285 31
312 33
746 31
1311 43
180 87
428 36
1388 41
1259 46
1370 43
330 47
565 51
841 63
282 61
777 59
1310 68
1386 63
233 73
610 76
383 81
1061 80
21 84
1003 107
509 89
1296 97
1386 87
1212 90
612 94
809 93
102 99
415 97
370 100
1368 102
21 106
794 111
614 110
911 114
1188 112
1228 118
1286 116
1320 115
755 129
1627 125
87 139
530 126
823 125
1251 128
1326 123
1586 163
452 130
552 131
1377 128
1726 142
286 134
1173 138
672 136
370 141
1049 139
1288 138
1361 136
234 139
587 142
1197 141
1444 183
138 145
806 146
847 144
1270 143
405 151
1027 153
484 152
466 155
1285 154
1244 152
1320 161
182 157
297 155
678 166
818 170
912 156
1225 160
1256 160
994 171
1245 168
560 177
385 180
964 183
620 185
708 183
1196 185
1249 186
1280 182
337 192
1323 188
1303 192
1199 193
1355 205
876 202
1007 201
420 200
820 200
61 206
1032 206
449 212
1212 207
1309 216
894 213
759 218
684 222
1001 223
331 225
261 226
669 242
805 223
1064 236
166 230
638 233
720 228
119 236
964 232
479 233
1282 231
411 236
983 232
65 235
292 237
563 242
1255 236
1358 239
797 243
1006 240
1233 244
1133 249
720 249
1028 246
803 250
857 254
295 255
981 255
941 269
1290 259
1205 257
1229 261
250 266
1251 262
459 269
1003 264
1303 265
313 270
1160 268
1240 268
540 278
761 275
1035 271
1113 270
1059 289
914 279
1224 291
367 280
981 287
1124 280
438 298
633 293
1256 290
803 295
1002 296
721 304
948 296
65 302
320 298
1304 299
272 304
522 305
963 303
581 331
1184 306
1316 305
819 314
1212 318
399 313
1135 314
1283 314
288 319
485 318
1542 320
1089 320
1014 331
1308 322
1155 322
1231 323
1457 334
222 326
952 326
319 325
1183 327
432 331
625 336
893 332
1151 329
1199 331
926 337
422 344
1241 343
1038 359
1086 346
1277 344
1799 361
1542 355
968 351
1131 350
512 353
772 389
1167 354
1204 356
1522 356
264 361
1105 361
1222 359
325 361
461 365
608 366
1627 388
5 368
1008 368
362 373
961 371
282 374
487 376
1540 392
396 375
555 381
1110 376
930 379
316 384
674 386
1022 380
1092 381
1219 381
1259 390
425 393
528 397
590 407
736 392
206 393
462 397
1130 398
1182 401
926 408
1154 412
1272 405
1757 436
447 408
879 409
1113 415
1096 413
1014 430
698 421
342 419
1240 417
518 419
857 420
85 421
674 423
1248 428
560 435
660 432
1233 430
443 431
1183 432
243 433
1164 435
492 440
950 439
1071 441
389 443
70 448
786 447
921 463
1203 457
1523 448
691 447
280 453
298 449
879 453
1229 453
466 457
720 453
1162 458
411 457
1351 464
1052 457
1246 458
999 491
1115 464
400 465
888 472
1240 467
853 473
952 482
773 476
1147 491
1484 483
1112 480
310 481
669 482
744 485
387 488
479 491
658 488
1302 504
724 491
892 506
1092 490
228 495
295 490
1187 492
683 500
848 514
559 508
704 503
337 510
440 509
1171 509
394 510
413 513
1208 512
112 513
305 515
1050 514
255 515
652 516
1772 534
44 521
406 521
725 519
919 520
1033 520
1076 531
1328 542
947 526
1285 521
1227 525
1004 539
1135 530
81 532
108 538
274 529
927 529
421 531
537 533
864 539
978 533
379 535
765 540
1247 534
886 535
288 539
504 546
703 539
836 553
918 545
1227 540
1451 544
901 554
442 549
1040 554
710 549
1101 549
376 558
127 558
656 562
869 572
957 557
1095 564
77 562
198 564
773 562
889 561
1833 574
309 573
405 568
542 574
982 579
1191 567
278 570
435 569
1250 576
225 574
815 572
148 572
846 576
1765 574
633 578
1151 577
1202 577
380 580
918 600
1215 580
502 584
455 591
719 590
839 584
1180 587
1212 601
1656 613
363 590
962 598
1025 595
674 598
1162 597
632 601
866 601
1389 609
1084 602
393 605
743 607
991 610
1048 606
1191 610
244 609
364 609
39 612
169 611
859 612
1454 632
202 612
1110 614
79 620
1729 628
1055 620
27 622
425 624
1101 622
621 625
815 629
872 637
1113 627
677 625
698 656
1079 648
485 629
332 628
1408 633
1166 632
957 634
1178 634
666 639
358 641
427 642
627 649
1055 643
906 644
763 651
893 651
104 653
235 661
539 658
857 657
885 659
1137 658
1163 661
1354 669
522 665
154 663
831 663
858 684
391 670
1630 696
637 672
782 672
932 671
1046 670
1112 669
317 670
414 674
806 680
358 673
601 677
620 676
975 675
1118 675
444 680
743 678
845 677
896 682
319 685
771 692
161 689
360 689
1510 704
738 692
997 693
903 694
1024 695
1757 700
244 697
1093 707
187 701
315 701
1018 701
1033 701
405 703
542 706
894 704
1173 711
1126 711
625 713
863 710
1061 710
519 716
799 728
1412 714
200 715
644 715
670 717
737 717
848 726
990 716
17 719
819 719
1761 727
250 720
318 721
410 722
242 726
506 726
1115 727
724 745
1083 728
36 731
636 734
663 730
434 736
972 746
594 739
501 747
1129 742
683 742
1112 744
92 747
153 745
1039 750
1118 749
662 755
468 751
823 752
1152 752
285 753
1240 760
564 758
1075 756
647 760
1092 760
1078 763
1745 794
77 767
322 772
435 767
736 773
492 767
1122 767
340 769
513 773
803 771
1047 774
194 773
613 795
835 775
1100 773
252 777
1636 790
820 778
1032 778
1089 785
904 780
1011 780
376 783
531 782
692 785
344 784
866 788
943 788
974 788
13 790
309 791
410 793
1515 807
71 794
1104 796
322 797
960 798
1394 813
352 802
745 802
1035 800
1071 808
304 803
1109 813
1349 804
634 807
672 817
922 807
892 813
302 816
1090 817
278 817
1451 824
716 824
746 823
521 825
617 824
966 823
880 826
1038 830
816 835
866 829
179 832
546 836
571 832
777 834
310 834
510 835
1005 832
1352 835
1072 839
641 848
788 839
60 841
898 853
972 852
332 843
564 846
273 850
1085 847
1043 914
1338 851
465 854
1052 853
767 855
1564 869
987 862
1330 859
323 859
354 862
682 870
1688 876
173 871
921 866
1239 870
459 867
309 868
1350 869
929 1114
824 870
1284 870
427 873
505 874
535 892
1483 878
875 875
929 874
915 875
493 882
1187 885
356 883
620 882
659 892
895 899
1791 905
224 892
468 894
388 894
113 898
617 897
375 899
916 900
1101 899
279 903
1361 903
1306 922
27 909
63 912
1108 912
630 910
921 910
1428 916
816 917
1344 918
327 940
532 920
805 921
996 920
501 926
1166 923
1356 922
149 928
679 928
1481 936
1552 938
182 934
572 934
882 935
113 937
348 937
819 939
45 942
381 942
422 943
1692 955
279 945
555 947
525 949
1340 957
587 948
249 952
956 959
510 954
614 956
569 959
686 958
530 962
1500 965
355 967
418 961
496 964
917 973
138 966
997 964
1272 966
1032 970
403 971
1090 969
1254 972
326 977
882 980
687 979
1009 982
274 984
483 981
596 985
1031 992
749 988
1298 987
653 989
619 991
1060 991
1313 993
178 993
1521 1005
1831 995
640 998
1066 998
431 1007
315 1007
1042 1014
686 1018
1664 1012
370 1017
956 1015
201 1015
329 1016
638 1015
839 1026
1279 1021
880 1024
313 1021
1017 1023
1497 1036
270 1027
575 1030
760 1029
503 1032
999 1032
331 1033
535 1033
822 1035
964 1036
1019 1052
595 1042
695 1039
628 1039
664 1046
1356 1056
327 1047
1838 1044
381 1053
634 1053
746 1050
490 1055
683 1052
867 1058
700 1060
414 1061
257 1067
728 1070
939 1070
1095 1068
295 1077
493 1070
685 1077
1261 1071
1424 1078
1568 1079
319 1071
403 1075
1489 1074
970 1080
1658 1087
209 1082
614 1091
1030 1087
1391 1093
1751 1085
98 1088
486 1095
953 1091
1442 1093
890 1095
302 1096
682 1097
855 1095
1243 1098
1308 1104
765 1102
1423 1105
554 1107
367 1105
502 1105
1284 1112
430 1109
770 1110
521 1112
1366 1115
1480 1119
480 1119
1806 1120
133 1123
1768 1122
364 1123
1546 1125
331 1127
420 1129
566 1137
523 1132
604 1133
1800 1129
1822 1130
315 1130
393 1132
1233 1134
1213 1133
500 1144
650 1144
1519 1154
798 1144
1188 1148
1804 1150
1358 1149
297 1150
589 1151
710 1150
615 1154
726 1153
244 1155
1734 1161
1275 1161
541 1163
1302 1164
1628 1163
1398 1165
340 1167
180 1174
488 1174
1363 1176
443 1187
703 1185
1820 1187
265 1193
356 1194
600 1195
660 1195
467 1201
1508 1201
1171 1201
545 1203
581 1214
1221 1205
1409 1206
449 1209
537 1207
1518 1208
1371 1211
256 1212
603 1211
1630 1212
1335 1220
1471 1222
346 1224
600 1224
1698 1225
