910 617
263 3
347 0
652 1
954 2
986 1
1009 1
1028 1
1164 4
1241 2
1289 18
1350 15
903 12
292 12
1267 7
116 20
834 30
1784 42
584 24
1463 78
538 31
1046 40
1426 31
493 41
1166 41
933 68
367 41
568 46
1013 49
1414 62
1134 53
418 64
895 54
1201 73
43 58
389 66
1329 64
544 75
465 71
1127 81
1092 76
511 75
1016 75
1070 71
851 88
1258 81
1285 121
1591 88
784 77
1033 83
1633 101
1765 86
886 93
1168 95
1671 103
901 93
1330 99
771 111
804 117
1051 106
416 125
957 106
1262 105
256 110
860 115
1204 111
452 118
1143 163
1147 118
1321 125
558 123
839 118
1105 124
110 127
931 125
1024 123
975 141
738 135
958 126
687 132
1230 145
510 138
830 136
1000 135
1056 133
1593 145
885 153
1048 141
1242 138
532 147
831 159
207 177
421 159
259 164
797 162
1726 165
591 166
341 162
905 173
1039 169
1177 164
1206 167
1086 168
951 172
538 183
568 173
673 176
430 188
814 177
1550 203
977 180
1075 183
475 183
501 188
978 194
1721 190
885 206
922 204
453 197
1181 210
863 197
942 245
1467 203
36 200
639 210
842 209
800 266
86 227
1304 220
849 229
296 227
689 233
833 226
1154 226
1309 247
1085 243
569 239
876 237
426 239
633 237
1026 253
60 253
494 251
601 256
185 253
203 253
848 254
866 257
1146 258
967 258
445 263
838 261
895 263
1044 268
1140 266
1243 270
313 271
579 270
910 272
952 271
468 274
876 271
1226 271
906 304
1156 283
1333 295
743 280
815 282
295 286
1008 284
1173 285
1449 294
960 290
1115 286
849 290
480 292
1195 292
1564 292
755 303
838 293
460 296
500 300
1278 296
413 303
731 305
830 302
862 315
1017 302
1074 312
984 308
1420 316
389 310
1150 313
130 320
967 317
1180 325
1577 318
1014 320
465 321
818 327
1214 324
1378 336
1119 328
1611 343
145 336
763 334
305 336
423 338
905 337
924 339
614 340
1071 338
534 346
771 342
745 346
977 348
1501 350
155 350
1160 347
1730 347
1187 349
1204 352
802 356
1127 351
719 360
259 356
557 361
778 368
887 361
508 368
832 380
1077 369
818 367
998 372
1172 370
1612 368
349 382
692 375
1029 393
762 373
1389 380
630 379
878 384
765 380
238 385
1175 387
719 389
1110 418
1235 394
931 399
988 403
1266 400
486 409
559 402
752 411
907 412
1045 416
455 409
613 413
884 414
940 433
465 420
1228 418
866 420
1148 444
1037 426
1408 446
1612 446
503 435
760 429
1085 428
198 433
410 430
1068 440
1734 457
252 440
474 438
873 440
1022 439
189 441
790 452
121 443
1660 453
855 465
1337 456
386 454
61 451
902 450
1048 464
1194 453
427 454
746 454
1780 459
452 465
609 468
942 467
1115 467
1267 479
1084 471
1659 502
1057 477
805 500
1826 491
635 483
751 481
997 481
1762 480
658 486
938 488
1459 492
1080 505
1574 516
1549 490
461 496
551 493
755 498
1174 502
932 507
394 501
472 507
497 506
970 510
1001 504
528 512
418 512
991 512
1015 511
438 514
1352 519
482 519
866 518
902 521
1110 541
1301 531
503 523
1195 534
1005 531
1131 525
138 528
968 546
1045 530
498 532
722 541
854 545
824 542
872 547
1075 543
915 548
571 551
895 772
1395 552
714 560
900 553
1460 560
343 555
1743 565
824 556
1222 559
674 565
748 562
1186 561
1314 565
353 564
841 566
1419 567
372 576
1473 576
455 576
1563 579
1803 606
772 580
804 582
217 585
666 588
1328 583
1281 591
880 587
913 586
1161 589
1540 596
903 597
1680 600
715 598
864 621
826 601
507 618
237 603
893 613
400 609
590 609
1343 617
427 611
1485 622
309 613
830 615
558 620
833 622
405 627
773 634
248 630
717 630
998 631
837 634
1722 641
689 637
1401 635
430 643
661 639
832 640
968 648
1322 645
350 644
1493 651
621 649
827 652
950 646
1805 653
665 661
1767 651
471 651
1446 660
886 654
982 663
1239 662
281 659
1028 659
1081 660
559 666
953 668
769 666
842 666
324 667
695 676
1385 672
1732 676
1307 674
716 678
386 678
1509 688
786 685
857 686
879 681
1003 686
1070 686
680 689
1444 693
1714 689
1773 707
1750 696
810 702
498 704
978 702
1179 698
312 702
445 703
543 701
578 702
427 705
932 709
1152 716
1676 716
920 714
787 716
969 718
1416 720
833 718
1482 720
347 720
437 720
1829 726
319 726
546 729
848 728
1238 732
374 727
704 728
1003 731
1262 739
994 736
885 741
1432 744
969 753
273 747
1459 750
487 749
652 750
1212 756
687 753
1713 753
450 755
523 756
1000 763
468 758
1799 762
426 763
1093 770
1514 769
1729 767
618 763
934 769
501 776
1392 775
1481 782
989 780
648 798
325 787
1084 790
1369 791
947 790
455 792
423 798
1785 801
597 800
1206 809
534 806
613 809
1372 813
1247 818
1759 816
1160 820
1419 836
1605 822
1666 821
1400 820
292 825
483 826
665 826
1491 825
64 833
1838 833
1127 834
674 833
1502 848
705 838
728 838
628 841
436 841
708 845
1673 850
690 851
724 850
613 855
659 857
1200 857
716 857
368 864
1056 875
587 867
686 871
1526 870
808 871
1234 871
630 873
885 885
1330 879
976 877
1356 886
504 883
316 891
680 901
1405 898
394 892
1682 894
859 896
1605 898
1149 904
1174 899
845 900
663 901
826 905
704 908
1106 912
1241 911
1221 911
482 914
725 913
1261 913
371 912
675 913
640 921
775 919
277 922
352 922
1026 921
1124 924
1649 925
733 931
1550 933
1169 931
1199 935
661 936
1396 935
422 937
848 943
1163 938
1219 937
1421 941
667 940
829 944
356 944
874 944
1610 946
715 945
1364 957
1731 946
495 951
1122 950
1437 951
614 953
800 954
1773 953
577 956
677 955
1418 957
1465 958
1006 963
1131 959
1217 964
835 964
709 969
1251 974
1070 973
750 973
1494 973
537 976
1606 983
1296 979
925 981
940 982
1118 979
1371 984
759 984
999 985
644 987
697 990
542 990
656 991
801 990
1433 993
1105 993
1163 994
1068 997
748 1005
710 1002
1078 1002
1146 1004
1396 1024
1177 1007
1236 1017
653 1007
1099 1012
1259 1015
446 1013
828 1016
1077 1026
1213 1020
972 1021
1332 1029
472 1027
1059 1028
649 1027
1149 1027
1183 1033
1435 1029
1467 1029
816 1035
848 1038
1537 1042
874 1046
894 1050
1060 1051
1320 1047
727 1054
535 1055
654 1053
848 1053
1094 1054
1236 1056
953 1062
1366 1059
1284 1064
666 1063
841 1062
1180 1064
1381 1064
1428 1063
1471 1068
1153 1067
1257 1068
1332 1066
1558 1073
1404 1072
549 1072
801 1072
1174 1075
539 1079
708 1080
1306 1079
1479 1078
967 1081
1454 1083
1206 1081
1264 1087
1055 1086
1123 1112
1170 1088
1214 1087
1237 1098
1467 1090
326 1089
978 1090
1227 1091
1359 1090
783 1092
566 1094
1141 1096
1185 1110
1284 1094
793 1100
825 1106
769 1107
1818 1102
839 1104
886 1110
985 1105
1255 1105
1415 1108
671 1109
912 1111
971 1114
859 1115
1027 1119
1095 1117
1654 1116
804 1118
1496 1120
1211 1122
928 1125
1059 1125
706 1126
1022 1148
1159 1127
1283 1126
823 1128
1220 1135
489 1132
1079 1132
1194 1132
778 1137
861 1134
1111 1134
1149 1132
1362 1135
831 1134
905 1135
620 1139
1102 1148
1157 1142
1262 1138
1509 1140
1241 1147
1294 1144
1400 1146
629 1147
969 1144
1334 1148
464 1150
827 1147
900 1150
690 1154
835 1152
1370 1153
874 1157
1157 1160
855 1163
938 1159
967 1159
1062 1159
1816 1159
505 1162
1129 1172
590 1161
568 1174
1598 1163
873 1171
828 1167
1029 1180
1109 1166
896 1171
1666 1169
996 1172
1068 1173
1550 1171
1213 1174
1294 1175
637 1175
918 1174
996 1185
1188 1181
9 1179
1258 1186
886 1185
1081 1189
1143 1183
814 1189
849 1191
1168 1190
635 1194
1217 1194
727 1195
951 1197
600 1199
877 1203
376 1206
967 1205
1053 1201
1441 1203
1195 1207
824 1207
1173 1208
1564 1211
793 1213
864 1220
998 1215
1558 1214
832 1220
916 1225
845 1225
1168 1225
959 1226
1056 1226
1467 1226
938 1227
