918 623
9 4
127 28
258 3
390 23
702 1
803 7
850 14
918 16
993 1
1013 7
1168 31
1217 17
1703 17
213 21
727 23
1262 12
282 43
1070 23
985 23
1356 28
1321 26
460 62
682 34
963 30
1024 37
822 62
878 34
1196 37
1099 41
1000 51
1459 71
1100 56
943 87
1245 67
1329 67
1129 79
41 85
1827 87
611 82
367 95
1339 83
1673 74
416 87
1369 86
566 88
1024 96
713 104
858 102
1055 98
1627 128
1190 99
1234 102
799 105
626 120
770 115
1149 108
1 121
809 147
1308 130
252 129
1242 121
840 121
1077 121
1021 121
1812 127
315 132
551 130
941 132
1161 136
372 150
1343 151
1262 142
473 162
979 148
954 166
2 167
1090 173
330 182
1034 174
1532 188
412 192
629 171
1684 193
1002 175
780 174
1133 200
1836 176
691 194
859 203
977 191
226 211
1244 194
790 219
1059 220
285 204
1273 197
1211 199
754 204
1180 203
1434 233
1252 226
140 229
958 225
63 231
1403 227
1192 228
816 234
647 244
10 237
1208 240
1276 239
459 247
1301 244
919 254
306 256
1321 259
1000 266
1160 259
1272 260
948 264
220 320
594 264
1209 268
28 288
123 271
937 283
107 274
660 279
1134 275
859 278
1015 279
1169 282
740 285
818 281
1083 283
1252 285
1198 294
1678 292
674 298
1265 296
415 306
1161 297
604 312
1062 306
468 333
1217 309
700 316
960 316
59 326
929 333
1044 313
1542 337
1086 322
1332 320
1741 345
1690 329
338 336
1300 349
1650 393
904 335
976 335
1089 344
1200 339
805 363
969 338
597 350
902 353
1832 350
1190 345
1227 349
1015 357
669 359
1335 370
1037 357
884 374
980 361
1108 363
412 384
944 380
222 370
141 375
1057 374
307 382
571 377
1069 380
224 398
1387 396
653 388
987 385
1013 391
1118 397
1069 394
1453 410
635 406
802 402
972 406
718 405
923 404
510 415
310 427
741 410
1176 407
254 416
1493 449
1147 412
763 415
1132 413
1189 424
1243 424
785 441
1159 430
171 436
845 439
398 451
547 441
972 435
953 467
1119 442
1716 451
595 452
1151 448
1182 462
1564 468
1002 459
458 474
514 459
1760 464
1045 479
362 470
173 475
819 476
1665 474
11 490
1114 479
905 496
230 488
1664 497
1291 503
589 496
97 502
868 495
647 503
1006 500
1541 501
853 508
1009 509
1184 509
470 525
593 523
669 537
1095 519
1352 535
935 520
1054 547
217 547
282 531
422 527
1133 532
1626 544
438 544
884 535
391 542
978 538
1215 537
1003 539
1172 547
759 556
125 562
1082 549
593 556
1010 551
73 560
1024 562
666 564
794 563
1135 562
1179 566
1477 577
419 577
873 574
810 573
327 580
585 584
1559 576
937 574
944 616
1396 588
788 580
723 583
787 603
1155 585
895 598
828 589
1609 616
936 594
682 602
300 600
629 604
1197 612
531 615
1041 606
1113 607
284 612
318 615
735 622
836 612
1078 612
867 616
1230 619
822 617
1549 619
353 634
612 631
851 634
1095 630
896 638
996 633
1482 635
1551 651
1042 650
374 649
406 644
17 655
1222 652
234 661
984 677
136 671
669 665
860 656
1007 666
453 676
728 683
1116 677
1162 676
568 681
526 692
894 685
951 680
335 700
1641 689
1094 684
377 688
649 695
935 686
1068 690
1597 685
408 696
1048 692
1466 712
906 698
750 704
871 702
234 710
107 710
889 709
1024 707
488 714
836 709
920 711
804 743
818 713
849 713
975 716
1086 714
1000 724
423 722
462 724
609 727
1027 721
301 723
904 725
503 735
1178 733
697 735
961 737
1043 735
870 739
906 744
221 743
185 746
856 748
1051 749
206 751
684 751
1021 756
526 755
1 757
664 756
936 757
720 763
757 759
417 766
375 768
901 767
833 765
849 766
1513 764
865 909
660 770
334 773
433 778
647 774
1118 775
1592 788
230 784
676 781
834 781
926 781
948 784
453 787
472 789
506 792
786 793
410 788
1516 821
578 798
595 795
694 796
886 796
214 808
310 801
361 801
810 796
1354 812
848 808
892 804
1215 823
1269 815
246 806
971 805
813 809
960 808
422 815
981 817
399 817
564 817
919 816
870 821
905 819
1594 822
315 829
497 829
664 824
1430 827
988 833
351 841
636 838
390 844
835 845
1451 856
582 857
310 860
983 851
206 860
274 860
831 859
1073 867
1554 871
828 862
780 873
364 875
1345 874
1811 889
857 879
386 891
625 886
96 885
122 884
842 885
277 891
1386 892
663 900
299 894
424 900
1162 908
1426 906
639 900
1251 904
107 909
536 910
152 917
859 917
357 914
651 914
1362 921
1776 916
1094 923
1326 932
339 929
1805 943
435 926
1642 930
369 933
1106 938
617 941
1052 937
521 938
385 947
1166 951
1011 947
481 950
653 947
236 953
586 959
1632 959
1056 960
1103 969
1390 966
508 965
675 969
354 976
1332 980
1808 993
1021 974
653 984
375 986
346 987
518 987
97 991
1411 988
302 997
261 1009
580 1007
772 999
987 1017
1078 1004
1398 1002
1507 1012
428 1009
333 1011
296 1015
652 1016
783 1016
495 1017
757 1026
681 1020
644 1021
720 1023
1329 1021
1823 1021
702 1026
68 1033
181 1027
199 1028
526 1030
676 1029
1419 1039
1023 1040
171 1048
893 1051
333 1055
658 1058
1772 1058
590 1057
971 1060
1571 1061
1675 1062
533 1067
684 1070
1183 1071
342 1073
408 1072
1061 1079
1232 1081
357 1083
561 1081
804 1080
760 1081
391 1086
612 1091
596 1100
285 1107
1242 1110
7 1107
191 1111
431 1115
322 1117
106 1118
614 1118
709 1117
375 1125
814 1132
526 1140
986 1147
990 1153
132 1158
442 1167
1424 1162
855 1160
1268 1166
420 1169
731 1170
126 1172
372 1171
1180 1180
239 1183
1082 1183
639 1183
280 1186
365 1201
1182 1204
1565 1225
259 1225
455 1225
1081 1226
