909 615
652 8
881 3
1022 6
1128 28
1235 6
1334 5
1379 3
1411 8
1484 14
1711 22
1102 12
1288 34
993 16
1282 15
823 24
1094 29
1752 37
1354 34
1180 35
288 46
1087 43
419 43
1247 43
1370 65
640 63
716 47
1251 52
745 60
967 58
1038 55
1187 60
1312 69
200 66
427 64
1012 63
1049 67
1094 71
1336 71
438 75
1287 71
461 82
929 78
1260 82
586 88
1142 90
1788 116
562 93
1300 89
1181 92
1031 91
1666 93
1673 115
681 107
647 106
1315 104
1097 108
1331 102
1624 103
1719 107
926 110
1170 107
1618 107
395 131
1116 117
1347 115
1074 123
1268 142
1633 123
499 129
940 154
1198 128
1440 134
987 134
1730 159
1830 150
724 135
1053 138
1124 159
448 137
1240 139
464 146
662 141
860 147
1395 146
614 150
1696 151
501 156
1021 148
548 150
1496 162
1028 158
1166 160
1216 158
885 164
1302 166
565 177
212 175
1038 172
1210 172
1260 170
1322 174
720 179
1012 183
1573 173
1778 184
441 175
666 181
1373 179
310 180
1291 181
1689 184
842 189
1259 186
1174 198
1039 193
1482 196
1280 195
1805 197
393 214
656 215
320 202
459 202
1211 200
1223 200
1615 215
1567 202
1319 206
978 216
1312 214
1524 225
929 220
1831 218
751 224
1718 222
454 224
1261 231
606 225
632 232
968 227
1765 232
1063 243
1160 235
1240 229
1337 240
1692 233
98 239
1175 274
683 240
1734 238
951 243
1605 244
706 249
1604 289
979 258
1245 247
1468 261
899 254
1549 252
1792 253
1710 252
1768 254
1686 255
1745 253
435 260
833 257
1107 274
1562 259
1268 262
1597 258
1344 262
306 269
562 264
1312 266
1663 265
683 274
1498 267
1703 291
1814 289
1029 270
1136 267
1358 271
1761 275
1273 276
1246 272
274 282
1053 292
1215 279
498 288
949 287
1297 281
1334 293
610 288
628 293
1388 289
1234 290
443 295
783 288
1290 287
1640 324
1675 287
1281 292
679 303
1768 299
1799 299
658 307
1293 301
558 306
738 313
888 304
373 330
1746 305
332 332
845 309
1031 309
1157 314
1837 311
195 320
1758 330
876 317
1131 314
1210 316
1224 315
1741 312
936 320
974 330
1289 323
1373 320
1011 316
1057 321
1328 321
1347 333
754 323
1007 327
1686 342
1040 344
1824 332
1268 334
875 335
674 357
1117 345
1156 338
1253 336
942 339
1239 341
1092 351
889 348
933 352
1171 349
1247 350
946 352
1709 357
416 367
1154 360
1000 364
1264 369
705 371
1306 369
773 371
905 390
1020 377
1135 378
1606 370
946 383
444 379
1286 374
637 383
1222 383
403 381
1583 381
1622 380
976 386
1530 380
1675 390
876 388
1057 391
515 392
1160 388
1082 400
1110 395
1195 395
469 401
1269 396
1228 404
728 413
1019 412
1296 404
1496 401
1179 406
1439 403
1345 404
366 418
1121 421
1160 422
1321 411
1338 414
451 415
867 419
1251 434
1203 426
609 426
823 426
966 429
376 433
471 435
1021 442
1064 444
851 441
1628 437
1695 441
649 443
1003 439
971 439
1350 438
1655 447
406 451
982 453
617 475
1208 452
922 456
1120 455
708 458
491 463
1148 455
1310 454
1580 467
880 464
1013 465
1385 473
638 465
1183 462
441 463
524 464
1110 468
1652 471
1363 468
395 475
1266 470
1429 468
684 472
1200 473
1234 480
445 475
593 484
1082 486
1133 473
1032 476
1166 477
1149 480
1212 481
904 485
1050 482
1346 491
861 491
1021 485
423 500
536 496
1159 488
1129 490
1249 489
920 494
1532 510
886 496
974 494
1410 496
1054 498
1174 502
1201 495
1262 496
1313 505
1586 506
1219 500
1242 503
1668 510
640 510
1052 536
1460 526
268 513
902 515
155 511
971 516
1140 511
1354 510
375 512
341 514
514 518
890 514
1215 521
448 518
620 525
1341 525
912 529
1116 524
1180 525
1157 532
190 526
455 531
1195 529
1265 535
1681 530
153 532
264 551
414 544
940 562
832 538
1318 538
1338 536
1133 542
1221 544
386 543
1116 541
291 549
657 547
869 549
680 553
1541 554
605 556
1121 563
204 555
350 555
1154 550
1321 554
576 559
1097 562
1294 560
382 562
233 561
817 564
441 565
523 567
1654 575
1297 576
1023 572
1037 573
1217 573
994 574
1184 574
1397 586
215 581
240 576
624 581
659 578
601 585
93 579
1736 584
700 585
1774 592
774 587
1070 601
1250 590
184 585
1171 586
843 587
51 589
111 589
472 592
533 594
557 591
383 592
1201 595
1577 607
1152 595
1182 606
1229 606
1359 594
1119 597
569 601
232 602
375 603
800 604
1128 603
238 605
953 607
1533 604
344 610
896 609
977 609
1734 615
87 611
1310 611
1436 617
226 615
640 620
1114 611
254 615
1095 614
1013 628
1165 618
351 622
568 621
842 622
1105 619
1276 630
592 632
883 623
1209 623
1039 630
1127 631
825 624
1309 631
1172 628
1149 634
777 635
890 633
969 639
1838 637
345 634
362 637
668 637
697 637
866 637
1233 634
1197 652
1553 637
121 639
926 640
906 643
1064 654
1153 643
239 647
1260 648
1600 646
1112 647
825 650
197 654
1312 651
1524 653
1568 651
51 657
420 653
704 653
807 655
1177 660
492 666
679 658
997 656
1212 656
1471 666
1535 656
697 657
1552 657
760 662
400 670
939 667
955 662
437 666
623 670
1106 675
1737 670
363 674
689 676
892 673
1304 670
1227 682
1250 680
1279 679
1837 673
329 692
638 679
1162 676
1382 690
861 677
1142 677
963 686
1181 679
1416 680
1128 685
618 698
1343 687
841 686
594 693
1039 692
1736 701
710 688
1013 695
936 817
778 691
1118 691
1180 691
31 693
942 700
361 699
718 697
916 699
1557 707
662 704
868 704
1620 709
1168 707
501 711
814 710
1189 710
1290 711
972 713
1137 717
1154 712
1243 722
419 713
450 715
1008 721
1227 713
389 718
910 718
950 720
931 717
1491 719
826 720
989 723
1205 722
356 723
574 726
666 724
435 725
739 724
927 724
1318 723
1533 726
647 729
1354 726
1177 730
143 733
847 729
1126 731
1264 743
711 736
890 731
1215 744
1309 731
193 736
1468 740
1813 742
329 742
1333 748
1399 739
511 743
821 743
844 742
1313 740
1559 746
1155 745
1190 749
1524 750
456 746
1485 753
1683 756
396 752
418 752
1306 752
348 755
894 753
248 756
1143 755
1168 759
1266 764
1314 758
650 761
837 762
1234 759
366 765
1747 768
1 763
989 765
938 769
519 776
1234 780
1302 771
1343 770
669 778
1194 773
344 773
1164 780
1590 774
1706 784
80 775
326 777
630 777
1039 793
1485 779
353 781
646 784
1004 785
166 787
607 787
1784 785
202 789
1504 786
577 797
664 791
1204 789
1550 788
925 794
1271 798
1637 797
262 799
674 795
943 805
1191 798
51 799
762 802
968 809
1245 802
1298 803
1319 802
1358 803
1016 806
111 805
403 810
420 809
484 805
650 813
1604 806
708 806
511 812
1306 821
326 815
215 818
231 821
338 816
410 820
982 822
251 821
590 826
1166 820
1470 824
1577 821
1422 830
126 825
758 828
623 828
1735 827
1242 840
350 830
1150 830
1836 836
293 833
541 835
658 845
1127 841
426 836
185 840
403 842
1442 837
1160 839
1703 846
314 846
558 841
1519 841
248 846
351 847
1216 845
362 872
1397 852
1487 849
1419 853
1086 854
1110 854
1836 859
496 864
610 860
1056 861
1406 860
581 872
1539 863
1036 867
1129 867
1240 868
1468 873
321 875
431 876
1583 872
345 873
741 873
1138 872
1246 872
519 877
1062 880
1089 885
1433 880
1208 880
1287 881
541 881
210 889
1031 887
1132 883
1513 895
481 887
1148 888
1285 887
746 890
792 890
1313 889
374 893
766 893
1443 897
1810 897
1835 900
633 899
1612 895
1777 899
443 910
520 897
1408 912
1654 900
1121 899
1239 900
408 902
957 903
999 921
322 906
360 910
558 906
1026 908
1486 909
330 911
733 910
936 913
1195 910
1388 910
475 911
1253 912
285 913
1342 912
1660 930
1 915
1119 914
1427 919
527 918
621 920
1184 917
1636 918
913 920
952 920
1049 925
1104 924
1143 920
1212 920
1830 936
371 923
801 923
853 921
305 929
565 926
1700 923
871 926
1264 934
361 934
1114 929
1164 931
2 928
37 930
394 928
606 932
787 930
576 931
1206 938
1532 931
1318 939
828 935
551 942
897 938
1291 950
1624 940
249 941
419 942
322 944
600 944
822 948
1232 951
1692 945
402 953
868 953
996 955
1586 951
927 953
1070 956
1119 957
1051 957
1362 960
221 960
802 959
858 959
904 957
1399 961
1600 962
620 967
836 959
465 962
1319 961
264 963
557 979
1109 966
1166 964
744 969
1440 978
490 972
784 969
808 969
829 970
968 970
1048 969
1187 969
428 971
533 971
886 972
346 972
1070 978
1380 979
1250 984
158 976
909 979
1040 979
63 979
1277 980
460 982
815 983
1461 983
595 983
903 984
1187 985
919 986
1676 997
350 990
1817 994
2 990
945 1001
1416 995
372 993
986 994
1521 997
1612 1001
612 999
667 997
780 1000
1184 1001
320 1003
297 1002
591 1002
1790 1006
467 1003
608 1006
640 1007
95 1008
408 1008
547 1017
1312 1008
192 1013
355 1011
813 1015
1838 1014
1819 1015
233 1018
1000 1020
1492 1026
275 1018
464 1023
838 1017
941 1018
42 1018
660 1021
1180 1023
1385 1027
406 1021
1079 1023
1133 1022
609 1025
755 1026
176 1027
1245 1025
1421 1031
349 1026
580 1037
638 1031
1213 1034
1727 1034
921 1034
1094 1031
935 1045
1118 1035
1295 1042
547 1036
998 1039
188 1041
407 1039
476 1039
1607 1038
1767 1041
607 1047
833 1049
1222 1047
1389 1056
340 1047
359 1051
724 1047
543 1050
664 1050
1001 1053
1733 1056
1807 1059
1071 1053
528 1055
386 1057
737 1056
781 1058
1242 1064
1036 1059
1090 1063
198 1061
346 1061
885 1065
1211 1061
1483 1063
1682 1062
361 1065
588 1064
608 1065
709 1072
1127 1063
1156 1067
466 1068
526 1066
1302 1073
35 1069
975 1071
1102 1067
147 1068
165 1070
579 1073
929 1073
1013 1072
1557 1072
219 1072
520 1072
596 1071
1025 1073
1192 1072
1492 1073
612 1074
875 1074
1228 1073
1351 1076
1761 1074
316 1074
551 1079
913 1082
1371 1075
729 1079
1388 1078
266 1079
449 1085
1483 1081
208 1086
292 1084
319 1095
1018 1087
1200 1091
480 1090
856 1088
1659 1097
399 1090
547 1092
926 1091
123 1095
613 1094
1409 1096
239 1095
693 1102
2 1096
598 1099
1139 1099
1236 1101
413 1107
962 1100
639 1110
1364 1106
1438 1105
296 1107
342 1107
1016 1106
1213 1109
1246 1106
1619 1106
1574 1109
869 1112
14 1111
349 1116
1743 1114
254 1117
602 1121
740 1115
1126 1118
303 1117
327 1117
844 1121
1098 1115
1722 1126
7 1118
380 1118
551 1130
728 1128
818 1133
1320 1123
215 1126
1032 1127
1341 1124
1451 1128
442 1127
59 1133
362 1135
428 1128
649 1129
973 1132
318 1128
489 1132
580 1130
1138 1129
1160 1132
1829 1136
798 1133
1377 1139
615 1144
918 1140
1338 1144
429 1144
216 1149
1128 1145
542 1156
154 1149
368 1146
491 1149
522 1155
580 1148
1449 1153
564 1152
755 1156
594 1153
807 1156
1696 1156
236 1157
658 1157
733 1159
1474 1164
1559 1160
946 1161
42 1161
576 1163
787 1161
1088 1163
1377 1165
830 1173
930 1165
1147 1167
285 1166
339 1166
462 1164
505 1165
493 1174
664 1175
184 1169
216 1171
438 1188
573 1179
1420 1173
1606 1174
705 1173
1319 1172
792 1178
900 1183
1198 1181
1735 1190
29 1177
758 1178
60 1181
358 1188
779 1182
1344 1201
739 1183
1064 1181
1389 1186
120 1185
606 1186
1287 1188
1633 1191
688 1188
787 1187
1490 1190
1533 1188
553 1191
695 1191
1055 1192
1225 1195
1476 1193
1238 1193
1820 1197
566 1198
588 1196
268 1202
624 1198
836 1199
873 1203
895 1199
143 1203
322 1205
470 1212
1148 1202
993 1206
235 1207
664 1213
860 1208
912 1206
691 1207
721 1213
1245 1210
1517 1209
1542 1208
1723 1207
150 1209
396 1210
588 1214
1074 1211
1103 1210
1465 1209
193 1212
506 1211
1506 1214
1769 1217
554 1213
822 1215
1471 1213
1701 1213
1812 1218
287 1217
1068 1217
1230 1216
1653 1217
1710 1223
525 1223
1370 1220
1633 1224
559 1225
1584 1225
1692 1224
279 1225
431 1226
675 1226
911 1226
987 1225
1018 1225
1143 1226
1387 1226
