924 620
78 13
231 4
319 2
561 27
709 67
768 2
822 6
842 0
985 6
1018 6
1070 20
1170 40
1222 5
1258 110
1317 6
1390 0
1454 0
1500 4
1664 5
740 11
269 18
663 19
926 13
1577 22
870 17
1349 28
422 40
801 24
1135 34
1540 29
1480 75
1784 37
140 57
614 36
765 32
953 35
219 73
835 40
935 77
978 45
1006 41
863 44
1201 43
488 50
1592 48
242 54
810 52
1515 59
1652 62
1053 63
1437 68
755 67
1112 62
824 68
873 74
988 68
1407 83
1333 69
1362 86
556 79
1212 80
998 78
347 89
475 83
797 79
1178 79
849 84
1040 87
1578 92
92 91
1008 88
1678 110
1807 88
609 108
909 95
974 96
1069 94
890 94
195 105
1640 112
1782 114
1835 104
1033 127
286 123
664 118
699 114
483 122
777 125
971 127
339 139
892 119
934 142
747 128
1064 139
999 137
1535 134
1591 158
447 139
838 135
1420 149
151 139
720 142
375 144
1719 152
108 162
206 158
1099 155
1681 159
661 157
611 161
848 157
890 156
780 164
1050 160
980 162
1025 162
964 166
176 175
1012 167
1506 174
501 177
833 172
1072 172
535 179
682 177
797 177
1112 179
1619 178
1041 195
1476 194
248 184
290 196
759 181
957 183
976 188
1303 199
604 193
1239 200
732 191
1188 212
1757 200
87 224
196 198
561 195
876 207
1129 197
1703 213
856 197
1323 198
962 201
989 202
643 210
1556 211
439 213
900 208
1001 206
1630 222
126 228
794 211
831 221
1118 212
1025 213
777 214
1075 219
221 218
748 224
1150 220
1407 221
526 233
994 221
176 232
674 231
771 224
899 227
374 241
1366 226
1538 231
1006 227
1023 230
1111 227
1311 235
1098 233
1251 239
976 235
1443 239
1663 243
868 237
602 235
439 247
724 257
916 241
948 243
1039 243
849 250
1022 272
1392 253
1214 252
512 259
748 258
894 261
1482 255
1309 258
951 269
969 260
1627 266
1536 266
1046 262
1085 268
778 273
797 268
1224 269
823 273
996 270
342 278
638 277
1438 289
584 279
1146 284
736 284
1065 303
1340 283
1583 298
790 286
935 289
991 289
699 296
970 292
800 299
1276 297
505 312
613 313
859 299
899 299
875 300
958 306
841 312
540 307
898 320
1295 310
1551 317
994 310
450 315
479 319
1041 316
96 322
984 321
680 323
937 331
581 349
1623 335
977 329
74 332
346 338
663 345
1000 361
791 342
738 341
1033 343
1461 351
114 359
1353 342
1162 348
1786 343
162 350
216 359
719 349
1525 371
865 353
1277 363
967 356
1111 358
1687 362
742 369
712 362
1410 365
613 364
261 367
812 366
842 411
920 367
1364 370
75 383
1013 409
378 378
1653 381
770 372
819 375
937 380
974 382
293 385
525 382
1336 381
959 381
1081 388
1310 383
444 390
710 396
906 382
1476 386
0 392
671 387
1130 390
1295 387
1382 404
228 400
903 392
160 399
1060 426
915 398
794 396
943 401
106 405
415 408
612 408
971 401
1689 412
370 407
1603 412
193 406
770 427
458 414
666 411
1032 413
1110 415
930 421
1 420
445 426
588 430
964 432
1357 434
545 444
1193 429
247 434
1093 434
1165 434
978 429
69 445
220 431
272 438
730 435
346 448
1037 439
1432 441
108 439
703 438
1630 442
808 439
295 453
229 449
869 448
954 444
328 455
1515 464
1326 463
961 476
1486 459
983 457
1038 466
772 467
1399 472
1433 464
90 469
504 468
434 468
693 468
863 486
893 466
991 464
1018 467
1662 466
816 479
1114 471
668 472
1004 477
785 487
1028 479
711 485
1489 489
974 486
1297 487
1061 491
1566 496
564 494
753 497
907 489
140 497
456 502
504 501
729 493
845 493
927 493
1143 493
1596 494
971 493
592 503
819 503
1017 496
949 500
1029 501
893 502
998 507
1066 506
124 509
690 509
954 512
1198 517
979 510
303 515
1078 516
887 517
1394 524
534 523
582 520
810 519
853 519
286 524
721 523
803 527
981 558
1295 530
1326 528
739 529
1133 527
45 543
243 536
867 535
829 537
1007 533
1059 534
1467 538
851 537
946 557
1620 543
617 546
485 553
878 544
1549 544
796 544
555 550
744 547
1285 549
1039 551
1260 569
1346 554
665 564
775 554
1398 562
1473 557
758 556
811 557
896 585
962 557
711 573
433 563
1118 559
585 563
765 565
1520 568
798 566
1010 570
347 575
779 576
1354 581
822 576
550 592
1032 578
1329 582
1040 584
177 588
499 592
641 591
805 595
1467 593
483 595
981 591
996 593
588 597
765 598
1344 597
989 600
1106 600
1564 603
1428 606
132 606
882 603
1303 610
867 606
1001 631
970 608
795 611
697 619
923 613
579 617
1281 613
1545 618
545 621
489 624
1077 629
776 624
918 624
1142 637
978 625
1462 635
634 629
859 636
942 629
1385 634
238 633
270 642
1049 632
334 636
839 635
898 633
930 634
1322 638
797 638
1163 635
549 643
978 657
1105 640
211 649
817 646
161 650
947 646
685 655
1521 652
1561 652
716 650
1284 662
388 655
869 652
952 651
509 656
667 653
831 656
938 659
1025 656
1658 656
649 657
706 659
1042 664
910 662
1467 661
602 665
805 663
858 664
1196 677
911 681
957 700
1654 670
763 675
811 676
838 675
1471 679
609 677
1075 682
1555 678
191 686
236 688
486 687
1527 687
851 686
1590 690
814 688
932 689
729 701
793 690
1330 690
137 700
518 696
1179 693
1544 697
1 703
467 717
1264 696
826 699
927 700
1460 699
1301 702
415 703
449 707
901 711
1367 705
581 709
1096 707
503 709
816 708
1410 711
357 711
762 712
838 715
891 716
1103 714
1273 713
872 904
1188 718
1386 719
1519 720
536 726
333 720
665 719
1327 723
1350 721
697 724
1020 727
788 728
363 732
853 746
400 735
752 737
943 735
1279 735
706 738
736 753
1673 745
142 742
191 748
236 743
917 781
341 747
764 743
962 748
1354 747
1445 751
466 747
536 748
793 747
814 746
573 749
778 747
1539 750
8 757
449 755
694 761
904 753
1306 756
1200 762
1018 760
279 762
1360 775
1572 768
786 775
950 767
1158 782
679 776
843 771
1403 773
502 773
769 775
610 784
64 792
1061 783
142 792
639 782
878 784
1092 787
484 786
867 785
1408 786
550 791
1492 793
297 790
808 791
713 792
847 794
520 799
638 798
771 804
208 805
337 800
1294 800
663 800
828 801
1554 805
694 818
794 804
858 802
963 804
600 808
292 806
329 809
849 817
1236 809
1256 807
1383 809
1526 806
764 820
813 809
1314 818
803 816
1244 814
1508 818
947 824
571 826
1545 821
1293 831
1421 822
9 827
181 839
538 824
1347 830
1626 823
350 829
470 829
1652 825
924 842
504 831
1092 831
527 833
809 836
273 836
735 845
782 836
758 837
1835 840
858 848
1255 848
895 847
1370 842
1137 844
833 848
1658 852
767 862
790 850
1070 849
1532 851
289 855
1317 853
423 855
713 859
372 856
545 861
785 856
1307 860
1504 860
1524 861
18 865
1423 865
850 872
905 870
1381 867
1068 868
1540 872
1360 876
329 876
777 875
811 878
1307 885
1468 878
585 878
534 883
1097 882
1386 886
1351 892
469 891
1081 890
1217 894
1476 894
160 893
28 894
431 898
1066 896
573 898
1314 898
1647 902
330 900
370 901
502 904
1584 903
172 906
1042 902
1384 903
352 905
402 903
1320 904
287 910
1398 911
459 913
577 916
1068 909
1627 909
1271 914
1613 915
1289 915
271 918
517 924
1300 925
211 927
906 925
323 923
365 923
1139 934
1210 924
487 928
1520 930
1630 925
418 929
538 936
1433 928
268 936
354 932
1479 935
1284 944
1189 942
426 941
569 945
1120 941
19 943
1053 945
226 958
614 947
139 949
519 952
176 963
541 958
267 956
1476 961
444 959
715 961
1227 962
1297 964
1433 962
261 961
375 963
638 967
737 970
1073 968
1512 971
693 968
477 969
1284 971
1546 970
321 974
571 973
1027 972
1330 973
339 973
379 984
1306 975
296 980
598 984
498 983
620 979
771 977
462 988
544 983
1158 983
698 981
201 993
1532 996
817 988
1096 988
1115 994
1258 988
1322 992
311 991
485 993
550 992
708 994
1346 993
1302 997
1482 998
350 999
406 1000
1079 997
1437 999
1668 998
540 1003
654 1006
795 1002
1500 1000
2 1009
462 1013
598 1006
720 1004
395 1026
489 1006
1016 1010
112 1012
1321 1015
216 1023
499 1017
809 1014
1202 1018
1339 1025
1468 1020
1493 1015
263 1019
330 1018
1374 1019
409 1019
524 1034
708 1019
1035 1019
1805 1020
449 1024
356 1028
417 1025
739 1024
764 1023
828 1024
1275 1027
1544 1027
1827 1024
977 1029
1488 1029
1633 1026
0 1031
155 1039
301 1034
719 1033
1535 1032
1647 1033
263 1045
732 1033
1205 1038
1292 1037
1615 1036
203 1041
1174 1036
585 1043
331 1042
549 1042
1255 1044
443 1042
480 1045
1313 1045
1433 1051
1464 1046
21 1046
1418 1047
79 1062
363 1054
971 1066
1355 1048
783 1050
1365 1056
287 1057
541 1061
824 1057
939 1052
1742 1052
63 1053
215 1054
1572 1053
406 1054
893 1058
465 1062
570 1059
112 1061
396 1060
507 1060
604 1059
1018 1059
1398 1060
149 1069
653 1063
1171 1062
302 1071
588 1065
946 1063
1075 1069
1286 1063
1339 1066
1191 1074
1459 1067
404 1069
734 1071
783 1071
1098 1076
1243 1072
524 1079
489 1081
1259 1083
1350 1080
1603 1078
375 1077
670 1087
1237 1090
1445 1078
1532 1077
655 1080
1151 1080
1422 1085
558 1092
929 1098
1006 1085
1173 1084
1371 1086
229 1083
711 1087
763 1084
1277 1084
1318 1099
254 1086
819 1085
431 1088
1396 1090
1475 1089
307 1092
361 1093
380 1090
1066 1092
68 1094
99 1097
196 1091
415 1091
974 1093
1495 1095
595 1095
740 1093
228 1096
461 1097
816 1098
512 1112
534 1101
616 1100
1140 1099
1288 1103
1660 1102
324 1103
452 1104
781 1108
893 1105
1432 1105
74 1110
160 1107
568 1129
708 1107
1384 1107
441 1116
852 1111
1229 1109
277 1114
988 1112
1109 1110
945 1119
966 1115
1208 1114
725 1121
914 1119
1398 1117
98 1122
497 1118
122 1119
232 1119
260 1121
395 1121
604 1119
629 1124
305 1125
805 1124
1048 1125
1253 1124
487 1127
1009 1127
1360 1127
40 1128
143 1128
325 1129
372 1128
391 1127
623 1130
1201 1135
1504 1130
189 1133
596 1132
1296 1132
344 1139
463 1138
539 1136
1464 1133
279 1138
590 1143
603 1136
1525 1136
251 1141
376 1139
1223 1143
1562 1143
1621 1138
390 1147
405 1140
631 1144
1401 1141
1428 1143
1725 1141
362 1141
768 1142
1211 1141
432 1142
882 1145
1273 1144
1311 1150
1249 1147
1669 1145
646 1147
1130 1158
1715 1150
1364 1151
210 1157
356 1157
411 1152
1409 1155
469 1154
820 1157
535 1158
583 1159
616 1158
784 1156
1003 1159
1656 1158
1457 1160
98 1164
169 1169
491 1161
596 1165
80 1163
259 1172
1221 1164
1394 1168
347 1167
377 1178
454 1169
527 1168
624 1168
652 1174
1233 1175
317 1168
432 1169
727 1170
1200 1169
542 1176
1289 1173
1445 1172
482 1179
631 1174
925 1175
24 1176
768 1175
1131 1180
1643 1180
418 1178
507 1180
714 1178
1405 1178
1706 1180
353 1186
410 1186
157 1189
1478 1190
312 1189
541 1196
581 1187
740 1187
897 1189
1040 1187
192 1189
270 1191
448 1193
1313 1192
725 1194
831 1194
866 1194
969 1198
233 1202
366 1196
753 1199
97 1199
125 1197
289 1198
494 1201
793 1197
933 1198
1136 1197
78 1201
434 1200
518 1200
1004 1201
1524 1210
697 1202
1323 1202
179 1210
262 1204
508 1208
653 1203
1076 1202
1220 1205
1453 1208
282 1209
916 1207
1264 1209
408 1208
1582 1207
71 1209
670 1210
798 1213
1718 1213
365 1223
1111 1217
1396 1217
1312 1217
258 1222
400 1224
527 1220
1160 1219
1536 1220
464 1224
510 1225
1057 1224
1177 1224
1281 1224
82 1225
443 1225
485 1225
634 1224
959 1224
1166 1225
1248 1225
42 1226
143 1225
308 1226
586 1225
732 1225
1132 1226
