915 620
131 7
366 8
790 2
923 17
980 3
1120 1
1162 4
1259 16
1301 6
1589 11
1633 12
1759 9
1016 41
763 13
1083 14
407 22
28 47
637 30
1185 26
861 27
1131 28
1159 28
189 62
1167 108
1344 40
523 48
1644 50
865 56
711 64
1494 60
1140 65
499 84
817 66
949 69
1111 64
327 99
1082 72
374 94
1520 77
662 86
1094 84
1495 87
916 92
1241 105
727 100
1003 92
1103 93
1639 109
1822 93
18 107
1112 115
967 102
613 117
1138 110
921 131
996 113
941 121
1737 125
564 143
876 129
730 127
1764 131
809 131
853 136
1096 134
1600 152
1079 137
1798 154
750 151
793 148
1386 171
198 144
711 153
996 147
909 158
1018 153
1831 167
979 173
1521 165
928 168
1181 177
1722 181
995 169
1009 173
1115 184
740 205
595 221
428 215
922 192
985 191
1072 200
964 201
1324 205
1288 205
870 207
1757 228
1814 212
979 207
150 206
851 212
948 212
1110 209
994 211
279 229
1132 239
1621 229
1220 245
899 236
1113 224
1305 227
967 230
1089 238
1484 237
1067 247
1394 261
646 266
251 242
1000 244
236 245
712 257
919 254
807 260
983 256
65 258
847 267
1593 280
1011 270
889 269
1243 272
1471 293
372 300
835 281
1183 284
1135 284
1074 286
1113 295
1225 295
1163 293
472 307
1036 291
885 303
292 306
969 293
1540 310
1097 309
1719 315
1128 305
1758 312
1041 318
934 351
1066 340
1331 349
1805 328
1158 335
1642 338
410 336
643 334
667 331
749 335
991 331
1092 332
722 341
861 337
1539 342
122 362
1124 345
374 354
525 357
1193 353
981 355
1589 360
710 357
869 364
840 361
1086 360
633 375
810 375
1534 374
571 391
1033 370
980 375
747 392
894 379
848 378
1045 380
1104 388
940 395
965 389
1057 384
462 401
1001 385
1564 407
718 398
774 393
1164 393
428 399
925 392
1796 412
1027 398
401 399
1697 401
998 404
1066 404
1722 422
1036 412
1106 411
1187 420
496 410
832 410
1266 415
1493 410
957 415
855 425
929 426
1127 421
1644 431
1455 456
828 428
895 433
959 450
1062 433
1109 431
808 433
1372 439
1089 434
988 435
1044 437
1589 449
1030 439
1556 444
825 451
1125 446
981 453
603 463
1793 455
1702 466
656 466
927 463
1184 460
418 468
1165 459
346 467
794 474
870 464
1058 468
1305 476
908 468
1262 467
1639 480
888 472
713 490
765 486
977 476
1075 477
739 487
1041 482
580 498
822 493
1219 488
1546 493
324 500
1045 489
1153 492
876 502
1457 498
447 496
479 538
1070 503
1120 500
1827 510
1094 501
944 512
1041 506
1087 504
1773 518
1127 515
980 514
1581 518
1505 519
1051 518
904 530
424 529
605 532
352 530
661 531
718 533
879 527
966 522
528 534
1324 534
1047 528
1156 536
855 537
926 532
1067 532
1513 533
955 534
1365 541
1039 537
933 540
962 547
388 559
1574 551
362 552
762 554
1009 551
1136 562
1525 554
513 556
694 554
1454 554
945 555
1392 557
877 581
648 579
794 564
934 565
1092 574
1721 570
414 567
1474 581
1632 581
745 569
842 574
1067 572
1683 575
815 573
902 573
917 575
1171 582
1236 572
724 595
546 584
604 582
1000 576
1027 578
1215 576
1383 582
1014 583
371 587
938 585
757 600
934 593
1036 601
1581 598
1820 595
323 607
791 599
838 612
1347 608
1382 606
1098 609
1004 607
1070 603
98 606
916 605
1066 608
944 610
1431 617
1751 617
1503 614
705 617
877 615
1026 615
1268 628
776 637
914 624
1124 623
1070 635
1532 636
1022 632
1209 638
816 635
508 650
369 639
968 638
823 641
1014 640
343 643
909 643
925 641
1048 642
457 653
584 653
886 660
948 648
1601 655
1019 653
1336 653
1510 651
531 656
830 654
1036 659
1058 660
992 661
1159 669
1758 663
790 664
817 665
1126 663
1679 664
346 680
422 665
606 674
946 667
1031 682
1068 668
931 673
1204 677
1114 674
553 682
1707 677
1827 679
742 692
1137 686
1322 680
927 686
1167 682
1757 690
435 683
847 690
1445 695
1513 693
890 695
1481 691
1079 709
508 703
983 692
1236 700
1652 704
1726 696
323 697
998 698
1117 696
1204 704
1291 710
1683 703
713 702
960 703
619 709
986 705
1386 710
1021 712
1582 719
480 717
757 715
874 713
974 721
1616 719
861 717
1163 721
1557 719
823 720
1045 726
401 721
450 731
1482 722
1113 741
1029 725
1094 733
389 730
927 727
810 730
1175 730
756 732
836 733
1679 732
1703 731
1662 733
612 740
790 741
893 740
934 741
1266 749
1326 739
1585 744
921 745
969 746
1031 748
1012 750
1059 757
695 756
856 753
1415 752
474 767
776 757
818 755
1604 757
1553 763
584 763
980 760
1006 757
1036 762
1094 763
552 790
837 761
630 784
671 763
1008 780
1341 770
1586 775
1025 768
717 769
436 783
656 772
752 771
925 907
931 772
1173 775
1507 783
922 776
958 777
856 781
238 780
877 786
901 782
1669 789
1065 788
1374 783
989 786
1334 797
590 795
834 798
847 795
1294 799
679 798
724 799
1446 804
1561 800
480 804
659 803
642 803
882 805
1607 808
885 810
1475 809
632 816
983 817
917 818
1496 819
602 830
1235 832
508 824
883 829
902 825
999 826
834 828
1288 832
1642 829
1007 830
1484 830
1330 832
1372 835
1678 835
1500 842
457 840
1442 852
440 846
563 842
864 843
498 849
1054 844
1254 850
1570 847
847 851
939 847
1349 852
388 850
1488 851
357 859
1004 851
1066 852
1648 852
422 857
600 876
920 856
1638 857
1680 865
1567 866
1030 865
1502 874
1047 869
1534 867
859 867
902 868
1834 872
922 873
874 880
1427 874
521 879
978 878
1150 881
1606 887
563 885
1650 887
1340 888
1005 897
1365 889
452 893
1215 894
1719 891
429 903
878 894
1053 894
530 897
679 901
1032 898
645 899
1379 906
1524 902
394 907
890 906
1155 910
713 907
924 914
1422 908
1490 909
1273 912
1513 913
1656 913
1452 914
873 913
764 917
1346 923
1534 916
1407 917
598 922
757 932
887 930
1099 931
726 932
1595 933
395 943
1481 935
1823 933
455 938
1083 937
553 942
1171 945
437 953
1522 948
1442 954
1591 954
1379 952
648 970
750 983
1491 957
1414 958
1126 964
550 969
1359 964
624 967
1267 968
1328 967
714 970
1072 974
1304 971
448 977
669 972
491 975
1551 977
604 977
629 977
1137 993
1693 975
1174 978
1581 982
1623 981
501 986
608 985
1526 988
698 987
397 995
846 998
1364 989
662 993
1080 994
1499 991
830 994
631 1000
1413 1001
428 1007
501 1008
813 1011
1099 1007
620 1009
777 1008
840 1008
668 1017
1024 1014
1043 1018
1434 1021
1159 1023
1288 1020
637 1025
1218 1023
1343 1022
519 1026
748 1024
1049 1025
1086 1026
1398 1026
1467 1038
1074 1030
1247 1040
1282 1030
1320 1031
1487 1030
18 1032
105 1031
362 1038
474 1031
1178 1037
1417 1037
741 1052
1514 1039
1568 1047
1400 1046
824 1050
194 1050
569 1049
758 1050
1269 1051
642 1052
982 1052
470 1056
535 1055
632 1057
934 1065
494 1070
1207 1065
1244 1070
1000 1071
1094 1078
603 1070
1132 1074
661 1074
1491 1076
567 1092
809 1080
1115 1082
1417 1080
1076 1084
1310 1082
1429 1082
771 1084
1137 1084
732 1088
673 1091
24 1097
82 1094
525 1104
597 1100
1261 1101
1285 1102
465 1103
1395 1106
996 1109
1044 1108
1324 1109
1083 1111
494 1114
604 1113
1454 1114
635 1114
1365 1115
1118 1118
1203 1119
55 1121
727 1122
610 1121
25 1125
416 1127
549 1131
1400 1130
351 1130
617 1129
630 1130
790 1128
846 1133
1139 1129
742 1131
1002 1134
1355 1138
1435 1134
929 1137
1070 1137
454 1142
799 1142
985 1142
1550 1144
1261 1145
641 1148
428 1152
744 1153
765 1151
1499 1155
1220 1154
1048 1157
1371 1156
724 1157
1417 1158
704 1163
1247 1162
734 1166
692 1169
1158 1168
1405 1171
1012 1172
528 1172
1076 1171
621 1178
729 1183
1002 1182
552 1184
1226 1187
1410 1187
469 1189
587 1192
1125 1191
667 1192
1387 1197
1349 1194
678 1196
1130 1198
962 1199
1098 1201
742 1203
1231 1207
555 1208
800 1209
627 1212
1058 1212
552 1214
477 1225
1255 1226
