917 617
27 7
151 5
197 29
352 21
601 4
635 15
673 19
756 37
928 11
1024 2
1159 4
1359 31
1499 4
1632 0
980 15
1180 14
886 27
562 44
1076 37
859 37
252 27
1262 37
126 59
1209 53
284 56
595 53
1175 60
52 58
335 66
1483 75
979 59
1419 103
102 65
1054 69
1803 78
990 73
599 97
246 92
0 79
105 107
554 92
1028 92
1050 93
1181 92
813 96
1152 108
769 100
535 115
790 126
953 108
1081 111
996 113
1032 111
1063 111
745 117
506 124
1623 125
647 126
700 138
1012 132
1493 143
1680 133
827 152
941 143
1082 150
1032 145
570 149
1188 166
1546 172
1622 151
1058 151
1126 158
520 167
189 160
687 162
852 157
289 165
1150 168
1475 175
76 185
912 184
646 214
1126 229
828 188
1147 190
1047 188
1078 192
112 204
856 204
1234 193
276 207
957 204
1513 203
43 204
1270 241
481 232
210 243
747 230
912 273
1000 229
1596 229
367 236
1085 231
1548 241
515 239
27 238
873 248
1027 264
1168 245
1399 261
1101 253
843 259
1216 269
171 267
1062 260
817 268
1164 268
723 283
60 272
562 288
982 275
2 296
1160 284
1050 286
1075 289
539 300
823 299
985 298
1063 302
123 313
582 312
1234 313
280 315
1026 309
997 315
848 316
686 324
1084 325
1545 347
923 357
939 329
824 332
1033 332
1748 342
800 349
136 340
1118 343
36 354
1580 338
1350 391
600 343
160 360
977 348
1002 346
759 353
891 349
1236 376
566 359
690 365
1098 361
898 369
99 365
214 374
814 374
776 368
1070 373
14 382
735 371
560 386
875 379
1110 379
844 388
1168 404
391 391
786 392
946 388
1790 427
1063 390
962 407
675 394
815 395
1074 396
250 403
358 406
754 410
916 407
980 407
1667 418
1004 411
1838 415
405 417
1110 422
819 420
936 416
477 428
581 458
273 433
104 437
1078 423
1469 424
794 427
185 435
727 433
850 427
651 438
828 429
1074 432
813 430
936 445
844 434
866 433
884 435
1185 474
29 439
822 437
858 446
1296 455
1468 449
1055 461
893 466
972 451
219 454
753 458
1383 463
73 475
711 474
835 468
1724 514
867 466
1026 467
169 470
291 470
248 473
961 477
1133 494
931 478
322 484
797 492
1041 491
917 489
1000 498
395 501
784 497
869 498
1363 508
1610 515
1060 505
645 515
985 508
348 514
885 512
1070 509
20 526
788 520
221 525
724 521
743 522
868 526
818 525
1064 521
1095 524
587 536
963 527
172 537
124 551
994 533
639 539
289 548
935 538
1144 553
1463 540
822 545
1306 574
780 556
489 548
926 551
393 549
739 556
1050 549
669 556
979 564
195 557
650 581
1062 566
845 564
1233 581
1727 571
816 580
938 591
964 585
1043 578
589 598
998 581
509 585
724 589
1051 586
762 588
1797 604
427 592
799 606
36 599
852 593
990 596
1042 595
177 605
747 598
769 608
1031 608
889 617
290 623
1694 612
828 621
1336 625
377 626
545 625
1251 630
736 639
399 635
571 635
690 635
991 633
1707 631
182 639
978 636
1043 639
954 639
1766 639
149 647
798 642
823 643
1707 655
1162 663
1825 644
680 647
815 667
957 649
949 659
963 654
1188 654
1281 653
914 654
543 663
1772 690
1009 664
228 672
866 680
1103 666
68 664
1027 668
1072 669
733 669
450 674
785 674
910 673
283 672
611 673
987 694
208 682
647 675
958 675
406 681
751 679
1018 677
1039 681
952 683
973 681
1420 685
60 688
1357 685
1016 690
941 691
1343 700
576 706
1227 712
1389 694
902 939
1026 699
220 705
438 707
800 704
1124 717
1036 711
850 725
1423 720
528 722
1196 718
709 722
745 720
467 727
771 751
1323 736
1613 737
256 732
146 742
879 738
997 735
1356 739
807 738
988 748
1009 743
605 747
82 765
517 760
944 757
1032 751
257 756
688 758
741 759
1337 760
792 757
970 769
1412 762
934 760
558 763
155 765
386 769
350 772
574 769
1017 773
615 780
902 769
1322 776
720 781
785 773
673 777
874 775
260 784
925 779
1623 789
1784 789
1810 778
396 781
190 792
558 811
422 788
475 792
772 787
436 798
786 799
321 798
922 794
1135 804
1836 799
675 798
285 799
819 804
931 800
412 803
1003 816
687 807
454 809
965 815
80 815
336 822
893 818
1732 818
1791 822
782 822
939 826
700 828
1198 841
960 835
191 836
918 830
1037 840
262 836
426 833
894 837
115 837
709 865
1745 845
1589 849
150 850
934 854
318 850
989 895
1241 862
635 857
817 850
1779 860
586 868
949 864
1533 867
1660 872
1330 867
1836 877
620 865
273 872
850 877
1464 880
921 885
392 883
1704 882
829 889
483 897
648 894
1746 892
270 901
1688 909
901 907
343 904
884 908
1209 925
1285 908
1480 913
922 919
699 914
1719 920
437 919
1594 925
330 928
1627 937
468 935
691 937
1747 947
1521 938
92 938
202 938
561 947
677 945
1583 952
1364 951
277 953
1240 959
187 962
682 958
969 958
633 960
306 967
576 965
1178 967
591 971
18 981
375 980
1621 993
59 986
504 985
578 987
1447 983
1123 994
1424 986
1236 1000
1518 992
272 993
282 998
1142 1000
1670 1001
320 1000
1530 1002
690 1006
1207 1005
715 1010
625 1015
654 1014
603 1016
332 1021
391 1019
1189 1018
1479 1028
1637 1027
324 1030
1133 1044
25 1045
737 1041
1112 1040
1664 1047
441 1046
801 1043
875 1044
959 1059
544 1046
643 1045
1354 1049
1246 1051
786 1058
938 1058
466 1060
607 1056
631 1060
741 1058
171 1063
1691 1074
1772 1068
839 1079
1236 1086
1505 1084
107 1084
687 1087
761 1084
363 1092
1111 1088
1625 1089
250 1091
722 1090
1408 1093
350 1095
925 1091
128 1102
1691 1101
441 1102
638 1105
296 1103
684 1110
1188 1104
946 1108
1219 1108
347 1109
1432 1112
1182 1111
274 1117
1066 1113
712 1116
1617 1137
154 1124
856 1122
926 1125
1781 1126
730 1130
595 1131
1210 1134
1447 1134
1768 1141
1403 1139
314 1139
714 1140
1161 1143
338 1152
392 1148
762 1153
913 1154
1276 1148
263 1153
496 1152
736 1155
1483 1159
1583 1163
598 1160
711 1163
740 1165
1718 1167
663 1172
722 1169
834 1172
1154 1172
1184 1173
1562 1178
229 1182
1398 1187
650 1182
1438 1193
588 1186
1702 1186
1481 1199
1518 1199
406 1209
442 1206
649 1211
1500 1214
1368 1218
428 1210
767 1215
801 1218
1303 1224
