920 614
62 6
173 8
373 4
468 0
498 13
537 4
555 3
652 5
798 4
1013 6
1096 4
1115 2
1141 18
892 14
798 27
933 29
380 26
405 30
773 30
1095 34
90 41
460 33
532 36
386 40
516 40
994 44
508 46
670 47
631 48
807 63
943 54
297 60
1026 83
429 68
596 71
709 70
520 71
943 139
555 87
600 79
980 80
505 85
261 88
679 87
740 85
655 99
134 93
914 93
303 101
526 97
540 100
1046 98
1000 112
143 105
961 118
1119 110
817 115
597 116
834 117
415 126
1049 132
558 137
783 133
974 138
1016 157
319 146
675 147
784 151
986 152
868 155
881 172
327 161
758 163
1129 166
605 170
851 173
996 182
652 174
358 172
471 173
588 172
723 179
906 174
1032 191
741 185
578 183
489 183
920 196
639 192
1116 196
591 195
426 199
840 199
488 200
883 203
952 233
541 207
749 206
966 207
845 211
201 214
590 216
681 215
824 215
1007 222
528 224
504 228
595 229
998 227
1115 231
1021 234
40 236
378 234
900 238
986 264
692 240
707 241
862 245
549 247
818 245
606 253
1128 250
373 258
828 271
743 257
672 264
894 266
636 267
852 272
622 274
595 277
784 286
1016 283
626 284
1097 285
598 284
867 288
298 293
926 290
345 292
607 295
650 298
279 303
760 297
1039 296
664 303
1123 305
1052 308
711 315
480 316
949 321
993 318
1111 316
1675 317
748 317
1048 328
347 323
405 324
474 326
970 327
609 327
1115 329
629 340
1110 341
728 343
952 350
892 350
1042 350
384 347
835 351
987 355
437 356
1095 366
1019 366
530 365
755 365
630 374
897 369
909 370
726 375
608 377
652 375
941 379
991 394
528 384
836 386
913 386
1094 390
907 394
1048 397
715 400
589 404
453 411
883 420
664 418
701 418
760 419
920 419
632 424
959 427
900 426
519 430
677 433
1079 430
657 434
762 438
994 446
703 442
814 438
476 438
631 442
279 445
660 445
1030 451
775 447
1084 447
1102 451
877 453
326 455
719 453
618 455
847 456
569 462
879 459
152 461
724 464
1005 478
557 467
622 468
637 469
748 470
979 477
1083 472
501 475
885 478
1063 480
633 482
687 486
881 488
1076 490
449 492
912 720
921 492
865 493
602 498
1023 498
838 498
945 498
645 500
723 506
1113 503
150 504
526 506
752 516
651 514
730 526
862 521
1080 519
565 522
996 522
663 524
832 523
622 524
761 526
340 529
496 530
607 528
774 534
1053 547
545 533
492 535
690 536
893 535
337 537
1116 543
714 546
70 547
615 550
304 552
567 558
757 566
706 564
1422 561
741 564
1006 569
650 570
701 569
987 570
392 574
676 576
664 581
632 584
705 584
1091 584
287 585
973 587
680 594
926 591
650 598
994 595
1074 599
700 597
823 604
871 611
240 611
226 613
687 617
852 618
1095 618
971 620
948 623
421 621
520 621
720 623
830 622
234 623
254 622
651 625
747 625
866 624
986 625
288 634
872 637
707 639
833 637
976 640
1073 638
860 642
450 646
1076 646
657 655
737 650
853 651
455 653
527 656
634 662
683 662
664 663
812 671
455 665
1000 666
1067 667
896 673
628 671
413 673
692 673
447 677
521 680
736 679
636 679
546 681
687 683
584 688
908 687
911 691
614 694
466 703
530 704
183 708
471 709
564 708
1368 712
547 722
471 726
383 727
701 728
1075 730
101 729
1104 729
306 731
434 731
733 741
483 746
365 752
392 771
674 775
641 782
232 782
451 781
667 781
685 781
869 793
456 795
940 796
570 796
995 803
696 805
805 805
946 816
1097 812
145 816
407 816
1071 822
209 828
762 826
1015 829
499 843
290 841
1012 846
1022 845
623 850
535 859
629 867
868 887
1215 893
368 899
297 912
394 912
369 918
481 925
336 931
739 948
408 957
353 962
881 975
1121 973
1032 982
569 980
1045 980
1083 986
1757 991
517 992
1 993
280 1001
1261 1001
1056 1006
1071 1008
481 1010
939 1009
525 1013
618 1018
370 1033
1151 1039
597 1044
36 1044
867 1058
458 1060
932 1073
1405 1078
1794 1079
51 1085
459 1088
821 1093
501 1101
632 1109
1184 1110
1230 1115
1191 1125
371 1124
1264 1122
959 1125
1052 1126
1071 1127
635 1131
171 1135
792 1135
935 1142
995 1145
648 1148
836 1152
458 1151
943 1149
583 1152
356 1157
434 1157
890 1157
1453 1158
1084 1167
1113 1165
455 1168
416 1178
509 1183
547 1183
1205 1184
1171 1187
643 1194
431 1194
856 1196
1041 1195
249 1200
766 1196
979 1199
916 1203
801 1205
954 1206
564 1208
833 1211
865 1211
478 1213
975 1215
996 1222
1045 1217
650 1217
1080 1221
329 1224
1202 1225
1163 1226
