908 624
371 1
406 25
669 12
736 3
796 59
831 18
886 6
985 60
1092 45
1103 7
1140 1
1171 25
1209 12
1258 46
1495 40
1735 2
56 23
1438 13
901 24
869 32
516 55
354 57
1138 90
1057 80
697 75
439 64
1408 104
1734 152
342 79
869 78
1588 74
913 78
676 87
746 97
238 102
896 84
1075 96
1171 117
215 115
672 126
1638 141
1808 161
205 134
401 150
1089 137
768 150
836 146
995 219
1038 146
1101 198
88 163
368 151
1205 159
518 157
860 168
303 162
1421 158
938 163
717 172
817 168
437 170
690 189
1053 175
1180 201
785 199
1411 192
530 186
884 188
915 193
1256 190
331 214
758 199
1458 233
497 201
810 247
1280 203
1028 202
950 205
6 207
86 210
1293 239
1142 243
413 223
956 222
1377 231
1586 235
433 240
780 244
1167 236
917 243
861 244
1501 273
755 252
471 253
1405 257
305 263
446 262
649 261
198 262
873 263
1834 287
1158 266
374 277
1042 275
690 278
824 277
114 284
738 290
1080 277
1310 276
1292 283
945 294
309 288
921 288
1069 306
1202 286
450 299
664 306
1695 296
1278 294
1422 297
1102 300
993 302
1019 318
873 307
473 308
291 311
821 312
834 314
803 315
392 324
550 318
1096 318
1740 336
863 334
936 354
1072 333
987 336
1445 348
1189 354
1127 350
1633 352
368 345
805 345
1092 354
324 353
675 351
1013 355
389 355
712 424
984 354
1696 390
423 360
453 367
1078 365
660 368
829 383
994 377
1325 384
617 394
1024 388
1387 411
1046 443
654 404
686 396
870 396
311 406
857 403
1015 403
603 412
631 411
1096 415
764 423
836 420
192 424
467 425
1005 437
1780 433
686 431
819 435
864 439
929 475
436 437
974 435
57 443
343 441
1666 445
402 461
953 438
987 445
1598 462
1370 463
537 449
1118 458
643 455
668 452
820 454
893 455
844 455
1442 458
333 475
500 473
628 473
1073 499
1317 488
975 488
1143 493
124 492
817 489
1481 490
1415 501
1722 501
784 496
1008 506
388 499
904 504
768 511
743 515
637 516
676 536
798 521
831 522
713 531
889 531
1399 532
604 533
1324 532
1703 552
291 534
1371 545
966 552
1619 548
509 546
640 551
780 556
465 554
989 554
1027 572
1316 575
856 559
712 571
981 566
1590 572
382 576
872 568
950 587
346 573
894 572
780 582
827 581
618 581
1443 600
215 588
738 592
1134 607
637 597
1358 601
1024 598
1175 601
1691 624
821 614
999 609
1051 618
1588 656
974 629
702 654
618 629
1533 628
864 623
803 626
1362 641
375 637
816 643
454 639
939 648
1086 638
1244 647
507 641
1013 661
317 653
1150 660
802 655
616 658
658 656
1122 660
520 661
378 684
777 668
962 669
1318 673
265 670
1521 676
1286 683
360 681
667 680
816 679
1108 687
321 685
597 685
1440 690
1349 694
1001 711
608 701
752 708
801 883
637 707
799 706
1614 715
52 713
339 712
284 714
885 712
1115 716
156 712
1178 726
1075 752
639 737
685 735
1454 736
1317 745
1004 746
1374 743
109 738
1278 748
1401 756
407 746
822 745
1041 752
926 752
362 753
744 761
1601 762
469 758
657 759
713 761
1536 768
1564 770
0 764
445 770
624 776
791 780
1505 793
264 776
686 777
1117 782
1769 791
392 800
552 795
354 794
662 803
1708 813
903 802
1392 807
719 810
1249 806
352 815
1288 822
315 818
1104 824
1517 825
709 824
768 824
389 829
1584 840
426 846
1640 855
266 859
1249 857
1359 860
72 866
982 864
1112 864
765 868
564 872
1010 875
455 873
1319 882
84 879
370 887
581 883
1095 887
1557 901
1595 893
278 897
614 912
210 908
1224 915
334 914
964 917
391 916
583 931
1331 935
901 931
957 934
1414 942
256 936
332 941
992 952
1019 954
965 944
1476 951
1311 946
474 955
586 952
1201 963
505 962
1068 965
613 967
928 972
1271 971
1407 979
677 976
1313 984
962 977
591 980
627 1004
1457 1014
1517 1004
336 1000
687 1002
278 1000
1401 1015
1041 1013
1341 1025
642 1024
1019 1018
599 1025
1065 1028
1278 1030
316 1031
1618 1050
571 1042
904 1043
179 1042
618 1043
870 1045
726 1046
888 1048
1002 1051
851 1055
943 1052
987 1058
1189 1058
1055 1063
755 1064
1555 1069
356 1071
297 1086
931 1090
1195 1087
1525 1096
689 1102
1302 1100
646 1101
899 1107
1186 1104
1485 1112
851 1110
1268 1114
1187 1120
532 1119
1624 1117
1233 1120
991 1129
1403 1141
1162 1153
1270 1160
319 1163
1135 1161
806 1169
1429 1164
716 1166
1395 1168
1727 1175
1172 1188
286 1194
564 1214
1362 1217
