922 616
143 20
190 3
327 2
499 3
531 0
628 9
768 5
928 1
964 4
1183 33
1212 14
737 9
354 17
332 19
196 31
653 29
668 29
771 38
712 47
510 45
677 46
480 57
937 64
983 57
569 60
644 75
680 70
1006 91
178 76
511 73
739 88
1041 70
554 94
638 90
1136 98
1181 98
780 99
176 107
663 108
983 116
349 100
512 100
711 101
203 102
248 113
443 110
1102 124
1172 114
751 112
792 127
56 127
298 128
524 136
871 125
15 136
603 129
718 132
927 171
169 144
229 151
1002 141
478 148
975 144
576 155
668 151
121 154
1150 164
638 152
23 155
538 164
983 156
809 158
979 160
628 162
1080 171
708 163
588 171
463 168
1106 176
635 174
791 184
984 188
657 181
763 192
58 198
200 182
416 185
117 207
463 197
690 196
227 202
158 209
609 211
670 210
593 211
1002 213
402 218
647 219
785 218
420 219
1016 226
194 225
539 235
762 226
801 227
948 233
515 230
598 230
882 230
215 239
619 249
648 250
1215 253
599 249
1283 252
1156 257
1198 255
24 260
219 262
791 266
808 270
943 269
766 273
1102 279
595 283
520 282
756 283
926 289
980 288
791 291
894 296
945 293
1169 302
1138 302
670 303
594 315
938 309
970 314
80 315
521 314
908 316
243 319
1032 323
87 324
749 322
211 326
1158 327
410 326
1167 337
252 346
629 337
536 344
596 341
694 340
760 344
130 346
953 346
1069 348
979 349
1043 349
1094 355
218 355
917 375
1030 358
575 359
104 366
749 370
1052 364
778 364
1005 373
1065 373
645 372
861 377
433 374
228 378
1021 385
354 383
985 385
479 384
773 383
1168 394
103 392
458 392
1035 408
894 404
1104 400
357 401
468 401
1057 402
156 405
816 412
969 404
1140 407
983 417
614 411
767 429
963 412
1075 423
1185 419
1246 421
654 422
212 429
531 426
896 435
1225 428
1047 433
607 453
719 432
1031 436
565 437
620 440
702 436
1197 439
820 442
506 444
1124 446
262 443
545 444
164 449
362 448
1037 460
745 468
846 456
1093 460
886 459
1212 461
666 460
520 468
882 466
942 477
1187 474
245 474
1021 479
291 483
863 486
1209 483
1154 491
659 493
830 501
951 496
490 509
561 505
668 506
897 504
1236 508
981 509
1147 526
316 515
520 513
538 512
795 513
862 513
1273 512
1294 514
717 520
573 518
1242 522
347 520
458 522
640 524
731 523
918 523
1082 526
283 529
862 530
945 691
739 539
1231 538
588 541
618 544
943 545
418 544
808 547
842 546
919 549
1010 548
1096 552
121 554
573 553
1257 554
998 555
1190 555
1135 570
952 564
989 562
216 582
687 568
976 570
524 571
549 570
361 578
40 574
1089 579
650 579
621 602
885 584
1040 583
289 583
634 584
682 583
911 584
952 584
1631 585
958 586
1022 588
307 598
433 594
940 594
978 593
544 597
934 606
392 603
1206 601
1238 601
756 609
1285 602
547 619
953 609
1097 608
854 611
110 614
904 617
1058 615
429 622
971 621
1131 620
692 623
714 624
826 634
1247 630
612 631
654 640
755 648
597 637
895 640
1110 641
446 643
933 645
728 649
246 648
832 647
335 656
64 658
567 661
631 661
1191 663
370 663
131 673
162 670
514 667
895 675
1253 669
490 676
680 678
263 679
1169 681
696 687
1593 688
772 696
123 694
1214 702
640 698
714 696
527 703
804 711
98 705
553 712
288 712
689 714
161 720
590 721
1142 719
348 725
1107 725
732 723
779 728
427 725
1201 727
438 730
653 735
1193 739
1136 739
361 745
826 747
1172 745
509 754
638 762
418 750
1080 749
432 752
1167 755
1201 752
540 756
335 756
760 761
730 760
1131 759
1204 766
155 766
540 770
612 771
1181 772
1194 773
990 775
1105 781
326 784
367 784
701 787
1156 792
190 789
584 789
883 794
285 796
654 797
733 798
1076 797
482 799
674 800
586 803
810 804
659 808
1125 807
1189 809
382 809
747 810
1059 812
1098 809
569 812
671 813
913 813
946 814
1165 819
294 818
681 819
1147 817
341 820
534 819
907 821
1050 819
836 822
176 825
660 822
547 824
817 828
1119 824
470 827
1190 829
520 832
882 833
366 836
113 842
723 845
865 844
825 847
1148 848
1170 850
374 849
912 855
483 857
576 859
1166 859
849 861
1131 862
1149 861
371 865
690 864
1159 867
1178 872
513 869
1076 869
902 875
998 884
542 884
842 888
67 890
699 890
1143 891
625 893
964 892
99 893
949 894
914 897
48 899
503 899
1160 905
305 903
1199 906
1218 908
390 917
695 912
820 933
349 916
454 916
556 918
459 921
1109 922
759 927
878 926
1067 926
1144 927
675 930
1102 930
1144 940
973 935
258 937
1110 939
715 946
445 946
360 948
664 953
858 954
903 954
1127 955
971 959
728 971
438 964
813 963
407 974
475 966
1046 968
321 972
976 972
458 975
883 982
953 994
682 988
1082 988
1013 989
838 995
529 1001
858 995
337 998
1494 999
446 1003
577 1001
451 1005
1392 1005
1077 1015
1138 1010
1097 1014
563 1015
53 1020
408 1018
1083 1025
968 1027
912 1025
1118 1025
1462 1031
741 1037
1036 1033
848 1036
838 1039
193 1041
1082 1042
1066 1048
1111 1043
491 1053
998 1050
1307 1052
337 1056
391 1063
416 1060
435 1063
738 1063
496 1071
948 1076
1049 1075
1089 1081
1001 1088
1056 1085
845 1090
1029 1090
1054 1094
897 1097
1097 1098
919 1099
1211 1109
925 1111
572 1113
919 1115
270 1117
520 1117
779 1118
449 1120
1012 1119
728 1124
1110 1132
1660 1126
1088 1129
167 1133
864 1137
627 1135
732 1143
423 1138
834 1144
72 1156
903 1155
1004 1155
1130 1156
334 1168
819 1164
1090 1164
536 1165
1184 1165
1055 1174
1416 1170
989 1173
347 1185
1662 1188
867 1198
1107 1196
918 1196
800 1208
814 1217
1321 1215
666 1221
606 1225
1031 1226
1075 1225
772 1225
