918 620
161 15
255 19
323 6
471 1
631 5
665 16
745 2
805 4
836 3
989 16
1029 2
1152 33
1392 23
1418 1
1529 18
1676 10
1731 8
782 7
348 13
307 33
1074 32
407 16
1795 24
470 24
799 20
583 20
1038 15
1613 21
841 26
1035 26
773 31
744 32
822 30
1808 30
1829 34
445 39
574 38
1042 49
382 54
1645 74
1258 59
920 44
1095 50
1365 45
785 48
838 54
658 69
1687 65
202 67
1719 62
255 64
755 62
1410 63
451 68
1519 73
1017 68
977 69
1483 73
1606 76
621 74
882 79
928 75
1362 74
333 77
820 77
1049 97
1081 81
734 82
806 87
843 84
194 97
693 101
888 96
271 98
1214 97
996 108
1340 105
768 105
951 100
511 105
919 101
1110 106
786 113
1246 112
1145 107
1510 139
467 114
1283 116
240 120
1396 121
1374 117
844 123
311 128
950 126
1603 143
1430 125
1009 127
1123 129
802 133
852 135
1020 134
342 147
1108 138
1000 136
1066 139
1634 180
690 145
733 138
965 143
1036 162
479 152
1326 146
210 151
928 150
394 156
781 151
1075 150
1359 154
287 153
988 195
583 169
839 157
1104 159
921 173
322 164
511 166
649 173
1024 167
962 169
793 170
860 172
1659 168
1350 178
1409 173
284 201
946 178
242 179
607 183
761 186
1056 182
693 188
1098 187
1142 190
635 205
1012 193
500 201
795 204
1341 203
1452 212
853 201
1061 203
946 212
1568 203
385 221
1141 228
1280 212
1520 207
701 217
1042 214
1322 220
326 225
1044 249
650 222
715 225
238 227
774 227
1052 225
1566 233
879 231
928 246
914 232
1232 241
995 245
1519 246
309 249
286 245
738 248
908 244
1433 248
849 251
397 251
785 252
1102 260
270 263
666 266
1175 263
750 257
352 263
511 264
780 263
918 260
959 259
430 269
696 277
1505 276
1032 266
1351 267
1475 274
238 276
973 267
756 274
1039 272
836 273
1012 288
600 282
453 290
921 288
1566 284
798 282
744 286
778 288
392 301
1071 290
1123 294
765 294
678 319
1302 303
1457 326
353 312
799 304
918 315
943 317
1147 315
1373 309
1035 312
701 315
805 315
444 333
1076 314
310 317
505 319
1052 315
401 318
981 345
993 321
1564 332
788 324
1066 325
269 329
816 333
1044 341
602 330
1012 329
1506 335
254 346
1293 342
521 344
908 340
334 351
631 345
880 346
1153 349
1023 353
1133 362
762 357
660 361
799 362
1054 360
748 364
935 364
699 369
1059 367
314 377
1044 369
716 373
990 372
1463 376
1533 381
1009 414
927 381
1215 387
362 387
618 387
1349 408
702 391
902 389
983 389
1051 401
1302 392
406 411
1036 392
1117 398
920 401
1281 397
1242 399
1513 405
456 404
779 404
1026 402
492 422
515 415
1567 416
703 418
1474 419
765 417
1279 415
681 419
800 417
922 422
1097 420
367 428
603 421
1286 426
1451 422
973 433
639 424
774 435
1105 429
821 439
1402 443
324 438
572 431
843 432
961 431
1078 433
1310 437
475 438
355 444
702 449
953 439
1066 439
1444 447
987 443
1427 456
1501 447
1103 457
658 457
950 454
992 459
621 459
330 464
768 459
1036 468
1356 467
754 463
905 461
883 469
1289 467
1404 472
1085 468
951 469
977 468
919 470
1251 477
1519 477
1474 475
438 482
817 481
1023 496
1327 480
1421 481
511 485
703 487
888 487
994 486
1297 495
367 492
1104 494
1255 492
1372 493
383 492
1478 495
719 496
783 496
796 494
1201 492
1418 508
503 502
342 512
623 502
803 505
1051 501
940 508
1382 515
571 508
1006 511
1240 508
1344 510
983 513
455 514
409 513
681 517
515 519
1136 528
743 525
479 528
570 527
1278 529
963 536
697 530
1088 530
1293 529
996 535
1313 534
803 538
1342 537
684 538
523 537
763 544
816 538
266 541
709 542
732 543
564 545
626 546
1035 545
1111 545
1285 556
675 549
906 550
1238 553
435 553
1353 552
392 556
487 559
715 557
1046 560
1074 562
929 563
993 586
1379 562
953 564
1172 567
861 565
1268 564
1418 567
429 570
366 567
984 572
1326 572
1346 586
360 586
851 578
1090 572
335 582
670 580
769 584
1466 596
443 584
703 585
1268 585
951 586
1449 587
470 588
630 589
810 592
1174 595
716 595
784 599
953 594
1409 596
819 605
310 601
527 602
707 602
267 607
1054 603
1001 609
942 722
776 607
806 607
1359 609
1530 608
695 616
934 609
1292 612
854 613
795 618
1375 626
379 616
812 616
1017 628
538 620
312 619
629 622
496 624
841 623
928 624
1123 626
465 626
904 633
956 633
886 629
570 636
532 638
425 637
1220 638
1266 638
882 643
1315 639
367 640
1350 642
484 646
1248 644
923 644
1156 649
986 649
1303 655
447 650
1259 652
503 654
324 657
1231 659
1361 656
1334 664
518 664
583 664
632 662
1201 664
709 665
963 669
985 683
338 677
385 671
453 672
857 674
1224 668
1267 668
1393 680
428 677
1017 679
654 673
1361 674
474 675
833 678
1280 680
112 681
946 683
1328 684
689 684
728 693
1261 683
1314 682
464 684
669 685
710 686
1465 689
1171 688
1240 688
423 688
659 688
961 690
1255 690
678 697
1291 694
360 695
698 696
942 696
1258 696
522 700
1346 699
319 704
1370 701
763 703
953 715
1233 710
1445 706
378 707
423 710
703 722
840 710
1435 710
861 715
1155 714
1410 714
530 717
339 729
1179 724
1323 735
721 729
771 726
787 729
923 726
1274 729
1290 730
1189 732
1210 731
416 738
504 733
552 739
794 736
780 738
1088 738
1304 744
1362 744
316 749
517 747
596 747
1288 747
1333 758
1133 753
559 756
720 767
1308 756
462 757
673 761
496 764
612 758
435 763
1246 765
1058 769
517 771
345 774
1391 777
1450 775
414 778
543 787
1218 779
1285 778
568 783
1442 778
314 786
506 784
587 786
1156 786
375 785
689 786
1291 789
785 787
1027 789
1240 788
526 790
1058 792
1257 790
1359 800
719 794
1395 792
498 794
1376 794
1086 799
1187 796
462 801
344 804
662 801
1224 802
1326 804
381 809
697 806
444 811
486 814
596 807
713 811
611 809
1071 811
625 812
737 817
1314 814
779 814
465 816
680 818
399 824
586 821
1214 823
1333 824
1373 821
1110 825
1286 827
552 829
1351 833
500 831
525 831
725 835
1320 833
350 837
382 838
684 842
1065 835
1206 840
543 845
707 843
1264 845
1344 843
1137 849
121 847
523 848
1037 849
894 852
1230 855
1278 855
967 865
1089 856
1210 856
1125 859
1183 855
458 858
1320 862
1344 861
1373 861
721 875
1291 865
566 864
612 864
943 865
442 864
463 868
581 868
739 875
393 872
427 879
1064 873
500 871
600 872
587 875
920 876
356 876
691 882
776 878
1261 881
997 881
1143 884
1291 883
1315 883
488 882
980 884
406 886
1207 896
1381 893
481 888
364 891
1174 890
1340 889
468 892
525 891
1234 895
1306 895
956 897
1298 902
1027 903
1230 902
238 903
723 908
898 903
1055 904
578 907
750 906
606 913
457 909
1228 909
1269 909
490 912
380 916
1371 916
756 919
1340 917
553 921
983 922
502 922
713 921
467 925
1170 923
1081 926
710 927
1049 932
1211 928
743 929
1006 931
420 933
734 934
411 939
1345 944
1034 946
606 949
1229 947
968 951
1205 953
1634 951
996 953
1068 955
558 961
47 956
426 960
949 959
535 958
658 959
739 968
965 962
1289 961
625 964
876 965
103 966
1256 966
1302 970
480 967
1080 969
1098 969
1334 970
839 969
492 972
688 971
1046 974
704 974
446 979
553 981
994 977
1251 976
686 978
974 978
1056 979
424 992
1285 981
1090 990
1171 986
1040 990
728 989
949 991
1340 989
392 993
693 997
1350 995
747 995
962 995
596 1000
738 1001
446 1007
566 1004
986 1004
512 1005
554 1006
1327 1011
953 1009
665 1013
1215 1012
714 1023
1148 1018
1350 1020
512 1021
1038 1021
700 1023
668 1027
1255 1025
1015 1028
533 1035
638 1035
705 1036
1110 1036
1184 1036
1000 1038
1214 1038
610 1041
939 1046
1060 1046
969 1048
1236 1047
1313 1057
1036 1053
1215 1053
536 1053
686 1054
886 1053
1132 1057
490 1071
1026 1060
475 1065
711 1065
515 1067
740 1066
1064 1067
1642 1066
557 1068
583 1067
1302 1071
970 1075
953 1075
1220 1078
1280 1080
1020 1079
669 1085
1411 1083
1657 1084
1026 1086
436 1091
722 1090
956 1089
1083 1089
452 1093
581 1092
980 1092
1209 1092
470 1093
506 1095
603 1093
133 1094
441 1101
547 1097
1001 1100
1263 1098
492 1102
989 1103
238 1105
1220 1106
100 1108
1465 1107
894 1113
998 1110
1192 1112
285 1118
935 1117
1234 1114
516 1116
1063 1118
1136 1119
915 1120
344 1123
991 1123
1222 1124
1423 1125
531 1125
1038 1126
714 1132
964 1132
476 1133
1005 1129
1210 1130
470 1141
1831 1141
1118 1142
1668 1147
656 1147
1231 1148
537 1150
1734 1152
993 1157
943 1162
496 1164
1780 1166
1240 1168
1266 1170
651 1176
397 1179
1231 1178
820 1178
880 1178
919 1179
951 1179
466 1181
1217 1181
806 1184
603 1194
906 1188
1226 1195
421 1196
476 1200
979 1207
1108 1198
504 1202
926 1202
1185 1204
783 1209
70 1215
493 1212
1016 1218
1287 1216
596 1225
756 1226
1255 1225
