907 622
131 2
202 13
564 11
626 6
710 3
950 28
1030 84
1680 5
1793 10
1027 9
871 14
87 29
1108 13
1181 17
1273 23
1197 21
993 29
172 34
1238 29
1312 32
736 35
611 42
1707 59
1817 39
1201 53
1165 53
1009 46
537 69
871 53
7 66
799 64
1807 62
848 90
120 66
325 66
571 63
163 67
908 65
1286 66
241 78
1115 82
668 89
404 98
1150 95
957 96
1475 94
1093 89
1723 122
1060 94
1647 100
1073 99
132 103
649 107
1787 107
820 106
1207 107
615 139
796 110
517 128
1233 115
1363 128
1187 122
1124 118
816 135
1275 124
1582 120
363 133
770 125
1060 127
24 129
153 157
212 135
1153 139
871 150
114 138
746 141
1084 141
335 147
653 151
723 145
435 146
1245 147
1797 206
845 155
1170 168
198 165
275 163
1057 167
1216 173
1634 165
532 173
761 181
1099 174
1150 176
687 178
124 181
1069 181
450 198
862 209
1124 182
608 200
940 195
645 192
961 270
42 193
699 198
1581 199
569 220
732 205
1124 197
829 199
1199 213
1168 213
84 218
1556 221
1406 260
137 225
931 224
534 228
1173 226
105 248
608 236
942 232
518 233
629 235
770 238
1133 241
226 245
811 243
1154 242
301 249
855 251
1159 248
1501 250
1537 253
1618 252
1009 252
1041 256
69 259
782 259
651 265
1176 261
411 279
270 274
538 284
1020 271
484 290
1078 279
1137 274
766 273
854 279
1547 278
789 285
344 278
1051 278
1207 280
1093 283
1537 286
708 289
1027 291
265 288
1590 285
874 300
1519 295
1607 296
770 296
1671 346
220 296
694 308
1656 303
1755 320
1509 328
125 311
181 312
1207 311
755 319
1097 312
1732 314
581 314
1153 318
107 322
623 318
1033 318
1104 318
524 332
1125 319
599 326
1222 320
826 329
866 336
1053 325
1163 337
677 361
808 332
1183 335
406 349
563 338
87 340
718 337
1089 340
1838 340
1808 341
111 347
1047 349
470 370
756 355
1808 354
802 355
832 366
1588 354
148 357
1222 357
125 358
600 363
1302 377
1521 374
522 365
632 370
877 393
1012 369
1007 380
1044 409
1105 375
71 379
789 386
1359 399
1492 378
1557 392
706 404
921 399
936 389
1503 395
597 396
535 399
1833 420
747 398
1477 400
1138 400
1120 403
1210 438
152 406
957 404
937 405
408 409
1128 409
1188 408
465 414
966 414
354 416
775 427
1589 428
341 427
673 429
516 440
546 438
565 437
1144 438
398 451
949 444
1113 444
1269 446
495 455
588 459
832 447
1127 447
164 454
625 458
59 455
683 455
945 457
439 463
275 470
799 460
1033 461
1103 465
109 472
1058 464
555 479
765 472
1045 468
639 470
38 473
982 487
1562 473
497 491
1040 476
1068 477
1459 484
680 477
727 478
1150 484
622 487
726 494
945 488
590 497
310 501
1238 513
786 495
900 497
1295 498
1357 496
794 504
936 513
64 509
1437 507
712 506
1035 512
1141 508
1615 545
88 514
275 511
1102 512
461 516
739 523
1506 512
397 525
1050 518
434 523
1120 529
580 523
715 527
1148 520
991 525
965 531
1774 529
783 529
1021 527
4 535
677 531
997 531
196 536
791 534
947 533
1069 533
619 571
753 537
1013 540
1723 561
456 562
545 544
913 543
1048 543
64 547
694 552
378 554
1295 567
1454 560
326 552
920 552
995 552
1091 552
1276 554
839 560
1196 562
1671 576
591 561
161 564
976 570
1069 568
686 579
1019 569
1252 569
139 576
1124 574
306 574
746 575
1100 575
994 577
909 579
44 582
189 581
1153 584
121 587
1023 584
933 595
269 590
503 591
998 594
575 596
663 597
707 598
844 596
895 597
1040 599
1074 601
608 601
946 602
987 606
70 601
181 604
531 604
546 605
883 607
348 615
1155 606
775 610
834 611
565 614
868 616
980 615
925 616
770 618
1696 616
465 644
784 627
861 624
1023 622
384 628
155 628
501 637
880 626
845 632
984 629
894 632
1058 632
1375 641
1409 635
188 634
689 639
120 639
211 637
704 638
841 642
930 658
1249 640
105 647
565 641
757 641
884 643
961 641
1057 644
1613 657
1836 643
722 661
899 649
1126 644
1137 650
2 653
227 654
627 676
53 654
139 657
858 654
1484 657
540 662
1401 675
1239 663
897 668
1058 665
794 668
1175 666
761 669
1222 668
1498 670
155 670
1457 675
206 674
512 688
871 676
297 678
850 678
956 680
1253 680
552 682
1658 681
1012 683
1054 685
250 688
783 688
899 694
439 690
533 690
694 690
965 689
194 691
236 694
1709 694
649 701
1347 710
742 702
302 703
478 712
698 706
949 709
720 712
936 708
331 713
366 710
557 719
779 711
842 723
1020 714
36 714
286 719
408 726
635 723
53 721
899 721
951 723
250 728
1509 736
867 859
1077 726
663 739
583 734
95 736
57 738
904 737
517 738
880 751
1159 751
1235 739
498 740
699 741
1114 741
107 745
934 751
1592 766
1080 747
140 752
1055 751
685 752
781 754
645 757
518 761
560 759
1128 761
178 771
254 764
1347 775
1514 775
154 767
412 779
482 767
627 770
821 769
1258 768
97 773
592 775
668 771
785 783
1792 798
219 777
950 780
1186 794
537 781
846 779
1251 780
972 786
578 785
917 784
1260 785
1636 784
320 790
447 795
649 790
203 791
556 799
1213 796
236 796
421 803
1425 798
106 801
378 800
578 801
871 815
321 809
838 813
628 810
956 806
1488 805
1113 808
1563 821
1288 810
579 818
205 819
501 821
909 823
1114 822
1264 826
653 827
1246 833
170 831
458 840
515 835
916 834
1153 849
89 842
244 844
1391 851
390 846
145 850
911 850
1336 868
651 857
359 862
595 856
509 858
685 864
515 868
559 874
596 877
418 874
475 878
503 873
1217 877
130 879
1168 879
186 881
1192 884
1529 905
19 900
446 888
265 890
673 894
433 894
1701 911
343 908
563 899
360 901
1801 955
494 905
445 908
1003 906
469 909
513 913
92 913
408 918
702 917
1395 916
592 917
1656 931
1086 930
1314 928
437 935
686 940
584 935
533 933
116 943
317 938
1198 942
557 942
906 940
599 943
510 946
635 946
482 947
376 955
894 951
419 962
603 956
613 966
1187 962
1257 963
313 964
226 967
289 967
1562 968
1596 983
724 971
384 977
491 974
564 975
135 976
1184 976
670 981
460 987
731 981
684 988
900 983
1217 1007
322 991
978 991
294 994
732 999
307 999
571 998
420 1009
459 1006
822 1003
132 1007
1549 1013
92 1009
346 1010
815 1010
586 1012
1061 1013
494 1016
1590 1027
475 1020
1257 1029
628 1026
778 1026
1174 1022
559 1026
529 1025
495 1034
695 1027
135 1030
414 1043
394 1033
1147 1036
1665 1045
215 1040
465 1056
777 1044
193 1046
579 1046
1466 1054
1707 1045
1183 1055
697 1064
1366 1051
1554 1050
361 1055
1776 1066
242 1058
810 1057
208 1066
515 1062
1170 1064
251 1065
588 1069
631 1071
1608 1081
281 1075
576 1078
661 1081
1181 1081
1485 1079
671 1091
1345 1088
84 1093
114 1091
402 1092
656 1089
290 1093
1446 1091
343 1096
582 1095
830 1094
374 1101
494 1095
701 1097
523 1101
602 1098
337 1100
10 1105
573 1114
1153 1108
283 1111
1167 1109
711 1118
794 1118
1673 1125
347 1119
547 1126
1634 1123
1397 1127
137 1130
487 1127
1140 1129
190 1131
827 1131
1199 1135
112 1134
1768 1153
669 1137
701 1139
1378 1144
370 1139
1101 1139
989 1138
411 1142
282 1147
405 1149
1573 1158
1282 1152
1668 1159
394 1156
122 1155
270 1156
754 1155
664 1162
496 1164
424 1167
85 1167
1143 1166
141 1168
549 1170
646 1173
1125 1169
196 1171
395 1174
996 1173
1407 1172
501 1174
267 1181
605 1185
1434 1184
1598 1204
166 1189
348 1191
1338 1192
1765 1195
39 1197
358 1198
1796 1200
288 1202
261 1204
318 1204
529 1205
747 1206
1077 1206
337 1211
370 1213
414 1214
458 1213
1760 1217
131 1216
764 1216
376 1218
820 1224
397 1225
712 1224
1668 1225
