909 619
318 1
532 16
621 10
692 0
922 10
964 6
1010 1
1100 7
1138 16
1163 5
1209 21
1250 6
1516 43
1670 31
1734 21
1032 10
346 32
997 29
1770 22
1819 36
1090 49
1383 24
506 27
1156 49
407 39
473 39
861 46
658 33
884 36
246 43
941 63
621 54
1235 45
1575 72
326 57
831 54
1031 62
1065 62
993 66
1172 65
1325 79
178 77
657 71
1206 83
1002 103
1053 76
1258 78
881 77
1072 79
856 86
603 89
1519 91
1432 98
1755 134
793 95
1152 97
1293 101
656 109
765 108
215 110
324 114
891 103
1231 116
934 106
620 111
1145 109
579 146
298 115
1096 121
1190 138
1674 130
737 124
906 126
464 129
1145 140
1168 133
1471 143
1081 133
944 137
1219 136
1013 153
1568 145
138 148
1600 158
372 145
1075 148
1103 148
808 154
632 158
669 151
982 159
1061 156
856 155
1080 153
884 163
952 157
1092 163
542 180
913 171
1459 181
742 194
1162 179
407 171
834 183
389 178
432 180
1101 176
1037 188
324 181
610 181
1066 182
1130 188
274 192
1222 183
363 195
939 215
1595 195
649 208
976 204
1182 198
1236 202
1139 205
1647 217
561 214
1535 210
1105 210
194 219
415 216
1067 225
1126 214
1152 218
887 216
998 226
508 221
1391 251
371 225
580 234
914 229
1453 227
309 242
841 231
1133 234
1183 232
1210 242
749 237
475 236
662 253
1049 241
1119 238
253 250
798 249
854 249
923 260
1553 256
1003 249
689 253
977 260
1160 281
1609 274
1051 268
1121 262
1184 261
363 268
1495 272
1136 275
1204 270
384 272
557 273
950 298
1327 272
1464 272
482 271
1364 290
1013 315
473 279
1098 290
1226 283
420 289
1026 287
1128 310
1183 288
1522 305
340 317
577 309
1674 309
821 305
624 303
1202 311
1423 309
1436 326
306 314
921 312
1496 314
432 317
1182 319
1613 323
827 321
909 318
1384 329
1040 323
1162 321
530 337
617 325
1090 340
1213 327
925 367
1742 337
652 338
1706 342
563 335
1137 338
415 341
866 343
244 350
1171 348
1234 358
1189 361
802 361
1121 353
1521 365
207 362
974 377
1650 368
512 366
557 366
1089 368
1437 368
1045 371
1405 374
867 374
338 376
724 381
584 402
691 382
838 381
815 389
1018 384
1130 385
257 383
1359 384
1048 415
1610 396
368 390
214 397
1097 396
638 398
1147 399
1187 396
1454 403
158 405
387 397
746 402
1385 406
1540 425
269 414
534 407
356 411
792 406
1078 404
1177 403
625 410
1190 412
1327 416
323 410
462 408
1654 410
1162 420
1299 418
1013 412
817 418
1443 415
855 418
1096 420
417 418
948 433
895 431
392 432
415 436
505 436
1114 439
1261 434
585 437
983 472
910 439
532 444
1042 456
1393 442
1690 440
267 445
215 448
569 446
1437 448
1712 454
241 457
133 461
542 457
465 459
1343 466
907 465
1094 462
1229 462
1380 461
645 470
885 468
1159 468
1634 477
937 486
1207 471
579 473
805 470
1106 470
1135 473
1468 518
540 485
1111 479
1032 482
1182 483
1239 490
1286 489
786 493
799 486
291 488
333 494
615 501
1053 489
1132 490
1554 496
1035 497
473 495
1426 508
1699 506
649 497
731 499
1057 499
1095 498
1113 499
1270 497
309 505
908 509
964 510
1162 504
1615 514
841 513
351 515
572 521
826 515
893 541
1104 517
833 522
1071 524
1265 531
540 529
948 527
774 533
1050 529
1132 534
1222 533
596 547
1017 534
1533 535
1084 538
1102 533
1165 532
326 534
1422 536
1159 546
573 550
1030 544
186 547
805 547
853 545
424 548
971 556
284 552
1100 548
934 554
1056 553
1323 562
716 560
1093 558
786 560
995 565
1532 565
339 571
620 564
1144 563
1178 562
539 568
844 569
801 568
1022 568
1092 572
464 582
636 576
1037 592
958 580
978 580
245 589
307 585
596 586
901 584
1616 593
958 602
1003 592
1070 584
1101 611
1333 590
806 589
908 588
288 591
874 602
777 597
801 594
850 593
1140 597
1410 594
329 597
442 600
1067 612
1364 604
123 611
1288 601
568 622
716 609
431 616
1566 637
1313 622
987 618
1044 627
1283 625
620 623
901 621
767 626
936 624
542 627
284 631
884 634
969 628
1225 636
222 641
1439 647
585 642
404 640
1027 642
942 650
1131 642
911 656
1100 643
1400 652
1509 650
609 650
731 660
860 654
1327 663
284 652
412 650
1142 651
1204 662
819 654
973 659
395 658
1364 662
882 661
1107 660
530 667
1120 668
1481 672
868 678
982 664
1014 666
1278 670
615 671
819 670
1050 672
109 672
586 674
887 673
546 674
1032 675
1144 674
1070 677
967 685
1109 681
1517 689
554 682
815 685
769 684
1073 685
245 690
611 693
497 690
1056 699
1119 695
1257 696
939 699
1028 695
1546 699
216 702
897 707
168 704
637 704
566 708
1114 726
1371 704
1387 714
999 708
822 708
1493 711
349 709
619 714
540 716
581 718
1151 715
943 715
369 718
773 720
806 718
1015 720
867 723
1433 740
1549 731
935 731
992 731
721 731
890 735
591 739
168 736
574 742
623 741
1358 763
948 742
1070 741
1005 752
1025 749
1046 748
690 750
853 751
1380 755
298 751
902 759
1513 754
767 752
1480 760
320 758
603 755
927 764
207 758
579 758
961 764
880 766
781 761
1074 803
1257 768
1116 768
445 769
834 791
568 770
792 774
1049 770
1224 774
669 771
584 775
341 779
616 782
556 795
989 777
236 783
898 783
938 787
1653 785
864 819
1455 796
310 791
726 791
909 799
987 793
1238 797
1043 794
208 796
714 799
970 797
355 799
1282 804
533 803
887 807
1033 803
609 819
800 803
1007 928
277 811
776 809
806 813
927 815
1344 815
413 816
1260 819
1476 820
1290 820
374 819
501 822
880 823
1005 820
917 834
1423 837
296 825
339 823
991 832
1232 834
355 829
954 827
1384 835
197 834
1070 834
567 843
884 847
1338 846
1021 857
1307 849
1364 848
975 847
1094 854
536 855
626 856
166 863
444 860
469 861
588 864
415 864
1077 860
1266 861
552 865
920 868
573 876
994 869
1042 870
26 869
1073 868
1422 881
1295 878
1008 888
1065 878
603 881
981 884
1080 883
299 885
515 884
954 887
69 887
418 890
489 888
1343 897
1289 900
222 902
918 892
1313 896
528 894
1047 908
1464 899
563 910
906 902
432 899
611 903
487 901
1432 908
399 907
781 909
1029 912
347 910
526 914
749 922
1067 920
160 915
685 919
971 917
477 919
959 922
1388 925
260 924
380 930
778 926
461 926
584 930
705 930
1011 930
1448 942
552 950
1076 936
1354 946
265 936
449 938
1530 936
1400 946
1057 940
273 945
537 941
1380 945
602 949
823 947
410 953
426 954
643 954
844 961
584 958
259 971
1320 972
1340 965
1298 964
875 965
330 966
602 969
479 973
1379 971
297 971
625 970
718 973
818 976
1261 975
1351 977
507 973
460 978
356 979
1469 976
564 983
847 991
1190 986
890 997
1297 985
447 986
727 989
1367 987
272 988
1277 990
575 989
931 989
1164 993
1418 988
1500 995
599 993
1237 998
1255 993
259 997
283 1001
513 999
787 999
196 1003
350 1003
553 1027
1328 1003
1361 1013
1650 1002
458 1006
619 1006
1290 1005
418 1012
366 1010
291 1019
587 1013
1193 1017
1236 1019
1269 1023
214 1020
435 1018
598 1018
822 1018
392 1019
233 1022
750 1022
863 1022
926 1023
1303 1029
301 1026
379 1027
805 1027
627 1029
331 1032
603 1032
798 1032
502 1036
23 1041
732 1036
897 1037
368 1037
593 1048
1359 1046
94 1040
1662 1041
356 1047
569 1046
825 1054
1204 1045
663 1049
796 1054
412 1048
771 1053
1444 1051
692 1061
1189 1057
588 1058
1341 1061
470 1064
931 1062
168 1061
264 1061
281 1061
576 1066
277 1064
536 1065
643 1066
856 1080
1403 1063
311 1065
565 1073
844 1070
1352 1069
1215 1071
335 1071
372 1076
489 1075
1264 1071
1422 1083
50 1073
1158 1074
1294 1076
512 1079
1253 1076
1392 1075
1311 1085
833 1082
547 1086
397 1085
634 1084
936 1085
1271 1086
593 1091
691 1100
838 1090
103 1094
404 1091
613 1096
780 1098
259 1093
422 1094
498 1094
528 1095
570 1096
753 1096
193 1097
726 1094
513 1098
1184 1099
358 1117
490 1107
1283 1105
866 1106
1467 1103
604 1106
718 1105
595 1110
310 1112
514 1119
1702 1112
555 1122
806 1113
197 1116
493 1118
676 1114
1389 1120
455 1117
566 1116
746 1118
832 1127
1332 1123
1484 1119
391 1121
660 1122
750 1120
147 1123
232 1127
694 1124
881 1130
1425 1129
545 1133
1721 1126
570 1131
1251 1134
281 1132
504 1132
590 1132
1035 1137
1299 1148
715 1137
630 1136
860 1137
408 1138
612 1138
103 1149
571 1146
829 1143
845 1148
886 1142
525 1144
864 1146
540 1149
229 1150
322 1150
732 1149
1220 1150
621 1161
1040 1159
476 1162
503 1159
607 1158
531 1167
1323 1159
1366 1161
1388 1159
288 1163
736 1162
1103 1164
304 1165
832 1165
1121 1163
595 1171
1123 1170
1149 1170
1831 1168
572 1171
747 1173
924 1172
15 1174
301 1174
492 1175
640 1180
880 1175
1270 1177
1808 1176
427 1178
516 1179
214 1178
451 1187
579 1184
850 1182
1311 1191
24 1184
377 1185
1251 1186
1518 1184
1754 1186
129 1188
737 1192
1347 1187
313 1190
353 1192
483 1192
1022 1191
1238 1191
589 1193
781 1194
448 1196
603 1196
1574 1195
663 1214
849 1198
537 1200
405 1202
984 1204
1264 1202
467 1215
509 1208
635 1204
697 1211
270 1206
616 1219
1010 1207
568 1207
1360 1212
120 1215
485 1211
539 1212
841 1215
94 1220
335 1213
352 1215
394 1216
1228 1215
1661 1214
558 1217
1292 1218
530 1217
433 1222
1546 1223
546 1226
568 1225
1375 1225
1260 1226
