921 616
503 8
534 6
645 1
676 5
745 1
784 2
816 1
867 1
890 50
984 0
1159 15
1218 11
1284 18
1336 11
1375 5
1247 26
919 11
301 19
717 15
698 22
961 17
560 49
934 36
1309 32
712 30
1092 40
310 43
496 40
1186 51
115 43
634 40
973 51
331 51
537 51
753 49
1154 60
710 51
724 51
1288 68
196 52
610 55
774 59
831 59
1231 55
818 79
703 73
663 73
744 73
761 69
848 83
927 76
163 80
790 94
1194 86
1113 87
507 96
642 86
618 96
677 87
546 94
1252 101
294 102
977 95
407 94
421 94
689 119
1359 98
757 100
199 102
744 104
1163 122
840 107
768 106
448 118
927 118
1037 119
1409 119
1097 128
757 121
795 126
834 121
354 128
822 133
70 131
879 129
1234 127
503 135
1209 135
1337 169
1060 151
209 144
747 143
899 148
1177 182
772 148
124 146
954 161
1252 157
518 154
713 156
827 162
1143 161
495 162
1289 176
1009 173
318 175
1381 170
674 172
1390 176
1088 181
145 196
812 183
564 185
1232 182
1251 192
709 184
694 188
940 185
290 189
974 191
363 198
237 201
603 201
960 209
713 202
922 207
1365 207
1108 207
516 208
570 209
417 212
719 210
522 223
358 229
505 219
803 218
840 226
877 220
890 219
968 223
1004 225
1073 230
137 233
213 235
569 241
909 240
1210 242
340 240
1152 254
693 243
945 241
486 246
1121 245
1388 248
1232 253
839 256
940 254
989 255
1177 264
1201 268
576 281
794 264
329 268
525 267
376 279
505 275
847 274
560 275
813 276
1424 280
530 298
832 278
1020 287
808 293
817 282
858 289
892 289
710 295
909 292
497 293
697 294
940 294
1137 297
897 316
387 308
758 308
829 324
1250 313
493 307
677 313
1335 314
776 323
1185 327
997 333
1106 333
517 336
732 341
408 336
1321 342
120 342
1215 341
420 349
299 351
574 355
995 350
169 352
761 365
782 354
826 354
1085 357
1309 359
466 357
880 372
908 359
815 362
864 363
1191 376
946 375
349 366
979 368
726 370
525 376
1127 384
628 378
1109 379
586 390
1089 385
1245 392
718 388
215 400
849 407
897 393
824 393
547 400
875 402
1084 411
1178 406
532 405
1202 406
1236 406
571 408
606 407
677 405
806 410
706 406
436 417
948 418
361 421
554 419
763 420
1233 422
449 421
402 424
525 424
1166 429
1549 423
1037 427
1074 429
616 429
800 431
901 427
842 430
1213 431
384 441
737 440
891 443
1228 452
687 448
214 446
1000 455
830 454
1088 455
261 455
543 460
981 461
498 465
729 466
1212 473
884 475
1170 474
1189 476
951 479
1109 478
471 477
152 479
522 480
1148 483
983 490
715 488
999 492
933 495
734 492
879 519
1336 498
1034 503
1262 502
693 506
417 509
769 511
1247 512
734 515
839 515
753 519
1148 513
1125 516
953 519
1104 518
452 523
616 520
689 524
992 522
552 529
941 527
382 527
639 528
1070 530
1812 532
1207 553
816 537
854 539
1016 540
1237 541
516 539
604 545
893 543
1137 544
1298 548
707 551
921 551
566 552
1121 552
868 565
755 558
1158 555
254 559
792 558
1173 562
576 565
893 568
1059 565
228 567
537 565
1136 570
1073 573
1160 577
648 581
630 586
562 586
999 585
1239 585
1200 592
643 593
423 595
1115 605
372 598
621 604
266 608
444 607
856 610
873 607
1309 608
224 609
801 611
1189 615
926 615
716 613
511 617
647 616
1235 616
732 618
294 619
307 619
790 620
460 623
830 825
1106 631
430 636
595 629
533 628
891 632
1204 632
1291 632
251 636
314 632
1166 639
600 643
645 641
1070 643
282 646
570 649
637 649
649 647
721 644
858 645
1233 649
1123 649
755 654
1287 656
1328 657
703 689
869 660
1140 661
576 662
693 664
810 668
660 667
740 670
881 674
533 675
759 683
248 678
455 680
1135 689
901 692
1091 683
585 687
915 688
1113 687
1161 688
254 691
1108 691
887 694
1078 695
520 698
470 699
535 701
1228 706
462 711
812 708
1100 718
1201 712
853 714
719 718
650 721
752 728
1145 721
824 732
1162 726
1009 728
621 732
719 731
645 733
903 737
1366 737
1184 739
423 740
578 740
626 741
734 742
1067 745
1173 744
391 746
916 748
525 748
605 753
711 756
758 752
1084 748
877 752
1006 753
1267 754
1219 755
556 757
1042 758
434 758
1093 758
279 768
744 764
1180 763
369 766
470 766
532 770
883 771
1026 776
1153 785
470 785
1120 779
1107 783
1184 784
386 788
1201 789
170 790
769 793
884 792
1134 791
1165 800
749 801
274 803
1007 804
1095 803
1185 812
1213 806
433 807
217 811
1089 813
1100 816
1205 821
435 822
1233 829
1268 829
605 843
1263 842
1114 849
1181 851
409 855
1248 857
362 862
1262 864
1223 865
1067 870
1089 866
457 874
1149 879
1092 878
585 883
1104 886
990 887
1182 891
567 900
483 896
1245 895
265 903
1001 903
1151 902
1195 906
1351 903
698 905
1130 908
992 917
700 916
864 920
322 922
344 921
531 922
1108 922
955 925
786 929
1160 932
337 950
1204 952
1032 955
845 955
780 959
791 963
998 962
342 966
858 964
1078 965
1170 966
846 975
1143 977
222 983
936 981
420 986
782 987
376 999
560 1004
1701 1007
924 1010
7 1017
879 1017
423 1019
476 1020
438 1023
642 1025
856 1034
947 1046
1128 1048
1181 1048
945 1053
1132 1068
354 1073
472 1079
767 1079
481 1087
1005 1091
832 1094
916 1096
1115 1101
1122 1122
1010 1123
260 1119
915 1121
1526 1124
917 1129
968 1137
1067 1136
933 1150
303 1164
325 1164
937 1165
740 1174
281 1180
676 1186
794 1188
436 1192
906 1197
1182 1201
193 1205
360 1206
615 1208
1024 1208
747 1212
1115 1219
1407 1224
703 1226
1025 1225
