920 621
16 3
115 15
522 39
605 5
662 6
722 3
824 25
903 0
1119 29
1242 35
1464 6
637 10
782 11
895 14
1201 14
155 81
191 21
1290 23
701 22
313 35
450 29
923 29
1030 43
384 47
1081 79
891 47
631 61
496 55
785 58
838 55
296 59
1184 140
426 75
666 63
755 70
904 67
501 86
1485 88
831 84
113 93
785 86
583 87
693 92
223 94
917 100
1445 116
775 102
1338 138
481 154
587 125
657 130
2 135
93 136
215 152
731 136
760 145
840 144
961 171
1125 155
917 149
1378 164
798 151
1464 164
564 155
690 172
896 157
169 162
913 164
773 164
641 170
1273 199
159 184
561 185
602 186
828 185
204 200
769 180
895 182
11 199
642 192
1041 209
81 217
168 208
844 210
555 221
430 214
332 223
841 227
163 240
742 227
1072 233
909 236
1380 247
136 237
1101 284
1241 277
608 242
821 242
1005 248
394 256
631 249
767 248
1167 259
220 255
595 251
836 254
1399 280
193 277
535 264
272 258
738 263
851 264
910 270
650 297
22 281
598 279
281 286
1066 285
1024 291
347 283
406 288
708 297
368 295
794 290
955 313
201 307
1445 315
886 301
536 305
566 311
984 322
520 320
735 311
752 309
598 308
8 315
1008 321
1339 324
872 318
833 331
1226 330
256 326
494 332
71 340
926 342
2 352
541 341
855 342
1165 343
231 359
1174 354
500 364
1311 363
1182 361
550 363
122 368
536 371
665 376
904 372
154 371
756 381
1050 381
1234 388
832 386
1199 391
1033 395
603 390
1385 407
1170 392
521 403
1326 423
648 403
1268 406
230 406
1089 404
1009 408
553 406
639 413
829 414
184 415
111 422
1055 416
353 424
462 426
967 434
171 429
745 431
851 432
631 437
251 450
568 444
731 444
225 450
176 451
1116 450
449 455
527 472
959 467
1084 471
1120 478
194 479
567 483
1215 508
164 488
587 485
221 486
1409 485
865 489
1314 491
620 493
1055 493
1182 500
876 501
241 503
978 511
1266 533
1097 516
159 514
546 520
621 522
650 528
321 521
207 521
769 530
1149 536
484 525
521 527
729 526
998 530
1387 535
1113 542
256 537
841 536
42 542
787 555
814 553
849 544
191 547
537 556
608 553
767 562
1246 559
199 572
1162 566
922 569
490 568
1069 585
54 569
337 571
743 572
266 576
637 581
695 583
1255 594
378 582
565 584
806 597
586 596
499 593
1033 599
1120 599
1340 610
659 596
840 597
1298 600
201 599
397 601
1009 605
268 603
540 615
1318 610
619 607
657 614
856 608
32 613
486 628
571 619
993 626
1195 623
951 626
1289 647
296 633
648 629
1140 633
79 634
1012 816
1183 640
1253 642
618 647
908 662
1031 649
86 652
197 652
339 653
547 660
528 663
223 666
1013 670
720 676
1133 673
1241 671
1262 675
1082 675
138 680
662 677
1188 685
1074 679
222 686
547 684
703 687
1060 688
1148 689
331 691
452 694
647 694
1047 694
779 697
282 705
1166 705
402 707
568 718
702 711
1193 713
1309 721
953 729
899 716
926 717
1143 726
593 728
999 727
770 732
1090 728
1250 741
1283 729
526 733
705 731
345 733
611 735
833 733
882 737
1722 739
666 739
649 745
677 743
818 760
1020 747
448 752
665 759
1306 760
345 763
364 768
518 769
559 781
840 783
666 787
626 786
987 791
593 798
964 797
791 795
941 801
690 802
1225 800
336 806
1265 816
618 813
222 819
684 814
1311 821
1230 822
512 830
344 839
782 840
567 844
734 845
1241 844
1683 845
1216 854
665 852
883 850
406 861
244 864
272 868
1252 865
526 867
1330 871
398 868
698 872
1290 881
612 875
565 879
783 881
642 892
1027 900
1241 906
1163 904
535 913
1169 917
442 919
592 918
1031 919
562 920
1146 924
1211 923
1103 928
629 928
1239 930
598 931
1160 940
594 945
821 948
1272 949
441 958
540 952
923 953
1015 958
1118 958
479 959
566 963
619 961
1234 967
185 964
1110 964
411 968
761 966
1070 971
1214 970
1052 973
1244 978
809 984
1062 982
1031 985
763 990
1148 1000
655 996
566 997
639 1000
782 998
1101 1001
852 1005
507 1011
1131 1013
484 1016
765 1020
508 1029
956 1035
675 1037
1016 1045
1231 1048
910 1048
785 1057
1187 1055
1283 1057
821 1063
504 1069
646 1076
755 1073
856 1078
496 1077
1145 1077
676 1083
1154 1091
112 1090
889 1089
1187 1095
464 1096
814 1095
1122 1094
1209 1100
444 1100
471 1104
671 1103
890 1111
1014 1112
884 1122
976 1124
1112 1124
488 1132
469 1136
798 1143
3 1152
69 1166
96 1167
1085 1165
692 1210
671 1209
1254 1210
207 1216
