910 620
59 14
479 7
509 3
546 5
568 3
608 9
751 2
978 9
1030 5
1110 2
1144 27
1221 17
1475 0
1795 10
795 17
1289 30
1071 18
1107 36
989 29
225 43
1315 39
1174 57
806 53
1119 65
1287 57
1029 65
439 72
780 64
845 72
1014 69
965 74
678 74
1092 76
1184 94
745 89
75 100
938 91
561 137
952 100
1023 98
1838 102
1454 121
918 104
1158 111
903 107
1046 108
738 108
1324 121
440 120
1807 160
1714 173
966 133
1099 149
1034 123
715 135
1517 159
793 133
1646 145
85 136
841 138
438 177
770 150
1012 159
114 179
1165 217
680 179
940 184
754 173
816 169
289 187
900 175
1042 178
1431 202
729 182
1649 188
528 204
609 213
1033 196
1462 223
48 200
1233 214
578 209
1836 205
705 213
663 215
1770 244
1057 222
1607 232
992 239
918 249
1216 236
1300 248
1538 246
676 239
1100 240
1248 247
642 270
954 249
1018 248
547 261
1114 250
79 268
708 254
1033 252
748 279
325 273
255 317
1040 260
217 271
943 268
885 265
1132 272
425 270
999 266
567 269
961 273
1054 273
1020 272
914 278
817 287
301 284
837 279
525 342
584 289
1084 325
225 289
937 287
1238 296
1360 314
844 293
979 316
1486 297
165 307
1628 326
1221 308
562 315
656 313
723 314
838 316
1112 321
1029 321
1803 338
1020 331
1269 349
773 345
1243 334
398 347
462 359
1658 364
92 355
1544 355
1056 357
1463 361
1015 359
613 367
426 370
870 369
796 372
935 371
1340 403
887 382
64 379
1736 401
741 393
170 396
1003 413
18 398
825 396
355 407
1134 405
73 397
563 414
713 393
725 393
942 395
1049 442
386 398
1536 404
706 405
1616 410
875 407
803 423
1695 415
1791 416
853 410
1070 408
969 411
757 417
1072 416
1588 420
532 420
502 434
668 440
824 426
891 435
117 438
249 436
368 433
831 433
969 436
1172 443
1374 439
1010 442
1498 442
1672 447
440 451
1094 487
1547 466
834 446
1722 454
1270 476
917 453
993 493
1693 465
848 462
519 471
606 467
543 467
1186 467
186 472
869 469
288 471
1235 481
70 475
813 478
1604 520
694 489
719 501
969 490
1061 497
541 496
584 509
452 511
285 523
409 514
842 517
1019 530
154 523
1715 517
1790 527
879 522
1651 526
368 550
426 536
1238 538
260 539
502 533
678 527
802 537
963 534
1140 531
309 538
842 536
703 539
1332 537
1684 553
1492 546
553 547
992 543
1185 543
1808 564
333 572
1084 549
593 552
673 556
174 562
494 561
1646 563
1449 616
537 566
817 580
1161 562
743 565
885 583
1066 572
1582 570
856 585
992 576
1728 571
1608 576
548 585
944 577
1167 579
765 591
1058 585
1504 588
1675 599
290 594
695 590
905 591
1014 591
1353 590
1180 592
729 597
873 596
1163 599
715 600
1723 612
317 613
493 609
1395 608
761 610
961 612
531 617
822 613
422 614
554 616
914 615
1113 615
1133 634
842 834
1301 644
216 637
1765 647
498 661
676 636
997 635
1601 636
1088 643
1179 639
977 641
1480 645
1342 656
1609 652
890 651
1511 657
1071 677
625 665
1651 660
275 661
1035 661
1677 682
1049 664
537 671
870 671
907 673
550 678
429 681
813 679
701 683
743 682
1823 700
76 691
282 690
654 685
1284 690
408 691
843 693
1039 689
1087 690
731 691
821 697
1495 697
1536 716
717 698
1587 701
739 703
828 707
509 717
973 707
1142 710
851 711
1295 733
246 732
448 727
902 717
564 723
85 723
1340 723
422 722
889 726
1491 728
1036 729
1102 729
554 733
858 732
875 731
1594 737
1797 732
907 734
1178 746
1233 743
1555 748
1374 744
1402 747
1470 750
770 749
1074 756
1108 769
1504 768
30 763
426 762
1398 762
1581 767
520 772
1605 777
1052 769
1409 769
1771 776
1720 779
317 783
371 781
413 779
1089 777
1386 782
1149 778
488 783
537 789
1170 783
420 788
385 791
437 793
853 791
1210 788
148 795
1741 804
558 801
883 794
1623 803
585 801
445 804
1378 815
272 816
843 807
1490 810
1093 810
1267 818
43 814
1190 831
372 818
1692 826
1140 821
1526 839
832 830
1348 828
1102 829
1604 835
1625 835
227 845
1247 836
1494 856
516 857
563 840
459 842
590 842
1304 845
71 843
1099 849
1047 856
1743 852
1689 862
1023 859
1170 859
1205 870
1352 862
1524 862
1620 872
1133 862
174 870
1284 874
1074 870
1360 869
567 874
1678 876
156 875
1406 881
1345 879
1487 882
58 890
399 891
1104 895
1139 897
1710 899
1433 906
1596 904
568 914
1173 915
1345 928
1625 910
415 912
928 916
703 916
1396 918
1562 924
1146 930
1311 933
297 926
612 933
948 936
472 935
706 936
924 943
855 939
1651 952
464 947
1038 947
1720 951
371 949
1386 958
1602 960
772 952
511 959
1190 970
104 958
320 960
851 962
1134 967
1464 964
261 967
770 966
403 966
1214 969
1417 976
32 979
404 985
1107 989
911 992
1315 988
1461 1000
1665 991
1380 996
1418 1002
963 999
531 1004
1493 1001
1038 1005
1530 1024
708 1005
1644 1008
1173 1009
619 1011
668 1010
906 1017
1189 1019
871 1023
1116 1027
522 1028
245 1020
1277 1020
215 1029
944 1032
1435 1031
1330 1032
1494 1030
1402 1034
33 1032
978 1040
924 1036
564 1039
1147 1044
1358 1042
1183 1056
614 1050
251 1051
95 1049
542 1052
715 1056
1097 1055
567 1057
1468 1058
130 1057
967 1062
404 1065
1328 1069
1628 1073
95 1074
694 1078
937 1083
1286 1086
1314 1083
360 1085
1022 1090
966 1093
1508 1095
1557 1097
1357 1098
596 1096
1184 1095
661 1100
958 1103
299 1106
1159 1106
1615 1111
1080 1109
921 1115
1553 1119
408 1122
1109 1127
1404 1128
1416 1132
315 1133
478 1136
740 1137
1476 1145
45 1144
650 1149
26 1149
771 1154
1339 1152
944 1158
537 1155
913 1157
1131 1160
517 1166
1211 1163
9 1168
856 1175
1091 1170
173 1170
1523 1168
1342 1175
1045 1184
165 1190
331 1189
535 1196
675 1191
975 1192
956 1193
347 1198
875 1209
412 1214
1593 1215
586 1221
605 1224
1092 1225
1314 1226
46 1226
