920 609
593 2
678 3
817 2
831 1
859 0
888 5
912 6
935 3
1005 3
1061 13
1118 4
1219 4
1402 1
945 10
1421 10
580 50
1190 14
780 13
865 13
1209 23
634 17
668 110
823 21
915 20
1139 31
756 23
877 21
897 20
1084 22
1378 22
1175 27
842 35
864 29
991 23
777 29
813 30
1037 28
999 37
601 40
746 46
956 43
1091 44
540 46
1109 43
878 47
928 52
717 50
791 49
1124 54
1033 52
806 54
972 55
1153 55
858 63
1374 81
607 59
1271 126
756 69
825 59
1007 62
1221 71
1141 67
816 80
1044 89
730 72
947 70
796 72
1002 83
611 79
938 78
915 81
524 85
888 99
1207 92
925 92
955 91
969 100
1138 98
826 104
1120 104
1435 102
834 124
942 111
13 110
1393 116
1108 121
635 122
499 126
748 126
847 123
1091 127
788 128
806 128
1167 127
692 127
859 135
709 133
1107 145
882 138
1134 147
897 148
953 147
1034 151
644 148
791 148
697 149
851 149
914 148
1083 177
459 154
735 152
1057 151
1388 154
498 158
748 154
837 167
872 154
1236 154
1162 189
715 162
625 164
970 167
608 166
772 167
796 169
995 170
820 172
1330 180
745 175
877 173
1018 173
903 174
550 178
451 185
534 184
1371 179
780 181
716 183
1136 189
650 185
906 186
510 192
837 212
804 197
1220 191
636 195
1242 195
545 205
573 202
1367 201
1077 202
1379 217
439 205
781 206
861 210
875 210
1347 213
800 214
963 219
695 249
625 220
799 229
1044 220
495 226
727 221
982 221
942 226
1356 228
605 240
852 231
848 242
881 240
1404 247
773 245
1243 249
469 247
521 255
857 256
1004 252
1121 250
783 253
1369 256
539 263
798 259
1043 261
42 262
77 261
843 262
1079 261
1195 264
8 267
778 269
806 270
826 271
617 273
45 273
1031 278
509 297
659 282
1042 284
548 296
565 287
791 292
700 288
821 288
654 292
988 289
693 293
714 293
749 292
847 294
728 294
1007 294
1400 294
1662 296
671 300
1246 296
1349 308
1135 308
766 301
1072 302
484 305
838 308
1290 305
776 315
823 309
890 314
1023 317
1054 317
435 320
475 318
604 318
845 317
927 317
536 319
830 318
897 323
912 329
942 320
692 326
816 324
972 324
490 334
1073 326
769 335
1260 336
1019 345
1086 334
1312 335
547 339
629 335
683 336
804 336
526 340
656 346
1042 341
1219 347
602 355
1076 349
1268 347
723 350
746 350
795 351
1354 352
433 356
1184 357
1326 355
1344 359
630 360
1141 364
782 364
884 364
730 366
1038 369
774 369
478 374
527 381
740 371
1065 371
1174 372
1009 377
952 377
1087 380
610 389
955 383
1166 382
586 384
1207 387
994 387
1038 386
549 391
777 394
790 397
809 395
889 395
949 392
689 398
713 397
741 404
1052 399
526 404
599 402
813 410
1204 403
1122 408
1011 411
1297 406
698 407
760 411
976 409
919 412
934 410
1135 413
1199 411
1215 410
521 413
646 415
1172 417
597 419
671 418
792 417
937 419
1208 418
1033 420
627 427
568 423
733 424
869 426
491 429
1138 426
918 431
794 436
1264 442
1282 433
1339 436
1302 440
1379 439
1073 439
463 445
537 446
898 441
784 447
1184 449
995 448
488 448
607 452
764 451
893 453
577 458
862 457
738 458
945 458
1284 458
907 459
1118 461
991 463
1017 467
763 472
1148 468
822 471
955 471
745 475
860 473
531 477
574 489
732 480
858 482
1274 481
1269 485
615 490
1081 491
473 498
750 492
1149 494
728 499
844 494
688 502
525 499
417 502
763 506
911 504
878 505
934 506
621 509
985 509
603 508
637 509
724 507
744 510
1259 509
499 511
929 587
1000 513
571 515
773 517
1256 513
439 516
691 519
1117 530
1217 523
565 526
1012 527
1082 525
1258 526
487 528
574 534
988 537
545 535
737 552
1130 534
651 542
372 546
1272 549
502 548
679 549
452 551
1097 558
616 556
529 557
1134 560
478 570
379 563
539 566
1241 568
768 571
642 576
807 572
678 573
710 584
494 578
1282 586
452 584
535 585
565 584
507 587
1322 591
1153 594
569 597
1001 598
1197 597
500 601
557 603
618 606
679 607
731 612
452 608
597 610
1248 614
1086 620
834 619
1215 617
696 619
698 623
499 627
587 626
1499 626
481 630
539 631
717 629
715 641
919 636
646 638
550 651
587 645
867 644
1293 649
612 649
702 650
1273 652
210 655
464 661
961 656
649 655
691 661
714 658
540 666
1115 662
711 667
809 664
723 667
842 666
784 668
1103 667
487 670
972 676
430 674
692 677
1216 687
469 682
516 682
911 682
720 684
1185 683
1255 685
606 688
871 694
947 695
538 701
759 700
463 701
890 700
802 701
1153 702
393 706
973 714
844 714
1056 712
987 722
624 723
651 718
733 719
826 721
887 718
565 721
1232 721
995 727
1092 726
1066 729
463 730
545 731
438 732
528 732
768 734
873 757
636 734
951 739
1194 735
478 738
1160 738
525 741
805 744
998 741
1069 739
1235 742
984 753
459 754
435 754
700 762
558 763
758 767
518 773
536 772
1263 772
960 782
377 781
1155 783
1338 783
544 785
665 786
943 788
1060 784
455 787
432 790
463 794
512 798
1072 800
904 806
1053 820
400 805
1194 812
1033 812
888 816
430 823
651 819
1189 819
679 821
610 829
463 828
819 832
916 837
1032 846
301 838
479 840
560 843
703 845
924 848
1201 858
950 856
480 856
816 856
462 859
802 864
887 861
1732 859
911 866
708 868
721 868
995 869
971 870
442 871
589 874
407 876
536 876
804 877
826 876
1445 875
781 877
887 885
1229 882
668 881
941 883
1037 910
1084 916
920 886
1103 887
598 890
478 892
458 894
432 903
481 901
1169 905
1227 901
565 907
677 905
699 907
411 907
583 913
808 912
1011 914
872 916
901 915
601 919
912 1113
1223 917
551 921
1165 923
816 924
1008 927
1532 931
504 929
845 966
1170 930
416 932
965 954
1064 933
1142 940
699 940
574 942
896 944
853 943
1164 942
501 945
516 945
476 948
948 948
365 949
435 950
1146 951
915 966
1038 956
449 971
538 965
1072 965
1092 968
1147 966
1162 972
934 966
1178 968
1057 974
416 973
544 972
428 978
1080 978
1146 979
463 982
414 987
979 1000
1094 987
535 988
896 989
1069 993
408 997
499 997
1035 1004
1129 999
462 999
502 1001
1109 1022
915 1014
422 1016
1007 1017
813 1028
579 1021
854 1024
987 1025
522 1026
1359 1028
657 1032
972 1032
923 1032
848 1034
949 1034
878 1045
463 1044
1018 1041
429 1043
957 1043
1168 1056
807 1052
961 1054
604 1066
968 1072
982 1066
573 1068
1024 1069
803 1078
509 1076
425 1075
938 1075
838 1077
954 1076
559 1090
950 1091
437 1091
490 1094
961 1094
450 1099
965 1104
427 1107
517 1107
655 1117
485 1123
482 1140
499 1142
86 1151
1488 1148
558 1153
517 1173
267 1172
1553 1176
435 1191
578 1216
1567 1209
1196 1224
1761 1225
458 1225
