919 612
527 2
605 8
813 6
1116 1
467 9
938 36
1224 10
773 12
976 13
878 16
1037 16
1079 21
1268 23
850 25
1212 28
210 32
583 28
1121 30
777 30
761 42
884 39
995 33
798 34
1375 46
1227 49
1115 45
988 61
1077 48
456 47
621 60
606 56
468 60
515 61
1070 64
1195 69
1172 62
825 63
939 64
870 64
893 99
1159 77
1395 74
751 79
1062 76
1255 83
505 78
876 78
966 77
1046 77
443 82
722 84
313 82
681 89
1052 83
964 95
1175 102
1215 104
1069 100
633 104
982 106
732 114
1120 114
582 110
845 118
941 110
454 112
486 117
1096 121
805 129
957 139
1036 130
1147 137
1361 136
924 141
875 140
1115 154
736 137
840 175
1046 149
1178 151
1380 151
297 151
559 154
1031 152
226 158
1022 159
789 172
914 183
720 188
822 162
1139 167
1058 171
375 176
602 175
1190 177
1010 179
531 187
696 181
885 179
988 181
1028 180
326 187
649 187
972 187
1056 190
880 187
1366 189
455 199
499 192
1040 196
766 234
1102 207
778 198
823 201
1222 202
360 201
585 202
1172 200
600 202
1142 206
150 208
1368 223
546 217
856 219
892 235
1181 221
614 237
1126 234
1088 250
1204 245
1138 248
477 246
1185 254
535 250
832 257
929 255
949 247
1353 248
738 263
887 260
1226 258
1162 261
525 263
1118 269
1039 271
839 276
888 282
1351 285
518 285
1188 289
1046 291
644 290
1153 296
1173 295
960 297
474 299
1265 305
744 322
851 308
974 304
1218 315
826 343
1065 318
1032 322
591 332
900 336
1180 345
774 341
1205 349
1123 351
1328 350
515 356
881 353
223 354
473 354
935 353
1384 358
710 360
992 366
1096 359
537 363
652 370
776 366
1327 367
268 369
1222 373
473 375
459 381
1060 395
955 388
1078 387
1118 398
603 387
897 389
813 389
627 394
1212 400
922 399
1092 404
578 401
892 420
929 406
830 431
981 412
869 414
913 419
188 413
601 413
644 415
851 415
1222 421
498 421
632 425
1064 427
1175 429
742 436
1355 445
1045 440
1133 439
903 472
1013 445
511 453
779 446
865 445
1157 446
1297 448
270 448
938 450
1018 452
1103 452
857 475
1070 460
1178 469
740 463
1028 459
576 466
642 467
1008 468
1150 466
1225 482
771 471
833 486
1340 480
327 479
474 479
520 483
500 486
595 485
1138 487
783 498
453 496
750 501
889 513
1005 502
93 500
1157 503
1053 509
931 508
504 510
771 512
852 519
788 518
573 517
1272 518
1310 522
739 531
598 526
510 526
668 529
1217 530
646 534
782 532
672 536
857 550
1192 539
386 538
537 538
906 543
1122 543
966 546
817 561
1054 557
580 550
733 552
978 552
1126 559
1235 556
1347 558
1322 559
508 560
611 565
679 565
803 566
1525 568
892 575
1136 582
1304 582
516 577
533 579
365 582
729 594
863 593
916 590
782 587
808 594
1118 607
1024 599
1151 597
933 597
767 605
830 613
1218 613
686 609
1013 608
1064 616
1174 609
1362 608
1278 611
505 614
851 616
577 615
638 616
941 621
796 621
883 619
916 619
1022 630
1093 633
836 640
583 636
815 633
1007 632
1177 642
867 637
1195 636
213 637
1253 644
708 642
936 645
1076 650
617 652
673 654
1159 652
1022 653
1122 657
1296 655
1096 659
646 663
737 665
341 666
863 671
820 675
931 676
1292 679
714 675
239 679
402 678
1176 687
651 686
878 689
843 706
339 696
1107 695
493 699
509 701
395 704
1051 709
366 708
378 708
881 713
1073 716
737 717
708 719
775 728
1140 718
383 720
445 719
1105 730
1278 725
595 726
1046 727
852 731
496 733
795 732
347 735
880 940
1190 737
292 740
582 746
768 778
817 751
707 753
751 752
1133 759
1197 756
1173 769
821 770
716 770
588 773
633 773
1270 789
876 784
1075 782
1391 784
300 782
820 786
1176 786
518 795
998 792
745 796
1124 804
591 799
627 810
1094 809
1185 806
969 809
1151 817
777 820
806 839
859 818
836 819
1053 819
1130 819
553 819
917 823
1005 822
510 828
745 832
1121 834
674 833
982 835
1142 835
446 838
749 836
780 844
1097 848
630 841
844 843
1133 845
579 845
583 849
637 849
762 865
490 851
654 852
315 853
1244 854
426 856
515 860
526 857
670 858
1267 862
1116 864
584 867
233 870
1432 871
524 874
1085 877
554 876
440 879
1062 882
1112 894
542 891
594 890
1523 891
276 894
820 897
1263 900
1356 896
484 901
1066 907
1648 913
486 916
1153 923
437 924
1121 925
619 926
534 928
1075 928
648 943
1066 951
1119 949
1024 955
576 958
1030 960
1079 960
1292 963
503 972
450 971
1132 971
1226 982
313 989
524 981
527 993
1081 994
1023 1003
1115 998
763 1001
1174 1004
608 1006
368 1012
392 1012
1037 1019
887 1024
1126 1029
1065 1027
724 1028
818 1041
1005 1047
1127 1047
720 1046
765 1049
989 1052
1418 1048
733 1050
813 1056
1041 1055
385 1059
1029 1066
1199 1061
266 1069
809 1070
1051 1070
1219 1069
1166 1072
755 1075
829 1077
591 1082
1063 1078
459 1084
1008 1086
1081 1086
58 1093
1233 1093
1112 1099
1037 1104
1058 1108
822 1109
810 1124
996 1119
460 1119
511 1123
1072 1125
1092 1130
843 1129
681 1135
970 1140
1044 1141
463 1143
683 1145
958 1146
852 1153
557 1158
1085 1171
1036 1172
388 1173
568 1178
1804 1183
787 1181
1028 1184
1070 1186
982 1188
774 1186
1181 1190
605 1195
1131 1193
513 1195
1185 1211
291 1214
1024 1224
