908 614
151 17
312 1
389 0
636 1
673 13
735 1
1004 11
1080 1
1096 2
1180 8
1245 8
1298 7
1356 3
1478 7
1544 0
1622 15
1766 15
1140 31
643 18
889 20
349 18
1069 18
1680 88
1233 23
1347 39
1033 31
106 36
238 31
1189 51
1249 51
215 43
1107 47
550 60
570 46
1279 40
653 49
922 66
382 49
973 59
1075 49
430 59
705 54
1303 71
1508 76
614 117
1018 77
298 72
706 68
492 70
516 83
1142 105
1371 78
707 81
142 90
680 84
838 83
1061 84
232 88
659 85
708 94
823 97
411 106
1172 106
1254 96
906 103
1002 116
1352 104
205 113
661 113
705 130
1279 131
1740 118
734 105
1532 120
1229 110
963 118
1088 117
114 126
313 119
1337 121
1598 136
551 130
1444 127
1181 155
826 135
508 133
1703 140
1224 130
1033 140
483 142
920 170
1345 136
401 142
1502 146
1124 149
974 148
1092 149
879 156
284 157
426 163
1052 161
796 179
1000 171
1141 158
1471 166
1300 163
1234 176
1259 168
480 165
635 175
1074 174
1092 172
166 189
1690 186
314 187
403 200
654 186
331 185
817 187
1269 196
563 194
1191 190
991 195
1099 190
1447 204
1835 207
865 195
1316 193
1395 203
917 209
1147 197
1714 198
662 203
1225 217
644 215
1128 208
1285 215
1200 214
1321 217
557 228
1017 222
605 239
932 236
1617 231
788 252
872 250
1144 255
229 243
1436 260
1487 254
999 243
1070 244
1172 245
510 255
324 257
1196 252
1273 267
1349 252
952 269
1602 297
1072 261
485 263
849 265
1187 262
292 264
237 269
1309 272
568 284
496 275
624 283
1168 274
895 280
911 288
390 298
977 288
1006 292
1133 286
1186 286
1704 297
1085 294
1360 305
1825 303
1029 292
1113 291
1170 295
1220 294
325 300
848 300
442 305
588 301
888 310
973 328
1053 303
500 302
942 325
723 306
758 313
276 322
1209 307
556 316
1130 312
1391 331
1186 311
1256 317
1778 328
1059 316
54 316
311 316
1180 325
1555 328
603 324
1295 320
104 330
429 323
1077 337
77 335
1095 327
1132 350
374 334
157 341
622 347
1015 341
1246 342
522 347
791 347
120 349
317 353
388 353
828 359
259 357
501 357
566 357
1192 363
1019 361
1224 360
1824 400
290 364
649 367
1084 367
1248 371
804 370
1051 375
1162 373
326 380
1203 374
834 387
1262 382
1155 385
1520 396
1226 387
764 390
452 390
118 395
940 394
1113 393
1178 394
300 397
540 396
867 395
973 395
1085 397
1459 407
587 403
1107 403
463 410
878 413
1162 404
346 408
386 411
1248 408
546 422
957 412
1016 417
1197 423
1124 437
1172 413
1225 411
929 445
1232 418
479 435
1519 426
1099 430
409 431
996 433
1445 434
955 434
885 449
595 438
1073 443
710 448
1163 448
793 444
1012 445
1783 452
356 452
824 448
1048 451
291 463
541 469
744 458
1221 465
1533 471
493 456
1703 468
66 465
846 474
1001 466
1044 476
1204 472
1135 474
235 480
512 475
980 478
804 478
995 482
1064 492
1493 481
898 481
1784 497
306 484
949 486
1037 493
695 499
1189 493
102 500
1340 508
830 517
1202 501
407 503
581 502
1360 527
919 511
258 513
459 510
1726 511
1124 508
436 515
1080 514
1833 522
190 516
585 530
325 523
1113 527
1383 531
726 526
867 527
1164 545
81 527
549 528
788 532
394 532
1209 533
153 531
1049 543
1723 556
817 547
983 542
475 547
925 547
1485 548
1806 556
185 549
667 551
1093 553
512 552
995 559
1395 581
1068 556
1506 566
289 562
1014 571
715 569
908 565
459 566
872 578
926 566
1112 567
779 573
1356 576
921 580
1050 572
243 574
292 576
1045 576
1124 579
1331 587
1186 588
1542 583
311 583
527 580
556 582
743 580
64 583
495 583
1787 587
893 593
1064 586
1150 588
828 595
1022 602
165 597
976 598
1044 610
743 605
1131 601
1531 615
919 610
476 608
903 607
1340 612
1152 611
820 612
521 617
1081 613
394 616
982 619
1602 616
468 621
507 620
138 625
1501 621
1182 624
294 626
784 628
1066 636
844 638
1120 632
408 632
747 634
1103 638
1737 655
902 643
959 642
1623 677
1489 647
667 647
743 650
891 652
113 653
216 653
1134 651
138 655
460 656
496 663
625 652
191 655
916 654
1092 664
441 673
1011 665
1065 668
1181 661
1834 670
952 680
8 674
698 666
1159 668
1462 671
512 673
876 673
460 679
858 678
762 685
1707 679
121 683
996 678
479 682
1005 684
547 686
884 696
651 696
996 702
240 696
739 698
812 704
1134 697
1332 703
114 703
377 714
748 705
1492 704
349 707
977 709
1076 723
643 711
783 717
1679 717
1021 721
238 716
478 717
988 716
1751 726
495 719
863 723
422 719
948 720
1127 720
252 723
926 726
873 737
489 730
1544 738
832 732
979 735
1479 733
340 733
568 744
1202 746
896 742
527 741
733 742
1299 747
366 749
686 743
769 751
836 753
668 748
786 768
1028 752
461 753
416 758
696 761
1173 765
1069 758
1123 760
976 760
1081 762
1705 768
752 768
202 765
671 766
889 770
507 773
708 771
868 772
450 772
830 774
1769 779
423 779
1020 775
1658 791
1010 785
1454 781
468 785
803 786
933 840
1442 788
428 791
692 794
832 804
1036 789
1049 790
962 793
752 797
1751 801
366 799
1089 798
883 801
737 802
1032 803
1095 811
1688 827
799 806
1083 805
1432 806
1839 809
1308 818
505 810
1045 813
64 816
301 811
701 812
417 816
668 813
353 815
849 820
1071 838
1117 822
686 824
1394 829
878 824
504 829
813 828
1024 836
836 829
417 834
366 837
699 837
723 838
301 845
403 843
508 842
739 846
1097 859
1436 870
815 846
983 848
1321 846
568 848
784 849
843 850
1238 853
409 850
1040 851
1120 852
628 858
699 866
370 860
655 860
1304 864
1360 864
235 867
796 870
1019 885
661 869
915 870
1576 878
400 873
433 874
680 871
178 876
130 876
485 882
1042 883
877 886
1259 891
403 887
618 888
765 889
1630 911
1093 895
1392 894
716 891
396 897
1078 899
1509 905
661 902
1278 908
698 905
841 906
908 911
1004 905
784 907
1580 919
838 921
1234 920
515 914
701 914
806 919
1085 919
259 923
759 921
318 922
1532 929
1263 924
1006 941
1379 929
531 931
1055 930
478 934
664 931
1420 948
708 943
1037 936
498 941
1050 941
1077 939
739 943
909 943
679 945
359 944
971 961
941 1099
932 953
1070 954
1251 963
846 957
708 957
1387 958
425 960
654 961
1153 959
1091 973
1 967
49 968
941 974
872 972
406 975
1419 976
260 974
1009 974
1059 976
1212 986
1259 978
419 979
480 980
617 983
703 981
649 986
1018 982
1294 985
1636 994
865 991
955 990
390 995
242 994
320 994
418 996
1024 993
683 995
923 995
305 997
1068 1001
1471 1010
297 1005
1260 1006
1435 1012
384 1012
1371 1009
1530 1014
1658 1023
241 1013
661 1017
254 1024
400 1018
1010 1017
16 1022
420 1022
849 1022
671 1043
1233 1027
1389 1034
1593 1063
1014 1038
1290 1042
199 1040
1752 1045
968 1046
1184 1050
317 1048
985 1048
1020 1050
1036 1053
248 1058
1349 1057
195 1068
688 1067
1235 1067
1539 1079
592 1069
500 1074
903 1072
1635 1080
317 1076
531 1082
647 1082
677 1080
846 1080
947 1080
693 1081
937 1091
682 1087
1218 1087
920 1090
1379 1094
1768 1090
414 1100
1232 1101
870 1094
378 1101
439 1099
1318 1104
681 1104
747 1105
1456 1108
1790 1113
595 1105
565 1110
1545 1108
403 1115
1521 1123
1210 1134
280 1132
293 1143
632 1149
662 1144
1722 1144
1295 1151
223 1156
308 1159
1375 1156
277 1159
1215 1156
717 1157
1441 1159
655 1161
1346 1162
1546 1169
401 1166
781 1168
275 1178
617 1182
629 1180
1285 1189
1305 1185
1338 1202
678 1186
389 1210
231 1197
819 1201
1264 1211
1496 1209
1598 1217
545 1218
1354 1224
1562 1222
1293 1225
