915 615
339 20
500 2
523 1
554 3
594 13
659 2
750 2
814 1
873 4
949 19
969 1
1007 21
1082 4
1139 1
1187 2
1206 8
1233 27
1302 0
1341 69
1467 9
704 15
1418 34
1048 31
978 20
466 26
887 25
436 29
563 32
1277 29
320 36
648 37
1132 52
1180 37
880 35
1540 53
1267 39
826 50
409 52
1161 52
1194 48
488 56
575 76
721 61
331 65
934 75
523 70
639 72
1018 68
1262 66
1562 82
761 116
1205 152
1144 80
1319 84
507 85
799 82
959 116
658 85
1039 100
1268 114
615 99
813 97
1002 97
1169 101
836 123
1063 107
363 108
424 107
862 109
1127 113
1148 112
1101 114
526 120
578 124
706 131
330 126
461 126
897 134
1075 142
686 130
1161 137
639 130
811 132
937 134
601 155
524 142
539 148
1015 144
1331 153
674 150
996 151
1274 152
629 156
856 158
1519 161
421 168
1030 165
1287 178
969 162
1091 187
1145 175
374 170
1179 166
589 170
649 176
879 173
989 175
482 172
458 179
731 182
503 186
1122 190
556 183
1002 185
782 198
1049 201
480 197
741 202
917 215
804 199
436 201
965 205
414 204
663 204
496 206
561 205
278 218
628 211
1065 217
799 218
819 217
1346 226
519 223
989 251
752 229
953 231
1259 225
1468 239
470 229
582 236
786 230
1057 231
530 231
1174 248
296 235
1228 234
1117 238
824 257
1096 247
1146 242
703 246
454 249
498 255
403 254
919 264
1058 255
317 259
948 262
610 261
1249 329
705 265
869 294
1112 268
1483 272
793 268
1213 280
1354 297
549 272
382 273
725 281
1052 283
1138 274
89 278
423 277
497 285
1084 277
337 287
1160 279
969 282
948 289
782 292
1153 286
1164 323
546 303
362 294
924 315
1432 317
375 298
452 299
1066 306
1496 303
805 308
1317 314
1698 306
1204 317
608 312
198 317
470 317
532 319
575 323
1280 329
1481 322
967 323
1035 324
1019 326
1095 349
434 336
371 330
717 334
1078 334
653 333
950 332
862 354
899 336
802 338
882 338
959 338
1128 352
540 344
768 341
1378 359
910 349
450 349
618 349
964 351
1806 351
406 351
1051 352
788 374
176 359
508 367
881 365
604 367
987 367
426 371
584 370
949 371
1328 374
1477 374
526 376
1595 378
930 373
1042 383
1215 392
1159 375
722 388
1145 384
339 388
501 387
1428 396
308 387
913 390
1343 399
967 392
1189 390
1283 398
284 395
935 390
1131 392
608 403
1117 405
1153 408
741 402
1078 416
514 400
701 400
809 408
906 408
311 404
935 405
1464 414
402 408
243 412
1051 408
927 417
502 426
567 417
958 415
518 419
750 422
426 427
1055 423
1409 426
771 432
558 430
688 443
852 435
1187 438
395 435
627 435
658 435
971 432
1137 435
941 438
875 443
576 453
979 445
638 449
756 450
1000 444
1081 448
1606 444
949 448
1018 444
1337 455
401 449
363 451
902 480
1436 454
709 462
1131 470
829 479
923 459
881 462
1019 463
501 464
1066 473
1209 469
396 470
1190 478
461 476
745 477
951 478
1003 479
1022 475
1411 490
481 489
1026 482
253 491
741 502
719 496
879 497
445 492
1143 493
1159 492
1382 492
1094 493
400 496
521 498
1009 500
1262 513
356 501
318 503
540 506
593 501
800 506
628 511
1113 503
1296 514
956 531
495 509
815 511
1032 542
1097 510
1123 509
930 514
557 515
1108 532
401 521
468 518
765 529
999 521
912 519
1057 521
1135 527
1186 525
695 525
854 538
795 527
876 524
373 530
1334 535
611 529
744 535
891 527
507 529
1247 534
468 547
572 538
664 538
718 542
1394 538
541 549
1223 545
252 546
899 547
426 553
488 554
1130 548
1085 550
319 553
601 559
928 565
1352 562
706 567
1068 574
1152 562
874 593
984 564
1216 568
393 570
1108 568
788 578
1259 573
1091 573
1194 573
755 580
405 578
624 582
655 596
1384 580
337 580
949 582
1086 586
1294 593
421 587
779 587
217 593
577 589
446 591
1180 593
487 595
1012 603
714 597
1168 631
303 598
908 598
1384 614
582 608
687 607
253 607
474 607
740 605
425 604
884 614
896 629
1035 615
1239 623
816 624
723 624
1046 626
747 645
1063 622
1352 623
556 625
930 625
1109 636
1313 648
529 627
618 626
1079 629
709 634
604 636
964 642
1567 633
693 636
913 636
1013 644
457 646
878 638
1203 639
505 638
1129 639
641 648
792 646
1144 642
1041 643
1080 656
938 665
487 651
1236 660
773 660
824 652
1123 674
884 655
908 656
583 658
842 668
515 662
413 664
281 667
657 670
976 684
691 673
1270 670
492 672
639 675
320 672
803 681
883 676
1150 681
1174 677
1033 679
735 681
755 685
563 686
873 687
1015 686
1050 686
1087 688
1330 703
481 691
589 694
825 692
852 700
674 696
1096 697
1284 708
231 699
649 702
990 700
1153 711
274 700
484 707
785 705
870 708
325 708
905 710
1087 710
749 713
698 716
733 714
127 714
989 722
689 725
1009 728
614 730
830 735
302 727
436 726
467 728
864 728
719 728
1057 729
1076 746
672 740
913 732
342 733
704 738
800 734
216 736
586 742
509 740
845 755
1157 764
783 743
1124 761
1200 749
401 750
437 750
1317 761
593 764
772 762
880 759
910 767
1048 776
671 766
716 766
509 770
752 775
890 771
945 774
692 772
624 773
1356 778
206 777
394 779
1093 783
836 781
1070 779
1707 776
1283 791
1256 786
438 786
457 785
626 793
943 817
1232 796
558 790
482 793
757 794
434 792
656 793
863 801
1111 824
182 796
334 800
1345 811
601 803
828 808
1106 802
437 806
356 809
1189 823
802 816
463 816
657 816
867 824
512 821
252 822
447 821
715 821
644 829
843 835
1031 828
1256 832
179 831
531 830
810 831
1815 832
617 833
1364 839
441 839
504 836
773 848
499 840
663 841
360 842
460 847
540 855
908 849
1068 849
949 862
971 852
1018 853
1126 855
685 852
253 863
675 859
1695 856
796 870
981 870
161 864
416 863
478 863
1046 865
1076 865
367 865
690 865
889 879
401 871
515 871
556 873
666 875
723 871
1053 873
935 882
427 878
813 878
1019 880
1114 886
1057 880
1217 882
1252 882
1626 879
122 881
603 884
684 882
719 885
996 904
854 887
1231 903
257 890
1160 902
613 897
689 900
490 897
845 897
646 900
749 903
1419 902
453 904
1557 904
161 910
588 908
893 909
1274 911
478 912
823 916
591 929
732 922
785 922
654 920
666 925
818 927
841 926
1106 929
424 928
860 926
1726 924
939 929
710 932
1252 936
156 932
492 931
563 936
932 1078
806 938
1029 941
1071 942
1668 941
351 943
548 949
915 957
753 949
1192 950
470 950
661 951
226 953
411 956
897 962
557 957
657 959
1007 959
1167 968
685 965
851 967
953 978
1331 968
1403 961
583 968
630 964
1015 965
439 964
1053 967
1260 971
933 975
345 975
668 974
403 982
499 980
649 978
986 992
693 980
1296 991
864 987
1827 991
486 990
1334 986
911 989
684 991
582 996
1158 1011
663 1002
835 1001
1029 1021
508 1006
1013 1003
1062 1003
594 1008
639 1008
812 1008
1213 1009
247 1015
364 1016
432 1015
674 1022
932 1017
615 1019
213 1020
945 1029
565 1024
964 1025
1203 1030
1338 1025
901 1029
997 1027
139 1028
922 1030
881 1035
982 1044
1284 1035
423 1039
487 1039
1015 1044
393 1045
447 1045
459 1047
912 1055
1258 1049
72 1048
475 1049
662 1056
1007 1054
631 1052
1529 1053
344 1057
1660 1054
1804 1057
324 1060
637 1071
964 1065
432 1060
1122 1067
1271 1074
549 1068
278 1072
884 1072
346 1080
535 1076
648 1076
1223 1078
1798 1079
530 1086
575 1092
676 1092
427 1092
903 1092
1207 1092
1225 1092
1289 1104
1365 1094
1313 1103
699 1104
205 1105
1170 1115
1224 1111
1561 1105
1575 1103
1326 1106
317 1109
664 1118
740 1121
470 1121
772 1118
1349 1119
1100 1122
501 1121
573 1122
644 1123
559 1128
607 1128
48 1130
1344 1133
438 1142
644 1135
1318 1134
383 1139
1396 1139
1499 1136
657 1139
784 1141
1126 1145
1587 1139
595 1147
684 1143
733 1149
1489 1144
1624 1144
149 1150
1176 1150
526 1152
1214 1148
1152 1156
1241 1152
1301 1153
1633 1153
562 1158
618 1157
1665 1158
129 1158
450 1159
782 1161
421 1162
1244 1170
1260 1171
315 1168
1376 1176
1393 1172
864 1175
408 1181
1211 1184
689 1180
902 1181
1248 1188
1464 1188
142 1191
721 1196
1667 1190
760 1193
1363 1199
1470 1193
473 1199
629 1204
1325 1209
1427 1210
376 1213
409 1212
1257 1215
850 1218
515 1218
1176 1219
1313 1224
414 1225
427 1224
1468 1225
1253 1226
1355 1226
