909 615
137 9
419 2
672 25
933 10
1113 10
1320 5
1007 14
1399 11
432 12
1186 24
1443 13
263 29
981 20
1474 27
968 39
1131 34
542 34
1394 32
487 54
609 42
995 40
1375 37
1633 39
380 62
721 45
1477 48
700 57
796 60
1161 71
1325 56
1584 62
1681 107
440 66
577 63
1802 99
713 96
991 69
1537 68
1344 79
259 114
1317 84
1077 86
1423 86
1379 88
374 109
1262 99
986 101
338 105
1143 121
588 113
1472 112
674 129
1099 117
741 127
495 133
1564 184
1518 132
699 148
524 137
1290 145
1394 138
1490 141
974 150
1360 146
1834 156
914 171
1258 181
1225 165
536 169
744 170
990 165
1137 170
818 178
1498 178
609 184
406 186
425 185
1299 188
1362 185
661 200
964 189
789 200
975 195
1366 219
1126 213
234 208
719 259
939 235
999 222
1450 235
542 221
1269 228
1073 234
442 231
564 243
753 237
1635 248
1137 247
1227 238
1690 242
668 250
1528 248
1828 277
1169 265
547 251
1489 272
411 255
1102 253
384 257
994 256
450 266
1242 260
1301 259
227 272
320 271
431 272
768 277
983 284
1373 270
1110 282
1586 293
560 280
537 279
1229 289
1442 281
1083 297
576 287
601 286
1251 295
1772 292
1361 285
655 298
1007 295
794 299
1346 301
1323 298
1125 305
278 324
355 317
538 306
1372 310
821 314
1286 311
1747 320
1361 314
1419 334
707 329
996 319
647 336
729 328
1350 335
1124 333
1146 338
810 344
1170 373
496 341
570 342
1103 354
837 347
1340 343
1479 357
935 350
1262 354
1326 358
454 356
1239 358
1359 358
1377 386
822 358
1272 360
413 364
589 372
784 377
1813 365
1752 378
1837 379
934 373
1287 399
1321 375
611 381
637 384
859 396
416 385
1053 383
1264 383
524 388
882 394
1311 390
556 395
972 392
1188 430
1474 392
443 402
726 406
819 400
525 404
1014 403
697 411
841 402
1070 406
1120 408
807 417
1308 406
756 414
979 429
876 419
1090 436
1343 423
1057 420
829 430
1279 425
715 435
616 428
854 428
909 434
735 435
1253 431
1337 435
1439 433
1709 437
669 433
413 438
265 446
964 440
1159 447
1829 451
789 441
1368 442
1031 444
801 448
1451 448
1269 451
465 456
490 451
1793 472
785 452
1717 481
849 458
919 469
888 467
984 466
1218 467
241 468
1463 494
458 478
1429 480
272 483
1247 478
627 482
795 484
1152 500
506 498
817 501
936 489
1041 492
1224 504
1629 493
1750 507
1170 493
1273 508
1321 497
776 503
1124 497
1258 498
886 510
952 503
281 520
362 516
444 510
698 521
972 512
1834 535
795 520
1292 523
1391 532
578 532
1120 522
1162 521
549 520
747 527
721 533
461 529
1080 532
1596 527
1624 548
1673 534
852 584
1208 540
1336 550
309 541
527 543
631 547
989 539
1014 540
1149 539
683 546
472 545
1417 554
1273 548
1172 550
1133 550
553 566
1749 552
343 559
1215 559
527 560
1137 562
619 564
728 569
1035 563
1087 564
1656 572
286 573
974 565
1812 573
935 567
1152 567
739 591
1135 574
1317 610
1050 582
1141 583
1227 585
1266 589
1422 585
768 590
1007 585
1746 583
419 588
490 587
1464 589
980 589
526 589
1089 590
449 599
504 590
806 593
1245 593
1120 595
1220 595
957 600
1128 614
1704 604
1088 606
1224 609
1066 605
1201 608
1529 625
1665 614
477 612
968 613
291 623
1190 620
869 618
973 623
1218 621
1592 635
789 623
886 630
691 630
947 629
1045 631
487 634
615 631
1100 638
825 642
1238 637
542 637
1836 636
581 639
795 654
1160 645
981 644
1035 642
933 644
1749 666
1223 648
1258 651
1381 645
522 650
1447 652
713 662
851 661
1102 673
1596 661
377 660
507 655
547 655
1322 655
744 663
1013 658
908 659
1207 661
1034 661
1275 665
353 663
664 663
949 664
641 670
1063 666
1369 669
813 669
1077 667
966 670
300 674
540 671
601 677
940 671
1016 671
1529 685
1182 673
1198 674
1563 677
449 676
1339 675
1820 676
730 685
1035 678
1236 687
827 683
1382 686
618 688
790 687
431 692
1347 687
544 694
1000 692
307 691
1132 703
902 699
297 704
513 702
653 701
1198 702
456 726
1234 707
1818 728
721 712
906 708
1108 710
1692 715
941 709
1306 710
596 713
746 715
855 838
494 716
534 715
1158 729
1274 720
912 717
944 722
1749 742
586 720
1219 720
424 726
1126 726
1366 728
999 726
307 730
1075 740
1182 733
906 730
1635 739
661 739
815 740
1507 732
1209 737
1240 736
599 741
1130 742
1712 781
762 745
1360 743
782 748
919 744
313 750
579 750
959 749
1153 752
1588 750
872 751
1572 763
376 760
742 755
1476 753
406 759
938 758
457 758
1664 768
513 762
763 764
810 762
1107 762
1215 767
340 768
474 763
1628 766
1138 779
1272 764
1120 769
1234 766
950 769
1243 770
546 772
1186 799
1286 779
1341 778
937 776
1083 777
808 779
1688 781
1751 781
1222 791
1416 786
1448 785
1107 791
1378 792
574 795
792 800
1374 798
1497 812
1622 803
957 799
809 803
1096 801
1045 807
462 807
1224 829
1156 813
1286 810
1096 815
1647 829
866 816
1065 817
1076 821
150 823
441 823
594 824
1103 843
1137 824
1161 824
1454 827
1615 837
421 835
1442 830
1268 830
1168 835
505 837
1195 850
397 842
891 844
562 845
1543 845
576 847
1293 860
1582 859
1569 850
1252 853
525 855
1463 857
1602 857
1103 859
1494 859
431 871
1251 868
1077 868
1533 868
1609 870
1376 866
1502 866
325 874
1172 869
1223 868
1448 879
1051 876
1122 878
537 876
1163 883
1094 889
1208 885
1152 888
1689 894
583 891
1186 890
1383 890
1567 911
453 894
1074 897
1414 892
1215 893
1130 913
1290 896
1532 896
773 901
795 903
1044 901
1156 903
1364 908
1500 907
1106 910
739 909
1236 918
447 909
1328 922
1193 921
731 917
608 919
712 920
1264 928
1708 928
470 925
717 925
1061 930
808 930
1140 946
512 932
1086 930
1230 932
1357 931
1690 930
730 934
782 937
1389 933
902 937
1208 938
702 939
754 940
1032 939
1167 940
452 943
672 943
891 942
1239 949
1540 944
723 950
1116 945
1216 944
1287 950
1446 946
1348 955
1518 949
423 952
826 951
1766 959
96 955
627 952
1379 953
705 960
744 961
1180 970
1097 962
1322 959
361 965
523 971
76 964
1216 968
1108 974
1591 970
327 972
1030 976
1629 970
1462 978
427 979
767 984
1263 973
344 981
457 979
1443 978
1195 982
1540 991
375 983
1425 991
721 989
1141 986
1355 987
984 993
1584 991
1698 992
1017 1002
412 992
366 993
1647 997
460 999
1753 999
451 1010
1508 1007
828 1005
1098 1012
1422 1011
1601 1011
1315 1021
1113 1021
1133 1014
1394 1015
268 1016
983 1020
690 1027
894 1021
801 1025
1280 1022
718 1025
827 1024
1220 1032
541 1025
357 1034
1242 1029
1276 1032
749 1041
330 1032
662 1042
137 1037
1044 1039
1484 1039
1614 1040
1445 1042
1696 1042
1505 1050
1817 1044
363 1048
430 1049
1061 1044
1056 1049
1176 1054
1555 1050
534 1055
1020 1056
1128 1065
375 1058
1242 1057
72 1059
442 1060
634 1059
658 1060
911 1061
961 1062
994 1064
1064 1070
1385 1066
541 1062
682 1064
33 1065
446 1066
1097 1071
1598 1069
1621 1074
1228 1080
1477 1073
1808 1074
40 1071
651 1075
1078 1076
1400 1087
1546 1081
1210 1083
1426 1085
199 1083
636 1089
684 1086
423 1086
534 1095
1124 1102
1328 1092
117 1093
1190 1094
1483 1095
678 1101
872 1097
126 1099
1092 1098
1338 1100
1668 1103
121 1109
1719 1107
1035 1110
1662 1107
722 1114
370 1111
643 1112
1263 1117
1809 1113
1057 1116
1081 1116
398 1120
1816 1118
1355 1124
638 1126
1202 1122
559 1126
1341 1125
462 1131
1426 1135
650 1130
1348 1130
1215 1136
430 1136
564 1137
1465 1136
1536 1136
438 1141
479 1142
1152 1140
1408 1140
1291 1144
1515 1143
379 1145
680 1146
1640 1147
1732 1149
1791 1145
1320 1147
1452 1152
952 1150
990 1151
1069 1154
261 1156
608 1156
661 1162
473 1162
1057 1161
1289 1162
1491 1164
1637 1161
818 1167
500 1167
1025 1173
994 1176
1522 1177
569 1176
692 1175
1225 1178
1082 1183
1139 1181
466 1182
1338 1182
1436 1184
975 1188
547 1186
1655 1185
94 1188
436 1192
1534 1190
345 1190
1484 1191
1114 1193
1309 1194
326 1193
360 1192
664 1201
1567 1204
1166 1203
371 1205
1360 1217
1050 1208
1082 1213
192 1214
445 1218
929 1215
1493 1213
1455 1216
1229 1217
1049 1224
1093 1225
1339 1224
535 1225
1068 1225
180 1226
285 1226
421 1226
996 1226
1292 1225
1729 1227
