909 617
156 11
334 3
460 5
611 3
730 13
783 42
1053 1
1218 2
1259 19
1624 33
1689 20
1815 17
958 18
1174 15
683 25
854 15
1014 17
446 18
973 28
1069 27
356 42
481 31
1170 36
714 39
986 34
1401 42
1515 45
458 55
915 43
483 50
968 55
1129 93
1060 74
951 68
679 68
1235 83
320 67
865 71
929 66
740 70
913 68
1341 77
1111 71
1161 68
1412 83
590 78
1446 96
564 82
814 89
892 78
138 84
848 99
720 92
1044 93
1682 118
363 125
383 99
654 103
1191 99
997 102
1114 103
1478 110
874 125
506 110
436 113
1198 113
1148 116
312 122
429 122
768 134
998 126
1024 130
1609 162
421 133
333 136
1195 136
911 143
496 146
816 150
1138 142
945 169
458 152
574 153
839 152
93 155
967 153
1381 164
716 158
791 159
1156 159
1020 164
1057 166
1581 164
1132 170
704 206
764 176
382 179
831 176
1302 187
1225 197
863 181
1154 184
894 189
1385 195
734 214
1643 205
502 198
759 199
205 198
468 199
790 218
1008 198
959 204
725 201
978 203
383 209
1535 238
1278 214
1086 223
1187 221
427 214
1164 211
1123 228
899 216
610 218
819 218
1243 238
1336 242
464 225
766 235
910 226
1155 226
814 236
1050 229
1005 231
1701 253
535 236
1074 233
1030 233
406 246
316 243
871 243
616 252
1153 261
859 252
893 249
1103 252
1461 284
636 255
1126 252
368 255
971 257
1177 267
1835 258
1429 268
537 268
477 275
851 271
1047 267
1581 294
1738 290
916 361
1362 283
1061 277
1120 277
510 285
858 282
758 293
1008 288
412 300
811 291
1392 290
729 292
1135 317
1307 305
218 307
766 313
1176 318
182 307
851 321
1227 326
50 317
728 310
1086 311
799 328
1027 316
463 323
1337 335
1045 324
502 327
838 332
1102 354
1502 345
21 340
677 344
825 357
1407 352
753 343
720 343
1610 350
516 353
1522 370
493 364
765 352
1009 352
794 371
1228 364
462 367
632 367
1029 361
1125 381
849 370
414 376
516 377
1378 374
200 380
1068 386
476 388
760 386
823 393
1288 391
243 392
676 396
415 398
515 395
853 396
1044 414
384 399
1267 405
1446 409
1173 411
465 405
490 407
999 418
438 410
1113 412
561 416
1472 437
756 418
798 423
838 418
818 420
1357 425
1606 428
427 423
1524 440
535 430
920 432
1081 431
774 434
940 433
1386 433
1566 440
132 441
1113 449
1378 477
507 452
932 456
798 461
1677 457
982 457
814 460
892 460
511 463
644 463
779 466
1029 462
558 469
742 478
1153 473
1260 466
865 465
1006 467
1088 482
1617 500
857 483
871 480
1043 495
1063 480
1304 489
618 485
885 489
468 484
764 492
811 485
1012 485
784 486
953 498
344 491
440 492
716 492
791 521
860 511
922 499
1097 500
1121 500
1423 514
1459 506
445 509
499 505
139 510
1562 514
745 513
1084 511
678 517
1522 517
98 517
575 514
587 516
897 519
183 520
988 523
1167 523
928 524
1464 528
1312 532
523 534
567 528
747 530
1009 546
734 532
1092 535
681 537
870 537
959 536
445 540
809 544
836 546
909 544
1215 550
1258 548
667 547
761 549
919 545
718 551
1490 557
1060 553
534 550
3 560
883 553
507 556
1108 565
1312 558
1346 568
891 602
1073 560
444 565
1092 565
1549 567
914 569
701 580
727 573
1015 579
1444 590
539 585
774 594
961 579
852 582
1376 586
790 583
954 589
1156 590
1220 597
447 595
322 600
786 598
839 600
974 598
1097 597
1081 601
1015 602
456 608
1271 616
1288 605
815 609
1031 678
152 610
556 610
1249 612
1191 613
513 612
754 616
791 623
1474 618
1496 628
767 617
425 619
524 619
616 624
634 628
459 630
122 632
571 631
1039 630
1063 635
1433 643
412 637
1094 638
542 638
677 638
1137 654
801 642
748 645
1275 646
921 868
1082 650
1110 659
977 658
458 656
470 658
1177 660
169 661
536 665
970 665
1539 668
1194 667
1396 674
852 667
991 667
662 674
978 678
1287 673
460 677
903 687
595 684
820 679
804 688
472 694
393 691
572 692
1330 692
1254 698
554 707
1341 696
1283 720
624 704
892 706
937 724
1531 705
1407 706
520 709
957 714
1317 735
206 711
1468 713
830 719
1578 722
1399 732
1158 725
822 725
1251 731
979 731
536 731
671 734
1210 738
188 734
878 739
743 738
1190 736
607 737
553 742
895 740
167 741
208 743
1525 749
1385 753
492 751
521 751
1149 754
1174 752
934 757
1125 758
605 758
1506 761
902 761
621 762
837 762
1060 764
1094 764
1351 768
398 767
1040 769
539 772
720 771
443 772
477 774
567 774
1065 773
636 777
1007 808
1249 777
484 781
925 782
609 781
1061 782
1344 780
1452 783
1629 781
643 788
858 793
1140 788
1252 790
744 797
1173 794
1388 799
904 801
835 801
1095 798
467 807
1425 803
691 804
1325 812
1483 806
1536 807
1209 811
1078 813
566 812
684 812
659 819
1167 819
1347 821
613 819
765 828
1153 824
344 830
485 833
1355 838
256 838
720 838
1229 841
1457 836
670 840
771 841
562 842
501 849
1302 850
644 850
1335 860
1411 853
565 858
1357 859
761 863
1192 862
1264 863
709 868
266 868
581 867
450 872
752 880
1190 884
1304 885
1436 883
562 886
1271 901
672 896
1168 900
1391 901
781 904
705 902
1332 911
1352 902
736 903
1470 909
553 909
340 915
526 918
1364 916
743 924
1234 937
1393 928
812 928
1479 925
1797 950
774 932
794 933
1264 941
1387 936
1160 940
1351 944
778 946
1305 954
783 951
1075 951
1176 953
1197 954
1094 956
1247 955
1336 955
1256 959
602 960
730 961
1428 965
1001 968
507 969
1051 970
1165 969
1323 977
276 978
1071 986
1141 979
754 992
782 984
898 982
1223 986
1331 988
1273 993
1477 991
718 995
1217 995
1339 995
1167 1002
591 999
939 999
1247 1006
535 1007
1295 1009
1278 1010
732 1011
927 1016
1153 1012
1135 1014
1204 1026
1330 1017
1372 1027
521 1021
712 1022
857 1025
1123 1021
1157 1026
1252 1031
771 1027
838 1029
1068 1028
1143 1032
1329 1031
1273 1036
1015 1038
1202 1038
735 1047
1091 1041
356 1044
1315 1044
769 1045
906 1046
1191 1047
971 1049
533 1054
1151 1054
769 1061
1074 1062
1093 1062
1266 1058
1374 1060
641 1064
933 1067
1117 1070
1288 1069
606 1073
1270 1072
998 1074
923 1077
1012 1077
1168 1076
1248 1075
343 1080
1305 1080
877 1081
1156 1081
1188 1091
1026 1086
1217 1089
1326 1091
1401 1085
777 1090
791 1094
1277 1091
1310 1090
1355 1092
1132 1094
1000 1097
1228 1099
20 1106
1035 1102
1389 1105
1263 1102
1167 1111
616 1112
678 1117
912 1116
1495 1116
797 1118
1431 1120
946 1123
1067 1125
1246 1130
1009 1126
1445 1129
1275 1128
763 1131
1225 1129
1160 1132
1317 1131
810 1134
1332 1132
1372 1136
906 1136
705 1138
1186 1148
1219 1139
687 1138
1120 1140
726 1142
754 1143
1212 1146
1353 1144
977 1147
1266 1149
1408 1149
720 1152
1108 1153
1615 1154
1709 1154
1245 1156
619 1159
755 1159
1222 1168
1563 1157
792 1161
929 1164
1242 1163
1353 1166
1507 1168
946 1165
976 1172
1039 1167
1817 1169
1097 1170
1412 1172
1010 1172
1038 1178
1121 1173
1289 1176
1097 1187
1110 1181
1142 1185
441 1184
1227 1194
902 1195
927 1195
1000 1194
1193 1195
1249 1193
1394 1193
1692 1194
1204 1208
1557 1200
1237 1204
860 1206
1373 1206
946 1207
983 1212
1164 1207
1388 1212
524 1213
741 1212
179 1214
1252 1216
1305 1217
1219 1221
1240 1217
1073 1223
1144 1223
1345 1224
325 1225
970 1224
1288 1225
1557 1225
5 1225
1207 1225
