905 615
144 54
339 16
399 9
483 1
629 6
849 40
1017 7
1214 9
1333 3
1384 7
1443 3
1469 4
1624 13
1786 8
452 9
1121 13
952 20
1053 28
1372 19
539 20
1294 19
746 27
682 28
715 35
981 27
1437 40
1151 38
1801 48
1029 42
1269 35
1007 37
1335 49
1317 45
323 50
1227 46
510 48
825 54
1354 48
1392 49
1725 57
1099 52
1177 55
569 56
1048 59
1254 61
744 64
1834 78
1363 62
1219 68
407 71
540 79
1090 81
1127 74
1270 81
1292 97
1335 80
1359 81
1473 96
768 88
966 86
702 90
274 99
557 97
1232 124
1409 93
415 97
226 98
1080 125
1341 110
988 105
1367 105
605 108
645 108
1558 127
1064 109
687 123
1399 126
186 119
785 118
827 120
1253 123
417 129
1182 122
1127 126
1316 128
272 137
1285 134
1778 155
554 140
1434 140
830 147
1009 146
635 149
474 145
1187 151
1383 147
966 154
1358 163
587 159
815 159
1304 159
1838 159
1108 164
239 164
386 164
553 162
360 165
1387 167
1200 166
533 178
951 172
1030 190
404 172
639 174
680 176
313 182
1509 187
1317 179
1208 180
973 181
1271 193
1089 189
1375 189
445 190
637 194
727 196
1239 197
1322 195
1653 203
710 202
1476 211
756 204
1415 200
931 206
1386 205
604 207
1090 206
1334 205
1749 205
1294 211
1347 206
511 222
467 212
408 218
879 215
1527 241
740 222
1128 222
1017 223
1067 223
1656 239
1801 248
991 238
806 235
1254 229
277 233
385 243
1102 237
1141 239
1371 237
681 237
1193 233
1185 253
1316 245
1425 250
1738 246
949 249
1214 251
1357 258
1836 255
1046 253
1065 251
435 253
1156 256
521 262
562 271
716 261
917 264
873 267
1224 260
410 261
213 273
356 269
897 267
1167 265
692 271
826 270
1308 277
944 280
1077 280
621 283
723 278
295 285
430 279
1057 279
1269 282
503 282
1183 287
1361 286
353 294
385 296
685 307
996 299
604 295
1778 299
244 295
661 297
1051 311
1353 294
1283 297
1033 300
1229 311
510 305
1341 305
1581 315
1105 319
1360 313
714 315
903 307
1164 315
1277 312
1182 328
663 329
1141 328
1271 328
1499 339
734 333
404 334
1723 343
1220 346
700 339
1059 343
1188 386
1252 347
1346 336
621 341
1189 339
489 342
1012 339
932 345
968 346
1122 355
1277 353
1340 345
519 351
962 349
994 361
1696 352
1293 354
1312 352
860 360
1021 357
1523 375
426 361
685 366
1306 357
975 364
1324 365
1347 367
1685 367
609 370
1259 371
394 369
657 370
1046 390
342 377
361 380
719 397
934 380
624 383
1147 390
1284 382
962 386
205 389
757 390
601 392
1011 390
1093 398
1124 394
1274 395
217 398
255 399
1292 400
958 403
1592 408
1735 416
1280 407
405 411
445 411
1172 415
473 411
1018 419
1042 418
486 415
938 416
1377 421
1330 426
452 419
1143 419
1256 422
643 434
349 425
916 427
950 435
1276 429
1029 430
1668 439
1044 442
459 432
1003 434
1075 435
1176 433
1107 436
1156 449
336 440
982 440
1348 439
692 441
1768 455
504 445
1180 443
1272 445
229 450
539 448
679 449
962 448
372 454
401 453
416 455
593 453
1078 462
1245 453
1307 454
822 462
726 464
1000 461
1132 460
1018 463
1325 463
1553 469
479 466
1283 466
1524 469
526 467
1406 477
1183 469
687 473
1257 485
1157 491
342 479
928 479
605 492
667 481
966 484
1719 493
1192 491
1299 487
1326 490
797 495
1075 491
1229 495
1538 496
672 492
737 490
1296 510
1590 505
892 495
686 497
1179 500
640 504
1213 508
1632 504
363 507
936 516
1367 517
190 510
1235 508
1351 509
580 512
737 508
1193 511
1785 518
1029 515
987 518
1173 517
1686 524
156 521
223 527
409 519
660 520
689 521
714 521
795 525
818 526
1218 532
1241 525
339 525
624 525
1063 541
1120 538
1736 544
594 541
255 537
860 538
1278 535
196 540
496 538
969 567
1255 536
1188 542
1250 542
667 545
696 549
1597 557
235 551
342 547
1176 553
394 549
920 561
1014 550
1295 549
1362 549
545 553
807 554
1220 552
420 553
1206 554
1244 553
1654 557
595 568
273 559
718 560
1242 561
1045 563
351 565
1699 571
383 567
1041 613
1270 566
446 567
1631 571
539 574
1234 573
1204 574
901 577
1058 583
1788 577
1146 582
204 585
710 583
1212 584
1613 583
549 585
1266 591
695 590
1286 588
808 589
923 593
1161 609
1105 595
1193 600
1277 604
643 598
1614 607
945 607
1778 601
1115 605
607 611
894 611
350 608
1197 608
1428 610
1502 620
666 609
777 610
1570 619
1120 616
366 620
1272 622
600 625
863 623
949 634
1260 626
1242 629
555 632
1197 629
584 633
696 632
753 631
838 633
901 631
206 634
724 637
855 635
374 637
659 635
917 639
1141 637
993 638
683 651
777 644
1677 640
931 648
1160 644
1177 643
1421 653
977 646
1102 647
1516 651
1641 654
218 650
1041 651
1175 664
1826 656
487 651
1097 654
583 664
1610 655
450 658
997 659
1067 669
1122 661
1204 662
399 660
542 660
1257 661
472 664
885 664
245 669
537 668
843 669
939 670
1016 669
1252 670
1332 671
1664 676
264 674
954 675
1269 677
1535 689
1708 701
915 675
1483 677
561 675
676 677
363 679
616 680
705 682
1604 713
733 681
654 687
932 690
328 690
974 695
1175 685
1224 687
556 691
949 688
1189 689
202 689
693 690
1041 692
1163 705
279 698
1025 697
1277 701
1375 701
672 696
735 695
843 700
915 699
955 698
462 709
1061 702
369 704
1226 706
373 707
402 708
1035 859
576 709
608 710
1562 708
386 712
668 714
545 713
1004 715
1189 714
1240 716
1069 723
1107 719
1206 717
787 719
444 723
530 720
561 719
699 718
746 721
518 725
608 731
1452 729
718 731
1199 730
1225 727
499 728
795 730
1142 729
221 732
675 732
275 737
392 733
1413 733
1567 733
304 736
1214 735
920 739
1031 740
1341 761
1476 737
1513 738
554 741
584 752
671 744
1084 750
781 746
1577 745
703 745
761 746
1164 754
1286 748
283 748
355 749
1112 754
1248 750
418 750
1266 752
1528 750
254 753
665 754
1137 766
1203 754
1398 762
567 767
1436 773
1192 762
397 764
1562 774
341 768
443 767
502 768
998 773
479 772
1155 773
685 774
709 776
929 781
1073 786
393 783
1125 780
1292 780
1833 779
1483 784
583 785
616 817
779 788
1111 802
1386 789
458 789
487 789
668 790
756 789
1400 792
342 793
1672 801
519 795
1472 793
721 797
1553 795
1051 799
1284 798
362 802
1146 811
1810 802
543 810
580 808
1348 816
1416 808
297 812
955 809
461 810
1076 812
1290 817
1608 810
1742 817
550 815
717 817
314 816
671 818
1407 817
371 818
690 821
1320 820
781 823
944 821
1520 825
431 830
982 827
1093 822
1827 834
375 825
535 825
1072 833
1048 827
1488 837
1378 835
340 832
1310 835
1463 839
2 835
310 833
529 840
553 832
1599 839
277 842
858 853
964 841
1427 842
1546 845
559 846
1051 845
307 855
1017 848
621 848
351 854
567 855
674 854
1346 857
1836 853
997 856
1320 858
603 857
1281 856
1433 866
1471 859
138 861
1303 873
381 863
575 865
1032 867
1367 862
1663 868
728 866
1006 865
1485 870
1506 865
1459 876
1685 878
633 875
819 877
895 883
398 881
597 885
665 880
1740 879
738 883
580 884
1760 900
855 892
1539 885
625 887
731 888
1566 891
1626 892
1192 897
1324 917
667 900
323 901
611 900
367 910
560 907
646 906
1411 903
1546 907
579 905
725 907
97 911
695 910
837 911
921 908
1715 931
228 910
294 913
353 913
934 912
1448 920
493 913
619 915
887 915
1576 917
520 919
864 921
968 917
1282 924
1504 928
113 922
639 924
1531 924
626 927
1635 938
1198 928
1487 929
1258 933
2 930
1428 930
711 937
888 941
282 935
391 938
531 935
1162 935
1291 936
1419 934
629 937
765 938
1310 937
1543 937
842 946
1447 948
864 953
1749 940
819 944
1132 942
1472 950
1566 978
1675 951
334 951
1243 947
1418 951
589 949
666 947
1372 951
548 949
650 955
726 948
767 952
1147 960
272 956
1826 954
608 956
624 957
677 966
1296 975
315 958
1516 963
167 961
612 963
956 962
519 963
753 965
886 965
1246 969
1328 965
143 965
483 971
911 965
1347 984
810 968
1771 972
1378 969
780 972
916 972
543 974
636 978
941 980
1417 982
1811 976
1453 986
160 980
280 979
653 980
963 983
1482 979
855 983
885 985
1389 994
1732 982
1705 985
593 987
668 985
773 993
1222 986
551 993
1748 987
951 989
1609 999
862 992
1412 992
1448 1015
857 1007
1056 998
567 1000
619 998
645 1006
939 1004
1225 1005
1254 1002
612 1006
701 1006
1773 1006
896 1007
1279 1009
1793 1008
522 1009
563 1010
1128 1020
1345 1014
444 1012
508 1011
997 1014
1246 1011
595 1013
810 1014
1178 1013
1633 1027
1284 1019
436 1019
1035 1032
588 1026
604 1022
860 1022
1007 1026
1071 1026
1536 1036
1650 1024
1315 1028
1103 1029
757 1031
642 1038
767 1035
910 1034
363 1035
884 1036
1381 1037
1512 1036
546 1037
1344 1038
924 1041
1000 1040
1360 1041
725 1041
827 1048
1424 1041
803 1043
849 1053
733 1048
1292 1053
1576 1046
1723 1047
898 1052
938 1048
1638 1051
1085 1049
1259 1052
1396 1048
1476 1060
984 1060
1332 1066
930 1055
1437 1053
1683 1055
1072 1063
1404 1071
1672 1059
246 1058
634 1064
660 1062
1249 1074
646 1065
1740 1067
1798 1064
288 1068
692 1065
833 1067
950 1064
1623 1084
433 1071
1366 1073
1495 1078
550 1078
828 1072
884 1073
1457 1072
972 1075
1107 1090
1572 1075
642 1080
601 1078
266 1082
740 1083
1761 1082
809 1086
836 1090
1436 1085
1789 1087
768 1088
978 1091
1526 1090
104 1089
1838 1088
905 1092
621 1094
1745 1099
608 1097
1285 1098
1334 1098
1420 1102
1571 1098
750 1099
1244 1102
1460 1103
1552 1103
344 1107
1305 1115
1389 1122
1485 1112
299 1109
428 1113
1272 1112
408 1111
1071 1116
1439 1115
358 1114
960 1117
886 1117
560 1117
1505 1118
722 1122
759 1119
1255 1118
97 1124
1220 1129
1318 1143
768 1128
912 1125
1428 1125
1446 1124
29 1128
939 1130
379 1129
818 1133
1344 1144
1753 1134
705 1134
906 1135
1461 1133
1562 1135
1652 1132
886 1140
1635 1135
688 1138
836 1144
1043 1141
1477 1144
1772 1138
587 1142
1273 1141
494 1143
926 1142
977 1144
960 1147
1158 1147
1826 1145
309 1148
1019 1150
1429 1158
529 1153
862 1154
1669 1153
1286 1160
1397 1156
733 1162
1730 1159
536 1163
843 1162
925 1168
1583 1160
1632 1165
313 1167
1155 1166
1527 1166
513 1169
876 1164
1659 1165
749 1168
813 1170
1070 1169
882 1185
1248 1174
1393 1178
1422 1180
764 1174
897 1172
965 1175
1589 1174
1640 1173
367 1175
568 1178
1767 1181
803 1183
1216 1189
1321 1179
1504 1181
832 1181
1545 1185
1627 1183
1700 1183
731 1187
1344 1189
1674 1186
577 1189
847 1189
1198 1192
1571 1194
588 1194
623 1195
1324 1199
1246 1200
1361 1196
1490 1198
1657 1196
1817 1206
1512 1204
1621 1202
660 1205
1544 1204
1682 1203
671 1209
1307 1208
320 1208
1583 1213
1213 1208
1615 1214
452 1210
820 1210
1140 1211
566 1217
713 1219
1351 1223
1728 1222
1375 1224
526 1224
1286 1225
1510 1226
1600 1225
