912 615
36 2
269 1
361 0
443 11
512 13
637 22
791 3
827 2
874 6
948 0
976 7
1032 0
1063 19
1093 6
1257 6
1457 4
1628 16
954 11
1314 29
1023 13
787 22
289 21
1215 25
1553 25
928 23
765 33
1099 25
873 28
1034 39
1177 42
207 35
734 36
862 47
1003 38
1144 39
1407 57
1084 48
375 45
800 46
983 48
838 56
909 57
960 51
1021 54
1100 52
461 59
1216 58
1432 65
216 60
544 62
1048 62
944 61
343 61
145 74
519 66
1174 103
1271 69
472 75
1143 72
925 71
1238 71
1110 77
1073 75
813 87
418 81
757 92
964 103
494 88
928 92
1336 134
511 88
1126 89
233 91
1045 91
1298 106
1239 97
1561 108
467 103
906 96
1696 116
415 109
518 108
543 109
1095 114
1148 109
1072 110
815 115
1523 124
364 112
846 111
607 114
1594 120
793 119
384 119
1123 120
445 126
637 126
808 125
1135 128
1234 130
527 130
924 130
1032 130
540 145
990 151
457 140
1083 138
1103 142
1273 138
813 144
1294 141
1591 146
786 149
948 162
1152 165
431 167
1045 158
1409 164
374 158
767 165
529 164
808 163
1006 166
714 171
1086 170
827 177
1126 174
482 173
1817 173
728 179
933 184
621 180
1575 175
321 179
397 178
414 179
559 182
973 179
1015 188
861 186
1263 196
240 196
497 197
717 196
974 204
1207 195
549 215
1782 213
631 215
1160 210
1482 218
1103 213
713 215
1054 211
1175 211
1243 217
419 222
470 222
850 222
1199 218
195 224
1100 232
1132 225
1350 231
583 232
1049 229
276 233
721 232
759 239
809 247
905 240
921 237
1061 239
1431 250
787 245
958 244
505 246
846 249
1484 256
1546 259
953 252
975 253
286 258
486 254
599 260
1153 259
1450 264
663 262
825 273
863 260
905 258
1070 266
1684 267
1090 260
1216 269
921 262
405 264
570 266
762 270
1108 270
450 284
803 267
493 280
1013 278
579 278
1117 286
862 283
940 287
1345 302
525 301
745 288
789 302
1090 287
1184 286
1275 302
910 303
1078 294
470 303
1146 296
832 302
505 304
967 307
1490 316
437 305
873 389
1697 322
348 311
201 319
271 315
1109 316
1179 319
1003 326
222 322
947 325
442 330
699 324
974 337
1220 321
776 326
1132 326
752 329
1060 330
1164 330
1197 330
1452 345
522 336
1118 334
1176 343
1728 344
1074 340
1108 379
690 346
1272 348
180 349
1054 348
261 359
544 356
764 355
1305 370
994 356
1342 361
665 362
1554 359
1196 362
947 367
444 382
709 379
675 384
1043 378
1504 380
403 384
586 381
625 383
776 380
516 385
536 389
1169 386
1080 387
1175 393
768 396
1213 415
1293 403
1483 396
1072 398
201 401
325 399
1042 402
552 405
1091 405
773 406
490 410
783 413
1051 415
268 419
525 433
1387 423
1439 430
243 421
799 431
957 418
1096 421
1070 421
1185 442
290 428
1099 440
1344 431
716 432
1632 453
1016 432
1686 443
838 435
933 436
963 439
978 437
1145 452
475 445
793 445
1014 446
545 448
1082 452
943 449
1066 450
1425 465
798 454
1226 464
1355 460
559 458
780 457
263 461
575 460
1024 464
1063 460
484 465
739 467
1102 465
1307 473
1659 471
837 497
966 469
1071 471
469 477
873 479
662 479
954 475
1175 486
1393 481
1044 478
1119 481
395 485
725 485
746 489
1055 484
688 498
968 490
1020 493
1429 497
154 492
780 499
1198 494
422 501
510 500
1040 502
738 501
474 504
764 507
1127 503
1157 509
320 512
1064 508
497 511
894 510
1557 508
876 585
1634 522
1806 510
1352 520
426 517
1060 516
1292 523
1790 556
372 519
520 523
1086 517
916 520
1469 521
485 533
657 527
896 530
1418 531
696 529
926 527
468 527
961 529
1370 533
757 557
814 539
552 538
610 538
1212 542
1064 543
504 544
932 542
314 552
797 562
868 547
1084 554
935 548
1048 551
1228 550
636 549
1155 571
1475 553
458 560
484 559
658 560
1061 560
1324 560
537 568
1116 560
1304 563
1394 561
1664 564
1018 564
239 569
504 575
719 571
553 569
992 570
1113 570
1584 577
264 574
954 576
823 577
1402 585
1192 592
174 584
944 586
1258 589
1064 587
1328 590
576 587
1784 591
1291 604
1600 597
474 594
534 594
709 617
1122 596
294 599
801 600
986 601
1019 605
1074 601
1154 602
765 606
1227 620
1039 625
461 616
1006 614
1069 614
1349 629
549 614
565 614
495 616
786 628
1097 625
1415 615
1422 623
526 626
1128 625
1383 634
668 628
1008 632
299 632
551 632
748 634
1183 639
1367 633
1601 639
1302 644
1151 645
471 643
808 642
884 642
1022 642
250 644
497 644
950 645
539 647
593 646
390 649
1070 655
464 650
642 655
838 653
993 649
1319 648
899 653
923 653
420 654
773 656
1024 657
1274 666
809 658
334 660
509 659
754 659
903 662
437 665
527 663
544 670
663 666
1147 668
601 667
826 675
1614 665
783 667
1035 669
1575 675
1119 673
1350 692
521 674
1063 675
475 677
630 676
1081 679
1190 676
102 678
1066 684
795 685
1185 685
1490 688
889 830
761 687
774 685
1797 685
925 698
1264 701
422 691
1071 691
709 693
1021 693
793 696
1129 694
1162 700
901 716
1004 721
1018 700
1097 700
1049 714
551 703
1475 709
313 704
810 713
1204 720
506 709
1024 708
1378 709
872 712
1126 714
1494 712
887 716
387 719
511 717
947 721
1229 718
1555 723
1249 727
1320 731
415 721
607 722
882 722
1697 721
525 724
1141 723
504 729
863 731
1609 725
1105 731
320 729
765 729
213 731
490 732
547 732
816 733
910 740
846 738
1168 739
1352 740
539 739
951 738
1113 743
1629 742
757 743
471 748
775 753
934 753
1171 754
546 752
1224 752
1274 760
875 753
1358 754
447 758
531 758
793 761
948 758
981 759
1143 760
1206 756
1294 760
462 759
551 758
281 761
1651 761
1758 763
589 764
1320 764
265 764
1150 776
886 775
916 769
1230 769
1502 776
307 770
975 772
509 772
782 773
1407 772
560 774
797 776
593 775
310 780
868 781
1342 779
1364 786
1677 780
330 783
846 787
965 785
1529 798
904 785
515 793
1104 787
1282 821
1755 787
1208 798
564 794
771 796
1139 797
1173 794
1373 794
1396 796
1655 799
1151 805
1088 804
1315 803
1112 810
165 809
1381 814
522 815
925 814
1452 818
642 818
857 816
1417 816
552 821
690 823
1406 822
582 825
1322 823
1424 829
467 827
714 826
1200 845
568 833
927 828
1175 827
1379 836
580 830
863 831
1110 834
322 833
596 833
1162 840
1534 840
212 839
517 843
288 837
400 838
1087 844
1634 840
238 843
490 845
888 844
1330 844
682 846
745 845
1609 846
385 847
1063 850
1128 851
1336 854
1400 848
467 857
558 856
1267 860
1471 852
1315 853
153 856
1040 857
1244 861
583 863
1141 861
1298 875
1775 863
1030 864
1092 865
1106 879
1144 866
1524 866
1358 870
1377 867
1393 870
1054 872
1171 872
1153 873
661 880
1579 877
363 882
739 882
1225 896
263 883
1441 892
1277 912
1404 889
1335 892
258 890
370 889
733 890
394 892
1087 899
1540 900
777 894
1186 897
1718 895
552 898
767 905
714 899
1158 910
1688 899
502 903
1198 903
1324 900
281 907
1136 908
1701 907
1031 908
452 912
1479 909
810 914
1003 913
1537 938
629 914
1207 923
1249 913
84 920
701 917
1096 924
1239 916
1462 918
530 920
591 921
1390 922
1655 927
1150 923
567 925
1060 927
1309 926
864 928
609 930
462 934
575 935
718 940
827 933
842 933
1307 940
1376 932
1421 936
1022 937
502 936
1142 940
1162 934
1360 938
1243 946
904 943
1125 944
1638 942
479 945
837 947
1035 951
1577 947
218 948
1056 960
1599 948
583 948
1120 950
1153 952
1771 949
500 953
849 953
866 954
1181 980
107 956
579 955
912 956
1331 966
1003 957
1563 963
597 962
341 962
403 964
549 968
857 963
1011 964
1229 964
1296 964
492 967
705 970
56 968
459 975
686 970
1711 970
536 974
867 977
1353 974
628 975
757 977
807 984
1292 979
1465 974
1269 988
1313 990
633 980
1147 980
1470 981
524 981
741 982
1007 981
885 994
181 986
546 984
988 985
1377 986
1438 990
1573 993
1417 987
1716 989
1787 989
471 988
1281 988
871 992
918 992
1067 993
1633 994
650 1001
1399 996
1589 995
267 998
506 1007
1124 1008
1685 1000
32 1002
1281 1005
844 1003
1089 1005
1010 1005
1102 1006
759 1010
779 1011
1488 1007
375 1010
1342 1012
1385 1010
588 1018
1053 1012
1094 1013
1240 1016
1419 1014
1473 1016
996 1018
1192 1019
1361 1015
1757 1013
1156 1016
1168 1034
743 1029
821 1017
1067 1019
1296 1031
1719 1018
107 1019
401 1018
1206 1020
1557 1019
686 1022
1410 1023
892 1025
1079 1025
1126 1033
1504 1023
337 1027
576 1025
1199 1035
1571 1031
484 1037
1225 1034
1587 1034
165 1034
518 1035
863 1034
1010 1034
1449 1034
542 1035
879 1036
1070 1038
1474 1041
1389 1037
1418 1039
1496 1036
590 1039
1258 1044
1454 1040
642 1042
1033 1042
1435 1049
397 1046
605 1043
713 1046
1212 1049
1343 1043
1626 1046
1532 1047
1364 1049
1136 1053
1237 1049
1510 1053
1633 1053
1060 1055
1185 1063
1301 1054
1395 1053
1647 1054
1382 1056
895 1061
458 1059
833 1059
1100 1069
1728 1062
437 1063
516 1063
550 1064
854 1066
1026 1069
1665 1071
1207 1090
1391 1071
1454 1072
1066 1080
1267 1072
720 1082
1635 1074
297 1073
1424 1075
868 1077
1285 1077
1366 1075
1469 1076
1604 1076
1554 1078
572 1079
288 1082
1297 1089
1406 1089
1548 1084
1608 1083
1772 1083
805 1087
550 1087
1126 1091
1271 1093
1463 1087
1377 1097
1595 1090
715 1095
1354 1091
524 1093
1046 1094
1142 1097
849 1098
1655 1099
511 1100
1019 1103
1080 1110
1109 1109
1442 1106
1616 1105
1038 1107
422 1108
519 1110
1050 1110
1425 1114
728 1115
804 1111
1004 1112
1253 1113
637 1112
1374 1114
1518 1119
1133 1123
1722 1119
1504 1125
644 1130
780 1129
1036 1129
1223 1132
1401 1133
1435 1129
1574 1127
1768 1127
462 1130
1252 1133
595 1134
1103 1138
521 1133
730 1137
743 1139
1781 1138
1197 1147
605 1143
881 1145
1046 1146
1299 1141
1421 1149
1065 1147
1174 1148
762 1149
411 1149
1109 1150
868 1153
1618 1154
699 1153
1269 1154
1435 1158
1499 1162
1035 1158
1059 1161
1537 1162
1242 1165
1468 1167
778 1165
1101 1171
1347 1165
1216 1169
1031 1172
1320 1174
1357 1170
769 1171
626 1179
1222 1182
1185 1180
99 1180
1081 1178
1166 1178
1434 1178
289 1184
1367 1182
464 1181
643 1182
1470 1183
727 1184
1025 1190
1064 1183
995 1187
1089 1188
1297 1189
1048 1189
1448 1190
752 1191
1165 1193
1182 1196
990 1195
1379 1199
1276 1202
365 1202
746 1200
883 1203
1366 1200
867 1208
969 1204
140 1204
1088 1206
1306 1206
1010 1209
1050 1206
1580 1215
1195 1219
592 1209
1054 1210
1155 1212
1356 1210
1028 1211
1133 1220
1370 1216
1399 1214
1702 1217
452 1221
1174 1218
1230 1222
1519 1222
813 1224
1117 1224
544 1224
1047 1226
1074 1226
1681 1225
1009 1226
1303 1225
1406 1225
1486 1226
