904 621
66 3
296 13
539 4
653 5
676 4
754 8
804 6
863 3
902 28
952 8
1026 3
1116 0
1138 4
1228 46
1295 1
1469 11
1519 2
1681 29
1730 112
972 12
452 27
1065 25
1563 41
1085 57
832 26
1242 23
378 29
933 43
255 32
598 36
690 37
1823 42
1598 41
202 55
986 51
530 54
1005 49
1128 104
564 76
1185 70
1319 60
275 64
849 89
614 69
953 73
1373 84
915 78
244 78
1164 91
91 89
778 93
355 94
900 92
675 101
948 107
1430 123
302 104
413 111
804 105
1614 119
512 105
1258 104
763 129
171 110
1174 108
538 118
1569 113
383 116
1225 120
1517 137
320 124
1195 118
1316 120
928 130
1164 126
256 128
115 148
293 130
162 135
1011 136
434 141
1568 148
946 143
1100 174
1263 137
612 141
1469 143
876 144
1176 146
230 150
299 153
254 151
273 163
559 165
1469 173
1385 182
452 176
1194 175
1611 167
773 181
807 172
1030 174
1534 174
317 176
738 175
96 182
1166 178
1177 192
560 188
1216 187
406 200
342 194
1498 190
190 194
80 201
492 199
1085 198
164 204
807 204
228 207
1613 214
515 220
576 214
1524 210
137 220
651 217
1209 221
252 222
274 220
864 219
952 221
1146 234
1177 223
786 221
1041 251
464 226
845 241
904 234
1768 232
1560 229
1388 246
545 249
792 240
956 234
642 241
1011 238
673 245
324 247
1672 309
1415 270
950 261
1368 261
98 268
1156 262
276 273
391 267
1135 265
1193 263
335 268
431 295
896 274
128 275
1210 280
748 283
863 276
1003 275
75 277
503 279
1514 301
966 286
1115 287
148 287
851 293
1065 293
369 291
1101 311
1013 297
1129 302
1162 299
275 309
562 307
354 308
1143 318
1812 318
802 310
952 328
108 313
825 314
899 315
1076 315
912 317
1388 344
134 326
625 321
778 320
1015 323
1216 340
409 330
890 327
1191 329
740 333
1113 332
99 336
795 356
1473 349
1075 339
917 344
991 343
1016 343
1101 385
750 360
1043 370
1136 349
1417 359
386 355
1121 360
289 357
925 361
1022 356
1169 356
230 361
849 361
1569 362
339 366
1705 369
186 363
520 369
865 367
882 370
1007 367
478 372
1178 369
1071 376
1543 388
902 374
457 372
1321 381
431 397
444 378
1159 388
1221 394
912 381
997 379
739 385
1128 383
114 382
862 384
1765 400
567 392
940 389
1484 394
289 390
328 401
701 395
522 400
871 401
976 396
1004 398
1185 394
1582 410
72 398
141 405
186 396
893 397
503 401
256 404
1121 401
1407 416
1169 410
917 412
1160 420
278 415
569 428
746 420
892 435
247 420
1330 430
700 421
1544 419
267 423
1032 427
816 428
665 432
603 436
534 441
1075 438
1001 435
1269 443
493 441
771 440
1172 450
1542 467
1152 440
42 451
639 444
738 442
1708 455
176 447
300 453
1091 450
970 452
1054 452
808 463
866 480
693 462
1372 465
1004 472
1076 462
1153 461
391 469
734 472
210 467
758 470
321 467
954 478
302 474
783 472
985 469
910 485
1148 474
1095 475
492 480
837 478
353 483
328 487
820 497
1078 486
151 490
1662 502
749 493
1112 491
948 492
972 491
1001 504
75 495
319 494
1064 493
1159 512
557 498
1125 506
1027 499
1597 516
1698 499
106 508
409 502
661 501
1047 512
757 501
982 501
338 506
959 525
1367 513
1452 511
1715 516
198 511
761 509
875 514
1108 511
1487 513
1329 514
454 534
1426 524
379 521
1075 526
1115 524
993 542
891 532
89 533
0 539
315 537
1025 534
1449 544
928 537
718 540
1155 550
810 546
230 542
597 546
131 548
682 548
1077 545
729 549
863 548
1688 595
751 557
877 552
1093 554
364 559
1288 562
306 556
846 567
541 560
875 568
1027 575
734 573
946 563
89 570
1061 566
1382 572
152 567
1732 576
997 595
277 572
467 574
356 574
759 585
1328 582
382 580
1069 576
548 580
718 578
1413 580
486 602
862 583
1063 582
117 586
1096 590
1635 592
1166 602
308 590
878 604
949 592
155 592
207 593
1533 600
556 597
1053 595
1072 594
853 612
768 623
823 608
1408 607
1332 606
1380 605
44 612
1077 613
170 606
318 609
954 622
268 609
1045 611
573 618
432 618
1048 618
1551 638
996 620
223 623
689 625
1096 623
421 632
814 628
1153 630
1619 642
721 633
833 633
865 639
927 633
990 658
1041 636
615 637
365 642
1466 654
1141 641
889 643
485 647
1310 648
800 647
1048 645
811 653
1290 652
161 651
712 650
1126 648
199 651
1588 652
940 657
1054 653
133 655
283 656
327 658
550 656
827 658
1104 655
1346 677
1424 666
120 665
757 664
874 664
1086 662
1680 667
490 666
381 666
568 669
695 667
784 673
1027 667
442 674
27 675
550 676
71 677
171 680
1094 676
498 682
1050 678
1562 692
744 680
886 685
1039 681
1116 683
1150 685
1398 690
1024 684
464 689
825 686
418 691
1088 699
1372 688
1360 691
121 693
442 696
850 692
1482 695
226 694
1634 701
412 699
704 699
804 700
826 701
1012 707
375 709
547 710
866 711
978 719
1266 715
1454 728
922 713
153 716
1293 720
239 716
488 721
1101 717
226 720
336 723
435 750
776 721
943 727
317 725
736 725
814 732
897 742
500 731
700 731
855 732
553 734
731 731
1128 742
1530 735
748 735
998 738
1371 736
606 740
587 744
1016 741
1359 741
253 740
1404 763
1675 751
370 754
765 753
1068 748
488 747
964 759
1095 748
1265 755
1493 754
565 752
544 754
1101 753
1334 752
779 755
258 759
872 760
1034 758
1528 761
810 761
1087 760
701 763
1021 762
818 768
1827 774
796 768
1008 782
833 773
1075 777
1289 779
224 773
475 772
1341 778
678 777
1578 782
748 778
1044 777
538 782
491 790
844 781
932 786
1055 788
515 788
637 787
1093 786
185 786
756 788
1549 797
730 792
847 791
882 792
224 793
1098 799
1441 803
827 796
1355 797
1023 807
309 804
746 806
165 806
820 812
931 808
966 823
66 817
389 810
858 809
1259 819
459 814
658 812
717 811
550 816
485 815
532 821
749 818
1071 825
272 817
894 827
1045 822
1366 827
19 824
252 824
483 837
849 824
863 827
420 831
776 825
734 828
1041 828
1278 832
286 830
581 833
1602 842
803 841
1475 843
927 954
758 839
1146 835
1568 837
4 837
1347 837
915 850
992 849
24 845
168 851
220 846
1331 845
1514 851
542 849
754 847
939 859
1661 858
527 867
405 862
623 855
1226 864
259 861
892 862
427 863
856 861
828 867
1016 863
1276 867
215 866
484 874
448 871
575 874
497 873
589 872
1346 873
34 875
805 878
853 875
292 877
515 876
1504 879
365 878
423 879
1574 892
1619 884
560 883
979 891
655 885
852 890
2 888
439 893
824 890
1483 892
337 892
501 895
951 895
1295 898
73 898
365 892
1361 896
1422 908
1663 899
52 896
277 897
28 898
514 899
913 902
542 902
670 902
863 903
251 903
929 909
115 909
239 907
300 913
496 910
662 910
842 907
41 913
618 909
1224 913
380 913
70 919
529 916
857 914
485 918
315 918
953 920
355 921
508 924
852 921
478 922
561 930
1200 926
1236 929
1583 931
38 942
929 943
1399 936
454 928
536 929
1341 930
1459 935
418 935
475 936
837 935
382 937
574 939
1488 958
187 941
1330 953
126 940
728 946
504 949
531 960
590 945
609 943
971 949
460 945
700 947
1520 950
1539 963
1743 946
401 948
472 954
552 952
367 950
617 957
637 955
251 967
560 963
289 963
425 969
664 966
1313 963
1454 968
159 966
355 967
300 968
397 968
26 973
41 972
224 968
594 976
613 975
783 975
497 981
724 975
136 978
1077 976
574 981
1424 984
169 983
443 985
740 982
643 986
917 984
1391 992
371 1000
708 986
519 992
564 994
69 991
277 991
1468 1011
428 996
491 995
531 995
1245 996
87 998
184 998
1314 1006
224 1000
623 1003
10 1002
303 1005
348 1001
453 1004
507 1008
660 1003
734 1002
1272 1004
1059 1006
582 1008
146 1013
466 1024
537 1019
575 1013
248 1014
392 1014
431 1015
727 1024
764 1019
76 1023
1289 1024
1198 1024
481 1022
688 1026
284 1028
754 1029
792 1034
1417 1045
600 1033
265 1037
239 1035
373 1037
509 1041
645 1039
1444 1049
478 1054
705 1041
764 1047
420 1042
451 1042
784 1043
1235 1067
1388 1048
156 1049
426 1045
1090 1050
68 1049
572 1047
585 1048
794 1049
1122 1055
860 1059
1259 1054
282 1055
383 1056
1271 1060
557 1057
1496 1059
291 1064
455 1063
1029 1059
12 1061
807 1067
1183 1066
518 1069
992 1067
1316 1068
1465 1069
142 1070
494 1073
1070 1074
122 1072
631 1077
646 1072
722 1078
1047 1073
111 1077
664 1076
961 1076
1119 1078
1159 1087
66 1084
558 1089
692 1092
1298 1082
295 1084
315 1088
1266 1087
1480 1086
184 1091
342 1086
379 1088
654 1084
1050 1085
242 1087
445 1088
330 1091
1443 1097
425 1091
454 1091
487 1093
832 1091
1142 1094
1179 1095
507 1094
883 1095
1314 1094
1349 1097
388 1094
59 1100
470 1104
867 1103
961 1100
731 1101
1787 1099
929 1105
79 1112
438 1103
678 1103
753 1105
791 1105
207 1108
359 1110
548 1119
43 1117
1297 1124
317 1111
1457 1114
508 1116
1394 1114
1827 1116
351 1122
428 1118
591 1124
1011 1118
138 1119
188 1118
730 1121
458 1135
522 1121
1449 1123
413 1130
483 1127
814 1126
234 1127
1142 1125
875 1128
1369 1135
625 1129
1161 1132
1249 1131
1635 1131
380 1133
1216 1136
729 1137
864 1135
1427 1140
282 1138
520 1138
923 1137
1337 1138
488 1140
504 1139
68 1141
195 1141
658 1142
44 1143
216 1142
427 1152
1337 1150
783 1146
751 1151
293 1150
569 1168
1179 1150
1246 1156
927 1151
1025 1153
260 1154
1308 1159
1379 1159
1495 1161
98 1163
235 1169
606 1164
180 1162
1326 1170
628 1164
745 1168
1013 1163
382 1167
1458 1165
290 1168
527 1175
544 1167
783 1170
1202 1180
1426 1175
929 1174
58 1179
509 1176
1277 1175
322 1182
685 1180
934 1179
1452 1180
206 1182
257 1186
369 1182
441 1183
495 1184
555 1184
644 1185
752 1183
1667 1184
1821 1186
1309 1190
1353 1190
245 1192
510 1198
730 1192
1127 1192
1246 1191
1504 1190
211 1194
559 1194
402 1197
480 1197
739 1196
1234 1198
756 1198
867 1200
1360 1202
1377 1206
133 1208
177 1209
521 1216
201 1214
732 1214
1207 1214
458 1217
503 1218
550 1218
631 1219
663 1218
1442 1220
1195 1223
222 1225
592 1223
618 1222
308 1224
475 1225
44 1225
