913 618
229 6
458 3
558 4
620 13
733 11
861 9
1018 7
1050 2
1116 9
1305 6
1415 8
1564 10
1756 7
1839 6
829 20
342 18
403 10
952 35
398 16
798 21
1179 43
491 33
598 25
280 24
1006 26
653 30
364 30
875 31
1087 30
1406 43
539 34
777 39
1517 47
465 47
1260 50
1425 52
447 60
1057 52
345 59
565 56
1151 57
1242 72
1276 58
1654 58
312 61
996 67
1216 72
1597 75
381 66
527 69
964 79
1106 67
1294 69
1137 79
851 79
923 90
1464 74
388 83
1629 81
602 87
644 84
734 119
780 90
1198 90
1475 96
405 91
523 93
537 94
559 96
671 97
359 98
1125 99
1003 113
1156 97
815 100
1101 99
1424 110
752 105
1023 112
801 108
391 112
549 110
1129 120
1219 112
1829 137
1277 114
824 118
878 213
1048 129
585 122
633 119
383 134
769 132
1394 129
988 131
1194 131
256 140
747 142
1211 143
299 140
327 143
807 142
533 149
954 150
1255 147
1659 185
1756 183
1124 155
400 153
471 152
502 167
1203 195
766 166
1257 180
465 176
1318 182
982 167
644 175
951 189
217 174
348 175
728 179
1543 175
380 179
1006 179
284 182
526 184
854 184
995 193
541 186
574 194
620 198
1574 197
1064 192
459 199
1340 196
253 202
378 197
550 202
760 209
1015 208
1084 212
1248 209
586 214
1269 232
787 216
500 219
526 224
1215 221
366 227
401 222
1124 228
1013 227
1090 238
727 229
759 235
1028 236
1426 243
219 242
1177 248
1352 241
466 247
981 245
745 258
1143 249
1545 256
623 250
532 254
512 262
246 255
334 259
1198 260
612 263
887 276
1189 268
1581 275
358 271
769 279
794 274
1055 284
1171 273
1652 290
1793 288
449 281
610 282
863 278
1109 294
1215 279
873 289
490 284
644 304
1282 283
916 286
719 290
1197 304
1296 288
925 293
414 300
550 300
631 294
1529 326
157 295
702 301
935 310
993 296
32 298
751 304
577 300
472 303
1083 301
880 304
1461 311
807 307
903 323
1147 305
1272 306
541 311
1017 318
1165 328
500 332
400 314
567 320
769 317
462 317
952 320
1133 335
334 325
716 337
457 327
960 334
1360 333
836 334
1642 340
279 342
1048 360
670 342
871 344
973 343
1183 345
1611 373
298 355
1037 348
1256 359
762 351
571 358
834 359
920 420
777 375
688 360
879 368
1145 376
459 361
536 372
758 366
1117 373
587 365
684 365
1069 368
1292 366
1314 370
1559 370
337 374
967 368
815 391
728 383
1102 377
1276 383
278 385
416 387
562 379
469 385
1068 387
457 397
638 392
1304 394
558 400
605 401
850 407
1138 401
1318 409
1529 405
631 402
747 404
788 421
883 406
1717 410
451 407
1115 409
1408 409
1071 424
500 411
282 418
497 415
643 420
748 422
470 423
405 420
1489 423
1092 424
1787 429
457 429
613 431
654 429
691 430
876 436
240 431
812 439
1145 434
1680 443
1036 434
585 436
987 440
559 438
666 438
697 437
1095 439
218 441
1251 442
1518 445
276 444
760 443
732 444
953 446
1083 448
1122 444
870 446
549 450
779 448
998 448
1104 448
794 458
474 456
747 457
726 464
861 455
948 462
1271 463
1456 457
1 456
1070 460
1150 457
1434 458
436 462
837 463
987 466
1556 466
492 466
592 466
625 467
136 468
708 466
767 469
1151 468
1352 479
546 472
425 486
1133 482
277 476
693 479
1007 481
1043 480
185 477
298 478
658 479
1092 518
519 481
718 482
1157 478
483 481
747 482
1549 509
632 488
1614 498
784 488
1058 490
1278 489
565 488
353 490
728 494
395 497
916 491
381 494
685 498
701 493
282 494
602 502
316 496
482 504
554 498
747 497
707 504
873 500
1001 499
1028 510
520 504
739 503
1008 504
244 509
353 516
627 506
833 508
895 509
986 517
371 508
686 517
838 530
1383 509
562 511
752 528
589 511
871 513
470 517
1205 521
713 519
938 517
284 525
529 518
1429 523
224 518
1793 530
186 528
577 530
1447 534
538 530
781 532
890 541
866 730
1234 546
1369 546
642 538
1295 541
564 541
688 548
755 619
502 543
527 552
421 548
638 547
1490 567
427 552
985 555
1780 551
857 575
839 555
667 557
681 558
307 559
470 559
1113 562
423 569
528 567
436 567
474 573
1375 575
648 572
575 574
708 574
501 576
523 579
902 579
992 577
1093 578
492 579
918 580
1621 581
407 583
980 596
1064 582
437 590
1668 590
400 589
1271 592
282 588
643 590
214 592
1490 604
419 594
653 596
509 603
848 612
472 600
577 601
706 600
873 602
1123 602
317 609
1171 603
1197 611
1388 607
531 607
1086 607
334 611
962 618
1437 622
1 615
676 615
706 632
237 618
561 619
1050 626
1115 627
598 622
690 619
888 620
1465 640
446 625
519 630
871 631
429 627
482 635
496 629
616 636
1223 639
1340 631
1675 643
434 638
661 635
1501 649
2 637
930 640
1081 645
1255 644
535 641
314 644
667 642
1319 651
567 646
579 646
530 646
625 649
661 651
1718 651
301 657
642 652
1064 652
366 656
478 654
876 654
1114 653
596 656
415 658
471 661
1642 669
578 661
827 662
910 664
972 661
1411 665
1541 669
425 663
1030 674
1227 667
443 666
709 665
894 665
1058 669
1313 664
574 672
44 672
1109 671
966 674
1302 673
428 677
660 677
853 673
223 675
514 675
869 678
942 683
1491 679
497 687
757 683
889 687
295 686
387 689
798 691
861 693
1345 686
1500 685
837 686
1015 689
1360 703
532 694
821 693
1335 690
448 694
509 696
269 696
424 695
1236 697
923 701
1168 705
563 698
596 699
459 703
476 701
1044 702
1192 702
1451 712
259 706
637 715
1482 717
1262 713
1618 706
470 717
617 709
1101 717
367 713
491 713
1532 719
430 723
1059 722
329 723
647 727
1205 735
998 738
1229 731
618 731
1411 735
573 738
640 739
1287 738
541 742
510 746
1102 741
1247 749
1547 746
367 744
1299 748
1654 749
597 750
1030 750
1362 749
616 753
1077 757
1270 753
343 757
1559 760
396 760
500 765
465 766
1235 765
60 765
528 768
997 770
350 768
1256 769
452 773
682 772
323 774
1080 779
702 789
636 777
1331 790
313 789
1378 780
624 780
543 784
672 786
720 785
1297 800
1480 791
525 788
551 790
782 801
1096 787
1525 791
375 790
1238 791
111 793
760 796
384 797
440 795
598 798
1127 804
1175 798
1210 803
632 801
735 809
1265 805
371 804
972 804
393 807
830 805
681 810
705 808
291 810
414 808
1355 808
340 812
529 819
816 812
1508 821
1321 814
331 820
477 817
1601 817
1147 823
374 822
682 826
750 821
1267 829
866 834
1455 835
1014 826
728 828
777 828
710 832
1152 834
1386 831
660 834
1083 835
283 839
461 836
1173 838
1059 846
1219 843
715 844
825 842
1347 845
346 843
963 844
1248 855
759 844
390 850
664 852
749 848
844 849
770 850
1194 851
584 851
873 851
704 854
820 854
857 855
276 861
525 858
794 858
898 865
331 861
367 861
709 865
1014 878
12 868
788 867
1063 868
1165 869
1083 878
1201 873
42 872
932 874
1425 874
464 873
811 895
950 875
742 876
1124 886
1271 878
1145 883
79 884
738 884
1459 883
983 886
1222 886
526 884
1 890
682 891
743 897
1159 893
1232 895
723 900
768 897
1361 902
527 899
780 902
1293 901
935 904
1191 905
468 903
640 904
701 908
1234 907
518 907
338 908
943 910
972 912
1019 913
1072 911
436 911
1398 910
1462 915
1520 915
678 918
706 923
841 919
1298 920
1484 921
666 920
1224 919
636 922
473 925
721 926
1104 927
756 928
994 933
674 930
773 931
38 931
889 932
1086 931
1333 935
1217 961
1277 937
811 938
838 938
849 938
1013 956
1092 941
1356 940
424 941
818 944
1486 943
1161 963
1736 949
551 950
876 948
1116 953
1374 949
401 952
1184 953
1455 953
643 953
1303 960
1430 956
723 964
802 965
1381 964
514 963
783 964
933 965
611 969
1513 966
1416 976
1110 968
523 971
1078 975
953 978
396 977
878 979
1094 982
1352 978
569 983
789 982
1263 986
853 983
1029 984
715 993
837 987
1112 996
1230 999
314 990
1052 990
1607 990
773 993
1395 992
663 1000
963 999
425 1000
990 1004
1285 1009
1150 1016
52 1012
946 1011
1244 1021
293 1016
812 1015
975 1016
1265 1014
557 1017
936 1020
1011 1017
1034 1027
1440 1021
684 1024
840 1029
1284 1025
1558 1022
197 1028
756 1025
780 1029
877 1029
898 1033
1168 1036
1318 1026
1698 1027
563 1030
472 1031
736 1032
923 1032
970 1032
1255 1044
355 1034
375 1036
869 1040
1086 1042
1124 1037
992 1039
535 1038
640 1043
783 1037
696 1039
769 1038
957 1044
1279 1039
446 1041
725 1040
936 1041
1298 1045
1322 1051
777 1044
839 1046
1112 1059
1134 1054
335 1048
794 1049
369 1049
1176 1057
296 1054
576 1051
1025 1055
902 1054
1548 1055
755 1055
1194 1058
727 1060
976 1060
949 1063
477 1067
768 1063
920 1065
1243 1063
16 1064
252 1066
882 1065
1052 1067
860 1077
955 1069
1036 1074
1407 1074
702 1075
1239 1072
409 1077
830 1096
1195 1074
1263 1080
758 1083
973 1078
1173 1075
890 1077
1075 1077
1122 1081
1248 1077
1324 1080
321 1079
449 1080
1163 1080
918 1082
1100 1088
1192 1082
282 1085
966 1084
1303 1086
440 1086
1011 1094
656 1089
1060 1095
1227 1089
1209 1091
537 1091
1171 1098
374 1095
556 1094
862 1094
931 1093
263 1097
777 1098
960 1102
766 1112
1193 1104
796 1105
933 1111
1044 1107
1121 1107
1229 1106
662 1111
738 1115
898 1108
633 1109
1137 1113
452 1115
1013 1117
32 1112
983 1118
1093 1115
1150 1117
124 1120
709 1121
579 1125
334 1124
428 1126
1291 1128
180 1128
268 1128
1058 1137
1080 1153
1103 1128
1386 1128
642 1128
699 1133
1349 1132
413 1144
825 1140
1030 1134
1146 1133
259 1137
806 1166
935 1135
816 1137
851 1140
989 1138
1011 1166
44 1142
760 1147
429 1144
885 1148
909 1147
833 1149
953 1147
983 1149
872 1147
1107 1150
1193 1147
251 1152
962 1155
565 1158
748 1158
361 1157
443 1156
623 1156
1100 1160
945 1160
95 1165
232 1161
910 1169
1033 1168
293 1163
1133 1163
123 1166
187 1164
694 1168
833 1167
962 1174
855 1167
748 1174
1165 1171
1280 1169
437 1173
934 1173
891 1186
1078 1199
687 1175
1117 1182
1303 1177
522 1180
663 1179
1154 1182
1177 1180
269 1178
579 1185
986 1188
389 1183
639 1182
787 1181
931 1193
550 1184
674 1190
1301 1184
1519 1186
490 1189
711 1196
729 1193
764 1191
380 1199
560 1196
858 1200
305 1196
834 1196
1193 1194
1222 1197
610 1210
644 1217
791 1213
1135 1201
1 1200
759 1203
827 1208
881 1206
1022 1213
1176 1203
1170 1206
1231 1205
910 1206
1371 1208
965 1216
1828 1210
171 1213
596 1215
680 1214
933 1213
1148 1215
460 1216
994 1217
731 1223
749 1223
1302 1223
940 1220
406 1224
695 1224
779 1223
885 1223
1004 1223
1272 1220
669 1225
1135 1225
1189 1226
1742 1224
145 1225
837 1226
1065 1226
