915 618
7 29
139 3
420 7
466 14
499 2
554 55
632 3
775 6
800 6
939 4
1003 3
1107 0
1127 5
1174 4
1238 4
1298 0
1658 31
1749 15
1837 1
144 17
1058 13
1608 40
925 21
1211 30
597 19
1085 22
1247 21
976 38
206 34
863 30
1182 34
1312 34
1128 32
248 42
1027 68
1255 45
947 77
1703 70
387 57
1225 72
1317 85
316 59
1742 69
881 65
1169 78
1501 71
606 83
845 82
1538 86
1580 86
267 91
454 94
1050 81
1089 79
1463 115
751 102
146 97
1109 101
1421 114
836 110
1056 122
166 118
1165 114
876 120
917 116
1576 119
984 121
440 128
666 131
1146 125
1311 148
1076 137
909 141
248 136
1115 132
276 136
960 137
1285 135
464 142
1596 147
883 141
557 146
633 138
1224 142
694 156
502 150
1182 150
616 158
759 156
937 158
873 164
1152 156
1222 157
1275 162
1723 165
1166 160
1498 171
1208 164
384 180
1028 164
1119 167
1163 185
345 171
551 180
895 169
989 176
457 180
1055 171
1443 182
1559 189
500 185
108 186
674 179
1235 186
745 195
950 197
1049 189
1069 186
1213 194
43 203
341 200
861 199
278 202
972 206
1286 201
295 203
1021 202
514 215
545 214
838 213
1001 208
1634 220
438 221
770 220
710 219
125 219
1146 222
1597 221
738 233
1222 221
101 227
898 230
943 241
964 227
1134 234
1273 229
1668 237
830 236
857 231
926 231
973 247
1046 238
1173 237
121 243
917 248
1082 258
519 263
1050 248
1256 254
1338 256
554 258
992 276
1160 252
252 256
880 257
1217 260
605 266
432 273
1024 276
725 270
902 273
1114 267
1603 276
746 272
1774 278
309 276
4 282
1188 275
83 284
1557 279
1075 286
368 289
718 279
419 283
1219 293
950 286
1447 293
720 299
499 298
793 297
1247 319
596 299
888 300
531 303
747 297
1060 299
1188 300
342 303
815 305
1102 303
448 310
78 312
953 311
1520 331
919 315
1581 323
1165 318
785 331
1182 321
120 333
1134 323
707 331
884 325
154 332
749 326
1102 327
171 328
197 331
413 333
850 336
510 347
1044 343
1107 332
443 339
951 335
856 392
1462 352
1078 353
227 345
979 351
1159 344
933 349
1003 348
917 348
1129 365
1172 355
1244 356
420 358
577 369
1024 361
776 373
1494 371
1061 371
447 376
796 380
1163 370
1730 379
753 378
426 397
142 384
1105 410
1673 391
677 381
1085 382
72 394
1171 392
1059 386
1077 385
1238 403
1350 396
1599 392
529 397
547 391
712 390
1527 411
400 398
302 397
765 401
1139 398
717 408
1208 404
447 409
788 421
1134 412
271 414
1018 411
704 421
962 427
1068 423
917 422
1466 428
1837 438
428 434
544 428
744 432
95 434
1405 430
1508 440
328 439
466 439
836 456
898 458
1126 447
1075 442
221 445
764 442
776 451
993 446
1202 445
945 450
1026 450
1630 457
308 458
807 458
1068 454
967 460
202 463
1543 466
1595 469
1004 465
318 467
480 469
791 471
1453 472
427 477
926 483
402 484
1312 486
328 481
1009 480
1093 481
263 482
804 484
149 484
849 483
1489 489
463 499
525 494
701 493
1032 492
867 495
54 497
1000 509
718 498
741 503
893 504
853 507
1133 520
1442 520
1815 529
114 510
511 522
533 515
1016 511
1520 517
1111 517
82 520
196 515
425 519
158 517
400 522
697 520
1302 545
955 525
1691 530
830 531
1103 529
972 547
1175 534
792 541
1667 545
897 545
661 540
827 545
750 541
411 557
871 565
1076 545
486 551
907 560
1059 561
681 552
1089 549
783 580
1151 552
1174 554
217 559
607 559
649 557
1015 566
1138 564
185 570
672 567
533 576
1154 567
1405 581
1074 571
1336 579
1706 583
708 578
924 580
1046 581
988 583
1106 581
476 590
888 592
1152 589
258 587
1006 589
1097 590
665 594
356 596
438 601
716 596
1025 596
118 602
518 600
1085 608
1408 609
1484 606
1463 606
416 604
947 608
975 604
1588 614
988 607
1164 607
613 612
902 630
704 609
880 614
1007 612
204 613
285 615
1127 616
677 617
1013 622
850 621
429 627
972 631
1149 633
1377 627
840 634
704 630
1799 637
275 632
812 633
1050 632
147 635
345 638
711 638
876 638
928 635
413 635
494 644
1367 636
420 647
787 658
758 642
195 644
863 651
1612 643
464 646
61 648
688 650
1479 660
224 657
545 654
728 656
1084 663
1403 664
1708 659
709 656
953 661
920 658
966 659
1795 666
816 664
1065 663
760 665
1007 667
589 667
1328 675
1591 683
472 694
992 672
1160 671
804 676
1120 675
1137 683
1672 689
359 681
1786 692
39 693
910 690
1114 687
346 689
681 687
1406 688
778 690
1247 700
1520 698
1637 698
689 696
1015 743
162 701
424 698
807 710
926 696
962 730
1104 695
135 705
448 697
281 700
737 701
1044 704
498 710
711 707
398 710
692 710
1339 715
1375 708
1059 713
1090 711
538 713
851 743
1476 717
1429 719
367 717
742 724
1534 727
1644 726
610 720
1064 722
1176 725
728 726
1393 726
1742 730
256 725
691 735
1702 735
318 738
760 738
906 737
498 739
658 740
1563 748
775 745
887 768
791 801
1306 746
1766 751
1531 754
145 756
842 920
765 753
937 762
995 756
1804 755
466 755
545 756
333 756
396 756
1055 760
1325 759
502 757
817 761
1081 764
1623 765
341 768
535 770
727 770
236 769
449 772
97 776
492 776
833 773
1475 781
1783 777
75 778
1369 784
920 802
1672 787
273 781
809 781
242 786
1264 787
866 783
340 786
195 791
427 792
1314 794
1762 794
489 794
1090 794
1532 800
991 799
142 806
963 810
1020 834
1596 810
1629 817
881 803
368 805
551 806
1176 809
1237 805
1460 804
509 810
424 810
1428 808
484 815
1286 814
1268 816
409 817
1336 816
79 818
875 816
1066 821
1345 824
477 824
883 824
720 829
780 850
905 840
962 830
460 834
871 842
482 843
335 846
379 848
1360 858
541 847
735 853
945 852
1231 856
832 857
885 864
1250 864
558 858
355 859
515 860
851 859
387 862
418 865
867 867
452 873
1438 875
507 874
712 879
1280 871
1479 879
535 873
729 876
911 873
73 882
860 879
806 881
1264 883
145 886
488 883
916 883
1363 887
1331 887
736 897
396 891
513 893
128 897
1496 896
1697 898
1158 907
1305 911
440 902
768 903
856 904
151 909
539 905
910 907
1649 909
485 909
836 910
266 911
1486 914
459 916
543 923
657 915
1246 921
1383 915
385 920
871 922
429 922
1666 926
1545 929
1351 931
1225 931
1330 933
433 934
620 935
1441 936
1570 939
195 939
660 941
1181 938
217 942
1210 947
505 943
1063 944
485 943
1311 945
407 954
1425 958
570 957
375 958
1515 963
493 961
1179 968
1621 974
1286 972
1449 967
472 968
501 969
531 979
954 970
386 972
1224 972
1308 973
1128 978
1494 980
1538 984
358 977
1064 980
1205 986
466 981
1011 982
447 985
385 985
1243 988
1811 986
1221 1005
1328 998
1030 1000
1503 999
173 999
297 998
429 997
493 997
551 999
671 1002
913 1006
1280 1007
509 1015
524 1009
1119 1018
1243 1015
1483 1014
27 1018
1553 1019
868 1023
767 1023
1260 1027
137 1025
216 1023
1527 1026
173 1027
456 1028
800 1028
400 1030
1761 1029
784 1034
392 1034
710 1040
988 1039
743 1037
1432 1042
290 1042
475 1039
1231 1039
416 1044
855 1042
1304 1042
523 1046
754 1053
839 1046
1214 1053
604 1047
965 1050
1236 1048
1031 1054
721 1053
500 1065
397 1061
973 1067
999 1059
1316 1064
76 1062
525 1073
1568 1064
892 1067
1362 1067
1411 1074
1591 1069
770 1072
366 1070
1631 1074
465 1076
681 1075
1541 1079
911 1081
1340 1081
1475 1082
942 1081
1007 1082
1267 1082
1284 1086
1236 1089
1019 1091
936 1093
1205 1092
854 1093
1276 1095
810 1096
568 1102
732 1097
918 1097
410 1100
990 1099
774 1101
514 1107
749 1114
1394 1109
934 1110
1241 1109
422 1114
1043 1113
1310 1111
236 1112
608 1112
691 1118
987 1116
1420 1114
1512 1118
406 1117
1231 1120
1528 1119
804 1127
1552 1123
642 1127
1211 1124
529 1127
965 1129
719 1128
1084 1131
300 1130
1492 1133
548 1137
1126 1133
1433 1134
847 1136
193 1137
1162 1138
771 1140
1096 1143
1741 1141
588 1154
951 1143
1185 1142
1505 1142
255 1150
472 1145
796 1148
1218 1147
1235 1149
724 1152
1179 1154
768 1154
783 1154
1195 1162
488 1163
721 1163
462 1165
1215 1168
1260 1167
555 1170
819 1170
1454 1173
228 1173
1337 1172
1508 1172
780 1174
364 1177
487 1178
703 1177
630 1181
1799 1180
798 1184
923 1183
1120 1189
1230 1186
566 1187
1356 1191
597 1195
1615 1195
818 1199
1325 1197
756 1203
1525 1207
281 1206
657 1207
476 1208
1401 1218
1697 1210
731 1213
1627 1213
1122 1223
1420 1219
641 1217
1184 1219
192 1224
527 1224
