910 616
121 3
694 3
794 38
885 13
954 14
1071 2
1163 34
1223 67
1271 3
1316 6
1348 3
1415 3
1495 22
1609 15
1750 12
987 43
434 32
648 32
1107 25
1661 45
693 39
1049 35
97 45
172 38
1064 58
1251 46
1277 41
1605 59
1755 44
1377 47
668 62
947 51
1109 81
1503 81
424 85
1469 107
828 89
1016 89
783 92
955 104
744 93
991 95
1742 119
1043 118
1403 103
893 112
1343 118
1385 111
1253 123
672 123
845 124
1151 127
884 127
1397 131
958 142
1265 140
774 149
1004 170
928 165
1331 151
657 156
700 158
1088 155
1389 154
1325 165
809 169
888 176
854 167
1105 168
1132 183
1285 173
477 177
1404 170
957 174
1040 192
1070 184
785 179
1089 187
1263 193
1420 186
778 191
1176 193
871 198
1188 238
749 205
723 203
841 207
1255 209
658 218
913 220
675 223
1275 221
1318 232
1723 238
1830 289
1005 237
1238 238
1492 251
1101 244
583 250
923 257
1082 247
601 252
692 253
799 251
646 257
1119 254
1061 253
1003 260
1036 259
1340 284
618 272
1429 272
578 266
1071 270
1496 321
763 270
884 273
913 274
653 282
807 285
1280 278
771 295
1307 282
1260 286
697 292
731 290
724 312
865 300
915 302
555 300
1033 296
657 302
682 302
980 320
1151 307
842 315
1135 305
1078 308
591 313
1007 312
616 315
928 319
1127 321
1217 317
1189 326
824 324
914 335
1023 329
1376 350
1622 334
1276 339
1040 402
771 338
833 340
1154 342
1429 348
726 354
893 370
664 356
702 356
1625 357
857 365
1179 359
926 365
1319 363
1821 379
1218 363
760 370
534 372
1735 396
714 383
906 391
1272 392
1158 385
544 387
608 388
773 392
962 395
663 398
1836 408
867 401
1334 396
734 413
1573 404
697 407
928 412
755 410
1123 409
1361 408
636 415
1175 413
599 417
1200 415
824 421
780 435
591 430
966 431
683 431
1535 431
1757 441
1000 439
1293 453
316 446
825 456
950 451
905 451
974 477
597 463
724 461
699 462
1630 474
866 464
1166 473
907 477
761 472
1049 475
1113 478
740 478
1234 493
687 476
756 483
1191 482
1419 490
1738 495
681 488
923 491
790 492
1150 491
1282 485
626 486
556 491
708 491
820 493
1008 495
1801 497
772 498
834 498
551 505
1068 515
589 507
907 520
1480 516
795 514
1163 512
1044 513
662 517
1094 538
1186 524
783 527
930 529
958 572
1051 532
1375 536
724 533
738 538
819 534
779 535
1160 542
1039 543
1061 541
1652 557
567 543
664 547
893 548
584 549
722 552
1205 559
657 557
704 562
765 556
1277 556
902 558
1030 561
1064 573
1167 570
878 569
1152 565
807 577
744 579
773 580
698 585
1087 585
1248 585
832 587
556 594
668 596
804 598
844 596
1029 595
673 602
776 601
822 604
1042 609
1726 609
938 608
697 610
1184 610
899 615
1072 638
1290 622
1001 627
1703 636
1834 626
757 621
1349 628
815 625
740 635
858 630
938 644
881 644
1213 641
1110 636
960 637
695 640
909 641
577 645
617 645
687 645
758 644
1382 646
716 645
1189 648
1761 646
991 652
1311 658
1546 663
801 655
969 655
1170 661
651 656
762 664
860 663
722 661
948 662
1120 669
1288 667
1656 674
1008 667
815 674
894 675
957 673
1004 678
1388 689
738 682
1082 681
681 683
1176 690
881 702
959 702
1003 709
633 701
742 692
853 696
676 701
587 702
1367 715
607 704
755 708
1120 727
1081 709
1160 739
1067 718
698 713
786 714
427 715
515 718
771 717
1309 722
663 719
870 721
752 731
590 731
936 744
788 733
982 912
698 737
1043 758
663 734
920 767
1325 751
1010 771
776 751
1404 753
635 754
1100 766
665 761
612 765
1665 769
1497 770
1180 781
1069 782
1115 777
1698 777
872 782
1253 790
1592 793
654 786
881 787
950 800
1036 788
595 790
1168 793
1616 795
624 792
906 803
1127 806
687 803
713 804
803 804
927 804
651 806
665 809
1017 812
1080 808
570 811
635 811
1168 810
1063 816
1142 814
743 816
784 817
903 816
978 823
1032 823
1111 823
681 820
796 828
857 824
884 831
1009 831
1342 833
918 837
1181 846
1055 837
1416 843
1033 845
1372 843
655 846
1129 849
1206 849
551 851
1557 876
972 864
1631 853
1061 862
779 864
876 876
1506 865
1240 870
583 869
753 869
1424 873
793 880
631 877
1044 882
956 888
228 889
981 899
1544 904
896 908
649 912
1565 918
385 921
1324 927
1549 933
1487 941
607 948
804 951
666 952
33 973
1241 974
1094 996
1443 993
617 985
765 987
1141 990
636 990
1581 989
999 997
1016 995
728 1001
825 1001
1489 1010
776 1009
792 1006
955 1019
1161 1038
547 1021
841 1023
1514 1030
894 1029
1015 1026
1603 1028
996 1035
918 1034
1128 1038
872 1042
568 1043
823 1047
615 1052
1049 1062
761 1062
1006 1058
915 1062
1225 1063
1612 1059
1426 1074
922 1073
932 1079
965 1077
1197 1083
140 1081
902 1084
669 1089
1455 1090
586 1090
686 1091
1810 1090
757 1110
1098 1095
578 1106
1411 1104
851 1108
941 1123
1218 1118
1643 1119
733 1121
383 1124
1113 1125
1183 1132
644 1139
679 1139
1358 1138
759 1143
846 1143
865 1146
732 1147
955 1147
539 1149
1258 1158
848 1159
753 1167
1189 1159
1352 1161
675 1162
958 1162
646 1170
853 1178
578 1184
348 1187
1348 1190
551 1203
1174 1194
1319 1199
113 1202
401 1206
1284 1208
1811 1214
726 1223
609 1225
215 1225
361 1225
442 1225
