0 0 1840 1228 2076537
249 0 30 9 184
470 0 18 33 437
635 0 8 10 70
657 0 20 18 222
733 0 9 15 92
767 0 14 22 246
800 0 7 6 36
845 0 12 32 185
899 0 36 57 1261
992 0 11 6 50
1005 0 201 326 13841
1328 0 35 77 1436
1367 0 12 5 49
1398 0 15 23 298
1474 0 22 39 705
1607 0 18 11 160
1695 5 28 28 582
202 13 13 19 200
865 13 18 39 316
1587 12 20 27 416
394 14 16 26 313
526 16 92 172 2440
686 16 30 45 705
621 19 13 29 296
810 18 8 16 95
890 19 10 13 115
298 23 24 31 383
370 23 16 22 270
761 26 2 2 3
1052 30 18 23 202
469 35 1 1 1
601 37 10 18 137
955 36 5 12 47
795 39 15 27 208
1567 40 2 4 6
1526 45 25 56 962
1393 47 24 28 462
1732 50 108 214 3648
260 52 17 25 342
399 53 22 54 776
826 53 51 48 968
978 57 5 11 46
1633 57 15 9 82
447 59 29 27 342
742 58 16 22 222
656 60 33 96 1169
909 65 8 19 111
935 65 29 32 599
285 67 49 65 1167
701 81 37 85 873
1360 82 14 21 208
1445 82 13 8 55
880 88 9 21 140
1288 89 12 23 221
367 93 13 32 348
1496 95 31 28 336
793 98 9 24 84
924 98 6 12 54
832 103 35 29 415
977 103 62 80 1562
1343 102 15 57 547
1460 107 20 32 479
479 109 12 24 213
893 112 17 36 441
627 114 11 25 233
1150 121 7 12 72
344 125 11 18 158
918 127 9 19 150
395 130 21 18 271
1368 131 8 12 71
1530 130 76 128 3149
780 132 7 16 92
503 134 11 20 177
1324 134 11 23 216
1481 134 17 29 391
433 136 19 34 414
1385 137 13 23 240
545 140 24 38 535
795 143 14 55 340
1050 142 12 9 96
1152 143 7 12 67
855 144 5 12 54
357 151 12 18 167
1020 150 19 37 416
462 153 19 28 351
1443 152 15 25 290
945 156 8 11 64
827 160 17 41 329
1361 161 15 26 296
213 165 38 36 1013
1051 165 8 9 36
1135 165 7 11 61
1411 164 13 22 224
958 173 15 17 103
1474 177 40 55 1082
297 178 44 39 1169
703 179 23 34 323
1686 178 10 6 22
384 181 9 13 96
1058 181 5 8 28
263 182 13 13 113
1073 182 3 6 18
1312 183 16 28 329
919 184 6 15 58
404 189 16 47 407
545 188 85 31 1061
838 188 32 50 779
1047 188 3 7 20
999 191 16 16 175
1032 193 3 3 6
1350 196 10 19 160
431 200 7 8 39
670 205 14 24 229
741 205 19 18 209
955 204 14 42 359
1077 205 1 1 1
654 212 6 4 16
907 215 69 101 1703
502 217 21 30 330
1084 219 1 2 2
331 224 17 27 374
614 228 11 21 191
1341 228 5 4 18
1313 231 36 61 723
1383 239 12 22 219
474 240 10 16 115
754 245 7 13 70
862 244 7 13 71
998 246 5 9 37
1450 246 48 68 1400
676 248 8 13 91
587 250 27 42 423
208 259 1 1 1
835 262 10 18 119
1013 262 5 9 38
340 264 16 26 339
794 265 6 12 55
478 266 11 18 161
1054 267 109 73 1811
1409 267 11 8 57
1575 270 36 28 593
890 272 4 9 30
988 275 4 6 17
679 281 13 49 308
848 281 6 11 56
458 282 11 18 131
373 284 8 12 81
321 291 12 16 142
1767 296 2 2 2
843 298 15 20 105
544 301 11 16 129
821 300 5 8 33
1298 304 33 31 615
794 310 5 12 55
1172 313 20 28 358
422 314 11 19 161
936 315 3 7 20
970 315 3 4 9
610 316 23 66 621
716 317 9 16 116
885 317 4 8 28
1001 316 5 11 37
1518 317 31 49 877
254 318 25 25 386
779 324 6 6 27
827 325 25 41 364
924 331 19 42 439
1322 331 27 28 300
729 333 6 7 36
978 332 3 4 12
1035 332 7 22 63
1572 333 15 23 284
969 336 3 7 20
678 338 16 22 276
804 338 5 6 27
1026 339 1 1 1
1067 338 16 8 47
412 343 7 6 35
958 344 5 12 54
377 347 11 13 109
505 346 11 19 149
666 346 1 1 1
1117 347 14 3 24
1290 347 13 32 269
535 348 29 22 439
579 349 9 18 117
1085 348 30 28 308
424 352 44 50 641
798 352 4 6 22
1050 353 17 19 193
1708 352 17 4 52
784 356 1 1 1
1227 357 14 24 251
276 359 31 36 724
1020 363 3 7 19
1340 362 8 13 87
208 364 6 2 11
772 364 6 10 46
879 365 9 17 93
718 368 14 22 185
822 369 4 7 27
956 369 15 17 105
598 373 6 6 24
848 373 6 12 60
1312 372 5 7 26
416 381 10 16 130
1007 380 39 31 367
1476 380 50 61 1220
574 382 10 16 116
743 385 5 10 42
1015 385 4 6 18
521 387 10 17 129
804 386 46 35 583
1314 386 12 43 401
662 389 18 42 404
780 391 19 20 179
869 390 4 7 23
1073 392 12 9 71
1291 394 10 35 281
749 399 27 29 399
1055 399 3 6 15
1349 398 10 16 127
315 402 8 11 71
337 403 23 15 192
924 403 9 7 48
1157 403 1 1 1
590 404 39 27 518
1540 407 12 11 99
891 409 3 7 21
1251 408 8 6 32
1709 408 8 7 41
492 411 1 1 1
1075 411 22 19 169
569 412 10 15 125
1043 415 3 9 25
847 417 134 132 6830
1011 416 11 13 102
424 419 22 18 249
961 421 9 6 47
273 422 15 18 231
402 423 8 9 56
1225 425 2 2 2
1399 426 10 16 128
1104 428 6 9 46
836 431 14 17 127
1008 431 3 5 12
1467 431 27 34 466
1046 432 3 7 20
740 434 29 14 161
1028 434 2 5 10
1059 435 3 6 15
660 439 10 16 105
711 438 10 16 141
949 440 5 5 20
1036 440 3 5 15
1084 443 3 6 16
1180 442 1 1 1
289 445 42 43 789
816 445 5 8 31
1098 445 7 9 47
609 448 21 37 422
988 448 3 4 10
1264 449 18 21 220
504 453 9 15 114
1029 453 11 10 60
1331 452 5 6 25
1527 455 42 46 1067
441 457 7 5 18
1088 456 2 6 12
1215 456 1 1 1
1305 458 4 3 7
853 461 5 10 42
732 463 6 9 44
1012 463 18 46 240
1146 462 6 9 45
834 465 5 8 37
1051 464 30 11 171
1275 466 43 32 667
1596 467 16 19 236
1334 470 12 20 174
681 474 7 11 60
823 474 4 7 26
1115 475 6 11 48
1497 474 25 25 344
987 478 3 5 13
398 480 31 24 340
771 482 4 7 25
1169 482 12 19 187
242 489 1 1 1
647 488 1 1 1
587 492 9 14 102
984 492 1 2 2
505 494 9 14 111
982 494 1 1 1
1459 494 12 17 151
1145 497 12 24 228
1039 498 5 27 98
597 501 35 40 454
445 503 8 9 47
792 503 5 8 34
806 503 5 11 45
1572 502 12 16 147
546 504 2 1 2
366 507 8 17 66
1309 507 5 8 32
1480 506 12 16 157
835 509 25 21 151
1347 508 15 15 154
1084 515 5 13 32
715 516 6 10 50
1167 517 10 16 132
1502 516 12 17 163
768 519 4 8 31
254 521 16 17 196
429 523 6 10 52
805 523 10 10 60
1000 523 26 43 391
1269 522 10 29 174
1366 523 9 14 114
482 525 1 1 1
1062 527 20 39 228
1043 528 6 11 49
1214 528 14 23 234
550 530 7 11 61
876 530 35 25 244
1293 530 8 12 83
347 532 20 23 363
491 533 8 12 75
569 532 9 13 92
468 536 13 18 164
673 536 20 39 305
805 539 6 18 60
1024 538 16 22 118
1091 539 2 3 5
1303 539 19 19 231
1144 540 11 20 181
380 543 23 23 314
836 545 3 5 12
1389 544 10 17 142
206 546 1 1 1
927 547 4 9 25
971 547 2 7 12
721 552 8 13 88
1018 553 3 6 15
1129 554 7 8 44
801 557 3 4 10
560 558 1 1 1
947 558 4 7 17
1117 559 2 1 2
133 560 4 4 10
859 560 3 5 14
224 563 2 2 3
1327 563 8 9 54
1511 562 13 18 189
960 564 7 7 24
513 566 10 13 103
921 567 18 21 137
1030 567 6 10 28
1054 567 3 5 13
278 570 13 17 165
302 571 12 16 148
1346 571 9 15 111
423 573 1 1 1
744 572 4 7 25
845 572 24 52 422
1085 572 2 4 8
1391 572 10 14 121
425 575 2 2 4
949 578 2 5 9
1072 579 11 5 35
1001 580 1 1 1
1005 581 9 5 44
1097 580 14 26 111
1302 581 5 8 33
312 582 25 24 305
720 582 12 30 220
814 583 3 5 11
495 585 9 10 57
522 584 30 21 461
604 585 32 32 384
1423 584 10 15 128
984 587 2 6 10
1568 586 21 29 358
456 588 9 10 73
883 589 4 11 34
1453 589 12 19 179
300 590 2 1 2
1131 590 19 14 160
1309 591 7 10 69
13 593 1 1 1
1003 592 21 20 214
1071 592 2 4 5
1295 593 4 5 19
441 595 6 12 63
1037 595 3 5 13
803 597 4 6 19
742 599 9 12 69
767 598 1 1 1
981 600 47 76 1168
1121 601 4 9 31
1300 603 9 28 176
1324 602 24 33 449
280 604 3 1 3
681 605 6 13 69
892 604 83 60 2255
996 605 1 2 2
1053 604 20 28 275
1089 604 1 1 1
803 609 10 14 59
482 610 8 16 90
1719 610 1 1 1
436 613 1 1 1
829 612 5 10 39
335 615 14 22 255
412 616 8 10 57
1477 617 8 10 73
660 619 1 1 1
1037 619 10 7 30
1265 619 23 13 229
1185 620 1 1 1
1515 620 11 15 135
508 624 1 1 1
542 627 8 8 42
845 627 4 8 25
1229 627 12 19 178
1460 627 57 47 842
823 631 4 8 31
1028 630 4 7 26
1079 633 4 5 17
1572 633 15 14 155
612 635 16 18 150
564 636 1 1 1
1415 637 11 14 110
1629 637 1 1 1
367 639 6 7 32
1068 641 11 5 36
1646 640 1 1 1
775 643 3 4 12
829 643 18 18 104
404 645 7 9 46
467 645 8 8 54
520 647 1 1 1
976 646 5 4 8
785 649 6 7 31
954 649 1 1 1
678 650 8 25 132
881 651 4 7 23
1043 650 20 11 66
301 652 38 26 567
1455 653 14 21 236
1138 654 10 7 47
380 658 1 1 1
550 658 1 1 1
1305 658 9 18 99
778 661 7 14 89
808 661 5 16 52
859 661 6 10 38
1121 660 23 22 234
474 663 1 1 1
575 662 1 1 1
1074 664 2 4 7
626 666 7 15 93
600 668 1 1 1
963 671 5 5 15
1031 671 4 3 11
1062 670 2 3 6
1290 670 3 2 6
421 672 24 36 466
901 673 16 17 157
1186 673 1 1 1
652 674 5 8 31
984 676 1 4 4
998 677 6 6 21
1057 676 4 6 20
769 678 2 1 2
1613 679 15 19 234
573 680 1 2 2
863 681 8 17 54
383 682 1 2 2
636 683 4 4 12
688 683 1 1 1
741 683 4 6 20
941 683 20 26 182
1015 685 40 67 525
1173 685 1 1 1
1533 684 29 24 325
974 686 1 4 4
1015 686 11 26 164
1282 687 16 21 125
313 688 9 10 72
1072 689 2 2 4
1408 689 9 13 91
164 690 1 1 1
611 690 7 12 66
779 692 1 1 1
1379 693 4 4 11
1525 692 1 1 1
768 694 2 1 2
1056 695 32 40 514
1104 694 4 8 29
1154 695 1 2 2
923 697 20 50 431
111 698 2 1 2
571 698 1 1 1
976 698 2 3 5
1696 699 2 1 2
600 701 2 2 2
646 701 1 1 1
1456 700 22 30 356
522 702 7 10 57
678 704 5 6 27
844 705 11 24 165
1307 705 2 2 3
412 707 5 4 14
712 706 4 8 23
802 706 4 9 30
461 709 7 8 42
906 709 2 5 9
1394 709 4 2 6
59 713 1 1 1
607 713 8 11 64
623 713 29 51 439
692 712 1 1 1
892 713 4 18 44
686 714 30 49 423
1336 715 8 7 44
784 716 3 4 10
348 718 16 18 147
568 719 1 1 1
594 720 2 2 3
792 720 3 5 14
976 721 5 5 13
805 723 14 19 105
1136 723 9 15 111
1221 722 1 1 1
1301 723 21 15 240
1334 723 2 2 3
452 725 26 16 229
557 725 1 1 1
760 724 4 6 16
1344 727 24 21 240
385 729 1 1 1
1228 728 5 7 30
383 730 1 1 1
401 730 11 16 131
744 730 2 2 2
1268 731 20 23 115
1396 730 1 1 1
748 732 2 2 3
914 733 3 5 12
1499 732 11 11 94
1072 735 2 4 7
379 736 2 2 2
655 736 3 3 8
1474 736 2 1 2
946 738 1 2 2
960 739 6 8 19
973 738 2 4 7
581 740 6 8 39
763 741 15 12 49
863 741 3 7 19
1009 740 3 8 15
1657 740 1 1 1
607 743 7 16 76
875 742 3 6 13
996 743 3 6 17
1452 743 19 28 241
733 746 7 10 52
843 747 8 10 47
975 747 1 2 2
1138 747 3 4 10
554 748 5 5 18
943 748 1 2 2
1314 748 23 39 269
980 751 50 72 886
1112 750 13 20 130
1199 750 1 1 1
1568 751 1 1 1
465 752 3 3 8
910 752 4 6 16
1218 753 7 10 53
1241 752 6 8 44
828 754 3 10 12
1071 755 1 1 1
1083 754 3 15 20
13 756 1 1 1
187 757 1 1 1
509 756 22 15 139
666 756 4 5 19
423 759 17 14 79
496 759 3 1 3
949 758 1 3 3
1047 759 2 3 4
1726 759 2 1 2
189 761 2 2 3
980 761 6 10 26
1420 760 18 30 219
1700 760 1 1 1
355 762 5 4 12
710 763 1 1 1
950 763 30 47 578
1065 762 1 2 2
203 765 1 1 1
778 765 2 5 10
787 764 34 29 304
830 765 2 2 2
1296 764 3 3 9
845 767 18 10 66
1264 766 1 1 1
1728 766 1 1 1
1071 768 1 3 3
1044 770 2 8 11
767 772 1 1 1
896 773 3 5 7
332 774 9 10 76
923 775 19 30 243
831 776 1 1 1
1678 776 1 1 1
1058 779 1 2 2
1814 778 2 1 2
867 780 7 13 39
1067 781 1 3 3
1216 780 4 3 12
1384 780 8 11 82
1707 780 1 1 1
452 782 2 1 2
1306 783 8 8 49
623 785 7 10 57
883 785 4 7 18
1507 784 1 1 1
253 786 1 1 1
498 786 1 1 1
533 787 7 12 71
661 786 9 15 74
833 787 2 4 5
909 786 1 2 2
31 790 1 1 1
697 791 7 20 78
1025 790 6 12 68
1042 790 1 2 2
1106 790 1 1 1
1292 791 3 4 11
502 793 4 4 14
584 792 8 10 61
638 792 6 10 44
835 793 1 1 1
716 792 394 221 24073
1577 793 14 12 53
725 795 7 18 81
1470 795 4 2 7
837 796 10 5 18
861 797 3 5 12
1495 796 1 1 1
1723 797 7 2 10
807 801 1 1 1
1276 800 5 8 33
1556 800 3 2 6
605 804 12 19 99
1489 804 1 1 1
1570 805 1 1 1
422 806 1 1 1
737 807 4 6 18
852 806 4 16 55
858 807 109 35 869
405 808 4 3 9
519 808 1 1 1
160 810 1 1 1
341 811 2 1 2
782 811 11 11 74
1230 811 6 11 57
214 815 2 2 3
1117 814 2 2 3
1834 814 1 1 1
1272 816 38 93 809
1300 816 11 10 72
1556 816 17 17 186
1615 816 1 1 1
1653 816 2 1 2
1768 817 4 1 4
257 818 1 1 1
480 818 31 33 498
1481 819 10 13 106
1720 819 3 1 3
645 821 6 8 31
812 820 10 8 34
1015 821 1 2 2
231 822 1 1 1
810 823 1 1 1
976 823 1 3 3
1223 823 3 5 12
1515 823 10 18 144
346 826 3 2 4
842 827 3 5 12
1035 827 1 3 3
1319 827 6 12 51
1776 826 1 1 1
698 828 3 1 3
1120 829 19 20 212
1429 828 5 3 8
263 831 5 2 5
430 831 10 12 88
1623 830 3 1 3
1660 830 1 1 1
458 833 10 5 33
691 833 6 12 54
1174 832 2 1 2
1240 833 7 10 57
1446 833 29 27 326
329 835 17 32 282
1007 835 40 25 271
990 837 7 13 75
1350 836 3 1 3
1635 837 1 1 1
713 838 6 4 18
859 839 41 22 154
640 840 6 8 40
763 840 35 25 415
816 841 34 43 370
226 843 1 1 1
586 842 6 8 34
1382 844 7 10 60
91 847 1 1 1
413 848 3 1 3
438 848 21 33 443
625 849 8 5 29
805 849 1 1 1
1399 848 2 1 2
200 850 2 2 2
1637 850 1 1 1
369 853 5 8 22
651 852 6 11 43
720 853 8 12 76
971 852 9 14 92
1269 852 6 8 38
936 855 2 3 6
949 854 1 2 2
998 854 7 12 47
1173 854 10 13 106
1410 855 2 1 2
1641 855 2 1 2
1680 855 1 1 1
673 856 2 1 2
856 856 23 40 292
1219 857 28 10 115
1618 856 2 1 2
1824 857 1 1 1
311 858 1 1 1
498 859 2 3 4
907 858 9 4 19
932 859 1 1 1
1529 858 13 11 95
1826 858 2 1 2
1262 860 5 10 41
1651 861 2 1 2
1015 862 6 15 51
1803 863 1 1 1
929 865 2 2 4
961 865 15 20 174
1547 864 15 16 144
879 866 2 6 11
1202 866 9 15 104
1831 866 1 1 1
691 868 9 20 93
898 868 9 5 21
1342 869 6 8 42
1361 868 6 10 47
159 871 2 1 2
522 870 7 6 34
556 870 5 5 17
639 870 6 8 37
663 870 13 12 66
805 871 3 5 13
7 873 2 1 2
27 873 3 2 3
289 872 1 1 1
506 872 5 5 17
1016 872 30 46 534
1445 873 9 11 89
568 875 1 1 1
114 877 2 1 2
480 876 5 5 23
584 876 1 1 1
999 876 2 5 10
1252 876 1 1 1
1378 877 1 1 1
1523 876 2 1 2
366 879 8 12 68
1652 879 2 1 2
598 881 9 24 122
489 883 4 5 20
802 883 1 3 3
1132 883 3 5 11
1494 883 1 1 1
314 884 2 1 2
656 884 5 7 29
1401 884 1 1 1
1519 885 1 1 1
1579 885 3 2 4
826 886 2 5 8
880 887 5 7 28
1119 887 1 1 1
1681 886 4 2 4
518 888 1 1 1
995 888 3 4 6
1049 888 5 3 7
294 890 1 1 1
513 891 15 24 136
1108 890 9 15 93
1334 891 7 9 57
340 892 9 12 81
907 892 18 9 78
548 894 1 1 1
889 894 1 1 1
892 895 2 11 15
1308 894 3 4 11
1492 895 9 16 92
867 896 9 15 55
974 896 1 3 3
984 897 2 4 7
1460 896 1 1 1
639 898 3 6 17
1005 898 1 4 4
1136 899 1 1 1
700 900 4 18 59
1233 901 5 9 38
1378 900 1 1 1
321 903 11 12 100
1765 903 2 1 2
437 905 27 16 230
470 905 1 1 1
134 907 1 2 2
1139 907 1 1 1
1205 907 2 2 3
1461 907 3 3 4
396 908 1 1 1
500 908 1 1 1
1477 908 7 10 56
161 911 1 1 1
898 911 1 1 1
974 910 1 3 3
1123 910 2 6 12
1445 911 8 11 67
546 913 8 9 58
663 913 5 6 22
689 912 3 4 10
535 914 1 1 1
617 915 5 6 23
856 915 1 1 1
1273 915 3 2 4
1295 914 4 9 27
1659 915 1 1 1
1718 914 1 1 1
365 917 1 1 1
591 916 2 2 3
160 919 1 1 1
431 919 4 6 24
499 919 1 1 1
1163 918 1 1 1
1523 918 11 25 166
117 920 1 1 1
393 920 2 2 3
865 921 2 5 8
1004 920 7 4 22
1035 921 1 1 1
1211 921 1 1 1
1637 921 3 2 3
294 923 5 2 9
1164 922 1 1 1
1200 922 7 10 60
1318 922 6 4 18
555 925 1 1 1
1278 925 1 1 1
357 926 7 9 48
563 927 5 8 34
690 927 8 11 54
1428 926 1 1 1
1023 928 1 3 3
1224 928 2 1 2
1245 929 1 1 1
659 930 11 12 105
1012 930 1 2 2
1247 930 18 22 115
1365 931 2 2 4
1416 930 10 22 151
400 932 1 1 1
916 933 2 4 8
1027 932 1 2 2
1455 933 20 35 284
586 934 1 1 1
1009 934 1 3 3
1305 936 2 2 3
63 939 1 1 1
316 938 12 10 59
555 938 7 7 28
1507 938 14 15 143
704 941 3 2 4
1614 940 1 1 1
1772 940 1 1 1
587 942 1 1 1
1295 943 2 3 4
1624 942 2 3 5
389 945 1 1 1
496 945 1 1 1
1108 945 3 5 15
1137 945 11 16 109
1206 945 7 5 19
1230 944 5 8 28
1274 945 1 1 1
1652 945 3 2 3
473 946 5 7 21
1735 946 3 4 7
1622 949 2 2 4
1666 949 3 3 3
1755 948 1 3 3
588 951 1 1 1
1288 950 11 28 113
510 953 6 7 29
662 952 3 6 16
686 952 6 8 33
1505 953 3 5 13
714 955 4 7 22
1367 954 1 1 1
1742 955 1 1 1
245 957 1 1 1
432 956 2 2 2
1432 956 2 2 2
1839 957 1 1 1
319 958 1 1 1
399 959 7 8 45
1571 959 1 1 1
231 960 1 1 1
313 960 4 1 4
1514 961 10 21 66
1545 961 1 1 1
1547 960 1 1 1
352 963 7 6 39
307 965 1 1 1
577 965 2 3 6
1090 964 1 1 1
1579 965 1 1 1
1406 966 1 1 1
302 969 1 2 2
474 969 5 7 29
484 968 1 1 1
795 969 2 2 3
1252 969 2 2 4
1439 968 8 10 58
195 970 2 2 2
419 970 1 1 1
700 971 8 10 48
1241 971 4 9 31
1424 971 1 1 1
1465 971 1 2 2
1480 970 10 19 139
1601 970 3 3 7
1625 970 2 2 3
549 973 5 1 5
650 973 18 23 212
1629 972 1 1 1
50 974 1 1 1
1613 974 4 3 6
405 977 1 1 1
818 977 2 4 8
339 978 9 11 66
544 979 3 3 7
619 978 5 6 25
640 979 2 2 4
1272 979 28 38 217
1300 979 1 2 2
1655 979 1 1 1
1691 979 4 3 10
53 981 1 1 1
426 980 1 2 2
827 981 4 6 18
1388 980 2 1 2
1588 981 3 2 5
571 982 4 4 9
681 982 11 18 79
1102 983 12 7 41
1338 983 1 1 1
1378 982 2 2 2
1662 982 2 1 2
1696 982 1 1 1
111 984 2 2 3
503 984 1 2 2
585 984 1 1 1
748 984 1 1 1
1214 985 1 1 1
1520 985 3 2 6
1686 984 1 1 1
514 987 1 1 1
627 987 13 8 41
881 987 2 3 6
895 986 1 1 1
1221 986 6 9 45
1434 987 1 2 2
372 989 1 1 1
833 989 2 5 10
1462 991 6 6 29
255 993 1 1 1
467 993 2 2 3
541 992 6 10 42
804 993 1 1 1
1421 992 1 1 1
1442 992 1 1 1
1524 992 2 1 2
253 995 2 2 3
787 994 4 7 22
895 995 2 4 6
1096 994 2 4 8
1362 994 2 2 4
1425 994 5 8 37
1551 995 1 1 1
522 996 2 7 8
709 996 3 4 12
744 996 5 7 28
855 996 12 7 23
1199 996 1 1 1
1338 997 2 3 6
1382 996 10 26 111
243 998 2 2 3
372 999 1 1 1
1555 999 5 4 10
358 1000 1 1 1
478 1001 8 10 70
1103 1001 16 18 109
1473 1000 22 13 154
429 1002 1 1 1
435 1003 4 2 7
658 1003 2 1 2
1145 1003 1 1 1
1176 1002 1 1 1
1195 1002 2 9 18
351 1004 1 1 1
537 1005 4 6 12
600 1005 1 1 1
1142 1004 1 1 1
1344 1006 21 16 132
696 1008 2 1 2
710 1009 3 7 21
819 1008 2 1 2
1006 1009 1 3 3
1429 1008 41 34 247
461 1011 13 7 45
995 1010 1 2 2
1201 1011 6 7 35
1248 1011 25 28 211
0 1013 2 4 8
632 1012 4 6 17
673 1013 3 3 7
944 1012 11 20 92
1230 1013 1 2 2
1425 1013 2 1 2
192 1015 1 1 1
534 1015 2 1 2
549 1014 7 9 42
588 1014 5 8 32
787 1014 2 4 6
834 1014 1 1 1
843 1015 1 2 2
1002 1014 1 3 3
1495 1015 1 1 1
1515 1014 2 1 2
1739 1014 1 1 1
1755 1014 1 1 1
1775 1014 1 1 1
483 1017 21 21 149
722 1016 2 2 3
1638 1017 1 1 1
276 1019 1 1 1
527 1019 4 5 15
747 1019 6 12 43
831 1019 2 2 3
1215 1019 1 2 2
1560 1019 1 1 1
564 1021 4 6 16
616 1020 1 1 1
646 1021 1 1 1
711 1020 6 12 29
864 1021 2 4 8
977 1021 2 11 15
1231 1020 1 1 1
1409 1020 1 1 1
302 1022 2 2 2
657 1023 3 5 13
684 1022 3 4 10
916 1022 1 5 5
1033 1023 1 3 3
1066 1023 1 1 1
1097 1022 3 2 4
1188 1022 1 1 1
1780 1023 7 9 24
38 1025 1 1 1
365 1025 2 2 3
456 1024 5 7 17
517 1025 1 1 1
541 1024 1 1 1
581 1025 5 3 12
839 1024 7 10 22
1157 1025 1 3 3
1820 1024 3 2 3
348 1027 2 1 2
473 1026 4 4 15
895 1026 2 10 13
911 1027 1 3 3
1116 1026 1 1 1
1748 1026 1 1 1
398 1029 1 1 1
1427 1028 15 31 193
419 1030 20 14 137
451 1031 1 1 1
1213 1031 4 3 8
1551 1031 1 1 1
1664 1031 1 1 1
5 1033 7 2 8
295 1033 6 5 17
953 1032 3 6 18
1051 1033 3 4 7
1074 1033 9 13 87
1243 1032 1 1 1
1312 1032 6 12 38
1399 1032 1 1 1
1478 1032 1 2 2
1550 1033 1 1 1
985 1034 9 10 72
1198 1034 1 1 1
1280 1034 14 15 125
38 1036 3 2 4
388 1036 9 8 27
466 1036 11 12 80
838 1036 1 2 2
1206 1036 1 2 2
1382 1036 6 8 37
884 1039 1 2 2
1034 1039 1 3 3
1235 1038 2 1 2
1579 1038 1 1 1
667 1041 15 17 102
715 1040 1 1 1
1500 1041 5 3 10
14 1043 4 4 7
591 1043 4 2 6
628 1042 5 6 22
723 1042 1 1 1
933 1043 1 2 2
938 1042 12 11 73
1017 1044 1 2 2
1372 1044 3 3 5
1675 1044 3 2 4
88 1046 1 1 1
788 1046 7 11 44
1064 1046 10 5 33
1211 1047 5 8 29
1304 1046 1 7 7
515 1048 16 12 68
570 1048 2 1 2
863 1048 1 2 2
1003 1049 1 1 1
1107 1049 2 4 6
1393 1048 50 37 482
1587 1048 1 1 1
720 1050 6 10 37
867 1051 2 2 3
1281 1051 1 3 3
1664 1050 1 1 1
266 1053 3 2 4
358 1053 1 1 1
490 1052 5 2 7
678 1052 15 13 59
823 1052 2 3 6
1573 1053 4 3 4
569 1055 1 1 1
1467 1054 26 13 136
1688 1054 13 16 70
105 1056 3 2 4
829 1057 1 4 4
1019 1057 1 4 4
1040 1056 7 3 10
1347 1056 1 2 2
217 1059 2 1 2
471 1058 3 6 11
651 1059 4 6 20
1052 1059 1 1 1
1091 1059 5 8 37
428 1061 2 1 2
544 1060 1 1 1
561 1060 4 7 20
698 1060 1 2 2
947 1060 3 5 14
1006 1060 1 1 1
1057 1061 1 2 2
1293 1061 3 2 4
1510 1061 3 1 3
95 1063 1 1 1
113 1062 1 1 1
216 1062 1 1 1
403 1062 18 10 99
664 1062 12 29 120
1684 1062 1 1 1
10 1065 1 2 2
33 1064 1 1 1
1346 1064 1 1 1
1612 1065 2 2 3
64 1067 2 1 2
304 1066 4 2 5
385 1066 6 4 11
727 1066 4 6 19
839 1067 1 3 3
877 1066 1 4 4
896 1067 1 1 1
1323 1066 5 7 22
1615 1067 1 1 1
1652 1066 3 3 7
516 1068 2 1 2
543 1068 1 2 2
849 1068 1 13 13
932 1068 7 9 43
1657 1069 1 2 2
532 1070 1 1 1
879 1071 9 4 20
1027 1071 3 7 20
1349 1071 7 16 45
1811 1070 6 4 14
294 1072 10 10 50
425 1073 2 2 3
464 1073 3 3 8
635 1072 2 3 6
1002 1072 7 13 60
1247 1072 13 9 65
1519 1072 2 3 4
558 1075 3 1 3
578 1075 2 1 2
610 1074 5 7 26
640 1075 4 4 12
804 1074 3 3 6
893 1075 9 13 57
1231 1075 2 2 3
1299 1075 6 8 34
914 1076 1 2 2
1100 1077 1 2 2
1531 1076 10 3 14
1639 1077 17 6 39
1729 1077 2 12 14
127 1078 1 1 1
381 1079 8 3 13
458 1078 2 8 9
1559 1079 1 1 1
417 1081 3 4 11
515 1081 36 36 379
622 1081 4 12 26
1277 1080 4 6 18
153 1083 5 6 12
733 1082 3 5 13
856 1082 1 3 3
355 1085 7 3 18
412 1085 2 1 2
570 1085 1 1 1
1043 1084 1 1 1
1186 1085 1 1 1
1771 1085 2 2 3
753 1087 2 12 14
828 1086 1 1 1
1082 1087 2 3 4
1321 1087 1 1 1
60 1088 1 1 1
210 1088 5 6 12
430 1088 12 6 35
575 1088 5 7 25
649 1089 2 5 8
726 1088 3 5 9
1138 1089 1 1 1
1362 1089 21 13 108
1455 1089 2 2 3
1686 1089 4 1 4
1733 1089 1 1 1
820 1091 2 4 8
922 1090 7 6 15
1153 1091 4 5 19
1195 1091 3 2 4
1264 1091 12 5 24
1293 1090 14 11 58
1307 1090 1 1 1
1691 1090 1 8 8
1703 1091 2 2 4
397 1092 18 21 130
940 1092 3 6 12
1026 1092 1 1 1
1122 1092 2 2 4
1620 1093 1 1 1
13 1094 5 4 9
337 1094 2 1 2
685 1094 1 1 1
713 1095 13 16 84
1003 1095 5 8 35
1047 1095 1 3 3
1085 1094 2 3 4
1636 1095 3 2 3
224 1097 1 1 1
259 1096 2 1 2
340 1097 3 5 12
453 1097 4 3 6
593 1096 1 1 1
682 1096 2 2 4
42 1098 1 1 1
471 1099 2 3 5
599 1098 6 9 42
627 1099 2 3 4
652 1098 1 1 1
832 1099 1 3 3
1279 1098 2 3 5
172 1100 2 2 4
312 1101 8 15 27
1531 1101 1 2 2
188 1102 4 3 7
426 1102 1 1 1
656 1102 4 3 12
744 1103 2 2 4
1264 1103 3 5 15
1640 1103 3 2 4
558 1104 2 5 6
679 1104 1 1 1
692 1105 5 4 14
840 1105 1 3 3
1031 1105 11 11 56
1534 1104 1 1 1
125 1106 2 1 2
613 1107 2 1 2
957 1106 2 4 7
1169 1106 1 1 1
1412 1107 30 41 286
1452 1106 4 4 13
1665 1107 1 1 1
1677 1107 1 1 1
622 1109 1 1 1
1123 1108 6 13 65
1236 1108 15 10 85
1286 1109 4 5 18
1606 1108 2 3 4
329 1110 1 1 1
443 1110 28 13 221
482 1111 1 1 1
506 1110 7 8 42
635 1111 1 1 1
683 1110 1 1 1
915 1113 1 1 1
1176 1112 1 1 1
133 1115 2 1 2
281 1114 2 2 3
891 1114 1 2 2
943 1115 1 1 1
1272 1114 10 9 64
1383 1115 10 9 52
1568 1115 1 2 2
1702 1115 10 5 19
492 1117 1 1 1
573 1117 2 1 2
641 1116 10 8 48
1158 1116 6 12 51
1332 1116 4 5 16
1463 1117 1 1 1
1541 1117 2 2 4
1753 1117 1 1 1
572 1119 1 1 1
668 1118 18 19 166
708 1118 2 3 4
745 1118 1 1 1
824 1119 1 2 2
1300 1118 5 5 13
570 1120 1 1 1
851 1120 1 2 2
918 1121 2 4 7
1071 1120 9 4 28
1254 1121 1 1 1
246 1122 1 1 1
333 1123 2 2 3
726 1123 2 3 6
1342 1122 1 1 1
1659 1123 2 2 3
382 1124 4 12 21
414 1125 2 2 3
437 1125 6 10 48
474 1125 1 1 1
556 1125 1 1 1
1011 1125 1 1 1
1117 1124 3 4 10
1448 1124 1 1 1
359 1126 1 1 1
525 1127 31 25 219
637 1127 1 1 1
991 1127 14 12 35
1137 1127 4 6 16
1549 1126 1 1 1
416 1129 5 3 11
883 1129 1 4 4
934 1128 4 10 24
1235 1128 2 4 4
1592 1128 1 1 1
1594 1129 4 2 7
61 1131 1 1 1
116 1130 2 1 2
158 1130 3 2 4
274 1131 1 1 1
401 1131 1 1 1
469 1131 1 2 2
718 1131 20 28 149
950 1130 1 3 3
1051 1130 1 3 3
1253 1131 3 6 17
1499 1131 1 1 1
1545 1130 17 18 51
1562 1131 1 1 1
229 1132 4 5 12
306 1132 14 9 51
398 1133 1 1 1
508 1132 5 2 8
1268 1132 1 1 1
118 1134 1 1 1
372 1134 2 2 2
451 1135 1 1 1
506 1134 1 1 1
600 1134 5 10 39
694 1135 3 5 12
750 1135 1 1 1
893 1135 1 3 3
964 1134 2 4 7
978 1135 1 1 1
1214 1135 1 1 1
1438 1135 23 36 249
1466 1134 1 1 1
1652 1135 1 1 1
1786 1135 1 1 1
409 1137 3 2 6
500 1137 4 6 21
746 1136 1 1 1
805 1137 1 2 2
850 1137 1 1 1
981 1137 1 1 1
1040 1136 1 3 3
1072 1137 24 20 163
1345 1136 5 4 10
1511 1136 6 7 32
1703 1136 2 2 4
66 1138 1 1 1
456 1139 1 1 1
472 1138 1 1 1
472 1139 15 23 118
680 1138 4 6 22
821 1138 2 2 4
1280 1138 6 11 15
1585 1138 9 9 56
1647 1138 4 2 5
425 1140 1 1 1
569 1140 3 2 4
1199 1141 1 3 3
226 1142 2 3 3
244 1143 2 1 2
327 1143 1 1 1
411 1143 22 17 154
827 1143 1 2 2
910 1142 1 3 3
29 1144 1 1 1
361 1145 26 18 176
491 1144 6 5 17
939 1145 5 9 37
1160 1144 1 1 1
182 1147 1 2 2
258 1146 1 2 2
352 1147 8 3 16
393 1146 3 2 5
550 1147 1 1 1
686 1146 4 2 5
887 1147 1 1 1
1151 1146 2 2 4
1238 1147 1 1 1
1699 1146 4 7 25
1714 1146 1 1 1
615 1149 3 5 12
702 1149 2 5 9
762 1148 1 1 1
830 1149 2 4 8
981 1149 11 19 68
1030 1149 1 1 1
1047 1148 1 2 2
1116 1148 1 1 1
1209 1148 1 1 1
1315 1148 1 1 1
1631 1149 2 3 5
279 1151 1 1 1
350 1151 1 1 1
568 1151 1 1 1
1170 1151 8 2 8
1187 1151 1 1 1
1212 1150 1 1 1
1812 1150 8 5 15
515 1152 9 5 21
623 1153 40 18 315
775 1153 4 4 11
889 1153 1 3 3
1640 1152 2 2 3
173 1155 1 1 1
464 1155 1 1 1
572 1155 43 12 138
1395 1154 11 7 35
1703 1154 3 2 5
950 1156 4 7 27
1680 1157 7 11 44
1769 1156 4 3 9
13 1158 6 4 14
177 1158 1 1 1
462 1158 2 1 2
495 1158 2 5 6
676 1158 6 19 46
1015 1159 3 6 18
833 1160 1 5 5
969 1161 3 4 12
141 1162 1 1 1
340 1163 10 3 20
412 1162 3 2 4
498 1163 7 8 46
1262 1163 3 3 6
186 1165 3 3 6
452 1165 1 1 1
513 1165 2 3 5
1115 1165 12 10 68
1307 1165 1 1 1
263 1167 2 1 2
354 1167 1 1 1
735 1167 6 27 76
881 1167 1 1 1
944 1166 18 19 134
1044 1166 1 2 2
1207 1166 1 1 1
1327 1167 6 10 35
1537 1167 10 5 23
1665 1166 1 1 1
1694 1167 5 4 7
138 1169 7 10 21
232 1168 1 1 1
520 1168 1 2 2
1039 1168 4 5 18
1169 1168 1 1 1
1469 1169 7 8 40
1744 1168 1 1 1
122 1170 1 1 1
453 1170 1 1 1
539 1171 9 12 41
661 1170 3 2 6
699 1171 1 2 2
973 1170 1 1 1
184 1173 2 2 3
362 1172 7 18 45
404 1173 1 2 2
429 1172 3 3 7
1569 1173 2 3 5
112 1175 1 1 1
805 1174 1 1 1
856 1174 2 2 3
1203 1175 3 4 9
1288 1174 2 2 2
1581 1174 1 1 1
337 1176 1 1 1
470 1176 8 18 75
564 1177 36 35 202
760 1177 4 6 20
837 1177 1 2 2
1246 1176 1 1 1
1510 1177 3 1 3
377 1179 1 3 3
409 1179 6 1 6
684 1178 10 8 43
1009 1178 2 2 4
1182 1179 2 1 2
1236 1179 1 1 1
1750 1178 1 2 2
182 1181 13 7 23
211 1181 1 1 1
258 1180 5 4 5
501 1180 1 1 1
641 1181 2 2 4
717 1180 1 1 1
849 1180 1 2 2
880 1180 7 8 34
1058 1181 1 5 5
1371 1180 1 1 1
127 1183 7 4 12
304 1183 4 3 6
332 1183 4 4 7
488 1183 5 7 15
1077 1182 3 8 17
42 1185 1 1 1
858 1185 5 5 17
963 1185 4 7 24
1195 1184 1 1 1
40 1186 1 1 1
393 1187 1 1 1
449 1187 5 10 16
567 1187 1 1 1
1263 1186 1 1 1
1450 1187 13 7 35
10 1188 6 5 9
119 1189 1 1 1
199 1188 1 1 1
652 1189 17 22 237
1258 1189 5 8 30
1276 1188 4 5 11
1320 1188 1 1 1
115 1190 2 2 2
282 1190 1 1 1
339 1191 2 2 3
429 1190 11 9 44
531 1190 4 5 11
566 1191 1 1 1
609 1191 1 1 1
701 1191 1 8 8
776 1191 1 3 3
863 1191 1 1 1
1042 1190 3 7 19
1161 1191 2 3 4
1370 1190 15 14 95
1419 1190 4 6 16
225 1193 5 3 9
309 1192 12 19 56
578 1193 1 1 1
677 1193 12 7 38
873 1192 1 1 1
1139 1192 1 1 1
187 1195 1 1 1
577 1195 1 1 1
616 1195 1 1 1
845 1195 1 1 1
991 1195 2 1 2
1069 1195 1 3 3
138 1196 1 1 1
388 1197 1 1 1
506 1196 30 15 184
547 1196 2 2 2
562 1197 3 1 3
1238 1196 3 2 6
1314 1197 3 3 6
1472 1197 1 1 1
1534 1197 1 2 2
1598 1196 2 1 2
41 1199 12 9 38
136 1199 1 1 1
146 1198 9 7 32
234 1198 2 2 4
363 1199 1 1 1
382 1198 2 2 3
719 1199 2 1 2
898 1198 1 1 1
1060 1199 1 1 1
1192 1199 6 6 24
1200 1198 9 1 9
1245 1198 1 1 1
1503 1198 1 1 1
1773 1199 8 4 15
90 1200 4 2 6
294 1201 1 1 1
463 1200 19 28 152
724 1201 1 1 1
828 1201 1 1 1
859 1200 1 1 1
883 1200 1 1 1
1393 1200 14 7 45
1430 1200 21 22 157
190 1203 3 2 5
207 1203 1 1 1
292 1203 1 2 2
377 1202 5 5 9
458 1202 1 1 1
708 1203 3 7 16
735 1203 2 2 4
1110 1202 4 11 24
1536 1202 1 1 1
1600 1203 3 3 6
188 1205 1 1 1
342 1204 1 1 1
617 1204 3 2 4
691 1204 5 9 42
755 1205 2 3 5
837 1205 9 2 10
951 1204 1 2 2
1218 1205 1 1 1
1284 1204 4 4 13
1510 1204 3 3 4
1832 1205 3 2 4
111 1207 3 2 4
279 1207 1 1 1
355 1206 2 1 2
649 1207 1 1 1
815 1207 10 9 35
1030 1207 2 2 4
1093 1207 1 1 1
1131 1206 1 1 1
1233 1206 8 9 55
1258 1206 3 4 6
1333 1207 1 2 2
65 1209 2 2 3
185 1208 1 1 1
397 1208 2 3 4
493 1208 1 1 1
1465 1208 16 20 125
495 1211 4 4 13
738 1211 18 17 86
867 1210 3 5 12
1267 1211 1 1 1
1419 1210 2 1 2
1617 1211 3 2 4
1804 1210 4 2 5
87 1212 1 1 1
165 1212 2 1 2
179 1213 2 1 2
1029 1212 1 2 2
1043 1213 1 1 1
1205 1213 1 1 1
1252 1212 1 1 1
286 1214 6 6 12
413 1214 6 9 42
672 1215 2 4 7
688 1215 1 3 3
960 1214 2 2 3
1277 1214 3 14 19
1427 1214 1 1 1
1517 1215 1 1 1
133 1217 2 1 2
248 1216 9 6 23
647 1217 2 1 2
706 1217 2 4 5
153 1219 3 3 5
627 1218 3 2 6
717 1219 1 2 2
794 1219 1 2 2
1136 1219 1 1 1
111 1221 2 1 2
585 1221 5 7 20
640 1220 3 1 3
1101 1221 4 7 25
274 1222 2 1 2
333 1223 1 5 5
432 1222 2 6 10
604 1222 6 6 10
633 1223 6 5 30
691 1223 3 5 14
903 1222 1 1 1
997 1223 1 5 5
1556 1222 1 1 1
1592 1223 13 5 18
150 1225 2 3 6
451 1225 3 3 8
546 1224 3 4 11
930 1224 1 4 4
985 1224 3 4 12
1267 1224 1 4 4
1390 1225 1 3 3
1712 1224 13 4 23
1750 1224 2 4 7
840 1226 3 2 5
970 1226 5 2 10
1332 1226 1 2 2
1506 1227 2 1 2
1675 1226 5 2 7
