0 0 1840 1228 2118589
33 0 17 9 124
670 0 10 19 129
723 0 21 32 393
733 0 55 124 2445
877 0 25 23 301
932 0 5 4 16
966 0 16 30 272
1013 0 6 8 34
1044 0 23 30 394
1203 0 16 8 99
1254 0 38 49 1388
1353 0 22 38 610
1429 0 50 73 1254
1769 0 2 4 8
800 6 9 14 100
1594 9 26 52 924
629 11 8 15 90
550 13 11 24 180
915 15 34 96 1284
380 17 11 14 108
176 18 23 17 221
660 20 7 11 68
310 29 15 24 253
869 31 19 11 56
1113 31 5 12 31
1300 31 36 72 1072
818 32 41 68 1273
855 34 5 7 27
462 36 10 19 156
1013 36 6 12 53
1049 37 12 21 191
1138 37 19 46 607
991 39 11 8 26
1368 41 23 42 726
388 43 21 34 264
1532 45 19 38 540
569 48 3 2 4
964 48 13 8 46
51 50 15 20 220
566 50 1 1 1
626 50 8 39 239
349 55 18 44 644
277 62 26 26 260
689 63 3 2 5
886 63 25 41 474
1008 62 15 20 152
1241 63 13 31 326
0 71 21 54 895
588 72 14 37 348
664 73 21 36 392
1509 73 11 12 93
1590 72 22 42 665
190 77 13 12 70
1446 79 1 2 2
985 81 7 6 28
869 86 4 4 10
491 90 13 28 284
972 91 46 44 754
954 92 4 5 13
971 92 5 6 19
1213 92 17 40 517
1375 95 84 34 1312
85 97 2 1 2
770 97 1 3 3
710 99 20 64 734
1034 98 30 44 634
72 102 16 17 209
453 103 10 17 121
1259 108 38 74 1259
683 111 4 4 12
845 111 15 49 328
1328 111 4 3 7
629 112 3 1 3
648 117 14 22 207
891 119 5 8 32
869 125 6 12 51
998 128 4 6 21
811 132 16 40 490
381 135 10 16 132
918 134 15 14 126
1384 135 1 1 1
321 136 17 39 393
1372 137 7 3 13
1401 137 28 43 941
77 141 2 1 2
886 143 5 15 64
768 144 5 9 32
791 146 7 14 79
1018 147 3 7 20
401 148 17 52 442
1144 150 14 36 403
659 153 5 19 75
104 155 11 10 68
161 155 16 24 283
933 154 10 21 96
1027 154 10 14 84
454 158 12 30 264
1321 159 6 12 56
969 160 5 13 47
490 167 8 14 79
762 166 19 25 279
0 169 23 28 498
1042 171 6 10 37
985 172 34 25 268
879 176 7 11 66
1299 176 5 7 27
755 179 1 1 1
335 181 10 14 113
581 182 7 12 63
649 182 22 24 241
894 185 11 39 237
1245 185 11 12 94
911 186 5 12 39
860 188 3 7 19
1355 189 15 25 284
197 190 8 9 47
23 193 29 23 241
624 193 5 6 25
363 197 21 49 590
699 196 29 37 546
1018 196 8 9 55
89 199 1 1 1
49 203 39 95 1249
221 205 1 2 2
1290 204 12 21 210
518 206 9 14 82
683 207 4 4 12
753 207 31 45 622
946 206 1 1 1
191 211 1 1 1
972 210 2 3 6
1009 210 4 6 22
402 212 13 23 147
297 214 10 9 52
1476 214 25 22 441
18 217 1 1 1
262 217 15 25 276
33 219 2 1 2
88 218 1 1 1
1047 219 1 1 1
677 220 6 13 57
1125 221 12 15 131
951 222 4 12 45
102 224 1 1 1
652 227 5 7 27
824 227 4 6 20
146 230 1 1 1
448 231 10 16 116
1073 231 10 4 31
1286 230 1 1 1
111 232 1 1 1
550 232 7 13 73
966 234 7 7 39
1304 234 42 126 2388
664 237 5 6 25
821 236 34 41 568
25 240 2 1 2
227 240 2 1 2
1030 241 6 10 52
5 243 4 2 7
168 243 2 1 2
1148 242 1 1 1
955 244 3 6 14
9 246 1 10 10
161 246 1 1 1
1179 249 29 41 593
881 251 4 6 21
1041 252 3 4 11
103 255 2 1 2
182 254 33 32 477
409 255 2 1 2
1013 254 6 5 20
29 257 2 1 2
153 257 1 1 1
1083 256 11 14 114
216 258 1 1 1
450 259 11 24 156
692 258 1 2 2
370 260 22 43 518
972 260 4 8 23
161 263 1 1 1
426 262 7 11 62
946 262 3 4 9
1268 263 5 6 18
607 265 13 9 59
151 268 1 1 1
888 268 24 25 269
117 271 2 2 3
139 270 9 19 117
994 270 3 5 13
1204 270 26 43 381
160 276 2 1 2
689 277 3 1 3
853 277 19 34 307
988 276 42 58 1073
923 280 30 49 680
1140 281 24 34 611
156 284 1 1 1
169 284 1 1 1
176 285 1 2 2
971 284 8 18 103
21 289 10 13 31
766 288 13 20 126
132 291 4 5 20
161 291 1 1 1
249 293 10 9 61
411 293 8 12 75
644 292 9 22 65
107 294 1 1 1
918 296 1 1 1
1086 296 9 19 124
115 298 15 6 26
90 302 1 1 1
317 304 2 1 2
456 304 9 14 82
783 305 26 54 641
1172 304 9 18 126
34 307 3 2 5
141 306 2 2 3
841 306 12 17 142
894 306 3 7 20
1778 307 46 81 493
59 309 1 1 1
98 311 12 7 63
565 311 15 22 242
668 310 4 6 17
823 311 3 3 8
48 313 21 25 321
77 312 12 14 112
972 312 8 12 68
127 314 11 16 68
1457 315 13 12 116
12 316 54 73 1105
401 317 8 10 53
115 319 3 2 5
148 319 1 1 1
861 318 9 13 52
729 321 1 1 1
1103 321 6 5 25
0 324 3 1 3
946 326 3 7 21
89 329 4 2 7
677 330 4 7 19
186 334 16 20 172
625 334 16 16 106
719 335 39 36 626
80 336 3 2 5
554 337 9 22 151
1275 336 20 25 217
64 339 1 2 2
223 339 15 18 203
831 339 8 12 54
1258 339 6 7 28
1397 339 12 21 178
1462 338 14 12 123
163 341 14 14 138
850 343 29 58 802
930 343 2 2 4
949 343 1 1 1
0 344 4 1 4
149 345 1 1 1
297 344 20 21 181
663 345 28 28 194
1013 344 3 10 20
1357 344 11 19 161
5 347 6 4 9
457 348 10 14 92
967 348 3 8 12
90 351 1 1 1
1109 351 11 21 180
84 354 1 1 1
331 354 1 1 1
760 354 5 7 31
942 354 11 10 49
0 356 2 1 2
499 357 7 9 40
911 356 2 6 11
985 356 3 4 9
74 358 5 6 26
992 361 7 12 59
95 362 6 5 19
397 362 10 23 168
1271 362 13 14 134
432 366 2 1 2
482 366 9 10 74
1367 366 1 1 1
8 368 2 6 7
839 369 1 1 1
1364 368 15 36 204
260 372 10 10 65
962 373 3 5 11
1031 373 3 7 20
828 375 19 21 104
915 374 18 29 239
1016 375 1 2 2
1339 375 17 26 317
343 377 11 15 131
735 377 4 5 16
1327 377 4 2 5
1406 377 78 29 1030
34 378 1 1 1
947 379 3 4 10
1777 379 2 1 2
1783 378 3 1 3
308 380 9 10 63
419 381 6 8 27
716 380 5 4 13
818 380 1 3 3
883 380 3 8 19
935 380 10 36 172
19 383 2 1 2
801 385 9 4 12
701 386 6 10 44
1013 387 3 3 9
1300 386 6 5 19
249 388 1 1 1
706 391 30 38 477
1008 390 15 16 58
1257 391 20 36 475
1534 391 17 23 274
0 392 5 1 5
820 392 1 1 1
1109 392 1 1 1
1749 395 1 1 1
830 397 1 2 2
893 399 3 10 28
938 399 36 43 668
40 401 2 2 2
810 400 20 18 134
407 402 3 4 12
667 402 1 1 1
842 402 34 54 453
175 405 8 7 48
1133 404 32 49 557
0 407 5 2 10
770 406 15 14 60
883 407 1 1 1
1036 406 2 2 4
342 408 9 13 81
886 409 5 7 35
67 410 1 1 1
800 410 4 9 35
876 412 1 1 1
1363 413 14 24 232
83 414 11 3 15
1815 415 1 1 1
738 419 34 19 183
841 419 1 1 1
462 420 15 45 366
877 421 1 1 1
914 420 3 3 6
1446 423 19 33 359
782 425 1 2 2
891 424 12 19 163
299 427 26 28 455
837 426 1 1 1
1233 427 26 43 566
631 428 5 5 17
790 430 1 1 1
811 431 11 12 81
21 432 1 1 1
194 433 3 2 6
786 432 14 16 118
973 432 6 13 45
773 434 1 2 2
869 435 1 1 1
1210 435 9 15 102
777 436 2 1 2
831 437 4 3 6
1006 439 2 3 5
1024 438 2 2 4
1403 439 11 21 158
722 441 28 36 492
913 441 4 4 15
80 442 6 5 12
430 443 8 11 70
766 442 1 1 1
1069 443 1 1 1
1191 442 9 14 99
402 444 9 15 104
835 445 16 28 323
269 447 20 17 210
920 446 1 1 1
966 447 7 12 80
989 446 17 16 97
666 450 35 20 282
803 450 1 1 1
633 452 4 5 18
906 453 3 3 8
1341 455 27 20 234
507 457 5 4 12
893 456 6 2 9
198 459 3 4 6
961 459 1 1 1
0 460 3 5 13
1015 461 6 7 22
94 463 13 17 110
1200 463 9 15 107
818 467 3 4 12
1395 467 10 15 110
774 468 16 40 329
889 469 10 12 94
879 471 1 1 1
1130 470 25 34 401
460 473 4 2 7
585 473 6 8 32
545 474 1 1 1
811 475 4 12 30
927 475 21 27 237
380 476 34 25 286
468 477 23 26 350
800 477 3 4 8
672 481 3 3 8
747 483 14 20 112
984 483 3 8 19
547 485 8 13 78
862 484 7 5 16
1412 487 13 21 201
652 488 20 18 107
684 492 1 1 1
1343 493 11 17 151
183 494 13 25 234
842 494 1 1 1
1024 495 2 4 8
83 497 28 27 322
645 496 2 3 4
816 496 1 2 2
892 497 6 11 54
818 500 3 6 17
832 503 1 1 1
927 502 10 30 178
414 504 10 15 97
996 507 26 16 111
847 508 1 1 1
1188 509 8 17 97
529 510 2 2 3
733 510 4 8 22
837 510 3 2 5
1246 510 14 5 46
17 514 4 2 5
1215 515 9 14 100
1353 514 14 43 452
718 517 4 7 27
833 517 1 1 1
1162 516 9 13 82
1034 518 2 3 6
154 520 5 1 5
947 520 2 3 5
792 522 3 6 17
841 522 1 1 1
1428 522 10 17 145
1234 525 17 21 191
430 526 7 12 65
459 527 2 6 7
754 526 28 28 149
1023 527 2 2 4
327 528 3 1 3
352 528 8 12 57
985 528 2 1 2
1408 529 11 17 124
285 531 8 6 33
625 530 13 28 263
725 531 1 1 1
872 530 4 6 22
1270 531 17 29 344
539 533 8 6 25
686 532 26 30 318
797 533 5 8 35
828 534 6 7 34
860 534 2 4 8
70 536 15 13 135
315 537 6 3 11
664 536 10 10 36
924 537 1 2 2
256 539 5 5 20
287 541 16 16 173
879 541 1 1 1
44 543 4 2 6
737 543 3 2 6
829 543 12 14 72
931 542 16 55 313
959 543 2 4 8
981 542 2 4 6
341 544 8 7 48
1202 547 28 20 306
1555 546 1 1 1
383 552 16 8 87
917 552 8 8 17
103 554 6 12 35
414 555 8 18 76
463 555 19 14 142
740 554 3 5 13
814 555 3 2 5
519 557 9 11 68
546 556 1 1 1
997 556 14 13 61
669 558 4 5 15
890 559 1 1 1
1141 559 11 26 161
800 560 8 17 91
954 560 13 7 34
977 561 8 5 22
122 562 2 1 2
642 563 3 5 11
746 562 6 7 28
881 563 4 7 26
895 562 20 31 330
127 564 1 1 1
679 564 3 3 7
776 564 5 18 57
221 570 6 15 38
1239 573 23 31 381
421 575 5 4 15
1434 574 11 16 128
482 577 17 15 118
844 576 48 69 1065
969 577 2 1 2
313 579 8 8 49
721 578 3 4 10
9 581 10 2 12
1211 580 3 5 7
1312 581 22 25 225
205 582 6 5 19
1011 583 1 2 2
110 584 1 1 1
459 584 7 6 31
106 587 2 3 5
412 587 2 1 2
146 590 1 1 1
795 592 10 8 42
959 592 2 3 4
976 592 2 1 2
1176 593 13 25 122
380 595 33 24 304
467 595 6 7 32
1002 596 1 1 1
673 599 1 1 1
815 599 12 13 82
1214 599 22 28 387
337 601 9 8 56
893 600 42 41 547
1016 600 4 6 19
304 603 7 5 23
473 603 2 1 2
682 602 28 26 309
1279 602 11 16 129
1154 604 7 9 57
150 607 2 2 3
354 607 7 8 46
765 607 4 8 25
1422 607 10 11 82
107 608 9 19 74
82 610 7 8 28
148 610 1 1 1
778 611 2 2 3
832 611 6 9 48
996 610 1 1 1
530 615 5 4 11
957 614 4 7 25
976 614 1 1 1
1053 614 8 17 92
1162 617 7 18 59
468 619 11 14 99
718 619 5 3 9
776 618 1 2 2
641 620 2 1 2
979 620 1 3 3
966 622 1 2 2
1247 622 17 34 227
787 624 2 2 4
1305 624 12 29 259
439 627 9 13 83
967 627 1 2 2
185 629 2 2 3
759 629 1 1 1
976 628 2 3 4
168 631 3 1 3
762 630 2 4 7
102 633 1 1 1
674 633 12 16 113
1118 632 2 1 2
1141 633 9 13 90
897 634 4 7 14
738 637 1 3 3
84 640 1 1 1
144 643 8 9 53
504 642 5 5 11
707 643 10 22 138
971 642 2 1 2
802 644 10 14 74
932 644 2 4 8
1100 645 1 1 1
1407 645 10 15 117
262 647 7 8 37
755 647 1 2 2
967 647 4 4 11
43 648 2 1 2
162 648 1 1 1
189 648 8 10 33
568 648 4 5 14
783 649 3 4 9
1564 649 1 1 1
105 650 1 1 1
470 650 10 15 90
626 651 1 1 1
998 651 4 8 21
56 652 1 1 1
338 652 7 7 40
684 653 16 9 60
860 655 30 41 463
33 657 5 4 8
108 657 6 2 8
423 656 15 14 82
521 657 3 3 7
1449 656 24 23 282
386 658 6 6 29
790 659 3 6 14
1177 659 12 23 193
1199 658 7 14 60
1490 659 14 16 161
447 660 1 1 1
152 663 22 27 212
924 662 16 46 216
1261 663 8 12 83
417 665 1 1 1
907 664 2 5 8
1034 664 16 29 210
615 667 1 2 2
980 667 2 2 3
219 668 1 2 2
133 670 1 1 1
186 670 1 1 1
372 670 1 1 1
496 670 3 1 3
729 670 13 33 175
991 670 1 1 1
1229 671 3 3 8
173 672 1 1 1
299 673 5 6 15
516 672 2 2 3
535 672 3 5 9
0 675 4 6 12
192 674 4 3 10
369 675 22 17 160
483 675 7 9 57
996 675 7 13 37
1127 674 38 40 886
1239 675 3 2 6
423 676 8 10 68
773 676 21 20 144
1074 676 16 26 239
831 678 3 3 8
57 680 29 23 240
402 681 1 1 1
671 681 4 8 27
978 683 2 1 2
1201 682 23 51 580
38 684 11 13 40
132 685 11 13 73
822 684 2 1 2
899 685 3 7 17
207 687 3 1 3
395 688 16 14 131
679 689 3 6 18
571 690 3 2 4
907 690 10 6 20
232 693 9 23 83
496 692 1 1 1
1418 693 15 36 258
808 695 1 2 2
440 697 6 5 18
749 697 22 34 288
823 696 1 2 2
883 697 4 6 21
1389 697 8 9 47
697 699 50 86 980
54 701 2 2 4
682 700 1 1 1
968 700 5 8 28
483 703 5 6 26
723 703 1 1 1
82 704 11 9 75
850 704 1 3 3
996 705 2 2 3
1184 704 6 12 53
25 708 1 1 1
263 708 1 6 6
331 709 5 4 13
354 708 6 5 22
828 709 2 2 3
978 709 1 2 2
437 710 8 8 48
605 711 1 1 1
906 711 2 5 9
1024 710 1 2 2
417 712 1 1 1
557 713 2 1 2
857 713 2 3 5
360 715 2 1 2
517 715 7 9 45
553 715 1 1 1
958 715 3 5 11
1322 715 10 16 122
477 717 2 1 2
860 716 71 90 1157
920 716 1 2 2
1651 716 2 1 2
49 719 2 2 3
426 719 17 17 75
942 719 2 6 11
393 721 5 4 15
803 720 3 4 9
310 722 6 10 26
342 722 9 11 74
544 723 7 11 64
965 722 1 2 2
492 724 3 2 3
807 725 4 5 16
1108 725 11 20 128
299 726 1 2 2
362 727 1 1 1
462 727 1 1 1
503 727 8 8 45
649 726 1 1 1
925 727 1 3 3
976 726 1 2 2
994 727 1 1 1
85 729 1 1 1
365 728 4 3 8
605 729 5 1 5
858 729 1 1 1
909 728 2 2 3
966 728 8 9 30
1361 729 9 10 52
1087 731 7 11 63
91 732 4 1 4
120 732 7 5 25
764 732 1 2 2
1189 734 7 7 37
264 737 1 1 1
408 737 1 1 1
669 736 2 1 2
985 736 1 2 2
36 738 1 1 1
262 739 1 2 2
391 739 21 23 147
587 738 4 9 27
318 740 9 7 32
425 741 7 9 43
939 741 2 1 2
1129 741 21 17 220
1500 740 10 5 39
190 743 1 1 1
757 743 28 18 205
972 743 1 1 1
0 745 5 1 5
292 744 11 24 102
563 744 4 3 7
925 745 1 1 1
969 745 1 2 2
1545 745 1 1 1
551 746 1 1 1
938 746 1 1 1
135 749 8 4 20
444 749 1 1 1
687 748 1 1 1
375 751 2 2 2
617 751 2 5 10
956 751 3 2 3
1415 750 9 14 100
1073 753 6 10 48
1203 752 2 3 3
1635 752 1 1 1
109 754 15 25 217
515 755 4 3 6
934 755 1 3 3
14 756 11 9 69
460 757 1 1 1
601 757 2 2 2
646 757 396 278 30518
941 756 13 27 198
509 759 5 9 21
786 758 10 14 72
856 759 1 3 3
971 758 2 4 7
1206 758 37 25 492
1365 758 1 1 1
50 761 11 11 59
431 761 7 5 30
472 760 6 14 67
1328 761 8 11 66
1572 760 2 2 2
283 763 1 1 1
459 762 1 1 1
700 763 1 1 1
772 763 2 7 13
280 765 1 2 2
599 765 1 1 1
171 766 1 1 1
831 766 4 7 23
169 769 1 1 1
448 768 4 5 15
411 772 2 1 2
569 772 4 2 6
1108 772 2 2 2
1136 773 4 1 4
158 775 1 2 2
303 775 1 1 1
349 776 1 1 1
1029 777 1 1 1
1350 777 9 13 65
452 779 4 2 7
512 778 4 10 22
575 778 1 1 1
550 780 1 1 1
593 780 4 3 9
640 781 1 1 1
1153 781 9 23 163
21 783 1 1 1
457 782 4 4 13
374 785 1 1 1
415 784 1 1 1
376 786 2 1 2
401 787 7 7 38
1180 786 6 11 56
136 789 1 1 1
933 788 1 1 1
952 788 2 3 6
994 788 2 3 5
1250 789 1 1 1
380 791 6 3 11
545 790 26 37 241
105 792 4 3 8
207 793 1 1 1
299 792 4 3 9
990 793 1 2 2
290 795 5 7 11
261 796 3 2 3
305 796 4 2 7
361 797 3 2 4
483 797 2 2 2
493 799 4 6 19
1188 798 3 5 14
29 801 1 1 1
511 801 3 2 5
924 801 9 6 29
936 800 2 2 4
1427 801 8 7 39
208 802 5 1 5
578 802 2 3 3
819 802 5 6 16
1312 802 10 14 107
1682 802 1 1 1
316 804 4 2 5
646 805 3 6 9
775 805 2 3 4
852 804 7 3 11
826 807 27 34 424
860 807 7 4 22
915 807 1 2 2
945 807 1 2 2
1039 806 20 13 166
1182 807 20 23 189
1384 807 6 5 24
335 809 1 1 1
507 809 1 1 1
736 809 2 4 8
778 808 1 1 1
784 809 1 2 2
901 809 3 2 3
1346 808 5 4 9
181 811 8 11 59
423 811 5 1 5
438 811 4 7 12
456 810 1 1 1
211 812 1 1 1
598 813 1 1 1
785 812 6 2 7
884 813 1 1 1
793 817 1 1 1
86 819 7 5 24
247 819 17 16 150
266 818 1 1 1
334 819 1 1 1
330 821 3 2 4
377 821 1 1 1
408 820 20 29 242
502 821 14 21 149
490 823 5 8 22
529 823 1 1 1
1025 823 1 1 1
326 825 1 1 1
759 824 15 20 102
922 825 1 3 3
1358 824 8 12 73
448 827 9 8 46
655 826 1 1 1
1140 827 21 18 131
99 828 14 9 77
239 828 5 5 24
926 829 1 2 2
617 831 2 1 2
635 830 3 1 3
286 832 1 1 1
568 832 2 2 2
848 832 31 32 408
1266 832 9 14 80
1482 832 1 1 1
1658 832 2 2 2
1677 832 1 1 1
193 835 7 6 32
664 835 2 2 3
126 836 5 5 19
319 837 2 1 2
881 836 1 1 1
353 839 3 2 4
483 839 1 1 1
596 839 1 1 1
657 839 6 10 47
1174 838 7 10 52
524 840 8 3 16
580 841 1 1 1
730 841 4 6 17
907 841 1 2 2
28 843 2 1 2
372 843 1 1 1
809 842 10 4 24
1192 842 14 9 73
1481 843 11 6 40
893 845 9 21 105
1409 844 4 5 14
240 847 4 2 6
792 846 12 5 28
438 849 1 1 1
489 849 6 16 49
747 848 1 1 1
96 850 1 1 1
825 851 8 5 22
79 853 2 2 2
544 852 17 10 59
716 852 6 9 41
769 853 7 8 15
1333 852 25 15 231
177 854 5 5 11
317 855 5 5 17
590 855 8 5 26
1060 855 1 1 1
1290 854 14 20 107
354 857 3 3 6
510 857 1 1 1
568 856 1 1 1
617 857 1 1 1
1227 857 12 16 133
192 858 3 6 7
612 858 4 1 4
820 858 2 2 3
1121 861 9 20 78
343 862 4 2 5
365 862 1 1 1
411 863 1 1 1
422 863 1 1 1
537 862 3 6 8
474 865 14 5 37
498 865 1 1 1
652 864 1 1 1
811 864 1 1 1
71 867 6 4 11
797 866 5 5 15
241 869 1 1 1
289 869 3 4 9
1407 869 7 7 31
30 871 2 1 2
550 871 1 1 1
671 870 1 1 1
734 871 3 2 5
837 871 10 6 38
1056 871 2 1 2
1143 871 9 17 107
26 872 3 3 5
89 872 7 7 19
530 873 1 1 1
761 872 2 2 2
1159 873 23 30 245
265 875 1 1 1
327 875 2 1 2
346 874 2 1 2
590 874 5 9 34
509 876 1 1 1
737 876 1 1 1
859 877 1 2 2
120 879 1 1 1
207 878 6 6 23
484 879 19 5 46
800 879 4 3 12
1087 878 17 23 249
1201 879 17 17 106
545 881 12 11 43
852 880 2 6 8
406 883 3 4 8
454 882 5 3 12
769 882 2 5 10
567 884 1 1 1
1127 885 1 2 2
213 887 2 2 4
630 886 3 1 3
344 889 5 2 5
1577 889 1 1 1
96 890 2 1 2
173 890 2 2 3
247 891 1 1 1
466 890 1 1 1
524 890 1 1 1
605 891 1 4 4
1539 891 4 3 6
77 893 1 1 1
277 892 1 1 1
446 892 4 10 17
792 893 20 21 197
1052 894 1 1 1
1136 894 4 5 16
1418 894 5 3 11
7 897 1 1 1
262 897 2 2 2
477 896 40 29 334
888 896 1 2 2
1113 897 10 8 50
1405 896 7 10 61
0 899 4 1 4
5 898 1 1 1
368 898 1 1 1
103 901 1 1 1
174 900 1 1 1
381 901 1 1 1
661 900 2 1 2
1280 901 10 16 105
246 902 5 5 15
326 902 3 4 10
366 903 1 2 2
696 903 1 1 1
273 905 1 1 1
309 904 6 8 29
423 907 17 20 80
597 907 5 6 16
185 909 1 1 1
616 908 3 10 13
184 911 1 2 2
334 911 1 1 1
347 911 1 1 1
572 911 13 11 32
689 911 9 3 11
1064 910 7 7 31
550 912 2 1 2
403 914 11 4 21
772 915 2 4 4
261 916 1 1 1
353 916 3 2 6
1203 916 9 14 104
152 918 1 1 1
523 918 9 5 23
626 918 12 8 51
677 919 3 5 8
275 921 1 1 1
393 921 2 1 2
1727 921 1 1 1
446 923 1 1 1
598 923 1 1 1
1109 923 5 9 24
359 924 1 1 1
388 925 3 2 3
458 924 1 1 1
1185 925 8 16 101
0 926 1 1 1
120 927 4 8 23
304 926 1 1 1
463 927 3 4 7
12 929 4 3 7
150 929 14 20 207
241 928 7 4 16
343 929 2 1 2
494 928 4 5 19
580 929 1 3 3
1335 929 1 1 1
374 931 8 6 34
548 930 6 7 25
642 931 1 1 1
790 931 1 1 1
1310 931 7 10 53
800 933 2 2 3
195 935 1 1 1
294 935 5 6 14
436 934 18 19 165
490 935 2 2 4
592 935 1 1 1
1161 934 5 6 26
1239 935 7 10 50
415 936 1 1 1
414 937 10 25 140
683 936 15 14 109
83 938 4 3 9
183 938 3 1 3
276 938 9 17 55
472 941 7 2 10
481 940 1 1 1
497 941 12 54 125
1068 940 5 6 21
1150 940 1 1 1
1219 940 1 1 1
270 943 1 1 1
326 943 3 2 4
242 944 1 1 1
470 944 2 2 2
616 945 4 3 6
665 945 1 2 2
77 946 1 1 1
395 947 11 3 16
980 946 1 1 1
994 947 16 11 65
1159 946 2 2 4
1293 946 2 1 2
1058 949 7 14 58
1201 949 5 7 33
137 951 2 1 2
257 951 1 1 1
540 951 3 1 3
609 950 13 15 79
1401 950 6 6 27
213 952 3 2 5
663 953 1 2 2
1344 952 32 10 170
13 954 1 1 1
117 954 8 8 43
520 954 1 7 7
198 956 6 2 11
468 956 1 1 1
552 957 1 1 1
582 957 1 2 2
693 957 1 1 1
709 957 8 10 35
1095 957 1 1 1
197 959 1 1 1
318 958 3 3 8
557 959 2 1 2
651 959 1 1 1
980 958 1 1 1
1109 958 5 5 21
1136 959 1 1 1
183 960 10 5 29
437 960 25 12 119
638 961 3 3 8
1082 960 8 10 53
84 963 7 3 11
116 963 1 1 1
290 964 1 1 1
528 964 11 9 39
586 965 1 1 1
698 965 2 3 5
478 966 1 2 2
627 967 3 2 5
1124 967 2 2 2
575 969 2 1 2
1232 968 1 1 1
1360 968 7 8 32
937 971 13 18 89
1554 970 1 1 1
242 975 4 2 6
296 975 3 2 3
339 974 3 1 3
392 976 4 4 7
536 977 8 4 22
1061 977 6 10 49
1191 976 8 15 63
1254 976 9 15 72
247 978 1 1 1
702 979 2 3 5
724 979 10 14 94
423 980 9 2 9
453 980 3 4 6
1171 981 6 8 25
440 983 3 3 8
597 983 1 1 1
686 983 1 1 1
349 984 1 1 1
650 985 5 4 14
1389 984 14 10 129
1101 987 4 5 15
258 988 3 3 7
538 989 1 1 1
561 989 5 9 28
571 988 1 1 1
585 988 3 1 3
642 991 1 2 2
459 993 1 5 5
540 993 1 2 2
1029 993 13 16 131
883 995 1 2 2
1136 994 1 1 1
265 997 1 1 1
384 997 1 1 1
503 996 4 3 8
456 998 1 1 1
299 1001 1 1 1
656 1001 2 9 10
496 1002 4 3 9
905 1002 9 2 10
452 1005 3 3 7
541 1004 1 1 1
726 1004 2 3 5
1209 1005 8 13 78
391 1007 2 2 3
434 1007 16 35 204
521 1007 4 5 14
566 1007 1 1 1
676 1006 1 1 1
872 1007 1 1 1
1192 1007 4 16 26
326 1008 1 1 1
578 1009 1 1 1
922 1009 1 2 2
127 1011 1 1 1
197 1010 1 1 1
318 1010 1 1 1
738 1010 1 1 1
963 1010 1 2 2
6 1012 2 2 2
529 1012 15 19 71
172 1014 5 5 11
455 1015 4 12 37
485 1014 1 1 1
496 1014 8 6 20
514 1015 1 1 1
695 1014 1 2 2
77 1016 1 1 1
467 1016 4 4 11
299 1019 2 2 2
597 1018 14 17 60
914 1018 2 3 3
939 1018 1 2 2
258 1020 1 1 1
324 1021 5 8 24
738 1020 2 3 4
870 1020 2 5 6
1050 1020 4 5 17
250 1022 5 3 6
504 1023 1 1 1
524 1023 1 1 1
702 1023 1 1 1
1227 1023 1 1 1
1257 1022 17 13 104
488 1024 1 1 1
675 1024 1 2 2
988 1025 1 2 2
1171 1025 5 7 28
474 1026 2 2 4
873 1026 11 7 38
454 1028 1 1 1
729 1028 2 3 4
240 1030 2 1 2
342 1030 1 1 1
355 1031 1 1 1
816 1030 2 3 5
470 1032 1 1 1
481 1033 1 1 1
666 1032 2 2 4
1337 1033 4 2 4
31 1034 1 1 1
403 1034 1 1 1
793 1034 1 1 1
903 1035 7 8 43
1138 1035 2 2 4
1208 1035 2 2 3
191 1036 4 7 14
279 1037 2 2 3
429 1037 1 3 3
501 1036 2 2 3
527 1036 1 1 1
746 1036 4 5 15
856 1038 1 2 2
1026 1038 1 1 1
516 1040 2 9 10
867 1041 1 3 3
1118 1041 3 4 11
81 1042 1 1 1
419 1043 1 1 1
494 1043 11 8 36
646 1043 1 1 1
714 1043 1 1 1
881 1042 1 2 2
67 1044 1 1 1
464 1045 6 5 18
751 1045 4 6 22
1098 1044 2 4 8
1536 1044 1 1 1
531 1047 1 1 1
680 1046 2 4 6
824 1046 1 1 1
1157 1047 15 22 158
1732 1046 1 1 1
479 1049 4 4 9
533 1049 1 1 1
841 1049 1 1 1
852 1048 1 2 2
933 1048 1 1 1
965 1048 1 1 1
1391 1048 6 8 34
211 1050 7 5 24
438 1050 1 1 1
462 1051 2 1 2
547 1051 1 1 1
707 1051 1 1 1
787 1051 2 2 4
395 1052 11 9 42
838 1053 1 3 3
1204 1053 1 1 1
693 1054 1 1 1
1117 1054 5 7 17
1547 1054 1 1 1
334 1057 1 1 1
1098 1057 3 3 5
270 1059 1 1 1
445 1059 9 4 26
623 1059 4 3 8
785 1059 3 10 17
197 1060 1 1 1
506 1060 3 2 4
538 1060 3 2 5
680 1060 1 2 2
708 1060 3 13 19
828 1061 7 4 20
1271 1060 5 5 15
192 1062 3 2 3
724 1063 1 3 3
216 1065 3 2 4
484 1064 6 6 20
577 1065 1 1 1
952 1065 1 3 3
968 1065 1 2 2
1218 1065 6 8 37
1371 1065 5 7 20
214 1067 1 1 1
299 1066 3 5 8
363 1067 2 2 3
381 1067 4 3 8
440 1066 5 6 10
748 1067 2 1 2
770 1067 1 1 1
940 1067 2 2 3
56 1069 1 1 1
511 1068 2 1 2
698 1068 1 1 1
957 1068 1 2 2
1057 1068 6 7 31
1087 1068 2 1 2
1407 1068 3 2 3
185 1071 2 2 3
490 1071 1 1 1
631 1070 2 2 3
793 1071 2 5 10
1404 1071 2 4 6
432 1073 1 1 1
533 1073 4 3 7
193 1075 1 1 1
450 1074 17 8 76
717 1075 4 3 9
1010 1074 1 1 1
286 1076 1 1 1
551 1076 5 14 37
678 1077 10 10 50
881 1077 5 9 31
1209 1076 5 9 38
0 1078 4 1 4
86 1079 15 13 90
565 1078 4 4 9
591 1079 1 1 1
1076 1078 8 3 23
1153 1078 6 27 72
1253 1078 1 1 1
1386 1079 2 3 5
151 1081 1 1 1
153 1080 1 1 1
796 1081 2 3 6
844 1080 2 4 6
859 1080 5 8 29
195 1083 3 1 3
612 1082 2 3 6
964 1083 1 3 3
1013 1082 2 1 2
1304 1083 6 8 44
1698 1083 1 1 1
9 1084 1 1 1
133 1084 1 1 1
336 1084 3 5 7
633 1084 3 4 10
782 1084 1 2 2
1095 1085 1 1 1
58 1087 6 3 11
493 1087 2 2 2
703 1086 8 4 12
776 1087 2 3 5
265 1088 3 3 7
324 1089 12 5 24
422 1088 5 4 18
439 1089 4 3 9
592 1088 2 1 2
298 1090 1 1 1
1215 1091 12 10 53
31 1092 10 14 70
175 1092 1 1 1
397 1093 2 1 2
490 1092 1 1 1
1299 1093 1 1 1
1310 1092 1 1 1
677 1094 3 2 4
939 1094 1 2 2
210 1096 3 3 5
527 1097 1 1 1
1293 1097 1 1 1
494 1098 3 6 17
712 1099 1 2 2
977 1099 1 1 1
1074 1098 7 9 60
1141 1098 6 13 45
348 1101 1 1 1
384 1100 1 1 1
651 1101 4 2 5
967 1102 1 1 1
201 1105 1 1 1
458 1104 6 2 7
536 1105 1 1 1
650 1105 1 1 1
1201 1105 4 9 24
513 1107 1 2 2
598 1106 3 2 3
756 1106 2 4 5
839 1107 1 2 2
1042 1107 4 6 17
1275 1106 4 8 15
1298 1106 4 5 14
276 1108 1 2 2
734 1108 5 7 24
1255 1108 8 11 65
1544 1109 2 1 2
514 1110 1 1 1
694 1111 1 2 2
763 1111 1 1 1
1088 1110 11 7 36
1319 1110 5 4 14
107 1112 1 1 1
467 1113 1 1 1
847 1113 5 6 29
1154 1113 3 3 8
1171 1112 4 5 10
1605 1113 1 1 1
346 1115 1 1 1
495 1115 2 3 5
653 1114 6 9 28
834 1114 2 5 6
163 1116 26 15 105
196 1116 1 1 1
329 1117 1 2 2
1053 1116 1 1 1
1424 1116 2 1 2
19 1119 1 1 1
242 1119 2 2 4
522 1119 3 7 10
295 1120 1 1 1
410 1121 5 4 12
427 1121 1 1 1
499 1121 2 2 4
697 1120 23 21 227
334 1122 1 1 1
398 1123 1 1 1
468 1123 10 14 94
582 1123 3 5 10
694 1123 1 1 1
874 1123 8 9 42
1077 1122 21 15 119
1142 1122 5 8 29
303 1125 1 1 1
596 1124 4 3 9
809 1125 4 4 10
842 1124 3 4 10
1185 1124 6 21 107
1460 1124 1 3 3
86 1126 2 1 2
293 1126 1 1 1
734 1126 2 4 4
1032 1126 5 3 8
339 1129 1 1 1
560 1128 1 2 2
1241 1128 10 12 34
1273 1128 3 3 7
1475 1128 1 1 1
1675 1129 1 1 1
164 1131 1 1 1
1015 1131 1 1 1
1301 1130 4 7 24
1405 1130 1 1 1
1604 1131 3 3 5
231 1132 2 1 2
577 1133 5 5 15
644 1133 1 1 1
1064 1132 4 4 8
1217 1133 13 37 141
1262 1133 6 14 57
1400 1132 1 2 2
206 1134 1 2 2
660 1134 1 1 1
800 1134 1 1 1
197 1136 6 3 7
363 1136 9 6 32
623 1137 11 6 22
383 1139 1 1 1
521 1139 3 2 4
525 1138 1 1 1
728 1138 1 1 1
110 1141 5 4 14
238 1141 9 6 22
396 1140 7 14 43
606 1141 3 4 10
1143 1141 3 3 5
790 1142 1 1 1
944 1142 10 11 57
191 1144 5 6 18
621 1144 1 1 1
1050 1145 1 1 1
1370 1145 1 1 1
453 1147 4 5 15
492 1146 1 2 2
1085 1146 13 12 54
1248 1147 1 1 1
228 1149 5 4 13
517 1149 4 3 6
547 1148 7 7 26
1052 1148 14 19 134
88 1151 4 2 6
698 1151 1 1 1
848 1151 1 3 3
213 1152 1 2 2
664 1155 1 1 1
746 1154 11 11 43
807 1154 10 21 100
1268 1155 10 14 82
371 1157 2 2 2
233 1158 12 9 73
521 1159 1 1 1
1181 1158 6 7 25
1245 1158 1 1 1
1825 1159 1 1 1
15 1160 3 3 6
421 1161 1 1 1
458 1160 3 2 4
567 1161 2 2 2
623 1161 3 3 6
640 1160 1 2 2
729 1161 4 6 16
1555 1161 1 1 1
423 1162 21 33 258
1197 1163 2 2 3
1317 1163 1 1 1
1823 1163 2 1 2
866 1164 1 2 2
383 1166 1 1 1
514 1166 1 1 1
719 1166 1 2 2
843 1167 1 1 1
1142 1167 23 9 44
35 1168 1 2 2
76 1169 3 2 3
197 1169 2 2 2
211 1170 1 1 1
323 1170 1 1 1
860 1170 1 1 1
74 1172 1 1 1
1052 1173 2 3 5
1440 1173 10 11 33
282 1177 3 3 4
1089 1176 4 4 11
212 1179 2 2 3
680 1179 4 5 14
1127 1179 2 1 2
134 1181 8 3 14
191 1180 1 1 1
205 1181 6 2 7
380 1181 1 1 1
778 1180 1 1 1
1057 1180 5 4 15
1081 1180 2 2 2
19 1182 1 1 1
504 1182 1 1 1
1288 1184 3 2 4
1338 1185 1 1 1
235 1186 6 13 41
252 1187 3 3 6
848 1186 1 1 1
1177 1186 1 1 1
1238 1186 1 1 1
1299 1187 4 9 31
366 1189 4 9 18
605 1189 3 7 16
661 1189 13 16 127
852 1188 2 3 4
257 1190 4 5 9
771 1190 1 2 2
1427 1190 3 2 4
291 1193 2 3 3
892 1192 1 1 1
1265 1193 3 3 4
567 1194 12 10 51
734 1195 1 1 1
1278 1195 1 1 1
514 1196 1 1 1
1140 1197 7 4 23
1276 1196 1 1 1
459 1198 5 11 33
516 1199 2 3 4
902 1198 4 5 14
230 1200 4 2 5
540 1201 10 8 23
750 1200 1 1 1
978 1200 1 2 2
1185 1200 1 1 1
1206 1201 1 3 3
1340 1200 5 4 12
708 1202 4 1 4
1136 1203 2 1 2
1456 1202 1 2 2
144 1204 1 1 1
597 1204 1 1 1
694 1205 1 1 1
771 1205 7 9 20
1203 1204 1 2 2
1213 1205 3 5 6
1267 1205 3 3 6
857 1206 1 2 2
476 1208 2 3 4
755 1208 1 1 1
330 1210 5 7 20
371 1210 3 3 7
521 1210 1 1 1
537 1210 1 1 1
785 1211 4 8 26
1705 1210 1 1 1
907 1212 1 1 1
1334 1212 1 1 1
1565 1212 1 2 2
1179 1215 1 1 1
1567 1214 2 2 3
65 1216 3 4 6
100 1217 1 1 1
103 1216 1 1 1
128 1216 4 12 34
248 1217 1 1 1
956 1217 3 11 23
1281 1216 1 1 1
1570 1217 1 1 1
943 1218 2 2 3
1170 1219 1 1 1
1251 1218 1 2 2
537 1221 2 1 2
1215 1221 1 1 1
1411 1220 7 8 39
1633 1220 1 1 1
1165 1223 1 5 5
452 1225 1 3 3
749 1225 2 3 5
1104 1224 8 4 11
1245 1225 2 3 5
1371 1224 7 4 22
202 1227 1 1 1
