0 0 1840 1228 2075126
92 0 6 49 198
134 0 11 166 1249
184 0 1 43 43
210 0 16 50 325
253 0 11 164 1190
303 0 3 51 123
330 0 6 46 172
373 0 11 162 1180
394 0 54 173 1629
788 0 8 10 51
859 0 10 16 111
866 0 45 45 656
929 0 6 16 66
949 0 31 40 855
1021 0 14 12 78
1042 0 138 236 7126
1172 0 17 15 122
1213 0 19 12 106
1287 0 44 125 2104
1528 0 8 14 54
1567 0 93 353 7806
556 7 1 1 1
995 9 4 7 21
1257 8 20 83 823
1443 9 2 4 6
1111 12 4 8 28
1245 17 3 4 8
1381 19 3 5 12
1554 19 4 1 4
907 25 99 200 3550
1481 24 2 3 4
1167 26 5 9 35
1160 35 4 8 23
1287 35 4 8 26
835 37 15 21 130
815 43 13 30 158
1177 43 5 8 31
1229 46 1 1 1
1243 46 2 2 3
1549 49 1 2 2
879 50 16 33 197
149 58 4 1 4
162 58 10 1 10
1063 59 6 14 63
301 60 4 103 235
858 64 3 8 20
1415 65 4 6 20
1468 64 1 1 1
1196 67 3 3 6
1525 67 1 4 4
90 68 7 95 393
1010 69 20 35 246
1222 69 4 8 24
183 70 1 22 22
214 72 1 19 19
479 73 12 33 159
852 80 4 5 10
1405 80 3 3 5
879 87 7 12 56
1218 87 4 5 14
0 88 45 134 592
790 88 2 20 22
1496 90 2 3 4
1241 95 9 18 101
1444 94 5 14 45
1402 98 3 3 6
1568 98 2 10 11
208 102 6 56 121
1011 107 4 9 30
1545 107 9 7 32
1569 110 1 12 12
750 113 33 1 33
1033 115 4 4 9
182 116 1 32 32
1218 117 2 3 4
1260 116 3 5 10
784 119 11 28 151
1002 118 5 5 21
1422 118 4 3 9
747 120 3 6 13
1114 123 9 16 106
1232 123 6 19 77
1547 125 6 4 13
802 126 55 52 917
894 127 2 3 5
1415 126 5 7 30
1544 129 1 1 1
747 131 3 17 29
1000 135 2 5 8
1246 136 3 3 8
1261 139 30 81 1001
1026 140 3 5 10
1447 141 1 1 1
922 142 3 17 33
1196 145 8 30 148
1511 149 1 3 3
899 151 27 59 363
1019 151 35 65 999
846 152 3 3 9
862 152 16 28 161
1559 156 15 40 290
747 158 3 3 5
747 163 13 21 54
790 162 2 5 8
345 165 25 1 25
289 166 11 1 11
1000 166 1 2 2
1314 167 4 5 16
156 169 24 1 24
503 168 5 25 71
1434 168 4 8 27
110 170 19 1 19
1493 171 3 9 18
849 172 1 4 4
985 174 1 1 1
1205 177 2 4 7
806 181 3 5 13
839 189 6 10 43
810 190 12 8 35
724 193 17 23 232
795 194 3 5 11
871 195 13 47 332
1056 195 3 6 15
1357 195 4 6 20
1444 197 3 3 5
994 199 3 3 7
1388 199 42 228 2914
418 200 7 216 837
370 203 7 210 946
1226 202 27 37 507
250 205 9 208 952
133 208 4 94 311
1161 209 1 1 1
299 210 3 89 172
746 211 1 1 1
790 210 2 3 5
1373 210 6 7 22
1357 212 5 26 70
1210 217 4 9 27
1379 219 1 1 1
1082 220 3 3 7
1344 221 2 2 3
804 222 3 7 19
791 231 16 22 160
817 232 17 31 245
937 232 5 14 53
1106 233 10 13 56
1012 234 1 2 2
953 237 18 29 197
1024 236 11 11 90
1172 236 3 5 15
1088 239 4 7 26
1532 241 1 1 1
1000 243 3 3 9
768 245 15 32 274
1095 249 3 7 20
1216 248 3 7 16
1315 248 7 12 65
1004 250 12 15 61
1053 251 7 18 96
1348 253 2 2 3
696 257 6 9 39
1363 256 4 9 29
1186 258 7 12 54
1274 258 9 16 97
1157 261 12 35 253
1659 261 9 7 24
840 262 4 8 20
1022 262 9 11 73
818 266 4 5 18
868 271 152 276 15243
1241 273 8 18 113
899 275 9 22 119
1073 275 6 13 47
1315 276 2 2 3
1341 276 3 3 7
998 281 15 21 122
1196 281 4 6 22
890 283 2 2 3
1050 288 4 9 24
1203 290 3 2 5
931 293 7 14 69
1236 292 4 5 13
1272 293 2 3 4
753 294 3 6 11
1528 295 1 2 2
1193 297 3 5 11
1220 296 3 4 10
1027 298 9 20 141
810 301 3 7 16
1297 300 18 50 444
1509 301 3 3 6
1372 302 3 3 8
297 308 4 104 201
1112 308 4 8 27
1128 308 6 9 39
754 310 24 23 400
796 311 9 11 55
1068 310 11 10 60
132 312 5 48 193
1158 312 5 6 23
1198 314 27 62 905
1004 318 4 7 22
1627 318 10 9 41
834 323 4 10 24
1147 327 3 4 8
784 330 4 7 21
1534 333 1 1 1
1378 338 3 4 11
882 340 2 2 3
1505 341 3 5 13
876 343 1 1 1
896 342 3 2 5
1492 342 5 16 42
1357 345 5 9 35
1098 347 3 11 26
1329 349 2 1 2
1299 351 16 120 1326
1510 352 3 6 16
1023 354 9 17 122
1129 355 35 141 1187
1176 354 4 8 26
1138 360 4 12 42
677 362 3 3 8
1065 369 1 2 2
811 371 14 7 63
918 370 2 2 4
859 373 8 2 16
823 377 20 81 853
1057 376 7 22 123
872 381 5 10 27
909 381 7 11 28
729 383 3 3 8
853 382 7 11 34
903 382 1 1 1
931 382 2 2 2
904 384 1 1 1
1526 389 2 3 5
1105 390 4 10 13
754 392 8 19 101
877 392 10 11 42
921 394 1 1 1
935 394 3 4 6
908 396 1 3 3
801 398 6 16 71
1041 400 5 8 28
1525 401 3 3 7
735 402 2 2 2
889 403 1 2 2
722 404 3 2 4
917 404 2 1 2
1457 407 6 13 41
1571 406 1 1 1
1255 408 1 2 2
750 411 2 14 17
1018 412 23 33 376
295 417 1 1 1
347 416 16 1 16
919 421 3 3 5
1004 421 1 1 1
1085 425 39 71 844
1008 428 1 3 3
795 431 7 9 38
1076 432 13 21 91
1212 433 18 46 478
926 434 1 1 1
646 437 7 12 60
767 437 14 18 96
1354 437 6 11 54
1388 440 4 5 16
934 442 2 3 4
680 444 5 10 39
734 445 6 10 47
924 445 2 3 6
1043 446 4 5 16
1401 448 5 4 11
843 450 3 1 3
1469 453 2 3 5
753 457 3 5 10
851 456 1 1 1
1179 456 9 19 83
852 462 1 1 1
369 465 33 87 244
1043 465 6 11 42
1015 466 1 1 1
1258 467 4 8 22
417 469 11 80 281
865 468 8 22 114
1559 468 5 7 28
648 479 3 1 3
848 486 14 19 118
1108 493 4 3 10
735 495 2 2 4
1215 497 3 4 10
293 499 4 63 157
1472 498 2 5 6
731 501 3 3 8
1593 501 6 9 39
695 509 5 7 26
1083 508 3 4 10
1622 508 6 8 24
858 511 7 13 61
1039 511 5 12 41
1239 511 9 15 107
1261 511 2 3 6
779 513 4 4 9
1127 512 9 39 130
624 520 6 7 33
1163 522 4 4 10
691 526 3 3 5
905 530 2 5 10
1443 533 1 1 1
717 534 16 52 347
875 535 2 7 12
1488 537 6 5 20
934 539 16 23 169
1023 539 6 11 52
1097 538 4 4 11
979 540 10 13 37
1589 541 3 4 6
1328 543 2 1 2
1154 544 5 12 46
1222 547 4 10 33
713 548 329 478 41013
868 551 2 3 5
1078 551 11 32 240
1364 550 1 1 1
649 558 10 17 126
907 560 5 8 27
1548 561 8 12 60
293 563 1 1 1
1301 562 14 24 190
369 566 2 48 92
1518 566 1 2 2
1154 572 1 1 1
837 574 5 7 28
787 576 3 5 12
872 576 4 7 21
1100 576 3 2 6
747 585 8 10 58
1214 587 8 25 113
766 589 3 3 7
861 589 3 4 9
1109 591 2 4 7
1453 591 3 1 3
1550 590 2 2 3
1341 594 4 6 21
1409 595 1 4 4
1428 595 1 1 1
906 597 6 11 51
1116 599 2 3 5
823 604 2 2 2
1403 604 4 2 8
1114 606 2 2 4
853 608 2 2 3
1066 608 3 5 12
1168 608 8 17 114
1594 608 6 12 20
609 610 3 3 5
646 610 3 3 7
884 611 6 16 73
764 612 5 6 19
1153 616 2 2 3
1200 617 3 3 9
727 621 4 5 13
1207 620 4 5 14
1495 621 3 3 5
369 622 1 1 1
1528 623 5 2 10
1314 625 6 3 9
1052 630 2 3 6
1090 631 5 8 28
629 633 6 5 23
1054 635 1 1 1
1115 635 1 1 1
1058 637 1 3 3
1251 636 15 34 345
1127 640 1 1 1
1184 641 11 31 245
721 645 4 6 15
1621 645 5 44 189
1469 653 3 4 11
885 655 3 2 5
900 654 1 1 1
1204 658 4 8 22
610 662 12 19 158
1069 663 1 3 3
369 666 1 1 1
384 666 4 1 4
399 667 14 1 14
810 668 3 3 7
1033 668 4 8 29
1039 676 5 11 39
813 679 3 6 13
1219 682 1 1 1
1472 683 5 6 20
872 684 4 12 44
1384 685 2 3 5
1172 691 8 17 121
877 694 20 47 661
1241 700 4 5 14
1434 702 1 1 1
1598 707 20 3 25
1469 709 3 1 3
1207 715 1 2 2
1301 715 3 3 7
759 718 28 56 783
809 719 7 12 72
1066 719 1 1 1
822 725 24 33 374
911 730 8 19 93
610 735 3 3 8
1357 741 4 9 29
1418 741 1 3 3
1164 743 17 21 209
730 744 2 3 5
1580 749 7 8 46
1039 751 1 1 1
1107 750 3 4 12
1142 752 3 6 10
1481 755 4 9 30
926 757 6 14 51
347 762 2 2 3
591 763 1 1 1
886 763 3 2 4
593 764 1 1 1
688 765 4 7 21
810 771 7 11 62
1201 775 5 9 33
1064 776 2 2 4
638 781 22 30 271
872 781 5 8 28
714 788 1 1 1
778 789 5 4 8
1141 788 1 1 1
608 792 1 1 1
700 792 4 7 17
1239 794 16 18 132
1415 796 4 5 13
544 799 1 1 1
913 799 1 1 1
1086 798 1 2 2
576 801 1 2 2
955 800 4 7 16
857 802 18 29 266
631 806 1 1 1
1067 808 1 2 2
615 810 1 1 1
1481 811 3 3 7
747 814 1 1 1
738 819 4 5 18
770 819 1 1 1
381 824 1 1 1
1133 829 9 21 132
1279 832 5 9 35
746 840 1 1 1
1021 848 16 44 351
1364 849 1 1 1
545 850 7 6 31
1319 850 1 1 1
1334 853 2 2 4
669 855 4 6 19
1328 868 4 5 12
1182 871 16 31 356
1208 873 2 1 2
744 874 1 1 1
1068 879 38 49 768
870 886 3 3 6
600 889 5 8 16
1249 891 3 3 6
1031 894 3 5 12
1045 898 4 5 12
1215 898 3 4 12
457 910 1 1 1
649 912 4 5 18
851 913 14 8 40
1322 913 5 8 24
1204 916 1 1 1
1024 919 27 51 553
1116 927 4 8 23
778 931 3 1 3
813 931 1 1 1
846 932 1 1 1
1061 933 2 2 3
668 938 2 1 2
1073 939 29 76 863
844 942 5 3 13
1255 946 4 4 14
1364 947 7 10 43
851 951 54 103 1301
1214 951 13 33 327
1501 950 6 6 22
1052 956 4 9 32
1317 957 18 18 123
1165 961 13 55 375
846 967 1 1 1
397 969 1 1 1
272 970 1 1 1
379 970 1 1 1
487 973 2 1 2
1289 972 3 5 15
500 975 1 1 1
1119 975 13 25 216
428 979 5 2 7
600 980 2 1 2
1505 980 7 6 31
827 983 2 1 2
836 984 5 4 12
886 984 2 3 3
630 988 18 40 484
694 996 2 1 2
1433 996 3 4 7
532 999 13 17 142
834 998 2 6 9
1205 1000 8 13 73
979 1002 5 10 32
365 1008 1 1 1
709 1010 1 1 1
732 1011 1 1 1
480 1013 1 1 1
1096 1015 1 1 1
491 1017 2 1 2
724 1016 1 1 1
891 1017 1 1 1
584 1018 3 5 13
1097 1018 6 8 24
70 1021 7 10 25
367 1021 3 2 3
556 1020 8 9 39
1431 1021 6 9 31
1451 1020 3 4 9
982 1022 16 28 273
751 1025 3 2 4
1071 1024 1 2 2
185 1026 1 1 1
629 1026 1 1 1
868 1026 1 5 5
57 1030 1 1 1
790 1031 1 1 1
619 1030 568 169 54322
1175 1031 17 54 324
482 1032 6 1 6
711 1035 13 14 138
1198 1035 9 29 183
138 1037 1 2 2
318 1039 2 1 2
367 1039 1 1 1
852 1038 3 3 6
208 1041 1 1 1
589 1041 1 1 1
1240 1040 2 3 4
773 1043 21 22 220
953 1044 1 2 2
753 1049 1 1 1
1008 1049 3 6 14
420 1050 1 1 1
1062 1051 1 2 2
1057 1055 1 1 1
882 1058 3 9 20
41 1060 1 1 1
333 1061 4 2 6
224 1071 5 2 7
576 1070 4 2 5
873 1072 8 12 32
796 1074 3 5 10
830 1077 1 1 1
1325 1079 5 5 15
569 1080 4 10 35
87 1084 1 1 1
205 1086 2 1 2
598 1086 5 2 7
769 1087 4 7 13
309 1088 1 1 1
401 1089 2 1 2
1294 1088 4 8 24
474 1090 1 1 1
383 1093 2 1 2
470 1094 1 1 1
445 1096 1 1 1
575 1096 1 1 1
598 1096 2 1 2
217 1099 7 2 7
242 1099 1 1 1
618 1098 3 2 3
466 1101 2 7 8
531 1100 1 1 1
260 1105 2 1 2
250 1106 7 2 10
1375 1109 1 1 1
92 1112 1 1 1
183 1112 3 1 3
545 1113 6 9 16
32 1114 1 1 1
41 1115 2 1 2
482 1115 3 1 3
0 1117 2 1 2
334 1121 4 2 7
339 1120 1 1 1
369 1121 1 1 1
96 1123 1 2 2
150 1123 1 1 1
411 1122 3 1 3
494 1122 1 1 1
133 1127 1 1 1
516 1127 1 1 1
388 1129 6 1 6
621 1129 1 1 1
480 1130 4 2 6
118 1133 1 1 1
115 1134 2 10 11
1326 1134 3 1 3
163 1137 1 1 1
573 1137 1 1 1
460 1140 2 1 2
521 1142 1 1 1
581 1142 1 1 1
621 1142 1 1 1
304 1145 1 1 1
322 1145 3 2 4
341 1145 1 1 1
1651 1144 1 1 1
591 1148 1 1 1
486 1150 3 2 4
392 1152 1 1 1
497 1152 1 1 1
600 1153 3 2 5
581 1155 1 1 1
200 1158 5 3 8
272 1159 1 1 1
500 1158 1 1 1
269 1160 2 1 2
191 1163 1 1 1
1192 1163 3 3 7
294 1166 1 1 1
461 1167 11 7 32
366 1173 1 1 1
437 1172 2 1 2
583 1172 1 1 1
453 1175 6 3 12
1645 1178 1 2 2
203 1181 11 7 34
555 1181 2 1 2
227 1182 1 1 1
284 1184 1 1 1
519 1185 1 1 1
1333 1184 2 1 2
432 1189 11 2 12
529 1188 1 1 1
321 1193 7 2 12
85 1195 1 1 1
452 1196 1 1 1
603 1196 7 13 34
84 1198 1 1 1
250 1200 1 1 1
646 1200 2 1 2
462 1202 3 8 14
261 1205 2 3 5
905 1204 3 8 17
447 1207 2 1 2
510 1207 1 1 1
1456 1207 1 1 1
375 1208 1 1 1
424 1208 2 8 9
527 1209 5 2 6
618 1209 1 2 2
32 1212 2 3 3
331 1212 8 11 20
346 1212 3 2 5
593 1213 9 1 9
316 1215 1 1 1
543 1216 5 2 9
460 1221 1 1 1
404 1222 3 1 3
423 1223 1 5 5
308 1225 1 3 3
578 1225 8 3 20
604 1226 1 2 2
