0 0 1840 1228 2057980
40 0 11 55 278
70 0 262 225 16181
551 0 220 260 19857
780 0 3 5 11
784 0 30 142 1711
827 0 5 13 37
862 0 27 22 231
929 0 9 7 42
894 0 280 299 20411
1039 0 14 11 130
1145 0 193 92 5983
1203 0 3 7 14
1232 0 14 16 91
1351 0 297 332 20642
1467 0 3 3 8
1526 0 5 8 30
1542 0 6 7 29
1694 0 66 415 4614
1729 0 8 42 225
1761 0 8 50 250
1781 0 59 185 4120
763 5 7 17 77
1506 8 5 14 33
913 12 11 17 80
1124 13 1 3 3
777 18 8 27 139
1134 18 1 3 3
854 24 4 11 30
940 26 3 9 18
1339 27 5 9 27
1059 32 1 1 1
1499 32 23 32 269
1147 38 8 22 79
1483 41 6 13 46
645 51 3 6 15
1311 51 1 5 5
854 53 3 11 24
1335 54 11 42 134
904 59 12 11 86
1276 59 123 270 7702
532 60 5 9 31
653 63 4 11 31
888 64 1 1 1
1316 65 4 9 22
1368 65 6 10 40
868 70 6 9 24
932 73 3 8 11
50 76 1 1 1
1225 81 7 13 47
1149 84 1 1 1
328 86 1 7 7
826 87 3 8 23
1129 87 9 22 72
896 89 2 6 8
1320 89 5 12 33
50 91 1 5 5
1150 94 5 13 44
831 97 4 7 21
938 97 4 8 20
1197 99 3 9 19
1284 99 2 5 5
924 103 4 12 28
1412 102 1 8 8
880 106 1 1 1
1275 107 1 1 1
52 111 1 1 1
818 110 2 8 12
1175 111 7 15 73
1207 110 6 12 48
938 113 2 6 7
1096 113 3 10 17
1163 112 1 3 3
896 117 6 10 17
1408 122 6 34 94
329 124 1 1 1
821 125 5 12 32
1470 125 8 13 52
47 129 3 3 6
1495 130 7 13 66
1234 137 7 27 98
1249 144 5 9 20
1636 144 4 22 59
1268 146 4 10 29
1450 146 4 8 21
692 148 5 14 44
1020 148 4 6 16
1130 152 1 1 1
787 155 3 8 15
1039 155 6 4 9
1182 155 3 9 13
526 157 4 7 25
1500 157 1 1 1
1131 159 1 10 10
1497 159 3 4 8
331 160 1 1 1
884 160 3 9 22
929 161 4 11 32
1022 161 2 8 9
1208 163 3 7 11
1274 166 1 4 4
1254 168 4 8 19
1048 170 2 10 15
886 175 2 6 7
975 175 1 3 3
1171 174 2 7 8
1136 177 4 11 27
1698 176 1 1 1
394 179 2 2 4
915 179 3 10 17
1023 179 1 2 2
1251 178 2 5 6
1699 179 1 1 1
1700 181 1 1 1
806 183 4 10 27
1033 183 5 8 13
838 184 2 8 12
1250 184 1 2 2
1322 184 2 2 3
782 187 5 17 65
514 189 2 2 3
1097 188 2 5 6
483 193 6 21 93
867 197 10 11 68
1141 200 5 14 42
1401 200 11 43 106
1026 202 2 7 12
1214 202 15 20 84
813 207 6 12 37
1034 209 1 5 5
518 210 5 12 44
787 213 3 6 11
1239 212 12 13 69
1326 213 3 4 8
433 214 4 7 21
1046 215 1 2 2
1179 214 6 12 31
688 222 5 14 53
926 225 1 1 1
1136 225 2 8 8
902 227 1 4 4
916 226 1 1 1
469 228 4 7 22
848 228 2 8 11
901 233 1 2 2
547 235 7 19 80
1244 234 1 3 3
788 237 3 11 26
896 239 1 1 1
1143 239 10 13 37
1369 238 3 7 15
1180 240 3 8 11
1213 240 3 8 12
1332 240 2 4 6
895 242 1 1 1
888 244 2 8 10
1024 246 2 6 8
1039 246 17 11 76
1233 249 3 5 9
1030 253 8 12 34
1173 252 2 3 5
510 254 4 5 16
972 254 2 5 7
879 256 1 1 1
1144 258 3 9 14
1450 263 10 14 73
560 264 6 15 59
837 265 3 8 16
642 266 2 7 10
956 266 17 39 257
1155 266 3 7 11
1131 269 10 8 25
800 270 3 8 14
878 271 1 1 1
822 272 2 7 9
1407 273 6 11 35
619 279 3 8 15
979 278 3 8 10
1369 279 3 6 10
1237 280 4 9 18
843 283 1 2 2
633 285 2 3 4
1176 284 3 6 16
1261 284 5 11 31
1419 284 18 27 315
728 287 2 5 7
870 287 1 9 9
613 288 5 13 49
1115 291 2 7 10
1180 292 13 21 95
777 294 2 7 8
1225 294 4 7 19
920 297 5 6 26
994 297 4 9 12
1001 296 1 1 1
823 298 4 12 30
1077 298 5 5 9
1458 299 4 11 31
930 300 18 27 180
1098 301 4 4 11
554 302 4 8 25
664 302 2 6 11
987 302 1 1 1
1251 303 8 13 63
980 305 16 21 62
1141 305 7 18 74
1197 305 15 9 91
891 308 27 26 208
1030 309 3 10 16
677 310 3 5 10
801 312 3 8 15
920 313 2 2 3
1053 313 3 4 8
1226 312 2 4 6
967 315 1 2 2
1105 315 1 3 3
759 316 2 6 11
1001 316 3 10 30
1174 317 2 3 4
675 319 2 3 6
958 319 21 15 78
887 323 1 1 1
878 325 1 1 1
483 327 4 6 22
777 326 4 10 21
1238 327 3 5 8
740 328 1 1 1
923 329 2 2 4
1007 329 3 9 15
1165 329 3 5 11
1444 331 4 5 17
691 332 3 8 16
915 332 1 2 2
1138 333 2 6 9
1185 333 1 3 3
906 335 63 65 1315
957 334 1 1 1
1128 335 1 3 3
746 336 5 12 40
818 337 1 2 2
995 337 1 1 1
478 339 4 8 24
857 338 2 7 9
1279 338 5 11 29
1110 340 17 20 179
1440 341 3 6 12
889 343 1 3 3
994 342 1 1 1
1010 342 1 3 3
1073 345 2 4 5
1492 345 4 7 17
600 347 2 4 6
879 346 4 11 24
636 350 17 8 67
844 351 1 1 1
908 350 1 1 1
1210 350 26 231 1011
1064 352 2 6 6
1473 352 6 12 42
896 355 9 4 14
1009 355 7 11 34
696 356 5 16 53
1312 356 1 1 1
468 358 4 4 10
1172 358 4 10 22
1119 360 2 6 8
1265 361 7 14 45
586 363 4 9 23
1046 362 1 4 4
1186 363 2 4 5
1427 362 5 11 31
838 365 1 4 4
1200 364 3 7 12
1130 367 6 11 35
1311 367 4 7 17
888 368 2 2 3
969 369 12 17 71
1045 368 1 1 1
1066 369 1 1 1
1284 369 12 49 266
740 373 4 8 26
1037 373 1 2 2
1065 373 1 1 1
1085 373 1 1 1
1012 374 3 4 12
1021 376 11 13 57
1036 376 1 2 2
1363 376 3 5 8
687 378 4 10 31
890 378 1 2 2
912 379 1 1 1
745 381 3 7 18
988 381 5 13 30
854 382 1 1 1
450 384 13 9 56
551 387 6 12 47
850 386 3 8 21
1077 387 1 3 3
720 390 3 7 15
754 390 6 15 48
1205 391 1 2 2
1250 390 19 19 139
904 393 1 1 1
1046 393 2 6 7
485 394 3 10 25
910 394 4 2 5
957 395 21 11 57
1236 394 4 8 16
1308 395 3 7 11
567 397 15 14 140
890 397 1 1 1
1080 397 3 11 20
1361 397 3 6 12
836 399 1 4 4
887 399 3 11 20
1052 399 1 4 4
1009 401 6 7 35
1475 401 10 16 79
508 403 1 1 1
1157 403 3 8 20
1422 403 6 11 40
991 407 4 10 18
863 408 236 252 11726
944 408 1 2 2
1047 408 1 2 2
1016 411 22 16 113
1046 411 1 2 2
1192 410 2 3 3
698 413 2 3 6
765 412 3 8 18
507 414 9 14 88
1150 416 2 4 5
1399 416 3 4 6
895 418 2 6 9
976 418 5 13 35
1061 420 6 4 9
1354 421 3 7 11
724 422 2 5 9
1256 422 3 6 16
711 424 3 6 10
1111 425 4 7 19
803 427 8 12 60
1012 426 3 6 11
1166 427 16 24 167
1440 427 5 10 29
827 429 3 8 11
853 429 1 1 1
1149 428 3 8 13
1462 428 4 8 16
604 430 2 6 9
848 431 3 3 3
1259 431 3 8 16
1360 430 25 28 188
1050 432 1 2 2
1201 433 2 7 8
1271 435 18 24 131
1119 437 2 7 11
1325 436 7 9 29
139 439 159 163 7421
773 439 3 9 17
844 438 1 1 1
1061 438 1 2 2
442 443 5 11 43
842 442 1 1 1
852 443 2 5 6
1014 443 1 2 2
600 447 139 161 5498
835 446 9 14 62
650 449 2 2 4
1013 448 1 1 1
1024 450 1 1 1
741 453 4 9 17
1059 453 5 15 52
1089 456 1 2 2
1007 459 1 1 1
548 460 3 3 8
761 461 4 11 34
1090 461 3 11 14
1110 460 11 13 40
416 463 3 6 16
834 462 1 2 2
1308 462 37 41 279
1432 462 21 15 114
1148 465 2 7 7
719 466 1 1 1
833 467 1 1 1
1019 466 1 3 3
640 468 3 7 13
932 468 1 1 1
1079 469 3 7 9
910 471 1 1 1
1391 470 3 6 12
831 472 2 8 9
909 473 1 4 4
1002 473 1 3 3
1021 473 4 9 24
1359 473 1 2 2
738 474 12 11 43
1093 476 1 4 4
1110 477 4 9 20
590 478 3 6 15
1133 479 4 9 17
1244 481 4 8 12
1000 483 1 2 2
923 485 4 13 35
1549 485 36 65 268
548 486 5 12 42
1156 487 15 22 182
1190 486 5 11 30
899 488 10 24 99
1273 489 4 9 17
1689 488 42 17 157
855 491 15 42 174
1108 491 1 1 1
1356 490 1 1 1
1107 494 1 2 2
496 497 6 12 55
806 499 1 3 3
829 499 2 6 12
769 502 1 1 1
1143 504 2 6 8
1265 507 9 1 9
1385 506 1 1 1
783 509 2 7 11
831 509 1 6 6
1113 508 13 34 145
1233 509 4 8 13
1339 508 9 20 59
804 511 6 14 43
821 513 1 1 1
1146 513 4 10 23
1307 513 4 7 17
1310 513 16 46 270
525 515 4 9 29
1362 514 1 10 10
750 516 2 7 12
1175 516 3 3 7
714 518 4 6 17
818 521 2 5 6
832 521 1 2 2
902 523 7 2 8
924 523 1 2 2
1179 523 7 11 47
434 525 9 11 70
1195 525 3 7 12
1263 524 4 8 16
377 526 7 15 75
639 527 1 1 1
738 526 3 35 38
862 526 34 27 152
923 526 1 3 3
825 529 10 12 36
1292 531 2 5 7
903 532 10 10 52
1349 532 7 6 32
763 535 2 5 10
999 535 1 1 1
1269 534 11 18 63
1254 539 1 1 1
1320 539 79 46 389
1583 538 1 12 12
464 540 8 15 84
550 540 2 5 9
648 541 2 2 3
770 540 1 4 4
630 542 4 10 27
1128 543 1 3 3
1253 542 1 1 1
696 544 2 2 3
896 545 1 3 3
902 544 1 1 1
1252 545 1 2 2
1460 544 4 7 22
836 549 1 1 1
879 548 2 4 6
1251 549 1 2 2
570 550 1 1 1
825 551 1 9 9
895 550 1 2 2
909 550 5 10 19
584 552 3 9 23
881 553 1 1 1
1196 555 5 6 23
1408 554 4 7 17
994 557 4 8 16
1014 556 1 2 2
1056 557 1 1 1
1157 556 4 8 16
1249 557 1 1 1
367 562 2 2 3
490 562 1 2 2
880 563 13 34 206
909 562 1 1 1
1248 562 1 1 1
1192 564 59 179 617
740 567 1 1 1
1290 567 19 10 113
825 569 1 1 1
1111 569 3 2 4
1152 568 1 3 3
1279 569 3 7 11
1173 572 1 1 1
780 574 13 12 39
845 575 16 12 62
814 578 1 2 2
813 581 1 3 3
1115 580 8 11 24
1253 581 3 5 10
1341 580 1 5 5
571 582 1 2 2
820 585 7 29 84
899 585 1 3 3
1410 585 3 4 9
1340 586 1 5 5
1134 588 4 8 20
1459 588 1 1 1
849 591 1 3 3
903 590 6 11 24
1300 593 3 6 13
1339 592 1 5 5
892 598 1 4 4
1335 599 7 22 64
1025 601 1 2 2
734 603 2 5 8
786 603 1 2 2
855 603 1 1 1
944 605 3 2 4
1163 605 3 4 9
1400 604 3 6 10
859 607 3 4 11
876 606 3 9 12
921 606 12 2 14
1175 607 2 2 3
991 608 27 33 223
1041 609 1 3 3
898 610 17 22 77
1104 610 1 1 1
1352 610 3 6 10
627 613 3 7 16
654 613 7 6 23
1076 612 5 6 9
1108 613 3 5 11
639 614 1 2 2
864 614 1 3 3
817 617 18 54 268
515 619 6 5 17
869 619 1 1 1
844 622 2 6 7
1305 622 113 180 817
929 625 10 8 26
1250 625 5 9 18
1297 625 2 5 7
763 629 1 13 13
1204 628 1 4 4
446 630 5 11 40
537 631 10 14 38
560 631 1 5 5
885 631 2 2 2
1241 631 2 4 5
888 633 1 1 1
1043 632 9 12 50
1124 633 1 3 3
475 636 7 13 67
587 636 1 4 4
572 639 6 12 38
900 639 1 1 1
1176 638 2 3 4
722 640 3 8 14
951 641 1 1 1
670 643 2 3 5
789 642 4 11 32
993 642 1 2 2
1021 643 18 12 55
1291 643 3 6 11
490 645 2 2 3
950 644 1 2 2
869 646 297 173 14195
1002 647 1 2 2
1016 649 1 1 1
1258 649 2 5 7
718 651 2 6 9
843 652 9 13 34
1199 653 2 4 5
1055 654 1 1 1
1359 655 4 6 17
639 657 3 14 17
804 656 13 9 30
990 657 8 3 12
1003 657 1 1 1
1255 657 1 2 2
944 658 1 3 3
1124 658 3 6 13
586 661 5 8 25
1060 660 9 15 83
977 663 13 2 18
1100 662 4 7 16
955 664 5 1 5
1050 667 2 6 6
1237 666 6 10 21
435 669 3 5 14
860 668 2 5 7
1086 668 1 3 3
1152 668 4 10 31
1336 669 4 10 34
507 671 3 6 15
877 671 1 2 2
968 671 1 2 2
770 673 10 11 54
812 673 1 3 3
1085 673 1 1 1
1192 673 7 9 34
826 674 2 9 10
876 675 1 2 2
957 675 1 2 2
967 674 1 2 2
988 675 10 3 21
462 676 3 4 10
1288 676 3 4 8
942 679 1 1 1
1163 678 2 4 5
423 681 3 2 5
702 681 2 6 8
796 680 1 2 2
1016 681 1 1 1
1259 680 2 3 4
1336 681 98 30 351
786 682 9 8 72
841 682 2 4 7
941 682 1 2 2
1058 685 9 9 40
1153 686 2 4 5
645 691 2 6 9
760 690 1 4 4
729 693 6 5 20
822 694 7 19 44
878 694 1 2 2
426 697 4 7 25
751 696 1 2 2
803 697 2 7 10
706 698 3 6 11
984 698 5 7 17
1278 699 2 5 6
942 700 1 2 2
951 702 1 3 3
1013 703 1 1 1
664 704 1 2 2
350 707 3 2 6
686 706 5 12 34
748 707 2 4 5
815 709 1 4 4
959 709 8 4 18
802 711 1 2 2
1007 711 1 3 3
1027 710 1 2 2
764 713 1 3 3
985 713 1 3 3
1026 715 1 1 1
1225 714 9 6 16
449 716 3 2 5
984 717 1 2 2
622 719 2 7 10
847 718 1 2 2
859 718 7 7 32
1063 719 1 1 1
813 720 1 3 3
829 721 1 1 1
997 721 1 3 3
1024 720 1 1 1
1042 721 1 1 1
1248 721 3 8 13
586 722 2 6 8
669 722 4 7 18
1010 722 3 1 3
746 724 1 4 4
824 724 10 19 71
959 724 1 13 13
976 725 1 1 1
425 726 3 2 6
539 727 1 2 2
773 727 1 2 2
975 727 1 3 3
1178 727 3 7 9
598 729 8 7 17
713 729 1 4 4
510 730 3 9 20
1005 730 4 3 9
546 733 1 1 1
463 735 3 3 7
795 734 2 4 5
946 734 1 1 1
701 736 1 3 3
993 737 1 5 5
1038 736 1 1 1
814 738 1 1 1
698 740 3 4 5
855 740 1 1 1
549 743 1 2 2
789 743 1 6 6
862 742 2 7 14
979 743 15 11 106
418 745 6 12 46
645 745 6 17 43
964 745 1 1 1
1171 745 1 1 1
1196 744 4 15 15
1230 744 1 1 1
1234 745 1 1 1
1405 745 1 3 3
546 747 3 10 12
847 746 1 1 1
1241 747 3 1 3
814 749 1 1 1
828 748 3 14 19
963 748 1 2 2
1245 748 2 1 2
1250 749 2 1 2
512 751 4 9 27
1164 750 3 5 10
1253 750 2 1 2
603 753 1 1 1
613 753 8 8 27
869 753 3 12 36
1214 753 3 5 8
1267 753 1 1 1
814 754 4 30 33
977 754 1 1 1
1138 754 9 9 26
1270 754 3 1 3
1275 755 1 1 1
1279 756 2 1 2
1282 757 2 1 2
343 758 1 1 1
1227 759 2 2 3
1192 761 4 6 14
397 763 1 1 1
482 762 5 18 50
747 762 498 173 28831
837 763 1 3 3
1600 763 1 2 2
527 764 1 1 1
1246 765 5 17 44
873 767 9 17 51
826 768 2 6 8
1629 768 3 2 5
697 770 2 3 3
847 770 7 6 26
1340 771 5 11 31
677 772 1 4 4
1136 773 1 1 1
1222 773 2 5 5
732 775 3 8 14
1204 774 2 4 5
829 777 4 5 20
313 778 3 3 9
849 781 11 11 30
1151 782 3 5 7
1213 782 2 3 4
699 784 9 14 46
1108 784 13 11 53
1257 785 14 18 101
389 787 1 3 3
833 787 2 5 7
1088 786 1 1 1
352 788 1 2 2
552 791 1 4 4
643 791 16 6 37
1181 790 2 6 10
1383 790 2 1 2
1454 790 1 2 2
400 792 5 8 27
1357 792 2 1 2
562 795 2 9 16
832 794 1 2 2
1197 795 2 4 6
923 797 1 1 1
1106 796 2 3 4
1158 797 2 4 5
1350 796 2 2 3
678 799 2 1 2
617 801 2 5 5
497 802 3 4 8
517 803 2 8 12
1320 802 1 4 4
927 805 1 1 1
994 805 1 1 1
728 806 1 4 4
921 807 1 1 1
962 806 1 1 1
1019 807 1 1 1
1173 807 1 3 3
1217 807 5 25 50
1057 808 1 4 4
651 810 3 8 19
840 811 1 2 2
1098 811 1 1 1
1247 810 2 5 8
1097 814 1 1 1
1518 814 1 1 1
841 816 1 1 1
915 816 26 10 45
1241 816 1 3 3
1502 816 1 1 1
262 818 1 2 2
597 820 2 6 12
734 820 3 8 23
850 820 1 2 2
863 820 1 2 2
522 823 1 5 5
715 822 1 4 4
970 823 1 4 4
1231 822 1 2 2
977 825 13 11 88
1267 825 3 7 13
458 826 2 2 4
910 827 1 1 1
605 829 1 3 3
743 828 2 5 7
509 830 5 8 17
1326 830 5 9 25
1356 830 3 2 3
1216 833 1 1 1
780 835 1 1 1
906 835 7 5 11
1413 835 1 1 1
779 837 1 3 3
961 837 1 2 2
668 838 1 3 3
450 840 1 2 2
487 840 1 1 1
369 842 1 2 2
645 842 1 4 4
667 842 1 2 2
710 842 5 3 9
773 842 1 1 1
1286 843 1 3 3
1397 843 2 1 2
1410 842 2 1 2
1479 845 2 2 3
497 846 2 5 8
484 848 1 2 2
627 850 1 1 1
783 851 1 6 6
391 853 7 8 27
461 854 1 3 3
662 854 1 4 4
794 854 1 2 2
100 858 11 3 26
523 858 7 19 58
1458 858 1 1 1
1527 859 1 1 1
1758 859 1 1 1
1297 863 2 6 10
459 865 2 2 2
494 865 2 1 2
712 866 1 1 1
782 866 2 7 8
1417 866 3 2 4
601 870 2 8 8
1588 871 1 1 1
624 873 2 1 2
1553 872 3 2 4
410 874 1 1 1
687 874 1 2 2
658 876 1 2 2
761 876 1 2 2
1431 876 2 2 4
789 878 1 1 1
1403 879 1 1 1
637 881 5 17 47
675 881 2 1 2
1686 880 2 2 3
1295 883 1 1 1
665 884 2 6 9
707 885 1 1 1
792 885 2 4 6
1442 885 10 5 24
827 887 1 3 3
424 889 4 5 11
809 889 1 1 1
1425 889 3 2 5
393 890 2 6 8
491 891 1 2 2
712 892 1 1 1
375 894 5 9 26
718 895 1 3 3
184 897 2 2 4
615 897 7 6 18
1439 896 3 2 6
1693 897 2 1 2
560 899 16 3 24
811 898 2 7 10
1158 899 1 3 3
1647 899 1 1 1
472 900 8 4 17
598 901 1 1 1
672 901 2 1 2
726 901 2 1 2
769 900 2 1 2
785 901 1 1 1
1834 903 6 1 6
784 904 1 1 1
1406 904 2 1 2
1764 906 2 2 3
577 908 1 4 4
1430 909 2 2 4
597 910 1 1 1
673 911 1 1 1
1300 911 3 4 6
841 913 1 3 3
1660 912 2 1 2
1678 913 6 3 14
1062 917 8 6 30
303 919 2 2 3
330 918 3 3 4
618 918 3 10 23
1150 919 1 3 3
474 921 1 2 2
593 921 1 1 1
640 921 1 1 1
708 921 1 2 2
664 923 1 2 2
684 923 1 1 1
805 922 3 1 3
833 922 1 1 1
1111 922 4 9 20
1146 923 1 2 2
1165 923 2 5 7
404 925 1 1 1
479 924 6 6 19
793 926 1 1 1
839 927 1 1 1
1005 926 1 2 2
1055 929 1 1 1
1209 929 1 4 4
1287 928 2 1 2
846 930 4 6 15
1484 931 1 1 1
1526 930 1 1 1
496 933 1 1 1
1181 932 8 6 32
1538 933 3 2 4
1836 932 4 1 4
693 934 1 1 1
719 934 6 3 11
1609 935 1 1 1
450 936 1 5 5
604 937 1 1 1
675 936 1 1 1
784 937 15 22 79
839 937 7 13 47
1004 937 4 3 7
1148 937 1 4 4
361 938 1 1 1
368 939 1 1 1
974 939 1 1 1
1175 938 2 5 7
1501 938 2 1 2
528 941 3 2 5
542 941 7 11 39
1483 941 3 2 4
1754 940 1 1 1
353 942 3 2 4
975 942 3 10 24
1147 942 1 1 1
1793 943 5 3 8
1029 945 1 2 2
1223 944 3 6 10
1685 945 7 4 15
1714 945 3 2 4
993 947 1 1 1
1170 946 2 4 6
1610 946 3 3 5
627 948 2 1 2
698 949 1 2 2
769 949 6 11 21
940 949 1 1 1
190 950 4 2 6
381 950 3 2 4
566 951 2 8 11
1129 951 1 1 1
1053 953 1 2 2
1740 952 2 1 2
404 954 5 12 37
518 955 2 1 2
619 954 1 3 3
1064 954 3 9 11
484 956 11 6 20
596 956 1 1 1
965 956 1 1 1
1699 957 1 2 2
194 959 1 1 1
1130 958 2 2 3
311 960 2 1 2
803 961 1 1 1
814 960 1 1 1
823 961 1 1 1
1147 960 2 4 6
76 962 1 1 1
475 963 8 2 11
923 962 1 3 3
1073 962 6 6 23
1119 962 3 1 3
1209 963 2 4 5
1304 963 2 1 2
346 965 1 1 1
628 965 2 1 2
752 965 2 1 2
780 965 9 3 27
1113 965 1 2 2
1332 964 17 5 40
1350 964 2 1 2
1737 965 1 1 1
1740 964 2 1 2
668 966 1 1 1
719 967 3 1 3
748 966 3 8 24
1024 966 1 1 1
1150 966 3 7 12
1516 966 1 1 1
1618 966 1 1 1
424 969 1 2 2
549 968 3 3 5
586 969 3 3 5
608 969 1 1 1
729 968 3 1 3
920 969 1 2 2
1077 969 3 10 14
1208 968 1 1 1
1598 969 2 1 2
801 971 2 1 2
849 970 1 5 5
278 972 1 1 1
311 972 1 1 1
862 973 1 1 1
919 972 1 2 2
1519 973 3 2 4
1667 972 3 2 4
678 974 4 2 5
742 975 1 1 1
821 975 1 4 4
1093 974 2 6 8
1426 974 1 1 1
363 976 1 1 1
490 977 3 9 20
623 977 8 1 8
668 976 9 2 10
994 977 3 10 15
1107 976 1 2 2
1252 977 3 3 5
1348 977 1 1 1
1483 976 1 1 1
1532 977 1 1 1
1741 977 4 2 4
658 978 9 10 35
761 979 1 1 1
1357 978 1 2 2
1536 978 2 2 4
474 981 1 1 1
731 981 1 2 2
820 981 1 1 1
1042 981 2 2 4
1106 981 1 2 2
1123 981 1 1 1
1469 981 1 1 1
552 983 15 9 63
604 983 1 1 1
853 982 2 1 2
580 985 1 1 1
634 985 1 1 1
648 985 1 1 1
1052 985 3 6 9
1372 985 1 1 1
1432 984 2 1 2
412 986 4 2 4
585 986 1 1 1
856 987 1 1 1
1034 986 1 2 2
1073 986 1 2 2
1178 986 2 1 2
279 989 3 5 8
866 988 2 1 2
1393 989 1 1 1
25 990 1 1 1
201 991 2 1 2
654 991 2 2 3
742 990 1 2 2
1193 990 3 7 10
525 992 1 1 1
640 992 5 11 31
1204 993 1 1 1
1528 992 2 2 2
204 995 1 1 1
741 995 1 2 2
921 994 4 14 33
1565 995 1 1 1
302 997 2 2 3
364 997 6 16 40
986 996 1 1 1
1017 997 2 5 8
1208 997 1 2 2
1325 996 1 1 1
1361 996 4 4 11
1373 996 2 1 2
1401 996 7 4 16
481 998 2 2 3
799 998 9 1 9
835 999 1 1 1
1293 998 2 1 2
1384 999 1 1 1
1621 998 5 3 11
181 1000 5 2 7
235 1001 2 2 2
397 1000 1 2 2
604 1000 1 1 1
710 1001 1 3 3
966 1001 1 1 1
1032 1001 2 2 3
1414 1000 8 5 27
1551 1000 4 2 7
1575 1001 2 1 2
747 1003 1 1 1
984 1003 1 3 3
1629 1002 1 1 1
533 1004 1 2 2
549 1005 19 9 62
709 1005 1 3 3
815 1004 1 3 3
825 1004 5 10 19
965 1004 1 2 2
753 1007 1 3 3
1088 1007 1 1 1
1488 1007 2 2 3
1563 1007 1 1 1
983 1008 1 1 1
1185 1009 2 1 2
1294 1008 1 1 1
1566 1009 5 2 10
1610 1008 1 2 2
281 1010 1 2 2
599 1010 11 7 24
669 1011 1 1 1
679 1010 1 1 1
22 1012 5 3 11
307 1012 2 7 8
429 1013 2 2 3
595 1013 1 1 1
975 1012 1 1 1
1162 1012 6 4 10
1218 1012 7 6 11
1357 1013 4 3 11
1537 1012 2 1 2
1799 1012 1 1 1
321 1015 3 7 16
578 1015 3 1 3
1053 1015 1 3 3
1118 1015 3 7 10
1265 1014 1 1 1
0 1016 8 3 15
761 1017 4 2 8
1023 1017 1 2 2
1091 1016 2 1 2
1190 1016 3 10 12
421 1019 1 1 1
842 1019 1 1 1
1376 1019 3 1 3
1510 1019 1 1 1
233 1021 1 1 1
379 1020 2 2 3
515 1021 1 1 1
823 1020 1 2 2
1345 1020 5 3 13
631 1022 3 7 16
643 1022 3 8 10
792 1023 1 1 1
1158 1022 1 2 2
1229 1022 10 8 26
1666 1023 3 3 5
1727 1022 2 1 2
1794 1022 4 2 6
350 1025 2 3 6
387 1025 1 2 2
592 1024 4 2 7
1086 1024 1 3 3
1496 1024 7 7 18
415 1027 1 1 1
417 1026 1 1 1
476 1026 4 1 4
665 1026 1 1 1
827 1027 1 4 4
870 1026 3 2 4
1323 1027 2 1 2
1482 1027 1 1 1
307 1028 1 1 1
404 1029 1 1 1
504 1028 16 19 108
738 1029 1 5 5
1000 1028 12 16 36
1085 1028 1 1 1
1095 1028 2 1 2
1189 1028 1 1 1
1445 1029 3 10 13
1512 1028 1 2 2
586 1030 1 1 1
681 1031 1 1 1
697 1030 2 2 3
1466 1030 2 2 3
1346 1032 2 1 2
1594 1032 1 1 1
1622 1033 3 2 3
1809 1033 1 1 1
246 1034 2 4 7
369 1034 2 3 5
563 1035 4 6 9
975 1035 10 2 11
996 1035 1 1 1
1273 1034 4 3 5
1326 1035 1 1 1
1626 1035 1 2 2
852 1037 1 1 1
1163 1036 1 1 1
1290 1036 1 1 1
1603 1036 3 3 7
1760 1037 1 2 2
1794 1036 1 1 1
358 1039 1 1 1
486 1038 1 1 1
1775 1039 3 2 5
376 1040 1 1 1
384 1041 2 2 4
1040 1041 2 2 3
1179 1040 1 2 2
1487 1041 1 1 1
75 1043 1 1 1
898 1042 1 1 1
1124 1043 2 5 6
1141 1043 1 4 4
1531 1042 3 2 3
1665 1043 1 1 1
1679 1043 17 13 46
72 1044 2 2 2
292 1045 4 6 16
439 1045 1 2 2
660 1044 1 1 1
760 1045 1 1 1
1072 1045 1 2 2
1158 1044 2 1 2
1199 1044 2 1 2
1378 1045 3 1 3
1508 1044 2 1 2
1719 1044 1 1 1
1739 1045 4 2 6
547 1046 1 2 2
580 1046 2 1 2
824 1047 1 2 2
1148 1047 1 1 1
1411 1047 1 1 1
208 1049 3 2 5
664 1048 3 8 16
722 1049 1 1 1
1133 1049 1 1 1
1556 1049 3 1 3
1640 1049 4 2 7
164 1051 1 1 1
346 1051 4 5 13
480 1051 2 1 2
821 1051 1 1 1
1194 1051 1 1 1
1709 1051 1 1 1
738 1052 7 5 11
951 1052 1 2 2
1173 1053 1 1 1
1184 1053 3 6 8
1522 1052 1 1 1
1535 1053 1 1 1
1777 1052 17 4 31
1812 1052 1 1 1
10 1054 1 1 1
64 1055 2 1 2
587 1054 3 4 8
1349 1054 1 1 1
1381 1055 1 1 1
25 1057 1 1 1
287 1057 2 3 5
534 1057 1 1 1
610 1057 1 1 1
613 1056 1 1 1
792 1057 1 1 1
853 1057 3 1 3
1113 1056 2 8 9
1729 1056 4 1 4
436 1058 1 1 1
1025 1058 2 1 2
1489 1059 1 1 1
1660 1058 1 1 1
36 1060 3 1 3
681 1061 2 1 2
1137 1061 3 6 8
1142 1060 1 1 1
1571 1061 3 2 6
1726 1060 4 8 17
337 1062 1 1 1
424 1063 7 3 14
550 1063 6 3 8
694 1063 4 14 21
862 1062 3 2 3
996 1063 6 4 15
1393 1063 1 5 5
1450 1063 6 3 14
1740 1062 6 3 14
466 1064 1 1 1
468 1065 2 2 4
650 1064 1 1 1
718 1064 1 1 1
1073 1065 1 1 1
1157 1064 1 2 2
1491 1065 1 1 1
1579 1064 1 1 1
1711 1065 1 1 1
507 1066 1 2 2
728 1066 1 2 2
984 1067 3 1 3
1005 1067 4 5 11
1433 1067 2 1 2
1714 1067 3 1 3
1765 1067 2 1 2
532 1068 1 1 1
596 1068 1 1 1
781 1068 2 2 3
1082 1069 2 5 7
373 1070 2 1 2
397 1070 5 4 8
575 1071 1 1 1
670 1070 3 1 3
1568 1070 2 2 4
1819 1071 1 1 1
492 1073 1 1 1
579 1072 4 3 8
660 1072 2 2 4
790 1073 1 1 1
869 1072 1 1 1
362 1075 9 7 22
470 1074 9 6 27
779 1075 1 1 1
1084 1075 1 1 1
1152 1074 1 1 1
1195 1075 1 1 1
1297 1075 1 1 1
1340 1074 16 5 63
387 1077 3 2 4
834 1077 1 1 1
1241 1076 1 1 1
1300 1076 2 1 2
1531 1077 2 8 9
1580 1076 5 12 42
1670 1076 1 1 1
1800 1076 2 2 2
676 1078 2 1 2
705 1078 1 6 6
813 1078 1 1 1
830 1079 1 1 1
846 1079 1 1 1
935 1079 1 4 4
1333 1078 1 1 1
1631 1079 5 3 10
547 1080 4 2 6
844 1080 1 1 1
1003 1081 1 2 2
1194 1080 1 1 1
1306 1080 1 1 1
1318 1080 1 1 1
301 1082 1 1 1
355 1082 4 4 7
962 1082 1 1 1
1038 1082 1 1 1
1174 1082 1 1 1
1824 1082 16 16 96
934 1084 1 2 2
1047 1084 2 1 2
1189 1085 3 2 4
1233 1085 6 7 12
1763 1084 1 1 1
158 1086 1 1 1
1326 1087 1 1 1
1446 1086 5 4 14
1617 1087 2 2 4
1724 1087 5 3 11
1798 1087 3 1 3
177 1089 1 1 1
462 1089 6 9 27
760 1088 1 2 2
831 1089 1 1 1
1154 1088 2 4 5
1461 1088 2 1 2
1590 1088 1 1 1
513 1090 3 1 3
593 1091 1 1 1
623 1090 2 1 2
1127 1090 1 1 1
1428 1091 2 2 3
1764 1090 2 1 2
557 1093 22 17 91
660 1093 2 3 5
671 1092 2 1 2
1015 1092 1 1 1
1240 1093 1 1 1
1378 1092 1 1 1
1463 1092 1 1 1
153 1094 3 2 4
645 1094 5 2 10
743 1094 1 2 2
774 1094 1 3 3
1366 1095 1 1 1
1497 1094 8 4 18
123 1097 4 2 7
403 1096 1 1 1
791 1097 1 1 1
865 1096 3 2 4
1212 1097 3 2 6
1251 1096 1 1 1
1439 1097 1 1 1
1452 1096 1 2 2
1690 1097 2 1 2
498 1099 1 1 1
642 1099 1 1 1
759 1099 1 3 3
979 1099 4 2 8
1133 1099 4 2 8
1250 1098 1 1 1
1484 1099 4 3 9
1511 1098 1 1 1
385 1100 5 7 16
544 1101 1 1 1
848 1100 1 1 1
1641 1101 1 1 1
407 1102 1 2 2
518 1103 2 2 2
736 1102 1 4 4
1220 1102 7 2 8
1569 1102 12 6 25
1608 1102 14 6 43
128 1105 1 1 1
823 1104 3 1 3
1231 1104 9 6 30
276 1106 1 1 1
296 1107 1 1 1
401 1106 1 1 1
668 1106 3 9 22
870 1106 2 5 5
1067 1107 2 4 4
1366 1106 1 1 1
1593 1106 2 2 3
241 1109 1 1 1
575 1108 1 1 1
624 1108 1 1 1
714 1108 4 3 6
775 1109 2 5 6
1315 1109 2 1 2
1408 1109 2 1 2
1734 1109 4 3 7
1781 1108 5 4 13
288 1110 4 2 6
351 1111 7 2 9
571 1111 1 1 1
1028 1111 3 2 4
1327 1110 4 2 4
1397 1111 1 1 1
1465 1110 15 5 23
181 1112 5 1 5
465 1112 1 1 1
649 1113 1 5 5
792 1112 2 3 3
979 1113 1 1 1
1197 1112 2 5 5
1275 1112 3 2 4
1497 1113 7 24 85
1597 1113 4 2 5
1692 1113 1 1 1
256 1115 2 2 4
510 1114 1 2 2
526 1114 2 2 2
584 1115 1 1 1
693 1115 1 3 3
982 1115 1 1 1
1063 1115 1 2 2
1268 1114 5 7 17
1640 1115 2 2 3
1703 1114 1 1 1
1754 1114 1 1 1
409 1117 1 2 2
1145 1117 6 7 20
1453 1117 2 6 12
1558 1117 11 6 38
1837 1117 3 1 3
75 1119 2 1 2
314 1118 3 2 5
517 1119 8 3 10
957 1118 4 2 5
1079 1119 1 2 2
1299 1119 1 1 1
1438 1118 1 1 1
1614 1119 2 5 6
1642 1119 6 7 22
1719 1119 10 5 25
174 1121 1 1 1
203 1121 2 1 2
250 1121 3 4 12
443 1120 1 2 2
1220 1120 2 1 2
1343 1120 9 5 27
479 1123 9 8 24
660 1123 1 1 1
921 1122 1 4 4
1071 1122 1 1 1
1456 1123 6 5 12
1770 1122 2 1 2
401 1125 2 5 6
687 1124 4 3 12
1004 1124 1 2 2
1260 1124 1 1 1
1269 1125 1 1 1
530 1127 1 3 3
551 1127 1 1 1
920 1127 1 3 3
1003 1127 1 2 2
1244 1126 3 4 6
1305 1126 1 1 1
1585 1127 1 1 1
1203 1129 1 2 2
1314 1128 1 1 1
1318 1129 1 1 1
1710 1128 10 5 17
467 1131 2 3 3
706 1130 2 1 2
720 1130 1 1 1
411 1133 1 1 1
429 1133 8 10 48
686 1132 1 3 3
738 1133 1 1 1
1019 1132 2 2 2
1285 1133 4 7 10
1518 1133 2 1 2
1747 1133 5 3 9
1781 1133 11 9 60
323 1135 2 2 3
540 1135 1 1 1
671 1135 4 1 4
820 1135 1 1 1
1672 1135 2 2 3
394 1136 1 1 1
1477 1137 8 5 19
1584 1137 39 16 218
1836 1137 4 1 4
111 1139 2 2 2
564 1138 1 1 1
711 1138 3 2 6
796 1139 11 5 25
1162 1139 2 4 6
1555 1139 10 12 35
1692 1138 5 4 15
221 1140 2 2 3
676 1141 17 22 106
1424 1140 1 1 1
1671 1141 1 1 1
1722 1141 1 1 1
1809 1140 1 1 1
1820 1141 2 1 2
558 1142 1 1 1
601 1143 4 3 10
865 1142 4 8 16
920 1143 5 10 19
1026 1143 1 1 1
1451 1142 3 1 3
1712 1143 5 7 19
271 1144 15 10 66
424 1145 2 1 2
622 1144 1 1 1
742 1144 6 4 14
987 1145 2 1 2
1063 1144 4 15 24
1461 1145 2 1 2
1771 1144 4 10 21
307 1147 1 1 1
1007 1147 1 1 1
1085 1147 1 1 1
1432 1147 1 1 1
1634 1146 2 2 3
1732 1147 2 2 2
1742 1147 2 1 2
502 1148 1 4 4
523 1149 5 3 8
1166 1148 1 1 1
1192 1148 1 2 2
1274 1148 3 2 4
1330 1149 5 4 11
1346 1148 6 2 7
94 1150 2 2 3
183 1151 1 1 1
538 1151 1 1 1
1097 1150 14 11 56
1296 1150 12 10 40
1393 1151 16 10 58
1818 1151 13 15 92
939 1152 1 1 1
955 1153 1 1 1
1171 1152 10 18 70
1333 1153 30 31 289
1358 1152 4 2 7
1428 1153 3 2 5
1513 1152 2 1 2
1551 1153 3 2 5
1658 1153 28 16 143
1696 1153 8 10 44
145 1155 2 1 2
314 1154 1 1 1
981 1155 1 2 2
1008 1154 1 1 1
1014 1155 1 1 1
1199 1155 1 1 1
1208 1155 14 10 64
1750 1154 11 3 23
609 1157 1 1 1
948 1157 1 1 1
960 1157 8 4 30
1140 1157 1 1 1
1372 1157 8 8 27
42 1159 1 1 1
88 1158 4 2 4
600 1159 9 4 12
1059 1159 1 1 1
113 1161 2 1 2
255 1160 1 1 1
460 1160 4 1 4
510 1161 1 1 1
1038 1161 4 2 5
1090 1160 2 1 2
1507 1160 1 1 1
1057 1163 2 1 2
1075 1162 2 1 2
1129 1163 3 2 4
1471 1163 16 5 39
1742 1162 1 1 1
237 1164 2 1 2
718 1164 1 1 1
973 1165 5 4 14
1271 1164 1 1 1
1274 1165 15 13 68
1370 1165 1 2 2
1692 1164 3 2 6
221 1166 1 1 1
898 1167 1 3 3
1014 1167 2 1 2
1118 1167 1 2 2
1443 1166 1 1 1
138 1168 3 3 6
319 1168 1 1 1
588 1168 2 1 2
612 1169 4 3 12
619 1168 1 1 1
644 1169 1 1 1
801 1169 2 2 2
1018 1169 1 1 1
1234 1169 1 1 1
1252 1169 2 2 3
1295 1169 6 2 7
1488 1168 1 1 1
1490 1169 8 6 26
1578 1168 4 2 7
1758 1169 5 4 8
219 1170 1 1 1
870 1171 1 1 1
1048 1171 1 1 1
1670 1171 22 11 139
604 1173 2 1 2
1257 1172 6 12 25
1525 1173 1 1 1
505 1174 6 2 7
929 1175 1 2 2
1429 1175 2 1 2
1529 1174 9 5 25
176 1176 1 1 1
498 1176 2 1 2
537 1177 1 2 2
878 1177 2 4 5
1161 1176 2 1 2
1364 1176 1 1 1
1384 1176 1 1 1
1405 1177 1 1 1
1735 1177 16 13 44
1832 1177 8 11 31
181 1179 2 1 2
422 1179 1 2 2
1123 1179 2 1 2
1392 1179 4 9 23
1699 1179 23 22 99
206 1181 1 1 1
363 1180 1 1 1
441 1180 1 1 1
641 1180 12 13 65
981 1181 1 3 3
1190 1181 7 5 11
1311 1181 1 2 2
1415 1180 1 1 1
1417 1181 1 1 1
1606 1180 1 1 1
332 1183 1 1 1
490 1182 3 1 3
554 1183 2 2 4
947 1183 2 1 2
1034 1183 1 1 1
1107 1182 1 1 1
1321 1182 1 1 1
1561 1182 1 1 1
1565 1182 19 14 108
242 1184 2 1 2
489 1185 1 1 1
564 1185 1 1 1
748 1184 1 1 1
980 1185 1 2 2
1302 1184 1 1 1
1491 1185 8 8 25
1510 1185 1 1 1
393 1187 5 2 6
454 1187 3 9 18
483 1186 1 2 2
605 1186 1 2 2
1543 1186 1 1 1
299 1188 10 6 18
1114 1188 1 2 2
1181 1188 1 2 2
1198 1189 9 2 13
1214 1188 1 1 1
1265 1189 7 1 7
1338 1189 11 2 12
1369 1189 1 1 1
1504 1189 1 1 1
1586 1188 30 29 213
1618 1189 1 1 1
1630 1189 2 2 4
1638 1189 12 16 48
1659 1189 1 1 1
113 1190 3 2 4
676 1191 1 1 1
940 1191 1 1 1
1373 1190 3 3 6
870 1192 1 1 1
1172 1193 4 3 10
1477 1192 1 1 1
1724 1192 1 1 1
1802 1193 2 1 2
1005 1194 2 2 3
1088 1194 1 1 1
1445 1194 20 9 106
1774 1195 16 12 73
1827 1194 1 1 1
489 1197 1 1 1
566 1197 1 1 1
599 1196 2 2 2
393 1199 1 5 5
424 1198 1 1 1
466 1199 8 7 18
772 1198 1 1 1
874 1198 1 1 1
1194 1199 1 1 1
1284 1198 15 18 71
1308 1199 3 3 7
1349 1198 8 5 21
1494 1198 4 2 5
1617 1199 1 1 1
209 1200 1 1 1
557 1201 9 4 12
981 1200 2 2 2
1192 1201 1 1 1
1241 1201 1 1 1
1368 1200 3 1 3
1531 1201 1 2 2
1673 1201 2 1 2
1736 1201 10 4 12
767 1202 1 1 1
1415 1202 6 3 17
1728 1203 1 1 1
403 1205 1 1 1
548 1205 3 4 6
633 1205 1 1 1
830 1204 4 1 4
1340 1205 4 7 17
1468 1205 3 2 6
1688 1205 6 3 11
1707 1205 2 1 2
1823 1204 2 2 3
313 1207 2 2 3
426 1207 10 7 40
861 1207 1 3 3
1057 1207 1 1 1
1117 1206 4 4 12
1177 1207 5 3 11
1323 1207 11 12 30
1421 1207 3 6 13
1548 1206 16 13 103
1809 1206 11 11 35
196 1208 1 1 1
672 1208 1 1 1
899 1208 4 6 12
1246 1208 2 1 2
1648 1208 2 1 2
1749 1209 18 6 41
180 1210 3 3 6
292 1210 1 1 1
641 1210 1 1 1
1063 1210 1 1 1
1402 1210 10 3 18
1511 1211 15 17 129
1837 1211 3 5 11
241 1212 1 1 1
514 1213 1 4 4
785 1213 1 1 1
850 1212 1 1 1
962 1213 2 2 2
1244 1212 1 1 1
1490 1212 6 4 20
1700 1213 1 1 1
213 1214 2 2 3
305 1214 3 2 6
330 1214 1 1 1
743 1215 1 1 1
798 1215 2 3 5
954 1215 1 3 3
1022 1215 1 1 1
1090 1214 2 1 2
1125 1215 5 3 13
1467 1214 1 1 1
1646 1215 2 2 4
1658 1214 6 8 33
1768 1215 2 3 6
390 1217 2 1 2
1158 1217 1 1 1
1220 1216 1 2 2
1359 1217 1 1 1
1398 1216 4 3 11
1633 1217 7 3 17
35 1219 2 1 2
188 1218 1 1 1
339 1218 1 1 1
457 1219 2 2 3
1773 1219 3 9 21
301 1221 2 1 2
707 1220 9 8 52
994 1220 1 1 1
1213 1220 1 2 2
1470 1220 8 8 45
1686 1220 3 2 5
1708 1221 2 2 2
490 1222 1 6 6
814 1223 2 5 10
843 1223 2 5 6
971 1223 1 5 5
995 1223 2 5 10
1061 1223 1 5 5
1203 1223 4 5 20
1377 1222 14 6 49
1546 1223 2 5 10
1580 1223 2 5 10
1630 1222 2 6 12
1729 1222 26 6 88
236 1225 3 3 7
418 1224 8 4 18
982 1224 1 4 4
1152 1225 4 3 6
1172 1225 1 3 3
1184 1224 6 4 12
1680 1224 5 4 20
24 1227 3 1 3
106 1226 1 2 2
190 1226 1 2 2
602 1227 2 1 2
1326 1227 2 1 2
1345 1226 16 2 20
1443 1227 2 1 2
1500 1226 1 2 2
1651 1226 3 2 6
