0 0 1840 1228 2119579
60 0 16 5 53
270 0 12 4 29
403 0 11 14 117
431 0 43 60 922
498 0 21 6 78
778 0 36 29 378
837 0 10 5 35
917 0 9 22 167
967 0 88 82 2162
1115 0 5 10 38
1142 0 46 62 1113
1299 0 102 98 3936
1435 0 21 19 340
620 5 8 19 113
319 7 7 9 54
870 6 6 12 55
548 9 17 30 289
1086 9 3 5 14
754 13 13 32 315
886 12 7 19 104
1582 13 19 27 318
1092 19 25 25 142
843 21 33 33 600
1176 27 45 45 576
521 28 9 10 47
1050 29 3 5 12
951 30 7 12 60
796 33 21 52 461
1214 33 60 95 1956
1497 34 13 18 151
303 37 25 30 398
604 41 18 37 337
1060 41 5 7 27
783 45 6 7 25
504 47 27 24 293
335 48 1 1 1
680 52 8 14 88
823 57 11 28 250
1426 57 7 7 28
409 59 5 5 13
887 58 10 32 130
1100 62 5 10 36
362 64 11 17 121
947 64 4 4 14
644 69 10 28 225
1154 69 14 19 124
1123 70 6 13 59
175 73 24 39 400
842 73 34 53 917
1396 72 16 28 319
773 75 1 1 1
304 78 9 14 55
1093 79 6 8 37
497 80 8 12 74
712 80 7 16 90
1269 80 53 53 1439
465 84 7 8 33
528 84 10 12 93
1024 87 6 13 51
612 91 8 11 67
1154 91 6 7 28
900 94 5 9 40
1037 95 27 86 1180
1136 95 1 1 1
671 96 7 15 91
196 99 14 27 286
1111 99 13 6 37
430 103 9 16 116
1085 102 4 7 25
1169 103 6 16 46
557 106 10 13 84
267 108 14 18 200
1012 110 8 9 55
1361 110 17 51 606
481 112 8 12 76
530 113 10 12 92
804 113 13 43 329
1408 112 8 10 42
1440 117 7 6 18
636 119 10 19 159
879 118 6 10 56
1100 118 5 10 39
780 123 1 1 1
782 122 1 1 1
310 127 1 1 1
615 126 7 12 65
1020 127 1 2 2
1070 126 18 26 333
1166 127 4 4 13
570 128 7 11 53
889 128 5 9 43
947 130 11 20 169
1831 131 9 18 50
1119 133 3 4 10
913 135 4 7 24
1481 135 47 102 1656
471 136 13 17 139
924 138 11 34 232
1145 138 5 3 12
301 140 26 30 309
709 140 10 20 153
1098 140 4 4 11
1003 145 9 20 115
1261 144 10 16 113
891 149 19 22 123
435 151 8 7 32
980 150 4 7 26
1146 152 3 3 8
1240 153 11 17 144
1149 156 3 4 9
1548 156 19 32 433
1837 157 3 1 3
1097 159 3 5 14
332 161 4 4 10
527 160 7 5 23
566 160 7 11 63
823 161 24 23 243
359 162 2 1 2
453 166 10 15 104
889 167 4 9 33
1010 166 4 5 15
1084 169 4 6 22
1093 168 1 1 1
1720 169 120 43 2060
1422 170 16 33 353
1736 170 1 1 1
1024 173 4 8 28
1839 173 1 1 1
322 175 7 5 28
551 174 8 18 116
1205 175 18 36 397
209 177 20 54 567
353 176 9 15 98
1108 176 9 10 62
872 179 14 23 135
1289 178 23 70 932
290 181 26 27 377
1154 181 4 6 22
1088 184 2 3 5
1016 187 3 12 20
1044 186 5 9 38
609 188 10 22 146
1164 188 4 8 25
931 192 4 3 11
1124 194 5 5 18
1149 195 4 9 32
784 197 43 75 1162
964 196 3 4 12
342 198 10 18 130
1039 201 4 7 21
426 202 22 24 167
1253 203 19 80 951
1059 204 5 6 21
1093 205 3 5 13
1332 205 12 19 175
942 206 9 22 130
1130 206 6 7 31
1458 206 1 1 1
10 209 1 1 1
470 210 19 30 209
1659 213 34 67 349
561 217 8 9 50
670 219 8 16 94
995 218 11 9 71
1110 218 8 14 81
1545 219 1 1 1
296 221 13 29 219
849 221 5 3 11
879 221 12 8 81
1028 220 2 3 5
1079 220 3 3 8
398 222 6 9 39
831 224 3 5 13
1726 225 35 37 192
1194 229 17 43 470
868 231 5 8 34
1036 231 3 3 9
1153 231 4 5 15
519 233 20 22 242
616 232 9 16 97
1019 232 16 21 202
1050 232 4 6 21
1082 232 4 10 25
134 235 12 14 110
927 235 3 3 7
1004 234 6 18 49
1421 234 7 8 38
828 237 28 52 627
1117 237 16 17 208
1384 237 17 28 261
1706 239 42 30 259
1103 241 3 8 21
1149 243 3 5 14
443 245 9 22 166
411 246 12 25 202
1514 248 17 26 293
531 251 36 39 636
1089 251 4 9 29
492 255 9 13 86
1009 254 1 1 1
1013 255 3 6 18
145 256 1 1 1
701 257 5 5 16
1047 259 23 33 451
1256 260 135 125 4034
1027 262 3 3 8
1143 263 7 10 29
1200 264 53 95 1752
860 266 5 9 34
363 269 8 8 47
1013 269 6 9 39
41 270 1 1 1
977 270 8 14 60
998 271 6 6 22
27 272 1 1 1
1621 273 1 1 1
618 277 9 23 114
204 279 3 2 5
316 278 10 14 92
786 279 6 13 66
885 278 12 10 89
120 280 11 4 17
1109 280 5 9 35
1599 280 2 1 2
1736 280 11 11 36
806 283 8 19 114
1595 282 3 1 3
1002 285 7 15 76
1019 285 1 1 1
1076 285 16 15 111
1389 285 6 6 26
178 287 12 15 134
514 286 6 8 36
1123 290 16 22 219
12 292 1 1 1
1520 293 13 16 148
462 294 10 16 117
699 294 6 13 62
856 294 12 21 144
333 299 6 5 25
414 298 5 4 9
908 299 9 22 122
1579 298 2 2 3
315 301 8 6 38
889 301 4 4 12
995 301 5 9 25
538 305 8 16 103
682 307 5 6 25
305 308 5 4 12
1028 308 8 6 23
562 310 6 6 24
1074 311 3 4 12
1623 310 1 1 1
812 312 11 31 204
675 315 3 1 3
987 315 3 4 8
692 317 1 1 1
1042 317 4 7 24
18 319 3 2 3
403 318 7 5 25
592 319 1 1 1
767 319 6 17 78
893 319 5 7 26
1083 318 3 6 16
901 322 124 102 3502
678 324 10 12 92
1107 324 7 10 49
302 330 1 2 2
562 331 6 10 49
833 331 4 4 14
1071 331 3 16 45
1050 333 1 1 1
1446 332 12 18 142
1696 333 7 5 26
336 335 6 4 19
730 335 1 1 1
1138 335 3 3 8
614 337 17 24 289
798 336 2 3 4
847 336 11 22 188
1088 337 1 1 1
1717 337 1 1 1
314 338 5 4 13
1173 339 13 27 261
1198 339 11 17 138
1712 338 3 3 9
1090 341 3 2 6
111 342 3 1 3
1043 343 3 2 5
292 345 7 5 23
582 344 9 16 106
518 346 5 6 30
534 347 9 16 116
804 346 4 4 13
909 347 13 27 154
1084 348 1 1 1
1393 349 11 19 162
444 351 12 12 82
478 351 7 8 42
461 352 4 2 8
225 355 12 6 43
814 355 5 11 42
867 354 1 1 1
876 355 13 19 123
718 357 3 2 4
1080 357 10 10 41
307 358 6 2 11
790 358 1 1 1
498 361 5 5 20
392 362 1 2 2
1000 366 9 5 34
147 369 19 39 462
562 371 5 12 47
1024 371 33 41 496
767 372 1 1 1
1100 373 15 25 125
1210 373 12 25 240
1358 372 25 24 276
1016 375 1 2 2
928 376 2 1 2
746 378 11 11 40
1069 378 1 1 1
918 381 3 7 14
410 382 1 1 1
881 382 4 10 31
107 385 21 16 150
243 384 11 13 118
840 385 4 7 21
179 386 1 1 1
367 387 8 8 47
1023 389 2 2 3
223 390 9 5 35
327 391 4 2 4
1123 391 2 1 2
1307 391 12 18 164
332 393 1 1 1
409 392 5 6 23
427 394 7 7 34
780 394 1 1 1
1012 394 1 1 1
276 396 3 2 4
486 396 3 4 9
732 396 4 6 18
1017 397 1 3 3
1342 396 1 1 1
1491 399 19 25 316
1093 400 4 6 18
1281 401 20 51 448
1351 401 7 9 49
1065 403 1 1 1
1121 402 2 3 6
611 405 11 23 160
699 404 5 6 22
942 407 1 1 1
1003 406 17 14 84
492 409 7 6 25
946 408 1 1 1
328 410 1 1 1
850 410 4 7 22
1369 410 10 13 97
172 413 12 8 65
531 412 13 22 167
875 412 12 7 51
1032 413 2 1 2
1254 413 9 15 106
463 414 13 20 141
795 414 10 37 265
1125 414 17 33 262
332 417 6 3 15
785 418 1 1 1
941 418 1 1 1
1195 419 12 25 218
823 420 11 11 90
945 421 30 33 200
1044 420 10 10 40
1110 421 3 2 6
557 427 3 5 10
989 426 2 2 4
642 431 7 14 78
716 430 4 6 20
1348 431 12 19 157
863 432 8 8 33
983 433 1 1 1
1397 433 11 15 120
566 434 14 23 121
1001 435 1 1 1
1034 434 1 3 3
1226 435 18 25 206
153 437 1 1 1
333 436 7 8 26
1369 436 12 21 199
989 438 9 9 19
61 441 2 2 2
929 443 2 1 2
1079 443 4 5 16
522 444 3 7 12
618 444 6 8 38
765 445 32 33 312
1262 445 12 20 178
354 447 6 5 15
406 447 6 4 20
1167 448 8 13 74
507 450 5 4 13
1417 451 11 15 113
1434 451 1 1 1
181 452 4 4 9
822 453 1 1 1
885 452 5 6 17
935 452 2 2 3
1036 452 1 1 1
1071 452 1 1 1
997 454 1 1 1
1000 455 1 1 1
1002 455 17 21 156
580 457 1 1 1
975 456 1 2 2
1117 457 18 28 277
463 458 5 4 19
1045 458 2 1 2
1104 459 5 6 21
803 460 3 1 3
922 461 1 2 2
944 460 39 36 496
1180 461 37 45 510
1346 461 2 1 2
1349 460 1 1 1
231 463 12 14 127
320 462 1 1 1
341 463 7 13 37
594 463 7 11 60
1338 463 5 6 20
862 465 4 6 18
696 467 2 3 5
840 466 13 16 160
1043 466 2 3 5
1092 468 5 7 26
1299 469 12 20 164
503 471 6 8 36
390 473 5 4 12
617 473 7 23 98
878 473 3 2 5
720 475 9 13 76
1073 474 18 17 133
814 477 3 3 5
1020 477 17 26 242
1270 476 10 14 114
589 479 6 7 32
466 481 7 12 62
542 481 28 13 170
867 481 4 7 25
931 485 1 1 1
1141 485 1 1 1
188 486 3 6 8
438 486 5 5 17
776 487 33 52 544
315 489 7 18 74
52 491 1 1 1
454 490 5 4 16
1210 490 18 9 82
811 493 7 10 41
869 492 12 10 77
909 492 1 1 1
1096 493 11 4 19
1163 492 9 18 126
1769 493 2 1 2
934 494 5 6 20
445 496 2 1 2
1199 498 25 41 432
995 500 1 1 1
1303 501 1 1 1
973 502 20 23 144
1111 502 1 1 1
1812 503 1 1 1
349 505 5 3 9
452 504 1 1 1
705 505 4 4 10
886 505 1 1 1
475 507 15 9 71
903 506 12 16 100
927 507 2 1 2
1011 506 1 1 1
854 509 9 17 103
1079 509 5 9 38
1329 509 5 6 19
1796 508 2 1 2
743 511 9 25 176
1046 511 2 4 7
1343 510 9 11 87
932 512 19 38 486
999 512 3 2 4
1263 512 40 58 982
690 514 4 3 10
327 517 25 8 67
890 519 4 5 18
1325 518 3 2 5
1342 523 1 1 1
1427 522 9 9 58
962 524 4 7 12
485 526 1 1 1
1014 528 76 71 1856
607 530 1 1 1
614 530 7 10 55
272 532 1 1 1
328 533 3 3 6
903 533 1 1 1
442 535 2 3 4
531 535 20 15 81
307 536 6 3 9
378 536 9 11 74
889 537 3 2 5
455 539 6 6 27
730 543 2 2 2
788 543 5 9 27
976 543 18 43 269
563 545 5 6 19
998 544 2 3 5
53 547 2 1 2
309 547 1 1 1
443 547 9 19 121
616 547 13 32 170
1235 546 10 30 182
1255 548 6 8 35
258 551 2 1 2
839 550 10 6 38
502 553 8 13 48
584 552 1 1 1
867 553 15 18 172
806 554 23 31 312
1217 555 8 9 61
1461 554 24 18 183
935 556 29 43 539
161 558 8 12 54
1119 558 1 2 2
684 560 1 1 1
1156 561 12 33 305
308 562 2 1 2
412 562 1 1 1
527 563 7 11 54
544 562 10 13 59
965 562 1 1 1
1112 562 1 1 1
1306 562 11 10 34
236 564 11 13 116
1095 565 1 1 1
1430 565 11 18 157
430 568 7 11 64
1101 569 2 2 4
274 571 1 1 1
458 571 1 1 1
760 570 3 3 7
893 570 5 9 37
1016 570 5 13 33
853 572 10 9 46
1180 573 28 32 389
350 577 5 4 14
726 577 2 2 3
372 579 5 3 9
399 578 1 1 1
401 579 1 2 2
738 579 1 1 1
780 578 3 6 13
1256 579 5 4 15
560 581 13 11 59
212 582 6 2 7
588 583 3 2 3
1303 582 4 4 10
1000 586 3 4 11
1557 589 1 1 1
799 590 8 9 52
971 591 5 12 34
1273 590 29 22 338
391 593 1 1 1
888 593 19 8 96
1100 592 1 1 1
249 595 9 6 36
544 594 6 11 43
671 595 12 7 55
831 597 3 4 10
1008 596 8 4 20
1056 596 5 7 16
428 599 2 2 3
619 599 4 10 33
268 600 9 12 81
456 601 2 1 2
710 600 4 11 18
1555 600 1 1 1
782 603 1 1 1
183 605 2 1 2
313 604 7 11 65
1042 604 3 2 6
101 607 1 1 1
161 607 1 1 1
967 607 1 1 1
1084 607 1 1 1
1138 606 8 15 93
1318 606 5 7 25
1399 606 33 32 364
816 609 7 21 126
1237 609 5 4 16
405 610 2 5 7
858 610 2 3 6
893 610 4 5 18
1051 611 6 2 8
337 612 1 1 1
414 615 6 3 10
1033 614 2 2 3
1246 614 22 30 437
589 617 7 11 53
778 616 4 12 30
347 619 2 3 5
941 619 14 21 207
767 620 1 1 1
884 620 2 2 4
898 621 16 16 81
1068 621 18 16 68
1092 620 13 8 40
391 622 5 2 9
475 622 5 13 23
1042 623 1 1 1
1361 623 12 25 206
241 625 3 1 3
321 625 9 14 38
364 625 5 5 13
574 625 4 2 6
985 625 2 3 6
403 627 12 18 82
622 626 4 4 13
847 626 2 1 2
1011 626 1 1 1
540 629 23 24 138
1051 629 2 3 5
1443 628 9 4 27
285 630 10 6 26
860 631 4 3 7
1028 630 2 2 4
336 632 4 1 4
604 632 2 2 4
1010 632 1 1 1
1217 634 27 25 313
1294 635 3 3 7
349 636 6 6 27
963 636 2 3 6
1059 637 1 1 1
1505 636 2 2 3
595 638 6 9 44
774 638 7 9 51
428 640 1 1 1
938 640 2 6 12
980 642 2 2 3
1070 643 4 5 19
225 644 9 12 71
720 644 1 2 2
735 645 15 7 54
623 646 5 6 22
761 646 1 1 1
929 647 3 8 23
1116 647 4 2 7
299 648 1 1 1
828 649 3 3 7
204 651 1 1 1
202 652 1 1 1
249 653 1 1 1
866 652 6 17 73
894 652 6 9 22
368 655 3 1 3
446 657 5 4 13
473 657 5 6 26
937 656 2 2 4
1071 657 2 2 3
1373 657 13 18 152
1280 659 1 1 1
165 661 8 13 45
518 660 3 2 6
664 660 1 1 1
1018 661 13 11 37
1282 660 1 1 1
1291 660 12 22 166
521 663 1 2 2
888 662 2 3 6
956 663 16 17 90
1057 663 3 4 7
320 664 1 1 1
346 664 3 5 7
432 665 6 9 39
599 665 1 1 1
781 664 2 3 5
935 665 3 4 9
482 666 8 9 55
622 666 5 5 16
842 666 6 8 35
588 669 8 12 45
881 669 16 24 119
993 668 3 12 18
543 671 11 5 21
941 670 1 1 1
1059 670 33 48 405
1186 670 14 15 124
67 673 1 1 1
273 673 3 3 6
777 673 2 2 4
1236 673 23 19 225
1324 672 11 17 132
919 676 2 2 4
1019 676 1 3 3
1038 676 2 2 4
1159 676 12 6 34
11 678 4 2 5
353 679 3 3 5
768 678 3 3 7
861 678 3 3 6
1033 678 2 2 4
1095 678 5 5 7
1137 679 1 1 1
302 680 2 1 2
1005 681 2 2 4
845 683 9 15 36
1008 683 2 2 4
360 685 5 5 14
470 685 12 13 74
503 685 4 8 18
528 686 16 7 92
553 686 7 12 44
606 687 1 1 1
664 686 2 3 4
786 686 34 20 364
1592 687 1 1 1
1804 686 1 1 1
919 688 2 4 8
988 688 2 2 4
1393 689 9 17 125
367 690 1 1 1
829 691 3 3 6
995 690 1 1 1
331 693 7 6 31
443 692 11 29 99
1061 693 1 2 2
1177 693 40 40 612
613 695 6 16 48
26 696 4 2 6
370 697 2 3 5
25 699 1 3 3
308 699 1 1 1
571 698 6 7 35
1220 698 1 1 1
161 701 2 1 2
330 700 1 1 1
715 700 12 13 51
863 701 2 1 2
978 701 16 15 117
463 704 4 2 6
822 704 1 1 1
802 704 48 41 600
874 704 8 15 68
504 706 1 1 1
756 707 2 4 8
850 706 1 1 1
915 707 2 4 6
577 708 1 1 1
1020 709 1 1 1
1045 709 6 9 31
115 711 1 2 2
186 710 1 1 1
208 710 29 21 239
939 711 1 1 1
1008 710 8 8 18
1116 710 1 1 1
262 712 1 1 1
336 712 1 1 1
372 713 2 1 2
555 713 2 2 3
748 712 4 5 17
797 713 2 6 12
1123 712 8 11 59
1455 712 10 13 64
80 714 3 2 5
109 714 1 1 1
931 714 3 3 9
988 714 69 79 1017
1098 714 1 1 1
183 716 9 12 36
322 717 12 11 65
864 716 3 5 14
1258 717 1 1 1
60 718 3 2 4
727 719 2 1 2
783 719 5 8 33
1080 719 10 11 60
1143 718 6 7 28
57 721 2 2 2
466 721 1 1 1
620 721 4 3 8
767 720 6 8 39
917 723 10 13 51
126 725 1 1 1
148 725 1 1 1
485 724 5 5 10
896 724 2 5 9
1398 724 10 27 185
352 727 11 8 41
472 727 1 1 1
724 727 3 3 7
1225 727 20 23 187
125 729 1 1 1
598 729 2 1 2
190 731 7 8 22
707 731 6 8 41
893 731 2 3 6
993 731 2 3 6
1288 731 2 2 2
205 733 1 1 1
541 733 27 14 125
841 732 39 48 531
458 735 5 5 18
112 736 1 1 1
341 737 1 1 1
447 736 1 1 1
649 736 3 2 4
992 736 1 1 1
1163 737 6 10 48
40 739 1 1 1
59 738 1 2 2
675 739 1 1 1
732 739 1 10 10
885 739 2 3 4
750 740 439 259 29181
975 740 10 5 20
1076 741 2 3 5
1827 741 1 1 1
150 742 2 1 2
13 745 2 2 2
536 744 4 7 22
605 745 13 4 37
701 745 1 1 1
895 744 2 4 7
1328 744 10 13 96
23 746 1 1 1
485 746 7 13 68
825 746 2 2 2
949 746 1 1 1
1088 746 1 2 2
1544 747 1 1 1
364 748 8 10 25
632 748 7 7 34
829 748 3 2 5
1080 748 1 1 1
1143 749 6 8 44
136 750 3 2 4
306 751 1 1 1
441 750 4 6 12
915 751 1 1 1
1293 750 22 15 204
544 752 16 26 137
1348 753 7 9 40
1396 752 1 1 1
1667 753 1 1 1
59 755 5 3 7
880 755 2 2 2
1064 754 2 3 4
1515 754 3 1 3
0 756 5 11 26
97 757 3 3 5
1039 757 1 1 1
652 759 2 6 7
988 758 2 3 5
107 760 6 4 17
479 760 5 5 15
966 761 1 2 2
1028 761 1 2 2
1069 761 1 3 3
82 763 1 1 1
316 763 7 4 15
80 764 1 1 1
514 765 1 1 1
602 764 14 40 125
933 765 39 24 319
1179 765 28 13 120
284 766 5 4 18
565 767 7 5 20
591 766 1 2 2
872 766 2 7 12
1034 767 3 2 6
1093 767 1 2 2
1282 767 1 3 3
31 768 1 1 1
447 769 1 1 1
131 771 4 3 6
153 771 4 1 4
534 770 1 1 1
677 771 1 1 1
717 771 1 1 1
925 771 1 2 2
1040 770 1 3 3
1070 771 1 1 1
1257 771 1 1 1
58 772 1 1 1
167 772 13 27 172
349 773 1 1 1
1057 772 2 1 2
1074 772 1 2 2
1207 772 24 34 301
325 774 12 4 18
584 775 1 1 1
653 774 4 1 4
875 774 2 3 4
981 774 1 1 1
983 775 3 3 4
64 776 1 1 1
467 776 1 1 1
902 776 1 2 2
1075 777 3 3 5
1165 776 12 16 143
198 779 5 2 6
414 779 6 3 11
681 778 1 1 1
1189 779 17 12 83
46 781 3 4 7
392 781 1 1 1
689 781 2 1 2
855 780 6 10 26
1031 781 2 3 6
207 782 12 9 61
381 782 4 2 4
442 782 3 2 3
265 786 5 5 15
331 787 10 3 19
869 786 2 2 3
517 788 4 4 12
577 788 8 11 59
598 788 1 1 1
734 788 3 5 12
878 788 2 2 4
1218 789 44 63 757
1285 788 9 10 67
1355 789 7 9 48
934 791 2 3 5
271 792 3 2 5
379 792 8 12 28
419 792 1 1 1
524 792 1 1 1
660 793 3 1 3
13 795 1 1 1
364 795 1 1 1
435 795 1 1 1
499 794 5 11 23
885 794 1 1 1
1180 795 3 5 14
856 797 16 24 113
899 797 15 14 47
928 797 1 1 1
258 798 1 1 1
526 799 1 1 1
278 800 1 1 1
456 800 1 1 1
591 801 1 1 1
1005 800 1 1 1
1035 801 1 2 2
394 803 4 3 7
476 803 1 1 1
765 803 2 3 4
1040 803 1 2 2
1317 802 8 10 65
598 805 1 1 1
625 804 1 1 1
731 805 2 1 2
881 805 2 7 13
1301 805 2 2 3
457 806 1 1 1
552 806 13 14 77
734 807 1 1 1
964 807 7 2 8
988 806 45 31 543
1068 806 2 2 2
1335 807 8 9 55
133 808 1 1 1
167 808 1 1 1
304 809 1 1 1
343 808 2 2 3
357 808 3 3 6
461 809 2 2 4
681 809 2 3 5
1058 809 6 6 32
13 811 3 1 3
972 811 6 10 17
361 812 8 9 28
391 812 1 1 1
481 813 4 4 14
668 813 1 1 1
746 812 13 15 77
221 815 2 2 3
539 814 2 1 2
566 815 3 3 8
611 814 4 8 30
777 814 2 1 2
906 815 2 3 6
1300 815 1 2 2
310 817 1 1 1
580 817 4 6 10
689 817 2 1 2
33 818 2 1 2
219 818 1 2 2
899 818 5 4 13
1547 819 1 1 1
10 821 1 1 1
127 821 1 1 1
497 820 2 1 2
524 820 2 1 2
528 821 1 1 1
677 820 1 1 1
423 823 1 1 1
537 822 1 1 1
731 823 1 1 1
1037 822 1 6 6
406 824 2 1 2
455 824 6 2 8
573 824 2 1 2
602 824 3 4 10
770 824 3 3 7
272 826 2 2 3
303 827 2 2 2
405 826 1 1 1
472 826 7 12 60
617 827 11 18 114
244 828 2 1 2
736 828 2 6 11
967 829 1 2 2
1069 828 1 1 1
205 830 1 2 2
510 831 1 1 1
544 831 34 16 277
1038 830 3 5 13
1297 830 15 17 166
959 833 1 1 1
492 835 6 5 13
591 834 18 8 43
692 834 2 2 3
895 834 2 3 4
93 836 3 1 3
131 836 3 10 20
326 837 1 1 1
415 836 2 2 2
445 837 1 1 1
511 837 1 1 1
529 836 4 2 7
336 839 2 2 4
524 839 5 6 15
732 839 1 1 1
230 840 25 23 154
276 840 8 9 34
302 840 1 1 1
654 841 12 6 29
1188 841 14 15 159
0 843 8 2 12
672 842 3 1 3
705 842 1 1 1
737 843 14 11 50
929 842 3 2 6
368 845 6 2 9
769 845 7 11 62
973 845 1 2 2
125 846 1 1 1
170 846 1 1 1
211 846 1 1 1
508 846 1 1 1
378 848 7 5 28
1040 848 1 1 1
176 850 1 1 1
513 850 9 14 58
427 853 1 1 1
534 853 24 40 199
596 853 9 5 21
807 852 13 51 180
982 853 26 25 322
440 854 1 1 1
457 855 1 1 1
471 854 2 3 5
496 856 1 1 1
531 857 2 1 2
659 857 1 1 1
355 859 7 21 55
486 859 7 13 41
594 858 1 1 1
632 858 1 1 1
689 859 5 6 23
1705 859 1 1 1
703 861 1 1 1
1395 861 6 6 17
42 863 3 2 5
618 863 2 1 2
1209 863 12 19 138
1273 862 1 1 1
1699 862 1 1 1
117 864 4 5 10
457 865 1 1 1
730 865 2 3 4
253 867 1 1 1
409 867 12 3 35
212 869 10 12 47
532 868 1 1 1
653 868 11 7 25
781 869 2 1 2
1265 868 8 17 67
1291 868 6 16 67
274 871 2 2 4
455 871 2 4 8
499 870 4 9 18
557 871 9 4 21
839 870 1 1 1
974 871 1 2 2
595 873 5 5 18
601 872 1 1 1
680 872 1 1 1
703 873 1 1 1
725 873 1 1 1
309 875 4 3 7
574 875 2 5 7
632 875 10 24 83
280 876 2 2 3
333 877 1 1 1
445 877 1 1 1
1189 876 13 14 85
1240 876 1 1 1
242 878 1 1 1
512 879 1 1 1
615 878 1 1 1
240 880 1 5 5
386 881 1 2 2
610 880 2 2 2
793 880 1 1 1
1153 880 4 6 24
447 882 6 2 7
462 883 1 1 1
493 882 2 2 2
788 883 1 1 1
984 882 1 2 2
173 884 11 3 14
519 884 2 2 4
651 884 3 1 3
749 884 2 2 3
1553 885 1 1 1
521 886 15 14 82
586 887 1 1 1
596 887 3 13 30
666 887 1 2 2
251 889 2 2 3
331 888 6 5 15
622 889 1 1 1
741 889 5 6 30
764 888 1 1 1
26 890 1 1 1
148 890 2 2 3
574 890 2 2 3
841 890 4 4 14
1210 890 6 10 45
1564 891 1 1 1
579 892 5 6 25
711 893 1 1 1
178 894 7 2 13
328 895 2 2 3
427 894 1 1 1
729 895 3 3 4
1008 894 1 1 1
1331 895 8 11 66
84 896 2 4 5
282 896 1 1 1
465 897 4 3 5
534 897 26 26 217
686 896 5 3 9
740 897 1 2 2
982 897 1 1 1
207 898 13 11 52
340 898 1 1 1
700 898 3 4 9
401 901 1 1 1
763 901 2 1 2
835 901 3 4 12
998 900 1 3 3
1293 901 7 8 43
55 902 2 3 4
385 902 1 1 1
784 903 6 9 39
1221 903 11 22 112
46 905 5 11 31
187 905 1 1 1
364 904 5 3 13
388 905 2 1 2
518 907 2 2 3
589 906 21 16 137
1127 906 4 6 20
303 909 1 1 1
307 908 1 1 1
324 908 4 3 8
619 908 2 2 2
839 909 1 2 2
1391 908 2 1 2
1816 908 7 3 9
170 911 1 1 1
172 910 1 1 1
284 911 1 1 1
1140 910 6 23 97
334 912 1 1 1
564 913 16 21 91
766 912 1 1 1
822 912 2 3 5
1156 912 39 22 307
1284 912 5 5 15
248 914 4 6 13
509 915 2 5 8
861 914 7 19 95
658 916 8 22 83
363 919 3 2 4
436 918 17 3 23
466 919 8 1 8
625 919 1 1 1
795 919 1 1 1
611 921 2 1 2
741 920 2 2 3
1200 921 23 24 194
120 923 1 1 1
315 923 1 1 1
529 923 1 1 1
682 922 1 1 1
734 922 2 1 2
747 923 3 3 9
827 923 3 5 14
265 924 1 1 1
465 924 1 1 1
521 925 36 29 431
1318 924 7 8 37
387 926 3 2 4
528 927 1 1 1
1456 926 3 7 10
55 928 1 1 1
309 928 3 2 3
344 929 1 1 1
496 928 6 3 14
686 929 30 13 154
1104 929 8 11 70
1567 929 1 1 1
65 931 1 1 1
363 930 4 2 5
479 931 1 1 1
70 932 2 2 3
286 932 1 1 1
476 933 2 1 2
1282 932 2 1 2
1796 933 1 1 1
26 934 1 1 1
235 935 6 3 11
375 934 1 4 4
456 935 5 5 12
575 934 1 1 1
616 935 1 2 2
832 935 1 1 1
1252 935 6 8 39
424 937 1 1 1
604 937 11 3 28
850 936 1 2 2
877 937 2 2 4
1078 937 1 2 2
218 938 1 1 1
580 939 2 2 4
634 939 3 1 3
647 939 5 4 13
1277 939 1 1 1
1576 938 2 1 2
344 941 1 1 1
370 941 3 3 7
740 941 1 1 1
819 941 5 10 45
843 941 1 1 1
1089 940 10 5 27
194 943 1 1 1
488 942 10 13 89
506 942 5 6 23
589 943 4 6 15
751 942 4 5 14
1071 942 1 2 2
1357 943 8 13 78
69 945 4 3 6
241 945 1 1 1
796 945 2 11 14
350 947 2 1 2
412 947 6 11 30
575 946 1 1 1
1184 947 6 9 40
1628 946 2 2 2
253 948 7 4 13
691 948 1 1 1
1106 948 41 20 373
185 950 1 1 1
634 951 3 3 6
712 951 1 1 1
1058 951 7 2 8
91 952 1 1 1
261 952 17 11 149
401 953 1 1 1
585 952 1 1 1
808 952 4 5 15
1201 953 7 9 45
1228 953 7 10 56
1277 953 8 10 59
210 955 1 1 1
217 954 1 1 1
560 954 5 8 19
572 954 1 1 1
663 954 3 2 4
776 955 2 3 4
6 956 2 1 2
162 956 6 7 23
373 957 7 3 13
396 956 3 3 7
488 956 1 1 1
133 959 1 1 1
244 959 2 1 2
473 959 1 1 1
694 958 3 3 7
786 958 22 19 129
820 959 1 2 2
1087 958 5 6 22
312 961 7 4 12
605 960 2 3 4
778 960 1 1 1
118 962 2 1 2
368 963 1 1 1
422 962 1 1 1
1332 962 1 1 1
400 965 8 5 17
689 964 7 9 36
722 965 16 11 67
1419 965 1 1 1
1484 964 1 1 1
69 967 1 1 1
546 966 2 2 4
1247 967 24 16 204
1514 966 2 2 3
64 969 1 1 1
66 968 1 1 1
513 969 4 2 6
545 969 1 1 1
569 968 3 4 10
672 968 2 9 10
817 968 1 2 2
837 969 1 1 1
1033 968 6 11 19
1156 969 1 1 1
1180 969 6 13 44
1221 969 6 9 46
492 970 14 3 28
831 970 1 1 1
878 971 1 2 2
930 970 8 10 48
24 973 1 1 1
461 972 3 2 3
523 972 5 4 13
854 972 8 10 42
91 975 1 1 1
211 975 2 2 3
296 974 3 2 5
555 974 2 3 5
573 975 13 4 23
619 974 1 1 1
628 975 10 11 46
1076 974 5 8 24
38 977 3 3 5
193 976 1 1 1
241 976 1 1 1
610 976 8 10 36
72 979 1 1 1
97 979 2 4 5
659 978 4 2 4
711 978 4 2 6
1128 978 35 72 852
117 981 1 1 1
261 981 1 1 1
386 980 11 7 35
477 980 5 10 22
750 981 7 16 86
71 982 1 2 2
371 983 1 1 1
465 982 2 1 2
534 982 20 28 146
674 983 3 2 6
1064 983 1 1 1
219 984 3 2 5
281 984 3 2 3
438 985 3 2 4
511 984 3 2 3
1055 985 1 1 1
1311 984 6 11 51
236 987 22 12 76
337 986 1 1 1
399 986 3 5 15
562 987 22 25 215
594 987 1 1 1
722 986 1 1 1
817 986 1 1 1
895 987 1 1 1
1007 987 1 2 2
1030 986 1 1 1
1297 987 1 1 1
44 989 3 3 6
789 988 1 2 2
822 989 5 21 55
1127 988 3 3 5
1283 989 4 5 14
297 990 2 1 2
405 991 1 1 1
424 990 12 11 69
460 990 1 2 2
472 991 2 1 2
551 990 1 1 1
659 990 2 2 3
1225 990 1 1 1
36 993 7 6 27
126 993 1 1 1
877 992 1 2 2
132 995 1 1 1
499 995 3 7 10
607 994 19 21 125
800 994 5 8 36
883 994 2 4 8
1722 994 1 1 1
172 996 2 2 4
734 996 4 4 6
389 999 1 1 1
629 999 3 3 6
1448 999 1 1 1
166 1001 1 1 1
480 1000 3 1 3
686 1000 1 1 1
703 1001 1 1 1
1363 1001 3 3 7
267 1003 1 1 1
285 1003 3 2 4
586 1003 4 4 12
792 1002 2 2 3
342 1005 2 1 2
363 1004 4 4 11
627 1005 1 1 1
660 1004 7 10 41
886 1004 5 7 29
1050 1004 1 3 3
1086 1004 14 10 60
1110 1004 5 12 53
148 1006 1 1 1
176 1006 2 2 2
233 1007 1 1 1
304 1006 3 1 3
455 1007 2 1 2
476 1007 1 1 1
596 1006 2 2 4
806 1006 4 12 33
1013 1006 1 1 1
1567 1006 1 1 1
317 1008 1 1 1
494 1009 1 1 1
642 1009 9 5 13
950 1009 3 3 7
1514 1009 7 10 29
169 1010 1 1 1
480 1011 10 16 59
513 1011 14 9 45
528 1010 1 1 1
736 1010 2 2 2
746 1011 3 6 14
927 1011 4 4 10
1258 1011 3 2 6
193 1013 12 9 40
246 1012 1 1 1
300 1012 2 6 8
602 1012 1 1 1
1049 1013 1 1 1
1186 1013 5 7 21
400 1015 1 1 1
829 1015 1 1 1
1068 1014 6 11 50
1346 1014 2 1 2
1672 1015 1 1 1
88 1016 6 8 13
358 1017 2 2 2
374 1017 3 3 7
841 1017 3 6 17
893 1017 1 2 2
1236 1016 15 8 83
313 1018 1 1 1
587 1019 1 1 1
626 1018 1 1 1
668 1018 3 2 6
1125 1019 2 5 9
53 1020 3 2 3
270 1020 7 5 18
466 1021 3 3 6
580 1020 1 1 1
653 1021 1 1 1
773 1021 6 14 61
1619 1021 1 1 1
318 1022 9 18 51
1348 1023 1 1 1
1621 1022 1 1 1
159 1025 12 5 24
557 1025 2 3 5
621 1024 1 1 1
888 1024 3 5 10
1628 1024 1 1 1
569 1027 2 1 2
636 1027 3 3 8
849 1027 6 9 42
1506 1027 3 1 3
309 1029 1 2 2
547 1029 5 8 36
1162 1028 5 7 29
157 1030 2 1 2
234 1030 1 1 1
284 1031 1 4 4
295 1030 1 1 1
645 1031 1 1 1
662 1030 1 1 1
801 1030 4 5 17
150 1033 2 1 2
371 1032 4 5 15
496 1032 12 4 27
713 1033 1 1 1
1369 1033 1 1 1
57 1034 1 1 1
131 1035 1 1 1
205 1035 3 1 3
625 1035 38 54 325
1215 1034 9 23 103
1370 1035 1 1 1
274 1037 11 13 55
216 1038 3 2 3
294 1038 10 5 24
397 1039 1 1 1
542 1039 1 1 1
615 1039 5 5 18
702 1039 2 2 3
783 1038 1 1 1
1021 1039 1 2 2
1333 1039 6 8 20
311 1041 4 1 4
464 1041 1 1 1
840 1040 1 1 1
951 1040 1 1 1
334 1043 13 9 30
787 1042 1 2 2
118 1044 1 2 2
482 1045 1 1 1
572 1045 39 25 263
667 1044 1 1 1
1182 1045 10 12 77
1289 1044 6 7 23
67 1046 1 1 1
400 1046 4 11 15
809 1046 1 4 4
124 1048 1 1 1
554 1049 1 1 1
677 1048 1 1 1
757 1048 2 1 2
869 1049 1 1 1
1392 1048 2 1 2
697 1051 1 1 1
822 1050 5 11 28
304 1052 1 1 1
310 1053 1 1 1
1439 1052 4 2 7
415 1054 1 2 2
623 1055 2 1 2
769 1055 2 2 4
1020 1054 1 1 1
1045 1055 10 24 73
1274 1054 5 8 29
1503 1055 5 4 13
1790 1054 1 1 1
379 1056 1 1 1
494 1057 1 1 1
798 1057 2 2 4
841 1056 2 2 3
1140 1056 6 8 34
139 1059 1 1 1
228 1058 8 6 30
412 1058 1 1 1
460 1059 1 2 2
540 1059 3 3 7
601 1059 2 1 2
702 1059 1 1 1
899 1058 1 1 1
1021 1059 3 2 4
1074 1059 4 8 29
1164 1059 11 16 98
1297 1059 2 2 3
1351 1059 1 2 2
74 1061 1 1 1
560 1060 4 4 12
627 1060 1 1 1
819 1061 1 1 1
26 1062 1 1 1
1233 1063 16 19 75
1437 1063 1 1 1
222 1065 2 2 2
270 1064 2 2 3
695 1065 1 1 1
839 1065 1 2 2
850 1064 1 1 1
1012 1065 1 1 1
1034 1064 1 2 2
1111 1064 3 4 10
1300 1065 1 1 1
1438 1065 1 1 1
79 1067 6 5 21
206 1067 2 2 2
670 1067 1 1 1
733 1066 16 29 146
858 1067 1 1 1
893 1067 20 11 89
1471 1066 6 2 7
1678 1067 3 3 5
152 1069 2 1 2
287 1068 10 11 49
473 1068 1 1 1
549 1068 6 15 39
835 1068 1 1 1
464 1071 1 1 1
775 1070 14 13 73
1381 1070 3 3 6
621 1072 3 4 10
707 1072 1 1 1
460 1074 2 1 2
580 1074 1 1 1
801 1075 5 11 30
852 1075 5 10 34
951 1074 1 1 1
1253 1074 3 2 5
130 1076 11 11 70
483 1076 2 4 6
831 1076 3 5 14
1178 1077 5 6 22
1199 1077 5 5 23
1395 1076 2 2 3
75 1078 2 2 3
311 1078 6 9 37
560 1078 29 24 173
642 1078 1 2 2
716 1079 1 1 1
1806 1079 1 1 1
406 1081 1 1 1
1033 1081 2 3 4
165 1082 2 2 3
386 1083 1 1 1
614 1082 1 1 1
1213 1082 1 2 2
1310 1082 2 1 2
1416 1083 1 1 1
1686 1083 4 4 7
1704 1083 1 1 1
365 1084 1 1 1
388 1084 1 1 1
398 1084 2 1 2
695 1084 1 1 1
901 1085 1 1 1
979 1084 4 3 10
1214 1085 2 2 4
1284 1084 1 1 1
1745 1084 1 1 1
199 1087 1 1 1
324 1087 1 1 1
390 1087 2 2 4
455 1087 3 4 7
555 1086 1 1 1
796 1086 1 1 1
918 1087 1 2 2
1040 1087 1 2 2
1275 1087 2 2 3
525 1089 2 4 7
860 1088 1 1 1
990 1089 1 1 1
348 1091 1 1 1
374 1091 1 1 1
621 1091 1 1 1
806 1090 14 3 20
754 1093 1 2 2
829 1092 3 3 9
1216 1092 5 6 23
1368 1092 2 2 4
1490 1093 1 1 1
500 1094 1 1 1
671 1094 1 1 1
714 1095 1 1 1
781 1094 1 1 1
948 1095 1 1 1
1406 1096 1 1 1
444 1099 1 1 1
517 1098 1 1 1
607 1098 2 1 2
648 1099 7 6 25
686 1099 5 4 13
759 1099 1 1 1
373 1101 2 2 3
539 1101 2 1 2
950 1101 1 2 2
1058 1100 1 2 2
1434 1100 1 1 1
1637 1100 2 1 2
111 1103 1 1 1
208 1103 1 1 1
425 1103 1 1 1
577 1103 1 2 2
718 1102 2 3 6
782 1103 7 5 11
804 1102 1 1 1
871 1102 1 2 2
918 1102 11 5 21
29 1105 1 1 1
187 1104 1 1 1
466 1104 1 1 1
513 1105 3 5 12
640 1105 1 1 1
842 1104 9 13 28
1605 1105 1 1 1
171 1107 4 2 4
191 1106 10 2 11
1113 1106 1 2 2
1150 1106 4 7 22
1215 1107 5 7 28
1243 1106 4 4 12
1595 1107 2 4 5
9 1109 1 1 1
548 1108 7 13 46
891 1109 1 1 1
1440 1109 1 1 1
1645 1109 2 1 2
468 1111 1 1 1
578 1110 1 1 1
672 1110 6 5 17
812 1110 1 3 3
962 1111 3 5 11
1171 1110 3 3 8
1327 1111 1 1 1
323 1112 3 2 5
650 1113 1 1 1
746 1112 3 17 29
832 1112 1 1 1
1015 1112 2 1 2
1107 1112 4 5 15
1113 1112 18 16 150
1768 1113 2 2 3
304 1115 19 13 58
652 1115 1 1 1
1283 1115 3 2 5
243 1116 1 1 1
248 1117 1 1 1
608 1117 1 1 1
803 1116 1 9 9
820 1116 2 2 2
901 1116 2 2 3
1076 1116 4 4 10
1192 1117 2 2 2
566 1119 1 1 1
599 1119 6 7 25
730 1119 5 7 23
1254 1118 1 1 1
1305 1119 2 2 3
576 1120 5 7 25
629 1121 2 2 4
873 1120 1 2 2
887 1120 6 16 55
918 1121 1 1 1
1392 1120 5 5 11
1413 1121 1 1 1
356 1122 3 5 11
1444 1122 2 2 2
542 1125 1 8 8
558 1124 1 1 1
611 1125 18 7 39
651 1124 1 1 1
1260 1124 20 16 69
1612 1124 1 1 1
183 1127 2 1 2
510 1127 1 1 1
652 1127 2 2 4
831 1126 4 6 20
483 1129 5 5 16
458 1131 1 1 1
681 1130 2 4 5
694 1130 10 10 26
903 1130 1 1 1
1313 1131 2 1 2
1372 1130 1 2 2
1723 1131 1 1 1
314 1133 1 1 1
665 1132 1 1 1
742 1133 1 1 1
1211 1133 1 1 1
1547 1132 3 2 6
162 1135 2 2 2
462 1135 3 2 6
516 1135 1 1 1
634 1135 2 3 6
787 1135 1 1 1
846 1135 1 2 2
1417 1135 2 2 3
289 1136 2 2 3
555 1137 5 5 17
735 1137 5 4 15
756 1137 20 16 125
1139 1137 7 10 48
1435 1137 1 1 1
1714 1137 6 5 17
259 1138 1 1 1
482 1139 1 1 1
666 1138 1 1 1
713 1139 10 16 80
1060 1139 3 2 5
1221 1138 1 1 1
316 1141 4 2 6
412 1140 1 1 1
531 1141 13 8 61
612 1140 2 2 2
640 1141 1 1 1
847 1140 1 1 1
1004 1140 1 1 1
1201 1141 4 6 20
327 1143 5 6 12
368 1143 1 1 1
581 1143 24 15 106
812 1143 1 1 1
1081 1142 6 4 14
366 1144 1 2 2
573 1145 1 1 1
663 1144 1 2 2
691 1144 3 6 15
10 1146 1 1 1
275 1147 1 1 1
421 1146 1 1 1
490 1146 1 1 1
704 1147 3 8 10
1265 1146 8 10 39
1292 1147 1 1 1
1304 1146 2 1 2
278 1149 1 1 1
388 1149 7 6 24
530 1149 1 1 1
805 1148 1 1 1
1101 1148 4 2 6
1193 1149 3 3 8
1288 1148 1 1 1
1507 1149 1 1 1
253 1151 2 1 2
675 1150 1 1 1
815 1151 1 1 1
103 1152 2 2 4
408 1153 1 1 1
1223 1152 3 4 10
658 1155 1 1 1
1085 1154 4 6 21
1395 1155 9 1 9
493 1156 9 8 16
1528 1157 1 1 1
68 1158 1 1 1
282 1159 1 1 1
405 1159 2 1 2
429 1159 15 16 80
448 1158 1 1 1
671 1158 1 1 1
794 1159 14 4 29
1024 1158 1 2 2
1452 1158 1 1 1
545 1161 2 10 13
579 1160 1 1 1
605 1160 2 2 4
647 1161 6 7 26
754 1161 1 2 2
1332 1161 1 1 1
212 1163 1 1 1
377 1163 3 2 4
788 1163 3 7 21
851 1163 1 1 1
1045 1162 1 1 1
272 1165 2 2 3
507 1165 10 9 27
557 1164 1 2 2
1463 1165 1 1 1
13 1166 5 6 11
334 1167 2 2 3
470 1167 1 1 1
527 1167 1 2 2
656 1167 10 4 24
823 1166 4 3 9
1097 1167 3 7 21
1168 1166 3 1 3
1445 1167 1 1 1
268 1168 1 1 1
315 1168 1 1 1
612 1169 1 1 1
1206 1169 8 13 56
1559 1169 1 1 1
1566 1168 1 1 1
1722 1168 2 2 2
465 1171 1 1 1
692 1171 11 7 35
768 1170 1 1 1
1039 1171 1 2 2
1232 1171 1 1 1
207 1173 1 1 1
219 1173 2 1 2
263 1172 3 2 3
284 1173 1 1 1
459 1173 1 1 1
1256 1173 2 7 9
1428 1172 1 1 1
1781 1173 1 1 1
204 1174 1 1 1
303 1175 1 1 1
398 1174 1 2 2
797 1174 1 2 2
814 1175 1 2 2
1128 1175 1 3 3
1521 1175 1 2 2
1642 1174 1 3 3
494 1176 5 6 16
535 1177 6 5 19
1034 1177 4 2 6
116 1179 5 2 6
589 1178 2 2 3
718 1179 1 2 2
735 1178 3 4 11
1449 1179 3 5 11
359 1180 3 3 8
661 1180 4 6 24
1280 1181 1 1 1
1388 1180 1 1 1
1713 1181 8 5 17
1792 1181 1 1 1
259 1183 1 2 2
325 1182 6 8 44
523 1183 1 1 1
632 1182 6 4 17
53 1184 1 1 1
103 1184 5 2 8
450 1185 28 19 107
857 1185 1 1 1
1615 1185 2 2 3
580 1187 3 6 12
1188 1187 4 4 12
418 1189 1 1 1
596 1188 2 5 9
658 1189 1 1 1
668 1189 3 5 7
733 1189 1 2 2
1029 1189 3 3 6
1119 1189 5 13 22
1824 1189 2 1 2
626 1190 2 2 2
784 1190 4 6 15
1132 1191 17 8 62
275 1192 5 3 11
442 1193 3 3 7
677 1193 10 4 15
1193 1192 1 1 1
173 1195 2 3 4
322 1194 21 10 67
664 1195 3 3 6
1485 1194 1 1 1
1516 1195 4 1 4
379 1197 2 3 6
588 1197 1 1 1
605 1197 1 1 1
828 1197 2 3 3
1484 1196 1 1 1
296 1198 5 7 14
526 1199 16 14 68
648 1199 2 1 2
1532 1199 1 1 1
1571 1199 1 1 1
0 1201 5 1 5
814 1201 1 1 1
831 1201 1 1 1
841 1201 1 2 2
1081 1200 3 3 7
1463 1201 4 3 8
319 1203 1 1 1
363 1203 2 2 3
420 1203 1 1 1
491 1203 9 7 48
512 1203 1 1 1
742 1202 2 3 3
779 1202 2 6 11
405 1204 6 9 20
440 1204 1 1 1
599 1205 5 1 5
722 1204 2 1 2
1022 1204 1 1 1
1379 1205 2 2 4
431 1206 1 3 3
658 1206 1 1 1
1053 1206 1 1 1
1135 1206 1 1 1
1360 1207 1 2 2
1831 1206 1 1 1
417 1209 1 1 1
621 1208 1 1 1
640 1208 1 1 1
739 1208 3 4 12
819 1208 1 1 1
1112 1208 1 1 1
1339 1208 3 3 6
1476 1208 1 1 1
1618 1209 1 1 1
16 1211 2 1 2
201 1210 1 1 1
429 1210 1 1 1
639 1211 1 1 1
673 1210 1 1 1
949 1210 2 5 9
99 1213 3 3 4
141 1213 15 15 142
354 1212 1 1 1
576 1213 2 2 3
663 1213 1 2 2
1482 1213 1 1 1
1620 1213 1 1 1
1764 1212 2 1 2
291 1214 2 3 3
439 1214 1 2 2
763 1214 2 2 3
1151 1214 1 1 1
1171 1214 6 7 12
1260 1215 2 1 2
1378 1214 1 1 1
327 1217 1 2 2
344 1216 5 4 18
575 1216 1 1 1
1152 1217 4 5 17
1196 1216 1 1 1
733 1218 2 2 3
1074 1219 1 1 1
1122 1219 1 1 1
1591 1218 2 1 2
245 1220 1 1 1
745 1220 3 8 22
1192 1221 1 1 1
1342 1221 1 1 1
353 1222 2 6 12
811 1223 2 5 9
1255 1222 1 1 1
506 1224 2 4 8
593 1225 2 3 4
848 1225 2 3 4
938 1224 5 4 18
1239 1225 2 3 5
289 1226 1 2 2
544 1226 1 2 2
675 1226 9 2 10
967 1227 1 1 1
