0 0 1840 1228 1623678
0 0 79 210 3713
79 0 87 221 9625
162 0 55 36 549
67 0 1745 640 336384
291 0 4 3 12
1839 14 1 3 3
150 20 9 6 28
295 21 15 15 129
1477 20 27 34 435
195 25 1 1 1
1806 28 24 58 584
1494 35 146 48 3240
253 44 1 1 1
255 45 6 4 11
1428 44 20 12 86
168 46 33 18 195
1662 46 60 47 1246
273 51 1 1 1
1796 50 4 13 35
275 52 25 15 267
209 67 1 1 1
1443 67 27 65 636
1794 69 1 1 1
312 74 1 1 1
309 79 3 4 11
1804 80 10 5 22
1462 83 48 161 3332
705 85 6 9 37
1609 85 7 7 37
199 86 1 2 2
203 88 1 1 1
272 88 8 5 13
142 90 13 7 46
1782 91 10 16 61
1819 91 1 3 3
1676 94 9 8 50
1808 97 2 3 5
1415 99 4 4 12
1805 101 22 65 274
284 102 8 4 16
1752 103 19 15 217
1427 108 8 30 156
1837 109 3 1 3
308 117 2 3 4
1365 116 38 115 1080
181 121 1 1 1
1803 121 3 6 11
1159 126 187 265 11223
1594 126 2 2 2
1360 128 5 5 15
1597 128 2 8 12
256 131 1 1 1
1244 132 3 2 4
1356 133 3 3 7
260 142 8 3 16
713 147 6 8 34
220 149 10 6 33
1424 160 3 6 11
1432 165 23 22 322
169 166 11 10 77
294 168 3 1 3
410 173 6 7 33
1804 172 4 5 15
1301 174 1 4 4
493 179 5 6 22
1825 181 15 20 215
268 190 30 19 343
1463 198 1 1 1
1606 208 118 70 3842
73 221 3 3 6
94 220 2 1 2
95 222 129 37 1520
1450 232 1 2 2
1582 241 10 30 279
1114 246 3 19 50
1425 246 2 1 2
1461 247 1 2 2
1130 250 5 7 23
1330 251 4 6 16
1480 255 5 24 74
1345 256 3 4 7
1366 256 21 21 332
1536 256 9 13 105
603 259 1 1 1
63 260 3 4 10
66 265 1 1 1
908 264 2 1 2
1140 264 2 4 8
1517 264 6 4 19
1683 264 2 1 2
71 266 1 1 1
1660 270 6 2 8
168 273 11 9 72
939 273 1 1 1
1152 273 3 5 13
18 275 13 8 69
972 275 5 6 30
1346 275 4 4 12
1282 277 20 22 212
43 279 15 7 55
892 278 1 2 2
1340 279 4 4 14
1522 279 65 20 747
597 281 2 3 4
950 280 1 1 1
376 282 7 5 27
956 282 14 18 123
896 285 1 1 1
944 287 1 1 1
1599 287 15 12 97
1617 289 86 13 431
976 290 3 4 10
926 296 1 1 1
200 299 9 7 46
245 299 117 104 1062
890 299 1 1 1
133 303 12 11 89
347 304 10 7 51
939 306 1 1 1
963 306 13 11 69
494 311 5 4 16
893 311 1 1 1
937 310 1 1 1
1318 310 4 7 23
1664 311 7 5 24
1756 311 25 22 392
896 312 1 1 1
916 313 1 1 1
1278 314 19 40 284
1156 318 2 6 8
874 323 5 7 26
343 327 9 8 36
416 326 7 3 10
1486 327 1 1 1
481 328 15 16 169
926 328 8 12 71
978 331 2 3 6
509 332 11 12 84
905 332 6 3 8
977 335 1 4 4
596 337 7 6 35
951 337 1 1 1
1487 337 11 1 11
79 339 2 2 3
451 338 8 3 16
912 339 1 1 1
987 338 3 5 13
976 341 1 1 1
469 342 8 9 55
1370 343 65 74 2086
1503 343 129 82 4724
998 349 1 1 1
22 352 52 9 121
515 355 7 5 33
592 354 1 1 1
1280 355 6 12 52
902 356 25 35 379
937 356 5 10 30
1638 356 3 9 14
1643 357 15 20 134
0 358 4 1 4
175 358 4 2 7
902 358 1 1 1
1206 358 1 1 1
578 361 14 24 205
1341 361 21 18 180
106 362 81 16 480
190 365 4 2 6
949 365 3 2 4
1163 364 1 1 1
539 367 9 5 40
1254 366 8 7 41
368 369 2 1 2
891 368 8 4 20
382 371 8 5 33
562 371 2 3 6
1205 371 3 3 6
1303 370 4 10 31
928 373 10 3 12
1442 373 28 48 696
494 375 6 5 24
409 377 16 14 130
560 378 2 3 4
1123 378 4 4 12
1329 380 4 4 11
951 382 1 2 2
380 385 9 10 73
842 384 32 26 198
973 386 1 5 5
1090 387 2 5 6
1201 387 56 89 1209
1636 387 2 6 7
513 389 3 1 3
542 389 17 3 33
849 392 1 1 1
0 394 65 7 140
591 394 3 2 3
973 394 3 17 22
442 396 5 6 19
1235 396 2 5 7
1305 397 4 3 10
1109 398 1 2 2
1177 398 6 9 39
1271 399 30 26 288
1265 401 5 6 24
1089 403 1 4 4
1138 404 23 25 282
1103 407 1 2 2
354 408 9 7 49
878 412 4 5 17
170 414 1 3 3
952 415 4 5 14
210 417 2 2 2
1195 417 2 1 2
1756 416 23 22 390
515 419 5 5 19
1107 418 5 4 14
1178 422 1 1 1
1121 424 6 8 37
1300 424 18 23 335
466 427 23 21 138
872 426 1 2 2
1197 429 2 5 6
1798 435 25 19 330
1619 442 3 14 40
1670 444 23 21 344
1086 446 8 9 56
1107 447 8 8 52
1294 446 1 2 2
1329 447 5 4 15
1599 449 2 1 2
1734 448 26 20 348
1246 452 6 5 23
1507 452 7 2 10
1186 455 2 2 4
0 457 60 190 4071
908 461 1 1 1
1260 461 3 4 9
60 462 3 8 16
1282 464 16 14 86
1143 466 32 33 825
1370 466 3 2 6
890 472 19 20 139
925 472 1 1 1
974 473 2 5 6
514 475 6 4 19
1498 477 21 62 695
1587 477 27 63 988
1086 478 2 6 9
1333 479 3 2 6
470 485 6 6 27
920 485 1 1 1
972 485 1 1 1
1186 486 4 7 20
1323 489 3 4 9
1091 491 3 4 9
191 493 1 1 1
63 494 2 11 17
836 495 1 2 2
1198 494 4 5 15
872 496 4 6 20
464 499 5 5 22
1173 499 6 5 22
1223 498 4 4 13
1196 501 1 1 1
1281 501 18 22 90
1308 500 15 18 199
1031 505 1 1 1
1181 507 5 8 31
884 511 3 3 7
64 513 4 33 63
1093 513 9 10 70
813 515 1 1 1
840 520 3 15 20
1515 520 64 55 768
1119 525 3 4 11
829 527 1 2 2
1203 526 1 2 2
1454 528 16 19 224
1148 530 3 3 7
793 532 42 66 510
830 532 4 21 32
1123 533 3 3 7
1817 533 23 15 287
867 534 1 2 2
1320 534 22 24 351
868 537 11 3 24
845 539 4 17 37
1098 540 4 5 15
1281 541 3 4 10
1166 543 17 26 191
1223 544 5 5 19
1198 547 4 4 12
1299 546 3 3 7
416 549 4 4 12
1119 555 2 2 4
471 557 5 4 17
1049 557 5 8 23
67 558 2 9 12
803 558 1 1 1
847 559 1 3 3
1281 558 4 3 10
1343 560 16 19 234
1441 562 9 9 62
848 565 1 2 2
1228 566 3 3 8
799 569 2 10 15
1249 569 2 1 2
1305 568 4 3 10
1596 568 3 1 3
849 570 4 8 11
1047 571 1 1 1
1260 571 3 4 10
884 575 1 1 1
913 575 1 1 1
192 577 10 7 55
885 577 1 1 1
1099 576 7 5 19
1219 576 6 5 26
222 579 1 1 1
233 579 1 1 1
1058 578 3 3 7
218 580 1 1 1
552 581 29 8 71
798 581 1 5 5
835 580 4 43 66
886 580 1 1 1
1482 580 5 4 19
782 582 3 3 8
851 583 1 2 2
1115 583 3 2 4
1194 583 3 2 5
1268 582 4 2 7
1287 583 6 4 14
1064 584 6 6 31
526 587 8 8 49
889 587 1 1 1
1225 587 4 3 10
1307 589 2 1 2
891 591 1 1 1
1298 590 3 3 7
892 593 2 2 2
1543 593 5 7 19
228 594 4 7 9
577 594 5 3 14
813 594 2 3 6
1666 594 19 15 208
189 597 1 4 4
201 597 1 1 1
894 596 2 2 2
1024 598 40 22 310
1134 598 4 4 9
1156 599 5 3 9
242 600 1 1 1
563 601 8 6 42
779 600 16 26 124
901 600 2 2 2
1203 600 4 4 14
633 602 2 1 2
745 603 13 9 80
533 604 5 4 18
888 604 100 212 8701
1076 605 10 14 70
1209 604 4 5 18
1273 604 3 2 6
1288 604 2 3 6
1537 604 2 3 5
689 606 5 6 21
1022 607 1 2 2
1152 608 2 2 4
228 610 2 3 4
841 611 25 130 577
1174 610 3 4 11
1186 611 2 3 6
343 612 11 9 78
600 612 3 3 7
1219 613 2 2 3
1534 613 2 2 3
541 615 10 6 45
1165 615 3 3 7
957 616 2 3 5
1065 617 1 1 1
1140 617 2 2 4
125 620 11 10 98
230 621 2 1 2
937 621 6 8 21
1073 620 2 1 2
566 622 5 5 18
1221 623 3 4 8
601 625 7 6 29
839 624 1 6 6
1015 624 6 6 8
815 627 1 2 2
1022 626 89 36 898
1233 627 3 2 6
1251 629 3 3 7
245 630 8 12 72
345 631 8 6 41
502 630 8 9 39
557 632 6 6 33
613 633 4 6 22
1172 632 4 4 12
1620 633 7 6 32
801 634 3 3 7
1203 635 2 1 2
1291 634 3 2 6
423 637 5 4 17
973 636 8 7 17
981 636 97 48 757
1323 636 12 13 120
1137 638 2 3 5
693 641 7 7 37
863 641 18 77 251
640 643 12 13 113
1277 643 2 2 4
824 647 1 8 8
1158 646 3 3 6
481 648 5 3 13
747 651 5 5 20
576 652 7 8 48
1029 653 1 1 1
1237 652 1 2 2
770 654 8 20 89
796 654 4 3 9
1031 654 2 2 2
1034 656 8 6 18
1442 656 16 17 204
379 661 3 1 3
440 660 6 4 20
486 660 5 6 22
1219 661 4 4 10
457 663 17 5 57
726 662 5 6 24
822 664 8 55 120
1104 664 7 8 39
563 667 6 5 25
332 668 6 5 23
896 668 1 1 1
1266 668 48 30 934
1560 669 7 5 27
202 670 8 6 35
497 672 5 4 17
1085 675 1 1 1
1165 674 2 3 6
1325 674 3 2 4
1084 677 1 1 1
1133 677 6 9 39
1404 677 11 8 72
589 679 10 6 40
995 678 4 4 12
1080 678 3 1 3
1156 679 3 4 10
387 680 4 6 11
610 680 6 6 21
673 681 1 1 1
778 680 7 8 43
336 682 29 28 288
640 682 13 12 89
982 684 11 12 111
421 686 2 1 2
674 687 23 18 210
1145 687 1 1 1
299 689 10 7 48
425 688 1 2 2
698 688 1 1 1
710 689 2 2 3
750 689 20 19 67
1025 689 3 4 11
1235 688 3 2 6
384 691 3 5 15
771 690 1 2 2
806 691 6 3 14
960 691 2 3 5
396 695 2 3 6
433 694 6 4 21
604 694 8 5 27
1004 696 4 3 9
1367 696 32 25 375
1747 696 93 31 1554
649 699 13 16 74
1074 698 3 2 4
1044 698 123 98 4743
1264 698 2 2 4
387 700 1 2 2
412 701 5 3 12
460 701 8 8 45
712 700 2 1 2
718 701 2 2 4
1023 700 2 2 4
1477 701 17 17 221
1184 703 2 2 4
544 704 4 3 11
698 705 5 11 28
1205 705 3 2 6
729 707 2 2 3
670 708 3 2 6
755 709 1 1 1
772 709 3 3 7
738 711 6 8 42
1409 710 13 12 118
573 712 1 1 1
523 715 6 4 20
631 714 1 1 1
686 715 1 2 2
626 716 1 1 1
998 716 13 10 79
1280 717 3 2 6
462 719 4 4 14
591 719 6 5 25
636 719 12 10 63
679 718 2 7 14
1627 718 6 5 21
334 720 6 5 24
352 720 1 1 1
489 721 14 8 49
565 723 1 1 1
821 723 1 24 24
834 723 2 3 6
881 723 21 42 214
1047 723 12 27 130
407 725 6 11 31
426 724 3 3 9
600 724 26 14 144
704 725 10 1 10
745 725 1 1 1
805 724 3 4 9
1292 724 3 3 7
381 727 2 2 3
514 727 5 5 22
732 726 1 2 2
373 729 6 4 12
723 729 63 25 504
1591 729 13 9 69
50 730 9 7 42
178 730 9 7 48
239 731 1 1 1
649 730 24 7 63
683 730 2 1 2
1195 730 4 4 14
1226 730 2 2 4
244 733 3 2 5
742 732 1 1 1
1695 733 19 15 231
632 735 1 1 1
1168 734 24 25 109
1316 734 8 7 39
1430 734 14 20 186
225 736 2 2 4
278 737 8 3 10
1238 737 1 1 1
1559 736 5 4 17
210 739 4 4 9
268 739 2 4 4
361 739 2 1 2
471 740 12 5 37
1021 741 2 1 2
1253 740 7 12 54
1543 741 7 5 24
221 743 1 2 2
706 742 4 5 19
1004 742 7 5 16
1204 742 12 9 32
8 745 7 4 19
101 744 8 5 34
172 745 19 20 171
192 745 4 2 5
232 744 2 1 2
262 744 1 2 2
615 745 1 1 1
1627 744 6 5 22
139 746 2 2 4
156 747 3 6 8
423 746 8 7 39
596 747 2 1 2
711 747 2 2 4
975 746 1 1 1
990 746 3 3 7
1223 747 1 1 1
303 748 1 1 1
338 748 3 6 12
401 749 4 3 8
849 748 1 1 1
1197 749 1 1 1
1300 748 1 1 1
1317 748 14 15 118
667 751 2 5 6
1288 751 3 2 6
636 753 2 1 2
987 752 3 3 9
1280 753 1 1 1
205 755 4 2 5
222 754 2 2 4
250 755 5 10 20
346 754 1 1 1
647 755 1 1 1
814 754 4 5 16
266 756 12 7 52
310 757 13 9 70
634 757 2 1 2
707 756 4 3 11
851 757 3 26 31
701 759 2 2 3
1303 758 2 2 4
656 760 11 12 112
681 760 10 2 12
558 762 1 1 1
988 763 7 19 57
1360 762 1 1 1
1381 763 3 1 3
248 765 1 1 1
628 764 5 2 6
780 765 1 2 2
1265 764 3 3 6
783 767 17 22 136
891 767 1 3 3
486 768 5 5 20
1154 768 2 2 4
1247 769 2 3 5
1353 768 2 2 4
1408 769 2 1 2
1531 768 3 3 6
1619 769 1 1 1
542 770 4 4 14
728 770 46 30 476
370 772 6 5 24
404 773 7 6 25
612 772 2 2 3
878 773 19 33 238
1414 772 2 2 4
1515 772 1 1 1
1562 773 17 4 36
601 774 6 7 35
1138 775 2 2 4
1167 775 2 1 2
1201 775 1 1 1
1428 775 1 2 2
205 777 8 5 29
224 777 2 1 2
552 777 4 4 14
1261 777 3 1 3
1345 776 4 1 4
315 779 6 4 20
630 779 1 1 1
1384 779 12 15 90
462 780 6 5 24
571 781 1 1 1
820 781 2 5 8
1119 781 7 15 62
1175 781 1 1 1
1545 781 24 21 180
678 782 1 1 1
1183 783 3 8 17
1453 783 1 1 1
517 784 34 15 290
638 784 1 1 1
851 785 1 3 3
1204 784 1 1 1
1298 785 31 60 680
1471 784 2 1 2
1219 786 12 4 23
1497 786 8 3 20
402 788 8 7 44
717 788 4 3 6
1468 788 3 2 6
566 790 4 3 11
606 790 1 1 1
656 791 1184 437 139732
1176 791 2 3 5
1257 791 1 2 2
1698 790 2 2 4
705 792 10 7 27
852 792 1 3 3
1250 793 4 3 10
1401 792 1 2 2
1541 792 1 1 1
595 794 1 1 1
642 794 1 1 1
690 794 2 1 2
1171 794 3 4 10
1491 794 3 8 18
99 796 1 1 1
140 796 2 2 3
153 797 3 3 7
212 796 1 2 2
296 797 1 2 2
397 797 5 4 19
1271 797 2 2 4
1682 797 1 1 1
596 799 2 1 2
832 799 2 2 3
853 799 1 1 1
1300 798 1 1 1
1509 799 1 1 1
1643 799 24 19 187
417 800 6 6 27
688 801 1 1 1
819 800 1 1 1
897 801 3 4 9
48 803 2 2 4
112 803 6 9 34
222 803 19 39 265
246 803 2 5 7
614 802 6 6 30
643 803 6 5 24
679 803 1 1 1
81 805 1 1 1
489 805 4 4 12
856 804 2 2 3
1057 804 1 1 1
1218 805 9 7 17
1273 804 1 1 1
1275 805 20 9 77
1362 805 4 4 7
1388 804 10 9 64
1501 805 6 5 12
1623 804 2 2 3
58 807 4 2 8
72 806 4 3 6
82 806 22 20 113
311 806 5 3 14
434 807 5 4 17
1000 807 1 1 1
1416 807 21 15 72
1612 807 2 1 2
189 808 2 2 3
588 809 5 5 12
689 808 1 1 1
810 808 3 4 9
1196 808 2 3 6
148 811 1 9 9
892 811 3 2 5
1091 811 4 3 9
1140 811 2 3 5
1693 810 9 5 33
1761 811 5 1 5
118 813 8 7 20
276 812 2 1 2
442 812 3 1 3
530 813 2 2 3
625 812 8 10 26
1027 812 14 9 64
1191 812 4 1 4
1249 812 5 12 19
1530 813 3 3 7
40 814 30 29 308
160 814 11 3 14
245 814 30 22 158
519 814 2 2 3
1068 814 2 1 2
1272 814 2 2 4
1464 814 11 14 82
1559 815 1 1 1
132 817 10 12 29
517 817 2 1 2
594 817 4 3 11
657 816 1 1 1
872 816 2 2 3
1344 816 3 2 4
1553 817 1 1 1
1718 817 1 1 1
0 819 9 16 40
28 818 6 10 27
208 819 2 3 5
533 818 2 2 3
637 819 12 23 175
844 819 5 13 27
1082 818 4 4 13
1791 818 1 1 1
351 820 6 5 25
420 821 6 5 25
1267 821 2 1 2
1365 821 2 1 2
186 822 24 16 151
612 823 1 1 1
622 822 4 3 9
932 823 2 3 5
1522 822 4 1 4
1692 822 2 1 2
1711 822 17 9 60
1795 823 2 1 2
18 824 1 1 1
158 825 13 9 54
961 824 1 1 1
1244 825 3 2 6
1367 825 2 1 2
1745 825 5 3 12
11 826 1 1 1
384 827 1 1 1
572 826 1 1 1
1227 829 3 6 10
1691 828 1 1 1
81 830 1 1 1
99 830 4 2 7
148 831 1 1 1
533 830 2 1 2
1031 830 4 5 17
1351 830 1 2 2
1707 831 2 2 4
285 833 1 1 1
385 832 5 4 14
1265 832 8 3 12
1371 832 4 2 7
1439 832 1 1 1
1450 833 52 62 590
1738 833 7 3 16
316 834 13 3 17
596 834 2 2 3
948 835 2 1 2
1368 835 1 1 1
1452 834 2 14 15
1548 835 24 21 240
1639 835 2 3 3
1685 834 2 1 2
517 836 3 3 9
826 836 13 12 97
1284 837 18 16 77
1436 837 2 2 3
1499 837 19 22 103
1778 837 29 20 368
149 838 9 7 43
263 838 2 2 3
437 839 1 2 2
1232 839 10 8 51
1584 838 2 1 2
1651 839 3 1 3
1660 838 8 5 19
5 841 2 3 5
28 840 6 9 27
277 841 3 2 6
296 840 15 12 61
375 840 2 1 2
563 841 20 13 143
1494 840 2 1 2
1618 840 4 3 8
72 843 34 25 205
1037 843 8 9 61
1525 842 5 3 11
1668 843 25 46 562
117 844 6 8 21
165 845 12 5 36
214 844 1 1 1
292 844 1 1 1
398 844 4 1 4
533 845 1 1 1
1409 845 2 1 2
1639 845 1 1 1
1748 844 2 1 2
50 847 14 9 38
132 847 3 2 6
425 847 2 2 4
637 847 1 1 1
1222 846 27 22 135
1263 846 10 26 83
1328 846 2 2 4
1358 847 3 3 8
1441 847 1 1 1
1533 847 5 5 13
1628 846 6 4 19
1731 846 5 3 11
1755 846 2 1 2
197 848 1 2 2
367 849 5 6 21
443 848 1 1 1
636 849 1 1 1
1282 849 2 2 4
1649 848 1 1 1
224 850 2 2 4
546 851 1 1 1
1380 850 1 1 1
1599 850 2 2 3
1828 850 2 2 3
109 853 12 14 65
209 853 2 1 2
275 852 10 3 12
1327 852 1 1 1
1427 852 2 1 2
1687 853 2 1 2
232 855 1 2 2
308 854 7 6 34
329 854 3 2 4
525 854 1 2 2
1443 855 2 2 4
1619 855 2 1 2
135 857 12 12 67
163 857 2 2 3
421 856 1 1 1
528 857 8 1 8
1285 856 2 2 4
1302 856 9 11 93
1344 856 1 1 1
1529 856 2 2 4
1573 857 16 10 59
1713 857 6 10 30
0 859 5 1 5
212 858 2 2 3
479 859 6 6 30
1653 859 1 1 1
1729 858 8 10 31
10 860 17 10 69
35 860 7 10 29
185 861 18 3 25
355 861 1 1 1
1590 861 6 8 32
1631 861 5 6 25
1699 861 3 2 5
1703 860 3 1 3
601 862 1 1 1
614 862 9 4 12
647 862 1 1 1
966 862 2 2 4
1611 862 1 2 2
437 864 6 4 20
486 865 1 1 1
540 864 17 6 38
919 865 2 2 4
1217 864 3 1 3
1438 865 2 2 3
1558 865 1 1 1
1650 865 9 13 46
64 866 20 13 107
254 866 2 5 6
517 867 2 1 2
1388 867 12 7 21
1442 867 4 7 16
1609 866 1 1 1
1807 867 6 2 9
1832 867 3 2 5
148 869 1 1 1
179 869 2 1 2
417 869 4 1 4
532 868 1 1 1
1499 868 28 26 166
1723 868 1 1 1
44 871 3 2 6
239 871 10 8 64
384 870 1 2 2
435 870 1 1 1
604 871 1 1 1
1285 871 16 23 133
1266 870 74 81 1331
1376 870 2 2 3
1595 871 14 12 88
1620 870 6 2 9
1790 871 1 1 1
0 873 5 2 10
86 873 1 1 1
506 873 1 1 1
528 872 1 1 1
573 872 2 1 2
661 872 1 1 1
1223 873 3 2 6
28 875 1 1 1
131 874 3 2 5
225 874 1 1 1
280 874 1 1 1
326 875 2 1 2
551 875 18 12 130
1226 875 40 30 271
1278 875 4 4 8
1402 875 29 32 337
1474 875 7 7 42
267 876 1 1 1
278 877 2 3 4
464 877 8 8 53
663 877 2 1 2
1564 876 4 4 6
1643 876 1 1 1
1819 876 1 1 1
92 878 1 1 1
95 879 3 1 3
520 878 7 19 59
693 879 4 3 11
1533 878 2 1 2
1699 879 3 2 6
1726 878 5 2 8
180 880 9 10 25
388 880 2 2 4
487 881 19 9 79
697 880 30 18 205
301 883 3 2 5
383 883 1 1 1
423 883 3 4 8
1443 882 2 3 4
1486 883 8 10 66
1536 882 10 3 28
587 885 1 2 2
1207 885 2 4 8
1777 885 1 1 1
64 887 1 1 1
280 886 2 2 4
579 887 1 1 1
633 887 1 1 1
1221 886 1 1 1
1559 886 151 160 4818
1713 887 7 15 36
1733 886 19 13 105
291 888 1 1 1
370 889 1 1 1
476 888 11 11 49
667 889 1 1 1
1386 889 2 1 2
1507 889 1 2 2
1543 888 8 10 40
21 891 11 6 26
354 890 6 5 20
406 890 5 3 13
463 890 1 1 1
628 891 16 13 48
656 890 1 1 1
1192 890 8 9 28
109 893 1 2 2
662 892 1 1 1
676 893 5 5 15
1209 893 4 5 16
1451 893 1 1 1
1478 893 2 3 4
1757 893 2 2 3
330 895 2 1 2
688 895 5 11 27
1493 895 13 8 35
1694 894 2 2 4
1821 894 2 1 2
11 897 5 2 10
413 896 1 1 1
427 896 1 1 1
437 896 2 2 3
1356 896 1 1 1
1459 897 2 2 4
172 899 1 1 1
260 899 3 2 4
289 899 6 5 22
339 899 1 1 1
526 898 2 2 3
671 899 2 1 2
812 898 1 2 2
1653 899 7 12 36
1785 899 30 39 266
169 900 1 1 1
222 901 1 2 2
454 900 25 31 235
548 901 2 1 2
645 901 1 1 1
749 900 11 5 25
795 900 2 9 10
1207 900 1 1 1
1353 900 1 1 1
1506 901 40 17 251
1614 901 2 1 2
1819 901 21 21 167
509 902 2 1 2
566 903 10 10 47
730 902 1 1 1
815 902 1 1 1
1373 903 1 1 1
1389 903 3 2 5
1436 902 3 3 9
1698 902 37 22 280
1806 903 1 1 1
1816 902 2 1 2
196 904 4 4 14
625 905 1 1 1
1180 905 1 1 1
1256 905 2 1 2
1341 904 1 1 1
1383 905 4 3 10
1738 905 2 1 2
348 906 1 2 2
370 906 2 1 2
493 906 3 3 5
1225 906 12 13 71
1251 907 4 3 6
1486 907 2 2 4
1556 906 1 6 6
1688 906 2 5 7
1764 906 3 3 4
118 909 2 1 2
325 908 1 2 2
414 908 2 2 4
686 908 1 1 1
714 909 2 1 2
1158 908 115 82 2238
1335 908 3 2 5
88 910 1 1 1
130 911 2 2 4
388 910 3 2 6
486 911 5 5 19
619 910 1 1 1
763 911 2 2 3
40 913 2 1 2
354 913 1 1 1
647 913 2 1 2
712 913 27 32 353
1491 913 11 10 54
1769 913 2 1 2
167 914 1 1 1
511 915 4 3 8
606 914 13 11 91
1240 915 7 6 20
1357 915 2 1 2
1747 915 2 2 4
34 917 1 1 1
529 916 11 14 72
661 916 28 12 72
1334 916 20 8 57
176 919 1 1 1
378 918 2 3 5
419 919 15 13 97
555 918 6 4 13
1764 919 3 3 8
18 920 3 2 4
288 921 1 1 1
391 920 4 11 20
518 921 2 1 2
811 920 16 15 93
1740 921 3 2 5
6 922 1 1 1
563 923 3 1 3
836 922 2 1 2
840 923 1 1 1
252 925 1 1 1
480 925 12 9 36
654 925 1 1 1
767 925 3 4 10
1479 925 16 13 97
1773 924 2 1 2
79 926 2 1 2
107 926 2 1 2
168 926 3 2 5
509 927 5 5 22
574 926 3 2 5
629 927 20 6 32
1686 927 1 1 1
1697 926 2 2 3
23 928 8 9 49
339 929 1 1 1
582 929 3 2 3
691 929 16 10 83
1517 929 10 10 48
1583 928 2 2 3
269 930 2 2 3
383 931 2 1 2
759 931 1 1 1
802 930 4 11 24
1350 930 1 1 1
1570 931 3 2 6
1734 930 3 1 3
1756 930 11 9 28
114 933 2 2 3
577 932 42 37 331
749 932 1 1 1
776 932 1 1 1
1304 933 30 33 313
1338 933 3 3 6
1561 933 3 12 27
197 934 1 1 1
406 934 9 10 40
571 934 2 1 2
668 934 1 2 2
1575 934 5 4 17
1778 935 3 2 4
1826 935 1 1 1
73 936 4 2 7
296 937 7 17 83
344 936 3 4 10
369 937 2 1 2
399 937 2 1 2
541 936 7 11 42
678 937 8 8 50
826 936 1 1 1
1817 936 3 1 3
711 938 2 1 2
768 939 1 1 1
838 938 1 1 1
864 938 3 8 10
1498 939 1 1 1
144 940 1 1 1
651 940 16 9 60
775 940 12 13 26
13 943 7 2 12
33 943 1 1 1
53 943 6 3 11
147 942 2 2 4
360 942 2 1 2
420 943 10 12 35
808 942 10 3 22
1127 943 3 4 6
1343 942 3 2 3
8 945 3 1 3
35 945 3 2 5
509 945 9 7 34
576 945 1 1 1
830 944 1 1 1
1735 944 2 3 5
1807 945 2 2 3
671 947 2 1 2
691 946 2 1 2
979 946 1 3 3
1347 946 1 1 1
1528 947 3 3 5
1565 946 2 2 3
1722 946 3 2 6
22 949 1 1 1
82 949 10 10 60
260 948 1 1 1
479 948 3 2 4
744 948 1 1 1
793 949 2 1 2
823 948 5 4 19
867 949 2 1 2
892 948 1 1 1
1130 948 26 22 196
1279 949 2 2 3
1351 949 4 4 12
1751 949 5 3 13
182 951 2 1 2
411 950 4 3 7
454 951 7 4 13
768 951 1 1 1
961 950 2 2 4
989 951 2 6 7
1709 951 9 3 17
277 953 1 1 1
647 952 2 1 2
870 953 8 5 25
913 952 1 2 2
924 952 11 8 31
1296 953 8 8 34
1726 953 21 24 317
1771 952 4 2 7
1814 952 4 3 9
176 954 2 2 4
370 954 13 8 52
393 954 3 1 3
482 954 3 1 3
706 955 2 1 2
720 954 3 1 3
1691 954 8 10 16
1791 954 2 1 2
1800 955 4 2 7
315 956 4 3 7
338 956 1 2 2
407 956 1 1 1
657 957 13 8 65
761 956 3 1 3
1762 956 5 6 16
280 959 4 3 11
491 959 24 16 150
724 958 5 6 12
807 959 1 1 1
884 958 25 24 139
939 959 6 3 10
1008 958 17 38 310
1702 959 2 1 2
1798 958 42 56 734
527 960 4 3 9
693 960 1 1 1
771 961 13 12 65
861 960 9 8 30
1091 961 27 16 159
1125 960 1 1 1
1269 960 2 1 2
47 963 3 1 3
229 963 3 1 3
479 962 1 2 2
550 962 6 7 25
799 962 7 7 22
1178 962 6 8 36
1229 962 17 11 108
1435 963 9 4 18
1658 963 2 1 2
1785 963 1 2 2
596 964 5 12 28
650 964 3 1 3
733 964 18 34 257
792 964 1 1 1
1253 964 72 63 1089
64 967 2 2 3
228 966 1 1 1
253 966 2 2 4
1043 967 2 2 4
1320 967 5 5 25
1774 967 5 4 20
92 968 1 1 1
213 968 5 2 8
321 969 21 13 125
420 968 1 1 1
1706 968 8 9 26
547 971 1 1 1
616 971 1 1 1
706 971 2 1 2
786 971 1 1 1
813 971 4 5 12
853 971 1 1 1
912 971 2 3 6
951 971 1 1 1
1030 970 13 14 26
1063 971 1 1 1
1136 971 3 2 4
1158 970 1 1 1
1305 970 1 1 1
1651 971 3 2 5
259 973 4 16 22
430 972 1 1 1
475 973 45 42 492
859 972 6 3 15
955 973 1 1 1
1696 972 1 1 1
1768 973 2 1 2
876 975 1 1 1
920 975 4 2 6
1141 974 1 1 1
1447 974 1 1 1
1672 974 14 22 164
126 976 1 1 1
409 976 1 2 2
659 976 3 3 8
701 977 1 1 1
872 977 1 1 1
1120 976 16 18 144
1663 976 8 2 16
1785 976 1 1 1
85 978 3 3 7
117 979 1 1 1
228 979 5 6 23
349 978 5 2 9
927 979 4 3 11
1681 979 71 59 1400
1766 979 1 1 1
0 981 3 1 3
70 980 2 1 2
359 980 3 2 4
415 980 13 13 95
517 980 1 1 1
654 981 2 1 2
672 980 10 9 28
796 981 1 1 1
1092 981 1 1 1
1362 980 7 3 16
1698 981 2 1 2
89 983 2 1 2
275 982 7 4 14
341 983 1 1 1
388 982 12 2 13
441 983 12 7 41
589 982 2 1 2
627 983 2 8 9
642 983 2 2 2
788 982 1 1 1
1136 982 1 1 1
68 985 1 1 1
531 985 1 1 1
713 985 3 2 5
763 985 15 13 80
808 984 1 1 1
812 984 12 3 17
1113 985 4 4 10
1151 984 1 2 2
576 987 7 3 19
601 987 2 2 3
859 987 3 1 3
919 986 8 17 37
936 987 5 9 29
1793 986 3 1 3
130 989 21 10 49
565 989 4 4 10
880 989 2 1 2
1145 989 2 2 4
38 991 2 1 2
164 991 2 2 4
618 991 1 1 1
717 991 5 6 20
909 990 4 7 13
958 990 4 4 10
995 990 1 1 1
1805 990 2 1 2
31 992 1 1 1
173 992 7 6 13
345 992 4 2 5
447 992 25 17 105
525 993 1 2 2
535 992 30 16 120
702 993 2 1 2
780 993 6 6 22
106 995 1 1 1
376 995 6 6 24
401 994 12 4 28
598 994 1 1 1
672 994 1 1 1
682 994 1 1 1
685 995 1 1 1
864 995 1 1 1
992 995 55 51 444
1123 994 1 2 2
113 997 1 1 1
259 996 2 1 2
326 997 1 1 1
434 997 5 5 14
626 997 1 1 1
806 996 20 9 44
875 996 2 2 4
950 996 3 5 10
989 996 5 6 14
282 998 3 2 4
706 999 4 4 15
964 998 1 1 1
1693 998 6 3 17
79 1000 2 2 2
118 1000 2 2 4
642 1000 25 15 90
911 1001 3 4 9
1594 1000 10 6 24
1674 1000 3 2 4
330 1003 3 2 6
383 1002 4 4 13
758 1002 3 3 7
862 1003 1 2 2
995 1002 3 3 8
1006 1002 12 9 24
1473 1003 5 6 13
1554 1002 2 2 4
285 1005 4 3 9
415 1005 3 2 4
585 1005 15 18 83
610 1004 1 1 1
720 1005 2 2 4
801 1004 1 1 1
956 1004 8 13 41
1574 1005 1 1 1
1657 1005 8 4 20
225 1006 5 4 11
349 1007 12 2 16
732 1006 5 14 43
896 1007 18 15 76
938 1006 3 4 11
398 1009 1 1 1
807 1008 5 3 9
824 1009 1 1 1
1277 1009 1 1 1
1560 1008 2 2 4
86 1010 4 1 4
168 1011 4 3 8
176 1010 2 1 2
265 1010 1 1 1
885 1010 1 1 1
1579 1010 7 6 29
26 1012 8 9 45
77 1012 1 1 1
198 1012 5 4 14
303 1012 1 1 1
375 1013 8 2 16
411 1012 1 1 1
619 1012 2 1 2
697 1013 1 1 1
708 1012 4 4 11
774 1012 17 10 38
111 1015 7 10 38
324 1014 5 4 14
393 1015 1 1 1
429 1014 22 14 95
551 1014 1 2 2
685 1014 3 2 5
877 1015 19 18 128
1601 1015 2 1 2
249 1017 1 2 2
276 1016 2 2 3
291 1016 1 1 1
462 1017 2 1 2
515 1016 1 1 1
573 1016 4 2 6
624 1016 2 1 2
719 1017 1 1 1
855 1016 1 1 1
1326 1017 3 4 8
1576 1017 3 11 23
136 1019 1 1 1
234 1018 4 3 10
366 1019 5 2 7
465 1018 8 7 45
691 1018 1 1 1
995 1019 2 1 2
1817 1018 23 34 560
22 1021 2 1 2
190 1020 1 1 1
266 1020 3 2 5
289 1020 1 1 1
394 1021 13 13 65
659 1021 16 15 158
838 1021 10 25 179
1559 1020 1 1 1
1667 1021 3 3 7
147 1023 2 1 2
170 1022 6 5 24
239 1023 3 1 3
260 1023 1 1 1
610 1022 30 33 303
758 1023 1 1 1
904 1022 65 38 602
966 1022 1 1 1
1546 1023 5 7 15
1612 1022 9 1 9
76 1024 12 7 26
298 1025 21 19 161
689 1024 12 11 39
725 1024 3 2 4
742 1025 2 1 2
1252 1025 5 2 7
21 1027 1 1 1
187 1027 5 10 14
330 1026 1 1 1
376 1027 3 3 9
580 1027 1 1 1
802 1027 19 6 62
991 1027 1 8 8
144 1028 1 1 1
280 1028 2 1 2
495 1028 30 28 211
603 1029 1 1 1
613 1028 4 2 5
712 1028 1 1 1
860 1029 1 1 1
1308 1028 8 4 18
1659 1029 3 2 6
15 1031 6 3 14
273 1031 4 3 9
358 1030 10 9 31
753 1031 17 14 46
1078 1031 1 1 1
70 1032 7 11 30
258 1032 11 4 26
294 1033 3 2 5
464 1033 23 31 117
535 1033 54 30 315
645 1032 5 4 8
796 1032 3 7 9
1046 1032 1 1 1
1067 1033 20 19 128
1265 1033 1 1 1
1610 1033 4 1 4
1657 1032 1 1 1
131 1034 2 2 2
379 1035 17 21 158
393 1035 7 8 14
455 1034 10 2 13
565 1035 1 1 1
703 1034 4 5 12
894 1035 5 4 12
1620 1034 2 1 2
214 1037 1 1 1
250 1037 16 14 66
451 1037 1 1 1
654 1036 1 1 1
678 1036 7 10 26
1538 1037 1 1 1
643 1039 1 1 1
930 1038 3 9 19
125 1041 40 38 172
288 1041 1 1 1
596 1040 10 8 25
807 1040 1 1 1
1052 1040 4 4 12
0 1043 7 8 20
114 1043 17 4 30
218 1042 8 5 24
449 1043 2 2 3
899 1042 1 1 1
1177 1042 2 2 4
1777 1042 7 7 49
291 1045 3 3 7
319 1045 4 2 6
432 1044 2 2 3
636 1044 2 1 2
773 1045 1 1 1
808 1044 6 2 7
177 1046 1 1 1
868 1047 1 2 2
917 1046 3 1 3
1022 1046 16 13 82
1039 1046 1 1 1
1648 1047 7 4 13
179 1048 3 2 6
333 1048 26 43 289
651 1049 4 2 4
671 1049 1 1 1
757 1049 2 1 2
772 1048 25 11 82
850 1049 1 1 1
938 1048 1 1 1
589 1050 1 1 1
723 1050 8 12 49
854 1050 11 6 19
906 1051 1 1 1
1047 1051 9 8 29
57 1053 1 1 1
91 1052 1 1 1
140 1053 6 3 10
184 1053 2 1 2
201 1053 2 1 2
281 1053 2 1 2
403 1053 17 20 111
414 1052 2 1 2
641 1052 2 1 2
838 1052 1 1 1
540 1055 4 4 12
617 1054 50 19 260
1009 1054 12 12 41
191 1056 4 8 19
210 1056 1 1 1
362 1056 13 13 83
439 1057 2 2 4
491 1056 1 1 1
744 1056 2 1 2
799 1057 1 1 1
1078 1056 25 33 304
1428 1057 2 2 4
28 1059 2 1 2
125 1059 2 2 4
359 1059 1 1 1
480 1058 1 1 1
496 1059 9 6 33
692 1058 1 1 1
705 1059 16 11 35
815 1059 1 2 2
1077 1059 1 1 1
236 1060 12 14 56
317 1060 8 14 29
425 1060 4 5 16
835 1061 1 1 1
876 1060 20 11 45
1599 1060 4 3 11
12 1063 4 4 13
101 1062 2 2 3
167 1063 2 2 4
386 1062 3 3 9
441 1062 1 1 1
681 1062 1 1 1
687 1063 2 1 2
769 1063 46 17 339
841 1062 1 1 1
872 1063 4 3 10
991 1062 9 9 45
79 1064 2 1 2
442 1064 5 5 22
509 1065 3 4 12
548 1065 19 4 48
735 1064 2 2 3
842 1065 1 1 1
844 1065 22 11 98
1423 1064 3 7 14
0 1067 6 12 28
278 1066 5 2 7
756 1066 1 1 1
1028 1067 1 2 2
1037 1066 22 10 72
1455 1067 3 3 7
200 1068 15 5 30
416 1069 88 39 1003
920 1068 32 19 197
376 1070 1 1 1
523 1070 1 1 1
611 1071 1 1 1
177 1072 10 4 29
390 1072 6 8 28
543 1072 1 1 1
665 1073 8 10 25
702 1072 3 1 3
1017 1073 4 3 8
25 1074 7 2 9
100 1074 1 1 1
221 1074 3 2 4
515 1074 1 1 1
737 1075 1 2 2
1108 1075 1 1 1
59 1076 3 3 5
76 1076 1 1 1
732 1077 2 3 6
833 1076 1 1 1
843 1077 1 1 1
915 1077 1 1 1
968 1077 7 8 43
11 1079 3 4 8
121 1079 4 2 7
139 1079 3 2 5
171 1078 1 1 1
443 1079 1 1 1
706 1079 4 10 20
849 1079 31 25 227
898 1078 9 9 19
1021 1079 3 5 11
159 1080 1 1 1
423 1080 1 1 1
95 1082 1 1 1
206 1082 7 4 17
236 1082 3 1 3
261 1082 29 24 233
376 1082 2 1 2
599 1082 3 2 5
633 1083 4 5 9
724 1083 8 3 16
1036 1082 1 1 1
135 1085 1 1 1
248 1085 1 1 1
296 1084 2 1 2
307 1084 2 4 6
328 1084 1 1 1
823 1084 15 9 65
1001 1084 1 1 1
1033 1085 1 1 1
1059 1084 2 2 4
83 1087 12 12 39
564 1087 2 1 2
615 1086 3 2 5
649 1087 50 24 384
678 1086 1 1 1
885 1087 3 2 5
105 1089 2 1 2
220 1088 2 1 2
294 1089 1 2 2
318 1089 1 1 1
551 1088 4 4 13
732 1089 2 9 11
777 1088 2 1 2
802 1088 2 2 3
892 1089 1 1 1
1032 1088 1 1 1
227 1090 1 1 1
388 1091 2 1 2
507 1090 2 2 2
603 1090 30 40 302
716 1091 2 1 2
745 1091 4 6 19
979 1090 2 3 6
1001 1091 63 45 666
332 1092 2 2 3
404 1092 2 2 3
572 1092 22 19 139
842 1093 1 1 1
955 1093 1 1 1
993 1093 1 2 2
1055 1092 1 1 1
1100 1092 1 1 1
253 1095 6 5 24
387 1094 1 4 4
768 1095 9 2 10
1042 1095 1 1 1
1051 1094 4 4 9
201 1097 1 1 1
519 1096 1 1 1
535 1097 1 1 1
752 1097 11 12 50
787 1097 3 3 8
818 1097 2 4 7
828 1097 14 14 62
958 1096 2 1 2
217 1099 2 3 4
372 1099 12 11 65
33 1101 1 1 1
169 1101 1 1 1
179 1101 9 9 24
195 1100 2 1 2
705 1101 2 2 4
944 1100 1 2 2
79 1103 1 1 1
96 1103 3 1 3
227 1103 8 2 9
291 1103 12 2 15
335 1102 2 2 3
505 1102 1 1 1
716 1103 11 8 38
730 1102 2 1 2
778 1102 8 11 34
801 1102 2 2 4
888 1102 13 4 21
938 1102 1 2 2
955 1103 2 1 2
1084 1102 11 23 111
103 1106 2 1 2
247 1106 1 2 2
453 1107 1 1 1
475 1106 2 1 2
876 1106 6 15 32
81 1108 2 2 3
312 1108 1 1 1
342 1109 1 1 1
357 1108 1 1 1
314 1108 99 79 1238
540 1109 2 3 4
846 1108 1 1 1
907 1108 2 4 6
1062 1109 1 1 1
44 1110 2 2 3
280 1111 4 9 15
362 1111 1 1 1
478 1111 2 1 2
490 1111 16 20 117
520 1111 1 1 1
561 1110 37 24 152
51 1113 8 8 39
133 1113 5 2 7
164 1112 1 1 1
859 1112 1 3 3
1074 1113 1 1 1
347 1114 1 1 1
773 1115 1 1 1
932 1114 1 1 1
956 1114 3 4 10
1071 1115 3 2 6
0 1117 3 2 4
18 1116 1 1 1
194 1117 6 8 23
557 1117 2 2 3
597 1116 8 5 34
853 1116 1 1 1
438 1118 5 1 5
448 1119 1 1 1
470 1119 5 5 17
509 1119 1 1 1
652 1119 31 28 220
706 1118 2 2 4
785 1119 3 3 8
66 1120 2 1 2
80 1120 5 3 10
140 1120 13 15 72
219 1120 1 1 1
513 1121 3 1 3
747 1120 5 3 9
765 1120 3 4 7
162 1122 4 5 11
524 1122 7 7 32
866 1123 6 4 23
912 1122 3 2 5
964 1122 2 1 2
977 1122 2 4 7
37 1124 1 1 1
248 1124 16 26 189
453 1125 4 6 18
761 1125 22 21 158
825 1124 18 8 31
872 1125 30 22 131
922 1125 2 3 5
938 1125 4 1 4
949 1124 12 18 52
10 1126 2 1 2
85 1126 2 1 2
113 1127 2 3 4
861 1127 2 1 2
10 1128 17 17 134
176 1128 3 2 5
704 1129 4 2 4
738 1129 5 6 20
846 1129 1 1 1
1034 1128 6 4 9
1090 1129 36 76 950
61 1131 1 1 1
450 1131 2 2 3
499 1131 2 1 2
545 1130 6 6 27
1003 1130 45 36 437
307 1132 1 1 1
475 1133 3 6 16
722 1133 2 2 4
902 1132 12 16 100
1031 1133 1 1 1
0 1134 4 4 14
82 1134 1 1 1
120 1135 11 8 34
195 1134 2 2 3
239 1135 1 1 1
397 1135 1 1 1
418 1134 41 40 391
924 1134 1 2 2
52 1136 8 14 77
277 1136 15 9 45
526 1137 1 1 1
564 1136 1 1 1
798 1136 1 1 1
846 1136 10 13 87
1056 1137 18 15 76
190 1139 4 3 8
574 1138 3 1 3
631 1138 7 8 32
690 1138 6 7 16
970 1138 5 8 37
1125 1138 1 1 1
153 1141 5 4 10
386 1141 1 1 1
566 1140 1 1 1
701 1141 18 8 46
734 1141 11 13 92
826 1140 1 1 1
379 1143 3 3 8
418 1142 1 1 1
517 1143 15 10 77
927 1142 7 10 23
210 1145 7 1 7
230 1145 2 2 3
304 1144 5 2 6
391 1145 2 5 6
615 1145 6 3 10
648 1144 2 2 4
783 1145 2 1 2
1126 1144 7 2 13
80 1147 1 1 1
130 1147 2 1 2
240 1146 3 11 15
409 1146 3 4 8
483 1147 8 8 50
591 1147 21 26 136
5 1148 2 1 2
24 1149 14 14 81
204 1148 3 1 3
272 1149 3 2 5
641 1148 5 2 10
721 1149 4 3 11
836 1149 2 1 2
862 1149 6 3 17
1082 1148 1 2 2
1128 1148 14 10 95
1185 1149 1 1 1
118 1150 1 1 1
218 1151 1 1 1
284 1151 16 7 58
500 1150 2 1 2
503 1151 1 1 1
626 1151 3 3 9
960 1150 3 2 6
61 1153 2 2 3
135 1152 6 3 15
266 1153 5 3 6
560 1153 1 1 1
714 1152 2 1 2
875 1153 1 1 1
0 1154 5 12 21
84 1155 5 3 13
577 1154 2 1 2
748 1155 1 1 1
844 1155 1 1 1
915 1154 2 2 3
945 1155 10 4 19
110 1157 21 19 107
393 1156 1 1 1
648 1157 2 1 2
760 1157 1 1 1
797 1157 2 2 3
821 1157 1 2 2
897 1156 10 5 17
71 1159 18 12 84
182 1159 1 1 1
206 1158 8 11 26
245 1159 1 1 1
455 1158 45 21 280
960 1158 14 32 186
1123 1158 1 1 1
171 1160 1 1 1
198 1161 4 3 10
452 1160 1 1 1
539 1161 2 2 2
555 1160 1 1 1
621 1161 3 2 6
789 1160 3 2 4
846 1161 6 3 16
1068 1160 2 1 2
16 1163 2 1 2
91 1163 2 2 3
258 1163 16 23 95
325 1163 5 9 15
670 1163 20 13 89
704 1162 1 1 1
860 1163 1 1 1
892 1162 2 1 2
699 1165 1 1 1
769 1165 21 21 262
901 1164 44 51 455
1023 1165 12 12 42
1033 1164 41 31 371
39 1166 13 18 68
190 1167 3 1 3
720 1166 1 1 1
759 1166 1 1 1
159 1169 16 4 28
284 1168 1 1 1
299 1168 2 1 2
408 1168 4 9 25
615 1169 3 3 5
660 1169 27 28 238
941 1168 14 9 52
1072 1168 1 1 1
1126 1169 2 1 2
389 1171 1 2 2
556 1171 1 2 2
744 1171 1 1 1
804 1171 2 5 8
895 1170 5 8 12
999 1171 13 14 45
1124 1170 1 1 1
1137 1171 2 1 2
251 1173 6 5 17
724 1172 19 12 77
821 1173 2 2 2
1190 1173 2 1 2
56 1175 31 20 225
224 1174 10 1 10
301 1175 1 1 1
307 1175 26 27 261
518 1175 1 1 1
608 1174 43 31 457
842 1175 1 1 1
211 1177 5 9 23
366 1177 1 1 1
546 1176 10 4 23
1175 1176 1 1 1
34 1179 2 2 3
337 1178 1 1 1
402 1178 29 44 262
488 1179 2 1 2
502 1179 2 1 2
530 1178 11 7 27
563 1179 5 5 10
591 1179 4 5 10
694 1179 3 9 11
819 1179 8 7 19
872 1178 1 1 1
901 1178 1 1 1
983 1179 3 5 11
1160 1179 7 13 33
493 1181 5 4 15
1184 1181 2 1 2
407 1182 1 1 1
874 1183 1 1 1
1009 1183 17 11 54
156 1184 2 1 2
176 1184 3 2 4
219 1184 18 15 82
353 1185 13 18 132
453 1184 3 3 9
577 1184 7 4 13
831 1185 12 7 28
904 1185 1 1 1
37 1186 2 1 2
144 1187 10 4 28
397 1186 9 11 38
438 1187 1 1 1
816 1186 2 1 2
1182 1187 2 1 2
89 1188 1 1 1
249 1188 1 1 1
388 1189 6 2 8
438 1188 12 17 53
519 1188 2 1 2
755 1189 3 1 3
1126 1188 6 4 19
193 1190 2 1 2
456 1190 9 5 39
698 1190 1 1 1
709 1190 1 1 1
1173 1191 9 4 16
12 1192 4 4 12
34 1193 3 3 6
92 1193 1 1 1
203 1192 1 1 1
513 1192 1 1 1
593 1192 1 1 1
852 1193 2 3 4
874 1192 20 9 56
950 1193 2 3 6
97 1195 2 8 9
382 1194 5 3 6
576 1194 1 1 1
660 1194 1 1 1
697 1194 8 13 65
974 1195 5 8 19
1158 1194 2 2 4
52 1196 4 3 8
109 1197 1 2 2
131 1196 3 2 4
172 1197 1 1 1
290 1197 1 1 1
466 1197 7 14 37
481 1197 4 4 11
526 1196 33 9 92
602 1196 1 1 1
1119 1197 2 2 3
1203 1196 1 1 1
0 1199 9 18 109
21 1199 6 2 7
73 1198 15 17 60
283 1198 1 1 1
1070 1198 2 13 15
1186 1199 4 8 18
664 1200 2 3 6
861 1201 6 8 14
1046 1201 1 1 1
1134 1200 10 28 79
40 1203 3 3 7
184 1202 4 2 6
289 1203 13 13 93
579 1202 1 1 1
596 1203 2 2 3
1035 1202 2 2 4
115 1204 17 15 72
235 1204 25 15 158
262 1205 12 3 19
371 1204 1 1 1
614 1204 8 7 32
660 1204 2 1 2
717 1205 1 1 1
789 1204 2 1 2
804 1204 1 2 2
817 1205 4 5 14
948 1205 7 11 20
1043 1204 1 2 2
326 1207 8 13 34
423 1207 2 2 4
516 1206 1 1 1
676 1207 2 4 7
1154 1206 11 5 28
182 1209 1 1 1
312 1208 1 1 1
493 1208 16 8 32
509 1208 4 2 8
523 1209 34 19 207
564 1209 3 2 5
838 1208 1 1 1
870 1209 1 1 1
1004 1208 10 6 23
1081 1209 21 19 137
1180 1208 32 20 253
45 1211 7 3 14
94 1211 1 1 1
166 1211 15 17 107
368 1210 3 2 3
576 1211 2 2 4
1101 1210 1 1 1
21 1212 1 1 1
138 1212 11 4 35
352 1212 2 1 2
383 1213 27 15 128
458 1212 1 1 1
582 1212 21 16 101
836 1213 1 2 2
1151 1212 1 1 1
1162 1212 10 16 65
189 1215 4 3 10
194 1214 1 1 1
364 1214 2 3 6
430 1214 1 1 1
464 1215 14 13 49
572 1215 1 1 1
1102 1215 9 4 12
216 1216 2 1 2
284 1217 3 2 3
380 1217 2 1 2
613 1216 1 1 1
1064 1216 2 4 7
74 1219 1 1 1
106 1219 5 9 26
150 1218 1 3 3
334 1219 7 9 35
347 1218 2 1 2
653 1218 7 2 8
694 1218 1 1 1
868 1218 1 2 2
925 1218 16 10 103
960 1218 1 3 3
1019 1219 3 2 4
13 1220 2 1 2
65 1221 3 7 9
72 1220 1 1 1
280 1221 3 7 15
362 1220 1 1 1
372 1221 1 1 1
486 1220 1 1 1
624 1220 1 1 1
677 1220 1 1 1
943 1221 2 2 4
1045 1220 2 3 5
37 1223 4 5 19
203 1222 2 1 2
256 1223 10 5 34
300 1223 15 5 60
573 1223 2 5 10
645 1222 2 6 7
713 1223 1 5 5
718 1222 1 1 1
774 1223 2 5 9
967 1223 2 5 10
1219 1223 4 5 12
22 1225 5 3 11
143 1225 6 3 11
232 1225 3 3 8
489 1224 3 4 12
731 1225 2 3 6
894 1225 2 3 5
0 1226 5 2 10
88 1227 1 1 1
125 1226 6 2 10
455 1227 2 1 2
696 1227 1 1 1
952 1226 1 2 2
1079 1227 1 1 1
1115 1227 1 1 1
