0 0 1840 1228 2096690
115 0 31 18 446
345 0 47 25 804
787 0 9 7 50
913 0 20 40 382
972 0 17 11 120
1113 0 19 4 48
1160 0 7 10 66
1248 0 26 37 722
1296 0 12 15 145
1575 0 36 27 708
1623 0 22 27 451
1747 0 29 23 499
994 5 56 70 1157
761 7 7 13 67
1081 8 7 13 73
399 10 17 27 365
9 17 37 61 835
631 16 16 31 377
960 17 1 1 1
1184 23 5 7 28
860 24 4 10 28
1129 24 7 10 52
1157 24 6 9 46
168 29 42 69 2307
1144 30 48 146 2339
1338 31 14 20 198
517 39 14 21 229
1634 39 21 23 352
861 46 11 23 203
703 48 19 32 477
1485 49 20 22 318
1124 55 29 23 431
485 57 28 57 1188
812 57 13 19 178
944 57 14 27 290
1109 60 7 10 54
305 71 43 59 1596
1081 71 4 4 13
356 73 42 46 1258
1513 72 18 13 84
654 75 29 27 385
1093 83 4 4 13
1492 83 9 9 53
912 84 9 17 132
1217 85 43 52 1187
720 88 16 26 343
1001 88 6 9 45
1101 88 5 13 59
1622 88 37 43 981
1820 93 5 2 8
0 95 51 28 798
1102 95 18 32 211
964 96 8 14 85
607 103 15 30 388
1137 108 5 6 22
915 110 13 42 361
994 110 5 7 25
938 113 9 20 154
1727 117 22 19 279
552 120 31 48 918
873 124 7 11 64
728 126 7 5 16
1757 127 15 9 82
806 128 7 8 46
850 130 8 14 98
1094 130 5 9 40
1585 133 29 39 775
1078 136 5 5 18
1782 137 34 36 838
740 139 21 28 442
787 141 14 17 184
1361 140 52 56 1929
192 142 13 6 54
702 142 21 27 409
994 144 6 8 43
906 153 8 13 88
1017 152 5 5 20
1821 152 19 29 421
970 154 17 32 217
1517 160 10 12 91
925 165 7 7 39
1167 166 24 23 309
1710 167 27 31 590
994 168 4 5 19
1008 170 4 8 29
1085 173 1 3 3
1106 172 23 25 433
707 179 65 52 1640
578 181 38 89 1369
403 184 57 58 2201
919 184 9 17 110
984 189 5 6 26
1064 193 18 16 193
962 197 7 10 55
1315 196 21 20 257
1284 199 10 14 109
867 201 7 14 82
1722 200 74 60 2107
1803 201 24 23 403
977 203 6 11 52
148 206 6 2 9
848 206 8 14 97
945 206 8 14 89
1109 207 5 7 30
992 208 6 9 36
261 212 40 36 799
1109 218 47 40 827
1611 219 22 23 364
1204 220 35 51 1065
892 222 16 31 409
1112 222 4 5 17
1301 222 10 13 104
965 224 8 14 81
948 231 1 1 1
1088 234 5 10 34
1482 235 7 7 39
1061 237 16 27 171
1381 239 27 46 791
629 240 40 48 912
250 242 4 2 7
999 243 4 5 17
233 244 9 4 24
694 247 32 24 354
916 248 9 15 98
801 251 15 21 194
982 254 3 5 9
64 257 3 4 6
841 256 15 23 199
1579 261 31 40 886
1003 262 16 13 122
884 265 10 10 72
1240 267 9 11 67
1457 276 32 41 683
355 278 37 45 972
833 278 7 9 53
1179 279 10 12 92
1133 281 5 7 29
1073 282 5 9 40
1109 283 10 24 139
1217 283 18 27 359
1160 287 9 13 92
459 289 28 38 595
1035 288 4 7 24
879 291 14 25 284
282 293 21 28 445
968 292 4 6 18
1532 299 18 24 293
1086 302 24 16 147
1705 302 30 28 633
1127 305 4 3 8
1750 304 18 17 240
1038 314 9 9 57
910 319 46 65 1386
1055 318 19 49 243
1314 319 35 62 880
1790 318 33 23 468
1151 322 16 28 339
1628 323 30 32 658
402 325 18 24 345
634 324 18 21 289
662 324 11 15 136
739 324 23 22 293
989 325 5 15 42
1084 326 14 12 71
716 330 14 23 265
858 331 8 15 103
1535 336 11 15 131
106 339 34 47 1227
1119 340 13 10 102
364 342 21 25 409
518 346 15 23 275
963 346 1 1 1
1184 347 20 13 191
962 348 1 1 1
973 348 12 15 63
1578 349 23 25 423
708 355 6 7 30
861 357 17 17 189
838 358 6 7 29
1083 358 6 5 19
625 363 17 25 324
805 364 11 25 206
1528 367 14 17 169
549 369 47 58 1130
1032 368 4 7 18
890 371 1 1 1
972 370 16 13 109
1496 371 1 1 1
1783 370 1 3 3
741 373 14 42 293
892 375 6 9 51
958 374 2 3 4
847 376 5 6 25
1044 378 4 5 17
1097 378 20 24 230
928 383 21 25 136
963 383 5 15 39
1056 383 3 5 12
452 385 26 32 512
1000 384 3 4 6
1556 384 19 46 441
712 387 13 24 272
768 386 13 16 154
887 386 1 1 1
1442 386 1 1 1
902 388 1 1 1
996 389 1 1 1
1161 388 8 15 72
1491 389 1 1 1
421 390 16 20 251
924 391 4 3 7
993 391 1 1 1
1277 390 1 4 4
1778 393 44 36 1017
909 395 1 1 1
1023 395 10 8 52
1275 395 1 1 1
397 397 9 6 36
1690 397 15 10 90
985 400 1 1 1
997 401 3 7 9
1065 403 4 5 12
1474 403 1 2 2
1708 403 31 42 867
896 404 1 1 1
1023 405 28 20 131
1094 404 22 14 94
1178 405 25 34 585
491 406 11 9 53
830 408 6 7 35
1263 409 8 13 84
1490 408 8 7 33
952 410 15 16 131
852 415 9 25 145
911 414 32 30 297
1002 414 1 1 1
1125 415 5 13 40
1630 415 35 37 689
1444 418 24 61 770
827 426 5 7 28
1241 427 1 1 1
892 429 9 10 71
944 428 30 43 299
1056 428 14 14 109
1108 429 4 6 23
807 431 5 7 24
1365 430 16 19 209
1024 433 1 1 1
1088 433 3 3 6
1478 433 1 1 1
988 434 3 4 10
1043 434 4 7 20
1577 435 27 30 458
1030 438 3 5 10
1202 440 1 1 1
1553 443 7 4 15
817 444 17 14 128
1124 444 5 7 22
981 449 3 9 24
597 451 17 23 205
1785 450 17 11 117
913 453 1 1 1
1524 453 1 1 1
1687 453 32 31 631
643 454 36 34 526
923 454 10 23 127
1181 455 8 11 63
410 457 19 24 366
1163 456 7 8 42
340 458 14 19 200
789 461 11 26 210
868 460 6 11 54
1055 460 15 15 56
1293 460 25 33 589
906 462 6 13 48
883 465 1 1 1
1259 465 10 6 25
1628 465 25 33 617
886 467 6 12 59
1011 471 2 2 3
702 475 23 30 519
756 475 21 25 300
976 474 4 7 23
1073 474 7 9 48
1249 475 1 1 1
1393 478 1 1 1
735 481 10 15 122
1040 481 3 4 10
1053 481 1 1 1
572 482 18 35 399
816 482 14 24 274
1215 482 9 14 93
1530 483 33 21 367
312 486 24 31 595
1044 487 3 6 18
1059 487 2 3 5
1151 489 6 8 44
865 491 21 25 261
1450 490 17 18 245
444 493 8 8 54
453 497 56 88 1770
1059 496 24 19 189
1118 499 5 4 16
1230 499 1 2 2
1813 499 27 22 429
1094 500 3 4 11
941 505 8 17 113
1041 505 2 4 7
1086 504 3 3 7
1435 505 1 3 3
961 506 1 1 1
1762 506 31 29 499
1123 508 11 16 126
979 511 3 9 20
1256 510 2 1 2
1574 510 14 17 168
1500 513 12 13 120
1050 517 4 4 12
1437 517 2 2 3
898 518 15 29 303
417 520 16 21 266
598 521 18 24 309
1013 521 2 3 5
1035 521 2 2 4
342 522 21 17 253
657 523 11 19 170
707 522 25 23 434
878 522 5 12 54
966 522 3 3 6
523 525 12 19 184
1317 525 16 21 252
1047 526 3 6 15
1143 527 22 20 194
845 529 19 19 112
924 529 5 8 37
950 529 1 2 2
1060 528 18 9 46
1511 531 7 7 41
955 533 2 4 8
1117 532 1 1 1
1359 533 14 19 180
1038 534 5 8 31
1247 535 1 2 2
931 537 6 9 42
962 545 2 5 8
380 546 19 27 416
1569 546 12 11 91
357 548 12 10 99
759 549 8 12 71
1009 549 2 5 9
1129 548 12 24 106
1519 548 14 15 153
509 550 11 14 120
691 550 8 10 60
1450 550 10 10 78
945 553 2 7 13
1050 553 1 2 2
1391 556 5 5 14
860 558 34 44 483
640 561 20 37 430
793 561 5 9 34
932 561 5 11 44
1083 561 16 29 219
1709 560 25 24 392
409 563 12 12 114
660 563 1 1 1
1117 563 1 1 1
1179 565 2 2 3
1462 564 27 41 478
1377 566 1 1 1
1616 567 29 35 508
742 569 9 3 15
833 568 18 19 191
1060 568 17 10 94
1209 568 4 2 5
1668 568 34 15 312
814 571 4 6 20
902 571 3 5 14
915 570 7 12 50
1164 570 16 23 231
1234 571 5 5 15
716 572 19 49 468
540 575 18 21 241
597 575 20 14 164
1000 575 2 4 6
1024 575 11 6 32
1213 575 6 5 26
1301 575 1 1 1
1381 579 5 8 33
1757 578 1 1 1
1011 581 10 10 51
365 582 13 11 105
936 583 7 5 25
1233 585 1 1 1
750 586 16 31 254
914 590 1 3 3
978 590 2 3 5
1228 590 1 1 1
934 592 2 4 7
1028 592 19 20 84
1133 592 3 3 5
1576 593 13 12 111
1812 593 17 6 51
1285 594 2 1 2
310 596 26 25 427
789 596 6 9 47
829 597 20 35 445
1214 598 1 1 1
1339 598 18 21 280
1377 599 13 16 165
1091 600 18 18 204
927 603 2 3 5
984 602 2 2 4
994 602 17 13 122
1070 602 2 3 6
94 605 9 3 22
916 604 2 4 7
1211 604 1 1 1
866 606 1 1 1
1064 607 4 6 13
944 609 2 5 6
1423 609 18 19 251
1744 609 17 19 238
1499 610 9 9 63
702 613 8 10 66
876 613 4 5 16
1026 614 2 3 6
1256 614 25 31 448
1309 614 1 1 1
772 617 9 40 292
913 617 5 15 50
1225 616 1 1 1
1121 618 10 13 72
1372 619 1 1 1
1360 620 2 1 2
939 622 1 3 3
1637 627 3 2 3
1009 629 1 4 4
1034 628 1 1 1
1061 628 17 15 144
1527 629 13 17 167
1021 630 4 5 16
1203 630 13 17 177
814 633 5 6 24
495 634 30 35 721
838 635 1 1 1
366 637 8 7 46
929 636 1 2 2
967 637 5 4 13
822 639 4 6 22
955 638 1 1 1
1014 638 2 5 10
341 641 6 6 26
908 641 3 5 15
922 640 7 5 19
1047 640 3 5 13
1147 641 1 1 1
1254 642 1 1 1
994 645 1 4 4
1250 644 1 1 1
450 646 18 17 208
579 647 12 15 134
860 647 71 26 624
946 647 6 4 18
1161 647 2 2 3
1178 647 1 1 1
1313 646 1 2 2
1595 647 15 18 207
1019 649 2 13 17
1332 649 11 12 56
917 650 1 1 1
1172 650 1 1 1
1508 650 5 5 10
527 653 8 9 56
829 653 3 3 7
1032 653 9 15 39
1118 655 1 1 1
1056 657 6 8 28
992 658 2 7 8
1153 658 14 23 231
1752 658 16 11 104
788 661 6 9 45
815 661 5 9 39
1124 660 6 8 24
1674 661 13 8 55
334 662 25 38 780
418 662 9 7 40
602 663 10 22 112
945 665 3 6 13
1305 664 1 2 2
1020 667 23 34 216
1068 667 3 4 8
1112 667 1 1 1
929 668 8 10 33
1202 669 7 19 55
1113 673 5 4 17
548 675 12 17 158
631 674 1 1 1
721 675 1 1 1
1702 675 12 5 36
1818 674 22 14 182
730 676 29 38 525
966 676 2 2 4
996 676 1 1 1
1132 677 17 21 159
1226 676 2 1 2
1320 679 5 4 15
926 680 7 12 22
1166 681 5 5 18
1746 681 32 23 346
433 682 5 3 12
832 682 35 21 249
1432 682 28 30 498
1507 683 14 19 184
692 686 1 1 1
885 687 11 18 152
1477 686 10 12 79
1573 686 2 2 3
1063 689 1 1 1
1075 688 10 42 229
489 690 31 26 479
687 690 2 4 5
983 691 3 3 7
1230 690 14 22 247
1610 690 1 1 1
1642 691 22 25 253
1721 691 13 12 98
1334 692 1 1 1
319 694 8 7 42
997 695 5 7 29
1116 695 3 3 9
968 697 1 2 2
1200 697 11 17 136
1280 699 22 22 332
1679 699 11 10 86
1823 699 1 1 1
711 700 6 7 26
959 701 3 7 11
1124 701 1 1 1
615 702 9 15 123
978 703 16 8 59
1376 703 19 17 202
913 705 1 3 3
1014 706 1 2 2
1412 707 1 1 1
1021 711 3 3 8
1360 710 1 2 2
1574 711 17 18 210
477 713 7 9 51
756 712 5 7 27
874 712 2 4 7
910 713 1 1 1
970 712 9 17 55
1610 713 14 14 142
859 714 5 9 37
1159 715 10 13 114
1551 715 12 9 61
821 716 6 9 37
1043 717 9 20 42
398 718 9 8 62
436 719 30 27 538
1479 719 7 7 29
1107 720 18 33 228
955 723 1 1 1
940 724 1 3 3
1028 724 5 4 14
1089 725 9 18 72
1255 725 1 1 1
385 727 9 8 54
520 727 3 2 4
926 726 4 3 6
1685 726 1 1 1
747 729 3 2 5
809 729 4 4 12
1174 728 4 7 25
754 731 6 5 20
835 730 4 7 24
952 731 1 1 1
1023 730 2 1 2
1677 731 5 4 15
1702 730 4 3 6
1011 733 1 3 3
1019 732 1 1 1
1661 732 4 5 9
942 734 1 4 4
609 736 8 9 53
973 737 1 2 2
1315 737 2 3 4
788 738 6 8 46
892 739 4 4 9
932 739 5 5 20
954 738 2 2 3
1261 739 12 18 126
1325 739 3 3 6
1580 738 13 13 116
991 742 1 2 2
1197 743 1 1 1
918 744 9 5 19
969 745 2 3 6
1021 744 1 2 2
1031 747 2 4 8
1012 749 2 3 6
1056 749 10 22 141
692 750 8 14 92
852 750 10 8 56
907 750 1 1 1
1413 750 6 6 18
467 753 16 29 266
774 753 7 9 54
817 753 3 6 12
1225 753 2 1 2
1598 752 14 12 131
962 755 1 2 2
1333 755 2 2 3
1544 754 19 19 210
574 756 18 18 200
976 757 9 8 31
1004 756 5 4 19
1034 756 8 11 25
1083 757 30 13 162
544 758 20 59 557
833 758 10 10 66
1118 758 1 2 2
621 761 19 45 489
668 760 7 9 52
910 762 1 3 3
999 764 20 35 272
1335 764 14 14 143
1580 765 15 23 226
750 767 1 1 1
1012 766 1 1 1
1025 767 2 4 7
716 768 5 4 15
1242 769 3 1 3
416 770 33 31 434
654 770 6 5 24
751 770 4 5 14
718 771 473 276 31398
930 771 4 4 12
1172 770 4 10 24
868 772 1 1 1
1498 773 21 21 298
921 776 4 3 9
957 776 3 4 10
1224 776 1 1 1
855 779 3 6 13
235 780 7 1 7
864 780 26 16 171
898 780 8 5 28
1661 781 18 18 225
1062 783 8 12 68
1253 782 1 1 1
1374 782 2 4 6
1482 783 2 1 2
989 784 3 5 10
934 786 1 3 3
977 786 1 1 1
1038 786 2 2 3
1104 786 1 1 1
1327 787 17 23 260
1289 788 2 2 2
587 791 8 9 52
830 793 17 12 81
1025 793 1 2 2
847 794 2 3 6
932 794 1 1 1
1291 795 9 11 78
676 796 7 6 31
722 796 5 8 37
1434 796 24 18 194
1556 796 12 12 96
476 799 9 13 96
656 798 8 11 73
897 798 1 1 1
1038 799 2 4 5
642 802 2 4 7
881 802 3 7 20
1606 807 4 3 10
1643 806 2 2 3
885 809 3 4 10
1473 808 6 5 20
628 811 9 12 93
903 810 1 2 2
968 811 26 11 84
910 812 1 3 3
217 817 4 2 5
916 816 4 6 20
944 816 2 4 4
1016 819 1 2 2
1197 819 1 1 1
1493 818 7 5 23
594 821 16 22 247
1026 821 1 1 1
1229 820 15 23 212
505 822 7 6 33
528 822 1 2 2
876 823 14 13 113
902 824 2 4 8
999 825 2 4 8
461 826 1 2 2
833 827 4 5 17
1284 826 11 19 130
1638 827 10 6 47
964 828 2 4 4
1006 829 4 6 15
1482 828 7 6 39
1329 830 4 6 15
849 833 2 2 4
1370 833 6 7 31
1673 832 12 8 52
1029 834 1 3 3
1497 834 8 15 50
453 837 9 8 46
944 836 1 5 5
519 838 2 2 3
868 838 1 1 1
919 839 1 1 1
1434 839 24 25 236
433 841 14 13 100
560 841 7 4 13
863 841 3 6 17
909 841 1 2 2
924 841 2 2 3
495 842 7 15 53
1460 843 3 2 4
1053 844 3 2 6
1251 845 9 13 92
1568 845 7 6 25
844 846 9 13 95
937 847 6 3 13
1175 847 1 1 1
1344 846 10 16 125
386 849 5 4 12
1485 849 8 7 42
255 851 1 1 1
350 850 16 21 276
889 851 2 3 5
1003 850 3 4 6
1063 850 7 7 37
1644 851 11 3 22
420 853 7 9 45
586 853 28 40 318
994 852 1 2 2
872 854 1 3 3
920 855 2 3 6
1633 854 10 8 49
963 857 1 3 3
1666 856 27 20 292
946 859 1 1 1
915 860 1 1 1
1011 860 1 2 2
1559 861 17 14 115
888 863 1 2 2
1028 862 11 10 26
1495 863 14 23 91
243 865 2 2 4
956 864 1 1 1
1003 865 1 1 1
1044 865 9 11 55
1531 865 8 6 35
858 867 3 2 6
901 866 5 7 14
976 867 1 2 2
1828 867 12 12 90
1013 868 1 1 1
922 871 4 7 16
1267 871 2 1 2
652 874 1 1 1
873 875 3 11 15
1427 874 3 3 6
517 877 8 7 39
717 877 1 1 1
976 877 7 6 12
1148 877 7 13 60
1600 877 16 24 253
1694 876 1 1 1
1221 878 2 1 2
560 881 7 9 48
686 880 1 1 1
1260 881 2 2 3
1533 881 2 1 2
1643 880 16 16 188
995 885 1 2 2
1337 884 9 11 77
1003 887 7 15 42
1363 887 6 6 29
448 889 10 9 67
920 888 1 1 1
1210 889 11 12 74
1718 890 3 3 6
424 893 12 23 194
864 893 1 1 1
878 893 3 5 11
918 893 1 1 1
953 892 1 2 2
1052 893 3 4 8
1579 893 1 3 3
528 895 6 6 30
621 895 1 1 1
665 894 25 20 100
913 894 1 2 2
1030 895 10 8 35
641 897 9 7 40
961 896 1 1 1
727 898 1 1 1
1365 898 28 21 204
1520 898 10 10 93
706 901 1 1 1
1130 900 2 2 3
392 905 6 6 27
877 905 1 2 2
890 904 2 5 10
1151 904 11 15 119
1770 904 1 1 1
712 906 5 4 16
914 906 23 18 150
1419 906 8 5 23
1488 906 8 7 38
1096 908 1 1 1
1271 908 6 11 54
1509 909 10 11 88
1651 909 11 10 74
951 910 1 1 1
1449 911 8 7 36
872 912 3 4 10
1131 912 2 3 5
1773 912 1 1 1
330 915 1 1 1
762 915 5 6 23
1341 915 13 20 174
1531 915 8 5 31
1405 916 6 4 15
357 918 1 1 1
597 921 4 5 16
753 924 11 18 99
519 926 1 1 1
537 926 1 1 1
430 928 3 1 3
550 928 1 1 1
887 929 2 3 6
963 929 1 1 1
1099 929 3 5 13
719 931 13 6 25
1593 930 7 8 22
388 932 15 24 277
1478 933 7 7 23
1822 933 4 3 8
450 935 11 6 35
314 936 1 1 1
1083 936 2 4 7
1424 937 1 1 1
551 939 6 6 20
1167 939 10 13 97
433 941 8 26 46
1344 945 1 1 1
1520 947 5 4 18
1421 949 1 1 1
1438 949 10 12 87
1588 949 8 14 57
1239 951 2 2 3
1378 951 4 4 13
624 953 1 1 1
641 955 15 29 184
741 955 23 46 353
1489 955 6 6 27
1411 956 7 6 37
1123 959 8 12 80
543 961 15 18 217
1697 961 1 1 1
1358 963 4 4 14
480 964 2 3 5
622 964 5 6 24
1161 964 1 1 1
1264 964 8 10 55
1823 965 1 1 1
1326 966 6 4 18
714 969 3 4 6
1071 969 5 13 47
1303 968 5 8 35
443 971 13 13 138
669 971 2 3 6
1355 970 1 1 1
1403 970 2 3 5
488 973 7 6 30
1406 973 1 3 3
1547 972 11 11 68
602 974 5 7 31
628 974 5 8 37
1131 975 17 34 298
1160 974 1 1 1
1232 974 1 2 2
1691 975 6 3 13
1172 976 5 8 26
1577 978 11 8 54
1622 980 5 5 9
199 983 1 1 1
498 982 13 11 72
607 983 5 7 32
1518 982 23 13 154
696 985 5 7 28
1212 985 1 1 1
391 989 13 16 140
842 989 11 17 83
1363 988 4 5 13
1417 988 2 2 3
658 991 10 6 34
1077 990 10 11 72
1498 990 4 5 17
830 993 3 4 9
629 997 7 7 38
1029 996 1 2 2
1228 997 1 2 2
1208 999 1 1 1
1411 999 7 6 28
1002 1000 1 2 2
1237 1001 1 2 2
1365 1002 1 1 1
427 1005 5 5 16
499 1004 7 9 43
812 1005 4 16 37
1097 1005 5 5 14
321 1006 2 2 3
618 1006 6 8 38
776 1006 3 6 12
839 1007 4 4 7
1561 1007 1 1 1
1472 1008 1 2 2
665 1011 8 13 40
1211 1011 1 1 1
726 1013 1 1 1
1023 1012 5 7 30
442 1014 1 1 1
866 1017 1 3 3
1042 1017 4 3 8
1431 1017 8 9 55
876 1018 1 2 2
1156 1019 7 9 50
1286 1018 7 5 23
634 1020 8 13 82
1214 1020 9 9 56
1342 1021 5 5 18
1496 1021 1 2 2
1547 1021 2 2 3
516 1022 8 9 55
747 1023 4 5 14
852 1023 1 3 3
1677 1022 1 1 1
782 1024 1 2 2
1049 1024 3 5 12
1086 1025 2 5 9
1397 1025 4 4 8
1456 1024 36 32 361
812 1028 1 1 1
1072 1028 5 6 23
1168 1028 1 1 1
1237 1028 20 25 204
1270 1028 2 3 4
1281 1029 4 3 10
1315 1028 13 12 96
1486 1028 4 5 15
17 1030 4 6 9
104 1030 4 3 7
356 1031 13 15 150
425 1030 2 1 2
471 1030 8 3 17
858 1031 1 2 2
1174 1033 9 10 65
1413 1032 10 13 94
229 1035 1 1 1
861 1034 2 2 4
982 1036 1 1 1
729 1038 26 36 295
818 1038 1 1 1
957 1038 1 1 1
963 1039 1 1 1
1493 1039 1 1 1
1513 1038 4 3 8
1558 1038 20 20 149
129 1043 1 1 1
884 1042 1 2 2
965 1043 1 1 1
1013 1043 1 1 1
1398 1042 7 9 42
791 1044 1 2 2
1104 1044 1 2 2
1295 1045 1 1 1
1354 1045 1 1 1
127 1046 1 1 1
220 1046 1 1 1
696 1046 2 1 2
816 1046 14 10 71
914 1046 1 2 2
949 1046 1 1 1
191 1049 8 4 23
567 1048 5 5 17
624 1049 1 1 1
757 1049 3 3 7
878 1048 2 4 5
890 1049 2 2 4
955 1048 1 1 1
1263 1049 13 5 23
641 1051 4 3 8
797 1051 1 2 2
981 1050 5 7 25
432 1053 1 1 1
466 1052 10 10 77
802 1053 1 1 1
864 1052 1 2 2
1008 1053 1 1 1
1220 1053 1 1 1
1518 1052 1 1 1
534 1054 5 4 9
631 1055 4 6 21
813 1054 1 1 1
773 1056 1 1 1
140 1058 1 2 2
1477 1059 1 1 1
856 1061 1 3 3
933 1062 5 7 30
487 1064 14 17 89
1087 1065 1 1 1
1184 1065 1 1 1
1207 1064 3 3 6
1240 1065 10 12 84
995 1067 13 12 45
1073 1067 1 1 1
1091 1066 9 27 159
1103 1066 1 1 1
602 1068 4 5 11
821 1068 1 2 2
834 1069 1 4 4
1197 1068 1 1 1
133 1070 2 1 2
943 1071 1 2 2
1130 1071 6 8 40
385 1073 1 1 1
661 1072 3 6 14
986 1074 1 2 2
1205 1074 1 1 1
1490 1075 3 5 6
904 1076 1 1 1
550 1078 33 31 453
808 1079 4 4 7
838 1079 1 3 3
1111 1079 12 10 71
1416 1079 3 3 6
1068 1080 13 11 70
1309 1081 4 5 16
1427 1080 6 6 25
1494 1080 1 1 1
132 1083 2 1 2
765 1082 11 8 47
1136 1082 5 7 30
1288 1082 1 1 1
675 1084 2 2 3
828 1085 1 1 1
1290 1084 2 1 2
730 1087 5 4 16
1341 1086 2 2 4
447 1088 1 1 1
968 1089 1 2 2
1002 1089 1 1 1
159 1090 1 1 1
672 1090 3 3 8
854 1091 1 5 5
1762 1090 1 1 1
23 1093 4 13 29
81 1093 3 3 6
521 1094 10 22 165
595 1095 6 10 27
1195 1094 1 1 1
509 1097 1 1 1
990 1096 2 3 5
1260 1096 4 15 25
1774 1096 1 2 2
836 1099 1 1 1
1279 1098 12 10 43
1726 1098 1 1 1
463 1101 6 5 18
1205 1101 1 2 2
833 1102 1 3 3
1039 1103 2 2 3
1180 1105 4 1 4
1393 1104 6 5 17
816 1106 1 1 1
856 1106 1 3 3
995 1106 5 7 16
1044 1107 2 4 7
1185 1107 2 1 2
1320 1107 10 7 35
645 1109 1 1 1
913 1109 1 2 2
1081 1109 5 5 17
1446 1108 2 2 3
492 1111 7 9 49
602 1111 5 6 22
1208 1111 1 1 1
1452 1111 6 8 42
633 1113 5 4 11
1265 1112 3 3 5
1308 1113 1 1 1
1364 1114 4 4 6
1117 1116 5 6 21
1200 1116 7 8 48
52 1118 7 7 22
477 1118 1 1 1
480 1119 1 1 1
726 1119 5 10 30
738 1118 1 1 1
609 1121 4 3 11
957 1120 1 2 2
1037 1121 1 1 1
24 1123 3 5 6
413 1122 9 12 72
1062 1123 1 1 1
437 1124 1 1 1
1017 1124 1 1 1
1145 1124 1 1 1
543 1127 11 10 54
750 1127 2 3 5
997 1126 1 1 1
1398 1126 6 10 31
350 1128 3 5 14
616 1129 4 2 7
629 1128 4 6 20
788 1128 7 2 8
842 1128 11 14 76
875 1129 1 2 2
1138 1128 4 5 17
741 1130 3 3 8
1310 1131 1 1 1
1324 1130 1 1 1
1001 1133 3 5 14
1346 1133 18 11 52
1434 1133 3 4 9
1789 1132 1 1 1
926 1135 11 5 23
1069 1135 4 6 19
1276 1135 1 1 1
1385 1134 2 3 3
660 1137 3 2 3
334 1139 1 1 1
357 1138 1 1 1
450 1139 9 8 50
726 1139 1 1 1
588 1141 1 2 2
796 1141 13 5 25
985 1141 3 4 9
1043 1142 3 3 5
1321 1142 1 1 1
1546 1142 9 7 34
1066 1145 1 2 2
1260 1144 4 4 12
1522 1144 1 2 2
639 1146 5 6 25
611 1148 1 1 1
828 1149 1 2 2
1065 1149 1 1 1
1100 1149 1 1 1
426 1150 6 6 22
608 1150 1 2 2
743 1150 4 7 25
764 1151 3 3 6
1125 1150 1 1 1
1496 1151 9 10 49
1219 1153 3 4 11
584 1155 1 1 1
863 1155 1 2 2
1047 1155 4 5 10
1369 1154 6 7 29
720 1156 11 5 25
1415 1156 6 7 30
666 1158 2 4 5
1014 1158 2 1 2
20 1160 2 1 2
574 1160 1 2 2
704 1160 3 8 10
990 1160 1 3 3
1210 1161 2 3 5
1246 1161 4 3 8
1022 1163 1 1 1
1606 1162 2 2 4
189 1164 2 2 2
677 1165 2 2 3
734 1165 2 4 7
1165 1165 1 1 1
690 1167 5 5 20
1062 1167 1 1 1
1155 1166 7 6 31
1404 1166 5 9 18
1476 1166 1 1 1
740 1169 1 1 1
980 1169 1 2 2
1009 1168 7 9 47
525 1170 9 6 39
1076 1170 3 4 9
419 1172 2 3 3
709 1173 3 2 5
752 1173 1 1 1
1322 1172 1 2 2
466 1174 1 1 1
1558 1174 1 1 1
621 1177 3 4 8
745 1176 2 2 4
778 1176 1 1 1
901 1177 1 2 2
1019 1177 1 1 1
1046 1176 1 1 1
1673 1176 1 1 1
726 1179 7 10 46
993 1178 2 3 5
1275 1178 1 1 1
1002 1181 2 4 7
1232 1180 2 3 5
338 1183 1 1 1
552 1183 3 3 7
929 1185 1 2 2
1184 1185 1 1 1
1224 1185 6 6 29
1408 1185 6 5 20
683 1186 2 3 5
468 1188 4 4 11
582 1189 11 6 43
1123 1188 5 8 31
1199 1189 1 1 1
666 1190 3 5 12
1379 1191 15 13 80
1349 1193 4 5 10
1536 1192 2 3 4
691 1195 2 2 4
758 1194 1 3 3
902 1195 1 1 1
1079 1194 2 1 2
1179 1194 2 2 3
1197 1194 1 1 1
661 1197 1 1 1
676 1196 6 3 14
900 1196 1 1 1
998 1196 1 2 2
1027 1197 2 2 4
1130 1196 2 6 8
641 1199 4 2 4
959 1198 6 4 9
1097 1199 4 6 18
1314 1200 1 1 1
698 1202 1 1 1
742 1202 2 4 7
1271 1203 1 1 1
882 1204 2 1 2
1231 1205 3 5 9
1320 1204 1 1 1
555 1207 2 5 6
523 1208 2 1 2
799 1208 4 5 12
1146 1208 1 1 1
624 1210 7 5 21
1057 1210 3 5 13
1103 1211 1 1 1
1408 1210 1 2 2
551 1213 3 5 12
682 1216 1 1 1
1214 1216 1 1 1
1216 1217 1 1 1
1276 1216 1 1 1
993 1219 1 1 1
1346 1218 1 1 1
736 1220 2 3 4
1094 1221 1 1 1
1468 1221 1 1 1
476 1223 3 5 12
1350 1223 1 5 5
589 1225 1 3 3
748 1225 2 3 5
1251 1225 11 3 14
1736 1226 4 2 5
