0 0 1840 1228 2128043
144 0 24 28 317
328 0 12 10 98
455 0 11 13 116
605 0 12 10 102
722 0 18 35 467
785 0 2 2 3
752 0 60 87 1536
878 0 2 1 2
1053 0 3 5 13
1218 0 1 6 6
1250 0 22 46 610
1607 0 39 76 1560
1664 0 67 53 1918
1802 0 30 34 638
956 9 8 22 127
1172 8 8 18 94
677 11 14 39 347
853 13 4 6 20
1013 15 4 5 12
443 16 7 6 29
970 19 8 22 132
1138 20 1 1 1
1068 24 5 9 37
350 27 13 31 236
479 28 7 9 44
1166 30 12 11 80
712 32 6 16 83
985 33 3 3 9
1396 34 13 19 165
1511 39 10 14 88
452 40 14 33 243
914 41 5 5 20
481 47 6 8 33
966 49 7 16 81
1105 48 45 105 1514
1052 50 26 43 415
948 59 8 24 118
677 61 7 16 89
1227 60 21 53 728
317 63 9 10 65
861 63 8 20 96
927 62 6 10 45
736 64 8 15 52
912 65 3 7 17
1335 64 15 30 290
1109 66 7 13 64
1160 66 4 7 22
1403 67 21 39 443
586 69 10 22 173
1433 68 31 63 864
561 77 7 13 75
811 77 9 29 190
891 76 5 6 23
133 80 11 10 77
842 82 15 39 416
1021 83 1 1 1
716 84 13 17 133
1177 91 3 2 4
1043 93 4 3 10
201 94 1 1 1
203 95 1 1 1
1666 95 36 52 1079
350 97 32 60 552
381 97 5 6 24
650 97 9 15 99
1190 97 3 5 11
995 98 6 11 53
1113 101 4 6 20
1475 103 8 18 87
866 107 24 32 455
505 109 4 6 15
434 110 7 7 40
1196 110 7 10 44
1148 115 3 4 9
309 119 8 9 41
428 122 3 2 6
757 123 20 25 301
998 125 3 3 6
1023 127 3 8 21
1596 127 28 72 993
418 129 8 11 66
332 135 4 3 7
1195 135 3 4 9
910 141 5 7 30
494 142 7 9 46
808 143 22 18 160
1137 142 3 3 8
927 145 30 52 643
456 149 6 9 44
572 148 7 12 67
838 149 3 7 19
90 153 8 7 35
967 152 3 4 9
1182 153 2 2 4
1375 155 14 21 193
715 157 4 5 12
790 158 4 5 12
1156 159 3 3 6
1015 161 12 8 68
1053 161 10 11 41
1576 161 13 9 82
6 163 3 2 5
1130 163 6 15 43
690 170 28 82 859
763 171 5 12 46
379 174 8 13 75
831 175 3 4 9
1297 177 13 24 212
1217 179 18 41 469
863 180 3 4 10
1007 181 2 1 2
1152 181 6 8 38
1095 183 2 2 4
893 184 4 12 29
971 184 1 2 2
731 186 1 1 1
1380 187 13 21 170
720 191 24 51 289
1633 191 22 31 438
499 193 7 13 71
758 194 4 13 41
201 196 8 6 31
466 197 6 7 33
784 196 15 48 389
1007 196 3 6 12
957 198 6 13 65
724 200 3 5 9
977 200 5 8 32
379 202 10 16 117
1295 202 2 1 2
1522 203 29 77 1064
1272 204 14 26 204
1081 206 13 42 251
1180 206 22 37 400
423 209 8 12 74
1164 210 2 4 7
967 213 1 2 2
1119 212 9 31 137
899 214 3 6 15
609 217 5 3 12
807 216 3 2 4
818 217 4 3 8
1239 220 10 39 291
1324 220 29 50 572
462 222 6 10 47
761 222 12 31 270
910 225 2 3 6
1154 225 3 4 10
811 227 7 22 123
1050 226 3 9 18
1005 229 2 6 11
1683 229 40 52 803
532 230 6 17 43
1072 231 6 7 35
1030 232 3 4 11
396 235 21 26 360
346 239 2 2 3
313 240 7 10 37
871 241 3 7 18
984 240 2 3 5
613 245 8 18 107
1146 244 22 34 300
857 247 5 12 42
893 247 3 7 20
1103 249 2 8 15
1439 248 41 78 1444
632 251 11 11 79
1126 251 3 4 10
366 252 5 7 25
970 253 4 10 28
1091 253 2 2 2
1161 253 27 28 434
1831 253 9 14 114
1418 255 21 33 391
532 256 12 27 156
467 263 17 26 220
841 265 17 14 109
1047 266 2 4 7
1564 266 36 65 1330
1351 268 1 1 1
1721 268 36 49 1048
827 271 176 225 11574
1350 270 23 31 297
1256 273 2 3 5
1060 274 3 7 13
1324 275 1 2 2
1119 276 3 4 10
505 280 11 12 83
858 280 3 6 15
1197 285 1 1 1
757 286 5 15 31
1008 286 3 6 12
1090 287 2 2 3
408 289 10 25 186
811 289 3 6 9
1115 288 1 1 1
1391 288 5 6 22
728 291 4 4 13
1122 291 26 58 777
216 293 1 1 1
29 294 2 2 3
1302 296 12 23 166
858 299 2 3 4
215 303 7 11 53
763 303 9 24 181
1171 303 13 34 244
180 305 7 5 23
845 309 14 21 114
1213 308 25 39 444
44 310 15 17 183
728 310 3 3 6
1085 310 3 4 9
1682 312 2 1 2
790 314 20 31 377
1026 315 3 4 9
1104 316 1 2 2
460 318 9 13 70
823 318 2 3 4
1327 318 21 52 331
1285 321 2 2 3
1045 323 2 5 9
501 326 3 4 8
837 329 4 8 32
753 330 1 1 1
1090 332 26 38 383
1493 332 19 27 333
16 336 13 9 65
674 337 7 16 98
811 337 23 43 258
933 336 1 1 1
1398 336 20 35 403
752 341 3 6 12
719 342 4 4 10
1078 343 2 2 4
1604 343 15 19 186
514 344 6 23 62
1378 345 2 1 2
1508 347 29 53 849
235 351 1 1 1
484 351 17 27 216
764 350 3 5 14
1009 351 2 4 7
584 353 1 1 1
784 352 20 41 525
1070 355 2 1 2
1369 354 2 1 2
1223 356 12 19 162
457 359 11 16 104
628 358 10 21 151
651 358 2 1 2
1029 358 3 9 18
1080 361 2 3 5
1281 360 2 1 2
1115 362 22 43 383
1278 365 1 1 1
842 367 12 8 34
1274 368 1 1 1
412 370 5 11 29
1296 371 1 1 1
395 375 3 2 5
515 375 3 7 14
1377 374 4 2 6
198 377 7 8 36
1143 376 1 1 1
837 378 1 1 1
1065 379 9 16 61
473 382 9 14 87
758 382 6 11 47
580 385 1 1 1
818 384 22 19 124
1286 386 8 15 66
239 388 9 13 60
672 389 9 17 132
412 390 8 19 107
512 390 9 11 51
852 391 3 11 15
856 390 1 1 1
1024 390 35 58 1040
263 393 1 1 1
1488 393 2 2 3
796 395 1 1 1
382 398 7 5 14
1265 399 8 14 84
1440 399 16 22 208
1084 403 2 3 5
1168 403 12 20 160
463 404 4 4 10
487 404 8 9 56
994 405 11 29 217
435 407 7 8 41
819 406 1 1 1
840 408 1 1 1
1082 408 2 5 5
1113 411 2 4 6
560 413 4 9 32
1461 413 25 48 729
755 415 4 11 28
795 414 8 21 122
1023 415 2 2 4
1263 414 1 1 1
837 417 3 3 7
1081 417 1 1 1
816 418 6 5 17
1355 418 5 14 39
972 420 2 2 3
1601 421 14 17 165
426 422 4 5 16
1506 423 42 37 820
1104 424 1 2 2
1135 424 2 2 4
490 426 1 2 2
1063 426 1 2 2
1148 426 1 1 1
533 429 5 4 10
605 429 2 1 2
920 428 5 7 11
1075 429 16 10 51
773 430 4 9 29
931 430 14 10 42
1102 433 2 3 5
1385 432 3 3 6
1560 432 15 19 196
506 435 2 2 3
128 440 10 4 28
239 440 1 2 2
790 440 3 2 5
1109 441 10 18 127
1353 441 60 68 2156
536 447 2 2 4
946 446 2 2 3
442 449 1 2 2
504 449 6 8 37
926 449 13 16 93
870 450 3 2 4
1127 450 1 2 2
789 453 22 20 153
1014 452 1 1 1
1670 452 16 12 140
719 455 1 1 1
982 456 2 3 6
1021 456 1 3 3
814 459 2 4 8
891 459 4 4 10
1216 458 2 1 2
510 460 5 8 33
642 460 6 9 46
715 461 1 1 1
778 461 6 15 63
941 460 1 1 1
1029 460 2 5 10
555 462 8 16 78
736 463 19 36 240
1149 463 12 24 198
1258 463 8 9 55
862 465 8 1 8
846 467 4 2 5
1006 466 2 5 7
844 469 1 1 1
527 471 3 2 5
952 472 1 3 3
994 473 2 2 3
855 475 1 1 1
1082 476 11 13 72
1605 476 26 45 498
856 479 5 8 34
870 478 4 5 9
1038 479 13 35 299
1062 478 3 5 15
1299 478 13 23 184
268 480 4 1 4
435 481 3 1 3
616 481 6 13 52
881 481 9 20 110
466 483 5 6 21
759 482 11 26 148
810 483 5 6 9
1011 483 3 7 13
1124 482 2 3 5
783 484 5 6 17
838 485 2 3 5
950 485 9 27 158
1065 485 1 2 2
648 487 1 1 1
682 486 1 1 1
986 487 1 4 4
343 490 3 4 8
439 491 4 3 9
715 491 3 4 9
780 490 29 78 712
849 492 20 42 332
922 497 3 5 13
1016 497 1 3 3
1095 497 8 11 29
1117 497 11 10 54
1412 496 24 42 356
1451 496 17 22 227
442 498 8 26 174
497 502 6 8 34
1334 502 3 1 3
716 504 2 1 2
1410 504 1 1 1
136 507 8 8 49
226 507 1 1 1
1079 507 1 1 1
1556 509 14 13 125
632 511 1 1 1
649 511 1 1 1
744 511 5 5 16
1083 511 5 3 13
674 513 8 7 14
948 512 1 3 3
1518 512 12 13 118
95 515 8 8 50
574 514 4 2 6
585 516 6 3 14
818 516 1 1 1
897 517 2 7 11
180 519 8 5 21
493 518 3 1 3
611 518 1 1 1
730 519 2 1 2
878 518 1 1 1
984 519 7 8 14
1000 519 1 1 1
1163 518 10 14 96
1065 520 2 2 3
1123 521 1 1 1
881 522 1 2 2
928 523 2 3 6
1398 524 2 2 3
1461 525 8 9 49
1308 527 11 12 90
266 528 1 1 1
516 528 15 14 49
566 528 4 2 7
747 529 2 3 6
890 529 2 4 5
1004 528 14 38 327
734 531 2 5 6
1091 530 3 13 20
611 532 1 1 1
681 535 3 5 13
866 535 9 7 31
922 534 1 1 1
950 535 1 1 1
1054 535 1 1 1
616 537 1 1 1
957 536 7 3 15
1045 537 1 1 1
443 539 5 4 12
808 539 5 13 54
834 539 5 17 55
1059 539 1 3 3
343 543 2 1 2
909 543 2 4 6
1212 543 8 16 91
1255 542 8 14 82
666 544 4 7 21
756 545 16 10 47
919 544 2 5 7
946 545 1 1 1
1028 544 2 4 5
717 547 4 11 38
939 547 2 2 3
1088 547 1 2 2
1482 546 19 25 279
500 549 1 1 1
609 549 1 2 2
1060 548 1 12 12
1650 549 1 1 1
465 551 1 1 1
532 550 5 3 11
0 553 10 15 115
482 553 1 1 1
733 552 2 1 2
881 552 9 5 14
507 554 3 8 11
521 555 1 2 2
545 555 2 1 2
1105 557 9 17 110
1311 556 5 7 20
1336 557 21 21 265
1393 557 1 2 2
315 559 2 1 2
747 559 1 3 3
854 559 71 88 2739
1072 558 4 6 16
343 561 1 1 1
945 560 1 3 3
721 562 1 1 1
1024 563 1 1 1
442 564 5 4 14
831 565 1 2 2
1038 564 1 2 2
1091 565 4 3 6
1545 564 10 10 70
112 567 4 3 5
522 566 2 2 3
846 568 1 2 2
914 568 2 5 6
697 571 9 20 123
1040 571 1 1 1
1264 570 2 2 2
471 573 2 2 3
726 572 3 4 6
813 575 1 3 3
964 575 1 3 3
740 576 2 3 5
948 577 2 1 2
1015 577 2 6 8
1434 577 23 31 346
397 579 1 2 2
537 579 5 14 46
771 579 6 32 108
834 579 1 2 2
960 579 3 2 6
1577 579 2 1 2
553 580 3 2 4
851 581 3 5 11
1100 580 1 1 1
1251 581 1 1 1
1372 581 11 13 97
456 583 3 3 5
790 582 2 4 8
438 585 1 1 1
668 585 1 1 1
750 585 2 2 3
643 586 1 1 1
954 587 2 5 8
1059 587 1 2 2
1154 589 6 4 21
1216 589 11 19 139
255 590 1 1 1
844 591 1 3 3
950 593 1 4 4
1008 593 1 4 4
1028 593 1 2 2
1077 593 2 2 4
446 594 3 4 11
745 595 1 1 1
320 597 5 8 34
786 597 2 4 6
837 596 7 12 63
974 596 1 6 6
1095 597 6 4 14
1013 599 1 1 1
1080 599 4 5 19
260 603 2 1 2
517 603 2 1 2
751 602 1 2 2
1014 602 4 4 7
132 605 4 2 5
449 604 13 12 71
617 604 1 1 1
1268 604 8 24 115
1286 605 6 3 12
365 606 1 1 1
814 607 4 6 17
989 606 1 1 1
982 606 103 146 1376
1141 606 1 1 1
151 608 5 6 17
553 608 6 7 22
1091 609 1 2 2
1246 608 8 10 52
1026 610 1 2 2
1189 610 6 9 39
396 613 1 1 1
511 612 6 2 11
541 613 1 1 1
754 613 3 8 23
785 613 13 27 183
1469 613 12 13 117
955 615 2 2 3
1486 614 23 32 465
76 616 1 1 1
767 616 2 3 6
425 618 2 3 6
519 619 10 4 24
1051 619 1 1 1
615 620 3 12 20
682 620 1 1 1
857 621 1 3 3
1029 621 1 2 2
339 623 2 1 2
579 623 1 1 1
629 622 15 15 80
1098 622 1 1 1
458 627 5 8 35
1289 627 1 1 1
118 628 10 10 78
490 629 1 1 1
570 629 4 6 17
1039 629 2 3 6
1053 628 17 23 138
1711 628 2 1 2
1097 631 1 1 1
1426 631 17 27 272
409 635 6 7 23
1092 635 4 7 15
1414 634 1 1 1
511 636 1 1 1
541 637 3 5 11
673 636 9 5 18
1132 636 15 36 242
763 641 1 4 4
800 641 3 5 14
627 643 1 1 1
966 643 3 2 4
1615 643 1 2 2
460 644 4 3 4
748 644 2 4 7
1050 645 1 1 1
1271 645 10 5 34
733 647 417 336 31654
1081 646 6 11 23
281 648 1 1 1
544 650 3 2 5
1104 651 16 20 183
973 653 8 9 39
284 654 1 1 1
672 655 1 2 2
869 655 1 3 3
457 656 4 2 6
469 657 4 3 10
661 656 2 3 5
825 659 1 2 2
924 658 1 2 2
1175 658 6 7 32
168 660 4 4 11
269 661 2 1 2
369 660 1 1 1
600 660 1 1 1
822 661 2 2 4
1082 660 1 2 2
1444 660 1 1 1
532 662 9 9 27
970 663 2 8 12
1534 662 12 15 117
1192 664 6 9 43
1389 665 15 22 198
630 667 1 1 1
799 666 2 2 3
852 666 2 4 7
989 666 9 4 17
660 669 6 12 43
1012 669 1 2 2
972 671 17 25 214
1286 670 4 11 20
1043 672 1 1 1
1064 673 1 1 1
335 674 2 1 2
459 675 3 6 8
1191 674 1 1 1
882 676 1 5 5
900 676 8 24 151
594 678 5 12 21
820 678 2 4 7
1451 678 1 1 1
872 681 1 2 2
803 687 3 3 9
464 689 13 13 63
392 690 3 3 7
571 690 4 7 21
727 691 1 2 2
858 690 1 5 5
1083 691 1 3 3
1329 691 3 3 6
486 692 2 2 3
1251 692 9 15 86
554 694 4 24 51
966 695 1 1 1
1341 694 2 6 12
1065 697 1 3 3
1135 697 1 1 1
1270 696 25 48 465
1313 696 1 1 1
723 699 1 1 1
622 700 4 11 15
887 700 11 17 99
924 700 22 44 334
1520 701 19 10 80
1406 705 4 4 10
514 706 14 11 84
955 707 5 21 50
1013 706 1 2 2
1306 709 28 65 570
203 710 6 6 21
865 712 1 3 3
1467 713 3 2 6
829 716 6 6 18
1575 717 10 14 77
1391 718 18 30 253
1155 721 7 12 42
821 723 4 7 21
511 725 2 3 4
1245 724 17 22 155
977 727 6 11 58
1005 727 1 1 1
535 728 4 7 22
670 729 4 14 44
1202 728 17 22 136
183 730 10 11 59
845 731 1 1 1
868 730 16 26 157
739 733 9 10 40
956 735 1 2 2
1188 734 5 6 23
606 736 3 5 10
862 737 1 4 4
375 739 1 2 2
402 739 2 2 3
548 739 10 9 38
895 739 2 5 9
166 740 4 3 9
622 741 1 2 2
1027 741 1 1 1
1657 740 2 3 4
206 742 5 4 14
1361 743 1 1 1
641 744 2 1 2
955 744 1 1 1
1041 744 1 2 2
1522 745 10 10 70
620 747 1 1 1
1503 747 1 2 2
1382 749 8 11 62
490 750 4 7 13
520 750 4 4 11
701 751 1 1 1
737 750 1 2 2
793 751 1 2 2
1147 751 6 9 40
1173 750 4 6 18
1210 751 2 2 3
85 752 2 2 3
598 753 1 2 2
716 753 1 1 1
934 753 2 10 11
947 753 2 2 2
1123 754 7 13 50
605 757 2 4 8
1502 757 10 12 74
409 759 1 1 1
823 758 1 3 3
894 759 2 2 2
897 759 10 6 22
1753 758 1 1 1
619 760 5 6 15
751 760 1 1 1
834 760 6 8 21
1060 761 3 8 10
1092 761 7 8 48
950 763 1 1 1
975 763 1 4 4
995 765 1 1 1
1347 764 10 11 70
398 766 2 3 6
462 767 2 1 2
684 766 1 1 1
1039 766 3 6 8
534 769 10 10 47
712 769 14 11 33
874 768 1 2 2
438 770 10 6 25
875 771 1 1 1
476 773 3 3 8
565 773 6 4 12
697 773 2 2 3
1006 773 1 1 1
1028 773 1 1 1
1065 772 2 3 6
1498 772 1 1 1
230 774 3 3 5
593 774 2 1 2
453 777 1 1 1
636 776 2 5 9
799 777 2 2 4
936 777 140 52 2560
1248 776 3 4 9
1295 777 1 1 1
482 778 5 9 37
913 778 24 11 86
999 779 1 1 1
1010 779 2 3 5
608 780 3 4 9
1060 780 4 8 15
1343 780 4 2 7
1446 781 12 6 25
1629 780 2 4 7
280 783 2 2 3
907 782 2 1 2
911 783 1 1 1
567 785 1 1 1
641 784 6 10 50
857 787 7 17 59
1028 787 1 1 1
1139 786 5 7 28
1400 786 2 1 2
1247 789 12 6 48
1399 788 1 3 3
743 791 5 17 49
686 792 1 2 2
972 793 1 1 1
1172 793 4 4 12
1380 792 18 20 209
723 794 1 2 2
903 795 6 19 54
481 797 3 2 4
831 797 15 11 50
1093 796 5 6 22
465 801 5 13 44
1424 801 5 5 14
690 802 4 6 17
1318 803 18 21 216
1480 802 9 12 67
1532 803 10 9 60
549 804 2 2 3
759 805 2 3 4
606 806 3 2 4
1205 806 10 12 54
565 808 1 2 2
849 809 1 2 2
1077 809 6 10 46
1224 808 1 2 2
566 811 2 3 6
683 810 5 6 25
732 811 1 1 1
1443 811 1 1 1
670 812 1 2 2
924 813 1 1 1
414 815 2 2 3
568 815 1 1 1
1135 814 2 1 2
396 816 2 1 2
659 817 3 5 14
1166 817 4 5 15
1266 816 1 1 1
1305 817 1 1 1
1337 817 17 10 76
580 818 1 1 1
613 818 2 3 6
574 821 2 2 4
1142 820 1 1 1
1229 820 1 2 2
756 823 14 10 45
1149 823 1 1 1
1369 823 1 1 1
1560 822 1 2 2
478 824 1 1 1
549 824 3 2 4
1152 824 3 3 7
343 830 3 2 6
484 832 4 5 13
837 833 1 1 1
1219 833 2 1 2
1353 833 8 13 65
455 835 2 2 4
738 834 1 2 2
255 837 4 5 18
719 836 5 6 25
1226 836 8 13 77
1309 836 1 1 1
1424 836 1 1 1
1456 836 4 3 8
670 839 2 3 6
770 838 3 7 9
999 838 1 1 1
1013 839 1 1 1
509 841 1 1 1
559 841 7 4 15
1048 840 1 1 1
1047 843 1 1 1
1262 843 1 1 1
495 845 11 12 46
1298 844 11 13 89
729 847 3 1 3
898 847 1 1 1
994 846 1 1 1
1010 846 1 1 1
1236 847 3 2 3
1702 847 3 2 3
254 848 1 1 1
711 848 3 2 3
1151 848 1 1 1
644 850 3 3 6
884 851 1 2 2
1326 850 17 26 189
1389 850 4 2 4
1410 851 3 5 12
1556 850 1 1 1
189 853 1 1 1
297 853 1 1 1
398 852 1 1 1
567 853 1 1 1
393 854 1 1 1
708 855 3 2 5
754 854 3 2 4
876 854 1 1 1
893 855 1 1 1
564 857 3 3 8
902 857 1 1 1
1658 857 1 1 1
1356 858 4 4 11
760 861 3 5 15
1191 860 5 8 27
1212 860 1 2 2
1262 861 6 6 23
1395 860 1 1 1
1542 860 3 3 5
578 863 1 1 1
706 863 6 9 21
781 863 1 2 2
1284 864 1 1 1
264 867 6 5 19
581 866 2 3 6
1526 867 1 1 1
549 869 3 2 4
776 868 1 2 2
448 872 5 3 12
591 873 1 2 2
1801 872 2 2 3
732 875 2 1 2
790 875 2 2 3
636 877 1 1 1
751 877 4 7 23
1171 878 34 12 168
1223 879 1 1 1
1300 878 10 16 107
1583 879 2 2 4
1751 878 2 2 4
423 881 1 1 1
1433 881 10 6 28
1715 880 1 1 1
576 882 3 2 4
765 883 1 1 1
490 885 2 1 2
561 884 4 7 13
628 885 2 2 3
742 884 1 1 1
1708 884 1 1 1
1764 887 1 1 1
518 889 2 2 3
1264 888 18 33 363
477 890 1 1 1
671 891 3 13 32
782 890 2 2 4
1220 890 1 1 1
1419 890 2 1 2
690 893 1 1 1
426 894 2 2 3
1374 894 1 1 1
1430 895 1 1 1
510 896 1 1 1
623 896 1 2 2
1167 896 4 11 25
1387 897 10 12 85
770 898 1 4 4
780 899 5 12 37
705 900 3 5 6
1219 900 1 1 1
1327 901 12 26 88
1351 901 6 5 24
1546 901 1 1 1
1748 900 1 1 1
485 902 1 1 1
593 903 1 2 2
684 902 1 1 1
731 903 11 1 11
768 904 1 1 1
1154 904 2 1 2
1503 905 1 1 1
1350 907 1 1 1
1467 907 8 5 27
1740 907 1 2 2
551 908 5 5 15
1210 911 1 1 1
1225 910 2 2 3
587 913 1 1 1
643 912 1 1 1
775 913 1 2 2
340 914 2 3 6
526 915 1 8 8
763 914 1 1 1
1362 915 6 4 16
640 917 1 1 1
1613 916 1 1 1
1679 917 1 3 3
591 919 3 2 4
1105 918 1 1 1
1486 918 3 2 4
344 922 1 1 1
603 922 2 1 2
620 923 1 1 1
742 923 3 3 7
1224 923 19 25 298
1387 922 15 13 111
812 925 1 8 8
1302 925 1 1 1
1478 925 3 3 6
1522 925 1 1 1
1747 925 93 57 4160
147 926 2 2 3
754 927 1 2 2
768 927 11 13 51
747 929 2 2 3
789 928 10 13 45
1165 929 3 2 5
501 930 1 1 1
1618 931 1 1 1
474 933 2 2 3
538 933 1 1 1
623 933 1 2 2
1253 932 22 22 148
1498 935 1 1 1
521 936 1 1 1
734 936 1 1 1
1295 937 1 1 1
1386 936 3 2 6
1075 938 2 1 2
1156 939 11 5 36
1168 938 1 1 1
1349 938 7 15 51
1288 941 1 1 1
1413 941 1 1 1
1632 941 1 1 1
586 942 1 1 1
1081 942 1 1 1
1208 942 1 1 1
332 944 3 2 3
623 944 1 1 1
778 945 2 4 8
1043 945 1 1 1
1300 945 11 21 126
603 946 1 1 1
524 949 2 2 3
590 948 1 1 1
781 949 7 7 35
1073 948 6 14 30
1549 949 1 1 1
667 951 1 1 1
1040 950 1 2 2
1173 951 8 7 36
1196 950 5 9 39
766 953 1 1 1
1472 953 1 1 1
1094 955 3 3 7
1246 955 3 2 6
1320 954 2 1 2
1335 954 4 5 16
1644 955 1 1 1
1108 957 1 1 1
1254 957 6 8 39
1575 957 3 2 5
443 959 1 1 1
601 959 5 4 12
778 958 1 1 1
1226 958 1 1 1
1231 959 1 1 1
573 960 2 2 3
664 960 2 3 4
729 960 4 4 12
966 963 1 2 2
988 963 1 1 1
1425 963 11 8 29
564 965 1 1 1
1023 965 3 3 5
1212 964 2 2 2
1445 964 1 1 1
783 966 1 1 1
1001 967 2 3 6
1253 967 1 1 1
507 968 2 4 6
1051 968 3 6 12
1164 968 4 5 17
1222 969 2 1 2
1208 971 1 1 1
688 972 1 1 1
796 973 1 2 2
1548 973 1 1 1
707 975 1 1 1
1322 975 4 5 16
1498 975 1 1 1
274 977 6 4 18
622 977 1 1 1
1068 977 8 19 71
1140 977 3 5 11
1200 976 1 1 1
603 979 1 2 2
734 978 1 2 2
745 978 18 31 199
768 978 1 1 1
776 979 16 13 81
897 979 4 7 24
394 981 1 1 1
479 980 1 1 1
1264 980 1 1 1
1306 981 1 1 1
1391 983 1 1 1
839 985 1 1 1
1222 985 4 5 17
1243 985 1 1 1
1329 984 6 9 51
1411 985 1 1 1
160 986 1 1 1
666 987 1 1 1
954 989 1 1 1
1246 988 1 1 1
795 990 1 3 3
987 990 1 1 1
1272 991 5 6 18
1297 990 3 2 4
1476 991 4 3 8
481 992 1 1 1
587 993 1 1 1
689 992 1 1 1
717 993 5 4 12
1214 992 8 8 54
1316 992 2 3 4
504 994 1 1 1
615 995 1 2 2
811 994 1 2 2
984 994 1 1 1
1337 994 7 5 28
392 996 1 1 1
530 997 1 2 2
601 997 1 1 1
1166 996 4 11 25
1232 997 1 1 1
1708 997 3 1 3
461 998 1 1 1
588 999 9 3 19
637 999 1 1 1
939 998 3 5 14
1236 998 18 18 114
364 1001 1 2 2
776 1000 1 2 2
531 1003 8 7 26
692 1002 1 1 1
709 1002 1 4 4
1687 1002 2 1 2
796 1004 1 1 1
558 1007 1 3 3
726 1006 1 1 1
1031 1006 2 2 3
1182 1006 1 2 2
1290 1006 18 10 92
1322 1006 2 1 2
1368 1006 1 1 1
577 1008 1 1 1
678 1009 1 1 1
780 1009 1 1 1
1276 1008 6 5 26
328 1010 1 1 1
330 1011 2 1 2
539 1011 1 1 1
620 1010 1 1 1
690 1011 1 1 1
732 1010 3 5 12
926 1010 4 14 33
942 1011 2 1 2
971 1011 1 1 1
1153 1011 3 3 7
1171 1010 1 1 1
1034 1012 1 1 1
1135 1013 3 4 9
1361 1012 1 1 1
608 1015 1 1 1
1194 1015 21 20 126
1328 1014 6 7 36
471 1016 2 2 2
1069 1016 1 1 1
505 1019 1 1 1
533 1019 1 1 1
675 1018 1 1 1
1003 1018 1 1 1
1005 1019 1 1 1
1225 1018 1 1 1
1287 1019 1 2 2
1366 1019 15 16 152
1737 1019 1 1 1
520 1020 3 5 12
712 1020 2 5 9
854 1021 8 10 59
886 1021 1 1 1
1123 1020 3 4 9
1149 1020 1 1 1
1304 1020 1 1 1
1543 1020 1 1 1
40 1023 2 1 2
604 1023 1 1 1
973 1022 1 2 2
1156 1023 4 12 22
1249 1023 8 21 38
1262 1022 1 1 1
1336 1022 2 1 2
544 1024 1 5 5
502 1026 1 1 1
768 1027 11 3 15
832 1027 9 7 21
1067 1026 3 6 13
578 1028 1 1 1
641 1028 1 1 1
895 1028 1 1 1
1111 1029 1 1 1
1299 1029 1 1 1
451 1031 1 1 1
489 1030 1 2 2
653 1031 1 1 1
873 1030 1 1 1
918 1031 1 1 1
1142 1030 4 5 13
1225 1031 1 1 1
1328 1030 3 4 7
1463 1031 1 1 1
608 1032 1 1 1
621 1032 2 4 5
683 1032 1 1 1
1298 1032 1 1 1
980 1035 2 1 2
1272 1034 3 5 9
1313 1035 1 1 1
49 1037 1 1 1
690 1036 1 3 3
1014 1036 3 6 13
1122 1036 2 3 5
1200 1037 5 3 15
1363 1036 1 1 1
630 1039 1 2 2
732 1038 11 17 80
762 1039 3 2 4
1579 1038 1 1 1
797 1041 2 1 2
817 1040 1 1 1
1091 1040 2 4 7
356 1043 2 3 6
604 1043 1 1 1
615 1042 1 1 1
785 1042 1 3 3
824 1042 1 1 1
1018 1043 1 1 1
1237 1043 1 1 1
1314 1042 4 6 20
1576 1043 1 1 1
769 1044 3 4 9
906 1045 3 4 10
1060 1044 1 1 1
1235 1044 1 1 1
717 1046 1 2 2
1188 1046 9 3 11
970 1048 4 4 11
1053 1049 1 2 2
1340 1049 2 1 2
1752 1049 1 1 1
435 1051 1 1 1
532 1050 5 8 12
582 1050 1 1 1
596 1051 1 2 2
806 1051 1 2 2
1117 1051 1 1 1
1204 1050 1 1 1
791 1053 2 2 3
860 1053 2 2 4
931 1052 1 1 1
1020 1052 1 1 1
1150 1053 3 4 8
1424 1053 1 1 1
656 1054 1 1 1
1227 1055 2 2 3
1239 1055 1 1 1
1338 1055 1 1 1
625 1056 1 2 2
704 1057 2 2 3
762 1057 17 9 89
508 1058 1 1 1
632 1059 1 1 1
667 1058 5 1 5
785 1059 1 1 1
1073 1058 4 10 31
1092 1059 4 7 20
1199 1058 1 1 1
1265 1058 4 2 7
1373 1059 4 4 10
321 1061 1 1 1
1155 1061 2 2 3
1499 1061 2 1 2
1318 1062 2 2 2
1355 1063 1 1 1
553 1064 1 3 3
639 1064 6 1 6
932 1064 4 9 26
612 1067 1 1 1
650 1066 1 1 1
692 1067 1 3 3
985 1067 2 3 5
1414 1066 1 1 1
566 1069 1 1 1
1117 1069 2 4 6
1209 1069 1 1 1
1287 1068 5 5 19
600 1070 1 1 1
606 1071 2 7 10
664 1071 1 1 1
712 1070 1 4 4
1267 1071 7 5 20
1308 1070 1 2 2
655 1072 1 2 2
904 1073 1 2 2
998 1072 3 6 10
1019 1073 1 1 1
1283 1073 1 1 1
1317 1073 1 1 1
819 1074 1 1 1
922 1075 3 5 13
1011 1075 3 6 17
1067 1075 2 4 5
1104 1075 1 1 1
1167 1075 4 4 13
1248 1074 3 3 8
1489 1075 1 1 1
1210 1077 1 1 1
1378 1077 1 1 1
342 1079 4 4 8
561 1078 1 1 1
1103 1079 1 1 1
1228 1079 3 2 5
1303 1079 5 5 21
1511 1078 1 1 1
690 1080 1 1 1
877 1080 2 4 7
1092 1081 1 2 2
1154 1080 5 4 16
1184 1081 10 24 104
1254 1080 1 1 1
284 1083 1 1 1
836 1083 1 1 1
801 1084 1 1 1
812 1085 1 1 1
956 1085 1 1 1
1026 1084 3 6 14
1141 1085 2 2 3
1175 1084 1 1 1
1209 1084 17 14 171
1280 1084 2 3 5
1322 1084 10 22 71
1398 1085 6 2 8
640 1087 1 1 1
374 1089 2 2 2
535 1089 2 1 2
777 1088 2 6 11
789 1089 7 12 23
981 1088 1 1 1
1276 1089 4 5 15
1309 1089 5 4 16
1815 1088 1 2 2
482 1090 1 1 1
907 1091 1 1 1
1040 1091 1 1 1
1354 1091 4 4 11
558 1092 1 1 1
1131 1093 3 4 9
1290 1093 1 1 1
481 1095 1 1 1
915 1095 1 1 1
989 1094 1 1 1
1149 1094 4 1 4
457 1096 2 2 3
620 1097 1 2 2
896 1096 2 1 2
933 1096 1 1 1
1000 1096 3 4 9
1181 1097 1 2 2
1227 1097 5 6 22
1257 1097 1 1 1
1597 1096 3 3 5
453 1099 2 2 4
1044 1098 1 1 1
1350 1099 2 1 2
14 1100 14 21 132
1034 1101 4 5 15
1380 1101 16 9 52
449 1103 1 1 1
564 1103 1 2 2
883 1103 2 2 4
1262 1102 4 3 9
1134 1104 4 2 5
1371 1104 1 1 1
394 1107 2 2 4
684 1107 1 1 1
1282 1106 1 1 1
1344 1106 1 1 1
1514 1107 1 2 2
1111 1109 1 1 1
1166 1109 4 7 17
411 1110 1 1 1
434 1110 1 1 1
470 1110 2 2 4
615 1110 4 5 7
675 1110 7 23 74
722 1111 1 1 1
904 1110 16 18 96
1145 1111 1 1 1
1189 1111 1 1 1
1313 1111 3 3 5
788 1113 4 1 4
933 1113 1 1 1
563 1115 1 1 1
1106 1115 1 1 1
1370 1115 1 1 1
1495 1114 2 6 6
503 1116 1 1 1
575 1117 1 1 1
632 1116 2 2 3
700 1117 1 1 1
797 1117 2 5 8
884 1116 1 1 1
974 1117 1 1 1
1282 1117 1 1 1
1426 1116 11 10 49
468 1118 1 1 1
1207 1118 1 1 1
1524 1118 1 1 1
1631 1118 1 1 1
837 1121 1 1 1
944 1121 10 5 17
989 1121 1 1 1
1485 1120 1 1 1
667 1122 1 1 1
781 1122 1 3 3
1067 1123 3 5 9
1243 1123 8 17 69
642 1124 1 1 1
828 1124 1 2 2
853 1125 1 1 1
956 1125 2 1 2
1008 1124 4 5 13
1358 1124 1 1 1
1442 1124 5 9 13
1515 1124 1 1 1
366 1127 2 2 3
741 1127 1 1 1
844 1127 1 2 2
1054 1126 2 4 5
1270 1126 9 5 17
229 1128 1 1 1
763 1129 1 6 6
809 1129 1 2 2
1109 1129 1 3 3
1224 1128 3 3 7
1415 1129 1 1 1
1586 1129 2 1 2
460 1131 1 1 1
509 1131 1 1 1
714 1131 2 2 4
784 1131 1 1 1
1079 1131 1 1 1
1156 1130 11 10 48
1284 1131 2 1 2
1314 1131 7 3 9
1379 1130 1 1 1
428 1132 1 1 1
699 1133 1 1 1
810 1132 5 8 12
979 1132 3 2 4
1330 1132 5 2 6
1368 1133 10 8 46
1451 1133 1 2 2
1554 1132 1 1 1
1693 1133 1 2 2
587 1134 1 2 2
906 1134 2 5 8
1291 1134 2 2 3
208 1136 1 1 1
363 1136 2 2 4
704 1137 3 4 8
716 1137 1 2 2
1000 1137 1 1 1
1172 1136 29 25 313
1216 1137 8 5 36
1418 1137 2 2 3
1556 1136 2 3 5
424 1139 1 1 1
590 1139 1 1 1
684 1138 7 2 8
794 1138 1 2 2
1119 1139 4 4 15
1467 1139 2 2 3
365 1141 1 1 1
726 1140 2 5 9
505 1143 1 1 1
754 1142 2 5 6
1209 1143 7 7 45
1348 1143 10 4 14
1436 1143 1 2 2
528 1144 2 2 3
843 1144 1 2 2
888 1144 2 1 2
976 1144 6 7 14
1160 1144 2 2 3
378 1146 1 1 1
818 1146 1 1 1
842 1147 1 1 1
1265 1147 4 7 16
1407 1147 4 5 10
1447 1146 1 1 1
522 1148 1 1 1
646 1148 1 1 1
1083 1149 2 3 4
1096 1148 2 1 2
1128 1149 1 2 2
1254 1148 1 1 1
701 1150 1 1 1
720 1150 1 6 6
1108 1151 1 6 6
455 1153 1 1 1
488 1153 1 1 1
1281 1152 1 1 1
1614 1152 5 6 16
1700 1153 17 4 26
461 1154 3 2 3
995 1154 1 1 1
1244 1155 4 4 15
1324 1154 1 1 1
1329 1155 2 2 3
370 1156 1 1 1
619 1156 4 12 23
749 1157 13 9 59
820 1156 1 1 1
835 1156 1 1 1
1003 1157 2 1 2
1204 1157 34 20 210
1455 1156 1 2 2
1562 1156 3 3 7
530 1159 1 1 1
644 1159 1 1 1
1094 1159 1 2 2
1173 1159 1 1 1
1724 1159 1 1 1
791 1160 4 4 14
813 1161 1 1 1
844 1161 1 1 1
875 1161 1 1 1
899 1161 1 1 1
929 1161 2 8 8
1349 1160 1 1 1
1397 1161 2 2 4
565 1163 1 2 2
855 1163 1 1 1
919 1163 1 3 3
1051 1163 2 1 2
1118 1163 1 2 2
1241 1162 3 3 9
1350 1162 8 14 58
1503 1163 11 11 97
423 1165 1 1 1
467 1164 1 1 1
483 1165 1 1 1
605 1164 1 1 1
859 1164 1 1 1
946 1164 2 4 8
959 1165 1 1 1
834 1166 1 1 1
840 1167 1 1 1
886 1166 1 1 1
973 1167 9 9 47
1038 1166 3 3 6
1091 1167 1 2 2
1119 1167 1 1 1
1262 1167 1 1 1
1813 1167 8 7 33
387 1168 1 1 1
785 1169 1 1 1
800 1168 1 1 1
901 1168 1 1 1
1094 1169 8 3 14
1278 1168 2 1 2
1408 1169 9 13 33
1424 1168 2 2 4
1674 1169 1 1 1
810 1171 1 1 1
1010 1171 2 4 6
1035 1170 10 12 30
1263 1171 1 1 1
1451 1170 2 1 2
463 1172 1 1 1
521 1173 1 1 1
692 1172 1 1 1
1050 1172 1 1 1
1120 1172 4 4 12
1247 1172 1 1 1
1467 1172 1 1 1
507 1175 1 1 1
781 1174 1 3 3
1081 1175 3 2 3
1163 1175 1 1 1
1285 1174 11 9 30
1308 1175 2 2 3
1333 1175 1 1 1
766 1176 1 2 2
778 1177 1 1 1
1166 1177 1 1 1
1195 1177 2 2 2
1253 1176 1 1 1
1434 1177 2 2 3
618 1179 1 1 1
939 1178 1 1 1
970 1178 1 1 1
1317 1179 1 1 1
1369 1179 1 1 1
1557 1179 2 2 3
813 1181 1 3 3
1054 1180 2 3 4
1093 1181 12 11 39
1108 1180 5 4 15
1139 1180 7 11 43
1241 1180 3 1 3
1325 1180 1 1 1
1340 1181 1 3 3
1587 1181 2 3 4
842 1182 2 2 2
1217 1183 1 1 1
1539 1183 1 1 1
437 1184 10 2 11
541 1184 1 1 1
878 1184 1 1 1
997 1184 1 3 3
1189 1184 1 1 1
1510 1185 1 1 1
1542 1185 1 1 1
393 1187 1 2 2
416 1186 1 1 1
822 1187 1 5 5
1034 1187 1 2 2
1298 1186 1 2 2
777 1188 1 3 3
879 1189 1 1 1
983 1188 1 1 1
1366 1189 1 1 1
913 1191 2 1 2
1054 1191 3 2 3
1119 1190 1 1 1
1220 1190 14 11 39
1330 1191 1 1 1
1614 1191 2 1 2
528 1193 1 1 1
653 1192 1 1 1
750 1193 1 1 1
775 1192 1 4 4
866 1193 1 2 2
896 1193 12 8 29
923 1192 10 5 14
975 1192 1 1 1
1000 1192 3 5 13
1192 1192 5 8 33
1249 1192 3 4 9
1383 1193 1 1 1
1393 1192 4 4 7
1426 1193 1 1 1
1690 1193 6 4 21
367 1194 1 1 1
580 1194 3 2 4
1105 1194 2 3 5
1378 1194 1 1 1
1751 1195 1 1 1
869 1196 1 2 2
961 1196 1 1 1
1271 1196 1 1 1
386 1199 1 1 1
455 1198 1 1 1
483 1198 1 1 1
654 1199 1 2 2
1124 1200 1 1 1
1188 1201 1 1 1
1193 1200 25 28 149
1528 1200 1 1 1
1556 1200 5 2 7
878 1202 1 1 1
995 1203 1 1 1
1237 1202 5 8 12
1278 1203 2 1 2
1507 1203 1 1 1
302 1205 1 1 1
773 1204 2 1 2
855 1205 11 3 13
1368 1205 12 3 21
1517 1204 2 1 2
388 1206 1 1 1
835 1207 1 3 3
927 1206 2 1 2
939 1206 2 1 2
945 1207 5 4 8
960 1206 1 1 1
976 1206 13 22 98
1163 1207 4 2 6
1297 1206 1 1 1
1347 1207 1 1 1
1453 1207 2 1 2
430 1208 1 1 1
1036 1208 1 2 2
1386 1209 6 7 22
1456 1208 1 1 1
523 1210 4 6 16
609 1211 1 1 1
656 1210 1 1 1
677 1210 1 1 1
740 1210 3 4 6
791 1211 1 1 1
1121 1210 1 1 1
615 1213 1 1 1
787 1212 1 1 1
875 1212 3 1 3
907 1212 1 1 1
964 1212 2 1 2
967 1213 1 1 1
1249 1213 1 2 2
1592 1213 1 1 1
178 1214 4 2 7
443 1215 1 2 2
816 1214 1 2 2
903 1215 2 2 3
1114 1214 1 1 1
1251 1215 4 3 6
1303 1215 5 6 17
173 1217 1 2 2
393 1217 1 1 1
439 1217 1 1 1
475 1216 1 2 2
527 1217 1 1 1
744 1216 1 1 1
839 1217 1 1 1
1081 1216 1 2 2
1098 1217 1 3 3
1151 1217 1 1 1
1219 1217 2 11 13
1240 1216 2 3 6
773 1218 1 1 1
1293 1218 2 1 2
1401 1219 1 1 1
651 1221 1 1 1
719 1220 1 1 1
1073 1221 2 7 9
1144 1221 2 7 8
1158 1221 1 1 1
1344 1221 4 7 24
1382 1220 1 1 1
1423 1220 2 1 2
324 1223 3 5 15
970 1222 2 6 7
1287 1223 4 5 20
1554 1222 10 6 31
5 1224 2 4 8
538 1225 1 3 3
814 1225 1 3 3
927 1224 1 4 4
1207 1224 2 4 8
1233 1225 1 3 3
1421 1224 1 4 4
687 1227 1 1 1
702 1227 2 1 2
1037 1226 2 2 3
1300 1227 1 1 1
1406 1226 1 2 2
