0 0 1840 1228 2181173
408 0 30 30 233
541 0 1 1 1
613 0 5 5 22
659 0 7 11 74
836 0 2 1 2
867 0 9 6 38
922 0 3 4 11
960 0 19 25 388
993 0 4 12 45
1044 0 7 24 84
1076 0 5 8 33
1095 0 5 5 21
1184 0 2 2 3
1208 0 9 11 73
1256 0 6 3 15
1304 0 7 7 36
1408 0 9 12 93
1434 0 6 3 13
1567 0 17 68 190
1632 0 25 96 294
1727 0 25 85 229
784 5 3 5 11
794 7 16 32 225
595 8 14 14 164
1328 9 21 42 323
1424 8 6 8 35
1027 10 1 1 1
666 13 12 31 204
889 14 4 8 24
746 17 6 9 48
988 17 1 1 1
1360 17 3 3 8
524 19 14 24 210
715 18 6 15 74
829 19 4 14 42
685 20 4 7 22
1011 20 10 4 14
1537 23 1 1 1
1775 22 65 54 317
908 24 15 10 98
1066 24 8 13 79
614 27 18 14 91
737 27 6 21 117
1021 26 3 6 16
1050 26 3 8 19
989 28 15 31 146
1279 29 7 9 47
1536 28 1 1 1
1312 31 3 3 7
763 32 19 13 122
866 33 4 4 10
881 32 3 3 7
986 32 3 4 9
1511 35 4 5 14
1532 37 5 11 26
437 39 13 39 215
1231 38 37 29 551
1397 38 33 44 529
958 41 11 22 135
1103 42 4 3 8
562 46 25 40 506
600 47 12 24 188
887 47 4 6 18
1093 47 7 21 125
839 49 9 22 109
1020 49 12 18 125
770 56 3 4 9
1304 56 17 37 245
794 59 10 22 129
913 62 3 7 17
1041 64 10 12 46
1566 71 1 2 2
1579 71 26 2 37
1530 73 31 1 31
497 75 6 8 29
885 75 3 6 16
320 76 11 18 141
999 76 6 12 50
1778 77 62 147 642
896 80 16 25 163
1030 83 8 35 142
1333 84 19 30 299
1563 84 1 1 1
717 87 13 39 358
1016 87 2 4 8
1217 87 7 8 41
1436 86 8 10 55
1234 88 14 15 109
1397 89 10 14 101
1562 89 1 3 3
1725 90 1 2 2
533 92 5 8 28
858 92 4 8 27
1559 93 3 13 13
1724 93 1 5 5
637 95 14 33 258
785 97 4 7 23
1723 99 1 2 2
979 100 3 6 15
1305 101 4 8 23
1467 100 5 4 8
681 103 5 9 37
955 106 6 16 78
1558 107 1 3 3
833 108 13 16 71
1019 109 3 7 17
1043 108 25 26 241
1079 109 3 3 8
1720 111 1 1 1
766 113 7 15 81
1370 113 9 17 113
1557 113 1 3 3
847 115 3 6 16
1211 115 5 11 48
860 117 20 12 142
1233 117 20 24 283
989 118 5 17 48
667 121 5 5 13
802 121 3 4 9
976 120 4 14 51
601 122 6 11 55
1425 123 6 8 33
1555 123 1 3 3
406 124 7 13 74
695 124 10 18 113
900 125 4 13 37
779 129 3 4 9
1034 129 6 12 60
1166 130 7 6 31
1333 131 13 24 173
426 133 19 19 163
932 133 3 4 10
1452 132 6 8 35
1553 132 1 1 1
1715 132 1 1 1
1714 134 1 2 2
879 139 2 3 5
1713 139 1 1 1
1551 141 1 3 3
1712 141 1 1 1
937 142 23 43 341
791 144 5 9 35
602 147 7 12 61
663 146 10 45 180
1550 146 1 1 1
759 148 12 19 137
927 148 6 8 31
1423 149 7 20 109
449 150 6 8 35
978 150 3 8 22
1371 150 13 48 358
1549 151 1 1 1
869 152 17 26 172
1006 152 2 6 10
342 157 13 29 169
712 156 8 14 84
1043 159 2 3 4
568 160 5 14 57
1003 162 3 5 9
1224 163 3 5 12
1541 162 7 31 39
1706 163 1 1 1
959 165 10 9 41
328 166 8 9 63
374 167 21 15 202
847 167 3 5 12
1303 169 6 8 38
617 170 29 50 379
1178 175 7 10 53
299 176 8 8 41
525 176 6 19 90
1035 177 6 6 24
796 179 5 14 61
1251 178 1 1 1
862 183 3 8 21
1051 183 4 8 23
472 185 6 13 66
759 185 13 10 75
976 184 1 1 1
931 186 24 20 221
1166 187 6 8 38
1300 189 7 11 52
1067 190 4 8 28
1202 191 3 3 6
820 193 10 9 58
1507 193 1 1 1
787 195 2 2 3
1515 194 20 12 134
650 196 5 7 24
1049 197 2 4 5
1544 197 18 11 60
842 199 3 5 13
896 198 7 14 75
1002 198 2 1 2
1402 199 9 15 93
1184 202 3 3 9
577 204 8 17 95
799 204 5 14 55
1069 205 8 16 100
721 206 5 12 43
772 207 2 2 4
1025 207 1 2 2
1028 209 5 14 48
1563 208 2 1 2
1252 211 7 24 117
1308 211 6 10 49
879 213 12 28 137
1726 212 10 2 18
1155 214 7 13 67
1747 214 12 2 19
908 220 4 6 14
993 220 2 2 3
780 223 3 7 20
928 223 16 14 146
958 223 2 3 4
982 223 3 7 15
1420 223 21 15 197
1385 224 12 18 141
1726 224 14 3 18
1002 226 1 2 2
1033 226 3 3 9
1744 227 6 1 6
1047 228 4 10 34
1755 228 1 1 1
828 230 3 4 12
1199 231 4 6 17
639 232 6 11 54
832 235 1 1 1
1175 235 4 6 20
1080 236 7 15 80
410 238 9 8 53
819 241 3 9 24
1029 241 1 2 2
1263 241 2 1 2
1003 243 2 4 8
920 247 3 2 4
872 248 2 3 6
1006 248 2 4 8
1151 251 7 13 67
1253 251 6 5 21
933 253 2 4 7
1016 253 5 14 38
586 254 4 7 22
1230 254 5 9 37
800 257 4 8 25
929 258 2 3 5
982 259 1 3 3
422 263 8 13 76
817 262 5 8 21
861 262 8 5 34
924 263 24 35 435
949 262 2 5 8
1051 262 26 50 598
1210 264 8 21 104
379 267 8 14 85
984 266 3 15 32
1354 267 11 23 139
483 268 6 8 33
1376 268 8 17 100
286 270 21 22 306
587 270 3 5 12
966 271 3 4 11
1015 273 9 17 82
1088 273 7 13 71
856 274 3 4 10
1259 274 5 9 39
1414 274 18 18 162
621 279 6 20 86
969 278 3 2 6
997 279 6 10 39
1187 278 10 16 103
877 281 2 5 9
1272 280 5 15 57
711 282 6 10 46
800 282 2 1 2
811 282 4 6 16
450 285 6 8 25
1037 285 2 5 9
1447 284 8 15 85
348 286 18 27 288
420 286 6 16 77
486 289 5 6 21
438 290 4 2 6
749 292 13 6 21
966 294 9 8 43
878 297 1 2 2
1265 296 1 1 1
1026 299 6 13 58
1284 299 10 15 87
684 302 14 3 22
1131 302 5 6 25
899 306 4 6 12
1454 306 3 4 10
541 308 5 5 16
791 308 25 46 447
1141 308 4 7 24
1269 308 5 7 27
933 310 4 11 43
992 311 1 1 1
596 312 17 13 157
915 314 3 7 14
1315 315 14 26 143
1386 314 7 11 62
574 317 6 11 56
1024 317 2 5 9
848 318 2 3 5
875 319 4 6 19
943 321 2 4 7
1059 320 3 4 8
1191 322 10 22 109
1211 322 8 12 54
1419 325 8 16 95
1440 325 1 2 2
973 328 2 3 6
999 328 2 2 3
1026 328 3 10 24
1045 328 3 4 9
1243 328 3 4 9
585 332 14 20 104
630 332 11 18 126
655 333 3 3 6
1062 333 4 6 16
941 337 2 4 6
1124 336 7 15 78
1177 337 5 7 24
1365 336 6 7 32
860 339 1 1 1
994 340 2 4 8
1304 341 3 4 9
546 343 8 19 118
1038 344 2 5 9
867 346 2 2 4
890 347 7 17 82
1065 347 12 20 146
753 351 3 8 12
929 350 18 38 256
830 353 3 7 20
617 355 15 12 79
955 354 2 5 10
986 354 2 3 6
1026 355 2 2 4
798 356 3 5 9
406 358 1 1 1
1148 360 5 8 25
1630 361 3 3 6
840 362 3 6 16
640 365 30 22 272
779 364 2 3 5
1221 365 5 8 29
793 367 6 23 107
904 367 6 5 22
971 369 1 2 2
583 374 4 4 11
912 374 4 5 16
965 375 4 6 20
1430 374 6 10 35
880 377 2 4 7
1003 377 2 6 11
773 379 3 4 10
826 378 4 7 21
1358 379 6 8 42
869 381 2 4 7
1178 382 2 2 3
1312 383 3 5 10
1797 382 2 1 2
914 385 20 55 491
1028 385 2 4 5
1407 384 14 29 212
1040 389 2 3 5
1258 389 3 1 3
1610 392 1 1 1
336 395 6 16 60
854 395 3 3 6
610 396 9 32 119
1341 396 8 14 81
799 399 4 7 21
569 401 6 15 57
1003 403 1 2 2
283 404 9 16 123
965 405 5 19 51
991 406 1 2 2
1029 406 1 1 1
1366 406 6 10 41
402 408 2 5 10
631 408 18 21 103
945 408 7 18 95
1298 409 15 10 117
354 410 7 6 30
386 410 1 3 3
982 410 2 4 8
1592 410 1 1 1
1134 412 9 21 76
674 414 5 7 25
881 415 2 3 6
991 417 1 1 1
835 418 10 26 120
1001 423 1 1 1
1386 422 6 11 61
990 425 1 4 4
524 428 9 15 86
1201 429 4 7 22
1311 428 5 8 30
1360 431 8 23 108
1406 432 7 16 70
816 435 13 8 79
1329 434 6 9 42
1436 435 7 10 58
1123 438 7 11 53
1183 439 5 4 14
1243 439 2 2 4
1506 438 2 1 2
636 441 5 9 38
494 443 8 14 55
618 442 5 6 16
1047 443 2 4 6
417 445 3 4 11
1447 446 1 1 1
1757 446 1 1 1
780 448 3 4 9
948 449 1 1 1
983 449 1 2 2
1036 451 1 1 1
471 453 4 5 13
555 452 2 3 5
980 452 4 10 15
1240 452 3 7 15
643 454 4 6 22
1018 454 2 2 4
1050 455 1 1 1
874 456 3 4 10
1160 456 4 9 28
297 458 11 11 81
855 461 3 3 5
913 461 3 3 5
1213 462 5 9 34
1346 462 13 17 179
1554 463 3 10 13
1620 462 2 1 2
893 464 3 5 15
980 464 1 3 3
1481 464 2 1 2
417 469 1 2 2
1415 469 6 8 37
800 470 2 3 4
923 471 3 5 14
1028 470 2 3 5
1538 470 4 2 5
769 473 3 6 16
1544 472 1 8 8
986 475 16 12 69
1511 474 1 1 1
829 476 4 7 23
1054 477 3 3 8
1584 476 1 2 2
877 478 3 3 9
974 479 13 19 80
1021 479 2 2 3
1516 479 2 1 2
1095 480 6 8 36
1235 480 1 1 1
1580 481 1 1 1
789 483 3 4 8
1034 483 2 5 6
1527 482 1 2 2
593 485 4 4 15
884 486 6 7 33
1045 486 5 11 46
326 488 7 9 51
628 488 5 8 31
900 488 9 17 78
966 490 1 2 2
1024 491 1 1 1
1427 491 3 1 3
1632 490 3 2 5
805 493 2 1 2
1088 493 1 2 2
1169 492 4 5 17
1306 492 5 9 31
998 497 2 3 5
1241 497 4 4 12
1413 496 7 16 86
1627 496 2 1 2
1700 497 2 1 2
1041 498 1 3 3
1515 498 15 5 50
1721 498 2 2 3
1784 498 3 3 7
289 500 6 6 31
785 501 3 6 17
735 503 2 6 8
1590 503 2 1 2
1106 505 4 3 8
1217 505 6 13 61
1503 505 52 26 690
1170 506 5 5 17
1392 506 6 9 42
352 509 10 29 206
490 508 4 3 8
1371 508 5 5 17
1625 508 2 2 2
882 510 3 5 14
910 510 6 10 29
947 510 1 2 2
1066 511 12 13 101
1120 511 24 24 210
1473 510 8 12 35
958 512 2 3 5
1730 512 1 1 1
1752 512 1 1 1
859 514 7 9 49
1577 515 1 1 1
1701 514 1 1 1
1725 515 3 2 5
929 517 2 1 2
1340 517 6 7 30
1750 519 1 1 1
745 521 10 3 15
1494 522 6 5 21
613 524 1 1 1
1674 524 1 1 1
1227 527 2 1 2
1696 527 2 2 3
686 528 5 8 33
1075 528 2 1 2
1615 529 2 1 2
1631 529 1 1 1
1819 528 2 1 2
1257 531 7 5 22
575 532 5 5 22
862 533 1 2 2
889 532 1 1 1
1016 533 1 5 5
1039 532 1 3 3
1441 533 5 3 10
620 535 3 3 8
991 535 4 5 15
1654 535 1 1 1
582 537 6 4 14
1298 536 5 9 28
1678 536 3 1 3
1816 537 3 1 3
784 538 4 15 59
849 538 3 1 3
878 541 1 1 1
986 541 1 2 2
1023 541 5 9 38
1605 540 3 1 3
1828 540 2 2 3
390 542 6 7 25
1271 543 3 1 3
1321 543 1 1 1
1400 542 8 11 67
969 544 3 1 3
1589 544 1 1 1
1830 545 2 1 2
621 547 11 17 119
676 546 1 1 1
956 547 2 3 4
1833 548 1 1 1
896 550 24 35 370
977 551 1 1 1
1160 551 6 12 56
812 552 15 12 81
980 555 1 1 1
1289 554 5 6 24
788 557 3 3 7
962 556 2 3 5
1035 557 1 3 3
1307 556 6 10 47
1354 556 5 6 21
953 559 3 4 9
1249 558 3 3 7
389 561 4 4 9
874 561 3 3 7
577 565 4 5 14
1083 565 5 11 52
1182 565 7 12 52
421 566 1 1 1
471 566 5 6 22
926 566 1 2 2
935 566 5 9 15
1131 567 15 22 124
445 568 7 13 63
860 569 3 11 33
925 569 1 2 2
978 571 1 1 1
986 572 1 2 2
1414 572 16 13 81
617 575 4 4 11
846 574 2 3 4
997 574 14 11 49
563 576 4 5 14
739 576 5 9 34
928 578 6 9 24
952 579 1 1 1
1172 579 3 3 9
1381 579 8 25 125
1035 581 6 14 59
383 583 5 6 21
869 583 1 1 1
948 583 1 1 1
337 585 8 7 36
587 585 4 3 11
918 585 1 1 1
976 585 1 5 5
1014 585 2 7 9
1214 585 1 1 1
1283 585 2 1 2
939 587 2 1 2
626 591 3 4 10
990 590 1 3 3
1285 591 12 31 156
885 592 25 54 278
910 592 2 10 15
1075 593 13 13 64
1207 592 3 3 6
1466 593 2 1 2
1311 595 31 16 210
616 597 4 6 18
1115 596 1 1 1
1237 597 2 3 6
584 599 4 5 15
1026 598 9 18 82
1272 599 5 5 16
632 600 3 2 6
816 602 2 4 6
937 603 1 1 1
542 605 7 14 75
917 604 10 6 30
906 607 2 4 7
980 607 2 11 12
312 609 1 1 1
960 608 1 1 1
1115 609 3 2 5
860 610 15 13 28
1174 610 1 1 1
1268 611 5 7 28
579 614 2 2 4
745 614 2 1 2
1396 614 4 5 14
1438 615 1 1 1
1163 617 4 5 19
1383 616 1 1 1
1015 619 1 3 3
1247 618 2 1 2
1312 618 1 1 1
1384 618 1 2 2
911 621 1 1 1
982 621 1 2 2
1056 621 5 6 27
1133 621 5 7 24
24 623 1 1 1
868 623 1 1 1
960 623 2 5 6
873 625 2 13 15
775 626 7 7 25
633 629 14 10 84
1271 628 1 1 1
591 632 3 4 9
969 635 1 4 4
1222 635 8 8 40
1289 635 1 1 1
857 636 1 1 1
988 637 1 6 6
1025 638 2 4 7
1272 638 5 10 38
846 640 5 10 48
1065 641 2 2 4
860 642 1 1 1
921 642 2 7 8
933 643 1 1 1
1258 643 2 2 4
490 644 8 9 57
816 644 2 1 2
880 644 1 3 3
1363 645 8 14 59
820 647 2 4 7
1048 646 5 7 25
648 648 5 7 26
785 650 9 5 34
994 650 1 2 2
1392 651 5 7 30
585 653 5 5 20
851 653 6 15 36
943 652 2 4 8
1003 653 1 3 3
1301 653 2 1 2
1315 653 1 1 1
973 655 1 4 4
992 655 2 6 7
1117 655 15 18 96
717 659 4 4 11
869 659 1 2 2
339 661 4 3 9
882 660 4 4 13
886 661 21 29 292
397 663 1 1 1
568 662 5 9 38
947 662 2 1 2
1147 664 1 1 1
1249 664 4 5 11
273 667 8 6 33
302 666 6 6 19
765 666 15 13 82
1212 667 1 1 1
434 668 4 3 9
953 669 7 5 23
1201 668 2 1 2
828 670 2 3 5
965 670 14 30 116
1022 670 2 2 3
494 672 3 5 8
1187 673 3 6 12
1033 675 2 1 2
921 677 2 9 18
1002 677 2 2 3
1444 678 5 5 23
1067 680 1 1 1
1327 681 8 11 67
1377 680 6 1 6
1112 682 1 1 1
1316 682 3 2 3
584 684 5 11 37
914 686 1 2 2
1018 687 1 2 2
373 689 4 3 8
706 688 4 5 15
849 689 9 7 24
881 689 1 1 1
1159 688 3 2 5
1204 689 1 2 2
641 690 3 17 30
902 690 1 4 4
954 691 1 1 1
1053 691 2 2 3
602 693 14 15 92
789 693 5 9 34
1120 693 9 31 149
1308 692 6 10 43
334 694 7 10 53
838 694 1 1 1
1011 694 2 1 2
1203 695 1 1 1
657 696 1 1 1
1192 697 1 2 2
1356 696 10 10 50
571 699 1 1 1
666 699 4 6 20
893 699 2 10 15
1040 699 21 14 76
1234 699 1 1 1
986 701 1 2 2
1105 700 1 1 1
1396 700 3 4 9
318 702 7 7 26
387 705 7 9 40
1003 705 1 3 3
149 707 1 1 1
226 706 1 2 2
816 706 2 6 11
933 706 1 1 1
950 706 11 11 38
976 706 1 4 4
1341 706 6 10 37
852 709 21 14 149
154 711 2 1 2
681 710 3 1 3
909 711 1 1 1
1144 711 4 6 16
1164 710 23 19 140
810 712 1 1 1
882 712 8 24 100
1068 713 11 19 104
355 714 3 1 3
590 714 10 8 36
1099 715 1 1 1
1450 715 1 1 1
913 717 1 1 1
899 718 1 1 1
978 718 7 11 26
1019 718 2 3 3
900 720 2 1 2
908 721 3 6 11
1400 721 3 3 7
499 722 1 1 1
833 724 3 4 10
1312 724 2 1 2
1230 727 2 3 6
921 728 2 2 4
1315 729 10 5 27
749 731 1 1 1
932 731 16 25 159
1102 730 3 2 4
444 733 4 2 5
628 733 14 7 35
1226 732 4 4 12
1264 732 2 1 2
1139 735 1 1 1
1275 734 27 25 182
564 736 1 1 1
588 737 2 2 2
815 736 1 2 2
955 736 1 2 2
999 736 1 4 4
1021 736 1 3 3
856 739 1 1 1
890 739 2 3 5
1326 739 5 6 23
1561 740 2 2 4
604 745 5 9 29
747 744 2 1 2
861 744 7 5 17
958 744 1 1 1
1004 744 1 4 4
831 747 11 5 35
868 749 9 16 41
1042 749 9 15 89
1188 749 2 1 2
1397 749 2 4 5
300 750 1 1 1
756 751 7 18 43
223 753 2 2 3
855 752 5 4 8
996 753 6 10 26
1421 753 1 1 1
918 755 1 3 3
1304 755 5 3 13
1324 754 12 23 155
848 757 1 1 1
928 756 2 1 2
582 759 6 5 22
807 758 3 6 14
921 758 1 2 2
963 758 5 3 11
1229 758 3 3 6
1411 759 3 3 7
825 760 2 3 4
899 760 4 7 20
56 762 2 1 2
472 763 1 1 1
728 763 3 4 12
1241 763 1 1 1
469 765 1 1 1
778 764 2 1 2
839 765 1 1 1
849 765 103 76 1891
837 769 2 2 4
1118 769 4 1 4
1173 769 2 1 2
1287 768 1 1 1
103 771 3 2 6
1136 771 3 8 18
212 772 2 1 2
1007 772 1 2 2
1225 772 4 12 41
669 775 4 3 10
1017 774 1 4 4
1087 775 1 1 1
42 777 1 1 1
425 777 26 33 407
743 777 1 1 1
812 777 2 2 4
859 776 1 1 1
1250 776 1 1 1
676 779 7 9 57
1006 778 5 13 47
1063 778 1 8 8
221 781 2 1 2
963 781 6 6 11
1187 780 1 1 1
204 782 7 13 28
765 783 1 1 1
1318 783 2 4 7
828 784 3 3 6
315 787 5 3 8
851 787 1 1 1
985 786 1 3 3
583 788 8 7 34
861 791 1 2 2
1177 791 10 10 51
1243 790 2 7 12
699 793 2 2 3
1036 792 6 17 83
1290 792 4 3 11
858 794 1 1 1
958 794 1 1 1
1130 795 2 1 2
1145 794 4 5 12
183 799 3 3 8
482 799 2 2 3
810 799 2 3 5
1235 799 1 1 1
1309 798 10 9 68
274 800 8 13 32
292 800 6 5 22
649 801 5 10 43
840 800 3 4 12
974 803 1 1 1
1411 803 12 11 46
484 804 2 3 4
831 805 2 6 11
844 805 7 4 12
973 805 1 3 3
1188 804 1 2 2
1204 805 5 11 33
1735 804 4 2 6
216 806 3 2 3
318 807 2 2 4
611 806 3 3 7
1249 806 2 5 8
226 809 1 1 1
926 808 10 14 31
207 810 2 1 2
464 810 6 6 29
739 812 2 1 2
1495 812 2 2 3
481 814 1 1 1
923 815 1 1 1
1356 814 1 1 1
27 816 1 1 1
1083 816 1 1 1
741 819 3 4 10
1056 819 2 3 6
1102 818 3 4 8
34 821 4 2 7
703 821 2 2 3
1000 821 1 2 2
1180 821 2 1 2
1232 820 4 5 16
1260 820 5 14 26
1275 820 5 9 22
1364 821 6 9 34
647 822 1 1 1
1343 823 3 2 4
0 825 1 1 1
833 824 2 5 8
957 825 16 15 101
1013 825 11 5 20
130 826 4 2 6
216 826 2 2 3
436 826 1 1 1
788 826 9 14 56
811 827 2 3 5
372 829 1 1 1
438 828 1 1 1
1085 828 5 11 42
1146 830 4 1 4
1217 830 1 1 1
1160 832 6 11 35
208 835 3 1 3
587 834 1 1 1
738 834 1 2 2
546 839 6 17 62
652 838 6 17 53
752 838 6 15 70
830 838 2 2 4
1230 839 2 5 10
178 842 3 2 5
1197 843 12 12 66
1318 842 1 1 1
713 844 2 1 2
809 844 2 4 5
1362 845 2 4 5
1519 845 1 2 2
1226 846 3 9 14
621 848 1 1 1
882 849 6 5 18
1120 849 3 1 3
1267 849 3 4 9
189 850 2 1 2
695 850 1 5 5
823 851 2 2 4
958 850 1 1 1
25 853 1 1 1
670 852 4 4 12
1216 852 2 2 4
1314 852 5 11 25
1349 852 5 8 28
640 855 8 16 65
688 855 6 6 27
792 854 2 1 2
994 854 1 1 1
1020 856 4 3 8
1253 857 3 2 4
527 858 1 1 1
830 859 1 1 1
1533 858 5 4 11
367 860 1 1 1
710 860 1 1 1
787 863 2 1 2
1058 862 4 8 30
1228 864 2 1 2
919 866 1 3 3
1041 867 1 3 3
1282 867 3 3 7
790 869 2 4 5
1079 869 1 1 1
393 870 5 4 8
761 871 2 2 4
891 870 4 4 11
476 873 5 7 23
1206 872 4 6 18
1702 872 4 2 7
1800 873 3 1 3
784 874 2 1 2
687 876 3 3 7
759 877 2 4 7
1067 876 4 7 24
1190 876 5 8 15
44 879 1 1 1
514 878 4 3 10
777 878 2 4 5
1264 879 1 1 1
1281 879 6 8 40
456 882 8 14 83
575 882 5 13 38
973 883 1 3 3
986 883 3 6 11
316 885 1 1 1
881 885 1 2 2
1203 885 1 1 1
1467 884 3 3 6
56 886 2 1 2
666 886 6 4 14
930 886 1 2 2
1253 888 4 10 28
661 891 4 3 10
877 891 1 1 1
934 891 1 2 2
1121 890 1 1 1
1101 893 9 6 26
1189 892 1 1 1
1224 892 2 2 3
1359 892 9 7 52
496 895 5 4 13
648 894 4 3 8
1388 894 3 2 4
345 898 8 10 66
602 898 4 4 13
869 898 1 2 2
431 900 1 1 1
710 900 20 6 57
743 901 2 3 6
828 900 3 4 9
1187 900 2 1 2
1355 900 3 11 15
425 905 3 3 4
775 905 2 2 3
1094 905 12 19 52
1222 904 2 2 4
1305 905 3 2 4
650 907 1 1 1
845 907 1 2 2
955 906 7 6 26
906 908 1 1 1
918 909 1 3 3
450 911 1 1 1
599 912 6 8 35
657 913 1 1 1
933 913 3 3 7
1204 912 2 4 5
910 915 4 19 47
710 914 430 260 30118
266 917 4 5 17
685 916 2 2 2
881 917 6 7 28
985 916 2 4 7
309 918 4 3 8
368 918 7 9 53
461 918 11 7 47
716 918 2 2 3
1196 918 5 2 10
1341 921 5 4 14
1359 921 4 4 11
1389 921 5 6 14
50 922 2 2 2
574 923 2 3 5
672 923 2 3 5
807 923 6 6 15
864 922 1 1 1
1153 923 5 9 30
579 925 13 13 80
773 924 2 4 6
1404 925 1 1 1
625 927 2 3 5
712 926 3 2 5
1288 926 3 3 5
743 928 1 1 1
1264 929 8 3 20
1140 930 4 4 10
1218 931 8 10 28
1195 933 2 1 2
1261 932 2 1 2
683 934 1 2 2
1127 935 1 1 1
1204 935 2 2 4
507 936 3 13 23
606 937 3 3 6
1087 937 3 2 4
1105 936 5 3 11
863 938 1 2 2
933 939 3 3 5
1077 938 1 4 4
644 940 2 2 3
902 940 12 7 41
996 941 3 8 22
1385 940 2 3 6
1512 941 1 1 1
1288 943 8 21 81
813 944 1 3 3
1081 944 2 1 2
1204 944 13 16 68
759 946 1 2 2
1114 947 1 1 1
1089 948 5 4 17
1338 949 2 2 4
627 951 4 5 14
1156 951 2 5 7
1450 950 1 1 1
560 955 5 5 19
575 955 4 6 22
691 955 5 6 28
859 955 1 2 2
879 955 1 2 2
969 954 1 3 3
1035 955 3 2 4
1174 954 21 12 100
390 957 10 5 27
845 956 2 8 13
956 957 2 11 13
1117 956 1 1 1
1325 956 8 11 60
1377 956 3 3 6
757 958 1 1 1
796 959 2 4 6
1098 959 3 2 4
1238 958 4 2 6
462 960 1 1 1
1357 961 2 1 2
633 963 12 22 109
1211 962 8 9 41
603 964 1 1 1
1381 966 2 2 3
213 969 3 2 5
266 969 7 9 36
593 969 1 1 1
1035 968 4 4 13
1137 968 1 1 1
524 971 2 1 2
1253 971 1 2 2
1284 974 3 2 4
908 977 1 2 2
1099 978 3 1 3
1112 979 1 2 2
1195 978 6 3 8
1219 979 2 2 3
572 980 4 6 17
691 981 1 1 1
793 981 2 3 4
1161 980 1 1 1
1171 980 1 1 1
1295 981 1 1 1
843 982 1 3 3
1106 983 2 1 2
1159 982 1 1 1
1212 983 2 1 2
1232 983 17 21 250
610 985 3 13 16
1141 984 1 1 1
1146 985 1 1 1
1210 985 2 1 2
865 986 1 1 1
1147 986 6 10 15
1282 987 13 8 41
135 991 2 2 3
944 991 1 1 1
1177 991 2 4 7
1323 991 3 4 9
898 993 4 7 20
921 993 4 7 23
1770 992 1 2 2
403 994 1 1 1
1217 995 4 6 19
1468 995 1 1 1
1469 998 1 1 1
414 1001 12 5 35
701 1001 2 1 2
891 1000 6 19 43
993 1001 1 2 2
533 1003 11 11 47
669 1002 1 1 1
837 1002 1 1 1
1139 1002 7 4 18
1165 1002 1 1 1
1385 1002 4 4 10
1534 1003 4 3 7
301 1004 1 1 1
852 1004 3 9 18
1424 1005 4 6 19
511 1008 1 1 1
954 1009 2 4 6
1302 1008 2 4 5
178 1010 4 3 8
410 1010 1 1 1
942 1010 2 3 5
34 1013 1 1 1
709 1013 1 1 1
838 1012 1 1 1
921 1013 1 1 1
1024 1013 1 6 6
842 1014 1 2 2
372 1017 7 13 73
1142 1019 3 3 5
1178 1018 1 1 1
62 1020 2 2 2
411 1020 3 2 4
1787 1021 2 1 2
56 1023 2 1 2
588 1023 3 1 3
965 1022 1 2 2
1355 1023 5 8 32
645 1025 2 2 2
924 1025 1 2 2
1343 1024 1 1 1
631 1027 1 1 1
913 1027 1 5 5
1297 1026 1 1 1
711 1029 4 5 15
1395 1028 1 1 1
893 1031 20 16 118
1181 1031 11 8 27
271 1032 6 5 20
291 1032 1 1 1
499 1032 1 2 2
1142 1033 1 1 1
178 1036 3 3 3
710 1036 1 1 1
1220 1036 3 7 12
230 1039 1 1 1
1390 1039 15 22 127
1726 1038 2 3 3
289 1040 1 1 1
559 1041 3 3 8
929 1041 4 6 15
1208 1041 4 5 12
169 1042 2 1 2
647 1043 3 5 11
685 1042 8 20 67
1762 1043 1 1 1
704 1045 2 5 8
503 1046 1 1 1
517 1047 3 2 5
1337 1049 1 1 1
969 1051 1 2 2
586 1052 1 1 1
845 1052 1 2 2
904 1054 13 21 167
522 1056 4 3 5
894 1057 1 2 2
942 1056 1 1 1
434 1059 1 1 1
492 1060 1 1 1
564 1062 1 2 2
1514 1063 2 1 2
182 1065 3 2 5
509 1067 4 5 19
726 1066 1 3 3
1158 1066 1 3 3
1210 1067 1 1 1
1211 1067 23 24 162
1206 1069 2 3 5
1270 1069 1 1 1
615 1071 3 3 5
671 1071 9 14 89
713 1071 1 3 3
1281 1071 5 11 51
948 1073 1 3 3
1361 1072 1 1 1
882 1075 3 2 6
235 1076 2 2 2
710 1076 2 2 4
1172 1076 1 2 2
255 1078 1 1 1
290 1078 4 6 12
400 1079 14 43 330
1074 1079 6 24 87
1156 1078 7 5 18
1200 1081 3 2 6
1254 1080 13 16 63
174 1082 5 5 12
357 1083 1 1 1
1288 1084 5 7 25
493 1089 2 4 4
703 1088 1 1 1
1091 1091 1 1 1
1166 1090 4 8 25
1380 1090 4 2 6
294 1092 1 2 2
619 1093 2 2 3
489 1096 4 5 17
507 1096 3 3 8
1092 1096 1 1 1
1107 1096 1 1 1
1152 1096 5 7 24
1180 1097 2 4 7
622 1098 1 1 1
644 1098 1 1 1
1041 1098 4 7 20
1292 1101 3 2 4
1321 1100 5 16 28
1737 1100 1 1 1
188 1104 1 1 1
205 1104 2 2 3
502 1104 1 1 1
559 1104 1 2 2
589 1104 10 8 32
722 1104 7 20 69
1377 1107 1 1 1
281 1109 4 2 4
693 1108 4 5 14
1031 1109 1 1 1
168 1112 3 4 9
1201 1112 3 5 8
1293 1114 5 7 23
244 1117 1 1 1
514 1117 3 2 4
1169 1117 3 3 8
1348 1117 5 5 16
632 1120 2 6 8
1113 1123 1 1 1
1215 1122 18 19 181
1444 1122 1 1 1
173 1125 1 1 1
577 1125 15 27 173
702 1125 1 1 1
982 1124 2 3 5
1306 1125 1 1 1
718 1127 2 4 7
1369 1127 5 13 30
536 1129 12 3 17
1183 1128 1 1 1
0 1130 3 1 3
450 1130 1 1 1
949 1130 1 3 3
471 1132 1 1 1
504 1133 4 4 13
296 1135 4 2 4
528 1134 2 3 4
430 1137 5 14 59
913 1136 1 1 1
973 1136 1 2 2
1242 1136 1 1 1
411 1139 6 3 13
495 1139 2 1 2
510 1141 4 4 11
220 1142 3 1 3
460 1142 2 1 2
1202 1143 1 1 1
369 1145 1 1 1
655 1145 1 2 2
983 1144 1 1 1
1497 1145 1 1 1
1704 1145 3 1 3
294 1147 2 2 4
1709 1147 1 1 1
378 1148 1 1 1
729 1148 1 1 1
1332 1148 2 2 3
1467 1149 1 1 1
303 1151 1 1 1
415 1151 9 7 42
1244 1151 2 2 3
1429 1151 1 1 1
242 1153 4 2 4
344 1153 14 7 49
1191 1153 2 3 5
1006 1155 1 1 1
1233 1155 5 9 30
92 1156 1 1 1
605 1156 1 2 2
448 1159 17 12 66
566 1158 3 4 10
873 1158 1 2 2
308 1160 1 1 1
700 1160 2 6 10
1131 1161 1 1 1
1169 1161 1 2 2
1618 1160 2 1 2
284 1163 2 2 2
632 1163 1 1 1
840 1163 2 2 3
1289 1162 5 20 70
1534 1162 3 2 6
621 1165 2 4 5
854 1165 10 5 23
977 1165 2 3 6
1033 1165 3 6 14
1100 1164 13 20 92
1438 1165 1 1 1
120 1166 6 6 24
767 1167 1 1 1
1204 1166 3 5 13
949 1168 1 1 1
1141 1169 1 2 2
869 1171 1 2 2
912 1171 3 5 12
928 1171 1 1 1
761 1173 1 1 1
934 1172 3 4 11
992 1173 1 1 1
1067 1173 2 2 4
1368 1173 2 1 2
1180 1174 4 3 8
1275 1175 4 7 20
671 1176 2 3 4
841 1178 6 9 19
1197 1178 9 14 53
1602 1179 2 2 3
412 1180 1 1 1
552 1180 6 12 55
257 1182 1 1 1
648 1183 1 3 3
741 1182 6 4 19
763 1182 1 3 3
1227 1183 4 2 7
1594 1183 2 2 3
205 1185 1 1 1
221 1184 2 1 2
1179 1184 2 3 5
815 1186 1 3 3
861 1187 1 1 1
200 1189 4 4 9
251 1189 1 1 1
950 1189 1 1 1
1226 1190 1 1 1
1368 1190 5 7 23
594 1192 1 1 1
1001 1192 1 2 2
8 1194 1 1 1
133 1195 7 4 12
295 1195 6 8 30
564 1195 3 4 9
778 1195 1 2 2
1229 1195 1 1 1
264 1197 1 1 1
534 1196 2 3 4
614 1197 3 2 5
1752 1196 1 1 1
315 1200 3 2 5
1315 1201 14 9 34
1021 1203 1 2 2
0 1204 1 1 1
186 1205 1 1 1
472 1205 1 1 1
742 1204 1 2 2
596 1207 3 3 4
1194 1207 3 12 17
1446 1207 2 1 2
124 1208 1 1 1
156 1209 1 1 1
694 1209 1 2 2
836 1209 10 6 19
1207 1208 3 3 8
580 1211 3 4 9
299 1215 2 1 2
1158 1215 1 1 1
651 1219 2 1 2
767 1218 2 10 16
826 1219 4 9 23
978 1219 3 3 7
312 1221 5 7 33
1246 1226 4 2 7
