0 0 1840 1228 2104207
548 0 4 9 11
573 0 6 8 44
637 0 5 2 9
715 0 28 16 265
888 0 6 8 40
1002 0 30 59 955
1100 0 5 8 29
1135 0 13 27 297
1181 0 25 24 489
1258 0 30 30 683
1350 0 6 5 22
1406 0 161 296 14160
1729 0 2 56 64
534 5 7 9 45
681 5 11 22 187
1304 8 4 6 21
1329 10 3 2 3
759 13 4 6 17
792 13 7 11 63
813 13 13 29 263
957 13 6 11 59
1567 14 24 31 503
343 16 59 148 1569
1215 16 2 4 7
326 21 1 6 6
647 25 25 37 406
966 25 4 10 35
1288 25 4 5 17
507 26 96 166 3634
1077 26 5 7 20
1243 26 4 4 12
897 28 37 142 2042
1337 28 4 10 29
1109 31 1 2 2
1193 31 6 9 44
865 32 1 1 1
1358 34 4 8 21
1105 39 2 4 8
552 41 8 13 80
1059 40 18 35 248
1341 41 1 1 1
1375 41 5 6 24
800 42 4 8 27
1306 43 5 7 28
333 45 3 1 3
339 46 1 1 1
301 48 39 80 1082
1349 51 19 37 224
844 52 7 5 23
675 55 117 162 4221
860 55 5 7 26
1087 60 3 4 12
1035 65 8 13 79
450 67 9 15 54
1093 66 4 6 21
1223 69 5 8 30
806 71 5 8 29
828 74 51 79 2303
439 78 2 2 3
442 80 1 1 1
980 80 17 33 458
1067 81 4 5 18
1019 83 2 2 3
1235 85 5 8 28
1024 89 15 29 349
935 92 1 2 2
1072 93 4 4 13
1179 95 2 3 6
1133 95 97 305 10201
1325 94 1 1 1
899 97 2 2 3
1056 96 1 2 2
651 105 8 12 72
354 109 1 1 1
945 112 6 10 40
1269 114 2 2 2
1034 118 27 64 1281
1734 121 1 1 1
1736 120 1 1 1
1316 122 4 3 9
1727 122 4 3 6
619 127 9 14 83
741 126 6 12 53
967 128 29 46 756
647 131 8 14 87
1089 135 10 5 29
1095 141 22 42 707
1280 147 36 48 1109
1349 148 28 34 691
320 153 4 3 6
460 152 2 2 3
498 154 6 7 29
483 156 1 1 1
805 156 5 10 40
986 156 35 55 802
1771 157 36 26 580
674 163 10 15 106
1728 163 1 3 3
798 166 6 8 32
465 169 6 8 37
648 168 5 8 30
1727 168 1 4 4
952 175 3 5 10
1068 179 10 13 76
610 183 8 11 67
897 185 24 29 395
452 191 8 11 69
815 192 4 3 8
1029 195 5 25 102
586 200 1 2 2
962 202 6 10 45
978 203 4 8 25
1064 205 5 11 42
921 210 5 9 38
416 213 5 5 20
777 218 2 2 3
792 220 24 53 911
1244 223 58 46 1456
1036 224 15 45 347
613 227 5 6 24
881 228 8 13 81
524 230 10 16 125
995 230 43 158 2553
596 236 8 12 73
628 236 11 18 152
963 237 4 6 22
689 238 6 7 29
757 241 2 2 3
776 241 6 9 40
719 250 1 1 1
889 254 5 6 21
352 263 9 12 82
723 262 46 58 1176
976 262 4 7 23
668 265 7 11 64
854 268 4 6 19
949 269 3 2 4
599 270 3 2 5
821 273 1 1 1
952 273 7 16 103
567 277 9 14 103
688 277 2 2 3
703 278 6 9 38
834 278 4 7 22
923 281 2 5 7
540 283 1 1 1
827 294 6 11 52
1289 297 2 2 4
135 300 4 4 13
542 300 5 8 29
619 302 12 19 174
890 303 5 7 29
508 312 2 3 5
594 315 12 20 197
916 314 1 4 4
1290 314 7 12 57
539 316 5 5 16
679 322 9 8 36
1055 326 3 4 10
414 328 16 21 235
834 328 3 6 14
1272 331 3 3 6
738 332 4 6 23
764 332 1 2 2
913 336 2 25 29
817 339 3 3 7
1307 341 3 3 8
700 342 77 167 2696
1321 342 37 82 1925
965 344 3 2 3
1270 345 3 4 6
295 347 3 3 9
625 347 7 8 45
610 348 4 3 11
822 349 7 11 65
945 348 1 1 1
948 349 3 4 10
1107 349 5 7 21
1027 351 30 45 810
315 353 12 25 206
530 352 7 17 92
377 354 5 2 6
1397 359 8 10 62
562 365 25 59 524
955 365 19 14 80
363 369 8 15 87
1092 369 5 8 32
905 370 10 14 49
986 371 3 6 17
1097 375 24 45 867
530 377 4 16 19
634 383 7 9 45
804 382 3 5 9
926 383 1 1 1
1302 386 2 2 4
418 389 9 11 77
467 393 4 6 17
1270 395 3 2 6
1595 397 32 28 656
1278 399 5 15 44
691 403 3 3 5
799 403 5 5 20
495 405 11 18 130
935 407 1 1 1
533 408 1 1 1
472 411 7 13 68
851 415 12 20 197
954 418 4 6 15
1302 419 5 5 17
631 420 11 19 169
924 425 52 115 2318
821 427 6 7 32
1042 427 4 6 18
1148 426 5 8 30
542 435 28 49 804
987 435 5 7 24
608 437 15 36 423
731 437 5 13 21
876 441 6 10 51
525 445 9 16 104
701 444 17 19 117
832 448 11 13 90
966 448 2 2 3
1121 448 13 9 72
1376 449 14 7 65
973 454 1 1 1
1222 454 3 3 7
805 457 4 4 9
980 461 2 4 8
1005 460 2 2 4
1008 462 1 1 1
1010 464 1 1 1
416 467 21 23 146
986 469 1 1 1
399 470 3 3 6
975 473 1 1 1
1241 473 3 4 11
302 476 2 1 2
966 477 2 3 6
1002 477 5 6 24
526 479 1 1 1
889 479 10 2 11
805 481 5 7 28
1099 481 36 49 1093
1256 482 3 4 8
1013 485 4 3 10
577 487 6 13 51
633 486 6 4 19
700 486 3 6 13
1164 486 43 63 1320
1343 487 24 39 752
1033 492 4 4 13
520 495 14 20 217
894 496 1 1 1
170 499 34 43 1170
903 500 4 5 16
925 503 3 2 4
1004 503 1 1 1
597 504 4 6 21
787 504 6 9 41
891 507 5 2 8
1266 507 5 6 23
987 509 43 66 1709
578 511 5 5 19
903 526 2 1 2
1335 531 8 11 72
1393 531 8 11 56
1229 534 25 46 951
901 537 5 8 32
1194 538 1 1 1
1693 540 2 2 3
298 543 10 11 81
1692 543 1 1 1
450 545 27 37 536
933 544 5 6 25
682 555 5 8 35
960 561 2 2 3
1161 561 4 7 23
303 564 9 10 75
503 566 14 19 213
1364 566 8 9 52
899 569 41 32 537
1065 572 6 10 52
991 575 1 1 1
1031 575 1 1 1
1138 575 4 5 11
1008 577 4 5 17
1391 576 8 10 61
596 583 1 1 1
478 588 8 11 70
701 588 16 15 140
748 590 6 7 26
772 593 12 20 188
984 593 2 3 3
1207 593 4 5 16
1444 593 81 115 958
630 594 5 4 14
1780 595 1 1 1
1231 597 13 6 40
852 598 3 4 9
1184 602 3 5 11
1225 605 2 3 4
532 612 7 8 43
729 614 16 28 341
502 616 5 5 17
1122 616 4 6 17
510 623 8 8 56
941 622 5 10 41
1146 622 3 3 9
1184 622 1 1 1
556 625 6 8 34
1249 626 4 4 11
1435 626 9 18 118
967 628 5 8 37
1187 629 4 12 37
810 638 9 18 127
995 638 12 19 45
902 640 5 10 42
972 641 1 2 2
911 642 17 25 265
1015 643 28 28 175
1179 642 1 1 1
1217 642 4 3 11
1265 642 31 42 1010
991 645 1 1 1
627 646 23 23 367
990 647 1 1 1
1085 646 1 2 2
1142 647 19 14 171
1238 646 4 3 10
556 648 5 4 13
754 654 5 4 16
987 654 2 4 4
1032 655 65 192 3117
958 656 10 17 82
1177 657 8 32 154
999 658 1 3 3
998 662 1 3 3
1087 662 1 4 4
776 664 25 21 311
981 665 4 16 29
691 666 1 1 1
992 666 14 31 173
718 670 8 10 53
893 670 6 9 35
455 672 10 6 39
758 673 6 7 28
933 672 5 7 30
1035 676 1 2 2
1091 676 4 6 11
1017 682 1 3 3
1221 685 3 3 9
648 688 8 7 38
1214 689 4 7 23
357 691 1 1 1
402 691 12 15 139
978 691 1 2 2
1124 695 4 9 32
912 696 2 4 5
671 700 9 13 76
843 701 2 2 3
868 702 3 8 23
607 709 8 12 75
630 708 13 25 205
1086 711 2 3 4
905 713 5 8 34
995 712 7 8 32
1014 713 4 4 12
1078 714 1 1 1
1163 716 6 8 35
970 719 3 2 4
482 721 32 49 1209
797 720 4 7 24
1093 725 1 2 2
1452 724 13 16 156
867 726 2 2 4
1418 727 8 8 44
1487 726 6 10 37
735 728 13 16 168
1125 729 1 1 1
776 733 3 5 11
931 734 6 10 41
993 743 3 2 5
403 746 24 27 408
796 746 6 7 29
596 754 11 17 148
897 756 21 30 441
1137 757 2 3 4
865 761 3 3 6
748 764 1 1 1
958 768 7 11 63
739 770 3 4 6
130 780 1 1 1
184 781 2 1 2
979 781 20 18 149
187 782 7 7 18
656 782 4 7 21
21 785 1 1 1
624 785 9 14 102
110 786 1 1 1
211 787 1 1 1
328 787 1 1 1
142 789 1 1 1
235 788 2 1 2
870 788 14 8 47
1054 789 3 2 6
366 792 16 20 214
133 794 2 1 2
58 796 1 1 1
67 797 2 1 2
127 796 1 1 1
848 796 4 4 12
865 797 4 4 7
1282 796 5 3 13
91 798 1 1 1
166 799 8 14 37
670 799 21 35 541
737 799 4 4 11
714 801 4 3 8
1009 800 3 2 4
243 803 1 1 1
297 803 1 1 1
351 802 1 1 1
5 805 2 1 2
290 805 1 1 1
1354 804 4 7 13
283 806 1 1 1
9 809 1 1 1
61 808 1 1 1
217 809 1 1 1
304 808 9 11 41
126 811 1 1 1
847 810 4 7 21
514 813 3 1 3
10 815 11 8 18
243 815 1 1 1
271 815 7 8 35
819 814 3 4 9
50 817 2 1 2
445 817 5 4 9
519 816 16 13 124
881 816 14 24 233
1081 816 1 1 1
190 818 3 1 3
840 823 2 1 2
931 823 1 1 1
139 824 1 1 1
214 824 1 1 1
285 825 1 1 1
248 827 1 1 1
633 827 5 6 19
977 826 48 63 1135
907 829 1 1 1
75 831 2 1 2
104 831 3 2 3
150 830 1 1 1
223 830 1 1 1
232 831 12 9 29
958 831 10 12 85
92 832 1 1 1
153 832 3 2 5
1271 833 3 3 8
659 834 6 9 41
169 837 1 1 1
29 841 6 9 14
38 840 1 1 1
141 840 1 1 1
254 840 1 1 1
8 842 2 2 2
455 842 12 16 126
568 843 10 13 89
18 844 1 1 1
118 844 16 10 32
147 844 3 1 3
102 846 1 1 1
196 846 1 1 1
92 848 1 1 1
166 849 2 1 2
944 848 3 8 18
1124 853 1 1 1
49 854 1 1 1
82 854 1 1 1
759 854 4 7 23
1601 856 2 1 2
40 859 7 5 25
63 858 1 1 1
382 858 9 13 91
1025 858 3 1 3
13 860 10 6 16
148 861 1 1 1
400 861 1 1 1
133 864 1 1 1
755 865 1 1 1
778 864 2 2 3
868 865 4 3 9
35 867 1 1 1
812 867 5 4 12
909 867 4 12 39
326 869 4 2 4
873 868 28 20 114
51 870 1 1 1
210 870 9 12 48
226 872 1 1 1
512 874 4 1 4
742 874 7 13 73
1218 875 4 4 12
630 877 1 1 1
934 877 2 2 4
1045 876 13 7 58
10 878 4 1 4
70 878 4 1 4
970 881 4 6 18
439 885 31 54 1147
1093 886 28 31 642
140 889 2 1 2
820 890 11 13 91
1175 891 24 42 735
36 893 1 1 1
779 892 5 11 48
907 892 2 2 3
1145 892 5 8 28
1038 895 5 5 14
897 899 9 16 78
962 898 3 4 6
943 901 3 4 10
493 903 10 10 66
685 902 9 17 129
931 903 3 3 7
548 905 20 26 237
918 904 3 2 4
994 906 1 1 1
851 909 3 4 12
882 911 1 2 2
803 917 5 11 40
720 919 5 7 22
1259 921 6 1 6
857 922 6 11 50
957 923 12 21 216
1267 922 6 2 6
615 927 1 1 1
293 928 18 18 189
1344 929 6 6 25
1012 931 17 24 197
988 934 9 9 47
250 936 1 1 1
817 938 5 6 22
7 941 1 1 1
516 941 3 1 3
652 941 24 39 421
851 947 15 27 319
625 948 6 8 34
833 948 6 10 53
937 948 2 4 7
43 951 3 1 3
680 953 576 228 45281
783 952 1 1 1
876 957 37 39 617
251 959 3 5 13
414 959 1 1 1
547 958 5 7 23
813 958 1 1 1
824 958 1 2 2
916 959 4 5 12
1487 959 28 23 389
939 962 1 2 2
1082 963 4 11 32
818 966 2 3 4
581 968 3 2 4
55 971 2 1 2
1008 971 3 5 13
14 975 1 1 1
252 975 3 1 3
261 974 18 19 219
326 974 1 1 1
360 975 2 1 2
999 977 19 17 142
0 983 4 1 4
570 984 13 17 167
1039 987 1 1 1
89 988 1 1 1
1176 988 5 7 29
517 992 6 8 31
798 997 1 2 2
880 997 4 5 19
960 996 19 24 177
1095 997 4 8 27
1175 996 1 2 2
1314 996 1 1 1
925 999 2 3 3
1316 998 3 4 9
1342 998 1 4 4
103 1002 2 1 2
197 1002 30 32 655
1076 1005 5 8 29
777 1006 10 14 84
815 1006 3 5 12
991 1007 1 1 1
1236 1007 7 10 41
832 1011 4 4 13
878 1010 6 9 42
93 1014 1 1 1
516 1017 2 1 2
926 1016 6 11 49
514 1018 1 1 1
130 1023 1 1 1
575 1024 1 1 1
995 1030 4 9 28
510 1035 1 1 1
852 1036 7 12 65
66 1038 2 1 2
53 1040 16 19 148
139 1041 1 1 1
142 1040 4 1 4
162 1040 2 1 2
1325 1041 1 1 1
191 1042 1 1 1
835 1045 1 1 1
688 1046 11 12 84
5 1051 2 1 2
86 1051 2 1 2
127 1052 1 1 1
549 1053 1 1 1
206 1057 2 1 2
1748 1058 1 1 1
712 1064 2 2 3
269 1067 1 1 1
1332 1067 1 2 2
197 1068 1 1 1
125 1073 1 1 1
141 1072 1 1 1
379 1073 2 1 2
150 1075 2 2 2
664 1076 3 2 5
33 1079 1 1 1
1275 1079 1 1 1
6 1080 2 1 2
463 1081 1 1 1
1314 1081 7 9 37
82 1082 2 1 2
158 1086 3 2 4
465 1087 1 1 1
499 1087 5 11 38
178 1089 2 1 2
389 1091 1 1 1
183 1093 8 1 8
542 1095 1 1 1
544 1094 1 1 1
151 1097 1 1 1
324 1097 1 1 1
496 1099 1 1 1
541 1099 1 1 1
53 1102 1 1 1
174 1105 11 4 18
517 1105 1 1 1
539 1104 2 2 2
126 1107 1 1 1
590 1107 5 2 6
221 1109 1 1 1
172 1111 2 1 2
210 1111 5 2 6
678 1110 3 6 13
283 1113 5 8 25
502 1113 5 7 25
0 1119 1 1 1
572 1119 1 1 1
115 1121 1 1 1
322 1121 9 11 30
348 1121 2 1 2
748 1121 4 4 6
263 1123 1 7 7
73 1125 5 4 15
246 1125 1 1 1
525 1125 1 1 1
745 1125 1 1 1
1824 1125 1 1 1
566 1126 2 1 2
394 1128 2 1 2
560 1129 1 1 1
553 1130 1 1 1
105 1133 3 1 3
199 1132 2 2 4
482 1133 5 2 6
131 1135 1 1 1
195 1134 1 1 1
246 1135 1 1 1
271 1135 1 8 8
445 1134 1 1 1
547 1135 1 1 1
405 1137 1 1 1
8 1139 5 3 5
407 1138 4 1 4
505 1138 1 1 1
719 1138 5 5 13
1185 1138 5 4 16
99 1140 1 1 1
346 1140 1 1 1
637 1140 1 1 1
361 1142 8 2 13
460 1143 2 1 2
270 1144 1 1 1
1063 1144 2 3 5
129 1148 1 1 1
142 1149 1 1 1
450 1149 1 1 1
286 1151 8 9 39
328 1151 2 2 2
359 1151 1 1 1
434 1150 32 26 201
69 1153 1 1 1
125 1153 1 1 1
128 1152 1 1 1
348 1152 1 1 1
368 1153 4 2 4
567 1154 2 4 5
67 1156 2 1 2
265 1156 1 1 1
550 1156 1 1 1
204 1159 1 1 1
358 1159 1 1 1
285 1161 1 1 1
164 1162 3 6 8
177 1165 1 1 1
503 1165 1 1 1
252 1166 1 1 1
429 1166 1 1 1
665 1167 1 1 1
1050 1167 9 7 24
612 1169 2 2 2
1484 1168 1 1 1
163 1171 1 1 1
173 1171 1 1 1
372 1171 1 1 1
285 1172 2 1 2
362 1173 2 2 3
365 1172 1 1 1
185 1179 1 1 1
595 1179 1 1 1
1358 1179 3 1 3
94 1181 7 10 24
142 1181 1 1 1
567 1181 4 2 6
312 1182 2 1 2
315 1183 1 1 1
413 1182 6 2 11
1343 1182 1 1 1
364 1184 3 1 3
200 1187 3 2 4
433 1187 4 3 7
458 1186 4 1 4
480 1186 13 23 173
528 1187 1 1 1
540 1187 2 2 3
316 1189 8 3 15
509 1189 1 1 1
158 1191 1 1 1
532 1191 2 2 4
591 1190 2 1 2
596 1191 4 2 7
124 1194 1 1 1
659 1195 3 1 3
229 1197 5 3 7
425 1196 3 1 3
470 1197 1 1 1
610 1197 1 1 1
74 1198 1 1 1
440 1198 8 6 16
466 1198 1 1 1
538 1198 14 9 32
363 1201 1 1 1
514 1200 6 5 13
552 1201 1 1 1
283 1203 1 1 1
273 1205 1 1 1
392 1209 1 1 1
473 1208 1 1 1
406 1211 3 3 6
571 1211 4 4 11
245 1213 1 1 1
346 1212 1 1 1
231 1214 13 14 29
344 1214 1 1 1
474 1214 2 1 2
654 1215 2 1 2
673 1215 1 1 1
1286 1216 1 1 1
299 1218 2 1 2
384 1218 1 1 1
539 1218 1 1 1
584 1219 6 3 10
523 1221 9 7 53
134 1223 4 5 19
556 1223 2 5 10
731 1222 7 6 15
1175 1224 1 4 4
375 1226 1 2 2
466 1227 1 1 1
