0 0 1840 1228 2121762
222 0 26 25 290
374 0 9 3 15
552 0 43 53 1542
723 0 4 2 5
751 0 89 107 2808
826 0 12 4 38
891 0 16 16 180
1439 0 40 28 813
353 7 17 27 365
1076 7 8 12 76
1123 7 17 12 144
616 9 90 81 815
937 10 6 8 40
280 13 24 25 371
451 14 14 20 225
614 16 9 14 104
107 18 17 17 216
1052 19 7 13 66
1153 19 166 125 6515
1068 20 7 9 52
523 22 17 26 350
943 23 6 11 55
881 29 68 52 1803
1036 29 9 26 134
1087 29 10 16 114
1127 30 6 10 42
1499 33 21 17 238
130 39 21 23 383
760 39 16 12 68
230 47 25 25 302
707 46 15 31 377
1023 54 9 9 67
96 61 25 41 471
969 61 35 30 639
522 64 43 33 752
1036 64 8 12 67
301 69 23 33 586
39 75 19 14 176
663 82 14 23 208
1012 82 6 9 45
760 87 7 9 51
908 86 15 33 358
1085 87 7 9 49
643 89 8 15 102
205 90 12 15 144
235 92 11 11 94
1063 93 6 9 45
1092 97 26 51 412
621 98 10 15 106
940 99 7 8 43
999 98 13 21 139
606 106 7 6 26
807 109 4 5 15
1588 111 26 29 534
8 113 6 1 6
419 114 11 17 150
1056 116 11 22 122
1006 118 37 41 545
943 121 33 29 373
1488 120 24 62 996
321 122 13 28 255
652 123 8 9 49
750 126 9 15 112
779 131 5 8 36
234 132 12 12 102
614 133 7 10 57
1421 136 11 14 114
1140 139 6 7 34
558 143 15 22 270
1201 142 22 23 414
164 145 9 6 37
1039 148 13 32 209
1433 148 36 42 1103
214 150 32 30 403
1329 150 54 49 1236
286 152 11 14 110
55 154 45 34 515
783 154 26 52 791
636 156 80 16 516
1189 156 2 12 13
595 161 8 7 33
948 161 7 9 52
1110 161 5 5 20
888 162 1 1 1
1086 162 6 4 19
445 164 15 19 233
199 167 8 5 29
1515 166 56 56 1332
994 169 4 5 17
1066 168 21 53 611
478 176 1 1 1
482 177 7 1 7
619 178 7 9 45
1268 181 22 28 485
638 182 13 25 275
680 185 6 7 27
263 187 17 15 172
476 187 9 12 90
1392 187 23 31 522
746 189 25 100 1325
1125 191 130 48 2090
216 192 12 9 78
1354 192 9 9 61
455 199 11 12 95
857 198 15 25 294
1046 200 8 18 50
999 203 5 7 28
1022 204 6 7 33
410 206 12 12 113
486 206 9 11 86
544 207 7 8 45
660 207 10 11 96
305 208 10 10 55
571 208 11 21 195
908 212 6 5 27
1352 213 8 5 33
975 215 7 9 39
1437 214 10 9 45
380 219 11 13 111
513 220 8 7 44
649 220 9 10 67
596 223 3 3 5
1015 223 4 3 10
1092 223 12 7 50
315 224 1 1 1
780 224 21 19 284
1141 225 37 43 915
982 226 8 19 65
196 232 21 19 278
592 235 8 11 72
615 235 3 2 5
508 236 17 26 361
1006 236 12 20 127
1185 239 34 8 96
319 241 8 7 44
1374 242 12 12 88
1100 247 5 9 39
242 249 11 10 83
571 249 7 5 25
1217 249 19 35 446
801 250 23 12 91
890 256 7 13 60
1088 259 5 7 32
103 263 18 17 226
1026 262 13 18 175
904 264 1 1 1
992 264 6 9 43
947 266 24 21 241
1178 269 1 1 1
69 273 17 14 158
472 272 9 8 48
647 272 13 17 173
1270 272 25 31 536
174 275 21 17 197
580 274 25 24 410
21 278 21 19 306
1487 280 31 50 993
503 283 7 7 37
244 284 27 15 312
779 285 4 5 16
830 285 5 7 25
856 284 9 17 64
1075 285 4 6 18
134 286 20 20 289
349 286 11 11 76
717 286 19 27 398
211 289 12 10 96
1116 289 1 1 1
280 291 14 12 115
923 291 5 5 20
968 290 20 17 164
516 292 15 22 266
804 292 5 7 27
1042 293 1 1 1
1189 293 1 1 1
690 294 8 11 68
0 296 13 11 121
999 296 13 15 111
1085 299 4 3 11
785 300 18 32 488
1075 306 4 6 21
700 308 10 13 98
746 311 5 6 25
1043 311 14 20 211
442 312 10 12 89
1204 315 14 3 21
1218 315 1 1 1
480 316 12 17 162
865 316 1 1 1
1150 317 18 26 367
860 318 4 6 21
1012 318 5 7 29
632 321 7 16 93
1258 323 15 14 158
331 324 10 11 88
1068 324 24 8 81
399 326 2 1 2
999 327 8 13 51
171 328 22 13 132
893 329 4 3 9
589 331 13 8 78
1288 331 42 80 1630
981 333 3 3 8
260 334 11 14 132
1837 336 3 2 6
498 339 6 3 9
710 339 24 29 368
105 342 16 16 200
744 343 5 3 11
1008 343 7 8 43
1084 343 4 3 8
1346 343 5 3 12
464 344 17 23 246
501 351 26 13 205
886 350 4 10 25
1089 352 4 6 21
208 354 8 7 43
568 357 10 9 55
831 356 25 27 272
980 358 4 3 11
778 362 18 17 161
886 363 40 17 233
993 362 4 5 20
1059 363 30 38 744
627 367 10 15 119
35 369 13 7 68
677 368 7 7 35
1047 369 5 6 25
96 370 5 4 13
974 370 1 1 1
1124 376 5 5 20
920 378 3 5 13
1030 378 14 21 228
800 380 31 57 803
884 381 1 1 1
258 382 20 24 274
991 383 8 10 61
416 385 25 22 350
454 387 15 26 292
606 386 5 4 17
972 387 5 6 23
787 389 4 4 13
873 389 5 10 43
913 389 7 3 17
1100 388 25 33 555
714 390 47 58 816
596 392 8 12 87
889 394 15 8 82
1834 395 6 6 23
558 396 4 4 12
1461 397 23 26 436
186 403 10 8 63
688 403 16 23 291
63 405 14 12 140
988 404 14 8 85
397 409 1 2 2
506 409 8 10 60
862 409 8 12 80
902 411 7 11 65
1154 411 22 23 414
307 413 1 2 2
951 413 9 6 25
978 413 4 5 17
443 414 13 15 166
632 416 6 6 26
938 417 4 7 24
1050 416 1 1 1
1071 417 4 5 16
1042 418 5 6 24
666 420 9 12 90
917 421 8 11 66
400 425 9 11 82
596 424 16 16 192
781 424 5 6 25
833 427 14 20 221
1098 426 4 3 11
106 428 1 1 1
896 429 8 11 73
1378 428 21 25 399
82 431 12 9 79
623 433 12 25 201
746 436 22 36 463
1044 437 1 1 1
541 441 10 13 91
869 441 7 4 23
188 443 8 5 24
344 442 11 15 95
914 442 7 10 60
972 445 4 6 21
417 447 13 13 126
815 446 39 34 559
1007 446 1 1 1
779 448 6 9 48
1014 449 1 1 1
1019 448 1 1 1
690 451 7 6 32
1057 452 25 29 490
123 454 6 4 15
286 456 9 8 49
988 457 13 14 134
502 459 11 14 113
444 461 1 3 3
558 460 1 1 1
567 461 5 4 17
677 463 12 5 33
1106 462 29 20 408
1224 464 18 20 269
1253 466 14 11 74
57 469 6 3 16
54 472 1 1 1
289 472 8 6 25
878 472 1 2 2
934 473 6 8 39
1290 472 7 7 39
1374 477 25 33 573
568 481 5 4 19
638 481 6 6 30
765 480 26 18 216
856 480 5 7 29
1619 480 5 4 12
214 483 9 9 64
128 485 11 9 76
434 485 10 11 90
1032 485 21 48 524
1097 485 11 14 131
453 486 11 10 80
556 486 8 9 64
963 487 4 6 22
1006 487 4 5 12
885 488 1 1 1
250 490 11 11 83
613 491 18 13 104
829 491 12 15 134
941 491 3 3 6
982 493 2 3 4
1292 493 20 25 366
1418 492 44 32 971
304 495 28 20 410
387 494 18 41 371
748 495 1 2 2
5 497 5 3 9
511 496 7 8 40
690 496 16 23 326
237 499 3 3 6
489 501 7 5 21
945 501 5 6 24
1105 502 14 19 206
1159 503 22 26 393
987 505 17 14 59
1024 505 3 4 12
740 507 27 14 183
777 507 3 2 6
921 508 7 7 36
209 511 10 12 96
231 511 9 7 43
723 510 4 8 29
778 510 15 37 358
887 510 2 2 3
965 510 12 8 50
1228 510 47 54 1479
7 512 14 12 95
569 515 4 3 9
645 515 3 2 6
952 514 2 3 5
1005 519 3 4 12
686 521 4 3 11
1012 524 3 4 11
166 527 8 5 22
714 526 4 5 14
942 526 5 15 29
979 528 3 5 14
1123 528 22 34 575
751 531 16 5 57
1195 531 1 1 1
1336 533 84 88 2942
216 535 10 6 29
580 535 4 4 12
1019 535 18 18 184
616 536 9 9 60
846 536 23 29 415
1085 539 20 23 347
1196 539 1 1 1
436 541 13 14 142
718 541 33 33 440
1274 541 7 8 46
399 543 28 28 384
907 544 22 20 201
127 547 10 7 53
351 546 25 23 210
798 547 5 6 27
329 550 5 2 9
639 550 16 52 406
1063 550 24 41 422
950 553 5 8 31
33 555 8 6 35
168 554 1 1 1
1000 555 10 6 41
1168 554 15 20 238
485 559 20 10 107
543 558 10 18 70
572 558 5 4 16
879 558 15 11 67
788 561 4 3 11
667 563 9 12 86
760 563 3 3 8
781 565 4 5 17
905 565 3 2 5
1285 565 7 7 40
75 567 1 1 1
932 568 16 25 207
76 570 1 1 1
973 575 2 3 6
1185 577 1 1 1
985 578 2 4 7
878 581 4 5 10
1038 581 1 1 1
485 583 7 9 55
1018 583 15 8 64
1130 582 19 27 408
1244 583 28 26 465
1728 583 1 1 1
623 584 4 3 9
212 586 7 4 15
450 587 13 13 136
526 586 13 9 65
817 587 4 2 5
116 588 10 5 33
401 588 13 17 164
724 589 1 1 1
915 589 3 3 6
992 588 6 8 38
1092 588 15 22 271
682 591 6 8 35
834 590 1 1 1
1034 591 4 5 15
1062 590 1 4 4
565 595 3 2 6
759 596 21 27 368
1009 597 4 7 23
1061 596 1 2 2
0 599 4 1 4
980 599 3 2 5
1071 598 1 1 1
151 600 1 1 1
219 600 10 8 66
846 600 5 8 32
604 602 5 5 22
799 603 3 1 3
938 602 14 35 278
152 604 5 3 14
907 607 13 12 110
861 609 2 2 2
641 611 7 9 52
568 612 6 6 26
693 612 7 8 37
988 612 3 3 9
80 614 10 6 42
311 614 6 4 20
679 617 6 7 33
787 617 3 3 8
835 616 13 22 187
887 616 3 2 4
261 619 7 7 38
418 620 12 12 104
237 623 10 9 67
750 629 4 5 14
792 629 10 13 107
215 630 2 1 2
394 630 18 18 251
649 631 1 1 1
702 630 2 1 2
963 630 12 20 166
1241 630 7 7 41
15 633 12 7 65
458 633 9 5 27
487 632 7 3 18
614 633 6 5 21
716 632 14 15 107
1732 632 1 1 1
496 635 26 14 212
741 636 4 4 16
1085 636 11 13 111
767 638 6 14 45
872 639 6 6 27
949 639 3 3 9
826 640 2 2 3
924 640 11 17 71
249 642 7 3 15
895 645 1 1 1
988 647 3 3 6
134 648 5 4 15
647 648 2 1 2
856 648 3 2 5
656 650 3 3 5
1194 651 7 3 15
229 652 13 12 101
314 652 9 9 62
618 652 6 6 27
675 653 2 1 2
720 655 1 1 1
809 656 3 2 5
898 656 6 7 33
77 659 2 1 2
1348 658 20 21 287
943 660 1 2 2
1247 661 1 1 1
557 663 27 16 280
935 663 2 3 6
193 665 1 1 1
914 665 3 3 8
98 667 1 1 1
535 669 4 3 9
640 668 6 4 22
468 671 1 1 1
668 671 1 1 1
670 670 1 1 1
646 673 1 1 1
906 673 6 7 32
923 674 9 7 38
968 674 3 4 10
768 677 4 3 9
1297 677 18 21 309
62 679 1 1 1
781 679 14 21 225
808 679 2 2 3
942 679 2 2 4
1092 678 7 4 26
1625 678 1 2 2
125 681 1 1 1
167 680 2 1 2
230 681 1 1 1
238 681 19 8 55
947 683 12 3 27
89 684 10 8 54
456 684 13 13 124
1093 684 40 38 843
1002 687 1 2 2
560 689 5 3 10
728 689 2 3 5
887 689 10 5 21
922 688 2 3 5
1218 689 18 24 352
1654 689 2 2 2
670 690 11 34 174
65 692 15 13 162
627 692 5 4 15
985 695 2 3 6
826 697 3 11 17
913 696 3 3 9
1476 696 4 1 4
38 699 11 7 50
592 699 5 4 16
733 698 28 21 289
971 698 3 4 9
403 700 19 24 249
878 700 5 6 23
1295 700 1 1 1
961 703 2 2 3
255 704 5 3 12
291 705 8 8 51
574 705 1 1 1
585 705 4 3 9
601 704 3 2 5
891 704 11 12 105
911 705 2 2 3
101 711 11 6 52
441 711 8 7 40
964 712 1 1 1
1289 712 15 18 234
148 716 5 5 8
591 716 1 1 1
618 716 10 23 147
935 716 4 5 14
582 719 3 4 12
832 718 5 13 27
981 719 9 4 21
1554 719 1 1 1
861 720 19 29 122
1672 720 1 1 1
521 723 1 1 1
523 722 3 1 3
900 723 15 6 53
1002 722 3 1 3
864 725 2 1 2
756 727 13 11 65
1220 726 24 47 595
171 729 8 4 25
464 729 11 13 105
792 729 1 1 1
815 728 4 4 15
1119 729 1 2 2
1011 735 3 3 7
1023 735 3 5 12
1193 734 5 4 13
1207 737 4 2 8
486 739 17 12 98
212 741 7 3 12
351 741 6 5 22
582 741 20 17 144
765 741 2 1 2
937 742 1 1 1
969 742 2 2 4
1074 743 6 11 27
317 745 7 5 18
737 745 12 16 144
938 744 1 1 1
308 746 1 2 2
426 748 1 1 1
638 748 1 1 1
890 750 7 7 36
909 750 5 3 11
1028 753 2 3 6
398 755 14 18 188
484 755 1 2 2
933 754 11 4 28
482 757 1 1 1
648 756 26 39 386
1207 757 5 6 24
229 758 8 5 27
372 758 8 5 19
772 759 11 13 117
965 759 2 1 2
1016 759 2 4 7
768 761 417 220 21880
957 763 16 24 182
353 764 4 1 4
1048 765 24 32 231
286 767 8 7 51
883 766 7 9 51
241 769 7 6 28
939 768 6 7 27
752 771 3 2 4
982 770 5 12 38
1297 770 14 15 159
207 772 14 8 81
318 773 1 1 1
719 773 2 1 2
732 773 11 10 38
859 773 4 2 6
1024 773 3 3 7
1214 773 14 16 173
52 775 19 12 135
255 775 2 1 2
990 774 36 31 617
562 776 1 1 1
703 777 29 25 342
295 778 1 1 1
506 779 3 3 5
791 778 11 15 130
484 781 13 19 110
575 780 5 5 22
766 781 1 1 1
823 781 3 2 6
880 780 1 1 1
339 782 6 5 17
870 783 1 1 1
1374 782 8 10 59
186 785 2 1 2
918 784 2 2 4
891 786 1 1 1
934 787 1 1 1
1325 786 38 39 792
939 789 5 3 11
1555 788 1 1 1
1578 789 2 1 2
369 790 11 7 51
137 792 2 2 2
867 793 3 3 8
947 793 1 1 1
298 794 6 4 13
762 795 4 4 14
835 794 28 35 356
949 794 2 2 4
806 797 3 4 11
1572 797 1 1 1
1643 797 3 1 3
1666 796 3 2 4
423 799 3 2 3
516 799 16 20 202
1825 799 4 6 16
590 801 19 17 228
786 800 8 8 57
16 803 7 5 26
468 803 10 10 66
574 803 1 1 1
933 802 1 1 1
1292 802 1 2 2
755 804 2 2 3
935 805 9 6 21
958 804 23 23 330
1245 804 11 3 21
626 806 4 4 12
742 807 1 1 1
1098 809 1 1 1
235 810 5 3 11
277 810 6 5 19
723 811 3 6 16
919 810 1 1 1
1069 811 18 35 418
945 812 3 5 14
1230 813 16 22 262
678 814 13 13 112
924 814 2 2 3
1096 816 2 1 2
608 819 28 30 279
889 818 29 23 207
20 820 12 9 79
380 821 1 1 1
452 821 12 12 111
767 821 12 15 146
80 822 4 3 8
1424 822 3 1 3
1093 824 28 29 412
1821 825 2 1 2
401 827 8 4 23
716 826 3 3 8
788 828 3 3 8
296 830 6 7 24
1003 830 2 5 10
1716 831 1 1 1
1598 835 3 1 3
647 836 4 4 11
734 836 2 3 5
936 837 2 2 4
1275 836 14 16 130
1474 836 2 2 2
373 839 1 1 1
557 838 1 1 1
878 838 11 16 142
512 840 3 4 8
727 840 3 3 6
975 841 23 24 241
1536 841 1 1 1
257 842 1 1 1
264 843 4 3 10
928 844 1 2 2
1191 844 14 16 158
1366 845 2 15 25
1485 845 3 1 3
583 846 1 1 1
672 847 4 2 5
917 847 2 3 4
169 849 10 8 42
459 849 15 7 66
572 848 6 5 23
969 849 2 3 5
426 850 8 6 27
898 850 5 4 13
948 850 1 1 1
380 852 4 2 5
623 852 2 1 2
1344 855 1 1 1
1008 857 2 2 4
1707 857 2 2 2
1733 858 1 1 1
1438 861 19 21 260
1775 860 1 1 1
451 862 9 12 68
1310 863 15 17 194
702 864 2 2 4
963 864 2 2 4
1743 865 2 1 2
377 866 5 4 14
925 867 1 1 1
538 869 8 9 57
1718 869 1 1 1
688 870 10 10 54
939 870 2 2 3
1521 871 2 2 3
215 873 7 7 34
1472 872 1 1 1
290 876 7 8 50
1184 877 4 4 16
426 879 21 19 205
1378 879 2 2 4
579 883 1 1 1
959 883 2 3 4
1743 883 1 1 1
282 885 12 18 62
649 885 8 7 48
1663 885 2 1 2
261 886 1 1 1
481 887 2 3 4
935 887 2 3 4
973 887 1 1 1
1271 886 1 2 2
1666 886 1 1 1
156 888 2 2 4
257 888 1 1 1
737 889 3 3 8
1248 889 12 8 68
1536 889 1 1 1
317 891 8 8 51
1775 892 1 1 1
134 894 1 1 1
160 894 1 1 1
657 895 1 1 1
129 896 4 4 11
1339 897 3 2 4
744 898 5 5 25
778 899 2 1 2
212 901 1 1 1
1266 901 1 1 1
1538 901 2 3 5
237 903 7 4 19
601 903 5 7 29
733 904 3 1 3
1310 905 15 14 132
1573 905 1 1 1
754 907 1 1 1
423 908 2 1 2
647 908 1 2 2
658 908 2 2 3
1290 908 1 1 1
455 910 7 6 38
558 913 4 5 15
611 912 1 1 1
713 913 1 1 1
763 918 14 18 156
1435 919 2 1 2
332 921 1 1 1
462 920 1 2 2
730 921 2 2 3
105 922 9 5 21
707 925 1 1 1
1271 924 1 2 2
746 927 2 1 2
1725 926 1 1 1
89 928 1 1 1
358 928 9 12 83
541 928 2 3 5
670 929 15 44 324
1207 929 3 2 5
1314 930 2 1 2
90 932 1 1 1
447 933 6 5 26
693 933 1 1 1
837 933 1 1 1
1492 933 1 1 1
529 934 1 2 2
797 934 8 8 30
510 936 3 2 5
132 939 1 1 1
76 941 8 5 22
725 941 2 1 2
759 940 11 13 44
936 941 2 1 2
840 943 1 2 2
1435 942 1 1 1
146 945 2 1 2
291 944 4 4 9
701 944 9 8 50
959 945 1 1 1
1591 944 1 1 1
1375 946 1 1 1
1709 946 2 3 4
13 948 2 1 2
321 948 6 4 17
536 949 5 4 16
813 949 11 15 134
964 949 1 2 2
359 951 7 8 42
870 951 1 1 1
912 951 1 2 2
1580 950 3 5 8
125 952 1 1 1
781 952 2 1 2
873 952 1 1 1
920 952 14 12 104
1707 953 1 1 1
1741 952 1 1 1
1162 955 1 1 1
379 957 5 4 12
712 956 2 3 6
744 957 1 1 1
853 957 4 6 22
1754 956 1 1 1
475 959 1 1 1
509 959 8 11 78
942 959 3 5 9
1597 959 3 2 6
1623 960 1 1 1
1830 960 1 1 1
393 963 5 4 15
444 963 7 12 39
530 963 8 11 44
559 962 3 3 7
587 962 1 1 1
610 962 1 1 1
1345 962 3 2 4
784 965 2 2 3
5 966 1 1 1
347 966 1 1 1
466 967 3 4 8
470 966 2 1 2
596 967 5 6 27
652 967 1 1 1
905 966 7 3 9
1324 966 13 12 97
1537 966 1 1 1
1659 966 1 1 1
893 969 3 4 9
120 970 1 1 1
869 970 1 1 1
916 971 1 1 1
1447 971 1 1 1
398 973 16 9 80
719 972 25 36 366
1682 973 2 3 5
169 975 1 1 1
352 975 1 1 1
688 975 19 20 186
773 974 19 13 155
1708 975 2 1 2
307 977 1 1 1
879 977 10 11 89
48 979 1 1 1
894 979 19 18 195
930 978 1 3 3
943 979 1 1 1
1695 978 4 3 6
45 980 1 1 1
485 981 1 1 1
814 981 4 5 12
868 981 1 1 1
1176 982 2 2 3
1379 982 1 1 1
1668 983 2 2 3
639 985 27 17 157
1404 984 2 3 4
1490 984 1 1 1
563 987 13 7 53
638 987 1 1 1
1061 987 14 16 173
293 988 15 5 45
387 989 2 1 2
1157 988 13 12 112
1778 988 5 3 9
148 990 9 6 39
224 991 7 6 25
862 991 4 5 14
926 990 1 1 1
1784 991 1 1 1
45 993 1 1 1
597 993 2 2 2
935 993 1 2 2
1106 993 3 3 6
492 995 3 1 3
577 995 1 1 1
1006 994 10 12 91
1421 994 2 2 2
123 997 5 4 13
250 997 1 1 1
611 997 4 5 12
821 997 4 5 17
938 996 1 2 2
965 997 12 14 116
1216 996 20 14 133
1275 997 2 2 3
1123 999 10 10 75
1302 998 1 1 1
378 1000 2 2 3
1631 1000 5 3 10
526 1002 4 4 11
586 1003 1 1 1
658 1005 3 3 7
814 1005 2 2 4
1494 1005 1 1 1
302 1007 2 2 3
459 1006 2 1 2
684 1006 1 1 1
767 1006 1 1 1
1106 1006 2 2 3
433 1009 5 4 11
546 1008 8 8 41
1074 1009 31 18 333
1455 1009 1 1 1
1258 1011 1 1 1
1274 1010 2 1 2
1477 1011 1 1 1
1567 1011 1 1 1
266 1013 1 1 1
313 1012 1 1 1
626 1012 1 1 1
1303 1012 1 1 1
345 1014 1 1 1
1265 1014 1 1 1
14 1016 1 2 2
281 1016 2 1 2
504 1017 13 9 82
632 1016 1 1 1
907 1017 10 17 119
927 1017 3 3 5
479 1019 1 1 1
881 1018 8 8 57
420 1020 3 4 10
758 1020 3 4 7
1536 1020 1 1 1
396 1022 13 19 89
448 1023 7 7 31
583 1023 9 14 72
662 1023 3 1 3
677 1022 1 1 1
1537 1022 1 1 1
423 1027 7 7 39
617 1026 1 1 1
707 1027 2 4 6
1276 1026 12 15 123
332 1028 9 10 54
474 1028 3 4 4
525 1029 1 1 1
610 1028 4 2 5
641 1028 10 17 101
761 1028 9 9 60
827 1029 1 3 3
500 1030 1 1 1
686 1031 5 5 17
365 1033 1 1 1
1437 1033 2 1 2
1503 1032 6 14 36
605 1035 1 2 2
900 1035 1 1 1
1530 1035 1 1 1
307 1037 5 4 15
544 1037 6 6 21
563 1037 2 2 4
512 1039 10 10 28
1571 1038 4 4 7
1746 1039 1 1 1
589 1041 6 8 40
743 1040 2 1 2
841 1041 10 12 92
951 1040 1 2 2
1460 1040 4 11 17
1483 1041 1 2 2
1839 1040 1 1 1
291 1042 4 4 9
742 1043 1 1 1
1131 1042 12 16 145
540 1044 2 1 2
763 1045 15 26 153
1354 1044 2 2 3
1410 1044 1 1 1
317 1047 3 3 7
1092 1046 10 12 93
459 1049 3 3 6
754 1049 1 1 1
879 1049 1 1 1
950 1049 9 13 96
1004 1048 6 5 24
1165 1049 12 14 128
655 1051 4 6 16
670 1051 1 1 1
721 1051 10 13 111
801 1050 3 3 5
1663 1051 2 1 2
639 1053 1 1 1
906 1053 1 1 1
1535 1053 2 1 2
490 1055 4 2 7
522 1054 18 20 133
1289 1055 2 1 2
1759 1054 2 2 2
122 1056 5 4 8
141 1056 7 11 36
274 1057 1 1 1
388 1056 5 2 6
476 1056 1 1 1
1648 1056 1 1 1
869 1058 1 2 2
897 1059 1 1 1
343 1061 1 1 1
602 1061 16 10 77
620 1061 11 5 30
1582 1060 1 1 1
197 1063 2 1 2
407 1062 1 1 1
483 1062 2 2 4
931 1063 4 6 13
701 1064 4 4 14
804 1065 1 1 1
1178 1064 2 1 2
1484 1065 10 9 36
1778 1065 7 6 31
450 1066 2 2 3
488 1067 1 1 1
1412 1067 1 1 1
433 1069 4 2 4
447 1069 2 1 2
734 1068 1 1 1
1301 1069 14 18 183
345 1070 8 12 60
382 1071 5 5 17
461 1071 1 1 1
1589 1071 3 2 5
1689 1071 1 1 1
495 1072 10 12 70
564 1073 16 10 70
666 1073 4 5 12
1691 1072 2 1 2
94 1074 1 1 1
484 1074 1 1 1
592 1075 10 19 72
682 1075 5 16 33
816 1074 3 3 6
1602 1075 10 3 12
1733 1074 2 3 3
1771 1074 7 7 42
71 1077 10 7 47
155 1076 8 4 11
736 1077 1 3 3
864 1077 1 1 1
867 1076 1 1 1
906 1077 1 3 3
1003 1077 9 8 46
542 1078 3 2 6
618 1079 1 1 1
126 1080 7 4 20
240 1080 12 28 157
616 1080 1 1 1
1144 1081 11 11 93
1162 1080 16 25 182
1631 1081 1 1 1
270 1083 27 18 265
533 1083 1 1 1
122 1084 2 2 3
340 1085 4 3 8
886 1085 6 5 14
1024 1084 9 11 65
1522 1084 1 1 1
549 1086 1 1 1
1102 1086 12 13 107
1717 1087 4 4 7
224 1089 1 1 1
554 1089 1 1 1
696 1089 21 19 124
746 1088 1 1 1
748 1089 2 2 3
917 1088 3 4 9
1243 1088 19 23 212
1642 1088 1 1 1
1732 1088 2 1 2
51 1090 1 1 1
480 1091 4 5 14
523 1091 1 1 1
535 1090 6 5 23
1135 1090 1 1 1
330 1093 1 1 1
346 1093 1 1 1
439 1092 5 7 12
572 1093 1 1 1
416 1094 1 1 1
668 1094 3 3 5
760 1095 3 3 8
646 1096 1 1 1
875 1097 1 1 1
386 1099 2 2 2
567 1098 2 5 6
675 1098 2 3 4
1046 1098 2 2 3
1696 1099 1 1 1
192 1100 1 2 2
487 1101 1 1 1
648 1100 1 1 1
1600 1101 1 1 1
1767 1100 4 1 4
55 1102 1 1 1
96 1102 1 1 1
155 1102 2 3 4
377 1103 1 1 1
411 1103 1 1 1
687 1103 2 1 2
719 1102 1 1 1
1359 1102 1 1 1
1533 1102 1 1 1
1712 1102 1 1 1
1785 1103 3 2 3
1818 1103 1 1 1
914 1104 6 5 21
1360 1105 1 1 1
645 1107 1 1 1
685 1106 1 2 2
885 1106 1 2 2
896 1106 1 1 1
1139 1106 1 1 1
281 1109 2 2 4
321 1108 1 1 1
417 1109 1 1 1
866 1108 1 1 1
140 1110 1 1 1
298 1111 4 5 14
557 1111 4 2 6
1136 1111 2 3 6
1717 1111 3 2 3
655 1112 6 9 36
742 1113 18 31 228
501 1114 9 7 27
1186 1115 10 10 71
1680 1114 2 1 2
389 1117 11 7 26
545 1117 1 3 3
929 1116 1 2 2
271 1118 1 1 1
457 1118 2 1 2
522 1119 1 2 2
1253 1119 1 1 1
419 1120 5 14 30
597 1120 2 1 2
935 1121 1 1 1
1337 1120 1 1 1
268 1123 1 1 1
433 1123 1 1 1
529 1123 1 1 1
860 1123 1 1 1
1340 1123 1 1 1
562 1124 3 5 9
698 1125 1 2 2
866 1125 6 5 23
24 1126 1 5 5
244 1127 2 2 2
334 1126 6 4 10
540 1126 2 1 2
582 1127 18 12 62
612 1127 1 1 1
712 1127 3 11 15
1503 1127 2 1 2
183 1129 1 2 2
369 1129 3 2 4
399 1129 10 11 43
471 1129 1 1 1
1565 1129 1 1 1
1783 1128 4 5 11
296 1130 5 5 17
439 1130 4 3 9
496 1131 6 7 30
1665 1133 4 3 5
650 1135 6 3 12
1479 1134 1 1 1
202 1136 10 9 54
672 1137 1 2 2
768 1136 6 5 25
1753 1136 1 1 1
137 1138 2 2 2
332 1138 1 1 1
373 1139 1 1 1
580 1139 5 5 17
620 1139 6 14 51
48 1140 2 2 2
133 1140 1 1 1
635 1141 3 2 5
716 1140 7 2 14
1062 1141 1 1 1
1616 1140 4 7 15
233 1142 4 3 10
361 1143 1 1 1
432 1143 1 1 1
504 1144 1 1 1
245 1146 2 1 2
440 1146 1 1 1
726 1146 1 1 1
1478 1146 1 1 1
1621 1147 1 1 1
78 1149 1 1 1
216 1149 2 10 12
521 1148 2 3 5
1629 1148 1 2 2
1783 1149 2 2 3
102 1151 1 1 1
116 1150 2 5 6
380 1150 1 2 2
470 1151 9 13 39
450 1152 1 1 1
638 1152 3 4 6
703 1152 1 1 1
1388 1153 1 1 1
611 1154 2 1 2
809 1155 1 1 1
1386 1155 1 1 1
103 1156 1 1 1
492 1156 10 11 51
541 1157 3 5 12
575 1157 1 1 1
666 1156 1 1 1
1704 1157 2 2 3
265 1158 3 4 9
300 1159 1 1 1
359 1159 3 2 5
396 1159 1 1 1
524 1159 2 3 6
558 1159 1 1 1
693 1159 1 1 1
1384 1159 1 1 1
123 1160 15 7 29
461 1160 1 1 1
919 1160 1 1 1
512 1162 6 2 11
670 1162 1 1 1
691 1163 2 1 2
768 1162 1 1 1
839 1163 4 6 16
856 1162 2 2 2
920 1163 2 2 4
336 1164 7 7 23
428 1165 2 3 5
650 1165 1 1 1
689 1165 1 1 1
288 1166 2 1 2
209 1169 1 1 1
388 1168 1 1 1
432 1168 1 1 1
566 1169 2 2 3
1604 1169 9 5 13
1757 1169 7 11 37
1783 1168 2 1 2
181 1171 5 5 18
406 1171 2 2 2
548 1171 1 2 2
646 1171 1 1 1
719 1170 1 1 1
1182 1172 1 1 1
478 1174 5 4 11
508 1175 7 7 35
530 1174 1 1 1
663 1175 8 10 18
1245 1174 2 3 4
1291 1175 1 1 1
255 1177 1 1 1
316 1176 3 3 5
370 1177 1 1 1
609 1177 4 3 8
684 1177 1 1 1
698 1176 2 2 4
1575 1176 2 1 2
1637 1177 1 2 2
380 1179 2 2 4
446 1179 2 3 3
649 1179 1 2 2
764 1179 1 1 1
1161 1179 1 1 1
1369 1181 2 2 3
1772 1180 1 1 1
1774 1181 2 3 3
376 1182 2 1 2
589 1182 3 2 4
631 1183 1 1 1
644 1183 1 8 8
1074 1182 1 1 1
362 1184 5 7 29
503 1185 2 2 3
525 1185 31 24 257
659 1186 4 3 8
907 1186 1 2 2
395 1188 3 3 6
577 1191 1 1 1
1457 1190 3 3 6
369 1193 1 1 1
616 1193 5 6 23
692 1192 1 1 1
712 1193 2 2 3
1388 1193 1 1 1
1630 1192 1 1 1
318 1195 5 4 11
573 1195 2 1 2
1332 1195 1 1 1
1831 1195 2 2 2
223 1197 2 2 3
405 1197 5 5 13
516 1197 1 2 2
564 1197 9 8 54
1454 1196 1 1 1
247 1199 9 9 38
507 1199 7 9 15
660 1198 1 1 1
774 1198 2 2 3
1598 1198 1 1 1
1666 1201 2 1 2
186 1202 1 1 1
228 1203 8 3 21
459 1203 1 1 1
637 1203 4 7 20
704 1203 1 1 1
1098 1202 2 2 3
1573 1203 2 2 3
390 1204 1 1 1
606 1204 2 2 4
653 1204 3 1 3
741 1204 1 1 1
799 1205 1 1 1
1525 1205 2 6 6
317 1207 1 1 1
696 1207 1 1 1
1485 1206 1 1 1
112 1208 1 1 1
469 1209 6 5 19
525 1209 6 6 30
723 1209 1 1 1
895 1209 1 1 1
1488 1208 2 2 3
97 1211 1 1 1
392 1210 1 1 1
411 1210 5 5 13
596 1211 3 3 4
626 1211 1 1 1
777 1211 1 1 1
891 1211 2 1 2
1490 1211 2 3 3
1669 1210 2 2 3
646 1212 1 1 1
656 1212 2 2 3
674 1213 1 1 1
727 1212 1 1 1
1201 1213 2 1 2
114 1214 2 3 5
308 1214 1 1 1
668 1215 4 3 6
728 1215 1 1 1
47 1217 1 1 1
240 1216 1 1 1
317 1217 1 1 1
514 1216 1 1 1
622 1216 4 5 16
513 1218 1 1 1
1535 1219 3 9 14
176 1220 1 2 2
330 1221 7 7 25
350 1220 3 2 3
476 1221 13 7 43
568 1220 6 8 23
755 1220 1 1 1
1687 1220 1 1 1
403 1225 1 3 3
448 1224 1 4 4
501 1225 1 3 3
1382 1225 4 3 6
1407 1225 2 3 6
210 1226 1 2 2
427 1226 1 2 2
740 1227 1 1 1
928 1226 1 2 2
1328 1227 1 1 1
