0 0 1840 1228 2088800
300 0 9 3 22
358 0 8 19 135
384 0 40 25 538
524 0 11 15 141
616 0 11 9 82
762 0 130 289 10443
899 0 35 29 625
997 0 4 9 35
1064 0 212 191 11070
1335 0 5 6 28
1353 0 2 2 4
1578 0 165 47 2151
710 9 17 33 430
1407 8 5 9 34
1305 13 7 14 83
81 16 12 12 96
677 16 14 23 246
993 17 1 1 1
957 18 27 21 419
429 20 15 22 259
490 22 30 25 322
1356 24 6 11 47
1327 26 11 17 148
1266 33 37 56 1300
1376 34 5 8 35
388 38 12 16 134
1008 41 8 16 105
1229 42 5 9 36
1334 47 34 84 1215
1423 51 6 9 37
620 52 14 24 259
578 57 10 16 129
960 56 7 13 67
98 58 16 20 243
922 58 28 25 390
650 72 53 242 5151
747 73 11 25 183
161 74 14 17 196
1217 79 16 22 192
488 80 14 41 345
602 81 20 19 139
1673 85 34 45 1168
1808 95 32 37 669
1019 107 7 12 67
1413 106 7 10 62
909 110 7 14 82
46 115 112 190 3907
1370 114 6 10 53
1240 116 11 17 147
1315 117 1 1 1
1425 118 6 8 40
1048 123 14 31 365
1151 123 20 17 275
1760 131 13 13 110
993 136 7 7 45
149 139 3 35 75
570 138 9 16 123
1248 138 20 25 277
1334 138 5 9 37
755 146 8 16 109
465 148 8 12 74
302 155 95 200 5127
1260 155 62 91 3432
1367 157 6 9 40
1485 160 4 8 25
536 167 56 178 3628
505 171 8 12 72
998 175 21 24 174
1338 178 6 11 57
1387 179 6 10 50
1353 182 5 9 34
727 188 6 9 39
1056 189 4 7 26
1811 191 29 52 1004
1508 195 16 32 350
1075 200 9 15 105
411 202 14 15 151
1783 205 12 10 75
1378 210 3 2 6
932 212 1 1 1
943 213 3 1 3
1180 212 5 8 33
918 214 9 8 24
912 219 7 29 109
1336 219 9 7 31
217 220 11 15 132
1024 228 5 9 38
1191 231 5 11 45
902 236 1 8 8
35 243 2 2 4
924 243 1 1 1
698 245 9 7 49
1732 246 11 12 99
890 248 1 1 1
1326 248 47 122 2167
937 251 1 1 1
949 253 1 1 1
1226 252 5 8 28
959 254 1 1 1
877 257 1 1 1
991 256 1 1 1
1183 261 6 9 41
509 263 12 17 96
935 263 1 1 1
988 263 1 1 1
914 269 1 1 1
121 273 3 7 15
497 273 8 11 69
862 272 1 1 1
929 273 10 19 112
949 272 15 18 140
1283 272 4 7 22
1426 274 6 9 45
993 277 1 1 1
1036 276 11 13 116
1446 279 6 9 45
847 283 27 21 251
130 286 2 6 7
1224 287 31 44 868
701 288 7 8 39
156 292 3 11 27
995 292 13 13 71
986 295 1 1 1
919 299 1 1 1
1083 299 7 12 65
923 302 1 1 1
962 302 1 1 1
88 304 73 36 843
1279 305 12 10 85
883 307 5 8 32
909 309 12 9 30
941 313 10 21 179
45 315 10 9 31
470 314 9 13 84
779 314 7 11 65
1045 315 5 8 31
1816 314 24 53 1030
81 317 2 2 4
414 316 11 15 106
279 318 10 15 135
1274 319 5 7 28
810 322 16 10 119
1009 322 30 40 696
872 325 17 25 217
614 329 20 35 550
905 328 8 7 24
1191 331 8 14 66
1284 331 14 13 98
264 335 10 12 103
918 334 21 52 539
1059 334 10 14 102
1235 335 28 43 647
782 336 11 17 153
920 342 1 1 1
1518 346 1 1 1
441 349 30 23 253
809 348 23 15 270
417 351 8 11 69
1434 350 6 10 49
1504 350 14 10 94
493 353 11 18 172
1170 353 5 6 20
1273 353 6 9 45
310 359 9 11 79
857 358 24 29 413
1417 358 6 6 30
744 361 17 25 233
888 363 1 2 2
989 367 1 1 1
1268 367 5 7 28
1311 367 8 13 80
562 368 5 9 39
1286 368 8 12 67
977 370 11 10 45
1360 371 5 8 31
615 373 18 31 447
1346 377 5 11 47
1081 378 6 12 57
1200 378 28 24 368
176 380 13 18 198
889 380 1 1 1
482 385 11 17 156
892 387 1 1 1
952 389 5 11 51
887 391 2 2 3
1431 395 6 8 35
961 399 32 33 253
1338 399 2 1 2
1614 398 197 243 5772
1333 400 3 1 3
1318 405 6 9 47
925 407 9 16 113
1172 406 4 9 33
458 410 8 10 67
1429 413 6 8 38
1459 413 19 26 259
496 415 7 9 52
557 414 9 14 113
779 417 5 5 12
1161 417 4 4 10
699 419 5 9 37
1328 418 6 10 55
1225 420 11 18 164
656 422 5 7 33
733 422 19 24 342
1095 423 10 14 100
292 427 9 10 74
1275 428 5 6 27
1303 431 2 3 5
1092 438 76 150 1586
431 443 10 17 119
961 445 6 17 63
1046 444 4 7 24
1184 444 6 9 41
1300 444 10 18 100
1584 445 9 11 50
294 447 9 10 73
463 446 7 9 54
1221 451 4 7 27
1333 450 1 2 2
824 454 21 11 147
894 455 1 1 1
1124 454 3 5 14
1460 454 1 3 3
998 459 5 9 16
1279 458 13 16 83
886 461 3 3 3
1332 465 1 6 6
912 466 18 30 270
1316 467 5 9 38
1206 470 9 10 71
1046 472 1 1 1
833 475 11 23 209
461 476 10 14 119
1264 477 4 8 25
639 479 46 54 943
694 478 34 45 1026
858 479 5 7 24
1033 478 3 6 17
1365 479 1 1 1
598 481 6 9 43
1082 480 4 6 23
622 482 3 13 13
1239 485 5 8 32
1342 487 5 9 39
1053 489 5 10 43
1331 488 1 1 1
938 497 5 13 54
504 499 5 5 17
798 498 16 30 359
984 498 4 11 20
1296 499 6 8 33
465 501 10 12 105
1241 504 7 11 69
870 507 29 29 501
632 509 16 29 398
980 509 2 4 6
1330 509 1 1 1
172 510 11 12 113
957 512 5 15 46
570 516 8 10 57
965 516 67 70 2033
484 526 12 35 285
1079 526 2 13 14
1092 526 1 3 3
401 529 23 12 214
956 530 1 1 1
1342 532 8 23 91
345 535 9 7 53
954 536 1 2 2
1044 537 11 65 453
1329 539 1 3 3
781 540 16 12 153
953 541 1 1 1
667 544 2 13 16
1403 544 5 7 30
521 552 9 8 51
1261 555 4 6 22
1328 555 1 9 9
1459 555 6 6 30
672 557 5 1 5
824 557 6 8 40
1308 557 4 6 23
1789 563 51 52 1304
766 565 26 65 1182
968 569 1 2 2
1084 570 2 13 13
1252 571 4 5 16
836 575 8 14 96
747 579 10 17 134
414 581 7 11 62
610 581 5 7 31
966 581 1 1 1
1356 580 6 11 50
1373 580 5 6 24
1435 581 1 2 2
550 583 25 34 524
1016 582 3 4 9
802 584 1 1 1
1076 585 9 3 18
862 588 17 19 204
1403 589 3 3 9
972 594 7 10 53
802 597 1 1 1
1096 597 9 6 37
608 599 7 9 51
489 603 9 8 54
352 604 10 11 95
1075 604 1 1 1
427 608 6 9 40
1166 611 3 4 12
1145 612 2 4 8
1253 615 17 17 134
1052 616 1 1 1
1068 616 2 3 3
1054 619 13 10 72
1109 618 25 29 216
1368 619 5 6 26
1307 620 5 5 19
673 623 6 9 47
396 625 7 9 51
1373 626 5 6 28
444 630 14 14 145
808 630 5 5 19
949 630 1 1 1
1272 631 8 28 103
1178 632 4 5 19
1623 637 33 40 960
978 638 1 1 1
1040 638 6 3 16
108 641 13 13 131
1048 641 8 5 10
1091 641 4 5 13
471 643 11 17 153
811 642 53 43 739
960 642 15 22 120
991 644 3 5 15
1057 646 2 2 2
1061 650 1 1 1
1062 652 7 10 12
911 655 25 36 613
1778 654 20 21 339
996 656 1 2 2
1160 656 13 21 223
237 660 13 18 161
300 662 13 14 148
591 665 11 17 150
934 664 84 61 1606
1310 664 3 4 10
1064 669 8 17 62
810 673 1 5 5
1131 676 2 3 6
1360 679 3 3 7
359 683 7 6 34
795 684 15 27 162
1253 685 7 9 45
858 687 6 12 66
1031 687 4 5 14
1144 690 1 1 1
394 695 11 14 118
1248 699 3 5 14
739 701 11 36 225
565 703 38 28 507
810 703 18 19 188
643 704 5 7 29
1256 705 3 3 8
1389 704 3 4 9
1451 706 5 4 16
804 711 4 2 7
933 710 1 1 1
760 712 13 11 76
139 715 3 2 5
218 716 16 18 228
479 716 2 2 3
1208 717 3 5 14
439 719 10 15 133
864 719 71 48 958
839 722 1 1 1
1328 723 5 9 42
713 725 17 12 59
966 725 1 1 1
968 726 1 1 1
970 727 3 2 3
974 729 2 1 2
551 731 17 9 92
672 731 16 21 211
1160 731 7 11 70
981 732 5 3 6
1187 733 3 2 6
987 735 1 1 1
600 737 20 15 137
989 736 1 1 1
1194 736 17 29 398
798 738 2 4 4
995 739 1 1 1
820 741 14 24 279
997 740 7 6 7
947 742 38 19 399
509 747 9 13 100
805 746 4 6 13
891 746 1 1 1
1049 749 9 8 50
14 750 3 2 4
543 751 5 8 36
887 750 1 1 1
557 752 9 11 82
927 752 3 5 9
374 761 8 11 65
593 760 38 68 1101
696 760 17 16 137
1236 765 5 8 34
964 766 1 1 1
1342 766 5 8 32
739 769 9 4 17
899 769 3 3 3
928 769 44 64 1231
951 768 1 1 1
1152 771 4 7 26
749 773 1 1 1
896 773 2 4 8
1183 773 5 6 23
684 775 2 1 2
751 774 53 46 647
325 776 1 1 1
828 776 11 11 87
864 776 1 1 1
888 777 1 1 1
722 778 3 3 4
885 779 3 3 3
5 780 3 1 3
173 782 2 2 3
877 783 7 9 18
728 786 1 1 1
1295 786 4 5 15
1422 786 4 5 13
1716 787 29 32 779
1200 790 39 45 1171
736 792 1 1 1
875 793 2 3 3
1281 793 2 2 3
740 795 3 2 4
997 795 8 16 84
871 797 4 5 5
328 801 23 30 512
637 801 575 199 37988
869 803 2 2 2
905 804 3 5 15
970 807 1 2 2
16 809 2 2 2
814 810 11 8 56
831 811 12 12 57
1791 810 49 40 1325
1067 813 1 11 11
1252 812 3 4 9
1118 817 3 4 8
1332 819 5 8 32
1744 819 11 8 70
214 820 8 7 45
415 822 10 11 89
1295 822 3 6 15
923 828 1 1 1
1061 829 2 3 3
866 834 10 6 40
1610 841 41 51 1577
958 842 5 7 21
209 847 13 18 185
331 848 1 1 1
1347 849 4 4 15
854 851 3 4 6
1723 852 12 14 135
851 855 2 2 2
1234 854 9 15 108
983 859 5 8 28
850 860 1 1 1
302 864 8 11 76
838 865 1 1 1
848 866 1 1 1
949 866 6 12 57
142 870 9 10 54
405 870 12 16 146
508 871 1 1 1
1384 871 3 4 9
1461 870 1 1 1
792 873 7 2 7
809 872 4 1 4
197 875 13 13 128
296 875 21 25 223
583 875 4 5 10
640 875 13 12 122
1286 876 4 9 30
1305 878 4 6 19
458 881 10 17 90
1727 880 35 40 1107
1240 882 6 9 43
1264 883 13 6 37
89 886 2 1 2
874 887 2 1 2
527 888 1 1 1
436 890 9 10 73
918 890 15 13 115
1405 895 5 5 15
1437 894 4 5 14
327 896 1 1 1
1303 896 4 7 25
412 900 10 9 58
1441 903 8 13 60
638 904 1 1 1
1297 904 3 5 13
430 909 12 16 131
16 911 7 2 12
1768 912 47 47 1711
406 915 1 1 1
360 921 6 5 28
1220 923 16 28 336
1672 925 30 37 771
1358 926 28 36 701
1479 927 10 3 22
254 933 6 2 7
1312 932 3 4 9
154 934 10 12 75
222 939 5 1 5
482 945 2 1 2
692 945 6 9 46
149 947 3 1 3
1148 946 8 12 67
388 950 2 1 2
541 951 1 1 1
670 951 8 12 81
1653 951 3 5 12
261 952 1 1 1
1730 952 3 2 3
80 956 1 1 1
111 956 15 18 133
605 957 6 9 46
767 959 4 3 8
1324 959 3 4 10
26 963 3 2 4
467 963 6 9 18
1122 964 4 5 18
315 967 10 8 44
738 966 19 18 227
829 968 1 1 1
646 970 8 13 78
396 977 1 1 1
405 977 4 7 12
1718 977 1 2 2
47 980 2 2 3
1721 981 3 2 5
31 982 2 1 2
489 984 1 1 1
805 985 3 14 32
488 986 1 1 1
760 986 7 10 57
270 989 9 8 46
471 989 1 1 1
1033 988 3 4 8
1157 991 2 5 10
1340 991 9 12 69
1786 994 38 36 994
33 996 2 1 2
598 996 12 26 174
1136 997 2 2 2
162 1000 2 2 2
577 1000 9 5 25
1519 1001 12 4 36
1300 1003 2 2 4
281 1005 3 2 4
333 1006 2 2 2
462 1007 9 13 85
1435 1007 2 4 6
784 1009 6 10 49
1098 1008 1 1 1
397 1011 6 2 7
1295 1010 3 4 11
1366 1011 1 1 1
12 1013 1 1 1
109 1013 3 1 3
157 1013 3 1 3
1132 1013 3 1 3
1327 1012 2 1 2
1348 1012 17 29 225
366 1015 2 1 2
1303 1015 3 2 4
93 1016 1 1 1
706 1017 1 1 1
848 1017 6 7 36
1113 1016 4 5 16
279 1019 1 1 1
546 1018 25 21 209
981 1018 1 1 1
308 1021 1 1 1
438 1020 1 1 1
1321 1021 6 15 49
86 1024 2 1 2
285 1024 2 1 2
305 1024 3 2 4
450 1024 1 1 1
682 1024 1 1 1
958 1025 6 10 40
999 1024 5 12 54
16 1027 4 3 8
583 1027 11 14 103
1212 1026 5 11 28
134 1029 2 2 3
233 1029 16 23 189
508 1030 9 1 9
1240 1031 12 17 49
1284 1030 12 7 50
49 1032 1 1 1
372 1033 14 13 61
459 1032 7 7 32
22 1035 2 1 2
105 1034 1 1 1
785 1036 6 6 30
14 1039 1 1 1
328 1039 2 1 2
363 1039 3 2 4
423 1040 1 1 1
1077 1040 2 1 2
137 1043 2 7 12
360 1045 2 1 2
48 1046 4 3 9
655 1047 2 2 3
170 1049 1 1 1
246 1049 1 1 1
1284 1049 4 5 17
361 1051 8 9 48
514 1050 1 1 1
1175 1050 2 1 2
69 1053 2 1 2
169 1052 1 1 1
503 1053 2 1 2
1389 1052 1 1 1
273 1054 13 11 41
310 1055 2 2 3
458 1054 1 1 1
510 1055 2 1 2
159 1056 2 2 3
179 1057 2 1 2
200 1056 1 1 1
460 1057 1 1 1
923 1056 5 9 37
1180 1057 3 4 7
133 1059 1 1 1
424 1058 1 1 1
356 1061 1 1 1
359 1060 1 1 1
394 1060 5 3 10
148 1062 2 1 2
232 1062 4 2 6
351 1062 1 1 1
0 1064 5 1 5
39 1064 3 2 3
309 1065 1 1 1
374 1064 3 2 5
417 1065 3 2 4
452 1065 4 3 8
838 1064 8 15 104
62 1067 7 4 19
164 1066 1 1 1
183 1066 8 9 19
96 1068 4 2 5
258 1068 1 1 1
579 1068 2 1 2
773 1068 3 3 8
6 1071 1 3 3
64 1071 15 13 69
536 1070 1 1 1
557 1070 1 1 1
1440 1071 3 3 7
158 1073 1 1 1
658 1073 1 1 1
1166 1073 2 4 6
152 1074 1 1 1
218 1074 2 1 2
222 1075 2 1 2
275 1075 1 1 1
385 1074 1 1 1
451 1074 1 1 1
233 1076 1 3 3
283 1077 4 2 5
321 1077 8 6 17
432 1076 7 9 21
532 1076 1 2 2
577 1077 1 1 1
1250 1076 1 1 1
210 1078 1 1 1
346 1079 2 1 2
407 1079 21 18 157
698 1079 3 1 3
1095 1078 17 15 93
149 1081 2 1 2
515 1081 5 2 7
679 1081 1 1 1
975 1080 2 5 9
127 1082 12 15 55
145 1082 1 1 1
495 1083 1 1 1
1083 1082 1 1 1
172 1085 3 2 3
185 1084 1 1 1
273 1085 2 1 2
316 1084 2 8 9
1674 1084 1 1 1
205 1087 1 1 1
397 1087 1 1 1
439 1087 11 4 29
586 1086 8 13 65
105 1088 2 1 2
167 1088 1 1 1
192 1088 7 2 8
288 1089 10 11 48
330 1089 1 1 1
1186 1088 6 11 27
233 1091 1 2 2
1252 1091 2 5 10
261 1093 1 1 1
463 1092 2 2 3
529 1092 1 1 1
606 1092 7 3 8
961 1093 1 3 3
144 1095 5 3 11
257 1094 3 2 3
378 1095 3 3 5
538 1095 6 6 32
231 1096 2 2 4
1041 1096 5 13 45
116 1099 2 1 2
364 1098 2 1 2
1279 1098 3 3 6
1566 1099 1 1 1
88 1101 5 4 11
150 1101 1 1 1
185 1101 1 1 1
335 1101 18 11 93
371 1101 2 2 3
448 1101 4 1 4
514 1100 10 17 82
1331 1101 4 4 12
10 1103 3 2 5
133 1102 3 4 10
385 1103 18 18 121
0 1105 4 4 12
550 1105 1 1 1
682 1104 7 11 57
976 1104 2 4 7
108 1107 1 1 1
578 1106 2 2 4
319 1108 7 4 21
359 1108 11 8 37
560 1109 1 1 1
15 1110 4 2 6
281 1110 3 1 3
603 1110 2 2 3
1104 1110 1 1 1
62 1112 1 1 1
72 1113 1 1 1
97 1112 1 1 1
159 1113 2 1 2
204 1113 2 1 2
426 1112 6 4 16
612 1113 1 1 1
669 1113 1 1 1
13 1114 1 1 1
42 1114 1 1 1
121 1114 32 12 96
220 1115 8 2 14
255 1114 1 1 1
1123 1114 3 5 12
35 1117 1 1 1
249 1116 5 3 9
442 1117 9 2 18
300 1119 1 1 1
542 1119 8 5 24
1139 1118 1 1 1
0 1121 4 2 6
295 1120 2 2 2
459 1120 1 1 1
505 1120 2 1 2
861 1120 4 3 10
49 1123 1 1 1
340 1123 1 1 1
497 1123 2 1 2
588 1122 4 4 11
727 1122 2 1 2
233 1125 1 1 1
270 1124 8 5 23
320 1125 6 3 15
367 1125 20 23 90
415 1125 2 2 3
479 1125 1 1 1
483 1124 3 1 3
490 1125 20 10 64
603 1125 1 1 1
205 1127 1 1 1
242 1127 5 1 5
462 1127 1 1 1
77 1129 30 24 282
157 1128 2 1 2
200 1128 1 2 2
266 1129 2 3 4
310 1129 7 6 21
518 1128 9 3 17
565 1129 1 1 1
913 1128 5 7 30
27 1131 2 1 2
72 1130 1 1 1
13 1133 1 1 1
39 1132 5 3 10
364 1132 2 1 2
642 1132 13 20 157
1207 1132 3 5 10
213 1134 3 3 6
225 1135 1 1 1
233 1137 7 8 14
286 1136 1 1 1
428 1136 1 1 1
11 1138 1 1 1
609 1138 1 1 1
302 1140 1 1 1
553 1141 1 1 1
1354 1140 1 1 1
292 1142 1 1 1
349 1142 1 2 2
548 1142 1 1 1
581 1142 2 1 2
1027 1142 4 10 35
1152 1143 2 4 5
1234 1143 3 4 9
164 1145 3 2 5
184 1144 6 4 15
228 1145 4 3 10
417 1144 3 3 7
497 1145 1 1 1
874 1144 4 10 37
141 1147 1 4 4
208 1146 2 1 2
310 1147 10 15 34
402 1146 6 2 8
436 1147 3 6 8
458 1146 5 2 6
619 1147 1 1 1
1261 1146 2 2 3
1717 1146 1 1 1
389 1148 2 1 2
1217 1148 4 10 31
167 1151 1 1 1
193 1151 1 1 1
481 1150 20 15 116
1424 1151 2 2 4
386 1152 1 1 1
409 1152 7 2 8
595 1152 4 7 11
1106 1152 3 5 10
1733 1152 4 2 5
106 1155 1 3 3
216 1154 1 1 1
577 1154 2 2 3
630 1155 7 9 43
188 1157 16 11 50
556 1157 1 1 1
1206 1156 1 1 1
146 1158 13 5 36
259 1158 1 1 1
285 1159 6 2 8
439 1158 1 2 2
517 1159 7 2 9
219 1161 1 1 1
345 1160 14 8 71
534 1160 1 1 1
555 1161 1 1 1
1136 1161 3 3 4
1233 1161 1 2 2
39 1163 1 1 1
276 1163 1 1 1
417 1162 12 18 46
456 1162 12 8 54
567 1162 1 1 1
1148 1162 1 1 1
43 1164 18 8 40
370 1164 1 1 1
442 1164 3 1 3
779 1164 1 1 1
1702 1165 13 8 41
1753 1164 1 1 1
136 1167 1 1 1
167 1166 2 1 2
185 1167 1 1 1
302 1166 1 1 1
369 1167 1 1 1
523 1167 5 7 21
643 1167 4 5 14
948 1167 2 4 7
81 1169 1 2 2
138 1168 1 1 1
298 1168 1 1 1
505 1168 1 1 1
677 1169 1 1 1
735 1169 1 1 1
981 1169 1 1 1
179 1170 4 7 18
228 1170 3 2 4
277 1170 7 6 26
360 1170 4 2 6
12 1173 3 2 5
74 1172 1 1 1
112 1172 2 2 2
160 1172 1 1 1
477 1173 2 2 4
956 1172 3 6 14
1062 1173 5 7 23
89 1175 3 3 6
154 1174 1 1 1
248 1174 3 4 8
315 1175 2 2 3
327 1175 1 1 1
382 1175 3 5 7
153 1177 1 1 1
202 1176 1 2 2
286 1177 2 1 2
397 1177 7 3 18
498 1176 3 2 6
606 1177 1 1 1
661 1176 1 1 1
904 1177 1 1 1
1512 1176 4 1 4
411 1179 1 1 1
434 1178 2 2 4
1709 1179 2 2 3
221 1181 2 1 2
288 1180 12 5 50
389 1181 8 10 16
580 1180 1 2 2
137 1182 1 1 1
369 1182 4 3 8
0 1184 12 14 74
39 1184 2 5 6
230 1184 1 1 1
323 1184 4 2 7
445 1185 5 5 15
570 1184 2 1 2
652 1184 2 1 2
1364 1185 1 1 1
490 1186 1 1 1
525 1187 6 2 6
37 1189 1 1 1
142 1189 4 2 6
294 1189 16 11 68
375 1188 2 1 2
636 1189 2 2 4
1516 1189 1 1 1
199 1191 6 4 11
220 1190 1 1 1
238 1190 1 1 1
632 1191 1 1 1
1266 1190 1 1 1
1386 1191 1 1 1
214 1192 1 1 1
334 1193 2 3 3
387 1193 1 1 1
988 1192 3 2 5
1075 1192 2 4 8
440 1194 2 1 2
1283 1195 3 4 7
1612 1194 2 1 2
101 1197 3 2 3
180 1196 1 2 2
213 1197 1 1 1
349 1196 14 10 36
394 1197 18 19 170
608 1196 2 2 2
66 1198 1 1 1
487 1198 3 6 7
1639 1198 1 1 1
42 1201 12 5 28
65 1201 1 1 1
421 1200 5 4 7
634 1201 6 4 14
1781 1201 1 1 1
79 1202 3 2 4
151 1202 1 1 1
164 1202 2 2 2
313 1202 29 17 191
378 1203 13 3 16
581 1202 1 1 1
200 1205 11 12 61
249 1205 1 1 1
419 1204 1 1 1
511 1205 5 10 33
1202 1205 4 7 22
190 1207 1 9 9
476 1206 1 1 1
598 1207 1 1 1
647 1206 1 1 1
1375 1207 1 1 1
113 1208 2 2 3
263 1209 1 1 1
352 1209 4 10 37
477 1208 1 1 1
277 1211 1 1 1
560 1211 1 1 1
600 1210 2 4 8
850 1210 1 1 1
171 1212 4 3 11
284 1212 19 8 53
429 1212 1 1 1
151 1215 19 5 36
609 1214 3 3 6
0 1216 5 2 9
220 1216 1 1 1
261 1217 1 1 1
273 1216 9 12 35
506 1216 1 1 1
144 1218 1 1 1
477 1218 23 10 136
515 1219 40 9 164
1285 1219 7 9 56
88 1221 1 1 1
137 1221 1 1 1
181 1221 7 2 9
441 1220 2 1 2
1364 1220 1 1 1
81 1223 3 5 15
268 1223 1 5 5
1392 1223 1 5 5
209 1225 2 3 6
230 1224 11 4 28
332 1225 1 3 3
347 1225 2 3 6
1362 1225 1 3 3
1382 1225 1 3 3
1448 1224 1 4 4
18 1226 1 2 2
43 1227 2 1 2
64 1226 7 2 11
371 1226 1 2 2
439 1227 1 1 1
679 1227 3 1 3
