0 0 1840 1228 2123553
156 0 1 4 4
208 0 30 105 543
635 0 14 22 102
702 0 31 39 607
778 0 3 5 11
817 0 18 12 55
902 0 7 5 30
927 0 3 2 5
970 0 20 13 109
1064 0 17 32 235
1115 0 2 4 8
1087 0 162 317 15192
1267 0 5 4 16
1365 0 8 9 57
1603 0 27 16 286
1630 0 210 206 8674
1706 0 54 18 609
932 7 5 9 39
1411 6 2 4 7
390 9 1 1 1
418 11 44 79 379
1004 12 10 28 218
132 17 22 21 85
1053 16 4 5 16
620 20 7 57 195
944 20 9 16 106
1436 25 45 64 1682
1087 29 13 23 155
162 31 1 1 1
1427 31 2 3 5
166 33 2 2 2
1285 32 7 13 74
1374 35 8 16 63
178 36 4 3 6
394 36 5 3 7
400 39 12 4 15
883 39 5 5 14
200 42 5 3 8
414 43 3 1 3
747 43 5 5 14
386 45 5 9 21
1580 45 30 36 691
677 46 5 9 36
719 51 2 3 6
897 52 2 5 9
710 54 7 7 40
820 55 3 1 3
147 57 4 28 40
877 56 10 18 108
1520 56 10 17 85
1274 59 23 17 193
1243 64 6 9 39
386 70 1 1 1
968 72 20 29 364
462 74 2 46 72
1356 74 1 1 1
616 78 1 1 1
1365 83 17 50 477
599 85 9 14 96
721 84 31 22 328
886 87 5 7 28
1082 86 13 30 291
817 91 2 3 4
1069 93 4 6 20
616 97 9 2 18
778 96 3 4 10
437 102 1 1 1
1408 105 2 5 7
767 106 5 8 33
990 108 10 16 92
1559 109 15 20 210
437 112 3 17 21
689 112 7 9 47
842 112 111 276 6659
1432 117 5 7 23
667 119 7 10 58
1030 119 5 9 35
1521 121 2 3 4
1631 122 14 19 191
808 130 10 23 104
786 132 6 14 66
848 135 16 37 256
462 138 1 4 4
1044 141 4 8 26
1777 141 1 1 1
1477 142 4 4 13
632 146 9 16 105
1406 149 5 6 25
711 150 17 22 147
436 154 4 6 21
959 156 6 14 64
1347 159 4 6 17
1319 165 4 2 6
1451 170 4 5 13
1253 175 32 34 464
1446 176 3 4 7
786 178 3 3 5
1033 179 21 62 887
1343 181 7 12 63
816 188 31 62 570
1312 188 3 5 10
1396 189 1 2 2
1409 189 5 5 19
1090 193 7 13 66
962 195 1 1 1
964 194 1 1 1
765 197 7 8 42
1617 211 23 62 1082
760 216 1 1 1
775 219 6 11 55
1350 219 5 4 14
697 224 8 20 67
955 227 5 7 24
1079 227 11 23 196
1678 231 58 65 2734
1366 234 15 41 324
1484 235 14 29 317
650 240 19 10 83
1507 243 4 8 27
1178 247 4 8 22
719 249 13 33 179
599 253 11 15 92
820 252 11 23 162
1267 253 11 20 184
755 255 16 31 166
1083 260 7 13 60
1432 263 1 2 2
1537 267 44 92 1407
640 269 9 10 62
1024 271 52 75 1821
588 275 8 11 66
1767 281 8 10 58
958 284 11 25 208
694 287 38 143 1187
1627 286 12 18 134
1374 289 32 36 525
808 293 12 29 194
532 294 10 9 63
688 297 5 7 25
663 300 9 15 93
1161 310 21 18 204
1298 317 6 9 47
598 319 25 49 277
1613 319 22 57 766
892 321 5 6 26
1760 327 31 47 1220
743 331 6 7 34
990 334 45 88 1933
681 342 10 17 92
833 342 6 9 46
455 347 3 3 9
1652 349 60 116 2975
1285 351 15 7 61
1822 351 4 4 10
1080 353 26 29 483
1375 358 1 1 1
1465 362 27 57 1247
772 364 8 16 89
928 373 10 12 71
1547 372 25 21 408
797 374 5 5 18
966 376 4 3 11
817 380 5 7 30
955 381 4 4 9
1343 387 5 5 17
653 389 12 15 125
596 391 9 10 69
1076 391 20 77 832
1427 391 6 3 13
1286 395 3 4 6
975 399 2 1 2
877 401 5 8 33
930 402 5 4 18
624 404 1 1 1
909 404 4 5 11
978 405 1 1 1
1144 404 5 4 12
1448 411 2 2 3
1005 413 1 1 1
1379 413 8 10 52
670 415 7 10 54
858 417 3 1 3
1042 419 8 10 36
691 421 2 4 5
886 420 16 24 176
1454 423 16 22 205
963 424 1 1 1
990 425 1 1 1
1295 424 1 1 1
1024 429 2 2 4
1152 428 28 39 534
1421 428 4 7 23
968 430 1 1 1
840 433 15 43 330
954 433 11 9 46
165 435 2 2 3
993 434 2 1 2
787 439 5 6 21
877 438 6 8 35
1104 441 17 30 385
1437 441 4 4 10
563 443 8 12 63
962 442 19 64 473
1004 442 1 1 1
724 449 10 14 98
921 449 1 1 1
1057 449 11 18 119
920 451 1 3 3
1013 451 18 36 365
950 452 7 6 21
1421 457 26 43 691
869 458 21 14 162
919 458 1 3 3
396 461 3 3 8
1374 461 7 15 57
1529 460 25 50 868
700 464 4 4 13
918 468 1 2 2
1328 470 8 18 103
1091 472 4 4 12
1232 474 13 8 59
596 477 5 6 19
655 485 5 5 18
1746 484 17 11 117
1163 489 1 1 1
915 491 2 2 4
922 493 3 1 3
1490 493 1 3 3
1027 496 2 3 3
1395 496 3 2 4
1287 498 3 6 17
1098 502 14 24 265
1213 505 19 33 345
1437 504 4 5 17
1176 507 4 4 11
1003 509 22 24 249
1154 508 10 11 82
785 510 8 11 62
932 512 2 1 2
1026 513 3 1 3
680 516 6 11 51
864 519 19 25 250
1305 520 14 27 248
902 523 1 1 1
1126 522 8 9 48
792 524 7 5 24
483 529 5 4 10
1251 531 15 42 507
1422 531 1 1 1
1026 535 2 2 2
1424 534 10 26 178
771 539 8 7 45
1321 544 8 4 17
1476 544 18 32 374
1018 546 28 40 577
1116 546 5 11 45
552 551 6 8 43
1154 550 7 8 49
1175 551 2 2 3
579 561 2 2 3
834 560 8 19 109
759 563 4 5 17
1170 562 7 16 81
1299 565 1 1 1
774 566 5 10 44
791 573 4 3 6
930 572 6 11 52
883 575 8 12 68
1610 574 24 37 664
991 578 20 93 1059
1060 582 5 5 22
684 587 5 7 25
712 587 1 3 3
656 594 4 4 8
1771 594 62 2 105
821 597 6 7 31
901 599 6 6 22
670 607 4 8 24
1284 608 3 5 11
1586 609 25 39 671
761 610 8 18 113
1411 612 7 20 83
1029 614 7 12 59
1126 614 5 9 34
1200 614 6 13 66
1665 617 19 21 288
512 619 8 5 23
1221 620 6 11 56
1458 621 3 3 8
872 622 9 18 123
1064 622 13 33 258
836 627 11 36 306
915 627 1 1 1
936 628 13 30 263
1620 629 19 37 417
681 630 5 7 27
1330 635 1 1 1
719 636 8 10 58
1485 637 4 5 12
806 638 7 13 68
1036 639 1 3 3
578 640 3 4 10
1731 643 27 70 985
1035 644 1 3 3
1122 646 1 1 1
1003 648 39 76 972
1034 648 1 3 3
1058 648 1 2 2
820 651 6 10 45
1033 653 1 2 2
1832 655 8 29 157
890 657 7 10 52
1430 659 6 6 29
1770 659 2 9 14
638 660 6 9 39
719 664 6 14 50
951 665 16 33 388
1087 664 11 52 342
1516 667 8 15 89
1039 671 1 1 1
993 672 1 2 2
676 678 5 6 23
843 678 4 2 6
1359 682 5 6 18
1128 690 1 1 1
982 693 4 4 14
643 695 3 2 4
790 694 10 14 65
1557 694 26 58 1208
1120 701 1 1 1
1827 705 13 19 192
818 707 3 3 5
1393 715 7 14 78
543 721 11 27 184
1453 721 24 49 970
964 722 5 6 16
1143 722 5 4 15
723 724 7 6 29
750 724 7 9 41
1625 726 17 16 172
736 730 1 2 2
739 732 1 2 2
1112 732 1 2 2
970 735 16 44 459
1099 734 12 8 38
1200 735 5 5 21
585 737 8 10 62
471 738 8 7 27
1024 739 8 22 83
1428 738 13 14 134
674 741 6 7 27
1002 740 9 27 94
1177 740 2 2 3
1190 742 1 2 2
1204 749 5 6 19
1142 752 10 26 170
1696 753 6 7 25
770 754 8 21 87
1094 757 19 20 31
740 758 15 20 133
1072 759 13 34 289
1575 764 5 2 5
1026 769 7 7 30
1565 771 1 1 1
841 776 4 3 9
1125 776 5 5 16
1294 777 10 7 61
626 779 7 10 58
1626 778 21 24 368
1001 782 5 5 19
1114 783 2 18 31
1210 782 7 9 46
1684 782 45 44 1288
519 792 5 12 33
637 792 7 11 62
973 797 13 34 315
1137 796 21 15 111
1053 799 5 5 22
620 803 5 6 23
906 802 1 1 1
1021 803 29 28 302
1098 802 1 2 2
867 808 4 3 9
810 810 8 11 50
898 820 7 11 55
524 823 1 1 1
1048 825 1 4 4
761 827 5 6 21
1685 826 2 2 3
1235 837 4 5 15
1492 837 22 41 725
1213 838 4 3 7
738 841 1 1 1
1072 841 9 8 57
695 844 6 9 41
934 844 1 1 1
1747 845 7 11 43
943 847 28 11 164
1827 847 13 36 391
668 849 4 5 17
74 853 2 1 2
938 853 1 1 1
843 858 2 4 7
761 860 9 35 190
1091 861 13 18 163
1059 865 17 35 364
1000 871 5 8 31
578 875 15 21 157
985 874 7 14 67
691 877 2 3 5
1131 877 2 2 3
66 882 1 1 1
784 883 7 3 12
794 887 1 1 1
802 887 23 47 346
951 886 73 66 2209
796 888 2 1 2
851 891 7 8 36
908 891 1 1 1
746 893 7 14 77
501 897 2 2 3
557 900 6 7 28
772 900 1 1 1
1465 903 3 2 5
779 905 2 2 2
829 906 3 7 16
923 906 1 1 1
785 909 3 3 4
920 910 1 1 1
796 914 4 3 7
918 914 1 1 1
1141 914 5 6 21
874 917 3 9 22
917 916 1 1 1
1195 923 1 1 1
894 925 1 1 1
454 927 7 5 25
879 927 8 12 71
1405 926 10 7 45
524 930 7 3 13
682 931 582 195 38093
1284 932 4 4 10
1113 934 1 2 2
1086 938 12 19 147
570 946 6 14 51
910 951 10 7 48
1012 959 16 26 277
261 961 1 1 1
264 960 1 1 1
1050 967 1 1 1
876 974 1 1 1
1385 980 6 9 39
883 982 1 2 2
981 982 11 27 230
892 984 1 1 1
1310 984 7 9 44
1390 998 6 8 41
665 1007 6 9 33
1025 1006 5 6 25
66 1016 6 1 6
1012 1016 7 11 60
1481 1016 1 1 1
1477 1019 2 1 2
1692 1020 1 1 1
459 1025 2 2 2
1784 1044 2 1 2
1774 1046 10 8 35
1547 1053 8 2 9
1634 1053 6 12 50
595 1071 4 7 16
702 1080 4 7 24
875 1083 8 12 66
505 1085 1 1 1
1363 1101 1 1 1
1130 1103 4 6 19
1185 1103 1 1 1
1183 1104 1 1 1
202 1111 1 1 1
845 1118 3 2 5
551 1121 1 1 1
618 1120 1 2 2
150 1123 1 1 1
614 1122 2 1 2
1646 1124 22 16 181
1107 1127 1 1 1
733 1131 4 16 49
1327 1134 2 1 2
1594 1135 9 3 10
1606 1136 1 1 1
342 1139 1 1 1
1183 1140 3 2 4
1669 1140 1 1 1
1533 1143 2 1 2
144 1145 1 1 1
967 1144 3 4 10
1128 1145 4 7 17
414 1149 1 1 1
1536 1148 4 4 7
1186 1151 1 1 1
407 1153 2 2 2
396 1161 1 1 1
1448 1161 1 1 1
713 1162 1 1 1
1586 1166 14 11 72
1127 1169 1 1 1
316 1170 4 2 4
346 1171 1 1 1
44 1174 1 1 1
495 1176 1 1 1
268 1178 2 1 2
487 1186 2 1 2
109 1194 5 3 6
357 1199 2 1 2
454 1199 2 1 2
165 1200 7 2 11
202 1203 1 1 1
1182 1203 1 1 1
441 1205 4 2 5
165 1211 1 1 1
183 1211 1 1 1
480 1211 2 1 2
180 1212 2 1 2
291 1212 1 1 1
947 1214 1 1 1
124 1217 2 1 2
412 1217 1 1 1
646 1219 2 1 2
642 1222 2 1 2
1168 1225 4 3 8
