0 0 1840 1228 2112885
187 0 62 266 4487
404 0 93 228 7731
674 0 7 7 38
690 0 6 3 12
678 0 184 200 9977
860 0 9 10 56
901 0 5 6 27
985 0 5 7 31
1026 0 40 19 330
1131 0 6 11 49
1156 0 273 121 9412
1390 0 4 3 9
1474 0 20 11 123
1506 0 6 8 43
1600 0 32 31 868
1609 0 63 78 2450
995 9 5 8 32
1446 9 13 14 115
869 16 17 17 186
608 21 6 9 39
915 30 6 12 54
1140 30 20 40 605
615 33 5 8 31
1195 38 5 8 27
1322 39 3 4 9
1442 42 7 9 47
934 46 8 14 76
1697 46 12 11 77
1195 55 5 6 23
786 56 24 30 368
1111 56 4 8 28
685 58 6 12 60
857 59 5 9 39
984 63 4 12 33
1025 62 6 10 43
29 68 41 224 2636
878 73 52 53 1057
1551 72 15 13 137
1072 77 6 11 48
572 82 6 11 52
983 85 6 3 13
1433 87 27 38 529
1016 88 4 8 29
1156 89 5 8 28
851 91 3 4 8
1317 95 5 8 27
1496 96 3 4 7
633 100 15 20 106
1097 100 4 9 29
1127 101 5 8 30
1773 103 35 40 1076
617 104 7 10 47
1141 112 3 3 7
1355 112 36 37 612
654 114 13 23 183
945 116 5 10 44
982 117 21 19 280
1158 116 30 51 733
1128 121 4 8 25
1632 121 10 9 61
614 122 6 7 28
851 125 5 10 38
1228 124 4 7 25
1421 124 4 5 14
929 127 18 31 398
1190 126 3 3 7
1092 130 4 7 20
1278 130 3 4 9
1518 131 2 3 5
1641 136 25 35 662
1200 143 19 34 490
1113 147 1 1 1
1283 146 14 22 216
1687 146 36 71 1802
604 148 7 12 75
1317 149 8 7 41
1014 150 4 7 20
1107 152 3 4 9
1548 152 6 5 14
978 155 9 17 82
886 157 12 42 294
1032 157 2 2 4
1338 158 14 21 226
1398 158 5 8 32
542 164 6 9 49
921 167 24 23 249
798 168 35 37 597
870 174 5 10 39
845 178 5 2 7
1072 179 14 26 285
1240 178 5 8 28
1508 179 14 10 75
1608 180 6 11 47
1142 184 5 10 36
1231 187 4 7 23
1535 188 31 41 938
957 191 5 9 34
1193 191 5 9 29
1340 194 15 35 329
1007 196 1 2 2
1031 199 4 8 23
1210 198 4 5 15
1282 198 4 6 18
1631 199 8 13 78
912 203 1 1 1
923 203 1 1 1
1048 202 12 22 204
617 207 8 12 69
754 208 5 10 42
912 211 8 16 96
1113 211 15 28 314
847 213 4 6 21
1169 215 8 9 47
1193 215 40 34 759
1424 214 5 7 24
1739 214 30 40 777
855 219 11 9 89
612 224 6 10 46
701 225 5 8 32
796 226 9 16 116
864 226 19 28 330
926 226 5 2 6
941 229 1 1 1
1463 229 4 6 14
672 230 6 10 48
723 232 4 7 23
934 232 1 1 1
958 232 1 1 1
980 234 4 2 7
1078 234 3 5 14
776 237 4 7 23
817 237 5 9 37
996 236 5 9 37
1065 237 3 6 15
759 239 5 8 32
897 238 1 1 1
947 239 9 2 10
463 245 6 6 18
1150 245 11 20 173
975 246 2 1 2
748 249 11 15 119
905 249 1 1 1
973 248 1 1 1
1087 249 4 7 20
1203 249 3 4 11
983 250 4 8 28
656 252 6 10 44
713 253 5 7 22
732 252 4 8 23
883 252 2 1 2
1490 252 6 11 53
1100 254 13 25 264
1650 255 10 9 53
957 258 1 1 1
1209 259 4 15 28
1051 263 38 48 658
1480 264 5 10 41
517 270 6 10 52
972 270 6 9 37
602 272 8 10 57
883 272 5 10 46
1130 272 6 8 35
724 275 6 18 59
1320 274 3 3 7
1366 274 2 2 2
792 279 13 21 183
639 280 5 7 31
890 284 2 2 3
1113 284 4 8 29
572 286 17 15 113
761 287 5 6 18
972 288 1 1 1
1127 290 4 7 23
920 292 9 1 9
930 293 2 1 2
743 294 4 7 20
933 294 1 1 1
1228 295 26 30 396
675 296 6 9 42
1169 297 19 17 174
1331 296 4 7 23
1724 296 9 11 70
1079 299 6 9 36
980 301 1 1 1
1001 303 10 23 170
1179 304 30 48 879
894 306 3 9 10
981 307 3 7 10
1106 307 5 10 41
1144 308 5 7 23
734 311 5 7 28
944 310 12 22 211
1315 310 4 5 16
1466 313 5 6 23
926 314 5 7 13
1118 315 11 20 164
823 319 18 14 182
704 322 13 20 133
871 322 23 24 315
749 325 6 9 42
1341 325 4 6 20
1300 326 14 21 225
543 329 6 7 31
1527 329 23 29 524
675 331 6 11 55
818 332 3 6 13
902 334 41 42 968
782 339 5 8 35
967 339 4 8 24
1141 338 4 6 19
1333 341 3 5 14
1415 341 4 5 17
591 342 5 7 30
1460 343 5 5 17
1316 347 3 2 6
776 350 5 10 39
1338 351 15 6 66
685 353 30 58 596
755 352 4 4 11
812 354 7 11 57
890 354 2 2 2
1133 354 8 11 70
1369 357 4 6 17
1025 358 3 3 6
1417 358 4 7 24
1031 364 13 22 243
1058 364 6 7 29
568 366 6 7 36
1092 366 4 6 20
1125 366 7 9 42
1421 367 5 8 32
1386 372 5 8 35
504 374 7 9 48
558 374 4 4 11
900 376 6 2 8
1158 379 4 8 27
753 383 3 4 9
765 382 8 11 48
1137 382 4 5 16
985 385 12 10 67
720 387 6 10 50
882 387 4 7 21
1066 387 5 8 32
1609 388 12 14 128
846 391 26 27 545
905 390 1 1 1
1124 390 4 7 23
926 393 5 8 27
1023 393 4 6 20
1045 392 3 8 22
1308 392 6 8 31
1401 393 4 4 15
1426 393 5 8 33
911 397 1 1 1
1083 396 13 14 57
1195 398 157 199 4707
963 400 28 32 462
713 404 17 8 73
679 406 7 11 62
1121 411 9 32 125
1217 411 3 3 8
1450 410 4 6 20
735 412 84 167 2164
1368 414 4 6 19
706 419 5 8 34
811 419 7 8 43
1093 423 13 32 123
1320 423 4 6 21
1061 425 5 8 29
1142 426 6 9 45
1372 426 4 7 27
636 430 12 12 85
673 430 5 8 31
568 432 7 11 64
587 435 34 21 228
820 435 6 11 52
1045 435 11 20 179
1437 435 5 7 26
1346 436 4 4 11
758 438 11 16 130
949 440 1 1 1
933 442 6 1 6
960 446 5 7 27
1149 447 11 10 70
650 453 6 10 48
1032 452 3 8 21
946 454 6 3 7
941 458 1 1 1
684 461 9 14 87
158 462 6 31 47
910 464 12 31 151
1113 465 23 20 244
1185 466 4 9 25
1297 467 3 2 5
1234 468 3 3 8
710 472 7 12 58
958 472 4 6 16
658 474 5 8 31
1042 476 6 11 51
221 478 6 73 194
547 478 6 7 30
629 478 14 12 100
826 481 14 23 226
1600 482 11 14 108
930 485 1 1 1
1084 484 5 7 26
1116 486 5 8 31
1462 489 2 5 8
568 491 7 7 36
647 490 5 9 39
865 492 5 9 37
1425 493 5 7 22
157 495 1 3 3
1012 496 1 1 1
608 499 8 20 72
722 501 6 12 45
1249 501 3 3 9
694 503 18 23 247
1011 503 1 1 1
1563 502 11 12 91
930 505 38 51 532
964 507 1 1 1
424 508 7 10 55
1010 510 1 2 2
657 513 5 6 26
1044 513 11 10 23
1417 513 4 7 24
1009 515 1 3 3
825 516 4 7 25
857 517 6 11 44
968 517 5 9 30
556 519 6 9 46
1625 521 28 38 848
1040 522 1 1 1
1061 522 5 9 36
1073 522 43 101 1839
677 525 5 8 30
1153 525 4 6 18
900 526 18 26 242
975 526 41 55 854
1443 527 5 8 30
639 529 9 15 106
1043 529 1 1 1
1047 531 17 63 543
1367 535 27 40 838
702 537 6 11 49
603 539 16 11 119
832 539 5 9 33
735 541 14 36 274
548 544 6 9 44
1184 544 3 6 14
1318 544 2 3 6
810 547 4 6 18
1411 547 7 12 54
235 551 4 2 8
870 551 20 22 228
582 555 5 6 24
701 561 4 6 20
924 563 3 5 15
706 568 5 8 38
1503 570 7 8 44
1577 570 28 37 749
969 575 3 3 6
509 581 5 6 23
574 581 5 8 36
965 581 3 6 9
1697 580 1 1 1
1703 581 1 1 1
800 582 5 8 34
470 585 6 7 33
636 586 8 7 41
1321 587 2 2 3
495 589 5 6 23
716 591 14 25 257
850 590 19 33 499
1206 597 2 3 6
1632 600 30 36 784
647 603 7 9 49
933 603 17 31 249
974 603 1 1 1
982 604 1 1 1
988 607 1 1 1
1382 607 31 36 759
1069 609 1 1 1
1071 608 1 1 1
1035 610 3 5 12
599 613 6 6 26
1101 612 4 6 19
969 614 1 3 3
985 614 1 1 1
683 617 4 6 19
983 616 2 3 3
1187 618 2 4 8
1312 619 2 2 4
711 621 4 6 22
897 621 11 11 72
973 620 9 21 77
1323 621 15 25 293
617 624 5 6 26
1044 627 2 1 2
992 629 2 3 6
646 633 3 3 7
746 632 5 5 18
853 632 4 6 17
1249 633 2 3 5
1287 632 1 1 1
869 634 8 17 59
957 635 1 1 1
1227 634 3 4 8
697 637 4 4 11
1297 636 3 4 12
911 638 16 27 273
988 638 29 34 475
1066 638 4 7 22
1273 639 2 1 2
1281 639 5 7 19
1041 640 4 5 17
1080 641 3 13 39
1094 641 3 3 8
972 642 1 1 1
653 645 5 14 28
794 644 14 31 308
949 647 1 1 1
1130 647 3 3 8
612 648 7 6 27
739 650 7 15 55
848 651 4 8 27
1047 653 1 1 1
1003 654 37 43 415
1083 655 10 14 112
607 657 4 6 21
626 658 5 6 26
1404 660 3 4 9
567 663 4 6 20
1299 665 4 5 19
1220 668 4 4 11
647 673 7 11 52
1096 673 3 6 15
1315 673 16 25 305
1305 675 1 2 2
1049 677 3 6 16
710 680 5 9 34
898 681 5 7 22
618 682 5 8 30
763 682 3 3 5
1258 683 3 4 8
478 684 5 3 10
878 684 4 7 26
989 684 3 3 6
1275 687 3 4 10
1372 687 3 2 5
812 688 48 68 1258
1137 688 4 5 16
637 695 5 7 28
966 697 1 1 1
1084 696 5 8 27
962 698 2 3 3
981 699 16 5 23
1011 699 60 56 1411
674 703 6 11 55
904 703 68 43 729
999 702 4 1 4
732 705 1 1 1
1009 705 1 1 1
1252 705 3 3 6
566 706 5 8 33
734 708 4 5 7
1070 708 1 1 1
607 711 1 2 2
650 711 4 6 20
765 710 1 1 1
1175 711 2 2 3
1315 711 13 18 191
1223 716 8 12 77
618 719 8 12 72
751 720 12 9 49
983 721 1 1 1
878 722 1 4 4
568 725 6 7 34
666 724 3 4 10
1099 724 3 3 7
709 727 3 6 17
417 729 5 4 15
765 729 1 1 1
605 730 1 2 2
654 730 5 9 30
1103 731 13 13 140
710 734 41 52 890
773 734 1 1 1
894 735 4 6 20
1374 735 3 4 10
436 737 5 7 28
557 736 8 11 69
989 737 21 29 188
1626 739 10 10 75
757 741 4 7 20
966 741 13 18 96
1138 743 4 4 15
531 747 1 1 1
689 749 4 7 21
587 750 5 8 33
712 751 1 1 1
774 751 48 73 898
43 752 4 2 6
858 754 2 3 3
907 754 5 1 5
1174 755 2 3 5
1221 754 4 7 26
905 756 1 1 1
1134 756 4 4 12
1225 756 26 31 464
1568 757 8 9 58
929 758 1 1 1
1022 758 6 11 53
1153 759 21 33 505
256 765 3 2 4
1272 767 3 5 12
1347 768 1 2 2
334 771 3 2 4
774 770 1 2 2
919 770 1 1 1
955 770 1 1 1
690 772 4 6 21
869 772 3 4 8
948 777 3 5 5
1027 777 31 46 1005
633 779 3 5 12
755 780 13 32 153
959 781 4 7 22
1116 782 2 3 5
661 784 15 9 42
973 785 3 6 17
1096 785 3 6 17
728 790 6 5 8
835 791 21 21 237
944 790 2 2 2
1244 790 4 5 18
1705 790 30 34 804
392 793 1 1 1
515 792 2 1 2
599 793 8 11 64
943 793 1 1 1
735 795 2 2 2
1390 795 4 8 27
810 797 1 2 2
941 797 1 1 1
974 797 18 30 401
1089 797 3 5 12
367 799 1 2 2
584 798 4 4 10
940 799 1 1 1
1168 799 8 10 68
1434 798 12 15 144
747 800 4 5 19
939 801 1 1 1
1238 800 4 3 8
684 803 5 7 27
640 804 3 4 10
937 804 1 1 1
1507 805 1 1 1
564 806 5 7 27
729 806 4 5 15
865 807 39 15 202
904 807 1 1 1
1008 806 1 1 1
919 809 15 21 80
1350 808 2 3 4
505 810 10 11 56
1295 812 22 30 502
1785 812 7 3 12
610 815 578 164 36128
1213 814 6 10 26
673 816 5 7 29
1001 817 3 6 12
619 820 9 14 99
912 829 1 1 1
966 828 1 2 2
933 830 7 6 35
1227 830 2 2 4
1243 830 3 4 8
860 833 11 26 135
588 835 4 4 11
512 842 5 6 26
528 843 4 5 16
920 843 4 5 11
849 845 4 8 23
1001 845 2 3 5
1251 845 4 7 22
557 846 4 4 12
790 847 1 1 1
1024 846 3 6 15
1365 846 11 5 29
423 851 5 9 38
949 850 9 16 112
576 853 2 1 2
602 852 3 5 13
899 853 2 7 7
884 855 1 1 1
1497 854 1 1 1
480 857 3 5 12
827 856 3 5 12
876 861 11 18 68
556 862 2 2 3
979 862 1 2 2
465 864 5 7 30
541 865 1 1 1
1208 865 8 2 12
898 869 2 1 2
843 871 4 8 21
893 870 1 1 1
1200 871 3 4 10
1396 870 2 4 6
1314 873 2 3 6
1012 877 4 16 41
1403 877 3 2 6
854 879 11 3 27
1297 880 16 23 312
1340 882 1 1 1
574 889 3 2 6
586 888 3 4 8
999 888 2 4 6
520 890 5 7 27
1162 895 17 27 350
1230 900 5 4 15
556 910 4 4 15
649 911 11 24 97
441 913 1 1 1
437 914 2 3 5
1308 917 13 19 197
516 919 4 3 6
691 921 2 2 4
507 922 3 1 3
1267 922 9 3 22
1577 926 2 3 4
1221 930 3 3 7
1335 933 2 1 2
1284 937 2 5 9
674 939 4 5 16
467 943 5 5 19
610 942 4 5 15
753 946 6 9 44
1193 946 2 3 6
1579 946 5 3 11
1242 948 1 1 1
388 950 1 1 1
630 950 7 7 33
1235 952 4 3 8
550 958 5 5 18
586 959 3 3 7
715 962 5 11 34
1222 963 2 5 9
532 964 3 3 9
513 966 9 6 37
595 966 1 1 1
631 966 3 4 9
893 971 11 17 149
810 972 6 10 38
1250 973 2 3 5
419 975 4 4 8
543 975 4 4 13
1112 976 2 2 3
629 978 5 7 22
761 979 3 5 12
1349 979 2 2 3
998 980 3 5 8
1053 980 5 6 20
1107 980 1 2 2
842 982 4 5 17
969 983 2 1 2
983 982 3 4 9
1213 985 4 5 14
650 987 2 1 2
866 989 3 5 11
567 990 3 4 12
848 991 3 2 5
1108 992 5 6 14
1585 992 1 2 2
451 995 4 3 9
716 994 4 7 21
729 995 3 3 6
1196 995 1 1 1
1319 994 13 15 132
331 996 1 1 1
418 997 3 4 9
588 996 5 5 18
1338 996 1 1 1
912 998 1 3 3
1237 999 3 5 14
1491 999 23 26 426
568 1000 10 14 73
619 1001 3 2 5
1000 1004 4 7 22
1768 1004 1 1 1
1246 1007 1 3 3
1234 1009 3 9 23
350 1010 2 2 3
1780 1011 1 2 2
605 1012 4 6 21
102 1015 1 1 1
880 1017 1 3 3
933 1017 2 1 2
639 1021 4 2 6
992 1020 10 31 134
1047 1020 2 2 3
1542 1024 16 22 285
204 1027 4 2 6
1230 1027 1 1 1
1342 1027 3 3 5
531 1029 8 12 62
938 1029 2 5 7
952 1029 2 4 6
644 1031 4 5 19
900 1030 2 4 7
587 1033 21 11 118
883 1032 3 4 10
957 1039 2 1 2
1111 1038 1 1 1
651 1040 5 8 35
355 1043 4 3 7
747 1043 4 7 25
404 1044 2 1 2
623 1045 2 3 5
1304 1045 2 3 5
926 1048 2 4 8
548 1051 5 7 21
1179 1051 2 3 5
637 1052 5 5 23
69 1054 2 1 2
864 1055 1 1 1
958 1055 1 1 1
952 1056 2 5 9
565 1058 1 1 1
715 1058 11 17 126
858 1059 3 4 10
1059 1058 5 7 28
202 1061 2 1 2
540 1061 1 1 1
975 1061 3 2 3
1313 1061 1 1 1
485 1062 3 5 11
1404 1063 1 1 1
501 1064 2 2 2
693 1065 11 13 109
778 1064 3 5 11
1333 1065 2 1 2
649 1066 8 11 69
912 1066 3 6 15
963 1067 8 7 38
374 1068 10 8 37
843 1069 2 1 2
1111 1068 1 2 2
606 1071 24 23 205
767 1071 3 2 5
1285 1070 2 4 8
1788 1070 6 2 7
257 1073 1 1 1
396 1072 2 2 4
515 1073 2 2 3
866 1073 3 4 11
996 1072 2 5 10
567 1075 4 7 21
903 1075 9 11 74
1830 1074 2 2 2
671 1076 8 7 46
853 1077 6 4 16
991 1077 1 1 1
1024 1078 2 1 2
1172 1078 1 1 1
218 1081 2 2 4
699 1080 9 21 102
1807 1081 1 1 1
1820 1081 2 1 2
116 1082 1 1 1
514 1082 1 1 1
737 1083 3 4 11
1018 1082 5 6 24
98 1085 3 2 3
379 1084 2 1 2
1454 1085 1 1 1
948 1086 1 1 1
990 1086 10 9 28
1343 1086 16 16 144
290 1089 1 1 1
776 1089 2 4 8
839 1089 2 3 5
960 1088 1 1 1
972 1088 3 5 10
1186 1089 3 1 3
811 1091 6 6 19
913 1091 3 6 15
1123 1090 1 1 1
1180 1090 2 2 3
1235 1091 1 1 1
518 1093 1 1 1
664 1093 3 6 15
770 1093 3 11 31
984 1092 2 1 2
1002 1095 4 1 4
1605 1095 1 1 1
1780 1095 1 1 1
1783 1094 1 1 1
1009 1096 4 1 4
1014 1097 4 1 4
1022 1098 3 1 3
1030 1099 12 3 15
1250 1098 1 1 1
954 1101 1 1 1
1121 1100 2 1 2
1166 1101 11 14 55
1043 1103 1 1 1
1093 1103 1 2 2
1433 1103 20 27 422
497 1104 2 3 5
1214 1105 2 3 5
1826 1104 1 1 1
1003 1107 8 8 48
1382 1107 1 1 1
1741 1109 3 1 3
1104 1110 7 8 38
230 1112 1 1 1
903 1112 3 8 23
941 1112 2 3 4
1515 1112 2 1 2
1518 1113 5 16 21
351 1114 2 2 3
1205 1115 1 1 1
1308 1114 1 1 1
1318 1115 2 2 2
1683 1115 2 1 2
301 1116 1 1 1
307 1118 3 2 4
664 1119 4 4 10
506 1123 12 15 66
646 1123 3 7 15
126 1125 9 4 16
579 1124 5 4 13
1699 1124 7 2 12
1780 1125 4 2 4
192 1126 2 2 3
213 1128 1 1 1
567 1129 3 1 3
791 1128 3 6 14
681 1133 13 11 97
912 1134 1 2 2
21 1137 8 9 24
962 1137 2 5 7
81 1139 3 2 4
242 1138 1 1 1
240 1141 1 1 1
296 1141 1 1 1
1536 1141 3 6 9
318 1142 3 7 15
816 1142 1 2 2
987 1143 1 1 1
417 1145 2 2 4
571 1145 4 7 20
886 1144 1 1 1
952 1145 2 3 5
989 1145 1 1 1
1042 1144 2 5 9
1195 1145 5 11 34
611 1146 4 7 24
844 1148 9 6 38
1378 1148 2 2 4
1034 1151 2 4 7
1541 1151 4 3 10
12 1152 1 1 1
389 1153 2 1 2
485 1152 4 5 13
1679 1152 1 1 1
185 1154 2 1 2
420 1154 1 3 3
625 1155 8 20 96
1689 1154 2 2 2
833 1156 9 6 29
927 1157 3 3 8
958 1156 1 3 3
1694 1156 2 1 2
114 1158 5 1 5
324 1158 2 1 2
1768 1158 6 3 12
246 1161 1 1 1
504 1160 2 1 2
444 1163 1 1 1
107 1165 1 1 1
251 1164 1 1 1
468 1165 7 7 26
516 1165 1 1 1
531 1165 5 7 25
1371 1164 2 1 2
1387 1164 1 1 1
105 1166 1 1 1
360 1167 2 1 2
1009 1167 1 2 2
1228 1167 2 4 5
93 1169 5 11 36
205 1169 8 5 15
440 1169 1 1 1
1484 1168 6 2 10
1527 1171 1 1 1
1658 1170 2 2 2
553 1172 1 1 1
1380 1172 2 1 2
0 1174 3 1 3
31 1175 1 1 1
200 1175 1 1 1
243 1174 8 5 19
260 1174 1 1 1
1029 1174 2 2 3
1407 1174 3 2 3
340 1176 8 3 13
928 1177 1 1 1
1440 1179 2 2 4
38 1180 4 2 5
654 1181 3 1 3
775 1180 3 6 16
1495 1180 1 1 1
1799 1180 3 2 3
315 1183 2 2 2
646 1183 1 1 1
819 1183 1 2 2
1072 1182 1 3 3
156 1185 9 5 21
192 1185 7 3 10
368 1185 1 1 1
471 1185 5 3 10
1260 1185 1 1 1
248 1186 2 1 2
438 1187 4 3 9
598 1186 2 3 4
1182 1186 1 1 1
1212 1187 1 2 2
31 1189 1 1 1
383 1188 4 2 7
465 1188 1 1 1
586 1188 1 3 3
1186 1189 1 1 1
1198 1189 1 1 1
527 1191 1 1 1
942 1190 2 2 2
1282 1190 5 3 11
1379 1191 3 3 7
224 1192 11 5 20
211 1194 1 1 1
401 1194 1 1 1
509 1194 5 8 25
974 1195 2 4 8
1367 1195 1 1 1
1386 1195 3 1 3
1804 1194 10 5 19
101 1196 3 2 3
129 1196 5 8 18
286 1197 1 1 1
362 1197 2 1 2
419 1196 1 1 1
625 1196 6 4 11
91 1198 8 5 23
1586 1199 1 1 1
208 1201 3 2 4
237 1201 2 2 4
442 1200 3 2 4
479 1202 6 9 16
837 1202 2 3 6
898 1202 2 2 3
1410 1202 3 3 3
1448 1203 4 2 7
0 1204 9 8 51
241 1204 16 5 55
280 1204 2 1 2
1641 1204 4 2 6
22 1206 3 2 3
108 1207 1 1 1
153 1206 1 1 1
414 1207 1 1 1
801 1206 1 1 1
1364 1207 2 2 2
193 1210 9 5 34
539 1211 2 1 2
627 1210 1 2 2
657 1211 1 1 1
1504 1210 1 1 1
1750 1210 1 1 1
411 1213 2 1 2
815 1212 1 1 1
1334 1212 2 2 2
203 1215 2 2 4
660 1215 1 1 1
1189 1215 2 1 2
1210 1214 11 14 41
229 1216 1 1 1
263 1217 7 2 9
436 1217 2 1 2
27 1219 2 1 2
85 1219 1 1 1
178 1218 1 1 1
548 1218 1 1 1
1534 1219 1 1 1
64 1220 5 8 12
513 1220 1 3 3
582 1220 2 8 15
97 1223 2 5 10
275 1222 1 1 1
354 1223 2 5 10
510 1225 3 3 6
416 1226 1 2 2
613 1226 1 2 2
805 1226 1 2 2
