0 0 1840 1228 2152562
169 0 123 1 123
685 0 249 16 1963
1088 0 6 2 10
1297 0 3 5 14
1316 0 225 34 2553
1638 0 35 9 229
1724 0 24 21 403
523 9 5 7 23
1292 9 3 3 7
625 10 5 5 16
677 11 4 6 19
1141 17 2 3 5
1643 16 15 13 146
863 20 6 9 36
906 21 18 17 93
804 25 5 7 29
733 26 4 6 18
896 26 1 1 1
1082 26 8 12 72
1107 28 3 6 11
583 30 5 6 22
880 30 1 1 1
876 34 3 5 15
431 37 5 5 13
742 38 3 4 11
925 41 5 5 22
1127 40 4 6 19
1329 41 3 4 7
898 43 1 1 1
497 47 7 26 95
360 48 8 7 40
946 48 1 2 2
959 49 3 4 9
1400 48 4 5 14
1339 50 6 6 23
882 53 4 5 16
939 53 3 3 8
935 57 1 1 1
955 56 1 1 1
1148 56 2 3 5
1566 59 11 9 70
1053 61 4 4 14
1441 60 15 17 186
968 63 1 1 1
922 65 2 1 2
966 64 1 1 1
1138 66 3 5 13
1230 68 7 7 38
1309 69 1 1 1
961 70 1 1 1
979 70 14 24 145
1187 71 1 3 3
560 72 5 7 24
444 74 5 6 26
804 75 3 5 11
952 76 2 5 6
853 78 5 9 36
661 81 4 4 11
761 80 13 10 58
893 81 15 16 73
938 81 1 1 1
1165 82 10 18 137
890 84 1 1 1
826 86 5 9 40
1262 88 4 5 13
859 91 1 1 1
862 92 1 1 1
1483 92 7 4 12
736 97 5 7 23
662 100 3 10 24
807 101 5 9 38
1421 101 3 3 6
1222 103 1 2 2
1249 103 11 16 135
976 104 16 13 111
1330 104 2 3 4
1359 104 3 11 32
1102 106 2 5 9
1135 110 2 3 5
1269 110 1 2 2
1012 112 9 14 91
1420 113 3 4 11
659 115 3 6 16
1031 114 4 7 24
923 117 3 5 11
953 116 3 6 14
1114 118 2 2 4
1140 118 2 4 8
1479 118 12 11 83
1396 120 9 10 70
1281 123 3 4 10
1367 122 2 2 4
1425 123 4 4 15
473 125 4 3 6
649 124 3 5 14
691 126 3 5 13
582 129 5 9 31
1173 129 1 1 1
853 131 13 12 69
947 130 18 7 67
611 133 3 5 10
912 133 22 36 311
1067 132 5 6 26
673 136 12 7 54
1094 137 6 10 47
1257 138 2 3 5
1442 139 11 14 118
1400 143 3 3 7
705 144 4 6 17
738 144 5 5 19
689 146 4 7 22
1341 146 4 4 7
996 148 2 2 4
1069 148 2 3 5
1313 148 5 6 23
1125 150 15 25 211
595 153 3 4 10
776 152 3 5 13
443 154 5 4 8
951 154 1 2 2
468 156 4 5 14
484 156 6 5 22
1090 158 2 3 5
1308 159 1 2 2
1632 159 14 12 127
609 162 2 3 5
1201 163 2 2 3
1337 165 12 3 16
1350 165 1 1 1
1164 167 6 7 35
1385 168 11 13 110
1507 171 21 23 367
701 173 4 6 18
669 175 3 4 9
881 175 9 10 42
395 178 4 4 14
1289 178 1 2 2
952 180 2 1 2
960 183 6 10 49
1299 182 11 9 32
1605 182 15 14 151
935 184 2 2 4
1276 185 5 7 25
1024 189 6 10 48
552 194 5 5 17
1232 195 1 2 2
1292 195 3 3 8
834 197 12 7 45
660 199 6 17 51
1072 200 2 3 5
890 202 6 6 17
1138 203 3 5 12
1274 203 4 5 16
487 205 5 6 20
717 205 11 16 86
646 207 5 8 28
1079 207 26 18 192
1222 206 3 4 11
1609 209 11 9 69
923 211 1 2 2
1462 213 1 1 1
783 217 4 7 21
900 217 9 12 86
1058 217 8 11 68
1513 217 12 12 105
1117 218 2 3 5
1632 218 36 44 630
451 220 7 7 36
918 221 6 9 26
1381 228 4 5 15
849 230 3 4 11
1043 231 4 5 16
954 232 2 3 5
1709 232 4 4 12
1250 235 1 1 1
888 236 6 8 34
678 239 1 2 2
938 239 6 9 41
1258 238 1 1 1
423 243 4 4 9
608 243 3 3 5
1323 242 3 3 6
680 245 2 3 6
1078 249 2 4 6
558 253 6 6 29
688 253 4 4 11
864 255 4 7 26
1421 254 17 19 241
924 258 2 2 2
944 258 1 1 1
1318 259 1 2 2
916 260 6 1 6
1026 261 3 6 17
1239 262 2 2 4
1835 262 5 14 55
1119 267 12 15 133
1020 272 3 4 11
909 274 2 3 5
1084 275 33 23 373
1455 274 3 4 9
817 277 1 1 1
1223 277 3 4 9
1291 279 25 24 331
1317 279 2 3 5
334 280 7 6 28
761 281 3 4 11
977 282 3 4 11
949 286 4 6 18
843 289 4 5 15
822 291 3 4 9
986 293 4 4 13
1223 293 3 3 6
1379 293 3 3 8
913 295 11 4 29
1254 294 3 3 8
1679 297 7 5 25
474 298 8 9 58
780 301 4 4 12
1195 300 2 2 3
1004 303 3 5 11
1241 303 2 2 3
829 305 6 6 21
432 307 6 7 30
556 306 6 6 31
1105 306 4 5 15
1329 307 3 4 7
1821 307 19 18 277
627 310 2 4 7
1410 310 2 2 3
660 313 4 6 21
699 313 5 6 23
1504 315 2 2 2
1575 315 24 20 255
481 317 1 1 1
485 316 1 1 1
1002 316 16 20 137
952 319 1 1 1
680 321 4 5 14
1088 325 3 3 7
311 326 6 6 28
778 328 3 5 13
1033 329 10 15 74
1115 329 11 17 71
1301 329 3 2 4
1429 329 1 1 1
1328 331 8 8 54
900 333 1 1 1
622 334 4 4 13
794 335 5 7 26
1296 334 2 2 3
579 337 3 3 8
1081 337 2 2 3
1093 337 3 6 13
1106 337 6 5 19
1195 337 12 17 152
955 338 1 2 2
806 343 3 3 4
1060 343 3 4 10
1232 345 1 2 2
445 347 14 4 33
905 349 1 1 1
1321 349 3 4 10
160 352 112 170 2178
632 353 4 4 12
1291 353 1 2 2
1433 352 3 3 6
837 354 6 9 41
1107 354 2 3 6
1810 355 30 25 577
483 358 1 1 1
900 359 2 13 25
1446 359 2 3 4
641 360 6 27 93
819 360 1 4 4
852 360 6 9 44
1070 361 2 2 3
1326 360 73 176 2791
1340 362 1 1 1
797 365 2 2 2
1346 364 3 2 4
1000 366 4 4 14
1265 367 2 3 4
1274 366 2 1 2
1364 367 3 4 9
554 370 5 5 21
781 370 11 16 71
1035 370 1 2 2
1122 370 2 3 5
694 372 4 8 25
861 373 7 11 60
906 372 1 1 1
1016 374 14 6 29
1231 375 1 2 2
484 377 1 9 9
582 376 13 5 50
1244 377 2 4 7
918 378 1 3 3
743 381 4 5 17
894 382 4 6 15
831 385 3 5 12
1630 385 6 4 12
1261 389 1 3 3
611 394 3 4 9
1078 395 3 4 10
1141 394 2 2 3
628 396 3 3 7
958 397 4 5 17
1446 397 39 146 1137
1261 398 8 8 52
485 400 1 1 1
1415 401 20 12 114
815 403 3 5 13
929 406 2 2 4
1192 407 1 2 2
1108 408 2 3 5
690 411 13 8 44
1069 410 3 3 7
792 415 8 28 125
505 417 5 5 23
853 421 49 81 1716
527 422 5 7 28
1405 422 1 1 1
1577 423 20 18 274
486 425 1 6 6
819 426 2 2 4
426 429 4 4 13
815 430 1 2 2
1264 430 3 3 8
586 433 4 4 12
771 433 6 5 13
1770 433 44 40 907
634 435 3 4 7
976 434 6 7 27
814 436 1 1 1
770 439 1 1 1
1180 438 12 26 182
813 440 1 5 5
1236 441 1 1 1
763 442 1 1 1
907 442 40 48 657
576 445 3 3 8
1603 444 31 25 412
692 449 5 9 30
1111 448 2 2 3
1274 449 1 1 1
1722 448 6 5 26
793 451 2 2 3
358 453 5 4 16
615 453 4 5 16
767 453 11 6 31
811 452 1 4 4
786 459 1 1 1
1270 460 1 2 2
755 464 1 1 1
994 464 1 1 1
1335 465 2 2 3
1014 466 1 1 1
799 468 6 7 37
1001 468 14 35 117
1314 469 3 3 8
752 472 1 1 1
1025 473 4 5 12
1099 472 3 3 6
1275 472 5 6 26
377 475 3 3 9
732 475 4 5 17
901 474 5 6 25
637 477 1 3 3
1066 477 1 1 1
808 479 5 16 44
991 481 6 4 11
1812 480 20 17 259
1366 482 2 2 3
1304 484 5 4 13
689 486 3 4 9
1074 488 1 2 2
948 491 3 1 3
1027 491 1 5 5
558 493 3 3 8
894 492 2 3 6
956 493 2 2 2
1203 492 4 5 15
605 495 3 2 6
1571 494 10 8 68
1023 497 4 3 6
1070 496 1 2 2
1185 496 7 9 52
940 501 2 1 2
1055 501 1 1 1
1280 501 1 2 2
637 503 1 1 1
979 502 1 3 3
770 505 2 3 6
913 505 4 6 21
928 507 4 6 20
971 506 8 7 36
1020 506 4 12 23
404 508 3 3 6
611 508 1 2 2
659 509 4 4 11
673 509 11 6 30
894 510 4 4 15
1037 510 1 3 3
1118 513 9 11 81
609 515 2 2 3
983 515 4 13 29
1067 514 1 5 5
670 516 3 3 8
805 518 2 3 4
852 519 3 4 9
487 521 4 7 16
1019 520 1 1 1
1090 520 1 1 1
1249 521 1 1 1
1262 520 2 2 4
1275 520 1 2 2
1468 522 22 24 414
937 525 1 2 2
1000 526 1 1 1
1062 526 2 4 6
1240 526 1 2 2
1395 527 4 5 8
452 529 4 3 8
1695 529 3 1 3
814 530 4 5 18
994 530 3 3 8
878 533 2 3 5
1274 532 5 4 16
1293 532 1 2 2
617 535 3 4 10
634 535 4 5 14
834 534 14 16 98
922 535 1 2 2
1017 534 2 3 4
1045 535 13 17 111
916 537 2 5 5
1307 537 1 1 1
1141 539 1 1 1
805 540 3 10 14
882 540 4 5 18
1120 541 3 4 8
909 543 6 4 22
686 545 10 6 21
762 544 2 3 6
1403 545 2 2 4
1226 546 2 2 3
783 548 3 4 9
977 548 1 2 2
990 549 4 7 22
907 552 1 1 1
1506 553 10 9 70
848 555 2 2 4
877 555 59 65 2130
1108 555 1 2 2
1287 555 2 2 3
662 557 2 3 6
975 556 1 1 1
1723 557 2 1 2
932 559 1 1 1
1047 559 1 1 1
1070 559 2 2 3
554 560 4 4 8
973 561 1 2 2
1025 561 3 3 8
658 562 18 12 64
948 563 2 2 4
1158 564 2 2 4
794 569 4 4 15
1164 569 6 6 34
1201 568 3 3 7
579 570 1 1 1
1243 570 1 1 1
356 572 1 1 1
1311 573 2 1 2
987 574 1 1 1
1423 574 2 1 2
1748 574 2 2 3
521 578 4 8 30
1054 579 1 1 1
1378 580 10 8 58
1017 583 2 3 5
1231 583 1 1 1
857 584 4 3 11
708 587 1 1 1
827 587 3 4 10
727 591 2 3 4
841 590 2 3 5
976 591 1 2 2
1040 590 4 5 13
1197 591 2 2 4
433 594 3 1 3
853 594 4 5 19
974 594 2 3 6
1333 595 8 6 26
1288 597 1 1 1
1720 597 9 6 24
692 599 3 4 11
945 599 3 4 9
971 599 1 1 1
676 601 1 2 2
1248 600 3 2 6
994 602 1 4 4
1367 603 12 4 36
983 604 2 3 5
863 606 3 3 9
969 607 1 1 1
1209 606 1 1 1
1293 606 1 1 1
1132 611 1 1 1
1210 611 1 2 2
1357 610 10 8 59
1744 610 6 4 19
1826 610 14 4 44
990 612 3 4 6
1341 615 2 1 2
583 619 3 2 5
624 618 1 2 2
714 619 2 3 4
939 618 3 2 5
1191 618 1 1 1
1619 619 4 1 4
894 621 2 3 4
642 623 2 2 3
987 622 1 1 1
1585 623 17 16 214
985 624 2 3 3
1151 627 9 11 80
1653 626 15 12 132
346 628 4 5 18
984 628 1 1 1
1305 629 2 1 2
1098 631 7 7 33
1195 630 1 1 1
1246 631 1 2 2
1397 630 8 6 29
618 632 5 4 10
1049 633 2 3 5
1176 632 2 1 2
978 634 2 2 2
1200 634 2 1 2
1276 635 1 1 1
977 637 1 1 1
996 636 2 2 4
772 639 5 6 21
968 638 8 9 32
1036 638 2 2 4
1302 639 1 1 1
801 640 5 4 15
1305 640 1 1 1
722 645 2 4 8
1209 645 1 1 1
1550 644 17 11 123
1033 646 1 2 2
1051 647 2 3 5
1268 647 1 2 2
976 649 5 4 19
1110 649 11 9 55
1331 648 1 2 2
1809 649 25 23 295
603 651 6 3 9
1307 651 2 2 4
1344 650 2 2 4
503 654 5 7 27
1017 655 1 1 1
1058 654 2 3 4
1084 655 2 2 4
1266 655 2 2 3
1025 656 1 2 2
940 659 6 5 19
803 660 2 3 5
1003 661 2 4 8
1315 660 2 2 4
1384 660 1 1 1
1042 662 2 3 5
1345 662 1 2 2
1412 664 1 2 2
637 667 3 2 6
761 666 5 2 5
947 667 1 2 2
1282 668 1 1 1
741 671 2 2 3
865 670 1 2 2
925 675 12 8 24
1251 674 1 1 1
904 676 13 7 47
1603 676 14 11 129
681 678 2 1 2
1044 681 6 10 20
1063 681 13 2 24
1099 682 1 1 1
1217 683 8 8 54
658 684 1 2 2
761 685 2 3 6
865 685 1 2 2
985 684 9 15 92
1700 685 20 19 288
1333 687 1 2 2
914 689 1 1 1
825 690 2 3 6
857 691 2 2 3
1289 691 4 2 7
591 692 3 3 7
646 695 2 3 5
1023 695 5 8 29
1051 694 1 2 2
1195 694 2 2 4
768 696 2 4 7
1360 697 2 1 2
656 698 2 3 6
953 698 2 1 2
550 700 3 2 5
765 703 3 4 10
1159 703 1 2 2
1247 702 3 3 7
1592 702 14 10 106
945 705 1 1 1
1311 704 1 1 1
828 707 2 4 8
1150 706 10 22 106
1309 706 2 2 4
746 709 3 4 7
971 709 2 2 4
1013 708 1 2 2
1058 710 2 5 6
1090 710 22 18 188
647 712 3 2 4
834 713 4 5 17
853 713 52 22 569
974 715 19 13 148
999 714 1 2 2
1181 714 1 1 1
1292 714 1 1 1
1623 714 4 2 8
919 721 37 15 220
427 722 5 5 19
666 722 2 3 6
701 724 18 12 99
730 724 5 8 17
1271 725 3 2 4
530 727 5 7 27
1038 726 1 1 1
1250 726 10 8 65
1080 728 1 3 3
1303 728 14 10 81
1014 731 24 35 227
1109 731 13 9 47
1219 730 1 2 2
1614 730 13 11 96
614 734 2 2 4
839 735 3 4 9
773 736 2 4 5
418 740 14 5 27
577 740 10 3 14
759 741 6 7 25
1464 741 8 5 32
618 743 2 2 3
659 742 3 3 6
777 743 3 4 4
1068 742 2 3 5
1162 743 2 1 2
730 746 1 1 1
732 747 7 1 7
828 747 1 2 2
844 746 87 43 596
1240 747 1 1 1
1045 749 7 8 39
439 750 8 13 36
791 753 2 3 5
803 753 3 5 12
944 752 1 1 1
1075 752 1 1 1
1136 752 3 2 4
1294 753 2 3 6
1132 754 1 1 1
1153 755 2 2 3
1241 754 3 2 4
823 758 2 3 5
939 758 51 22 257
1122 759 1 1 1
1753 758 15 8 52
538 760 3 3 5
1089 760 1 1 1
918 763 1 3 3
744 765 1 1 1
948 764 2 1 2
1104 765 2 2 2
787 767 1 1 1
1036 769 1 2 2
1084 768 2 3 6
1641 769 4 2 7
548 771 3 3 8
803 771 4 6 20
1007 771 1 1 1
1020 772 1 2 2
1175 773 1 1 1
1276 772 1 1 1
696 775 1 1 1
996 774 14 18 82
1072 774 1 1 1
1381 776 1 1 1
233 778 14 5 35
1185 779 9 2 10
1260 778 1 1 1
792 781 1 1 1
1140 781 57 44 1252
229 783 1 1 1
667 783 3 2 3
678 785 1 1 1
797 785 5 15 52
981 785 9 5 26
1225 785 1 1 1
1061 787 2 17 18
1368 786 1 1 1
525 789 3 2 6
659 789 1 1 1
706 788 1 1 1
969 791 11 6 22
1290 790 2 2 4
577 793 2 2 3
679 793 49 53 1420
1642 792 15 12 132
675 794 2 3 3
754 795 3 4 11
913 794 1 1 1
918 795 27 12 75
870 796 4 4 14
814 799 4 5 17
915 799 1 1 1
1447 799 22 19 288
953 800 3 2 3
801 802 2 6 9
950 802 1 1 1
1282 802 1 1 1
1270 805 9 15 92
603 807 2 1 2
634 806 2 2 3
1132 807 2 2 2
804 808 1 1 1
857 808 14 17 89
1083 811 3 1 3
1414 811 1 1 1
828 812 3 4 8
1018 812 26 46 388
1092 812 1 2 2
1050 817 1 1 1
773 818 4 4 13
806 818 9 6 27
872 818 11 17 49
935 820 1 1 1
1056 820 2 8 11
1719 821 9 5 26
1117 822 1 1 1
730 825 1 3 3
851 825 4 6 15
1164 825 1 1 1
605 826 2 4 7
1183 826 2 2 3
1259 827 4 2 5
1283 827 1 2 2
1692 827 2 2 3
727 829 3 3 4
1055 829 1 1 1
386 831 3 2 4
782 830 2 4 7
1251 830 1 1 1
1549 830 22 21 315
1697 830 1 1 1
439 832 3 3 7
725 833 1 1 1
461 834 2 2 3
724 835 1 1 1
816 835 16 10 41
976 835 1 1 1
1053 834 1 1 1
857 836 1 1 1
985 836 4 5 8
892 839 5 5 15
1004 839 11 17 102
677 842 4 5 13
989 842 1 1 1
1221 842 9 5 31
585 844 2 2 3
780 844 2 2 4
903 844 56 16 187
612 847 1 1 1
976 846 1 1 1
1334 847 1 2 2
1163 849 1 1 1
597 853 1 1 1
838 852 1 1 1
502 854 1 2 2
1091 855 10 13 86
1118 854 1 1 1
1192 854 1 2 2
1301 854 2 2 4
651 857 2 3 5
841 856 5 5 8
1255 857 1 1 1
907 859 1 1 1
1188 858 1 1 1
671 860 1 3 3
1549 860 1 1 1
848 863 2 3 6
1553 863 1 1 1
1128 864 6 14 33
1381 864 10 8 61
1628 864 12 7 60
563 867 755 164 60488
989 867 1 1 1
1145 867 1 2 2
1253 866 1 1 1
850 869 1 1 1
978 869 1 2 2
1327 869 1 2 2
893 871 1 1 1
908 871 19 9 67
1658 870 1 1 1
720 872 7 6 14
982 875 2 4 7
1107 875 2 2 3
1058 877 3 6 9
1199 876 1 1 1
1267 876 1 2 2
749 879 1 2 2
802 879 3 4 11
863 879 2 2 4
533 881 1 1 1
1674 880 5 3 10
1713 885 22 18 267
1558 887 8 3 16
845 888 1 3 3
857 888 2 4 7
1417 890 14 15 151
750 892 3 3 9
918 893 12 13 79
1300 892 1 1 1
1317 893 2 2 4
1794 892 19 15 230
943 895 1 1 1
800 897 11 4 28
999 897 4 5 15
562 899 1 2 2
910 901 1 2 2
1120 901 3 3 7
448 903 2 1 2
1037 903 4 6 15
852 905 1 2 2
988 904 2 3 4
680 906 3 3 7
732 909 2 3 6
953 909 6 6 32
801 911 5 5 18
911 911 1 1 1
1161 911 1 2 2
434 913 3 3 7
507 912 2 1 2
909 913 2 1 2
1123 915 1 1 1
735 919 4 8 20
707 922 2 1 2
1044 922 1 1 1
918 925 1 2 2
1572 924 20 16 234
885 929 1 3 3
1647 930 2 1 2
1382 933 11 12 107
888 936 33 9 75
945 941 9 1 9
956 940 8 6 27
935 943 1 1 1
940 945 1 1 1
483 952 3 3 7
1809 954 1 1 1
1555 956 13 9 69
312 959 1 1 1
1602 962 2 2 3
1412 967 1 1 1
232 968 1 1 1
1764 968 11 6 35
369 977 3 3 7
429 981 5 4 12
1330 983 1 2 2
1466 983 3 2 5
480 985 3 4 8
1827 985 5 3 8
219 991 3 2 3
1420 993 7 4 22
329 997 4 2 8
1546 1003 16 13 123
1508 1007 1 1 1
1695 1006 1 1 1
1303 1009 1 1 1
1309 1011 1 2 2
523 1013 1 1 1
1226 1013 2 1 2
1577 1013 5 2 7
1584 1015 2 3 4
542 1016 2 1 2
1145 1017 2 2 2
1201 1020 3 4 11
1470 1020 11 10 86
1240 1022 5 2 6
1171 1024 1 1 1
1182 1024 1 1 1
753 1027 5 5 11
1056 1026 2 2 3
1187 1026 1 2 2
1331 1026 3 2 4
1632 1026 17 14 167
1789 1026 4 2 7
423 1028 2 2 2
627 1028 1 1 1
634 1029 2 2 4
841 1030 3 5 14
1096 1031 7 6 27
603 1032 3 2 4
1070 1032 4 5 19
1296 1032 1 1 1
892 1037 9 6 27
1699 1037 2 1 2
1713 1037 6 3 9
1131 1039 6 4 13
651 1040 1 2 2
992 1040 6 12 65
1590 1041 2 2 3
533 1042 2 2 3
1486 1043 17 19 237
627 1044 2 2 3
1594 1044 1 1 1
1612 1045 3 2 4
610 1046 2 3 4
699 1047 3 4 9
1696 1049 3 2 4
1423 1050 1 1 1
1092 1053 2 2 3
1256 1052 1 2 2
1304 1055 3 1 3
968 1057 2 3 5
981 1057 1 2 2
766 1058 2 4 6
952 1058 1 2 2
1025 1058 9 8 36
570 1060 2 2 3
759 1063 2 3 4
972 1062 3 2 4
1217 1063 2 2 3
22 1064 6 3 9
932 1065 2 3 4
1300 1065 8 6 19
526 1067 2 2 3
840 1067 2 3 5
1438 1067 8 9 52
1232 1068 2 2 3
1246 1071 1 1 1
460 1072 1 1 1
1191 1072 3 4 10
704 1074 3 4 8
865 1074 1 1 1
517 1077 2 2 3
746 1076 2 3 4
1229 1077 1 2 2
1281 1077 1 1 1
1388 1076 6 6 27
1682 1076 22 12 123
848 1078 1 3 3
889 1081 1 3 3
1140 1081 1 1 1
1246 1080 2 3 3
464 1090 1 1 1
582 1094 1 2 2
822 1095 1 3 3
1146 1096 2 2 3
1489 1097 2 1 2
462 1098 2 2 2
1302 1098 2 1 2
1626 1099 14 11 67
872 1100 4 2 5
972 1101 19 15 159
1162 1100 1 1 1
942 1103 1 3 3
1481 1102 1 1 1
323 1105 3 2 4
641 1106 1 2 2
1248 1106 7 2 8
1311 1106 1 1 1
756 1108 2 3 6
849 1108 3 4 10
905 1108 6 7 17
1696 1108 5 5 12
800 1112 13 4 41
660 1114 2 2 3
836 1114 3 4 9
1704 1117 5 3 11
527 1120 1 1 1
635 1121 2 2 2
1106 1121 1 1 1
1231 1121 7 5 19
1322 1120 1 1 1
1381 1120 7 7 34
473 1122 1 2 2
1057 1122 1 1 1
1561 1123 1 2 2
757 1124 1 1 1
921 1124 2 2 3
1364 1125 4 1 4
61 1127 1 1 1
365 1127 2 1 2
962 1127 2 2 4
1616 1126 1 1 1
584 1129 2 2 3
843 1128 1 2 2
592 1131 2 3 4
793 1130 1 1 1
1449 1130 3 3 3
1805 1131 5 2 6
840 1132 1 2 2
1172 1132 4 3 10
1243 1132 1 2 2
1667 1134 2 1 2
620 1137 2 2 2
1672 1136 1 1 1
925 1139 3 4 9
583 1141 2 3 3
1525 1141 1 1 1
1579 1140 1 1 1
389 1142 1 1 1
766 1143 2 1 2
1627 1144 1 1 1
1219 1149 1 2 2
1283 1149 4 3 10
1440 1149 1 1 1
296 1150 2 2 2
636 1151 1 1 1
910 1151 2 3 5
1373 1150 12 15 99
634 1152 1 1 1
736 1153 3 4 10
335 1157 6 4 19
1604 1157 3 3 5
616 1159 1 1 1
462 1160 2 2 4
1609 1160 2 2 3
767 1162 2 2 3
1650 1162 2 2 3
1719 1165 4 2 6
759 1169 1 2 2
830 1168 3 3 8
1586 1168 1 1 1
1604 1169 1 1 1
689 1171 1 1 1
909 1171 4 6 17
727 1175 5 4 12
770 1175 7 3 16
1234 1174 1 1 1
1310 1174 1 1 1
1531 1175 1 1 1
1561 1174 5 4 11
994 1177 1 1 1
763 1178 5 7 27
669 1183 1 2 2
878 1183 1 1 1
501 1184 2 2 2
523 1184 1 1 1
1137 1184 1 1 1
639 1186 5 2 7
960 1187 1 2 2
1573 1187 1 1 1
937 1188 1 2 2
1315 1191 2 4 5
1520 1191 16 15 135
576 1193 6 11 27
613 1192 2 2 3
674 1192 1 1 1
784 1192 1 1 1
1616 1193 14 11 69
1641 1192 2 1 2
729 1194 1 2 2
1083 1197 1 2 2
1762 1196 2 2 2
1512 1198 2 2 3
1176 1200 1 1 1
1362 1200 1 1 1
604 1203 1 1 1
631 1203 2 3 5
705 1202 2 1 2
718 1202 2 1 2
1670 1204 2 2 3
192 1206 1 1 1
1324 1209 2 2 4
159 1210 1 1 1
0 1213 7 3 13
1174 1212 2 2 3
1148 1214 1 1 1
1447 1214 1 1 1
871 1217 1 1 1
1305 1217 1 1 1
1317 1218 2 2 3
1452 1220 4 3 10
628 1222 1 1 1
1244 1223 1 5 5
800 1227 2 1 2
1128 1227 1 1 1
