0 0 1840 1228 2187650
979 0 16 24 291
1109 0 1 1 1
1263 0 3 6 14
1319 0 13 7 54
1687 0 104 72 4303
1302 6 8 11 56
1103 8 19 18 137
1492 16 30 37 360
1547 16 22 32 542
1096 19 7 11 55
580 25 11 15 113
846 25 12 22 197
1254 24 12 23 220
807 26 11 12 87
1207 28 2 1 2
1570 32 43 80 1739
945 37 8 9 51
1083 41 3 3 7
1005 42 5 9 29
727 49 2 5 7
1094 52 6 11 53
1068 58 5 6 20
736 63 28 37 458
770 65 1 1 1
914 64 9 10 63
635 66 12 21 143
589 68 8 18 88
855 70 1 2 2
1065 71 15 10 51
1130 73 18 28 380
1203 77 28 75 926
1152 84 24 59 969
629 87 1 2 2
822 86 22 45 422
1096 91 2 2 4
1054 92 47 55 1496
589 95 3 5 8
302 96 5 10 39
765 98 7 11 55
910 99 11 19 159
1271 101 2 1 2
1743 101 19 17 176
1305 102 5 4 13
644 115 15 29 118
1130 115 10 10 59
770 118 5 8 29
598 123 4 5 12
1264 124 2 3 5
1319 126 9 7 45
885 130 9 12 76
1244 130 4 2 5
787 133 8 9 50
1458 135 12 20 179
717 136 16 42 389
756 138 11 12 110
347 147 12 8 66
953 148 7 6 27
643 155 12 22 170
817 164 15 29 199
1454 168 15 34 360
1085 172 15 59 458
1106 177 3 9 19
1793 185 8 6 44
951 186 15 27 303
322 191 9 11 72
678 192 12 21 188
635 195 4 11 23
902 202 10 15 116
1006 202 5 8 32
212 206 11 10 74
1202 206 7 12 57
1554 206 4 17 24
609 210 8 15 62
1540 211 1 3 3
1753 215 38 62 1929
1811 216 29 71 1699
1264 219 2 5 8
1536 231 18 20 256
1201 237 5 7 23
1058 242 33 57 1132
640 247 7 11 66
1002 252 7 10 52
1276 255 3 6 14
1105 256 3 9 25
1193 256 1 1 1
1604 266 22 22 325
964 268 23 46 758
923 273 8 14 77
775 276 4 6 17
1523 291 70 113 4135
798 292 16 62 394
605 302 6 11 42
1358 306 14 15 133
1050 311 33 54 605
501 313 1 3 3
1317 313 4 3 7
377 314 3 7 20
663 315 4 5 17
899 323 22 50 792
1228 322 5 6 23
1269 323 13 18 170
1620 322 17 22 266
484 329 1 1 1
315 330 5 13 55
487 330 1 1 1
1757 330 25 26 483
1651 335 2 3 4
736 339 23 15 167
476 350 3 2 6
415 353 9 6 34
970 352 12 22 141
1266 352 4 5 15
1298 354 35 51 1058
1342 356 3 4 8
332 358 3 3 7
1158 366 15 5 39
813 374 13 27 233
862 381 28 17 238
684 393 6 5 23
1650 397 10 10 81
1058 398 16 30 393
898 401 9 14 94
1281 400 9 9 61
1006 409 18 56 621
495 417 1 1 1
774 416 5 6 18
1290 423 16 24 288
1381 430 24 44 807
1212 434 6 17 50
735 436 7 6 32
795 441 18 42 515
1459 443 10 17 113
1045 446 3 4 10
1127 463 12 16 145
588 466 7 6 27
773 470 1 1 1
779 475 8 8 33
1538 478 1 1 1
1016 482 13 29 264
942 493 8 13 60
1410 493 30 84 1777
1103 498 31 31 512
809 504 7 8 22
768 514 1 1 1
1371 516 14 11 54
809 520 1 1 1
911 529 4 4 9
788 538 10 11 74
848 540 3 5 8
1033 552 1 1 1
1037 559 14 25 273
1236 564 5 5 22
1827 564 13 48 479
223 566 3 3 6
961 570 13 20 194
784 579 7 9 47
1281 580 22 52 803
1024 584 5 5 20
736 589 10 8 64
1228 598 4 8 25
845 609 18 18 251
1347 608 22 36 535
1451 609 21 34 514
920 614 22 50 826
745 617 8 12 61
1124 618 16 15 171
1101 625 4 4 12
1017 627 16 19 224
1414 630 26 49 971
1295 645 15 17 165
968 647 22 38 640
892 650 11 23 169
1328 662 6 8 18
831 670 10 15 57
873 684 1 3 3
921 685 9 7 45
1625 689 7 8 34
520 696 19 20 196
1583 699 20 20 271
1093 707 16 24 298
220 710 11 10 80
1210 710 7 22 120
927 717 5 12 30
715 718 6 4 16
1175 723 21 41 672
625 747 6 6 27
770 758 1 1 1
370 769 1 1 1
994 769 16 17 188
850 791 1 1 1
1632 817 25 28 543
709 819 11 10 72
864 821 4 4 9
1086 824 15 28 310
898 834 5 5 23
1024 841 9 13 92
897 842 1 2 2
710 848 11 11 84
1835 849 5 1 5
859 856 5 3 8
979 857 7 9 41
1240 875 10 22 177
971 879 4 5 12
973 909 13 13 118
597 933 1 1 1
599 935 10 3 19
611 939 1 1 1
650 944 3 3 6
914 960 2 3 4
917 963 1 1 1
987 969 70 28 719
767 972 1 1 1
768 975 1 1 1
1060 975 5 2 6
811 994 1 2 2
554 1000 2 1 2
1023 1000 3 1 3
539 1002 2 1 2
490 1002 537 142 22190
1095 1005 5 10 25
526 1010 1 1 1
1037 1017 1 1 1
1019 1042 1 1 1
1010 1075 1 2 2
853 1086 1 1 1
1013 1086 1 2 2
1234 1087 9 16 89
743 1098 1 1 1
764 1100 6 1 6
984 1100 1 1 1
789 1103 1 1 1
796 1104 1 1 1
658 1107 2 3 5
174 1123 1 1 1
328 1190 2 2 3
