0 0 1840 1228 2107892
329 0 21 42 400
499 0 4 6 18
520 0 8 5 29
549 0 12 10 91
576 0 35 28 367
656 0 8 8 51
745 0 12 9 71
770 0 2 1 2
812 0 7 5 29
858 0 33 15 279
941 0 18 38 461
967 0 5 4 14
993 0 29 54 1001
1073 0 21 11 125
1133 0 14 5 54
1185 0 5 6 25
1195 0 27 22 262
1216 0 30 49 510
1301 0 4 2 6
1286 0 108 142 4087
1458 0 24 24 396
701 8 9 18 131
1398 9 41 54 1106
1033 13 34 31 293
975 14 8 15 81
460 16 16 21 238
883 18 10 15 96
432 20 11 20 160
558 23 11 20 127
1277 28 3 5 11
317 32 9 10 59
645 32 8 13 75
1115 32 30 43 673
1177 32 8 12 65
878 34 5 4 17
1530 35 24 36 618
1265 36 5 7 28
820 38 14 25 236
405 45 11 17 141
1156 44 12 19 146
1192 44 6 10 45
479 47 21 17 216
552 55 52 44 877
717 57 10 11 80
327 59 11 14 117
926 58 16 36 412
517 60 16 23 238
631 62 18 24 313
1012 62 13 15 87
1260 62 6 11 51
1546 62 31 39 713
697 65 133 126 3879
1184 67 62 176 2856
1142 78 6 7 33
1316 78 8 13 74
504 81 8 10 70
798 81 4 4 13
943 81 42 76 1015
656 82 6 10 45
1020 83 35 41 548
1254 83 27 63 842
608 89 18 22 207
811 92 6 12 55
998 92 9 12 73
1163 95 13 14 94
816 97 34 50 953
1058 101 11 15 123
362 102 4 14 30
423 105 5 5 14
450 105 1 2 2
860 104 6 12 57
453 107 1 1 1
1125 109 6 11 39
1146 109 6 8 28
1099 111 6 9 28
524 117 6 8 38
571 116 19 18 125
700 119 14 26 262
326 120 11 15 119
458 123 8 9 52
892 123 13 25 231
1058 123 47 36 810
684 124 7 16 76
1152 124 26 31 414
637 126 6 10 44
809 127 7 11 56
935 130 6 10 40
586 132 31 53 532
521 136 8 14 81
536 139 8 21 90
1014 139 5 12 45
1325 145 16 18 171
667 149 15 3 22
995 149 4 5 14
1137 149 2 3 5
1272 148 7 11 56
627 152 6 10 47
852 153 10 13 92
1515 154 11 15 124
412 159 20 18 177
1024 158 13 15 116
1264 158 46 45 573
968 160 5 5 17
1070 163 45 45 615
1138 163 18 26 315
371 164 7 13 74
1177 164 6 7 29
588 168 4 6 16
643 169 13 18 179
877 169 6 11 44
982 170 17 11 156
481 172 4 2 6
457 174 3 12 16
729 179 7 8 41
500 181 8 11 64
1117 181 16 18 168
555 182 5 5 16
1000 182 6 8 43
460 187 1 1 1
777 187 13 25 242
1042 191 18 24 298
478 193 6 9 47
737 193 11 20 163
893 192 51 48 1408
802 195 6 10 47
433 197 8 9 59
963 199 6 13 55
411 201 8 9 53
661 200 7 11 64
494 203 5 8 33
558 202 7 8 42
273 209 12 20 176
626 208 5 9 39
1065 215 3 5 11
798 217 3 3 6
818 216 5 5 22
1340 216 15 23 245
515 218 11 12 108
969 219 41 67 1360
745 221 17 20 250
950 222 9 20 82
1257 222 6 8 33
1453 222 36 38 820
456 226 30 7 51
575 227 16 19 132
784 226 6 11 49
1055 226 7 13 63
529 229 5 7 23
1165 228 21 44 697
293 232 7 9 48
1227 233 4 5 15
446 234 2 1 2
1115 234 7 10 42
796 239 53 43 870
1093 239 10 20 128
1146 241 3 5 13
634 243 1 1 1
701 242 6 11 49
446 244 15 13 84
483 248 25 15 161
402 252 6 5 23
912 252 17 23 239
1057 253 4 7 21
314 255 8 10 64
942 254 17 15 154
607 257 7 11 57
1225 257 47 138 2397
702 261 8 9 48
845 263 42 62 977
1108 262 10 15 92
1479 263 10 19 142
792 265 5 7 25
1201 264 26 34 444
1341 265 28 71 1042
532 266 38 15 268
379 269 8 10 57
710 271 35 22 332
1045 270 16 28 307
1137 271 4 7 17
68 275 44 7 58
417 274 15 9 104
491 275 19 25 233
1083 275 5 6 22
324 278 25 19 191
1159 278 4 4 13
968 280 4 6 18
945 283 7 13 60
775 285 17 15 179
1152 285 3 4 10
1139 289 48 79 1224
537 291 21 25 213
360 293 6 5 19
908 292 34 51 835
1412 293 41 51 1153
374 297 4 4 8
450 297 6 6 28
1062 297 9 23 73
1493 299 8 11 69
803 303 7 12 58
1312 304 14 22 212
1695 304 7 6 26
1198 306 14 24 234
606 310 5 6 22
194 313 10 9 68
466 312 14 15 101
530 315 7 11 66
572 316 8 17 91
1270 317 19 27 299
1477 317 10 12 82
785 318 3 2 4
966 321 5 6 19
1034 321 5 8 29
1018 322 5 9 34
1078 324 36 43 503
428 326 15 22 157
369 328 7 7 34
714 328 9 13 89
1069 328 19 15 129
652 330 4 7 21
950 331 3 3 8
855 332 14 47 333
898 333 4 7 21
801 337 4 3 8
882 337 3 5 12
958 336 4 6 23
1121 337 18 35 342
537 340 8 11 61
768 340 3 3 7
1366 340 26 40 505
907 342 8 17 98
447 345 8 9 44
616 345 7 11 58
963 344 5 17 60
495 347 3 1 3
1801 347 11 11 69
404 349 6 7 28
1050 350 5 6 22
769 354 38 40 717
173 357 9 6 38
475 357 3 3 5
505 361 8 13 70
879 363 6 7 35
602 366 6 4 11
986 366 4 4 10
425 369 4 5 18
583 368 5 6 21
948 369 4 6 16
1324 369 11 11 96
1474 369 9 14 87
523 371 7 11 60
1588 371 18 17 208
930 372 3 3 8
1036 372 16 25 256
1203 372 26 43 742
1158 374 3 3 9
718 377 10 23 156
1142 381 8 8 51
336 383 9 13 87
499 382 7 12 57
1420 382 18 29 293
305 384 8 8 52
912 384 5 13 25
1337 386 15 27 297
598 388 3 2 5
966 388 4 9 27
1187 388 5 6 18
1277 388 14 24 252
282 391 7 10 46
933 390 6 2 7
1131 391 3 3 6
605 397 7 13 53
1108 396 17 21 209
1151 396 7 22 77
738 398 7 11 58
1068 399 27 36 555
346 401 1 1 1
513 400 5 3 10
700 400 3 3 8
805 401 9 16 101
902 400 10 18 138
309 402 7 6 29
934 402 4 8 26
1456 403 18 26 350
400 405 6 7 33
239 407 11 17 66
1050 407 4 4 10
923 410 9 20 95
388 413 2 2 3
498 412 10 35 175
565 415 6 6 24
958 414 3 4 10
516 416 6 8 38
744 417 12 11 82
424 423 5 11 42
1054 422 4 5 14
1406 423 8 9 53
766 425 12 17 144
556 429 5 5 19
675 429 26 32 345
849 428 9 16 116
1158 429 3 1 3
1176 428 22 27 312
392 431 8 11 67
624 431 6 9 42
655 431 8 10 64
970 431 4 5 17
814 432 2 1 2
1135 433 7 6 24
940 434 4 8 27
870 438 10 14 80
569 441 15 30 210
977 441 6 10 27
635 443 9 15 117
752 443 9 16 109
999 443 4 4 12
1079 443 7 17 51
1602 442 9 6 41
948 445 4 9 30
1018 444 3 3 7
1331 445 15 23 236
400 447 5 6 25
361 449 6 7 28
893 450 20 50 454
1434 451 7 9 42
704 453 15 20 126
1109 453 38 38 723
807 454 51 44 781
920 455 8 10 46
1232 454 3 2 4
879 457 6 12 52
1017 459 6 10 48
499 461 5 8 32
1056 466 20 18 251
1207 466 6 9 32
395 469 5 5 18
1186 470 11 19 156
460 473 4 8 25
743 473 6 9 38
1093 472 1 2 2
950 475 4 9 31
1001 474 6 13 51
1021 475 3 3 8
615 476 1 1 1
1094 476 1 1 1
1396 476 26 29 445
467 479 30 21 298
1024 478 6 10 45
250 487 9 10 70
705 486 1 1 1
736 486 17 28 177
713 489 13 19 143
871 488 17 20 258
444 491 5 4 14
1142 491 5 7 29
1158 491 3 4 12
1380 490 6 7 31
1093 492 4 4 13
398 494 6 7 35
519 496 6 6 31
1008 497 5 7 25
1165 496 3 2 5
1255 497 16 38 329
355 498 6 7 30
316 500 7 8 44
537 501 7 13 66
592 500 4 3 12
796 501 9 13 90
621 503 15 18 163
1113 502 2 3 6
1290 503 15 23 256
943 506 27 54 927
494 509 5 3 14
813 509 6 7 32
1009 509 46 63 1144
1097 509 2 4 7
1122 508 3 4 12
922 511 16 7 44
550 513 16 7 70
1098 514 23 40 473
397 516 9 13 80
467 517 3 3 7
759 516 14 32 282
995 516 10 11 72
911 519 3 2 6
1056 519 4 5 15
1123 519 25 21 214
1173 518 30 20 260
692 520 7 10 43
839 521 33 44 511
791 522 10 12 90
876 523 2 3 6
370 524 9 15 90
1324 525 19 23 226
610 527 5 6 24
740 527 10 18 125
887 526 9 5 30
505 528 5 4 17
1244 532 8 6 37
821 535 1 1 1
464 537 11 23 114
571 536 4 6 17
662 536 6 7 32
711 537 15 14 100
1392 536 7 6 28
533 539 14 22 136
1222 542 4 7 21
250 544 6 5 27
897 545 6 8 31
423 547 8 11 40
480 546 17 20 109
1129 546 5 7 21
1084 548 4 7 20
317 552 5 4 16
597 553 10 15 113
922 552 14 24 183
1345 552 15 24 236
704 555 6 24 63
692 557 3 3 5
1061 558 16 30 313
1097 559 1 1 1
1151 561 3 4 9
556 563 2 2 3
849 562 61 73 1138
982 562 5 6 14
1213 563 8 12 68
389 566 10 10 75
825 566 1 1 1
1107 567 4 5 12
784 569 10 15 95
1580 568 2 2 4
1257 570 5 7 25
1091 572 3 4 9
1193 573 3 2 6
752 574 8 15 91
403 576 6 6 28
620 576 12 16 102
640 577 34 47 523
1381 576 8 11 53
336 579 5 3 11
919 579 2 2 3
948 581 5 4 16
1424 581 3 1 3
1081 583 12 9 67
1288 583 14 23 232
419 585 5 7 21
778 584 4 10 30
213 586 10 15 103
576 586 5 8 35
944 586 1 2 2
910 589 1 1 1
445 590 3 4 11
1179 591 4 5 15
486 592 4 7 24
1001 593 22 20 254
1074 592 1 1 1
712 594 7 8 35
919 595 3 3 3
1151 594 33 77 1182
294 596 16 5 32
908 597 2 3 6
941 596 2 2 2
1375 596 21 38 569
935 599 1 1 1
995 599 1 1 1
576 600 16 18 202
678 601 17 15 163
1098 600 2 1 2
250 603 8 9 55
468 602 14 11 106
733 602 12 7 32
763 603 1 1 1
424 604 4 3 8
972 604 1 1 1
927 608 1 1 1
883 612 3 6 18
889 612 15 35 314
1035 613 2 5 7
909 614 1 1 1
1234 615 12 19 149
813 617 8 18 54
837 617 3 2 4
722 618 4 14 46
969 619 1 1 1
1043 618 10 19 150
727 620 31 49 545
1063 621 3 4 8
1351 621 5 5 17
397 622 2 1 2
555 623 4 6 23
930 622 3 7 14
1103 623 15 25 254
1271 623 84 55 1028
526 624 7 8 40
616 624 7 6 28
876 625 1 1 1
1076 624 9 13 34
1144 627 2 2 4
944 628 2 2 2
983 629 1 1 1
709 630 3 11 18
974 631 1 1 1
403 632 3 2 4
601 632 8 11 69
877 632 1 1 1
953 632 29 31 220
1566 633 4 2 6
632 634 1 1 1
691 634 6 6 26
912 634 3 5 13
1005 634 19 20 160
1283 634 1 2 2
450 637 18 22 201
878 637 2 4 6
1202 637 5 6 16
504 638 4 3 10
925 638 1 1 1
937 638 1 1 1
1128 638 3 3 6
425 640 1 3 3
636 641 14 17 142
788 640 15 14 104
1144 641 2 4 7
832 643 2 3 5
1040 642 3 5 10
1073 644 17 32 289
928 647 26 37 527
1054 646 2 2 4
1587 647 1 1 1
486 649 5 7 24
1224 648 27 27 383
767 650 13 23 197
823 651 3 4 12
922 650 1 2 2
1105 650 31 46 722
884 652 3 7 12
907 653 3 7 16
1051 652 1 1 1
580 654 8 10 58
822 657 1 1 1
837 657 12 33 195
514 661 5 6 18
919 661 1 1 1
412 663 4 4 14
915 662 2 1 2
995 662 1 2 2
1011 662 2 3 5
279 665 7 8 46
654 665 8 13 73
1040 664 1 2 2
1262 665 1 1 1
865 666 1 1 1
871 667 1 1 1
968 667 24 47 567
1264 666 1 1 1
689 669 6 9 35
1265 668 10 8 39
491 671 4 3 9
637 671 7 9 48
319 672 4 3 9
798 673 12 19 169
883 674 3 7 14
1022 677 1 1 1
1147 677 8 11 42
1174 676 2 4 8
517 678 1 1 1
872 678 1 1 1
1032 678 3 4 8
735 681 3 3 6
752 680 8 12 63
560 683 8 8 47
702 683 1 1 1
872 685 5 8 25
1014 684 3 6 16
1050 685 2 4 7
1083 686 11 7 50
1324 686 14 32 233
479 689 5 7 20
585 689 9 13 64
824 689 5 7 27
942 689 1 1 1
849 692 9 26 124
673 695 4 4 13
1096 695 2 6 11
1276 694 18 30 300
229 697 6 6 29
640 696 22 17 123
989 697 4 7 23
1010 697 1 4 4
1143 697 20 29 399
273 699 5 3 11
396 698 2 2 3
483 702 4 10 18
783 702 6 7 26
869 703 5 11 40
927 702 2 1 2
1092 705 2 1 2
324 706 5 5 21
1130 706 3 2 5
1419 707 2 1 2
904 708 3 5 13
1084 708 7 7 38
748 711 4 6 19
697 713 4 7 18
733 713 2 3 6
126 714 4 2 7
309 714 3 2 5
910 717 1 1 1
980 719 16 9 52
1043 719 1 1 1
684 720 11 16 113
1001 720 20 15 180
611 723 9 16 97
824 723 20 26 221
888 722 2 2 3
300 725 6 6 22
435 724 4 7 18
460 724 18 11 94
641 724 2 2 3
864 725 3 8 18
719 727 3 5 10
736 726 2 1 2
902 726 1 1 1
1056 727 3 5 8
1062 726 27 41 277
509 729 1 1 1
662 731 16 25 172
913 731 3 4 8
341 733 4 2 7
696 732 15 12 92
799 732 3 7 18
214 734 6 5 18
897 734 1 1 1
1489 734 1 1 1
583 737 8 12 71
1048 737 1 3 3
507 738 6 7 26
833 741 23 28 341
1040 741 2 3 4
1148 741 19 43 477
471 742 1 1 1
782 742 4 5 13
1110 742 28 41 312
1196 742 11 16 135
1691 745 1 1 1
397 746 10 10 54
434 747 9 8 50
626 748 2 1 2
1311 751 15 22 227
461 754 2 1 2
589 758 9 13 72
770 758 7 11 63
880 758 2 4 7
906 759 13 14 65
1039 761 20 38 373
1600 760 2 2 3
1722 761 2 1 2
670 765 4 4 16
715 765 3 3 7
1267 764 2 1 2
398 768 1 1 1
503 768 17 7 52
530 768 2 2 4
736 769 2 2 4
748 768 10 16 110
861 768 3 3 5
890 769 3 7 17
940 768 11 17 110
471 770 2 2 3
688 770 10 5 25
993 770 1 4 4
417 773 1 1 1
622 773 5 2 6
920 773 2 1 2
1353 773 7 12 73
204 775 7 7 37
391 774 7 11 55
674 774 3 1 3
1083 775 24 18 98
1299 774 1 1 1
835 777 4 13 24
1070 777 2 5 8
1212 777 2 1 2
1706 776 4 3 9
257 778 4 2 5
435 780 1 1 1
1278 781 13 22 229
893 782 1 1 1
1223 783 2 1 2
1256 783 1 8 8
370 784 2 2 4
437 785 4 4 15
456 784 4 3 6
602 785 2 1 2
619 784 16 24 217
1034 784 2 3 5
875 787 2 3 4
886 786 133 60 3311
1221 787 24 22 279
61 788 1 1 1
152 789 1 1 1
558 789 3 5 14
731 789 2 2 3
368 791 2 2 3
476 791 13 6 46
756 791 5 9 36
821 790 2 2 4
433 792 3 2 6
655 792 3 4 9
860 792 8 24 75
1086 793 57 58 1062
180 794 6 8 31
332 795 6 13 64
589 794 4 2 5
1265 795 1 2 2
687 797 3 3 5
829 797 1 1 1
1328 796 33 39 540
440 799 3 2 5
599 799 7 11 55
1089 798 2 1 2
129 800 2 1 2
828 801 1 16 16
1106 801 3 4 8
1267 801 1 1 1
966 802 2 3 4
813 805 1 1 1
436 806 3 2 6
356 808 2 4 7
1032 808 2 3 4
1071 809 2 3 5
1185 808 10 28 135
574 810 1 2 2
794 810 21 16 159
1285 810 2 2 2
1800 810 3 2 4
419 812 3 2 4
1289 813 1 1 1
462 815 4 5 16
656 814 4 6 18
817 817 2 3 5
862 817 9 17 46
511 819 3 6 13
851 818 1 2 2
250 821 7 5 23
446 821 3 3 7
715 820 3 5 9
559 823 2 2 2
641 823 9 15 107
838 825 14 24 217
1020 825 20 11 67
1250 824 14 19 179
398 827 1 1 1
828 826 2 2 2
176 829 7 7 30
530 829 3 3 6
810 829 3 7 19
1559 828 1 2 2
1815 828 1 10 10
615 831 5 6 24
1359 831 13 20 187
440 835 4 10 33
503 835 3 3 8
766 836 14 24 221
498 839 3 4 9
662 839 3 5 11
359 840 5 6 23
379 845 2 1 2
976 845 2 3 5
1493 845 2 1 2
459 846 4 4 11
537 847 8 17 69
583 846 1 1 1
1174 846 1 1 1
907 848 3 4 10
994 848 1 1 1
1068 848 3 4 9
525 850 1 1 1
945 851 10 22 129
971 851 2 4 8
1016 850 7 8 26
1122 850 10 11 94
1231 850 1 1 1
1399 851 1 1 1
1505 850 1 1 1
352 852 1 1 1
685 852 3 3 7
247 854 14 18 134
667 855 17 8 69
1693 854 6 5 23
1305 857 2 1 2
361 861 1 1 1
790 860 15 23 235
966 860 31 22 261
160 862 5 6 19
347 862 2 1 2
415 862 4 4 10
477 862 4 4 11
1045 863 4 6 19
1076 863 2 5 10
366 864 3 6 10
690 864 2 3 6
833 864 2 3 4
868 865 1 2 2
885 864 11 27 163
1304 867 1 1 1
399 869 5 6 16
316 871 1 1 1
515 870 3 4 8
550 870 14 7 90
666 871 3 9 18
723 870 3 5 11
1052 871 3 6 17
1538 871 1 1 1
1081 872 2 1 2
458 874 2 2 3
695 874 1 1 1
933 875 5 19 34
1071 874 1 1 1
427 877 2 3 6
693 876 2 3 3
812 876 4 5 13
1018 877 3 7 20
1108 876 13 21 175
1057 878 3 6 13
1216 878 5 9 41
1249 878 9 9 58
1624 878 6 4 18
120 880 5 5 16
141 881 2 2 2
597 880 14 10 106
683 880 3 5 14
718 883 4 6 15
988 883 23 57 421
417 884 1 1 1
738 885 2 2 4
853 885 3 6 13
1027 884 1 2 2
1565 885 2 2 3
1221 886 21 33 430
256 889 3 3 9
975 889 1 2 2
1131 888 56 35 653
298 893 2 2 3
610 892 8 12 71
1456 892 2 2 4
285 895 1 1 1
687 895 6 14 65
489 896 4 4 11
515 896 1 2 2
793 897 2 3 5
842 897 10 4 13
917 897 1 2 2
955 896 2 2 3
1775 897 3 2 4
645 899 3 3 9
746 898 7 12 55
900 898 2 3 5
1416 901 8 4 16
1519 900 1 1 1
452 903 3 4 12
942 902 1 2 2
1553 903 10 4 18
1796 903 1 1 1
159 905 6 12 68
1200 905 1 1 1
586 906 5 5 15
893 907 2 5 7
1789 906 2 1 2
914 909 1 3 3
1068 908 1 1 1
1272 908 7 9 41
477 910 5 6 17
1576 911 1 1 1
1054 913 2 3 5
494 915 3 1 3
798 915 1 3 3
823 914 3 5 10
586 916 15 27 109
715 916 2 2 3
726 917 20 14 116
782 916 8 14 80
653 919 3 4 8
440 920 1 1 1
868 920 1 1 1
1019 920 1 4 4
1034 921 1 1 1
664 923 5 5 17
816 922 6 12 60
836 923 11 9 42
1102 922 11 16 120
413 924 20 11 84
860 925 2 4 7
876 924 2 3 5
918 925 2 4 5
1724 924 6 3 10
939 927 3 5 9
706 929 10 8 35
1247 928 13 18 161
155 931 5 4 11
488 930 11 8 46
1056 931 1 1 1
1289 931 1 1 1
1453 930 1 1 1
385 932 1 1 1
1389 933 1 1 1
84 935 1 1 1
1009 934 1 3 3
1387 934 1 2 2
340 936 1 1 1
563 936 3 3 7
696 936 455 265 33864
804 936 6 5 14
1022 937 18 9 56
973 939 1 2 2
986 938 1 3 3
1833 938 1 1 1
915 940 1 1 1
934 940 1 4 4
1070 940 3 6 10
1667 941 4 3 7
59 942 3 2 5
349 942 5 5 14
392 943 1 1 1
543 943 9 12 63
912 943 11 33 85
1446 943 1 1 1
1486 942 1 1 1
1225 944 3 2 4
447 946 1 1 1
714 947 1 1 1
751 946 5 8 35
1092 946 2 3 5
1189 947 6 8 19
469 948 4 6 21
661 949 3 5 10
673 949 1 1 1
848 948 1 2 2
831 950 1 2 2
929 951 2 2 4
999 951 1 2 2
1325 950 2 1 2
225 953 5 3 14
410 954 5 5 17
893 955 10 19 83
1802 954 1 1 1
556 956 4 4 15
657 957 3 7 16
1006 957 4 5 17
1535 956 2 2 2
1794 956 1 2 2
742 958 1 1 1
824 959 1 2 2
1066 959 2 3 5
1162 959 12 21 173
1538 958 1 1 1
682 961 7 9 53
847 961 16 14 101
947 960 16 37 270
1326 961 13 16 140
1402 960 3 3 7
580 963 8 13 71
628 962 6 5 19
1015 963 3 6 14
439 964 3 3 8
526 964 3 1 3
1053 965 3 6 10
1465 965 1 1 1
371 966 2 1 2
810 966 1 2 2
1256 967 11 9 38
490 970 1 1 1
931 970 7 12 65
344 973 5 6 21
668 973 2 3 6
882 972 1 1 1
1066 973 1 2 2
1076 972 1 3 3
1363 972 1 1 1
211 974 1 1 1
398 975 11 17 127
496 975 9 13 91
643 974 16 11 54
977 975 22 36 498
422 977 2 2 3
691 976 5 9 35
1374 976 1 1 1
1187 978 1 1 1
822 981 1 1 1
832 980 1 3 3
922 980 1 3 3
1288 980 19 22 274
709 983 1 1 1
861 983 6 8 25
91 984 1 1 1
265 984 2 2 4
1820 985 20 15 175
485 987 4 7 25
549 987 1 1 1
1332 986 5 3 10
157 988 1 1 1
911 988 2 3 6
684 990 2 4 7
843 990 1 2 2
1069 990 1 3 3
1381 991 1 1 1
1524 991 2 3 3
267 993 1 2 2
578 993 10 9 63
705 992 2 1 2
1613 993 2 2 4
1007 994 2 4 5
1348 995 2 2 3
493 996 2 1 2
1059 997 1 2 2
1153 997 12 31 223
1369 998 1 1 1
1626 998 3 1 3
663 1000 2 5 7
835 1000 2 4 6
1014 1000 33 38 629
506 1003 7 8 32
922 1003 1 1 1
964 1003 1 3 3
1013 1002 2 5 9
1047 1002 2 1 2
1061 1002 5 7 19
1243 1002 1 1 1
395 1004 1 3 3
592 1004 7 10 47
861 1005 1 1 1
1306 1004 1 1 1
1541 1005 1 1 1
535 1006 1 1 1
639 1007 2 4 7
705 1006 1 2 2
810 1006 5 6 17
1212 1007 4 8 19
906 1009 1 3 3
1359 1009 1 1 1
294 1010 2 3 4
468 1011 3 3 5
883 1010 1 3 3
1138 1010 2 1 2
222 1012 1 1 1
638 1012 1 2 2
1054 1013 1 3 3
245 1014 5 4 11
363 1014 4 7 18
432 1014 3 4 9
669 1014 18 18 150
931 1015 4 6 15
1621 1015 1 1 1
614 1017 3 6 13
909 1017 2 2 4
211 1018 6 6 24
934 1021 19 18 173
1370 1020 3 2 4
1592 1020 5 1 5
564 1023 5 5 19
963 1023 3 6 15
1193 1023 17 15 110
1335 1023 8 6 35
1413 1023 1 1 1
379 1025 1 1 1
398 1025 1 1 1
900 1025 5 13 37
993 1025 9 5 19
1604 1025 3 2 4
451 1027 1 1 1
1190 1026 1 1 1
138 1028 3 3 6
497 1028 1 1 1
921 1028 4 6 20
313 1030 2 2 4
878 1031 8 11 71
1255 1030 1 1 1
346 1033 3 2 4
855 1032 1 1 1
1382 1032 2 2 3
465 1034 2 2 3
981 1035 6 19 47
1283 1034 3 5 7
1386 1034 1 1 1
1435 1035 1 3 3
1624 1037 1 1 1
1648 1036 1 1 1
285 1039 1 1 1
423 1038 2 3 6
486 1038 3 4 10
610 1039 2 4 5
1014 1038 6 10 26
1508 1039 1 1 1
124 1041 1 1 1
248 1040 3 2 4
283 1040 1 2 2
408 1041 1 1 1
506 1041 2 2 4
1454 1041 3 2 4
1512 1041 2 1 2
107 1042 1 1 1
393 1043 3 6 13
971 1042 1 3 3
1594 1042 3 2 4
446 1045 3 3 6
459 1045 3 5 11
595 1045 1 1 1
858 1045 1 4 4
904 1045 21 26 159
1252 1045 14 11 50
1315 1044 1 1 1
71 1047 4 3 6
1188 1046 1 1 1
1328 1046 1 1 1
1672 1047 1 1 1
377 1049 1 1 1
474 1048 4 4 9
660 1048 6 21 50
1005 1048 6 13 69
1143 1048 1 1 1
631 1051 2 4 7
1292 1051 1 1 1
1791 1051 1 1 1
542 1052 2 2 3
1177 1053 1 1 1
1527 1052 5 5 9
168 1054 2 3 4
343 1054 5 9 35
383 1055 1 2 2
494 1055 1 1 1
1565 1054 2 2 4
1658 1054 6 3 7
1744 1055 3 1 3
1801 1054 9 7 30
319 1057 11 8 36
634 1057 7 23 58
932 1057 1 2 2
960 1056 10 19 140
432 1058 3 6 9
616 1058 3 1 3
980 1059 1 1 1
1726 1058 2 2 3
1015 1061 1 1 1
495 1062 1 1 1
524 1063 1 3 3
994 1063 1 1 1
1119 1063 8 10 58
1244 1063 1 1 1
1295 1063 1 1 1
1549 1062 1 1 1
34 1065 1 1 1
453 1064 1 1 1
1145 1065 3 1 3
1262 1064 21 24 344
1484 1064 1 1 1
1519 1065 1 1 1
548 1067 5 3 7
689 1066 1 1 1
1173 1066 1 3 3
204 1068 2 1 2
275 1068 11 10 39
884 1071 3 4 9
1155 1071 2 3 5
1344 1071 1 1 1
1168 1072 1 1 1
1387 1073 1 1 1
1672 1073 3 1 3
342 1074 11 15 125
534 1074 5 5 17
648 1075 2 4 8
1299 1074 1 1 1
1785 1075 2 1 2
925 1076 1 1 1
1223 1077 2 4 7
1236 1077 3 3 5
1796 1076 7 6 18
489 1079 3 2 3
985 1079 1 2 2
1183 1078 1 1 1
182 1081 2 2 3
1790 1081 1 1 1
657 1083 2 2 4
1412 1082 2 2 3
396 1084 1 1 1
399 1085 3 3 4
529 1085 5 5 12
1377 1085 1 1 1
301 1086 1 1 1
1651 1087 1 1 1
306 1089 2 1 2
573 1089 6 8 35
604 1089 1 1 1
671 1088 13 10 89
1196 1088 2 1 2
1738 1089 1 1 1
232 1090 2 2 2
426 1090 3 5 14
901 1090 6 6 29
1194 1091 1 2 2
1207 1091 2 3 6
1225 1091 3 4 9
1258 1091 2 1 2
1284 1090 13 27 183
966 1093 2 1 2
1162 1092 1 1 1
1316 1093 3 1 3
1363 1093 6 4 15
1609 1093 2 1 2
638 1094 2 2 4
1253 1097 1 1 1
343 1099 1 1 1
705 1099 1 1 1
965 1098 1 2 2
1112 1099 1 1 1
1310 1099 5 9 19
361 1100 1 1 1
367 1101 3 3 3
657 1100 1 3 3
697 1100 6 9 38
203 1103 7 4 17
401 1103 1 1 1
1164 1103 21 23 181
1212 1103 28 20 191
1560 1103 6 6 19
1573 1103 6 3 10
1324 1106 5 2 10
314 1109 9 2 10
324 1108 1 1 1
574 1109 1 1 1
1319 1108 2 2 3
571 1110 2 1 2
339 1114 1 1 1
639 1114 2 2 3
664 1115 2 7 12
736 1115 10 17 93
791 1115 1 2 2
469 1116 4 13 31
772 1116 2 6 10
1347 1117 6 5 20
1098 1118 6 10 43
1432 1119 1 1 1
501 1120 2 4 6
572 1121 5 4 16
628 1121 1 2 2
1155 1121 1 1 1
644 1122 3 4 10
1523 1123 2 2 2
175 1125 2 2 2
450 1125 2 2 3
559 1127 3 4 9
606 1126 4 7 22
637 1126 1 2 2
1196 1126 1 1 1
46 1129 6 3 14
186 1129 3 1 3
305 1129 1 1 1
1369 1128 1 1 1
1356 1131 1 1 1
663 1133 1 2 2
1341 1133 7 3 14
1349 1132 1 1 1
1559 1132 2 2 3
133 1134 1 1 1
410 1134 2 3 5
433 1135 11 12 28
642 1134 6 4 8
1317 1134 4 2 8
1370 1134 1 1 1
1420 1135 1 1 1
382 1137 4 7 21
1271 1136 1 2 2
1394 1137 8 5 26
1498 1136 3 2 6
1712 1136 1 2 2
629 1138 1 1 1
656 1138 4 4 14
782 1138 6 8 35
1123 1139 8 13 69
1586 1138 4 3 9
555 1141 3 2 4
704 1141 1 1 1
1706 1140 1 1 1
202 1143 2 1 2
216 1143 2 2 4
340 1142 1 1 1
492 1143 1 1 1
595 1142 2 11 12
683 1142 4 5 13
726 1143 13 14 102
796 1143 1 2 2
876 1143 1 2 2
1488 1143 3 3 6
1621 1143 7 3 8
312 1145 1 1 1
1340 1144 4 2 4
146 1147 9 7 33
703 1147 1 1 1
1174 1147 10 9 38
1376 1147 1 1 1
1435 1146 1 1 1
1733 1146 1 1 1
524 1149 6 7 15
718 1148 2 1 2
1213 1148 4 2 6
1643 1148 2 1 2
487 1150 3 2 5
1151 1150 4 13 20
1239 1151 7 4 23
1751 1150 2 1 2
306 1153 1 1 1
1299 1152 5 3 11
1632 1152 3 4 8
186 1154 2 2 3
561 1154 5 9 20
615 1154 9 5 21
1662 1155 11 6 20
127 1156 6 6 17
587 1156 2 3 5
905 1157 1 3 3
450 1158 3 3 6
777 1159 14 7 23
1187 1158 1 2 2
220 1161 2 2 3
395 1161 1 1 1
421 1161 2 4 6
537 1160 1 2 2
814 1160 1 1 1
1283 1160 1 1 1
1815 1160 3 2 4
613 1163 2 3 4
1313 1163 2 2 4
309 1164 1 1 1
1241 1167 8 9 35
1258 1167 6 9 26
1299 1167 3 2 4
1548 1166 3 2 4
1640 1167 2 2 3
1699 1167 1 1 1
315 1168 3 3 6
416 1168 2 3 5
729 1169 1 1 1
1373 1169 8 13 45
1439 1169 1 1 1
1498 1169 1 1 1
378 1170 3 3 5
436 1171 2 3 5
882 1170 2 4 4
950 1171 1 1 1
1148 1171 1 1 1
1311 1171 1 1 1
1354 1171 1 2 2
1391 1170 6 5 17
1449 1171 1 1 1
130 1173 3 2 4
740 1173 1 1 1
922 1172 1 1 1
1440 1173 1 1 1
1496 1173 2 1 2
863 1174 4 3 9
1643 1174 1 1 1
404 1177 8 11 32
878 1177 1 2 2
1202 1176 22 15 125
1532 1176 4 3 5
689 1178 2 6 11
902 1179 2 6 11
366 1180 2 4 5
535 1181 1 1 1
611 1181 1 1 1
1270 1181 1 1 1
620 1182 1 1 1
767 1183 1 3 3
219 1184 1 1 1
647 1184 3 1 3
745 1184 1 1 1
1189 1185 2 1 2
1241 1184 15 9 39
1459 1184 8 8 29
1585 1185 1 2 2
1623 1185 2 2 3
645 1186 1 2 2
681 1187 1 1 1
798 1186 1 1 1
968 1187 1 1 1
1718 1186 1 1 1
120 1189 2 1 2
141 1189 4 6 18
630 1189 1 1 1
719 1189 6 14 39
974 1189 1 2 2
1423 1188 1 1 1
1665 1188 6 6 29
570 1191 1 3 3
759 1191 3 5 10
1343 1190 2 2 4
336 1192 1 2 2
792 1193 1 1 1
877 1192 1 3 3
951 1192 1 1 1
1345 1193 2 2 2
1354 1193 18 11 40
1467 1193 9 2 17
1527 1192 1 2 2
1758 1193 1 1 1
399 1194 1 2 2
523 1194 2 2 4
1348 1195 2 2 4
1726 1195 2 2 2
1760 1194 3 2 3
472 1196 3 10 12
1165 1196 2 1 2
1502 1197 1 1 1
383 1199 2 2 3
398 1198 1 1 1
741 1199 1 1 1
1173 1198 1 1 1
420 1201 2 2 3
861 1201 1 3 3
1121 1201 1 1 1
1575 1200 2 1 2
629 1202 2 5 8
786 1202 1 1 1
1413 1202 1 1 1
293 1205 2 1 2
1388 1204 2 1 2
1642 1204 2 1 2
957 1206 1 3 3
1004 1206 1 2 2
1322 1207 8 8 37
1480 1206 1 1 1
122 1209 1 1 1
599 1209 2 1 2
942 1209 1 1 1
1305 1208 1 1 1
1421 1208 11 7 46
330 1211 4 2 5
363 1210 1 1 1
375 1211 4 6 15
387 1210 2 1 2
408 1211 4 4 11
1384 1211 1 1 1
431 1212 1 1 1
764 1213 1 1 1
1256 1213 4 5 9
1493 1213 1 1 1
438 1214 1 1 1
849 1215 4 8 23
911 1214 1 1 1
353 1217 1 1 1
515 1217 3 3 6
623 1217 1 1 1
718 1216 2 2 4
1448 1217 2 2 3
161 1219 1 1 1
608 1219 2 3 4
687 1219 1 2 2
1175 1218 3 3 6
487 1221 2 1 2
918 1220 1 1 1
1114 1221 1 1 1
1310 1221 7 7 31
414 1223 2 5 9
427 1222 2 6 7
1468 1223 2 5 10
1252 1225 4 3 10
1511 1224 1 4 4
825 1226 1 2 2
1354 1226 3 2 6
