0 0 1840 1228 2179729
145 0 267 189 11812
565 0 6 6 36
844 0 6 15 63
795 0 128 291 8502
976 0 7 14 80
1112 0 5 4 15
1145 0 1 5 5
1271 0 13 15 151
1460 17 6 8 36
833 19 4 3 10
1042 27 2 2 2
1184 26 1 1 1
968 33 4 8 22
1021 34 11 27 142
1158 34 4 5 15
612 36 1 1 1
643 41 4 7 18
1170 41 2 3 5
583 44 7 12 57
1043 48 5 7 27
705 54 1 1 1
1588 56 5 4 8
1228 60 11 12 56
1569 63 2 4 8
936 64 4 10 29
628 74 7 8 35
1195 75 3 6 14
1219 74 6 8 36
1396 75 6 5 18
1528 75 1 1 1
749 76 6 8 36
987 80 4 7 23
1680 81 7 8 31
932 83 9 18 83
1184 83 2 4 7
739 85 5 7 25
848 84 1 3 3
1104 88 4 6 19
606 92 5 4 12
643 96 3 3 7
966 96 3 6 13
1069 97 4 4 14
1229 96 18 44 417
1012 102 1 1 1
1613 103 9 8 45
1681 103 8 4 17
1011 105 1 2 2
613 107 4 4 10
932 107 4 9 30
707 113 2 3 5
1185 115 2 3 4
674 121 3 2 5
1070 121 3 3 6
1175 124 7 9 55
794 131 1 1 1
137 132 1 1 1
140 133 3 1 3
1201 132 3 3 6
999 138 1 1 1
1068 139 6 13 59
1212 141 3 4 10
740 143 4 5 12
774 143 5 8 29
990 142 5 7 30
1230 145 3 5 11
1183 147 16 14 104
1298 147 6 4 18
1497 147 4 8 23
959 148 3 3 6
1262 148 7 15 73
1351 149 1 2 2
1156 150 1 2 2
1239 154 8 16 61
1036 165 1 1 1
923 166 1 1 1
926 167 6 3 9
962 166 4 6 17
1001 168 2 1 2
1455 173 6 7 31
1618 173 8 9 47
1015 183 1 2 2
1185 185 11 6 18
1312 185 7 6 25
1231 189 11 40 207
956 191 1 1 1
1671 191 10 7 39
1421 192 4 5 15
1070 197 8 14 76
1173 198 2 4 5
756 201 1 2 2
780 207 5 7 26
1625 208 10 4 23
710 211 13 11 56
934 210 6 23 77
1019 212 11 8 58
1131 212 5 3 13
670 218 6 7 32
1147 222 2 2 4
1440 222 11 12 97
729 225 4 5 15
1184 225 2 3 5
969 228 13 7 43
1657 229 3 6 15
1260 232 5 16 60
1187 235 3 7 18
926 237 5 12 49
985 238 8 18 102
1129 242 2 3 6
1450 243 1 1 1
1027 244 4 2 7
1169 245 13 31 193
1160 248 3 3 9
1224 250 6 7 40
937 253 5 16 50
950 252 2 1 2
1424 252 8 14 80
782 260 1 1 1
786 261 2 1 2
1770 261 15 16 181
790 262 3 1 3
1058 264 4 5 17
1644 265 17 41 393
725 268 3 5 10
704 275 4 3 7
1185 276 2 3 5
1200 279 3 3 5
1359 278 16 15 145
1017 281 4 12 31
925 289 1 1 1
929 290 2 1 2
931 294 1 1 1
1180 294 3 4 9
1288 296 5 4 13
1254 301 14 16 71
905 302 3 6 15
1772 309 7 7 40
879 316 3 3 8
1182 316 6 15 67
845 318 1 2 2
1480 319 9 6 33
698 324 2 2 3
1597 325 4 9 22
656 327 5 7 25
873 327 1 1 1
922 334 4 6 17
443 341 7 7 36
1085 340 6 10 39
1005 342 3 2 4
1494 342 7 6 27
949 349 9 12 68
1132 350 6 5 22
819 352 2 1 2
914 361 1 1 1
920 363 10 18 84
770 364 11 17 114
1151 364 4 2 5
873 368 1 1 1
742 370 4 4 13
1404 370 8 12 77
644 378 5 7 21
867 380 3 1 3
689 382 4 3 8
786 386 1 1 1
788 387 1 1 1
1399 387 3 2 4
1581 387 7 11 48
1141 397 5 5 18
894 399 4 12 32
852 401 42 37 270
400 404 1 1 1
402 405 2 2 3
672 407 4 5 14
972 407 2 8 10
1073 412 6 7 23
772 415 2 3 6
1193 415 16 10 94
974 416 8 7 25
698 419 3 2 4
1570 422 4 6 21
788 430 5 21 64
882 433 1 12 12
855 434 8 7 28
917 435 1 1 1
1164 436 13 12 62
908 442 1 1 1
1384 443 1 1 1
881 447 1 1 1
1346 447 1 2 2
1660 447 1 4 4
830 448 4 8 18
893 449 1 1 1
877 452 2 2 4
895 453 1 1 1
1414 453 1 2 2
833 455 36 40 636
940 455 3 5 10
1567 454 6 8 38
1662 454 3 5 12
778 461 1 1 1
957 463 3 3 7
787 465 1 1 1
1433 464 6 8 23
1589 464 1 1 1
1715 468 1 1 1
814 470 3 6 13
1612 470 10 8 61
876 472 1 1 1
1116 472 5 10 29
897 475 3 3 7
886 479 1 1 1
729 480 4 6 19
1105 483 2 2 3
398 486 5 5 15
871 490 3 3 6
941 490 1 2 2
961 492 2 7 13
1097 493 7 19 46
1030 495 3 3 7
882 498 4 1 4
1202 501 2 5 6
1371 501 7 8 39
1076 510 3 3 6
853 512 31 24 261
948 516 5 9 35
1109 519 9 16 77
798 524 2 3 5
647 530 3 2 4
1132 530 4 4 10
1175 533 4 7 22
946 535 3 2 6
1379 537 2 2 3
1325 538 4 4 11
1153 541 6 8 33
907 543 1 1 1
918 543 3 4 8
1057 542 2 2 4
834 548 3 2 4
949 557 4 13 25
1027 556 1 1 1
680 558 4 4 9
825 559 3 1 3
1006 558 5 11 34
1402 564 3 5 10
1088 567 5 4 20
800 569 27 10 58
1541 569 5 2 10
940 572 1 2 2
725 577 4 7 19
910 578 3 4 10
1053 580 2 4 6
1130 586 9 21 84
943 593 2 5 8
1154 593 3 2 5
1273 592 2 3 4
1756 594 6 6 31
432 596 4 4 9
451 598 2 2 2
264 600 26 23 369
918 603 9 16 85
722 605 4 4 12
707 612 1 1 1
1315 612 6 6 21
1013 614 1 2 2
1544 615 10 19 144
783 617 10 30 75
897 618 2 3 5
762 623 14 22 84
828 622 3 4 7
1287 622 6 6 22
710 627 28 77 597
808 626 11 18 140
251 629 1 1 1
1387 628 7 5 18
1148 634 1 2 2
1717 635 1 1 1
771 640 45 52 753
843 640 4 3 12
930 641 4 7 19
1133 641 4 8 28
1337 643 1 2 2
919 649 1 4 4
1138 649 4 4 13
1307 648 7 9 50
983 650 1 1 1
1042 655 3 7 12
761 659 1 2 2
1101 658 4 6 14
280 660 7 4 25
994 660 2 4 8
748 663 13 29 164
886 671 5 6 27
919 670 1 1 1
913 675 6 9 34
191 678 1 1 1
1121 679 1 2 2
784 680 1 1 1
1100 687 5 9 37
768 692 1 2 2
968 692 3 1 3
1043 692 3 4 6
752 694 3 9 9
936 695 1 1 1
1160 695 5 2 8
274 696 9 8 64
911 696 1 1 1
901 697 18 53 146
967 697 1 2 2
1074 701 5 4 12
715 702 1 1 1
738 703 12 22 69
1241 703 2 1 2
722 706 4 4 16
774 711 5 6 21
972 712 3 2 6
699 715 18 18 146
946 720 1 1 1
645 723 4 5 12
767 722 1 1 1
952 724 1 2 2
725 726 1 1 1
733 727 4 4 5
1520 727 2 4 6
273 732 16 8 116
697 733 1 1 1
809 741 2 3 5
716 743 6 4 7
747 743 9 11 47
762 742 1 1 1
770 745 6 18 71
1186 745 5 3 14
802 746 1 1 1
937 746 1 1 1
711 748 4 3 4
817 748 1 1 1
805 749 37 40 630
370 753 2 1 2
707 753 2 1 2
1132 753 7 12 60
699 754 7 5 10
1326 757 1 1 1
696 759 1 1 1
736 759 2 2 2
714 763 22 19 106
419 767 1 2 2
433 767 1 1 1
699 767 12 7 24
895 767 4 9 22
864 768 2 2 3
768 773 2 3 4
665 782 6 8 33
690 783 3 4 10
713 783 1 1 1
595 787 5 10 37
990 787 3 7 15
954 790 3 9 14
1100 790 6 9 40
803 803 13 9 36
951 812 2 2 4
1042 828 2 2 3
1134 830 1 1 1
499 840 4 5 16
989 840 1 1 1
1052 843 2 2 2
777 848 1 2 2
775 854 1 1 1
799 856 2 2 4
967 859 2 6 9
808 863 7 11 35
1052 866 1 1 1
1000 871 5 3 9
1041 873 1 1 1
998 874 1 1 1
1109 876 3 2 4
886 878 3 2 6
1099 878 1 1 1
838 880 2 1 2
859 882 29 19 280
998 884 2 7 8
805 891 2 3 6
1048 890 1 1 1
348 900 4 3 7
762 900 11 6 32
826 903 3 2 4
720 905 1 1 1
1094 905 3 2 3
1104 908 1 1 1
934 911 4 4 14
1073 910 6 5 12
1184 910 5 2 5
1064 915 1 1 1
1087 916 2 3 5
1045 919 2 1 2
839 922 5 7 14
1082 922 4 3 12
1053 925 28 11 157
1110 932 4 4 14
1050 934 2 2 2
1083 934 3 3 7
851 936 1 1 1
891 936 3 4 9
1043 936 5 3 5
365 938 5 4 13
852 938 24 23 144
1040 939 2 2 2
1064 949 8 6 14
753 956 35 48 1011
1017 957 5 11 34
1058 957 2 2 2
1036 960 19 10 45
904 965 6 8 37
1032 971 2 2 2
984 973 2 3 6
936 976 2 2 4
570 979 646 213 44388
805 978 1 1 1
887 978 1 1 1
869 986 1 1 1
581 995 2 1 2
563 999 1 1 1
1814 999 3 2 5
565 1001 2 2 2
909 1001 1 1 1
957 1001 1 1 1
1808 1001 4 1 4
796 1002 1 1 1
568 1004 1 1 1
896 1009 1 1 1
896 1017 20 27 185
786 1018 3 4 9
509 1022 6 2 9
918 1046 1 1 1
873 1055 3 2 5
569 1066 3 3 5
1141 1073 1 2 2
1143 1075 1 1 1
1354 1079 1 1 1
1358 1084 4 2 5
1252 1094 2 1 2
1385 1094 1 1 1
1631 1113 1 1 1
660 1126 2 2 3
1132 1127 5 8 26
913 1141 6 6 35
1331 1160 1 1 1
7 1170 2 1 2
1158 1171 1 1 1
1377 1176 1 1 1
1257 1187 8 4 15
360 1225 2 3 5
