0 0 1840 1228 2124058
126 0 21 24 364
415 0 10 7 63
662 0 22 52 618
927 0 15 27 287
1109 0 11 22 155
1316 0 11 13 113
1340 0 2 1 2
1533 0 2 1 2
1004 6 9 20 134
1396 6 9 13 84
429 8 9 10 69
1181 8 12 33 199
1441 12 6 5 22
255 14 18 36 467
979 18 6 7 37
1336 21 1 1 1
1471 23 9 11 57
964 24 10 37 211
1127 24 11 23 206
540 31 7 10 56
1393 30 4 6 18
472 32 42 55 1258
606 35 9 17 131
993 36 6 10 45
1372 36 9 3 17
1630 38 7 6 21
368 41 24 45 486
718 41 9 10 67
1477 47 2 4 6
696 50 10 16 140
792 51 9 20 155
1150 52 25 44 708
1323 53 5 8 27
1579 55 13 15 133
1391 57 1 1 1
1644 57 75 100 3394
435 58 12 20 196
574 60 9 9 59
1278 61 3 2 4
1780 64 48 76 2116
707 66 15 61 616
989 67 5 6 22
1534 67 8 5 26
238 73 1 3 3
1341 75 10 11 78
247 76 24 71 1064
237 78 1 3 3
1316 83 3 3 7
1077 84 2 6 10
1422 85 3 3 7
503 87 1 1 1
551 86 1 1 1
1378 86 5 7 28
552 89 1 1 1
365 94 19 35 507
1257 95 13 10 81
984 97 6 10 51
333 99 13 15 141
1128 99 28 48 548
584 105 10 19 161
1467 105 13 17 154
664 109 23 43 641
1098 115 5 6 24
734 117 16 23 265
1401 120 3 3 4
1296 122 1 1 1
492 125 8 22 74
1538 125 53 116 2193
1514 128 11 11 82
696 134 9 30 209
521 136 7 6 27
1287 136 9 21 107
1394 136 3 5 10
1487 136 9 11 78
964 138 28 35 273
1358 142 7 10 53
1827 147 13 19 192
840 152 2 1 2
909 157 12 30 304
1248 156 24 53 635
1220 158 13 18 175
532 161 11 16 103
740 161 10 22 172
988 161 7 11 63
1134 164 8 14 78
814 171 9 16 120
1494 172 9 13 59
598 176 23 22 246
403 183 7 8 41
422 184 7 5 28
1298 185 5 9 36
1360 184 6 3 11
656 186 13 32 314
962 187 5 6 21
786 192 10 19 146
20 194 2 2 4
973 195 6 2 9
816 201 1 1 1
1356 200 28 46 329
614 202 1 1 1
1121 202 12 25 158
1426 203 3 2 3
232 206 7 6 27
1446 209 2 3 5
697 216 1 1 1
695 216 59 97 1731
934 217 13 42 399
997 217 6 12 59
1430 217 35 39 704
540 218 6 10 43
1263 219 15 20 148
1069 226 11 20 120
441 228 6 8 33
560 230 10 29 242
751 231 7 14 69
1620 231 41 36 800
1135 233 6 24 72
592 237 1 1 1
1226 236 5 6 21
1683 239 15 8 78
664 243 9 18 128
1524 243 11 12 91
1813 243 27 94 1449
1160 245 20 48 542
544 246 6 17 59
1477 246 28 58 1048
407 248 11 16 141
1100 251 6 6 26
379 253 11 11 75
992 252 6 10 43
447 255 8 25 176
500 255 2 1 2
1239 256 9 10 68
1299 256 7 7 36
220 258 16 31 392
314 259 14 27 322
599 263 2 2 2
1099 263 1 1 1
426 264 11 23 167
763 265 11 33 224
973 267 20 39 348
819 268 2 1 2
1366 268 13 6 37
1104 270 15 27 235
1134 271 1 1 1
1384 273 1 1 1
1573 273 30 45 827
557 277 7 7 32
536 278 5 4 16
1225 279 9 28 126
1437 278 14 9 85
1078 281 11 31 133
573 282 8 12 66
598 282 8 10 60
1242 282 15 27 118
1763 283 20 19 286
1360 284 3 4 9
650 288 12 23 218
1000 292 12 8 43
790 294 9 11 72
1341 294 12 18 117
1322 296 4 6 17
426 299 1 1 1
1059 299 1 1 1
1123 300 5 13 54
269 305 20 45 635
342 305 33 36 535
536 304 6 6 25
1371 309 5 4 16
699 310 1 1 1
818 310 8 10 65
1178 310 1 1 1
1285 310 4 4 10
1739 311 19 21 266
1360 313 4 5 14
1395 312 3 1 3
1408 315 25 40 626
666 317 1 1 1
698 316 20 29 357
994 316 5 7 31
643 318 11 40 296
832 319 1 1 1
726 323 8 14 80
1382 322 1 1 1
561 325 1 1 1
1099 326 1 1 1
821 329 3 1 3
989 329 2 1 2
1101 329 1 1 1
1188 329 3 2 5
1348 331 8 9 37
1123 332 3 4 10
1143 333 14 12 58
588 335 2 1 2
809 335 4 17 23
1064 335 2 3 5
445 337 1 1 1
1155 336 27 78 1098
441 338 2 2 2
493 339 8 7 28
568 339 7 8 34
1092 338 22 36 332
821 340 2 2 2
828 341 21 19 126
854 343 1 2 2
1339 343 4 2 8
1458 342 39 34 642
1575 342 1 1 1
799 347 1 1 1
921 348 1 1 1
933 349 5 4 13
791 351 1 1 1
801 350 1 2 2
1035 350 1 1 1
1192 350 1 1 1
1260 351 5 8 30
608 352 3 1 3
681 353 1 1 1
1324 353 7 12 53
451 354 8 7 39
860 354 2 1 2
1239 354 3 10 15
1358 354 6 12 38
1364 355 31 73 1241
821 357 4 5 8
1270 357 6 8 33
922 359 1 1 1
411 360 6 9 37
581 360 17 26 202
283 362 1 1 1
772 362 28 37 422
1809 363 10 5 41
528 364 1 1 1
1739 365 28 30 587
684 366 2 1 2
878 366 1 1 1
985 367 1 2 2
1835 366 5 24 73
688 369 1 1 1
873 369 1 2 2
418 371 1 1 1
472 370 2 2 3
843 371 3 3 5
933 370 5 8 33
523 372 3 1 3
551 373 2 2 4
1278 373 26 51 414
1320 372 4 8 23
608 376 7 17 60
631 377 13 17 135
812 377 1 2 2
848 377 32 38 390
414 379 7 14 80
668 378 2 1 2
880 379 1 1 1
1051 379 5 11 37
824 380 1 1 1
835 381 3 2 4
874 381 2 3 3
1262 380 5 8 34
732 382 3 1 3
1104 382 1 1 1
476 384 2 2 2
522 387 5 3 10
670 387 1 1 1
762 388 1 1 1
872 389 20 13 63
1310 389 4 3 7
554 391 7 10 57
970 390 5 6 17
1127 393 129 92 2251
1472 392 6 2 9
439 395 10 17 130
800 394 1 1 1
718 396 21 24 260
818 396 3 8 13
597 399 2 2 3
837 398 3 1 3
523 400 6 11 44
589 401 1 1 1
830 401 1 3 3
1013 400 5 9 35
1263 400 2 2 3
487 402 1 1 1
692 402 11 21 169
840 402 4 3 11
634 405 4 2 5
651 404 1 1 1
653 405 3 1 3
889 405 1 2 2
1070 405 3 3 7
1119 405 5 7 14
317 407 1 1 1
798 406 31 30 291
1307 406 4 3 6
658 409 1 1 1
754 408 6 15 50
783 408 1 1 1
1092 408 1 1 1
771 411 1 1 1
952 413 2 1 2
606 414 1 1 1
839 414 1 2 2
851 414 1 2 2
888 417 1 1 1
972 416 20 32 196
788 418 2 2 2
873 419 9 3 11
1078 419 28 38 561
1339 419 10 9 44
643 420 2 1 2
1056 420 4 3 10
7 423 1 1 1
615 422 1 2 2
820 422 17 18 78
1077 422 2 2 4
1275 422 9 10 62
533 424 2 1 2
635 425 1 1 1
708 424 14 23 115
1292 424 2 1 2
1304 425 3 2 4
616 427 2 5 6
850 427 10 6 19
1321 426 1 1 1
905 428 10 14 100
1266 428 1 1 1
733 430 7 12 66
784 430 1 1 1
884 431 3 2 4
1253 431 3 3 8
1331 431 12 11 32
1437 431 6 6 23
1702 431 26 18 194
667 432 6 6 19
869 432 1 1 1
795 434 1 1 1
956 434 2 1 2
1059 435 2 1 2
412 436 5 7 23
817 437 1 1 1
1023 437 1 1 1
260 439 12 18 174
537 439 1 1 1
780 438 1 1 1
792 439 1 1 1
963 439 3 3 9
1155 439 10 18 113
1818 439 22 26 486
788 441 3 2 6
877 441 1 2 2
1367 440 4 7 23
536 443 1 1 1
1029 442 5 7 28
1578 443 3 1 3
1655 443 1 1 1
576 445 1 1 1
801 445 1 8 8
856 444 1 2 2
922 444 1 1 1
1447 445 9 10 61
775 447 3 1 3
837 447 1 1 1
1265 447 10 10 70
462 451 8 13 68
488 450 5 4 15
852 451 1 1 1
1780 451 29 43 697
783 452 5 2 10
939 453 1 1 1
1365 452 1 1 1
1698 453 43 66 1604
1318 454 1 1 1
795 457 1 1 1
848 456 4 6 19
777 459 1 1 1
914 461 13 19 107
886 463 5 9 15
1417 463 1 1 1
734 464 1 1 1
982 464 6 6 14
1214 464 11 9 52
1252 464 1 1 1
1263 464 1 1 1
237 466 10 6 57
271 466 1 1 1
857 466 1 1 1
836 469 2 2 2
1446 469 37 56 998
235 473 1 1 1
449 472 20 13 138
1144 474 2 2 3
1426 474 9 15 94
268 477 12 13 109
806 476 1 1 1
994 476 1 1 1
1246 477 4 4 15
624 479 7 9 39
693 479 1 1 1
788 479 13 14 94
1826 479 2 1 2
382 481 1 1 1
849 485 1 1 1
1144 484 17 38 290
1499 485 1 1 1
503 487 8 25 118
814 487 10 29 191
883 487 1 1 1
936 487 3 6 14
1498 487 1 1 1
1040 488 7 7 13
1191 488 1 1 1
1210 489 24 29 318
1624 489 12 15 83
1738 488 26 38 466
1110 491 1 1 1
1169 491 4 5 15
742 492 1 1 1
1260 492 23 31 270
1318 493 8 9 34
774 495 7 18 102
1121 495 6 6 21
1395 494 1 1 1
1803 494 1 1 1
1256 496 7 8 28
882 498 10 27 217
948 499 10 10 73
383 502 1 1 1
796 502 2 2 2
1785 505 1 1 1
1626 506 1 1 1
273 509 16 24 297
356 508 13 19 178
441 509 8 5 18
688 508 21 29 439
968 508 10 10 48
803 511 1 1 1
1609 511 3 2 4
1827 511 13 43 374
990 513 3 2 4
1090 512 3 2 4
1356 512 2 2 3
651 515 1 1 1
525 517 1 1 1
791 516 11 13 94
1127 516 1 1 1
1286 517 16 13 87
1380 516 26 34 243
546 519 1 1 1
569 518 19 30 315
1118 518 6 9 42
1161 518 4 10 26
548 520 3 2 6
744 521 8 15 102
717 523 10 23 145
1073 525 1 1 1
458 527 7 6 28
1078 527 8 17 67
1594 526 7 4 17
1613 527 30 62 831
413 528 1 1 1
1666 529 15 12 123
816 530 110 90 3448
999 530 1 1 1
1182 530 3 2 3
1204 531 11 24 150
1251 530 1 1 1
791 533 1 1 1
1317 535 37 34 755
304 537 12 11 97
1304 537 1 3 3
1437 537 1 1 1
523 538 17 12 75
626 539 12 16 137
989 538 3 3 6
1014 539 3 4 7
1148 538 3 3 6
1095 540 2 2 4
681 543 5 11 41
469 544 7 4 19
928 545 1 1 1
1411 545 16 17 126
1159 546 1 1 1
1273 547 3 4 8
1727 546 2 1 2
1768 546 1 1 1
10 549 1 1 1
1071 549 1 2 2
1169 549 11 8 18
1007 551 1 1 1
1130 550 11 4 17
1284 550 1 1 1
543 552 18 30 161
1670 552 3 3 3
1747 552 5 3 9
107 554 1 1 1
338 554 11 12 97
506 555 1 1 1
971 555 1 1 1
1676 555 2 2 2
1213 556 6 10 37
521 559 11 4 21
1244 559 2 3 4
1711 558 1 1 1
970 560 1 3 3
1137 561 2 4 8
1159 561 1 1 1
1179 560 2 2 4
618 563 4 4 11
725 563 11 21 103
1035 562 3 4 9
1086 562 3 6 16
1650 563 15 22 223
1780 562 1 1 1
278 564 22 21 209
763 565 1 5 5
973 565 5 2 6
1804 565 19 17 222
934 567 4 3 9
1063 567 1 1 1
1149 566 8 3 23
1181 566 3 1 3
1474 566 1 1 1
536 568 1 1 1
1147 569 1 1 1
412 571 1 1 1
767 570 1 1 1
1008 570 3 1 3
1375 571 2 1 2
1687 571 1 1 1
603 573 1 1 1
727 572 24 32 180
1134 573 3 4 11
1254 573 2 2 4
209 575 1 1 1
899 574 3 1 3
1198 574 2 1 2
1286 577 64 68 1775
516 580 2 1 2
604 581 1 1 1
1050 581 3 3 6
1140 581 5 7 24
1224 581 10 8 50
1258 581 19 19 121
1372 580 1 1 1
1420 581 7 8 37
1455 581 2 1 2
766 583 9 16 58
1007 583 3 5 11
1745 583 3 2 6
338 584 4 2 5
416 585 7 6 28
488 585 6 5 23
1461 584 9 16 69
1605 584 3 1 3
980 587 3 6 16
1409 587 1 1 1
525 588 4 4 9
1088 589 4 4 10
446 591 8 21 126
471 590 1 1 1
503 590 4 2 6
805 590 4 8 29
1245 591 2 5 6
1610 591 2 2 3
30 593 1 1 1
1119 593 4 5 17
1737 593 1 1 1
580 594 1 1 1
1219 594 3 4 9
665 597 1 1 1
1009 596 3 2 4
957 599 3 3 6
1116 598 34 40 465
1393 598 3 2 4
467 601 1 1 1
1701 601 9 7 45
347 603 3 2 3
530 603 1 1 1
1087 602 4 8 19
1222 603 7 14 84
1404 603 1 1 1
1575 603 2 1 2
1777 603 3 1 3
465 604 1 1 1
1062 604 9 6 29
1508 604 3 2 3
489 606 2 2 3
1200 606 3 4 6
35 608 2 1 2
744 608 1 1 1
1040 608 1 1 1
1512 608 32 38 604
1661 608 14 15 120
475 610 6 6 32
1007 611 1 1 1
1412 610 3 2 4
510 612 1 1 1
967 612 3 4 12
1044 613 1 1 1
287 614 11 18 129
774 615 1 2 2
1092 614 1 1 1
1188 614 6 18 43
1776 614 3 2 4
869 617 2 5 6
193 618 1 1 1
971 619 7 12 58
1217 618 5 8 39
1276 619 2 3 4
12 620 2 2 3
1019 621 1 1 1
1433 621 2 2 2
1481 620 2 2 4
1576 620 38 33 480
789 622 2 4 7
1090 623 4 2 5
1559 623 1 1 1
1774 622 1 1 1
314 625 2 2 4
884 624 7 15 87
689 626 6 10 47
942 627 14 8 38
1216 627 1 1 1
446 628 3 2 5
1023 628 1 1 1
1043 628 5 8 26
1210 629 1 1 1
1213 628 1 1 1
1803 628 4 3 4
1819 629 2 2 2
484 631 7 7 24
608 630 12 5 24
1097 631 11 16 83
307 633 1 1 1
1458 633 2 2 3
821 635 10 16 78
1236 635 6 5 23
540 636 7 4 14
1646 636 4 2 5
1834 636 6 2 6
580 638 4 5 13
790 638 13 35 293
1152 638 20 19 135
502 641 1 1 1
979 641 5 8 27
1035 641 2 3 6
1122 641 1 1 1
1663 641 2 1 2
1685 641 2 1 2
363 643 1 1 1
933 643 3 3 6
1288 642 1 1 1
1731 643 40 51 644
1216 645 18 10 99
1252 645 16 14 133
1357 644 2 2 4
1379 644 7 4 23
1823 647 3 2 5
443 649 1 1 1
521 649 4 3 10
1293 649 1 1 1
290 651 1 2 2
472 651 1 1 1
1043 651 2 1 2
1446 651 4 3 6
707 653 13 21 166
850 653 5 17 72
1076 652 51 69 825
1589 653 15 15 69
372 654 12 15 125
506 655 4 2 7
529 655 1 1 1
546 654 4 5 14
1142 654 1 1 1
1320 654 7 4 15
743 657 4 18 33
1011 656 6 6 23
1059 657 2 2 3
1466 657 2 1 2
908 658 3 4 10
1206 658 4 7 24
1242 658 1 1 1
542 661 1 1 1
1033 660 5 4 10
1185 661 1 1 1
1272 660 8 10 53
1362 660 1 1 1
351 663 6 4 14
560 662 2 1 2
663 662 5 4 14
948 662 4 6 18
1170 663 2 1 2
638 664 8 15 81
1062 665 6 5 12
1366 665 8 11 62
71 667 2 2 2
472 667 1 1 1
811 667 5 6 22
1077 666 3 4 9
1154 666 1 1 1
273 669 1 1 1
534 668 1 1 1
966 669 2 3 6
1144 669 2 2 2
298 671 8 8 29
539 671 4 3 9
596 671 12 14 120
940 671 3 3 7
1016 670 3 4 10
1519 671 31 30 496
1693 670 1 1 1
1181 672 3 3 7
1197 673 4 4 12
1237 672 1 1 1
1280 673 1 1 1
1559 673 11 9 55
1695 673 1 1 1
448 675 5 4 15
522 675 2 1 2
549 674 1 1 1
1337 675 6 2 7
1818 675 6 4 9
49 677 1 1 1
727 676 8 20 121
1035 677 2 4 7
1189 677 2 1 2
1725 676 1 1 1
501 678 1 1 1
1232 678 11 22 79
1353 679 1 1 1
826 681 4 7 24
984 680 1 1 1
1059 681 1 1 1
1077 681 1 2 2
1419 680 1 1 1
645 682 1 1 1
1381 683 4 7 19
616 685 6 9 35
789 685 5 6 27
1446 684 1 1 1
174 687 1 1 1
426 687 12 12 104
962 686 2 1 2
1117 686 2 1 2
1185 686 3 1 3
1292 686 1 1 1
1345 686 7 7 18
538 688 15 13 104
998 689 10 9 33
1371 688 1 1 1
1657 689 1 1 1
1831 689 2 2 2
306 690 4 3 10
554 690 1 1 1
1049 691 1 1 1
1443 690 2 2 4
1127 694 16 21 148
1269 695 1 1 1
1469 694 1 1 1
901 697 4 5 18
95 698 1 1 1
1033 699 1 1 1
1426 699 4 3 4
1494 699 1 1 1
1838 698 2 1 2
292 700 15 12 99
511 700 5 4 8
652 700 4 4 12
1178 701 2 2 2
1197 700 6 9 22
1254 700 1 1 1
40 702 2 2 3
448 703 16 47 161
1232 703 5 11 37
1408 702 2 2 3
211 704 1 1 1
1411 704 3 2 5
1749 704 1 1 1
1797 705 43 49 1227
672 707 2 2 4
718 707 8 12 71
905 707 3 4 12
1064 707 2 3 5
1106 707 6 7 14
1371 707 1 1 1
1399 706 1 1 1
1684 707 19 20 214
521 709 1 1 1
941 708 2 3 6
1189 709 1 1 1
1305 709 3 3 7
419 711 1 1 1
593 711 12 6 48
665 710 1 1 1
744 710 6 13 45
629 711 428 228 29450
1732 710 1 1 1
492 713 5 8 35
533 713 4 6 12
1146 712 2 3 4
1146 715 23 26 334
1266 714 15 13 77
912 716 2 3 6
941 717 6 11 46
1737 716 28 51 606
433 718 1 1 1
584 718 5 5 20
1218 719 3 4 10
1516 718 3 2 4
1566 718 1 1 1
1623 721 1 1 1
420 723 8 9 57
1117 722 20 9 84
1193 722 1 1 1
1364 722 6 14 54
1396 723 2 2 2
997 725 5 5 24
1385 724 1 2 2
302 726 13 13 106
1066 726 25 41 308
1175 726 14 12 31
1338 727 1 1 1
1427 727 1 2 2
1479 726 1 1 1
1502 727 1 1 1
903 728 12 7 36
1495 729 2 2 4
1512 729 2 3 4
1626 728 20 29 335
1738 728 1 1 1
1221 731 2 1 2
1414 731 2 3 3
336 733 3 2 4
432 732 1 1 1
660 733 4 14 47
808 732 15 20 159
951 732 1 1 1
1506 732 4 3 9
974 735 2 3 5
1104 735 1 1 1
1339 735 2 1 2
1091 737 3 2 5
1207 737 6 2 7
1239 736 5 3 8
1686 736 1 1 1
357 739 1 1 1
598 740 4 4 9
674 741 1 1 1
927 741 2 3 5
1129 741 3 4 10
1215 741 1 1 1
1693 740 40 70 1199
198 743 1 1 1
760 742 6 10 47
983 743 1 1 1
994 743 2 3 5
1117 742 2 2 4
1200 742 1 1 1
1254 743 2 2 3
1357 742 7 4 20
1429 743 2 1 2
780 745 6 9 47
919 744 3 3 7
1270 745 1 1 1
1273 744 1 1 1
309 746 9 11 52
340 747 1 1 1
372 746 2 1 2
1595 747 1 1 1
1780 747 2 1 2
577 749 5 4 17
957 749 5 3 9
1143 749 18 7 56
1500 748 1 1 1
1584 748 9 7 54
1834 749 1 1 1
872 750 2 3 6
1137 751 2 2 4
1564 751 16 32 210
372 753 10 14 96
740 752 6 8 39
1058 753 3 2 3
1212 752 1 1 1
1215 753 1 2 2
1287 752 1 1 1
1474 753 5 2 6
1612 752 1 1 1
401 754 11 15 110
1817 754 3 1 3
937 756 4 5 14
1289 756 2 1 2
1544 757 2 1 2
456 758 4 2 6
1383 759 2 2 2
1485 758 3 2 5
1654 759 21 21 215
512 760 4 6 16
762 760 5 11 42
810 761 2 4 7
1106 761 6 3 9
1207 760 14 16 58
336 763 12 12 98
472 763 6 3 13
1626 762 6 8 18
1132 764 13 33 200
1269 764 7 3 10
1313 765 1 1 1
1387 764 1 1 1
534 766 1 1 1
1056 766 4 2 4
1115 767 11 6 30
1233 766 3 3 8
949 768 3 4 11
1241 769 7 5 29
5 770 1 1 1
462 770 1 4 4
544 771 5 3 11
1075 770 1 1 1
1363 771 1 1 1
1645 771 2 1 2
575 773 1 3 3
1099 773 2 2 3
1172 773 35 56 372
1284 773 12 12 59
1332 773 20 19 106
1475 773 2 2 3
380 774 1 1 1
937 775 3 4 10
956 775 1 1 1
1082 775 4 5 14
1398 775 1 1 1
94 776 1 1 1
529 776 3 2 3
802 776 12 8 68
1389 776 1 1 1
1400 776 4 1 4
1764 777 1 1 1
118 779 1 1 1
408 778 1 1 1
481 779 1 1 1
1167 779 1 1 1
1682 778 11 9 73
1532 780 3 2 4
1590 781 1 1 1
1750 781 5 2 8
1072 782 1 1 1
1091 783 1 1 1
1265 782 1 1 1
1412 782 1 1 1
1422 783 1 1 1
915 785 1 1 1
1076 784 1 1 1
1218 785 12 13 93
1415 785 3 4 9
1448 784 3 4 7
130 787 3 3 5
388 787 1 1 1
1105 787 7 11 29
1432 787 1 1 1
203 788 1 1 1
434 788 1 1 1
1802 789 4 1 4
1837 788 3 1 3
426 790 2 1 2
1378 791 3 3 7
572 793 6 6 26
1433 793 2 1 2
1639 792 1 1 1
1761 792 2 1 2
189 794 2 2 4
358 794 1 1 1
523 794 1 1 1
1200 795 2 2 2
1269 795 1 1 1
1651 795 2 2 3
468 797 3 2 4
790 796 6 11 53
887 797 2 1 2
936 797 1 2 2
1373 797 3 5 7
1484 797 27 36 481
1541 796 3 1 3
1617 797 15 13 119
1642 797 2 1 2
446 799 1 1 1
956 798 3 4 10
1171 798 1 2 2
571 801 1 1 1
804 801 10 7 47
1094 800 5 5 14
1153 801 2 2 3
1311 801 2 1 2
1798 801 1 1 1
192 802 2 3 4
5 805 1 1 1
105 804 2 1 2
326 805 2 2 3
502 805 2 3 5
1044 805 4 6 19
1202 805 4 2 5
1573 805 3 1 3
402 807 3 2 4
460 806 6 4 22
1216 806 24 46 523
581 809 1 1 1
1156 809 2 10 11
1283 809 7 3 8
1522 809 1 1 1
1197 811 1 2 2
155 812 1 1 1
266 812 1 1 1
1091 812 11 7 19
1397 813 1 1 1
1637 812 27 37 390
864 814 5 5 13
1062 815 2 1 2
1129 815 1 1 1
1065 816 2 3 6
1207 816 1 1 1
1310 817 2 2 3
1551 816 1 1 1
311 818 1 1 1
624 819 1 1 1
1535 818 1 1 1
1074 820 6 4 19
1312 820 1 1 1
148 823 6 2 6
439 822 5 4 14
593 822 4 7 22
925 823 2 2 4
1069 822 70 38 929
1137 823 3 4 8
1149 822 3 2 5
1161 823 3 3 8
1278 822 1 1 1
460 825 1 2 2
353 827 1 1 1
377 826 1 1 1
847 827 2 3 5
1453 827 5 3 11
1606 826 20 23 220
401 828 2 1 2
411 828 17 16 139
1441 828 5 5 16
533 830 1 1 1
1266 830 5 3 11
1166 833 6 5 27
246 834 2 2 4
280 835 4 2 5
295 834 1 1 1
1047 834 1 4 4
1254 834 1 1 1
1394 835 1 1 1
503 836 5 3 11
1325 837 1 1 1
1357 837 4 2 5
344 838 2 1 2
1068 838 1 1 1
1165 839 1 1 1
1190 838 13 25 202
1311 839 1 1 1
396 840 5 5 8
481 840 1 1 1
890 840 6 10 35
1364 840 1 1 1
376 842 2 5 5
555 842 1 1 1
561 843 5 7 31
573 842 2 1 2
1365 842 1 1 1
1538 843 11 7 53
575 845 4 6 22
1275 845 30 33 282
1457 845 1 1 1
432 846 2 1 2
904 847 2 2 4
1179 847 1 1 1
1408 847 1 2 2
1519 846 1 1 1
1577 847 12 22 142
181 848 2 1 2
1034 849 1 1 1
1327 849 1 1 1
1566 848 7 6 31
453 851 1 1 1
464 850 1 4 4
1250 851 6 5 20
320 853 2 1 2
434 853 1 1 1
1057 852 1 1 1
1398 853 1 1 1
1439 853 1 2 2
1782 852 1 1 1
524 854 3 4 9
1143 854 1 1 1
50 857 1 1 1
371 857 1 1 1
392 856 2 2 2
1031 856 1 1 1
1050 856 1 2 2
1435 857 1 1 1
1462 856 4 3 8
1504 856 1 1 1
1600 857 5 2 8
33 859 1 1 1
631 858 1 1 1
1046 859 1 1 1
1100 859 7 3 15
1235 859 1 1 1
1492 858 6 4 15
420 860 35 30 201
1385 860 2 1 2
478 863 2 2 4
1145 862 1 1 1
1243 863 21 18 82
1511 862 2 1 2
1656 862 3 2 5
1721 862 1 1 1
1077 865 2 8 9
1526 864 16 15 78
1606 865 10 18 72
99 866 3 3 5
562 867 1 1 1
1375 866 3 3 6
1501 866 3 3 8
312 868 32 14 184
1170 868 5 4 14
1222 868 4 2 7
1401 869 3 3 4
1442 869 16 23 243
1689 868 1 1 1
1763 869 1 1 1
546 870 1 1 1
1103 870 1 2 2
1693 870 1 1 1
212 872 1 2 2
646 872 1 1 1
1048 872 7 11 38
1073 873 1 2 2
1181 872 1 2 2
220 875 3 2 4
1119 875 8 8 54
1276 875 1 2 2
139 876 1 2 2
536 876 4 2 6
1100 876 1 1 1
1021 878 1 1 1
1507 878 2 2 2
1399 881 1 1 1
1159 882 10 5 31
1401 882 1 1 1
1427 882 3 2 3
1509 883 2 2 3
1091 885 10 10 36
1206 884 5 3 9
1586 885 2 2 3
522 886 1 1 1
1128 886 3 1 3
1151 887 4 3 9
1313 886 1 1 1
1677 886 26 19 346
248 889 1 1 1
556 888 1 1 1
581 889 6 7 28
1042 888 2 1 2
1186 889 3 3 8
1382 888 3 6 14
1555 889 26 44 516
448 890 10 10 59
515 890 4 2 5
1070 890 11 18 75
1331 891 2 4 5
1413 891 4 4 9
1014 893 1 1 1
1191 892 1 1 1
1211 893 9 2 18
1478 893 1 1 1
1606 893 1 1 1
304 895 2 2 3
1117 895 28 43 236
1288 894 6 5 19
1491 894 2 1 2
1527 894 17 5 33
1609 894 1 1 1
171 896 1 1 1
311 897 3 2 4
1103 896 1 1 1
1206 897 3 2 5
1378 897 1 1 1
1459 897 1 1 1
433 898 1 1 1
707 899 1 1 1
772 899 3 5 13
791 898 11 13 68
1030 898 1 1 1
1255 898 1 1 1
1373 899 1 1 1
619 900 1 2 2
1043 901 3 3 7
1153 901 6 7 32
1165 900 1 1 1
1276 901 3 1 3
338 903 2 1 2
1352 902 23 19 201
1497 902 12 12 85
417 904 1 1 1
1104 904 7 17 70
1408 905 1 2 2
1486 904 1 1 1
420 906 1 1 1
738 907 3 5 13
1009 906 1 3 3
1217 907 33 22 212
446 908 4 3 9
616 908 2 2 2
1314 908 25 32 286
1449 909 1 1 1
149 911 2 2 2
344 911 1 1 1
432 911 2 2 3
645 911 1 1 1
1055 910 1 1 1
1718 910 2 2 3
1773 911 1 1 1
396 912 3 2 5
464 913 1 2 2
1090 912 1 1 1
1187 913 13 20 155
1209 912 1 1 1
1517 912 2 2 3
439 914 1 1 1
662 915 2 2 3
731 914 2 10 12
1697 915 1 1 1
403 916 1 1 1
542 917 2 3 5
1047 917 1 4 4
1457 916 1 1 1
1586 916 1 1 1
607 918 4 5 14
711 919 4 4 14
1376 918 1 1 1
1459 919 1 1 1
293 920 2 1 2
1027 921 2 2 4
1389 920 1 1 1
1053 923 1 2 2
1162 922 2 2 2
1254 922 17 16 119
1702 923 14 14 136
465 924 9 5 20
550 924 1 1 1
715 924 7 8 20
1059 924 7 14 67
1285 924 2 1 2
1377 925 1 1 1
802 929 16 4 26
1015 928 2 1 2
1126 928 26 32 286
1161 928 1 1 1
1280 929 2 2 4
1745 929 3 2 5
510 931 4 3 6
914 930 1 2 2
1084 930 8 2 10
1226 930 8 7 43
1353 930 10 5 23
1688 930 5 3 8
118 932 1 1 1
667 932 1 1 1
729 933 4 4 14
773 933 13 10 45
1048 933 1 2 2
1082 932 1 1 1
1386 933 7 1 7
90 934 1 1 1
131 934 2 1 2
289 935 1 1 1
901 935 3 6 16
426 937 1 1 1
685 936 1 1 1
1042 936 1 1 1
1196 936 2 3 4
1207 937 4 4 10
701 938 4 3 8
752 938 5 6 26
1029 939 8 2 16
1167 939 3 4 8
1481 938 1 2 2
446 941 14 7 41
670 941 5 6 15
891 941 2 5 7
1232 940 26 30 242
1497 940 1 1 1
1536 940 12 11 92
76 942 2 2 3
377 943 1 1 1
719 942 10 18 107
820 942 1 1 1
1016 942 1 2 2
1115 943 3 5 8
1215 942 6 8 34
1283 943 13 18 138
1308 943 2 2 3
1431 942 25 12 135
164 945 1 1 1
741 944 1 1 1
864 944 1 1 1
1002 944 1 2 2
1341 945 16 24 274
364 946 1 1 1
1070 947 1 1 1
1312 946 2 2 3
1517 947 3 5 6
419 948 8 9 37
1093 949 3 2 4
1113 948 1 1 1
826 950 2 4 8
847 951 1 1 1
1758 951 18 22 188
93 953 9 7 30
626 952 5 2 6
909 953 2 2 4
1378 952 4 5 9
387 955 1 1 1
402 955 2 1 2
927 954 2 1 2
1431 954 1 1 1
1630 954 1 1 1
260 957 1 1 1
704 957 6 7 30
742 957 6 9 41
929 956 1 1 1
1071 956 1 1 1
1108 956 1 1 1
1172 957 15 24 143
1202 957 2 2 3
957 958 1 1 1
980 959 1 2 2
1096 959 4 6 19
1319 958 6 6 18
170 960 1 1 1
267 961 2 2 3
358 961 7 11 26
519 961 9 26 149
975 961 1 1 1
74 963 6 5 16
483 962 1 1 1
1049 962 1 1 1
1212 963 10 13 93
1487 963 1 1 1
595 964 2 1 2
1068 965 1 1 1
1102 964 13 18 114
1159 965 1 1 1
1305 964 1 1 1
1371 965 1 2 2
1585 965 18 16 78
1089 966 2 1 2
1253 966 2 2 3
1273 967 1 1 1
324 969 7 8 42
476 969 1 2 2
1001 968 1 2 2
1020 969 28 14 133
1071 969 1 1 1
1445 968 1 1 1
1625 968 11 7 60
105 970 1 1 1
1460 971 8 13 59
420 973 15 18 117
765 973 5 21 42
1125 973 1 1 1
1259 972 9 7 15
1366 972 1 1 1
337 974 14 20 153
666 975 2 2 3
1009 975 1 1 1
1058 975 1 2 2
1381 974 1 3 3
80 977 2 2 3
551 977 2 1 2
922 977 1 1 1
1126 977 1 2 2
1329 977 4 2 5
456 978 4 4 11
1193 979 1 1 1
1442 978 3 3 6
1195 980 2 6 8
1243 981 2 1 2
1534 981 12 24 127
1610 981 1 1 1
375 982 2 3 6
1164 982 3 2 5
1207 983 3 3 5
1415 983 27 18 172
1562 983 1 1 1
719 985 5 9 34
1140 985 4 5 18
1266 984 3 2 3
1350 984 13 7 45
1386 984 1 1 1
826 986 2 1 2
982 986 12 22 75
1459 987 1 2 2
1580 987 8 10 33
1692 987 15 12 115
327 988 1 1 1
646 988 1 1 1
682 988 1 1 1
780 989 1 1 1
1005 988 33 42 358
1115 988 1 1 1
1167 989 2 5 5
1775 989 2 2 3
320 991 3 4 5
411 990 4 5 14
777 990 1 1 1
72 993 1 1 1
365 992 4 5 13
250 995 2 1 2
444 995 1 1 1
590 995 1 1 1
1057 994 1 1 1
1134 994 1 1 1
1250 994 1 1 1
1379 995 1 1 1
1645 995 5 7 20
50 996 1 1 1
288 997 1 1 1
459 997 4 5 10
1068 996 1 3 3
1740 996 1 1 1
1748 996 11 8 54
290 998 2 1 2
433 998 1 1 1
446 999 13 28 126
310 1001 3 1 3
384 1000 3 2 4
680 1000 1 1 1
775 1000 1 1 1
871 1000 1 1 1
1105 1001 2 2 4
1239 1000 1 1 1
1506 1000 7 16 51
68 1002 1 1 1
996 1003 1 1 1
828 1004 2 5 7
864 1005 1 3 3
1094 1004 7 19 31
1242 1005 1 1 1
1547 1005 1 1 1
1595 1007 4 1 4
885 1009 1 2 2
1287 1008 1 1 1
1419 1009 8 6 29
1601 1009 2 7 8
1309 1011 17 22 219
1112 1013 5 17 37
1133 1013 2 4 7
1195 1013 1 1 1
1392 1013 5 7 23
266 1014 1 1 1
268 1015 3 4 7
285 1014 1 1 1
311 1014 1 1 1
551 1014 1 2 2
1238 1014 1 1 1
981 1017 9 8 41
1129 1017 1 1 1
1263 1017 2 1 2
1484 1017 1 1 1
683 1018 16 23 232
830 1018 2 2 3
893 1019 3 5 7
800 1020 4 12 15
944 1020 1 1 1
1068 1020 1 1 1
1156 1021 1 1 1
1280 1021 2 3 6
511 1022 1 2 2
557 1023 1 1 1
716 1023 8 4 21
827 1022 2 6 11
1051 1023 1 2 2
1101 1023 1 2 2
1196 1022 1 1 1
1210 1022 15 16 38
1239 1023 2 1 2
1722 1022 1 2 2
1739 1022 2 1 2
1805 1023 1 1 1
224 1025 2 1 2
441 1025 3 2 4
465 1025 2 2 4
539 1024 5 3 7
559 1024 1 1 1
605 1024 1 1 1
1531 1024 1 1 1
1613 1024 2 1 2
349 1027 15 16 107
1498 1027 1 1 1
343 1028 1 2 2
1067 1029 1 2 2
1241 1029 3 2 6
1273 1029 5 7 17
1567 1029 1 1 1
747 1030 6 22 45
998 1031 1 1 1
1335 1030 2 1 2
44 1033 1 1 1
296 1032 2 1 2
328 1032 6 2 9
660 1033 5 22 68
967 1032 1 1 1
290 1035 2 1 2
599 1034 2 4 5
136 1036 4 4 12
435 1037 1 1 1
515 1036 2 3 3
952 1037 2 2 2
980 1037 1 1 1
1042 1037 5 6 23
1118 1037 1 1 1
1482 1036 8 8 41
340 1038 2 1 2
644 1038 2 2 3
851 1039 1 1 1
1177 1038 1 1 1
1282 1039 1 1 1
1610 1038 10 7 49
233 1040 2 1 2
531 1040 3 2 4
865 1040 1 2 2
937 1041 1 1 1
955 1040 1 1 1
1030 1040 1 1 1
1257 1041 1 1 1
1442 1041 7 5 17
1695 1041 4 3 8
882 1043 1 2 2
1359 1043 1 1 1
1499 1042 13 20 152
1815 1043 8 4 12
226 1045 3 1 3
361 1045 6 8 34
423 1045 16 9 71
879 1045 1 1 1
1060 1044 4 2 7
510 1046 2 2 3
726 1047 2 2 3
1088 1046 1 1 1
1360 1046 1 1 1
1462 1046 1 1 1
804 1048 1 2 2
862 1048 1 1 1
1053 1049 6 4 13
1171 1049 12 17 74
1262 1049 1 1 1
1554 1048 5 5 17
160 1051 2 2 2
1350 1051 1 2 2
1362 1050 1 1 1
1824 1050 1 1 1
223 1052 1 1 1
533 1052 4 6 17
859 1052 2 1 2
1019 1053 5 9 35
1086 1053 1 1 1
1120 1052 16 32 158
547 1054 1 1 1
677 1055 1 1 1
936 1055 1 1 1
1043 1054 1 1 1
1318 1054 1 1 1
1378 1054 2 4 5
253 1057 1 1 1
374 1056 4 5 10
409 1057 1 1 1
765 1056 1 1 1
971 1057 1 1 1
1239 1056 7 4 24
1310 1056 1 1 1
1330 1057 1 1 1
71 1058 4 4 7
156 1059 3 3 4
277 1058 1 2 2
441 1059 3 3 9
633 1058 3 3 6
658 1059 2 3 6
911 1058 2 9 10
957 1059 11 11 56
987 1058 14 16 117
346 1060 1 1 1
788 1060 1 1 1
882 1061 1 2 2
1060 1061 10 20 109
1291 1060 2 2 2
1385 1061 3 11 14
1490 1061 1 2 2
256 1063 2 2 3
343 1062 3 2 3
530 1063 1 1 1
540 1062 3 3 7
682 1063 2 4 8
1346 1063 1 1 1
32 1064 3 4 11
333 1064 1 1 1
444 1064 7 8 36
561 1065 3 3 4
630 1064 1 1 1
1087 1065 19 24 97
1208 1064 1 2 2
1566 1067 1 1 1
1596 1066 6 7 34
1614 1066 22 17 184
379 1068 1 1 1
602 1068 1 1 1
1222 1069 15 21 161
1470 1069 13 10 71
1487 1069 1 1 1
1797 1068 21 12 153
11 1070 3 2 5
38 1071 6 3 14
611 1070 1 1 1
8 1073 1 1 1
694 1073 1 1 1
1145 1073 1 4 4
1171 1073 1 1 1
1197 1073 1 1 1
1304 1072 2 1 2
647 1074 12 5 38
934 1074 1 1 1
1078 1075 2 4 8
1391 1074 18 32 256
1537 1074 23 14 179
1592 1074 1 1 1
312 1078 1 1 1
370 1079 1 1 1
533 1079 1 1 1
679 1079 1 1 1
971 1079 2 1 2
1168 1079 1 1 1
1191 1079 1 1 1
1208 1079 6 10 43
1418 1078 19 14 125
727 1081 2 2 4
999 1080 1 2 2
1705 1080 1 1 1
55 1082 2 2 3
198 1082 3 3 6
884 1083 1 1 1
400 1085 3 3 4
506 1085 2 2 2
630 1084 11 13 67
683 1085 3 4 12
934 1085 1 2 2
205 1087 1 1 1
246 1087 1 1 1
422 1086 5 3 8
695 1086 2 2 4
1167 1086 1 1 1
1447 1086 1 1 1
1479 1087 3 3 4
1563 1087 1 2 2
32 1089 2 2 2
547 1089 2 1 2
1186 1089 1 1 1
1468 1089 1 1 1
451 1090 1 1 1
533 1091 5 9 40
1112 1091 27 26 222
1309 1091 1 1 1
1327 1091 4 3 6
1531 1091 1 1 1
88 1092 1 1 1
115 1092 5 3 11
608 1093 1 1 1
1188 1092 5 7 17
1441 1092 1 1 1
1483 1092 2 8 14
16 1094 1 1 1
85 1095 2 1 2
659 1095 31 15 135
872 1095 2 5 8
126 1097 3 6 17
136 1096 1 1 1
303 1096 1 1 1
403 1097 2 1 2
992 1096 1 1 1
1069 1096 1 1 1
1091 1096 4 5 16
1157 1097 2 2 3
1274 1096 1 1 1
1333 1097 13 9 51
259 1098 1 1 1
375 1098 1 1 1
1050 1099 1 1 1
1204 1098 1 1 1
1550 1098 1 1 1
38 1100 1 1 1
575 1100 2 1 2
778 1101 1 4 4
869 1101 1 4 4
1420 1100 1 1 1
1667 1100 4 6 16
1089 1103 2 1 2
1200 1103 2 2 4
1222 1103 1 1 1
120 1105 6 11 24
446 1104 2 3 5
1161 1105 1 1 1
1717 1105 7 7 21
1034 1107 3 6 10
1214 1107 1 2 2
1661 1107 3 3 7
215 1109 1 1 1
483 1109 3 1 3
718 1108 7 13 42
800 1109 2 2 2
1329 1108 1 1 1
369 1111 4 2 6
1524 1111 1 1 1
349 1112 1 1 1
516 1113 1 1 1
535 1112 1 1 1
602 1113 1 1 1
642 1112 4 3 7
1067 1112 1 3 3
1259 1113 12 10 56
1807 1112 6 4 20
610 1114 1 1 1
872 1114 2 2 3
944 1114 2 3 4
1055 1114 5 7 16
1080 1115 3 4 11
1112 1115 1 1 1
1751 1114 1 1 1
100 1116 1 3 3
311 1116 1 1 1
388 1116 23 12 120
1038 1117 1 1 1
1369 1116 1 1 1
1813 1117 6 4 15
291 1119 1 1 1
355 1119 1 1 1
1197 1119 1 1 1
1354 1119 4 10 28
1688 1118 1 1 1
636 1121 4 11 21
1078 1121 1 1 1
1182 1121 2 3 4
1201 1121 5 4 15
1371 1120 1 1 1
1472 1120 3 2 5
262 1122 1 1 1
558 1122 4 9 27
577 1122 1 1 1
1032 1122 1 3 3
1339 1123 6 6 32
220 1124 1 1 1
373 1124 1 1 1
1468 1124 2 2 4
254 1127 1 1 1
440 1126 1 1 1
460 1127 7 10 46
719 1127 2 2 3
1119 1127 1 1 1
1419 1126 17 16 96
583 1128 2 2 3
649 1128 4 6 10
1348 1129 4 6 9
1498 1129 2 2 3
1577 1129 1 1 1
207 1131 3 2 4
377 1130 2 2 4
1481 1130 1 1 1
1706 1131 1 1 1
576 1132 1 2 2
1213 1133 7 7 30
429 1135 4 3 10
494 1134 1 1 1
563 1135 4 8 16
707 1135 2 2 4
784 1135 1 2 2
1053 1135 1 1 1
1131 1135 1 1 1
1333 1134 2 1 2
1463 1134 5 6 13
1526 1134 26 8 68
1775 1134 2 2 2
677 1136 1 1 1
887 1137 2 2 4
923 1136 1 1 1
437 1139 3 7 15
476 1139 7 8 43
495 1138 1 1 1
764 1139 1 2 2
1148 1138 1 1 1
1150 1139 7 8 31
1405 1138 7 7 31
350 1141 1 1 1
395 1140 1 1 1
944 1140 2 1 2
603 1142 2 2 2
714 1142 1 1 1
836 1142 1 1 1
905 1143 2 1 2
1202 1142 1 2 2
1290 1143 3 3 6
1511 1142 10 4 26
1656 1142 1 1 1
379 1144 2 4 6
582 1144 1 1 1
659 1144 1 1 1
680 1145 2 4 7
1639 1144 3 8 9
1729 1145 7 8 40
1776 1145 1 2 2
1789 1145 4 4 9
538 1147 1 1 1
918 1146 1 4 4
1319 1147 3 3 7
1449 1146 13 13 64
408 1149 1 1 1
771 1148 1 4 4
951 1149 4 4 11
989 1149 3 7 11
1187 1148 1 1 1
1560 1148 1 1 1
88 1150 1 1 1
573 1150 1 1 1
1209 1150 1 1 1
1374 1151 1 1 1
423 1152 1 1 1
1038 1153 1 1 1
1066 1152 8 6 37
259 1155 5 3 9
607 1155 4 5 12
1303 1155 1 1 1
1422 1154 1 1 1
659 1157 6 11 40
1003 1156 1 1 1
1521 1156 1 1 1
173 1158 1 2 2
472 1158 5 14 33
876 1159 1 1 1
1054 1159 7 6 27
1177 1159 1 2 2
1251 1159 1 1 1
1289 1158 6 11 24
1485 1158 15 14 111
1636 1159 4 6 13
980 1161 1 1 1
1470 1160 2 1 2
27 1163 1 1 1
768 1163 1 3 3
815 1163 8 8 36
1394 1163 1 1 1
1747 1162 5 2 5
1187 1165 1 1 1
1392 1164 1 1 1
1539 1165 1 1 1
47 1167 1 1 1
497 1166 9 4 19
871 1167 1 1 1
1175 1166 2 1 2
1763 1167 1 1 1
187 1169 1 1 1
415 1168 4 3 4
529 1168 1 1 1
698 1168 1 1 1
1561 1169 1 1 1
1016 1171 18 6 38
14 1173 2 1 2
440 1173 2 3 3
992 1173 5 8 31
1130 1172 2 3 5
1518 1172 10 11 54
464 1174 1 2 2
568 1175 4 4 12
692 1174 2 3 6
1495 1174 1 1 1
366 1176 1 1 1
615 1177 2 3 4
1225 1177 2 5 6
1643 1176 1 1 1
1079 1178 10 10 19
1137 1179 7 7 33
464 1180 7 7 19
487 1181 1 1 1
640 1181 2 2 2
1070 1181 1 1 1
1324 1181 2 2 2
1334 1181 8 3 11
1435 1181 5 7 18
54 1182 1 1 1
974 1183 4 12 41
1298 1183 2 1 2
1389 1182 3 3 5
546 1185 4 5 12
663 1184 1 1 1
1650 1184 12 3 13
93 1186 5 6 13
432 1186 10 15 112
1532 1187 8 12 26
1663 1187 1 1 1
343 1188 6 7 32
450 1188 2 1 2
484 1189 1 1 1
1250 1188 1 1 1
1482 1189 6 5 17
224 1191 1 1 1
894 1190 1 1 1
1066 1190 1 3 3
1113 1190 5 7 22
1307 1190 6 8 13
324 1192 5 3 7
358 1192 6 3 12
579 1193 2 1 2
1687 1193 4 2 5
322 1195 1 2 2
966 1195 1 1 1
513 1197 1 1 1
419 1199 1 1 1
515 1198 1 1 1
1378 1198 1 1 1
662 1200 5 4 12
829 1201 1 1 1
851 1201 1 1 1
1566 1200 5 9 39
715 1203 2 2 3
919 1203 1 2 2
1075 1202 1 1 1
1164 1202 8 5 15
1322 1203 1 1 1
181 1204 2 2 3
370 1204 3 3 7
632 1205 2 2 2
831 1204 1 1 1
1111 1204 1 2 2
1355 1204 12 24 108
891 1206 1 1 1
1059 1206 1 1 1
1101 1206 1 1 1
1149 1207 1 1 1
944 1209 1 1 1
1046 1208 10 3 12
1082 1209 2 9 13
1672 1208 1 1 1
25 1210 1 1 1
73 1211 3 2 4
139 1210 2 2 2
1025 1211 1 1 1
1572 1210 3 2 4
137 1213 2 2 2
189 1212 7 5 9
339 1212 1 1 1
378 1213 3 1 3
442 1212 7 16 39
926 1213 6 6 28
1265 1212 2 1 2
1491 1212 7 6 26
1454 1214 4 5 17
577 1217 1 1 1
695 1216 2 2 2
867 1217 1 2 2
1228 1216 5 3 10
1263 1216 1 1 1
1382 1217 1 1 1
892 1218 2 2 3
977 1219 2 1 2
1065 1219 1 1 1
1174 1218 2 1 2
1442 1219 1 2 2
1047 1221 6 7 29
1090 1220 10 8 29
1335 1221 10 7 57
532 1222 13 6 27
1068 1223 3 5 14
180 1224 4 4 7
282 1225 6 3 14
417 1225 8 3 10
936 1224 1 4 4
993 1224 10 4 21
1288 1224 9 4 35
1452 1225 1 3 3
753 1227 1 1 1
1194 1227 1 1 1
1216 1227 1 1 1
1246 1226 1 2 2
1727 1227 6 1 6
