0 0 1840 1228 2102785
50 0 20 31 458
469 0 21 19 295
503 0 12 8 80
541 0 12 13 124
565 0 8 10 61
602 0 15 23 257
748 0 9 7 48
974 0 12 19 122
1028 0 6 12 66
1108 0 6 7 37
1132 0 27 59 1140
1214 0 18 37 519
1472 0 7 1 7
1776 0 46 27 930
793 11 7 16 90
1283 14 15 34 355
1065 18 14 3 30
1096 22 28 33 575
988 27 4 6 18
216 32 20 25 347
1313 38 7 5 28
925 48 3 1 3
1170 48 11 22 184
804 50 7 10 53
1116 52 9 30 171
1286 57 4 2 7
1028 58 5 17 65
432 61 14 28 274
778 61 7 9 37
841 61 9 25 200
1013 67 4 6 18
963 68 6 14 64
676 70 7 11 54
1072 74 3 2 4
1090 74 5 7 21
1171 78 27 34 672
743 83 7 14 75
63 86 25 30 557
935 88 7 8 48
529 91 74 102 3782
945 91 21 23 230
1015 91 18 17 135
1837 94 3 16 38
1442 98 27 52 906
917 102 4 6 18
1154 103 11 21 141
902 105 4 6 16
1044 104 6 9 38
737 106 4 6 15
1084 110 2 2 3
1316 111 21 25 334
435 112 12 19 170
1341 112 1 2 2
1774 113 66 87 3193
1665 116 118 143 5875
959 118 18 41 436
1085 119 36 74 1206
1033 120 5 8 32
712 125 9 23 163
1497 127 43 67 1991
791 130 6 9 42
1637 131 21 32 473
83 133 8 7 27
839 135 6 7 32
460 137 1 1 1
432 142 14 73 736
768 147 6 9 41
1009 153 9 15 105
100 154 29 55 997
1140 154 54 136 2704
671 159 20 45 730
930 165 22 41 388
750 168 12 12 105
815 168 3 4 10
278 171 23 39 562
529 170 1 1 1
898 170 5 11 37
1040 175 7 8 21
1418 176 36 60 1196
727 180 5 5 16
1645 183 11 12 94
520 186 19 46 578
957 190 2 2 3
600 193 20 50 690
1032 193 3 8 14
1446 194 38 63 1355
44 196 11 9 71
1227 201 15 30 317
573 204 10 15 105
1834 205 6 1 6
703 210 7 8 42
661 212 7 8 44
1745 217 1 1 1
1086 218 1 1 1
1753 219 37 54 1243
943 220 3 2 5
1055 220 7 6 30
1598 220 21 27 376
984 225 20 37 387
909 227 18 40 348
1212 230 10 15 109
1292 233 21 43 495
1667 232 1 2 2
1530 234 19 27 363
673 236 8 8 42
1099 238 4 6 16
1245 241 9 15 104
632 245 21 51 814
953 247 4 7 22
1017 246 4 5 16
541 249 15 29 315
1111 248 8 7 39
67 251 27 36 682
706 251 5 7 20
1029 251 9 4 25
739 253 21 57 885
315 256 21 39 592
237 258 39 117 2410
1039 258 4 6 21
208 261 19 25 323
941 261 6 15 68
876 262 17 9 51
1122 262 21 24 277
420 265 11 15 83
999 265 3 4 9
564 266 8 8 49
960 269 4 11 33
1053 268 5 12 48
1015 270 13 7 41
911 272 12 12 34
812 274 12 29 158
294 276 15 20 179
836 276 5 8 26
511 284 26 125 1676
580 284 15 11 68
1075 284 27 95 1257
225 287 2 5 10
935 286 4 5 14
1233 289 13 16 141
1349 288 25 59 892
193 293 3 1 3
844 292 2 4 8
965 292 35 53 818
1483 293 8 11 54
154 295 24 30 471
569 294 3 3 5
1599 299 50 60 1327
1115 305 3 2 4
1218 305 7 8 41
331 306 1 1 1
557 306 12 22 188
1233 309 1 1 1
653 310 7 8 42
721 311 7 8 44
864 311 1 1 1
836 313 6 7 28
1109 317 8 11 70
230 318 3 2 3
855 318 1 1 1
1028 319 3 5 6
1786 319 37 42 977
1017 329 9 7 40
1261 333 19 40 448
768 334 13 25 179
1242 334 4 2 7
394 341 11 13 68
622 342 1 1 1
454 346 18 29 356
814 349 1 1 1
1646 349 26 40 558
82 350 18 13 116
1539 350 10 9 25
970 353 3 3 5
1053 353 8 10 49
641 356 1 1 1
1459 357 9 10 63
1014 358 4 3 9
802 361 2 4 4
442 362 2 1 2
609 363 9 10 67
423 365 8 13 61
869 367 5 6 14
795 368 5 15 43
935 368 3 6 13
1325 368 32 73 1466
1538 371 2 1 2
1822 372 2 1 2
883 375 10 17 107
63 377 3 8 10
941 379 1 1 1
1612 381 2 2 2
1720 381 33 45 531
739 383 9 23 132
162 387 18 22 296
662 386 1 1 1
988 387 27 54 839
7 388 24 27 422
819 388 13 17 172
342 391 24 36 457
778 390 1 3 3
962 390 3 2 3
1128 391 15 32 375
67 393 13 14 87
552 392 24 48 451
712 392 3 4 12
724 392 4 4 8
939 392 7 7 25
1027 393 39 84 1052
384 394 7 14 35
1529 394 16 27 233
1626 395 1 1 1
470 397 1 1 1
590 396 1 1 1
704 397 5 19 89
849 397 1 1 1
1609 397 16 27 246
871 399 12 18 154
760 400 1 1 1
1073 400 1 1 1
784 402 1 1 1
792 405 27 36 252
1212 405 1 1 1
1679 405 36 27 432
1767 404 50 32 775
764 407 1 1 1
850 406 7 10 37
1069 406 3 5 12
751 409 1 1 1
968 408 3 7 20
477 410 3 1 3
755 414 7 10 51
829 415 1 1 1
1407 415 1 1 1
770 417 1 1 1
1072 416 3 3 6
1285 416 1 1 1
964 419 1 1 1
1587 419 4 3 11
1597 418 1 1 1
528 420 9 1 9
1569 420 2 1 2
495 423 17 25 294
465 424 1 1 1
661 424 15 34 299
823 425 5 4 17
1381 424 2 1 2
161 427 3 1 3
778 426 1 1 1
870 427 1 1 1
885 426 16 23 217
108 429 19 22 303
242 429 16 17 204
364 428 11 10 73
933 428 2 2 3
685 430 1 1 1
1586 431 1 1 1
468 433 1 2 2
831 432 3 5 13
968 434 3 6 16
1201 435 1 2 2
1167 437 12 16 101
1373 439 3 2 6
296 440 3 1 3
1010 441 3 3 6
1355 441 1 1 1
1497 441 4 3 8
1667 441 13 17 121
435 443 14 16 121
453 442 1 1 1
989 442 1 1 1
1074 443 42 113 2527
1530 442 33 47 757
830 444 9 5 34
1713 445 22 21 313
1806 444 1 1 1
1814 446 1 1 1
793 450 1 1 1
1257 451 31 55 920
730 452 1 1 1
917 453 3 3 8
456 455 1 1 1
1444 454 1 1 1
169 456 1 1 1
391 457 1 2 2
736 457 1 2 2
982 456 31 70 720
1686 457 17 17 189
462 459 1 1 1
502 460 3 1 3
847 461 4 5 19
142 463 2 1 2
314 462 1 1 1
514 462 16 23 239
603 463 8 12 70
540 465 8 7 29
874 465 1 1 1
1183 465 6 6 15
180 467 14 13 104
868 467 5 6 24
1456 466 1 1 1
284 468 10 10 67
439 468 1 1 1
942 468 2 3 5
1227 468 22 29 352
830 471 1 1 1
248 472 2 3 4
449 472 2 1 2
1457 473 1 1 1
69 474 4 3 7
251 476 1 1 1
812 476 3 6 12
264 478 1 1 1
418 479 2 2 4
440 478 3 2 4
470 479 1 1 1
787 481 1 1 1
799 481 1 1 1
1568 481 76 73 2106
234 484 1 1 1
421 484 1 1 1
693 485 5 11 40
424 487 1 1 1
707 487 22 25 231
1203 487 2 1 2
617 488 1 1 1
969 489 2 5 7
1395 488 1 1 1
1059 490 7 17 69
1448 491 1 1 1
537 492 10 11 68
578 492 15 42 426
1396 493 1 1 1
325 494 1 1 1
658 497 1 1 1
911 499 1 1 1
1025 499 1 1 1
1190 501 2 1 2
1557 500 1 1 1
659 502 1 1 1
751 503 3 1 3
1273 505 2 2 2
447 509 11 6 25
275 511 20 28 373
405 511 9 12 54
651 510 2 1 2
839 510 7 15 57
1007 510 28 40 558
146 514 19 21 285
865 515 2 2 3
1715 515 2 6 8
1779 515 26 29 441
877 518 6 9 44
1070 520 1 3 3
1644 520 17 16 183
244 524 1 1 1
352 525 31 51 934
421 525 13 24 159
675 524 1 1 1
920 525 1 1 1
930 525 1 1 1
1226 524 24 34 465
251 526 19 34 353
497 527 12 15 127
678 526 3 4 8
793 526 21 22 286
1440 527 2 1 2
1454 529 1 1 1
961 530 5 10 32
1138 530 1 1 1
1140 531 3 3 6
987 533 1 1 1
304 534 11 9 67
841 534 4 6 21
696 537 13 6 25
1050 537 2 1 2
1068 536 2 2 3
1331 536 4 3 6
1674 538 25 35 508
1485 540 15 15 141
549 543 9 12 71
992 542 2 4 7
1185 542 3 4 9
1792 544 35 42 952
317 546 42 50 945
1083 547 3 5 11
89 550 1 1 1
591 550 5 7 25
671 552 5 9 32
1289 552 1 1 1
172 554 1 1 1
893 555 1 2 2
170 556 9 13 58
490 556 11 12 115
1001 556 2 1 2
1069 556 1 1 1
1409 557 2 2 3
1642 557 9 12 59
1419 559 51 123 2297
397 561 1 1 1
533 561 9 12 97
782 560 65 43 989
1160 561 4 3 7
1230 561 1 1 1
742 563 4 5 14
874 563 21 39 199
617 565 1 1 1
1065 565 5 15 48
1575 564 20 14 172
851 567 9 37 146
981 566 27 22 238
1716 566 21 14 110
486 568 2 1 2
969 568 3 2 3
1051 568 1 1 1
1620 568 1 1 1
1284 570 3 2 3
1602 572 13 9 74
544 574 11 26 221
1079 574 1 1 1
1202 575 1 1 1
1377 574 2 2 3
944 576 3 4 9
1165 577 4 8 17
1207 577 2 2 3
756 578 19 31 255
153 581 1 1 1
163 581 1 1 1
1053 581 10 12 58
1372 580 2 1 2
1483 583 1 1 1
1500 582 12 15 115
903 584 1 1 1
1023 586 1 1 1
1660 587 32 28 309
286 588 9 16 86
693 589 5 4 12
905 589 2 7 13
1012 589 7 7 43
1353 589 3 4 9
403 590 2 2 3
741 591 1 2 2
962 590 1 1 1
1178 591 6 4 12
722 594 12 10 25
869 594 7 9 15
913 596 2 2 4
1161 596 6 9 41
715 598 2 7 8
1030 599 2 2 3
1541 598 1 1 1
1715 598 22 34 491
310 600 20 30 318
488 600 12 21 187
166 603 1 1 1
170 604 2 1 2
734 605 1 2 2
1290 604 3 2 3
1393 606 7 5 17
1624 606 1 1 1
735 609 1 1 1
760 609 3 3 9
890 608 2 2 4
959 609 7 10 50
994 608 1 2 2
1340 608 3 3 5
1548 609 1 1 1
526 611 12 14 119
633 611 1 1 1
821 611 4 6 18
420 612 7 5 26
551 612 8 11 64
914 612 2 9 17
1111 612 6 8 41
1239 613 2 1 2
873 614 1 1 1
1124 615 24 37 456
1230 614 1 1 1
1420 615 2 1 2
219 616 1 1 1
368 617 3 1 3
1158 616 2 2 3
1280 616 3 1 3
737 618 1 1 1
624 619 426 311 32422
1154 619 1 1 1
1156 618 1 1 1
1110 621 1 1 1
1541 621 3 2 5
1150 623 1 1 1
1287 622 27 47 736
982 624 1 1 1
208 627 17 18 142
1748 626 36 42 616
492 630 14 62 513
671 630 11 15 122
991 630 10 10 26
1342 631 2 1 2
1597 631 11 14 99
1713 633 1 1 1
622 634 1 1 1
1551 635 2 1 2
1085 637 10 14 73
1177 636 5 10 35
361 638 1 1 1
977 640 2 5 9
1516 640 1 1 1
1471 643 1 1 1
1561 642 1 1 1
1832 643 3 3 5
1478 644 5 4 10
710 646 2 3 4
1223 647 1 1 1
1332 646 20 28 285
1605 647 12 11 103
888 648 5 9 38
1506 649 12 19 156
394 650 1 1 1
732 652 3 2 4
937 652 2 2 4
1065 654 15 47 321
619 657 13 22 192
1216 656 1 1 1
1239 657 1 1 1
1646 656 14 11 96
269 658 11 6 34
1033 659 7 8 30
1426 659 1 1 1
356 661 1 1 1
908 660 2 2 4
1430 661 1 1 1
1657 660 46 54 668
1048 663 4 3 6
1151 662 1 1 1
1470 662 1 1 1
1481 663 1 1 1
268 666 1 1 1
533 667 9 14 68
869 670 4 5 17
1386 670 1 1 1
907 672 2 4 6
345 674 2 2 3
548 675 7 9 47
425 677 11 11 97
813 678 3 3 8
700 681 4 6 16
742 680 4 7 23
1132 680 1 1 1
1364 681 1 1 1
1396 681 1 1 1
634 683 1 1 1
1802 683 38 42 897
69 685 15 13 125
277 684 12 12 86
652 684 6 4 15
1144 684 2 1 2
1278 685 15 12 82
402 686 12 12 97
602 687 3 1 3
1318 687 1 2 2
843 688 4 12 26
887 688 1 1 1
1038 688 3 4 6
1086 689 5 5 18
1109 689 1 1 1
730 690 3 4 7
1200 693 1 1 1
333 695 2 1 2
819 694 5 8 25
1493 694 7 7 25
1523 695 29 44 704
32 697 1 1 1
476 696 1 1 1
1308 697 1 1 1
90 699 1 1 1
716 698 4 3 9
1167 699 1 2 2
1234 699 3 2 4
1586 699 5 6 18
144 701 4 3 4
738 702 3 3 7
333 705 1 1 1
585 705 1 1 1
827 705 4 7 22
1181 705 1 1 1
1287 705 1 1 1
504 706 12 28 204
973 706 3 5 10
1178 707 2 1 2
1140 709 6 5 22
1355 709 3 1 3
850 711 4 2 6
1259 711 1 1 1
142 712 1 1 1
1284 715 27 43 738
240 716 14 33 316
409 717 1 1 1
444 717 9 26 130
584 717 1 1 1
900 716 5 5 21
1559 716 1 1 1
1563 717 2 1 2
561 718 9 12 97
658 719 1 1 1
684 719 1 1 1
82 720 8 8 47
161 720 4 3 5
1333 720 13 6 34
420 722 5 3 9
594 722 2 1 2
135 725 2 2 3
887 724 5 5 24
1488 724 9 10 53
290 727 2 2 3
923 727 2 3 4
1035 727 3 6 9
1049 726 2 3 3
1021 728 1 1 1
1101 729 5 2 6
1324 728 4 2 5
1805 728 1 1 1
550 730 8 9 57
858 731 2 4 8
874 730 5 5 20
921 731 1 2 2
1587 730 16 17 199
1794 730 9 9 48
906 732 5 6 25
1076 732 1 1 1
1172 737 20 25 213
1217 736 1 1 1
1228 736 12 21 143
411 741 1 1 1
1212 741 1 1 1
1542 740 24 19 209
1086 744 3 2 4
1372 744 5 2 6
624 746 1 1 1
1039 747 1 1 1
1155 747 1 1 1
1401 746 4 3 6
1466 746 9 10 67
1532 747 1 1 1
770 748 3 4 9
1085 749 1 1 1
1328 749 1 1 1
1347 748 3 2 5
1381 749 2 2 4
605 750 2 2 2
1074 753 2 10 16
931 756 2 2 4
1102 757 16 27 286
1493 756 24 28 461
919 758 1 1 1
1283 758 1 1 1
1389 759 1 1 1
29 760 4 8 29
423 760 7 6 36
570 760 1 2 2
914 760 1 3 3
1392 761 12 4 31
1576 761 11 13 70
121 763 1 1 1
516 762 10 27 185
1599 763 16 30 365
101 764 1 1 1
1286 765 1 1 1
880 766 3 2 4
1167 766 2 1 2
37 769 1 1 1
435 768 1 1 1
1052 768 3 4 8
1408 768 5 4 14
1759 769 23 15 180
1302 771 1 1 1
1541 770 2 1 2
635 772 2 2 3
1279 772 2 2 3
1713 773 22 15 183
310 775 15 19 188
365 775 12 14 103
1067 774 1 1 1
1072 775 3 2 4
1380 775 1 1 1
410 776 7 7 32
1088 777 4 3 10
1167 776 1 1 1
1325 777 1 1 1
1382 776 12 14 123
1148 778 4 2 7
484 781 15 6 26
1062 780 1 2 2
108 782 1 1 1
533 783 10 19 93
1169 782 5 4 17
1354 783 1 1 1
244 785 1 1 1
417 785 7 8 53
1230 785 1 1 1
105 787 2 1 2
378 786 16 17 126
433 787 10 13 105
852 789 4 5 14
1091 788 1 1 1
1193 788 1 1 1
1209 788 5 3 11
1318 789 2 1 2
142 791 13 9 63
1290 790 1 4 4
1727 790 41 42 608
553 792 11 20 150
883 793 3 3 8
1105 793 1 1 1
1124 793 1 1 1
1614 793 21 21 222
1774 793 1 1 1
403 795 1 1 1
580 794 11 15 102
1052 795 1 1 1
1041 797 1 1 1
1435 796 1 1 1
300 798 2 3 4
1169 798 1 1 1
1197 799 1 1 1
1496 799 1 1 1
465 801 1 1 1
1315 801 1 1 1
72 803 2 2 3
443 803 6 4 20
831 802 2 2 4
1149 803 3 1 3
1247 802 1 1 1
1170 805 1 1 1
1249 805 1 1 1
1371 804 25 27 234
266 806 14 23 204
842 806 3 4 11
1488 807 8 8 39
1060 808 2 3 4
1092 809 4 4 10
1260 808 19 21 192
90 810 4 1 4
41 813 5 5 14
1169 812 48 40 740
370 815 6 7 28
1032 815 1 1 1
1682 815 24 27 436
100 816 2 1 2
875 816 2 2 3
1413 816 2 3 4
1629 819 2 2 3
1037 820 1 1 1
1139 821 4 2 7
1093 823 1 1 1
1509 822 44 36 657
831 825 4 10 16
1152 827 1 1 1
1344 827 10 4 15
1101 828 5 3 11
1478 829 1 1 1
453 831 2 3 4
1355 831 3 1 3
1598 830 14 18 111
1142 833 2 1 2
1369 832 2 1 2
1621 832 10 9 59
34 835 1 1 1
220 835 17 21 206
324 835 1 1 1
1092 835 1 1 1
1244 835 7 5 24
1484 835 22 41 405
511 837 12 42 324
560 837 8 8 46
782 836 2 2 3
1263 837 1 1 1
1279 836 1 1 1
1393 836 1 1 1
455 838 9 10 72
1070 838 2 2 2
588 840 7 7 37
1217 841 1 1 1
1302 840 4 10 16
69 842 5 4 14
1585 842 1 1 1
1678 845 2 1 2
29 847 1 1 1
1097 847 6 6 22
1215 847 1 1 1
1043 848 9 22 115
347 851 1 1 1
1273 851 1 1 1
1741 850 6 5 14
31 854 5 1 5
1020 854 1 1 1
1242 854 2 1 2
1683 855 16 15 160
1021 856 8 9 45
1168 857 7 6 22
1246 856 2 1 2
1196 858 19 32 298
1349 859 7 9 47
1361 858 2 1 2
1521 859 9 7 42
1610 858 20 35 360
1132 860 3 4 7
1231 860 1 1 1
1300 861 1 1 1
1442 860 1 1 1
86 862 1 1 1
168 863 14 14 124
343 862 4 1 4
1095 863 1 1 1
1155 863 1 1 1
1278 862 18 24 277
22 864 2 2 3
192 865 2 1 2
1083 864 1 2 2
1258 864 1 1 1
1070 866 9 9 32
1103 866 1 1 1
1260 867 1 1 1
1310 866 1 1 1
96 869 1 1 1
1359 869 5 3 10
565 871 7 8 37
1058 873 2 2 3
1165 873 2 2 3
1673 873 10 7 41
155 874 3 4 9
1049 875 1 2 2
1398 875 18 18 170
1423 874 3 2 4
379 877 1 2 2
1164 877 1 1 1
1471 876 1 1 1
1344 879 4 3 10
1120 881 2 1 2
1268 880 1 1 1
1486 881 4 3 10
55 883 8 13 50
394 882 12 21 199
432 883 1 1 1
499 885 1 1 1
1102 887 6 18 39
1154 888 2 2 2
1354 889 1 1 1
1135 890 11 15 126
1207 890 2 2 3
1277 890 2 2 3
1352 891 1 1 1
1700 891 22 17 222
1425 896 17 23 283
1466 896 4 3 5
22 900 2 1 2
371 900 1 1 1
1196 901 1 1 1
1590 901 11 5 17
318 903 3 1 3
1057 904 1 1 1
1194 905 1 1 1
561 906 13 21 134
1167 907 14 24 193
1336 907 19 44 438
1623 906 7 8 30
412 909 8 8 47
19 911 1 1 1
921 911 16 13 84
1134 912 1 1 1
1381 912 1 1 1
701 914 5 6 23
1061 915 1 1 1
1379 914 1 2 2
1394 915 7 8 41
1558 917 10 14 77
69 919 3 1 3
78 920 2 1 2
504 920 1 1 1
482 924 2 2 4
1134 925 22 17 127
1303 924 16 19 213
296 926 3 3 6
584 926 3 2 4
1205 926 1 1 1
582 928 1 1 1
608 928 9 11 54
815 929 2 1 2
944 928 10 20 161
1072 930 1 1 1
1831 933 1 1 1
469 934 12 5 31
705 935 4 3 6
1089 934 1 1 1
921 936 12 21 56
1327 937 2 1 2
854 938 3 5 11
1636 939 27 30 414
399 941 1 1 1
1006 941 1 1 1
15 943 1 1 1
266 945 1 3 3
462 945 6 6 31
1037 944 5 8 33
1208 945 1 1 1
1714 944 13 16 113
370 947 5 7 21
989 947 1 1 1
1168 947 1 1 1
1378 947 19 30 334
1598 947 11 26 137
241 949 2 3 3
267 949 1 2 2
303 949 1 1 1
1024 948 1 2 2
1322 948 2 3 5
301 950 1 1 1
772 952 3 3 7
273 954 1 1 1
507 954 9 11 69
530 954 1 1 1
1186 954 12 32 191
102 957 7 5 20
482 956 1 1 1
910 956 1 2 2
41 959 1 1 1
319 959 4 4 7
383 958 1 2 2
763 958 1 1 1
837 958 2 2 4
956 958 1 4 4
1027 958 1 1 1
1267 958 1 1 1
244 960 1 2 2
345 960 1 1 1
847 961 9 5 15
822 962 1 1 1
985 963 1 1 1
1078 962 1 1 1
1131 963 8 10 59
1463 963 5 4 11
259 965 8 5 16
770 965 2 3 6
349 966 1 2 2
403 966 3 3 6
574 966 1 2 2
686 967 2 1 2
131 968 1 1 1
958 968 1 2 2
1212 968 6 4 18
1820 969 1 1 1
25 970 2 2 3
967 973 2 1 2
1412 972 1 1 1
1555 972 1 1 1
237 975 1 1 1
1359 975 2 1 2
1415 974 6 7 30
1554 975 1 1 1
1441 976 2 2 3
1780 977 1 1 1
31 978 3 3 9
1024 978 1 2 2
1494 979 1 1 1
402 981 7 9 44
1296 981 3 1 3
350 983 2 2 2
457 983 1 2 2
454 985 1 1 1
1105 984 7 12 66
910 987 5 14 39
1313 986 6 7 32
157 989 4 2 4
652 988 1 1 1
1578 989 1 1 1
1455 991 14 21 179
1663 991 6 3 12
274 992 1 1 1
815 993 1 1 1
1211 993 1 1 1
1379 992 5 10 31
1414 995 14 19 99
961 997 5 6 16
113 998 3 2 5
523 999 20 13 139
1491 999 7 6 22
1035 1001 14 12 64
1101 1002 1 1 1
1521 1003 21 39 312
476 1004 3 3 4
707 1004 4 5 15
1195 1005 1 1 1
1633 1004 22 11 110
493 1006 1 1 1
1171 1007 6 6 35
1373 1006 2 2 4
1444 1007 1 1 1
616 1008 8 8 35
667 1008 5 5 15
1080 1009 2 2 2
1441 1008 1 1 1
903 1012 8 12 77
1157 1013 2 1 2
1183 1013 12 13 86
811 1014 2 2 4
1082 1014 1 2 2
566 1017 1 1 1
712 1017 3 2 3
867 1017 10 16 91
1113 1017 8 19 90
1252 1016 1 1 1
1311 1017 1 1 1
518 1019 11 21 104
598 1018 1 1 1
949 1019 2 2 3
221 1021 1 1 1
242 1020 8 3 15
1204 1021 1 2 2
1275 1020 6 2 7
1283 1022 1 1 1
212 1025 9 8 29
15 1026 2 1 2
463 1027 2 4 5
847 1026 1 3 3
939 1027 11 13 115
1088 1027 1 1 1
1432 1027 9 10 56
1329 1029 4 7 23
1492 1029 7 4 20
645 1031 2 2 3
1396 1030 15 10 126
32 1032 4 2 6
964 1033 25 18 197
923 1034 4 7 20
1278 1035 2 2 3
1197 1037 2 3 4
1296 1037 1 1 1
325 1039 1 1 1
563 1038 4 3 10
1145 1039 7 12 72
1358 1038 2 10 11
1180 1041 10 25 102
1622 1041 3 2 4
611 1044 7 11 40
1126 1044 1 1 1
1618 1045 1 1 1
216 1047 3 2 3
246 1046 16 11 60
562 1046 1 1 1
1370 1047 1 1 1
82 1049 2 2 3
94 1049 5 3 11
207 1048 1 1 1
36 1050 1 1 1
540 1050 5 6 22
713 1053 6 8 33
978 1053 2 2 3
1096 1053 4 6 19
1704 1052 1 1 1
564 1054 9 9 57
839 1055 1 1 1
1383 1054 1 1 1
1465 1055 8 7 33
1624 1054 1 1 1
125 1056 11 3 14
1282 1056 1 1 1
87 1058 2 2 3
965 1059 5 7 26
1402 1058 1 1 1
852 1060 1 1 1
990 1060 1 3 3
1073 1061 4 2 5
1566 1061 2 1 2
401 1062 7 8 41
1480 1063 1 1 1
522 1064 1 1 1
1326 1064 7 12 52
1505 1064 1 1 1
58 1067 1 1 1
61 1069 1 1 1
204 1069 1 1 1
1294 1068 2 1 2
1624 1069 10 11 76
89 1070 16 12 63
1386 1070 1 1 1
153 1073 3 2 4
1305 1072 1 1 1
1543 1073 1 1 1
653 1075 1 1 1
684 1074 17 10 93
201 1077 3 2 5
434 1076 2 3 4
935 1076 7 20 99
1050 1076 1 1 1
1281 1077 14 20 211
1309 1076 12 16 138
1815 1077 1 1 1
785 1080 2 3 4
897 1080 1 1 1
1184 1080 1 1 1
1232 1082 1 2 2
169 1084 3 3 5
360 1085 3 3 6
426 1087 2 2 3
557 1086 1 2 2
1020 1086 6 10 42
38 1088 1 1 1
829 1088 1 2 2
1438 1088 3 3 5
420 1091 2 2 3
964 1090 7 8 49
1505 1090 8 13 63
1542 1090 25 17 160
276 1092 1 1 1
1351 1092 17 19 117
521 1094 1 1 1
594 1095 5 5 15
1183 1095 3 3 6
380 1096 1 1 1
520 1097 1 2 2
357 1099 1 2 2
660 1099 4 3 7
955 1099 7 11 58
1433 1098 1 1 1
119 1101 1 1 1
297 1101 6 13 35
533 1102 1 2 2
1275 1102 1 1 1
1157 1105 6 4 17
1608 1104 16 15 148
911 1107 1 2 2
1319 1106 2 2 4
1756 1106 1 1 1
161 1109 1 1 1
542 1108 2 2 4
592 1109 2 3 4
1077 1109 7 2 7
14 1111 2 3 4
916 1111 11 10 52
383 1113 1 5 5
406 1113 1 1 1
895 1113 1 1 1
525 1114 3 3 5
874 1114 1 2 2
1246 1114 2 2 3
1513 1115 1 1 1
985 1116 1 1 1
1244 1116 1 1 1
1548 1116 9 9 57
322 1119 2 3 5
970 1118 2 1 2
1187 1118 1 2 2
406 1121 5 4 13
491 1121 1 2 2
528 1120 2 2 3
636 1123 2 3 4
1106 1122 9 18 95
1494 1122 1 1 1
347 1124 2 2 3
1031 1125 1 1 1
1449 1125 2 2 4
1403 1127 3 3 7
144 1129 1 1 1
173 1128 1 1 1
183 1129 3 2 4
303 1131 1 1 1
690 1131 1 1 1
1199 1130 1 1 1
1414 1130 7 6 27
162 1132 1 1 1
314 1132 4 4 13
827 1132 1 3 3
948 1133 1 1 1
1511 1132 1 1 1
476 1134 5 5 14
519 1134 2 2 3
739 1135 3 5 13
1221 1134 1 1 1
1488 1134 1 1 1
339 1136 1 1 1
605 1138 1 1 1
288 1140 2 1 2
1472 1141 11 10 87
487 1142 1 1 1
615 1142 1 1 1
44 1144 3 3 7
647 1145 6 12 31
1045 1145 1 1 1
1189 1144 1 1 1
498 1146 2 2 2
25 1149 4 2 6
258 1148 4 2 5
546 1148 1 1 1
31 1151 1 1 1
561 1151 1 1 1
696 1151 1 1 1
744 1151 2 2 2
768 1151 11 7 29
1014 1150 2 1 2
1338 1151 3 4 10
782 1153 1 3 3
941 1152 8 12 81
537 1154 2 5 6
1105 1154 1 1 1
1125 1154 1 1 1
676 1157 1 1 1
910 1156 6 5 18
1130 1157 5 8 25
525 1158 1 1 1
58 1160 3 2 3
409 1161 1 1 1
511 1160 12 16 145
1512 1160 1 1 1
221 1162 5 1 5
747 1162 1 3 3
1210 1163 4 2 6
1604 1164 1 1 1
9 1167 3 3 6
854 1166 8 15 32
1087 1166 8 10 36
172 1169 4 4 7
1409 1168 1 1 1
1522 1168 4 3 7
7 1170 1 1 1
95 1170 1 1 1
255 1173 1 1 1
1388 1172 1 1 1
407 1174 1 1 1
1342 1174 3 3 8
1309 1177 1 1 1
298 1178 2 2 2
552 1178 2 2 3
963 1179 1 1 1
405 1181 1 1 1
1072 1181 1 1 1
69 1183 1 1 1
223 1182 1 1 1
1044 1183 5 5 17
506 1187 1 2 2
628 1186 1 1 1
1172 1186 3 2 5
163 1188 6 6 29
204 1188 1 1 1
331 1188 3 4 6
531 1188 9 18 99
673 1188 2 2 3
432 1190 2 2 3
675 1191 3 3 7
975 1191 3 5 9
1335 1190 1 1 1
661 1192 3 4 5
952 1193 8 3 10
1333 1193 1 1 1
1365 1192 1 1 1
243 1196 3 2 3
346 1197 4 5 11
946 1197 1 2 2
1312 1198 1 3 3
1829 1198 1 1 1
1033 1201 1 1 1
1172 1201 1 1 1
486 1203 1 2 2
1018 1203 1 2 2
1341 1204 2 1 2
1133 1207 3 2 4
1356 1206 1 1 1
1484 1206 1 1 1
1632 1206 2 1 2
872 1208 9 3 11
847 1211 1 1 1
151 1213 1 1 1
410 1213 6 3 12
573 1212 1 1 1
1461 1212 1 2 2
1584 1213 16 6 34
632 1217 1 1 1
386 1219 1 2 2
1544 1218 2 2 2
585 1220 4 3 9
603 1221 5 7 30
67 1223 1 5 5
960 1223 1 5 5
444 1225 2 3 5
972 1225 1 3 3
1091 1224 4 4 14
1313 1225 6 3 14
45 1226 3 2 6
167 1227 1 1 1
