0 0 1840 1228 2169558
0 0 121 76 2245
125 0 10 78 449
571 0 169 253 9893
815 0 2 2 4
881 0 22 19 197
1160 0 15 21 122
1363 0 4 6 21
1796 0 13 4 43
1348 5 3 3 4
1234 11 7 7 32
971 14 6 10 47
1330 14 8 13 81
1257 17 5 8 31
1705 16 20 29 388
802 20 6 7 30
857 20 9 14 51
1270 21 4 6 18
1090 23 9 12 79
1126 31 4 6 17
1211 34 8 15 64
1064 39 5 10 37
1304 39 8 19 115
851 40 3 4 9
898 40 4 5 11
1200 42 1 2 2
1282 47 2 2 2
1560 48 4 3 8
1141 50 6 11 57
1192 50 4 4 13
1377 50 7 7 35
1449 52 21 23 210
1008 61 7 66 261
1635 61 12 18 153
1150 63 4 8 25
1512 62 3 5 13
1538 62 5 6 16
1258 65 5 7 21
1121 67 6 12 49
1559 69 5 4 11
1492 70 3 4 9
1230 72 4 7 22
1377 73 2 3 5
788 75 3 6 12
905 75 3 3 7
1163 76 2 2 3
1371 76 2 5 8
1109 80 3 6 13
1531 83 5 7 24
1186 87 5 5 17
1103 88 6 11 46
966 91 1 1 1
1272 91 3 7 20
1459 96 5 10 37
1602 97 6 3 12
762 100 5 12 42
919 101 3 6 18
1199 101 6 6 26
1277 102 5 6 26
1526 102 2 2 3
1752 102 18 37 497
1462 113 9 29 128
1780 113 14 25 251
1310 115 112 238 2581
1296 118 3 7 15
948 123 4 5 17
964 123 2 13 15
1433 124 5 14 51
1655 124 14 17 163
1006 127 60 168 2700
786 128 3 7 17
1285 140 8 12 64
1530 140 3 3 5
871 142 4 4 12
957 144 1 2 2
1094 144 3 6 15
833 149 6 13 57
1154 151 20 53 557
795 154 8 20 70
1199 156 5 5 18
1296 158 6 14 48
1252 163 5 13 41
844 173 3 6 16
1272 173 2 4 8
1183 177 6 8 37
1746 180 1 2 2
1777 180 14 22 214
1277 183 8 13 82
1252 185 6 8 19
1206 195 6 9 39
1234 195 3 6 15
1419 206 3 3 7
952 209 7 7 39
1803 208 9 36 234
1281 219 2 2 3
1335 219 51 126 1226
1342 222 11 6 34
1499 231 27 31 369
1064 232 3 9 22
1165 233 2 4 7
855 234 9 22 149
904 236 6 12 55
957 237 9 35 189
981 237 3 3 5
1477 236 3 3 5
770 238 6 14 62
788 238 3 4 10
1222 239 2 2 3
1116 243 3 8 18
1773 251 16 22 271
1617 254 12 14 120
1166 256 4 13 38
786 258 4 7 21
1287 259 2 2 3
886 262 6 12 61
728 264 9 19 118
1395 265 6 11 43
1802 265 38 6 56
1130 269 3 6 14
1454 268 13 15 56
1059 277 6 14 57
1258 285 5 9 34
874 289 3 3 7
1290 288 1 1 1
1014 291 1 1 1
854 292 8 15 93
1021 292 1 1 1
1269 295 9 18 113
1002 297 10 4 16
1042 296 18 27 169
1452 297 3 7 14
1630 297 7 7 36
886 298 3 5 15
1687 299 15 13 135
1208 301 2 4 7
1193 303 1 1 1
989 306 14 11 59
1018 310 1 1 1
743 315 5 6 19
1252 314 1 1 1
1500 317 3 3 6
1070 318 3 4 6
1450 321 15 8 58
1477 320 4 8 21
984 325 9 10 36
1740 325 10 7 37
949 326 5 10 37
1253 326 2 2 3
1015 329 1 1 1
1087 331 1 1 1
1075 335 1 1 1
1395 335 2 2 4
962 337 12 13 69
983 336 1 1 1
1127 337 3 5 12
1263 340 2 2 4
827 342 3 4 10
997 342 2 1 2
1096 344 1 1 1
1435 345 15 22 186
803 346 3 8 19
1334 346 9 4 18
1018 348 1 1 1
975 350 7 11 27
1676 350 2 3 5
1366 353 2 6 10
1133 355 8 13 76
729 357 6 10 44
955 356 3 7 17
1011 356 43 119 1572
1180 357 4 6 19
864 362 4 6 17
1100 362 3 3 5
945 364 7 4 27
982 364 6 14 49
1587 365 10 9 59
967 369 1 1 1
1469 369 8 18 111
846 371 3 4 10
961 370 2 3 6
1006 370 8 18 89
1207 376 2 2 3
944 378 1 3 3
1173 378 6 6 31
849 380 5 9 36
1731 381 8 6 27
950 382 2 2 4
1115 382 5 9 21
801 384 6 8 28
1165 386 5 10 33
965 390 1 1 1
1467 390 2 5 9
741 392 5 7 23
960 392 2 2 4
1394 393 5 15 30
1463 397 4 4 9
1081 398 22 35 124
1050 406 1 1 1
801 408 7 14 76
967 408 1 1 1
1077 408 1 5 5
680 410 7 10 57
1007 413 7 16 80
1189 413 4 4 14
1639 414 8 7 29
725 416 9 12 86
1778 419 17 15 191
965 421 1 6 6
932 425 5 5 17
1450 424 10 15 108
1538 424 2 3 4
1571 424 4 2 8
946 426 3 5 7
1472 431 4 10 19
959 433 1 2 2
950 438 1 1 1
1081 441 14 28 163
1449 442 1 1 1
788 447 4 9 25
1435 449 3 3 9
1220 455 7 7 41
961 457 6 14 59
683 459 7 8 41
1338 458 2 1 2
1067 460 10 8 28
1107 460 5 6 19
1290 460 5 6 23
1268 462 1 2 2
890 464 1 2 2
1001 466 5 10 43
879 469 5 9 38
964 471 20 24 212
795 475 3 6 15
1506 475 4 4 16
1064 476 5 4 11
1190 478 5 3 11
759 480 4 9 27
1058 480 3 2 6
1438 480 3 5 14
1516 481 5 8 31
1602 481 7 6 29
1681 481 18 25 214
805 484 6 14 67
848 487 5 11 41
1153 488 1 3 3
1087 493 11 16 125
1145 497 4 7 20
635 498 14 35 309
707 498 3 4 8
1234 500 4 5 15
1763 500 15 14 175
1622 503 18 31 429
1036 509 4 2 5
1443 509 3 3 8
1209 512 10 21 139
989 517 9 5 11
1235 518 3 4 9
604 523 4 4 10
838 526 8 16 91
977 527 3 2 3
981 529 1 1 1
1077 528 3 6 15
1493 528 1 1 1
872 530 5 7 30
987 532 1 1 1
1020 532 6 19 68
1322 536 1 2 2
1675 539 11 17 156
1091 540 6 11 48
1219 544 15 20 126
1261 545 4 3 8
1290 544 3 4 11
1479 546 3 3 5
828 551 4 6 15
1099 557 6 11 49
1180 559 3 4 11
1663 558 9 11 83
1149 561 8 13 79
955 565 26 91 462
1209 568 3 2 5
1391 572 1 1 1
767 574 3 3 6
1438 575 1 2 2
884 576 43 138 1814
1235 576 2 2 3
1282 577 4 4 13
1299 576 3 3 9
973 581 16 84 685
681 582 1 2 2
702 583 12 19 130
1231 582 2 2 3
941 585 1 1 1
1080 586 5 5 18
1742 587 3 4 9
881 588 6 11 47
928 589 15 63 252
1300 590 6 6 31
1389 590 2 2 3
1455 590 3 3 7
1338 593 4 9 25
1230 596 12 4 19
27 598 27 18 178
22 604 3 2 5
770 605 3 6 17
848 604 5 4 15
1061 604 4 4 14
674 609 28 48 571
1165 609 3 3 8
745 611 1 2 2
788 613 6 10 46
1052 613 2 4 7
1755 615 10 8 53
1697 617 9 11 68
1058 619 5 13 52
1245 624 1 1 1
821 631 3 3 9
1135 634 3 4 8
1402 634 6 9 31
536 638 8 8 42
1554 639 11 11 82
1016 642 3 5 9
1310 642 2 4 7
1067 646 14 31 112
1666 646 8 7 37
1055 648 3 7 15
1287 652 3 8 20
1484 653 4 3 11
757 655 4 7 25
890 654 1 1 1
933 654 1 2 2
1216 655 4 5 15
1308 654 1 1 1
960 658 1 1 1
928 666 1 1 1
1016 667 1 2 2
671 669 3 2 6
927 668 1 1 1
976 668 1 2 2
1426 668 14 19 140
975 671 1 1 1
1566 670 8 8 48
1352 673 30 20 288
922 676 1 1 1
794 678 2 2 3
920 679 1 1 1
988 679 7 10 40
661 680 4 4 9
971 682 3 3 3
1054 682 3 3 7
1075 682 1 6 6
950 684 1 1 1
1627 692 12 10 79
823 701 1 2 2
971 701 1 1 1
1412 703 1 2 2
881 705 2 1 2
622 707 7 6 24
945 711 44 56 975
1235 712 5 5 18
926 714 1 1 1
1404 715 1 2 2
999 720 4 7 22
908 725 1 1 1
883 726 24 7 39
1175 728 3 4 7
138 735 2 1 2
628 735 6 6 23
1574 735 12 21 193
647 736 9 3 13
818 736 7 14 77
1188 738 6 10 46
787 741 5 9 29
1341 740 5 5 16
1433 741 3 7 13
917 745 4 3 6
1140 747 18 26 238
925 748 3 2 4
217 750 2 1 2
885 750 1 1 1
1020 752 13 23 79
1454 753 3 9 20
894 755 13 26 95
1266 755 15 10 49
699 757 2 2 3
1116 765 3 4 11
1419 764 2 1 2
747 769 1 1 1
1005 769 1 1 1
878 772 3 1 3
1124 773 7 6 29
1165 776 2 2 3
866 781 7 11 58
929 780 118 53 1893
1119 780 5 7 13
1192 780 3 3 7
1182 783 5 10 41
1213 783 5 9 17
1165 787 4 5 17
1340 786 1 3 3
1013 791 1 2 2
1045 792 10 5 40
1152 794 2 1 2
923 796 1 1 1
1131 796 1 1 1
1115 800 3 5 15
1221 803 1 1 1
543 808 5 4 12
864 817 3 5 11
1064 820 2 4 8
1114 821 2 1 2
1162 821 1 1 1
1076 822 8 21 100
1118 826 1 1 1
1061 830 1 1 1
780 832 1 1 1
769 836 4 6 15
1002 839 3 3 9
1227 841 4 8 20
722 843 2 3 5
1051 844 1 1 1
1000 846 2 2 3
1011 846 1 1 1
1457 847 12 30 266
548 849 1 1 1
709 851 5 7 27
1070 850 8 7 15
1216 851 1 1 1
756 853 2 3 5
910 855 3 3 6
1141 854 2 3 6
1234 855 8 17 90
1034 857 10 15 48
967 858 11 4 24
1020 860 1 1 1
1078 861 1 1 1
770 863 7 23 86
1414 862 1 1 1
962 864 4 3 10
956 867 2 1 2
1022 867 1 1 1
969 872 2 3 5
1039 872 3 1 3
586 874 9 12 75
948 874 5 6 24
1091 874 1 1 1
1142 874 2 2 3
929 876 3 1 3
718 881 5 9 30
786 884 14 11 84
1235 889 1 1 1
837 890 3 1 3
1107 891 2 2 3
1203 890 14 28 114
1181 893 1 1 1
1175 894 5 14 60
1084 899 1 1 1
886 900 4 8 24
1067 901 1 1 1
1220 902 1 4 4
1567 903 1 1 1
1037 904 42 41 899
944 907 5 26 93
1014 907 19 42 402
1075 906 3 4 11
733 909 607 224 41804
627 915 6 8 33
987 917 1 1 1
1213 919 7 11 30
1219 931 1 1 1
1117 933 2 2 2
756 934 6 12 51
772 934 5 8 29
1201 934 6 10 42
1220 934 1 1 1
1104 936 1 2 2
1221 936 1 1 1
1834 936 6 2 9
1079 941 1 1 1
1176 944 2 4 6
1548 945 4 2 4
1118 949 3 6 15
1405 948 2 3 5
1159 950 1 1 1
1156 952 3 13 15
1233 954 6 8 27
1579 959 8 6 35
1131 962 11 6 19
1181 965 2 2 3
1117 967 2 3 3
1027 970 4 6 22
1143 971 2 1 2
1158 982 1 1 1
617 989 2 2 2
674 990 4 7 20
1396 994 2 6 10
1047 997 3 3 6
1074 1000 2 5 8
1701 1002 5 5 14
434 1004 7 6 24
1021 1018 2 3 5
1280 1018 1 1 1
400 1022 7 3 14
1601 1037 13 18 160
558 1038 4 2 6
611 1039 3 3 7
660 1038 5 6 22
759 1041 4 3 7
1512 1044 12 21 187
1317 1050 1 1 1
760 1058 2 3 5
823 1066 2 1 2
660 1074 1 2 2
1200 1074 2 3 6
1372 1095 1 1 1
1216 1101 9 2 14
934 1112 8 19 69
1127 1126 6 9 35
1313 1133 1 2 2
1148 1134 1 2 2
1366 1137 1 4 4
503 1143 8 8 49
1026 1148 1 1 1
1299 1149 1 1 1
1169 1155 1 2 2
1151 1156 1 2 2
1537 1160 1 1 1
1699 1163 11 15 107
989 1167 2 4 5
1334 1166 1 2 2
1159 1169 2 5 7
1655 1179 13 21 207
1084 1185 1 2 2
1279 1186 1 2 2
1241 1196 1 1 1
768 1199 1 1 1
1240 1200 1 2 2
1662 1214 2 2 2
898 1220 119 8 274
1019 1221 18 7 24
