0 0 1840 1228 2164002
809 0 3 1 3
906 0 3 7 20
953 0 30 34 431
1037 0 11 8 83
1048 0 132 143 3757
1140 0 4 10 17
1198 0 1 1 1
1233 0 1 1 1
1246 0 11 18 143
1275 0 12 5 42
1308 0 1 1 1
1352 0 7 5 26
1387 0 93 33 714
1018 6 1 1 1
1021 8 2 4 7
1271 9 3 3 5
723 17 4 12 38
1581 16 9 14 91
936 19 4 11 36
1299 19 2 3 5
1255 26 4 8 22
1308 29 2 4 6
1350 28 6 7 16
1271 31 11 12 66
1318 31 18 40 324
979 32 2 5 9
679 38 2 3 6
1450 39 2 5 8
816 40 10 14 36
921 42 4 9 28
946 43 3 2 5
1370 43 12 22 180
943 45 20 76 439
978 45 11 29 217
1135 47 4 7 22
1010 54 35 57 696
1437 55 13 18 186
687 57 2 2 3
881 56 1 1 1
755 60 3 9 23
770 61 2 8 14
913 61 4 6 19
862 63 43 78 1136
933 63 10 11 24
1000 67 5 18 69
1286 70 18 26 342
919 72 1 1 1
154 75 6 4 20
1373 74 28 59 1008
793 76 5 13 52
1449 77 2 2 4
715 80 5 13 37
733 80 14 17 170
823 81 4 10 30
1353 82 2 2 4
1243 86 33 33 557
1144 88 4 9 28
906 90 4 9 27
1184 91 3 6 11
1543 91 29 34 697
700 95 6 22 85
1217 94 2 4 7
859 96 2 2 2
1074 100 4 7 24
1168 101 6 8 36
1325 100 3 4 8
837 103 1 1 1
1035 104 26 61 573
1361 104 3 5 10
770 106 26 10 85
808 111 1 2 2
1178 111 1 4 4
888 112 5 23 63
662 114 9 18 90
628 116 13 17 126
1072 119 3 8 14
1154 121 1 1 1
1277 120 2 3 5
1344 120 3 4 10
756 123 6 12 52
1149 123 1 1 1
1151 122 1 1 1
948 125 1 1 1
1146 124 1 1 1
798 127 4 11 28
1138 127 2 1 2
1141 126 1 1 1
1322 126 2 2 4
963 129 20 20 112
1133 128 4 2 4
1300 129 4 10 29
699 130 4 4 14
949 132 1 1 1
994 134 7 8 49
941 136 10 24 102
894 138 1 1 1
1029 143 2 5 8
1233 143 3 4 10
852 145 4 9 21
708 147 2 5 8
1520 147 2 3 4
1005 149 8 14 75
899 150 4 10 17
857 153 43 116 1966
886 153 1 1 1
1272 152 18 43 542
839 155 10 29 229
1299 158 8 11 41
898 164 1 3 3
714 167 5 9 37
814 166 1 1 1
815 168 4 8 26
924 169 12 6 24
1021 169 7 20 92
1326 171 3 4 5
681 173 3 3 6
903 172 4 3 7
1149 172 2 4 5
1412 173 3 5 11
1208 175 3 4 10
923 179 1 1 1
1394 180 2 2 4
1131 183 3 6 11
1459 183 5 5 18
945 184 10 22 77
856 191 1 1 1
711 193 5 12 42
853 192 2 1 2
1502 192 34 64 839
964 194 1 1 1
1188 195 3 8 14
817 196 11 15 104
682 201 5 16 49
783 201 2 6 11
913 202 1 1 1
1063 203 5 11 42
751 207 1 1 1
904 206 3 3 6
731 209 2 4 8
828 209 1 1 1
1404 209 3 2 5
781 211 2 5 9
926 213 1 1 1
1113 212 11 34 223
1208 212 3 5 12
1598 213 9 25 154
719 218 2 4 7
1269 219 2 3 4
1378 220 3 3 6
956 223 4 11 12
183 227 3 3 5
1047 227 2 1 2
595 230 6 10 46
1134 233 3 7 17
1368 235 2 5 8
796 236 3 6 13
935 237 20 16 178
955 236 1 1 1
813 238 1 1 1
1238 238 36 49 977
677 241 2 3 4
822 240 7 4 14
1043 245 4 4 14
1140 244 14 9 39
1383 244 18 37 431
608 246 5 12 39
984 247 5 6 22
1058 248 2 4 6
645 251 8 6 34
1367 251 2 5 8
720 252 3 6 15
922 255 28 33 429
1050 256 2 7 11
1093 258 27 46 504
1060 261 4 12 35
835 262 3 1 3
1536 272 18 34 438
814 274 13 41 246
844 274 2 2 2
1015 278 2 3 4
1523 278 6 10 38
1116 280 1 2 2
1287 283 8 9 50
862 292 3 7 16
1129 292 8 8 25
1350 293 3 6 14
771 294 1 1 1
927 298 4 15 33
1263 298 21 22 172
1075 300 2 3 6
1119 301 5 8 30
682 302 3 4 10
626 309 2 2 4
761 308 3 4 9
838 310 4 14 39
895 310 16 22 166
1237 311 11 3 14
782 312 4 10 26
621 315 5 9 36
999 314 19 70 673
658 317 4 6 21
930 317 1 1 1
1291 318 2 8 13
592 321 3 8 22
849 320 8 19 101
941 320 6 18 45
1324 321 13 33 248
1055 322 6 15 63
685 325 2 6 11
961 325 16 28 192
1346 324 2 2 3
1179 333 9 17 52
624 337 12 9 48
981 339 5 12 33
1029 338 4 11 28
1343 338 17 40 334
924 340 10 25 165
700 342 5 11 33
1069 345 2 3 5
1100 344 2 3 6
733 346 25 9 154
798 346 2 3 4
1082 348 1 4 4
1277 351 4 9 24
1504 351 3 4 9
636 353 3 6 13
1254 352 3 6 15
725 354 4 7 21
902 356 77 84 1873
783 361 8 19 125
863 360 1 1 1
903 360 3 10 24
922 365 1 3 3
941 364 1 1 1
1039 364 3 5 13
1173 365 2 6 9
846 366 3 8 21
748 368 3 7 17
919 369 1 2 2
1242 368 7 15 52
622 372 4 8 27
663 373 2 2 3
1070 373 3 17 25
1093 374 3 3 5
1265 375 2 2 3
922 377 1 1 1
1132 376 5 8 27
1110 379 2 4 6
759 383 2 5 9
1384 383 44 8 72
777 385 3 5 12
1358 384 3 4 10
1435 384 1 3 3
883 387 12 22 137
910 387 1 1 1
1272 386 5 13 32
730 388 3 5 12
908 389 2 4 4
1055 389 2 4 6
982 390 2 4 5
705 394 5 12 29
1028 396 6 18 32
1108 400 4 5 12
1196 400 1 4 4
1432 400 2 14 19
1316 405 2 3 4
1080 408 1 1 1
1359 408 2 4 7
1006 411 1 1 1
1262 411 9 21 138
1397 410 1 1 1
1180 413 3 6 16
1151 415 3 5 12
670 416 4 6 19
972 417 66 154 4048
1034 416 8 31 71
885 421 4 10 33
1123 422 11 22 108
779 424 6 13 58
840 424 3 11 28
974 424 2 4 4
1354 424 4 9 22
955 429 3 7 8
1251 433 2 4 7
707 434 4 8 26
759 434 5 14 52
813 434 14 25 193
847 435 2 5 8
893 434 4 14 46
736 436 4 6 19
916 438 1 1 1
625 441 4 6 20
939 441 1 1 1
1532 440 15 22 240
653 443 1 1 1
929 443 1 3 3
893 446 34 39 533
877 450 8 23 117
1040 451 1 3 3
1149 451 1 2 2
603 452 2 3 4
1036 457 1 1 1
938 459 5 14 39
1249 459 9 16 114
731 461 3 4 10
1026 460 2 3 4
1019 463 1 2 2
1784 463 26 44 723
1074 468 14 17 91
655 471 3 7 18
710 470 1 4 4
845 471 3 4 10
1271 472 2 3 6
1383 481 1 2 2
1469 480 16 33 395
864 483 3 11 25
1359 483 2 4 8
744 486 18 42 293
1252 488 2 1 2
1057 492 1 2 2
1368 492 3 4 8
833 496 4 8 14
601 498 3 3 5
879 501 3 6 10
1289 500 15 38 411
728 502 2 4 6
832 505 1 1 1
955 507 3 8 18
1159 506 1 1 1
1320 506 15 54 514
1505 509 10 13 87
640 510 5 10 43
720 511 2 4 6
841 510 35 80 739
1542 511 13 22 172
1230 513 10 17 145
1355 517 3 7 16
733 518 1 3 3
811 518 3 5 12
902 520 23 24 245
1107 523 3 7 13
786 528 2 4 6
1242 530 2 3 6
1135 536 10 23 167
1083 539 4 15 46
942 542 5 20 76
1156 542 14 29 300
547 548 3 2 6
751 549 1 3 3
882 548 5 14 50
995 549 14 50 347
1476 548 5 4 19
793 550 3 12 26
1064 555 1 4 4
771 560 4 16 36
972 564 1 3 3
693 566 3 4 6
1046 566 3 9 18
976 569 6 20 84
939 572 2 1 2
887 574 83 71 2562
1093 575 2 2 4
1237 574 2 3 5
1158 587 2 4 6
1189 586 2 2 3
1251 588 1 1 1
746 592 9 13 67
1226 593 1 1 1
723 595 1 7 7
1099 594 8 20 128
1237 595 5 5 15
868 596 11 16 60
620 600 3 4 10
640 602 2 3 5
783 604 10 23 169
817 604 3 6 14
1455 605 13 14 149
732 607 14 35 247
570 609 3 3 8
654 608 3 4 9
618 611 1 2 2
1051 613 3 6 15
680 614 3 3 7
802 614 55 52 641
1063 617 2 2 3
1107 619 4 8 24
857 621 2 2 3
987 625 1 2 2
1427 624 13 25 253
685 627 2 2 3
598 629 4 4 8
758 630 10 25 164
922 636 6 4 6
705 638 3 7 18
1235 638 3 2 5
602 640 11 3 14
1042 640 4 8 21
776 646 5 13 40
896 647 2 2 2
1014 646 2 3 4
899 649 12 9 39
661 650 5 6 24
792 650 3 6 14
866 653 4 5 12
879 652 3 4 11
1031 654 4 10 28
692 657 5 11 30
672 660 2 2 3
783 662 6 11 60
1135 665 10 27 202
1519 665 4 3 8
935 667 12 21 155
1064 667 3 7 14
1298 667 1 3 3
1345 667 2 3 6
878 668 3 8 15
891 671 2 3 5
1238 671 3 6 11
798 672 7 22 75
1191 673 13 14 31
821 674 1 1 1
1114 675 2 9 13
1256 674 2 4 6
1022 676 1 4 4
1050 679 2 3 6
723 680 1 1 1
842 680 1 1 1
859 685 3 8 15
615 687 3 4 10
982 687 17 30 203
1040 688 17 28 199
655 692 3 3 7
1433 692 12 21 189
843 694 2 3 5
935 696 1 1 1
1372 696 2 5 8
754 699 15 17 131
805 699 47 46 1239
1029 699 2 3 6
617 700 2 2 3
715 703 2 4 5
1495 705 3 4 9
1102 706 14 33 280
628 711 554 214 41191
720 710 5 14 48
868 710 6 15 66
964 711 1 3 3
943 721 12 21 154
740 723 5 7 30
1144 722 1 2 2
1270 722 12 31 185
1061 725 1 3 3
1253 731 1 2 2
801 733 1 1 1
1668 733 8 20 131
791 734 3 5 11
975 735 1 1 1
1217 734 1 2 2
974 737 1 1 1
1028 736 2 5 8
901 739 1 1 1
968 740 1 2 2
863 742 2 4 8
818 745 2 2 3
1164 744 1 1 1
835 748 1 1 1
1004 748 2 5 9
882 751 26 25 305
546 753 3 2 4
833 752 1 1 1
1011 753 3 9 19
1172 752 2 6 10
494 757 4 4 10
1000 756 2 6 9
1197 756 13 9 58
1129 763 1 3 3
1330 763 1 1 1
1232 764 22 28 383
993 768 2 4 6
778 775 1 3 3
1195 775 11 23 172
615 779 11 9 61
839 778 1 2 2
1484 782 1 1 1
794 786 2 2 4
596 788 6 10 43
518 792 2 2 3
799 796 1 2 2
579 799 2 4 6
826 798 2 5 8
654 801 3 4 8
869 800 2 5 7
1213 805 7 15 80
616 809 2 3 4
851 808 3 9 17
680 825 1 1 1
5 826 4 2 6
659 826 3 7 20
1270 828 2 5 8
663 834 2 1 2
1196 834 1 1 1
1495 836 12 13 121
1284 843 1 2 2
1296 844 9 20 111
1195 849 13 32 256
701 853 1 1 1
1175 853 9 14 94
659 857 7 13 62
713 864 3 3 8
127 870 4 1 4
1159 871 1 2 2
534 872 4 14 31
696 873 1 1 1
698 872 1 1 1
1107 878 6 10 45
1191 882 1 1 1
1133 886 8 16 101
1154 886 1 1 1
1286 889 11 12 40
1444 890 4 5 13
993 892 2 5 6
1090 892 2 7 14
710 894 3 6 15
1397 895 9 13 92
320 897 4 2 6
726 896 4 6 21
1213 897 2 3 4
1229 901 12 26 217
645 903 2 2 4
965 905 2 5 9
580 906 2 2 4
892 906 2 4 8
1715 911 13 4 35
548 913 1 3 3
618 912 2 3 6
894 912 2 4 7
982 912 1 4 4
1005 914 1 2 2
702 916 2 2 3
688 920 3 5 14
1177 922 1 1 1
565 924 2 3 4
848 924 6 8 32
514 927 11 5 18
822 926 10 13 51
936 931 1 3 3
1179 930 1 1 1
376 932 1 1 1
1010 932 1 3 3
552 936 2 1 2
739 936 6 9 42
801 937 6 12 57
937 939 4 6 19
1099 939 1 2 2
277 941 2 2 3
843 941 10 22 153
965 941 3 3 5
161 942 1 1 1
57 946 2 1 2
688 946 3 9 20
496 948 12 7 29
606 948 1 2 2
715 948 1 3 3
772 948 6 11 40
820 948 4 6 18
1527 949 15 17 193
1013 951 1 3 3
1428 950 4 5 14
443 952 3 2 4
1236 953 3 2 5
1309 952 2 2 4
529 954 1 1 1
1293 955 1 1 1
368 958 2 1 2
552 958 2 4 6
908 958 1 4 4
1093 959 1 2 2
1007 960 2 6 12
1136 961 6 11 49
204 965 2 2 3
483 964 8 4 26
514 964 2 1 2
502 967 2 1 2
584 966 2 4 7
786 968 1 2 2
917 969 1 4 4
726 971 2 5 8
811 971 4 4 14
862 970 2 2 4
1060 972 2 4 7
100 975 2 1 2
674 975 2 1 2
927 975 2 4 7
1235 978 1 1 1
597 980 4 2 6
696 980 1 3 3
797 980 1 2 2
723 981 121 24 334
1483 981 14 11 77
225 983 2 1 2
835 983 1 2 2
902 984 5 12 49
73 987 4 2 5
448 987 10 2 14
1026 987 2 2 3
1329 986 1 1 1
581 989 1 3 3
992 988 1 3 3
847 993 28 23 264
1122 993 5 6 25
400 995 7 3 20
983 995 1 2 2
1001 996 2 7 11
582 998 9 13 93
925 998 1 3 3
1033 998 1 2 2
533 1003 8 13 41
990 1002 2 5 8
203 1004 3 1 3
470 1004 2 2 3
661 1005 3 2 6
460 1007 1 1 1
482 1007 4 2 6
561 1006 2 1 2
1730 1006 16 5 51
1114 1009 2 5 9
1459 1008 11 20 142
635 1011 1 1 1
673 1010 1 1 1
904 1010 2 9 10
207 1013 1 1 1
652 1012 1 1 1
669 1012 2 1 2
201 1014 1 2 2
546 1014 1 1 1
580 1014 2 7 12
914 1014 1 2 2
929 1017 1 2 2
973 1019 1 3 3
390 1024 7 4 16
758 1024 2 5 8
343 1026 4 2 7
472 1026 10 15 52
673 1026 8 15 81
695 1026 2 11 12
1490 1026 2 2 3
437 1028 2 1 2
493 1029 2 4 7
774 1028 1 3 3
191 1030 2 1 2
926 1030 3 5 10
1050 1030 1 8 8
434 1035 1 1 1
624 1035 5 11 39
1070 1034 8 15 100
77 1036 1 1 1
518 1037 1 1 1
750 1037 2 5 7
964 1037 5 8 12
364 1043 1 1 1
382 1042 4 2 7
563 1045 2 8 13
945 1044 3 10 21
1040 1045 3 3 8
393 1048 1 1 1
425 1048 1 1 1
704 1049 2 2 3
672 1051 2 3 5
746 1051 8 23 101
771 1051 1 2 2
1495 1051 16 23 80
1059 1053 9 10 81
1310 1053 1 1 1
375 1054 8 2 9
532 1055 4 2 8
558 1055 1 1 1
562 1054 1 1 1
617 1054 1 1 1
645 1054 1 1 1
817 1055 1 2 2
1839 1054 1 1 1
191 1057 1 1 1
868 1056 11 16 89
273 1059 1 1 1
920 1061 5 9 29
999 1060 3 7 17
667 1062 1 2 2
196 1064 1 2 2
423 1064 2 1 2
664 1064 2 1 2
764 1064 1 1 1
1111 1064 6 8 32
30 1066 10 4 20
236 1067 3 2 4
333 1067 1 1 1
391 1066 4 4 11
505 1066 4 2 7
633 1067 1 1 1
1147 1067 7 13 75
173 1069 1 1 1
566 1069 8 4 18
982 1068 2 2 3
322 1071 1 1 1
338 1071 2 3 4
527 1070 2 1 2
212 1072 12 6 44
579 1072 2 3 6
646 1072 2 4 6
631 1074 2 5 7
82 1077 4 2 7
669 1077 1 1 1
838 1077 2 11 20
1332 1077 1 5 5
269 1079 1 1 1
373 1079 4 3 6
684 1080 1 1 1
24 1082 1 1 1
978 1082 1 1 1
1188 1082 11 21 185
140 1084 4 2 5
346 1086 9 1 9
69 1088 9 4 13
270 1088 4 2 8
343 1089 1 1 1
770 1088 1 4 4
990 1088 1 3 3
38 1090 4 1 4
589 1090 2 1 2
794 1091 2 3 5
235 1092 1 1 1
450 1092 1 1 1
550 1093 2 1 2
976 1092 1 2 2
259 1094 13 12 45
328 1094 1 1 1
552 1095 1 1 1
967 1094 3 4 10
572 1097 1 1 1
698 1097 1 1 1
122 1099 5 3 9
764 1098 4 14 30
809 1098 3 6 15
853 1099 3 6 14
336 1101 1 1 1
537 1100 7 9 30
576 1103 5 3 14
198 1105 1 1 1
454 1104 2 2 3
1002 1104 1 1 1
304 1108 1 1 1
378 1108 2 2 3
807 1109 1 4 4
1086 1108 1 2 2
1402 1108 1 1 1
313 1110 1 1 1
377 1111 1 2 2
781 1111 3 2 4
882 1111 2 3 3
294 1112 7 4 22
346 1112 2 2 3
418 1112 1 1 1
863 1114 3 2 5
999 1114 3 1 3
5 1116 6 4 10
145 1117 3 1 3
472 1116 3 7 10
847 1117 4 9 26
422 1118 11 12 54
559 1118 3 2 5
113 1121 1 1 1
382 1120 10 1 10
717 1120 2 4 7
1385 1123 10 10 61
649 1125 3 3 7
749 1125 1 1 1
266 1126 9 2 10
436 1126 1 2 2
739 1127 8 4 13
1280 1129 1 1 1
993 1130 1 3 3
1742 1132 1 1 1
512 1134 1 1 1
563 1137 1 1 1
473 1139 1 1 1
587 1139 2 2 3
257 1141 1 1 1
309 1141 2 1 2
458 1140 1 1 1
794 1141 1 1 1
731 1143 1 2 2
198 1144 1 1 1
414 1144 1 1 1
574 1145 4 2 5
987 1144 2 3 4
1121 1144 1 2 2
1206 1144 2 6 11
532 1147 1 1 1
617 1147 1 1 1
1276 1146 1 1 1
455 1149 1 1 1
610 1148 2 2 3
983 1150 1 2 2
915 1152 1 1 1
1012 1153 1 3 3
1116 1153 1 1 1
1200 1153 1 1 1
91 1155 3 4 7
914 1155 1 1 1
203 1156 3 2 3
425 1157 2 1 2
478 1156 1 3 3
624 1157 1 1 1
822 1156 1 1 1
1014 1157 1 5 5
1025 1159 1 3 3
87 1160 1 1 1
356 1161 11 17 43
394 1161 5 5 17
459 1161 2 2 3
416 1165 7 7 27
477 1164 1 1 1
1284 1164 2 3 3
0 1167 2 1 2
336 1167 1 1 1
62 1168 1 1 1
311 1169 5 4 10
381 1168 2 2 3
710 1169 6 2 8
1005 1169 1 3 3
1174 1173 1 1 1
967 1175 1 2 2
338 1178 2 2 2
393 1178 2 2 2
409 1179 9 9 31
794 1178 2 4 6
1438 1179 1 1 1
118 1181 2 2 3
293 1180 1 1 1
420 1180 2 1 2
503 1181 2 2 3
823 1181 2 8 12
287 1182 1 1 1
377 1182 1 1 1
1149 1182 1 2 2
399 1184 1 1 1
719 1184 1 3 3
22 1188 2 2 2
325 1188 1 2 2
673 1189 1 6 6
1075 1188 2 9 13
403 1191 1 1 1
203 1193 1 1 1
245 1193 2 3 4
393 1193 1 2 2
488 1193 2 2 3
496 1192 1 1 1
984 1193 1 1 1
1450 1195 1 1 1
656 1197 1 1 1
227 1199 3 2 3
375 1199 2 3 5
297 1203 4 2 7
442 1204 2 1 2
359 1207 1 1 1
395 1207 2 1 2
564 1206 2 3 6
982 1207 1 1 1
254 1208 1 1 1
295 1208 2 1 2
315 1209 6 4 16
373 1208 2 1 2
508 1208 1 1 1
638 1209 1 1 1
822 1209 2 3 4
1625 1209 3 2 3
397 1210 2 1 2
1035 1213 2 1 2
255 1217 2 1 2
514 1217 1 1 1
999 1216 1 1 1
259 1219 3 1 3
528 1219 1 1 1
296 1221 1 1 1
385 1220 1 1 1
639 1222 1 1 1
1057 1222 2 1 2
530 1225 7 3 19
132 1226 2 2 3
256 1227 1 1 1
