0 0 1840 1228 2209011
54 0 16 17 178
163 0 22 20 351
370 0 8 10 70
462 0 15 4 32
470 0 55 34 913
533 0 8 12 55
553 0 6 9 36
644 0 17 13 198
795 0 8 13 71
1011 0 6 14 71
1094 0 7 11 61
1113 0 7 8 37
1138 7 8 25 172
577 8 3 2 5
605 9 1 1 1
819 8 1 1 1
947 8 2 1 2
1221 8 3 2 5
891 12 4 7 22
661 15 1 1 1
546 16 1 1 1
776 17 1 1 1
825 16 1 3 3
790 20 20 17 165
926 20 18 18 153
619 22 1 1 1
379 25 4 3 9
446 27 1 1 1
403 28 6 6 23
773 29 2 3 6
1093 30 7 10 50
83 32 14 19 122
456 32 10 4 26
531 33 4 9 16
295 38 3 2 4
383 39 7 5 20
515 38 5 5 20
991 39 8 12 77
505 44 6 7 29
667 44 7 9 42
866 44 1 3 3
630 46 3 5 10
803 49 8 37 192
941 49 6 12 53
776 53 1 3 3
28 58 2 2 2
295 58 6 7 26
30 61 1 1 1
1018 61 16 42 313
426 63 6 11 36
648 65 1 1 1
526 67 2 2 3
595 67 4 9 32
690 66 1 3 3
707 67 6 8 28
519 71 4 4 10
779 73 1 3 3
920 75 73 133 1766
551 76 10 23 76
600 77 3 5 10
780 77 1 1 1
901 76 1 1 1
978 79 6 4 21
503 83 6 7 34
259 85 6 8 32
676 84 13 8 39
740 84 3 5 12
650 87 11 26 135
438 90 2 2 3
133 92 5 4 11
363 93 1 2 2
823 93 1 3 3
913 92 4 5 19
298 95 11 12 90
525 94 4 7 21
538 95 5 11 46
1043 94 7 8 32
1315 95 2 1 2
1318 94 3 1 3
859 99 1 1 1
998 103 6 19 110
142 105 3 2 6
826 104 1 1 1
546 106 2 2 3
958 106 14 26 137
1117 106 6 9 39
815 111 5 13 42
310 112 1 1 1
596 115 5 5 18
834 115 2 7 13
851 117 2 1 2
413 123 6 9 32
1046 124 8 17 87
552 131 12 12 63
783 130 2 8 12
420 132 1 1 1
914 132 1 1 1
918 133 1 2 2
974 134 3 8 11
1351 135 1 1 1
1013 139 8 39 274
824 141 1 3 3
317 142 6 8 28
972 142 1 1 1
670 144 16 8 70
639 147 3 2 5
904 147 2 1 2
783 150 4 3 6
360 152 1 1 1
983 152 8 2 9
867 154 3 3 6
204 157 2 3 3
871 157 25 34 229
971 157 1 2 2
325 159 6 6 23
757 159 4 10 18
784 161 1 1 1
516 162 1 1 1
816 163 1 3 3
1126 162 7 11 50
520 164 1 1 1
602 166 9 11 48
848 167 8 12 23
981 166 30 36 339
150 169 2 3 4
648 169 11 13 74
356 171 5 3 11
470 172 4 4 12
584 172 10 3 23
714 172 13 23 86
904 174 4 3 8
1026 175 15 30 172
739 176 7 17 59
577 180 4 7 17
940 180 2 1 2
488 182 4 5 15
810 182 1 2 2
756 186 3 2 4
904 187 1 1 1
918 186 1 1 1
529 189 1 4 4
890 188 1 1 1
898 188 36 26 185
1319 188 2 1 2
638 190 4 6 18
891 190 1 3 3
948 190 1 1 1
1114 190 6 14 69
589 193 5 7 11
877 193 1 1 1
423 194 8 12 48
570 194 2 2 3
840 194 2 11 15
880 194 1 2 2
487 198 3 5 11
881 199 10 8 34
929 199 50 82 774
539 204 6 12 31
749 205 2 3 6
964 204 6 9 38
809 206 1 3 3
878 209 1 4 4
1014 208 1 1 1
726 210 2 3 3
843 210 5 6 20
201 213 2 3 6
583 212 14 9 29
680 213 4 6 16
822 213 5 7 30
810 214 1 1 1
1000 216 1 1 1
744 218 1 1 1
1006 221 5 3 11
527 222 4 5 12
991 222 1 1 1
315 224 1 1 1
503 224 4 11 33
445 227 1 1 1
595 227 3 5 8
875 227 2 2 2
996 227 6 2 12
1113 227 5 10 44
545 228 1 2 2
1019 229 7 14 67
336 230 2 2 3
410 231 3 2 4
37 233 9 8 46
378 233 3 3 7
602 232 2 3 5
426 235 1 1 1
743 234 1 4 4
900 234 1 9 9
975 234 23 69 454
424 239 1 1 1
691 239 4 5 11
705 238 6 9 38
879 239 1 1 1
890 239 1 1 1
914 239 2 2 3
381 240 1 1 1
536 240 1 1 1
862 240 1 11 11
549 242 4 9 15
656 242 1 1 1
931 242 1 1 1
944 243 1 1 1
817 244 4 3 8
604 249 7 9 45
1126 249 5 4 17
628 251 1 1 1
868 251 1 4 4
369 252 8 16 65
922 253 1 1 1
39 255 2 2 3
818 255 23 26 191
971 254 1 2 2
1000 255 1 1 1
743 256 2 4 6
541 258 1 1 1
769 260 1 1 1
871 261 1 2 2
671 263 4 4 13
793 262 2 1 2
890 262 7 12 31
635 265 4 6 14
874 264 1 3 3
926 264 1 1 1
332 266 1 1 1
972 267 2 1 2
328 268 1 1 1
414 268 3 4 5
851 268 3 10 20
1356 269 2 1 2
688 271 1 1 1
621 273 3 5 13
595 274 2 8 10
1053 275 1 1 1
907 277 3 2 4
1045 276 2 2 3
583 280 1 1 1
642 280 3 2 4
778 280 12 14 83
903 281 1 1 1
1015 280 5 7 27
625 283 3 4 10
872 282 2 3 5
901 283 2 2 3
1096 282 5 8 26
597 284 3 2 6
113 287 3 2 5
864 287 6 5 16
915 286 1 1 1
250 289 1 1 1
296 289 7 10 49
926 288 3 5 10
344 290 4 6 19
602 290 13 15 87
452 293 1 1 1
648 293 5 12 44
910 292 2 1 2
272 294 12 19 80
760 295 2 5 8
802 295 1 2 2
1038 295 4 5 19
382 296 3 2 3
885 298 1 2 2
445 300 1 2 2
663 301 3 5 11
238 303 1 1 1
893 303 1 1 1
991 303 1 2 2
1121 303 6 7 32
803 304 1 1 1
854 304 1 4 4
512 307 2 1 2
1051 307 4 5 10
620 311 1 1 1
105 313 1 1 1
267 313 2 1 2
707 312 12 11 57
816 312 1 1 1
478 314 6 6 28
946 314 6 19 87
992 315 4 8 23
1110 314 5 7 28
1665 314 18 9 58
746 317 5 3 9
767 319 1 2 2
1046 321 7 15 65
346 322 4 3 6
404 323 4 4 10
471 322 9 11 62
599 323 1 1 1
880 323 1 1 1
969 322 4 11 23
608 324 8 10 26
1114 327 5 6 21
779 332 1 1 1
620 335 14 10 45
826 334 1 1 1
1767 334 1 1 1
736 338 1 2 2
1109 339 4 5 18
682 340 2 3 4
727 341 4 6 21
937 342 27 14 200
824 345 1 1 1
887 344 10 12 62
1039 345 7 12 59
183 347 2 1 2
383 346 4 4 10
598 347 1 1 1
834 346 5 15 46
858 346 1 2 2
577 348 1 1 1
448 351 1 2 2
985 351 9 12 37
236 352 1 1 1
436 355 3 5 11
84 358 1 1 1
497 359 3 2 5
589 359 3 2 5
617 358 1 4 4
691 359 1 2 2
1093 361 14 13 59
820 363 1 1 1
1018 362 4 11 38
529 364 4 4 13
625 365 1 1 1
734 364 1 1 1
755 364 2 5 8
797 364 1 2 2
626 367 13 18 54
884 367 1 2 2
896 367 3 6 14
418 368 3 2 4
909 369 2 3 6
414 371 1 2 2
545 370 1 1 1
719 370 18 10 70
810 370 1 2 2
606 373 6 9 39
651 373 4 6 17
939 373 6 16 79
368 377 2 2 2
693 377 3 2 5
881 377 1 1 1
994 377 1 1 1
883 378 1 3 3
973 378 34 41 467
526 380 5 11 25
672 381 2 2 3
589 383 2 3 5
779 383 1 1 1
835 383 4 9 27
676 385 1 1 1
912 384 3 6 18
1087 385 17 13 88
759 386 1 1 1
442 388 1 1 1
679 389 1 1 1
757 389 1 1 1
815 388 1 1 1
780 393 1 2 2
907 393 2 3 6
1047 393 5 10 34
1196 393 2 2 2
559 395 2 1 2
709 395 16 16 78
586 399 10 12 33
106 400 1 1 1
461 401 1 1 1
621 401 1 2 2
740 400 3 2 5
868 401 1 1 1
546 402 2 2 3
794 402 1 1 1
641 405 1 1 1
765 404 1 1 1
870 405 2 2 3
1119 405 1 1 1
1094 406 1 1 1
451 411 5 2 7
789 411 3 1 3
1313 410 1 1 1
613 412 2 1 2
302 415 2 1 2
558 414 2 3 4
845 414 1 1 1
883 415 2 10 15
663 417 3 4 8
700 416 4 7 18
758 416 5 8 31
872 416 1 1 1
920 418 2 4 8
644 420 2 3 4
748 421 2 3 3
846 421 1 1 1
399 423 1 1 1
632 423 2 3 6
956 422 11 12 62
899 425 3 4 11
628 427 1 2 2
518 429 4 3 6
676 429 3 9 12
867 429 1 3 3
1077 429 5 5 17
646 431 20 12 65
690 430 1 1 1
757 431 14 17 99
984 431 24 33 391
576 433 1 1 1
698 433 10 16 111
1321 432 1 1 1
811 434 11 10 37
471 436 10 8 30
629 437 5 10 13
1290 437 2 1 2
561 441 2 1 2
596 441 1 1 1
918 441 2 2 4
612 443 2 2 2
278 445 3 3 8
660 444 2 4 7
903 445 1 1 1
1026 445 8 18 48
774 446 4 5 13
795 446 1 1 1
815 447 1 1 1
1083 446 4 5 10
735 448 1 1 1
792 448 2 1 2
1049 449 2 1 2
1100 448 8 9 39
356 451 1 2 2
696 450 1 1 1
844 451 1 3 3
876 450 3 7 14
324 453 5 6 17
719 452 2 4 6
503 455 1 1 1
617 455 4 2 8
846 454 4 6 18
1069 454 2 2 4
409 456 2 2 3
1166 456 1 1 1
478 459 1 1 1
569 459 2 8 15
612 459 1 1 1
662 459 1 1 1
879 458 2 4 8
1048 459 1 1 1
151 461 3 2 6
724 461 1 7 7
501 463 1 1 1
903 462 1 1 1
185 464 1 1 1
529 464 1 2 2
995 465 21 23 210
1343 465 1 2 2
435 467 1 2 2
556 466 3 4 9
614 466 13 8 33
637 467 2 6 7
748 467 2 7 8
154 470 1 1 1
485 470 1 1 1
895 470 1 2 2
908 470 1 1 1
978 470 4 16 47
1082 471 3 3 9
500 473 4 5 15
776 472 1 1 1
704 475 1 2 2
722 474 2 2 3
777 474 1 1 1
883 477 7 3 9
830 478 1 1 1
1063 479 3 3 7
631 481 6 3 9
693 483 1 1 1
860 482 1 5 5
623 484 1 1 1
687 484 2 7 13
768 485 2 2 3
879 484 4 13 23
1075 486 5 11 34
447 490 5 6 19
526 491 1 1 1
761 490 1 1 1
736 490 337 307 28649
917 490 9 5 15
1291 490 3 2 5
472 493 1 2 2
864 493 5 2 6
870 492 1 1 1
1116 493 1 1 1
600 494 5 9 32
619 494 1 1 1
1020 494 7 9 47
500 496 2 1 2
559 496 1 1 1
837 497 4 5 15
894 497 1 1 1
940 496 1 1 1
944 497 3 5 12
215 498 1 1 1
468 499 2 2 2
703 498 1 1 1
644 500 3 2 6
722 501 3 10 20
1111 500 5 7 33
692 502 1 1 1
858 502 1 1 1
148 504 5 3 12
519 505 15 3 21
1028 505 1 2 2
554 509 1 1 1
125 510 2 1 2
643 510 1 1 1
748 511 8 13 34
494 513 1 2 2
651 513 2 5 9
1035 512 1 2 2
342 515 1 1 1
497 515 1 1 1
729 519 4 17 23
857 519 9 5 15
991 518 1 1 1
1078 518 5 5 18
561 521 11 3 13
626 521 1 1 1
995 520 4 7 21
663 522 2 5 6
831 522 3 4 10
1021 523 2 1 2
1165 523 3 1 3
445 524 3 2 4
461 525 1 1 1
620 524 5 2 6
759 524 5 5 19
339 526 5 8 35
453 526 2 1 2
532 527 1 1 1
552 526 2 1 2
602 527 1 1 1
660 527 1 1 1
383 528 2 3 4
496 529 3 4 10
606 528 6 3 12
679 529 1 1 1
774 529 1 12 12
821 529 2 2 3
1576 528 1 1 1
580 530 1 2 2
872 531 1 2 2
920 530 2 2 4
1053 531 2 34 35
359 533 1 1 1
544 533 4 2 6
741 532 1 1 1
764 532 1 2 2
489 534 6 6 22
689 535 3 3 6
893 534 2 3 6
337 536 2 3 6
595 537 1 1 1
626 536 1 1 1
665 537 1 3 3
1113 537 1 1 1
389 539 3 4 5
928 538 1 2 2
935 540 2 2 3
998 541 2 2 3
515 542 1 1 1
578 543 2 1 2
855 542 1 2 2
896 543 1 2 2
1116 542 3 3 8
404 544 1 1 1
707 545 13 4 19
767 545 1 1 1
69 547 4 2 6
501 549 1 1 1
613 549 7 5 21
626 549 2 1 2
732 548 1 1 1
1192 548 1 1 1
304 550 3 5 8
772 550 2 2 3
923 550 2 3 5
564 552 6 13 35
1222 552 1 1 1
1453 554 2 2 3
520 556 1 1 1
661 557 1 1 1
696 556 2 2 3
1413 557 3 2 5
755 559 9 18 53
1522 559 2 2 3
649 561 1 2 2
706 560 4 9 20
769 561 1 1 1
1420 560 5 3 6
662 562 1 1 1
736 563 10 4 23
1004 564 6 12 40
610 567 1 1 1
640 566 1 1 1
728 566 1 1 1
374 569 2 2 3
622 569 1 1 1
650 569 3 5 9
699 569 6 2 7
987 569 2 4 7
575 571 1 1 1
674 570 1 1 1
855 570 1 1 1
956 570 2 3 4
114 573 2 1 2
271 572 1 1 1
391 572 5 5 15
844 573 1 1 1
212 574 2 2 3
675 575 3 5 13
725 576 1 1 1
1209 577 1 1 1
482 579 1 2 2
663 578 3 9 13
501 581 3 1 3
507 580 1 1 1
587 580 1 1 1
764 581 1 3 3
293 583 1 1 1
493 582 1 1 1
630 583 7 4 16
704 583 4 3 8
864 582 1 2 2
879 582 1 2 2
1091 582 3 7 15
286 585 3 3 6
971 584 6 8 27
480 587 1 1 1
539 587 1 1 1
676 589 1 2 2
723 589 2 3 4
537 590 1 1 1
581 590 1 1 1
629 591 1 3 3
680 591 2 9 10
692 591 2 1 2
926 590 2 4 8
533 593 1 1 1
547 592 1 1 1
553 593 1 1 1
645 592 10 11 58
746 593 1 1 1
992 593 6 6 24
1071 593 8 13 72
700 594 1 8 8
1018 595 3 2 4
1286 594 3 2 4
669 596 2 2 4
895 597 1 2 2
264 601 3 2 5
514 600 2 1 2
681 601 1 1 1
866 601 1 1 1
185 602 3 2 4
308 603 1 1 1
822 603 3 4 10
228 605 1 2 2
252 604 2 3 4
376 604 1 1 1
629 605 2 1 2
708 604 1 1 1
976 604 1 1 1
633 606 1 1 1
725 606 3 2 4
858 606 1 1 1
683 608 1 1 1
870 609 3 5 11
238 610 6 4 16
954 610 1 2 2
225 612 3 4 11
317 612 2 2 3
670 612 1 1 1
314 615 1 1 1
555 615 1 1 1
686 615 3 6 15
851 615 3 10 23
874 614 1 1 1
896 614 1 1 1
1093 614 5 10 39
1109 615 2 3 5
875 616 2 2 3
970 616 3 10 27
943 619 11 10 48
1206 618 1 1 1
420 620 3 3 6
519 620 4 4 8
718 621 5 5 9
829 621 4 4 12
233 623 3 3 7
249 622 12 3 21
453 622 2 1 2
475 622 1 1 1
584 622 2 3 5
530 625 1 2 2
646 625 11 3 14
692 625 1 1 1
746 625 6 3 10
865 624 4 3 10
985 624 4 4 13
921 626 2 3 4
871 628 1 1 1
285 630 7 11 49
358 631 1 1 1
514 630 3 2 4
727 630 1 1 1
872 630 1 1 1
924 631 1 3 3
487 633 2 2 3
871 632 4 10 12
578 635 2 2 3
705 635 5 10 38
810 637 1 1 1
833 636 3 3 8
975 637 4 9 33
1073 637 2 4 8
1085 636 2 3 5
1109 636 1 1 1
619 638 2 2 3
640 638 2 1 2
842 639 1 1 1
855 640 10 5 14
220 642 2 3 5
899 642 3 2 4
921 642 2 1 2
449 645 3 3 7
1075 645 4 5 18
432 646 2 2 2
679 646 1 1 1
240 649 2 1 2
464 648 1 1 1
642 648 2 2 4
652 648 10 13 48
737 649 3 5 12
824 649 1 1 1
852 648 3 9 26
428 650 1 4 4
452 650 10 5 14
608 650 1 2 2
203 655 2 2 3
522 655 11 5 29
601 655 2 2 4
283 657 2 1 2
565 657 3 2 4
721 657 1 1 1
896 657 1 1 1
954 657 1 2 2
1015 656 2 1 2
1080 657 4 2 5
384 658 1 1 1
1323 659 1 1 1
634 661 2 4 7
682 661 3 4 6
719 660 1 1 1
950 661 1 2 2
11 663 1 1 1
500 663 1 1 1
664 662 2 5 7
801 663 30 17 225
1246 663 1 2 2
248 664 1 1 1
453 665 6 2 9
582 664 1 1 1
997 665 8 5 16
1010 664 1 2 2
800 666 1 3 3
877 667 1 1 1
1067 666 2 4 7
246 669 2 1 2
422 669 1 1 1
714 668 1 1 1
832 668 1 2 2
896 669 2 11 14
627 670 4 4 12
224 673 1 1 1
412 672 3 4 10
557 673 1 1 1
691 672 3 3 7
1129 672 1 1 1
218 675 2 3 3
445 675 7 6 23
678 674 1 1 1
844 675 2 2 4
516 677 10 5 14
735 677 4 5 13
122 678 1 1 1
636 678 2 3 6
939 678 2 2 3
376 680 1 1 1
417 681 1 1 1
546 680 2 4 7
679 680 18 13 61
60 682 1 1 1
346 683 3 3 5
421 682 5 1 5
592 683 1 1 1
625 682 1 1 1
722 683 1 1 1
1238 682 1 1 1
145 684 1 1 1
368 684 2 1 2
532 685 1 2 2
655 684 1 1 1
665 685 1 1 1
1094 684 2 3 4
1394 684 1 1 1
325 687 1 1 1
583 687 3 4 11
656 686 1 1 1
907 686 3 4 11
272 689 1 1 1
110 691 1 1 1
719 690 1 1 1
911 690 2 3 6
1072 690 2 1 2
613 693 4 4 10
593 694 3 2 5
673 697 1 1 1
1335 697 3 1 3
1421 699 1 1 1
671 700 2 2 4
684 700 1 1 1
465 702 3 3 6
529 703 4 4 13
821 702 1 1 1
898 703 1 2 2
288 704 3 1 3
448 704 1 1 1
879 705 1 1 1
182 707 4 3 7
394 707 1 1 1
572 707 1 1 1
471 708 3 4 9
563 708 4 2 8
1367 711 4 3 7
492 712 1 1 1
630 713 1 1 1
122 715 1 1 1
603 714 1 1 1
627 714 1 1 1
542 717 14 12 31
663 717 3 2 4
1085 716 1 1 1
466 718 1 1 1
1080 718 1 2 2
240 721 1 1 1
526 720 1 1 1
721 720 1 2 2
429 723 1 2 2
706 723 2 2 4
469 724 5 5 12
696 724 1 1 1
382 726 3 4 8
697 726 8 9 29
1072 726 11 9 24
100 728 4 3 7
188 729 5 2 5
298 729 1 1 1
1103 729 4 2 6
306 730 3 4 11
433 730 6 4 19
530 731 1 1 1
587 732 1 1 1
682 733 4 2 5
735 734 1 1 1
599 737 1 1 1
705 737 1 1 1
600 739 1 1 1
632 738 1 1 1
523 740 1 1 1
732 740 3 3 7
420 743 1 1 1
465 743 1 1 1
481 744 5 4 10
1515 744 1 1 1
562 746 1 1 1
721 747 2 3 4
363 750 5 4 9
698 751 1 1 1
1136 754 2 1 2
1226 755 2 1 2
352 757 1 1 1
606 756 2 4 5
646 757 1 1 1
724 757 1 1 1
471 758 1 1 1
506 758 3 2 5
305 761 1 1 1
469 760 1 1 1
662 761 1 1 1
722 761 1 2 2
316 762 1 1 1
601 763 1 1 1
630 762 1 2 2
259 764 2 3 4
1185 764 1 1 1
37 766 1 1 1
435 766 1 2 2
18 768 2 2 2
328 769 1 1 1
511 768 1 1 1
620 769 3 2 4
694 768 2 1 2
1212 768 1 1 1
391 770 4 4 7
1208 770 2 1 2
487 773 1 1 1
1789 772 1 1 1
673 774 5 4 12
613 778 1 2 2
641 779 3 8 16
231 781 4 4 8
269 780 1 1 1
449 781 5 3 9
666 781 4 2 7
685 780 2 4 6
1109 781 1 2 2
377 782 1 1 1
615 785 1 1 1
734 784 1 1 1
790 787 2 2 4
1227 786 1 1 1
1490 787 2 1 2
1192 788 1 1 1
185 790 1 1 1
353 790 1 1 1
404 790 1 1 1
866 792 8 4 23
907 793 1 1 1
408 794 1 1 1
449 795 14 4 35
534 794 1 1 1
540 795 1 1 1
849 795 2 3 4
937 795 8 3 17
309 797 1 1 1
568 796 4 3 6
625 797 1 1 1
650 797 1 1 1
972 797 1 1 1
993 796 7 15 33
1122 796 1 1 1
122 799 1 1 1
483 799 1 1 1
727 801 1 4 4
809 801 1 1 1
896 801 1 2 2
633 803 1 1 1
7 805 1 1 1
510 805 1 1 1
537 804 1 1 1
543 805 1 1 1
694 804 6 3 9
805 804 2 3 6
825 805 1 1 1
1032 804 1 2 2
1049 804 1 2 2
1080 805 1 4 4
123 807 1 1 1
1488 807 2 2 2
945 808 5 21 69
1194 809 2 1 2
1095 810 6 6 14
302 813 1 2 2
567 813 2 1 2
833 812 1 2 2
142 814 7 4 13
407 815 3 3 8
503 814 1 1 1
329 817 1 1 1
1055 816 1 1 1
779 819 1 1 1
1551 819 1 1 1
495 820 1 1 1
609 821 2 1 2
980 821 1 2 2
990 821 1 2 2
395 823 1 1 1
397 822 1 1 1
617 823 2 2 3
692 823 1 1 1
712 822 1 1 1
1069 822 7 3 9
1179 823 1 1 1
207 827 5 3 11
643 826 1 1 1
759 826 6 2 9
371 828 2 1 2
639 828 1 2 2
807 829 1 1 1
1011 829 13 2 18
776 831 1 1 1
155 833 1 1 1
719 832 1 1 1
182 834 1 1 1
721 834 1 5 5
741 835 1 1 1
1073 834 1 2 2
307 836 1 1 1
534 837 1 1 1
494 839 11 9 48
290 840 3 5 9
432 841 1 2 2
526 840 1 1 1
652 841 1 1 1
865 840 1 2 2
884 841 1 1 1
1066 841 1 2 2
746 843 1 1 1
815 843 1 2 2
851 842 1 2 2
999 842 1 1 1
375 845 1 1 1
1009 844 10 4 13
1021 844 6 3 8
1557 845 4 1 4
774 846 2 2 3
622 848 4 6 10
784 848 1 1 1
526 850 1 1 1
602 851 1 3 3
800 850 1 1 1
1089 850 1 1 1
441 852 1 1 1
908 853 1 2 2
1055 853 1 1 1
829 854 1 2 2
569 856 1 2 2
851 857 5 1 5
534 858 4 4 14
826 858 1 2 2
42 861 1 2 2
810 863 1 2 2
1008 865 1 2 2
58 867 1 1 1
422 866 1 1 1
628 867 3 2 6
1087 866 1 1 1
1384 867 1 1 1
469 869 1 1 1
800 869 1 1 1
785 870 1 1 1
1540 871 1 1 1
481 872 1 1 1
594 872 1 1 1
694 872 1 1 1
1092 872 1 1 1
1107 872 1 1 1
868 875 1 1 1
1207 875 1 1 1
603 876 1 1 1
982 877 1 1 1
1004 877 1 2 2
547 880 1 1 1
795 880 1 1 1
462 882 1 1 1
796 882 1 1 1
1009 882 1 1 1
1015 883 1 1 1
380 884 1 1 1
389 885 1 1 1
1041 885 1 1 1
444 887 2 2 3
867 886 4 4 12
630 891 1 1 1
905 890 1 1 1
590 893 1 1 1
752 892 1 1 1
971 892 1 1 1
1212 893 8 1 8
1235 892 1 1 1
18 896 1 1 1
138 898 1 1 1
368 898 3 4 7
94 900 1 1 1
413 901 1 1 1
442 900 1 1 1
494 901 1 1 1
849 900 1 3 3
291 902 14 21 115
505 905 1 1 1
982 905 2 2 3
1076 904 1 1 1
753 907 1 1 1
806 907 1 2 2
598 908 1 1 1
826 908 1 1 1
392 910 7 6 24
1548 912 1 1 1
635 915 1 1 1
1018 915 2 4 5
1610 914 1 1 1
367 917 5 4 14
883 919 1 2 2
644 920 1 1 1
1034 921 1 1 1
1336 920 1 1 1
1504 921 1 1 1
481 923 3 5 10
536 923 1 1 1
561 922 1 1 1
338 925 1 1 1
1106 924 1 1 1
1040 927 1 1 1
1469 927 1 1 1
1207 928 2 2 3
292 931 1 1 1
336 930 2 4 6
477 932 1 1 1
313 936 2 2 2
329 936 1 2 2
474 938 1 1 1
581 939 1 1 1
842 938 1 1 1
1315 940 1 1 1
47 943 2 2 2
558 943 1 1 1
661 942 3 2 3
328 944 1 1 1
501 944 1 1 1
817 944 1 1 1
1803 944 3 3 4
278 946 1 1 1
697 947 1 2 2
580 948 1 1 1
738 948 4 2 6
1466 949 1 1 1
529 952 1 1 1
536 955 1 2 2
1333 954 1 1 1
286 956 1 2 2
405 956 9 3 13
569 957 1 1 1
571 956 1 1 1
598 957 2 3 5
744 957 1 1 1
810 956 1 1 1
1119 959 1 1 1
353 961 3 3 6
445 961 2 1 2
496 961 2 2 2
606 961 1 1 1
1392 961 1 1 1
1117 963 1 1 1
381 964 1 1 1
611 965 1 1 1
875 964 1 2 2
946 965 1 2 2
694 966 2 3 4
752 967 1 1 1
927 968 1 1 1
1419 969 2 1 2
701 970 1 1 1
1051 970 1 1 1
102 972 1 1 1
878 973 6 5 12
1013 973 1 1 1
1048 973 1 1 1
1121 972 3 3 8
279 975 3 2 3
384 974 2 3 4
718 974 1 1 1
1450 974 1 2 2
1765 975 1 1 1
52 976 1 1 1
1480 977 2 1 2
277 979 2 2 3
889 978 1 1 1
1031 978 4 9 13
1483 978 1 1 1
45 981 1 1 1
568 980 3 3 7
1042 980 6 3 8
440 983 2 2 3
741 983 1 1 1
825 982 2 2 2
960 982 1 1 1
343 985 3 2 4
714 984 1 1 1
1055 985 1 1 1
1080 984 10 7 33
1750 987 16 11 88
358 988 1 1 1
811 988 1 1 1
1120 989 1 1 1
1353 989 1 1 1
376 991 1 1 1
511 991 15 4 22
1043 990 1 1 1
1374 991 1 1 1
0 993 4 2 7
1028 995 1 4 4
1536 994 1 1 1
274 996 13 13 104
777 1000 1 1 1
919 1000 1 1 1
1145 1000 1 1 1
1195 1001 1 1 1
1260 1001 5 2 6
1288 1001 1 1 1
111 1002 1 1 1
820 1002 1 1 1
805 1005 1 1 1
1032 1004 1 1 1
1055 1005 4 3 7
1071 1004 1 10 10
481 1007 2 9 10
931 1006 1 2 2
948 1007 1 1 1
503 1009 1 1 1
901 1009 4 4 5
939 1009 3 3 8
680 1011 1 1 1
721 1011 1 1 1
1051 1011 2 2 3
266 1012 3 2 3
393 1012 1 1 1
525 1012 3 3 6
791 1012 1 1 1
628 1015 1 1 1
332 1017 1 1 1
829 1016 1 1 1
919 1016 1 1 1
1098 1017 1 1 1
204 1018 1 1 1
265 1018 1 1 1
335 1019 2 1 2
617 1018 3 2 6
935 1018 1 1 1
283 1021 1 4 4
565 1020 1 2 2
1153 1020 1 1 1
1253 1020 1 1 1
478 1023 1 1 1
611 1023 1 1 1
689 1022 3 2 5
923 1023 2 2 2
996 1023 1 1 1
710 1024 2 2 2
761 1025 1 1 1
847 1024 1 1 1
959 1025 1 1 1
955 1027 1 1 1
374 1030 2 1 2
777 1031 1 1 1
1236 1031 2 1 2
344 1033 1 1 1
368 1033 5 3 10
820 1032 1 1 1
914 1033 1 1 1
14 1035 1 1 1
516 1034 1 1 1
719 1034 2 2 3
751 1035 1 1 1
1136 1034 1 1 1
438 1037 1 1 1
587 1037 2 2 3
1250 1036 1 1 1
428 1039 2 2 2
1146 1038 9 4 16
475 1041 1 1 1
477 1040 1 1 1
581 1040 1 3 3
732 1041 4 2 5
593 1043 11 4 17
843 1042 2 1 2
970 1042 1 1 1
35 1044 4 3 8
16 1047 2 2 3
104 1046 1 1 1
871 1047 1 1 1
881 1047 1 2 2
660 1049 1 1 1
731 1049 1 1 1
852 1049 1 1 1
905 1049 1 1 1
923 1049 1 1 1
1459 1048 1 1 1
812 1050 1 2 2
1032 1050 2 1 2
1328 1051 3 1 3
644 1053 1 1 1
696 1052 1 1 1
783 1052 1 1 1
1042 1053 3 2 4
1657 1053 1 1 1
867 1055 3 7 9
1011 1055 1 1 1
454 1057 13 9 40
531 1057 1 1 1
671 1056 1 1 1
830 1057 1 2 2
522 1058 1 1 1
572 1060 1 1 1
924 1061 1 1 1
924 1060 15 24 101
1194 1060 2 2 2
1223 1061 1 1 1
1207 1062 1 1 1
866 1064 1 1 1
886 1064 1 1 1
1039 1064 1 1 1
1135 1064 1 1 1
148 1067 1 1 1
348 1066 1 1 1
433 1066 1 1 1
888 1067 2 2 3
956 1066 1 1 1
1277 1066 4 1 4
841 1069 1 1 1
878 1068 1 1 1
1028 1069 1 1 1
1125 1069 1 1 1
637 1070 1 1 1
966 1071 1 1 1
1022 1073 1 1 1
447 1074 2 1 2
655 1075 1 1 1
703 1075 1 1 1
919 1074 1 1 1
1681 1075 1 2 2
360 1076 1 1 1
1344 1077 1 1 1
1404 1077 3 4 7
1792 1078 5 4 14
42 1080 2 2 4
55 1081 1 1 1
493 1080 1 1 1
665 1080 1 1 1
647 1082 1 2 2
683 1082 2 1 2
872 1082 1 1 1
50 1084 5 5 16
261 1085 1 1 1
302 1085 2 2 3
790 1084 1 2 2
883 1085 2 2 3
942 1085 1 1 1
459 1086 4 8 11
554 1086 2 1 2
819 1087 1 1 1
853 1087 1 1 1
956 1087 1 1 1
1234 1086 1 1 1
39 1088 1 1 1
894 1088 1 1 1
1020 1088 1 1 1
967 1090 1 1 1
1295 1091 1 1 1
379 1093 2 1 2
749 1093 1 2 2
785 1092 1 2 2
820 1092 5 5 24
905 1093 1 1 1
1000 1092 1 1 1
1177 1092 1 1 1
1200 1092 2 1 2
1330 1092 1 1 1
1086 1095 1 1 1
1180 1094 2 1 2
1221 1095 1 1 1
669 1097 1 1 1
780 1096 1 1 1
953 1096 1 1 1
499 1099 5 7 13
591 1098 1 1 1
846 1098 1 1 1
903 1099 1 1 1
915 1099 2 1 2
1043 1098 1 1 1
1368 1099 1 1 1
681 1100 1 1 1
923 1100 2 1 2
1167 1101 2 1 2
467 1102 1 1 1
1080 1103 1 1 1
1092 1103 2 3 4
45 1105 1 1 1
326 1104 1 2 2
1026 1104 1 1 1
1044 1105 2 2 2
47 1107 1 1 1
364 1106 3 2 4
631 1107 4 6 11
974 1106 1 1 1
706 1109 1 1 1
709 1108 1 1 1
746 1108 1 1 1
883 1108 1 1 1
1151 1109 1 1 1
1307 1108 1 1 1
116 1110 1 1 1
488 1111 1 1 1
779 1111 1 1 1
792 1110 1 1 1
923 1110 1 1 1
1121 1110 1 2 2
1182 1110 6 2 7
1359 1111 1 1 1
839 1112 1 1 1
888 1112 1 1 1
1280 1112 1 1 1
749 1114 1 1 1
857 1115 2 1 2
921 1115 1 1 1
1042 1115 1 1 1
1179 1114 1 1 1
1227 1114 9 4 32
1176 1116 1 1 1
787 1118 1 1 1
936 1118 1 1 1
1016 1119 1 1 1
1123 1118 1 1 1
563 1120 2 1 2
821 1120 1 1 1
903 1121 1 1 1
918 1120 1 1 1
979 1120 2 1 2
1047 1121 1 1 1
1189 1120 7 11 52
1650 1120 1 1 1
370 1123 4 3 8
897 1123 1 1 1
1225 1123 1 1 1
1263 1122 4 3 9
1630 1123 1 1 1
1649 1122 1 2 2
641 1124 1 1 1
699 1124 1 1 1
770 1125 2 1 2
956 1125 8 2 9
1050 1125 4 5 10
1345 1125 1 1 1
343 1127 1 1 1
767 1127 2 1 2
911 1126 1 1 1
1071 1126 3 4 8
502 1129 1 1 1
822 1128 1 2 2
948 1128 1 1 1
1127 1129 3 2 4
18 1130 1 1 1
634 1130 3 4 6
916 1131 1 1 1
1060 1130 1 1 1
467 1133 1 1 1
814 1132 1 1 1
940 1132 1 1 1
998 1133 1 1 1
1096 1132 1 1 1
1230 1132 1 1 1
170 1135 4 3 8
790 1135 6 2 7
926 1134 13 18 73
964 1134 1 1 1
1078 1135 1 1 1
1185 1134 1 1 1
434 1137 1 2 2
538 1136 2 4 5
897 1136 2 1 2
954 1136 1 1 1
1015 1136 1 1 1
1491 1137 1 1 1
1546 1137 1 1 1
625 1139 1 1 1
720 1138 3 2 5
1036 1139 3 2 3
303 1140 2 2 2
761 1140 1 1 1
1159 1140 2 2 3
1024 1142 1 1 1
1287 1143 1 1 1
228 1145 3 3 5
519 1145 1 1 1
688 1145 1 2 2
960 1145 1 1 1
991 1144 11 4 15
1148 1144 1 1 1
1180 1145 1 1 1
1193 1145 1 1 1
15 1147 1 1 1
648 1146 2 5 7
811 1146 1 1 1
830 1146 12 13 48
1027 1147 1 1 1
1183 1147 1 1 1
13 1149 2 2 3
132 1149 1 1 1
455 1149 7 8 35
590 1149 1 1 1
851 1149 1 1 1
943 1149 3 3 6
1086 1149 3 2 5
1102 1149 1 1 1
1234 1148 2 4 5
1352 1148 1 1 1
582 1150 4 6 17
1073 1150 3 2 5
1188 1150 1 1 1
355 1153 4 8 24
694 1152 1 1 1
432 1155 6 6 19
1081 1155 1 1 1
1588 1155 1 1 1
542 1156 1 1 1
675 1156 1 3 3
888 1157 6 1 6
993 1157 1 1 1
1037 1156 1 1 1
1170 1157 1 1 1
1362 1156 1 1 1
1458 1157 5 1 5
606 1158 1 1 1
662 1158 1 1 1
686 1158 3 2 4
763 1158 1 1 1
1118 1159 1 1 1
1326 1158 1 1 1
1452 1158 4 3 7
360 1161 2 3 3
400 1161 1 1 1
777 1161 2 2 3
824 1161 3 2 5
1242 1160 1 1 1
810 1163 1 1 1
1083 1163 7 7 13
1112 1162 4 7 22
1138 1162 1 1 1
882 1165 1 2 2
939 1165 1 1 1
1008 1165 3 2 4
1019 1165 1 1 1
1060 1164 2 2 4
1145 1165 1 1 1
1190 1165 1 1 1
1346 1165 1 1 1
552 1167 1 1 1
1161 1167 1 1 1
1266 1167 1 1 1
1494 1166 1 1 1
453 1168 4 3 8
969 1168 1 1 1
1102 1168 1 1 1
1149 1168 2 1 2
1194 1169 1 1 1
1212 1168 1 1 1
1340 1168 1 1 1
1738 1168 3 2 4
1155 1171 1 1 1
222 1173 1 2 2
809 1172 1 1 1
1072 1172 2 3 4
1137 1173 2 1 2
429 1174 1 1 1
463 1174 1 1 1
1171 1174 1 1 1
1512 1175 1 1 1
415 1177 4 3 10
545 1177 1 1 1
555 1176 1 1 1
982 1177 1 1 1
990 1176 1 1 1
1029 1177 1 1 1
1095 1177 2 2 2
1277 1177 1 1 1
1459 1177 1 1 1
1564 1177 1 1 1
603 1179 2 2 2
849 1178 1 1 1
1241 1179 3 2 4
1475 1178 1 1 1
388 1180 3 2 3
507 1181 5 6 28
925 1180 2 2 3
978 1181 1 1 1
1071 1180 1 1 1
1086 1180 1 1 1
546 1182 4 5 15
848 1182 1 1 1
1205 1183 3 4 10
1224 1182 1 1 1
523 1185 1 1 1
630 1185 1 1 1
845 1185 1 1 1
891 1185 2 1 2
994 1185 1 1 1
668 1186 1 1 1
797 1187 1 1 1
838 1186 1 1 1
914 1187 1 1 1
1170 1186 3 4 8
1260 1187 1 2 2
625 1189 1 1 1
638 1189 1 1 1
948 1188 1 1 1
1143 1188 1 2 2
435 1190 1 1 1
660 1190 1 2 2
830 1191 1 1 1
951 1191 1 1 1
1154 1191 1 3 3
381 1193 1 1 1
515 1192 2 2 3
591 1192 1 1 1
643 1192 3 7 9
1084 1192 2 2 3
112 1195 1 2 2
429 1194 4 3 6
456 1195 1 1 1
853 1194 9 6 14
887 1195 1 1 1
928 1194 1 1 1
1037 1195 10 2 12
1081 1195 1 1 1
1131 1194 1 1 1
248 1197 3 6 11
763 1196 8 2 9
939 1196 2 1 2
504 1199 1 1 1
975 1199 10 2 11
1148 1199 1 1 1
525 1200 1 1 1
771 1200 1 1 1
875 1201 1 1 1
913 1201 10 7 29
992 1201 1 1 1
1107 1200 1 1 1
1214 1201 1 2 2
596 1202 1 1 1
795 1202 14 9 37
880 1202 1 1 1
789 1204 1 1 1
889 1205 1 1 1
948 1205 11 6 18
1005 1205 1 1 1
1114 1205 1 1 1
1282 1205 1 1 1
535 1206 1 2 2
564 1207 3 4 9
576 1207 1 1 1
832 1207 3 9 11
858 1206 13 12 60
1071 1206 1 1 1
1201 1206 1 1 1
1243 1207 1 1 1
549 1209 1 1 1
1292 1208 1 1 1
1401 1209 2 1 2
1603 1208 1 1 1
577 1210 1 1 1
1022 1210 1 1 1
1409 1210 1 1 1
1443 1211 2 2 3
202 1212 1 1 1
416 1213 1 1 1
477 1212 5 5 20
507 1213 1 1 1
812 1213 1 2 2
627 1214 1 1 1
644 1215 2 1 2
665 1214 1 1 1
823 1215 1 1 1
973 1215 6 4 9
980 1214 1 1 1
988 1214 17 14 82
1045 1215 3 4 6
650 1216 5 7 11
802 1217 1 1 1
940 1216 2 3 4
958 1216 1 1 1
1014 1217 1 1 1
1374 1217 1 1 1
440 1219 1 1 1
698 1219 1 1 1
816 1218 1 1 1
1116 1218 1 1 1
1159 1218 2 2 3
457 1221 1 1 1
707 1221 1 2 2
789 1220 2 2 3
1022 1221 1 1 1
1044 1220 1 2 2
1079 1220 4 3 9
1187 1220 1 1 1
1201 1221 1 1 1
328 1222 3 6 15
743 1222 1 1 1
902 1223 1 5 5
1202 1223 2 5 9
735 1225 1 3 3
1075 1224 1 4 4
1163 1225 2 3 6
1226 1224 1 4 4
1456 1225 1 3 3
549 1227 2 1 2
779 1226 1 2 2
848 1226 2 2 3
1014 1227 1 1 1
1097 1226 1 2 2
1284 1226 3 2 5
1645 1227 1 1 1
