0 0 1840 1228 2191748
525 0 6 8 39
603 0 6 19 94
810 0 15 15 78
1115 0 3 4 9
464 5 8 10 57
928 7 20 53 350
1222 7 7 8 43
770 8 8 11 74
968 8 21 12 133
875 11 8 13 74
1037 13 3 7 18
1076 16 8 13 77
1265 16 9 17 126
846 19 13 13 70
1203 20 21 15 183
206 24 10 21 137
582 25 5 7 23
1120 27 4 9 25
1129 26 1 1 1
776 29 4 4 11
757 30 10 25 132
881 31 8 27 124
995 30 3 7 15
796 32 5 7 25
1141 34 1 1 1
1370 35 13 24 217
1147 39 1 1 1
1216 38 22 23 239
1535 39 3 2 4
436 43 2 2 3
1113 42 7 8 42
983 44 13 40 334
1077 44 3 9 24
1551 44 1 1 1
456 46 3 4 7
612 50 18 22 136
605 55 3 4 8
466 57 6 9 41
513 57 6 9 39
1068 57 6 16 91
1181 56 2 2 3
1192 57 8 23 122
1169 59 7 9 52
824 60 4 9 32
938 61 4 8 28
869 63 3 4 9
863 67 66 57 712
1158 71 4 15 43
1392 70 9 10 60
748 73 10 16 93
1061 74 4 6 20
1251 75 10 19 146
504 76 5 5 14
873 77 6 3 10
965 76 5 5 20
1045 76 3 4 9
440 79 7 8 43
720 79 9 12 49
312 81 5 4 15
812 81 1 1 1
850 81 2 1 2
677 83 8 16 83
1052 82 3 4 11
869 89 1 1 1
829 91 2 1 2
1396 90 2 2 4
962 93 5 6 23
1075 93 1 2 2
805 94 1 1 1
1163 95 21 20 195
925 96 1 1 1
1212 97 9 16 108
977 99 1 1 1
1068 98 4 6 19
631 100 6 11 42
936 101 1 1 1
956 101 2 1 2
981 102 3 8 10
716 105 29 22 239
805 104 1 1 1
1111 105 17 21 154
581 107 5 7 28
1252 107 4 2 5
822 108 35 26 297
941 108 2 5 6
453 111 3 4 6
973 111 1 1 1
484 113 7 10 53
756 113 2 1 2
808 113 1 1 1
1093 112 9 24 129
945 115 1 1 1
789 116 1 1 1
927 117 3 1 3
995 117 1 1 1
803 123 11 14 67
942 122 32 42 419
988 122 1 2 2
1034 124 5 14 44
1143 127 11 23 184
1076 128 1 1 1
1357 128 11 22 151
917 130 18 24 183
867 133 20 17 163
1011 132 2 1 2
1103 134 24 48 439
733 136 8 7 18
827 136 1 1 1
839 136 2 1 2
1018 138 1 1 1
641 141 2 1 2
576 145 1 1 1
595 144 1 2 2
679 145 1 1 1
749 145 1 1 1
999 144 1 1 1
573 146 1 1 1
828 146 29 54 367
1040 146 9 8 28
1173 146 15 12 76
1379 147 5 12 38
295 149 7 6 32
740 149 1 1 1
991 149 1 1 1
449 151 2 2 3
554 151 11 10 82
1028 152 7 1 7
222 154 12 10 87
633 155 1 1 1
1020 155 6 11 31
782 156 13 29 130
856 156 115 56 1762
695 159 38 63 551
821 159 4 8 32
1080 158 1 1 1
771 160 1 1 1
999 160 1 1 1
1001 161 1 1 1
1138 163 4 9 28
988 164 2 1 2
1010 164 1 1 1
674 167 1 1 1
1012 167 1 1 1
761 168 1 1 1
1057 169 5 6 22
768 170 1 1 1
373 173 6 7 36
599 172 13 13 64
665 173 2 1 2
964 172 1 1 1
1187 172 9 13 76
702 175 1 1 1
774 174 1 1 1
876 175 1 1 1
1005 175 9 9 28
522 177 28 19 124
692 177 12 10 45
884 177 4 5 16
983 176 14 15 50
812 179 1 1 1
821 178 1 1 1
1026 179 5 3 7
1045 178 1 1 1
324 184 6 8 37
645 185 13 7 25
675 184 1 1 1
797 185 1 1 1
969 185 9 5 13
1017 185 1 1 1
1031 185 2 4 4
1054 185 5 13 44
1135 184 1 1 1
879 187 3 2 6
1359 186 22 8 82
453 189 7 22 76
498 189 5 8 36
714 188 3 1 3
859 189 1 1 1
874 189 2 1 2
1037 189 8 17 110
741 190 55 70 1531
787 191 1 5 5
814 190 2 1 2
598 192 1 2 2
707 192 1 1 1
1069 193 2 1 2
1086 192 2 2 4
979 195 2 1 2
1094 194 20 36 325
652 197 2 1 2
777 196 3 6 13
820 197 7 13 37
1219 197 9 13 86
358 199 6 6 22
584 199 4 8 26
665 198 1 1 1
679 198 1 1 1
804 198 1 1 1
1171 198 3 7 15
600 201 2 4 7
807 201 2 1 2
1061 200 1 1 1
1139 201 8 12 69
441 203 1 1 1
924 205 1 1 1
149 207 5 4 12
914 206 1 1 1
1202 207 2 1 2
732 211 3 2 5
828 210 1 5 5
944 210 2 1 2
1359 211 17 26 202
790 212 1 1 1
851 212 1 1 1
545 215 4 7 23
802 217 1 1 1
845 216 1 1 1
856 216 4 7 14
868 217 1 1 1
885 219 16 32 251
1179 218 6 9 40
788 221 1 1 1
806 223 1 1 1
1035 223 2 1 2
603 224 34 26 248
836 225 1 1 1
881 225 2 2 3
951 224 2 1 2
958 226 1 1 1
795 229 2 1 2
847 230 1 1 1
838 233 1 1 1
850 233 1 1 1
1125 232 5 5 22
920 236 1 1 1
941 237 1 1 1
1077 236 22 40 459
1201 241 12 11 54
1135 242 9 16 118
475 244 6 7 30
839 244 2 1 2
1175 245 25 18 146
532 247 6 9 37
828 246 14 31 182
861 247 2 1 2
926 247 8 20 111
948 246 3 3 9
996 247 2 1 2
1351 247 5 4 11
726 248 2 1 2
811 248 1 1 1
1154 251 2 1 2
684 252 3 1 3
730 253 15 25 145
884 252 10 20 72
1792 255 1 1 1
1225 257 5 5 16
1160 258 7 11 54
455 260 2 1 2
524 262 4 4 9
1118 268 2 3 6
1039 270 2 5 9
776 273 1 1 1
1071 273 2 1 2
643 275 1 1 1
752 275 3 1 3
784 274 2 1 2
1148 274 1 2 2
712 276 4 1 4
839 276 3 3 8
1093 277 1 1 1
882 278 14 10 48
1338 278 23 19 217
830 281 2 1 2
1155 281 1 1 1
514 283 11 6 29
1186 283 7 14 81
1044 287 7 11 59
643 289 5 4 17
691 289 1 1 1
744 290 1 1 1
490 292 1 1 1
861 293 1 2 2
1153 293 2 8 11
1172 293 5 5 14
641 294 1 1 1
959 295 3 5 8
472 297 6 7 25
702 298 3 1 3
831 298 2 3 4
1262 299 9 14 94
772 300 1 1 1
1146 301 1 1 1
1441 301 4 2 5
735 303 18 44 293
846 302 2 1 2
849 303 8 13 35
974 302 2 5 10
595 304 1 1 1
1029 304 3 3 5
340 307 1 3 3
978 309 1 1 1
1132 309 2 1 2
373 311 3 1 3
767 311 1 1 1
861 312 1 2 2
1218 313 2 8 10
820 314 15 68 544
877 316 1 2 2
1063 318 6 3 17
1099 318 2 3 4
516 320 1 1 1
575 320 2 2 3
644 320 1 1 1
785 321 1 1 1
1032 321 3 4 10
572 326 1 1 1
589 329 4 6 9
646 329 1 1 1
898 330 9 14 68
1176 337 10 20 122
773 338 4 8 29
593 343 1 1 1
1203 343 7 14 76
1228 342 1 1 1
1049 344 2 1 2
1116 344 19 18 210
1325 345 9 11 79
780 347 1 1 1
513 351 7 12 57
582 351 1 1 1
880 351 4 6 18
220 353 7 5 28
472 353 5 6 21
930 352 13 5 33
1381 353 9 13 86
572 356 1 1 1
707 356 7 11 60
989 357 8 21 142
1031 356 2 2 3
1094 356 8 8 47
536 361 4 9 23
637 362 26 28 175
776 364 3 7 18
746 367 1 1 1
1326 366 4 4 16
266 368 5 5 13
1108 369 2 1 2
1220 371 7 8 32
471 372 5 8 33
545 373 1 1 1
787 373 1 1 1
548 374 1 1 1
457 378 5 8 31
1026 378 2 3 5
1047 379 26 32 259
924 380 1 1 1
952 382 8 13 81
1076 383 6 9 38
1111 383 18 25 278
528 384 1 1 1
602 384 4 9 33
897 385 2 10 11
917 384 1 1 1
811 386 6 9 49
885 386 1 1 1
916 387 1 1 1
690 388 1 1 1
788 391 1 1 1
928 391 1 1 1
557 393 2 3 5
625 393 5 5 15
839 393 1 1 1
1521 393 2 1 2
1525 392 3 1 3
1209 395 9 15 97
685 396 2 3 5
921 396 4 6 14
1089 397 9 23 113
675 398 1 1 1
864 399 1 1 1
578 400 3 3 7
598 401 1 1 1
881 400 20 40 299
776 402 2 1 2
906 403 3 2 4
927 402 8 11 62
836 404 1 1 1
766 407 1 1 1
821 406 24 52 463
987 406 1 1 1
973 408 13 11 67
637 410 1 1 1
685 411 2 1 2
869 411 3 8 18
910 411 14 19 118
955 410 1 1 1
186 412 6 4 22
600 412 4 5 16
779 412 1 1 1
1319 413 3 3 5
644 415 4 4 7
847 415 9 1 9
624 416 2 1 2
772 416 3 2 4
1109 416 2 3 5
792 418 2 1 2
1220 418 7 8 41
496 420 5 4 12
802 420 1 1 1
630 422 5 9 39
709 422 4 2 4
723 423 2 1 2
977 423 1 1 1
1064 426 2 3 6
1173 426 6 9 43
558 431 3 1 3
562 430 3 1 3
739 430 9 13 54
1063 431 1 1 1
1349 430 15 37 191
582 432 2 1 2
910 432 1 1 1
950 432 1 1 1
1038 432 13 15 107
518 434 2 2 4
865 434 2 1 2
1017 434 3 2 5
1550 435 2 1 2
660 437 5 1 5
1132 436 5 8 20
493 439 1 2 2
876 438 1 1 1
879 439 58 63 720
888 441 1 1 1
854 442 2 2 3
1013 443 2 5 10
1324 443 2 1 2
498 445 24 17 72
779 445 2 4 7
797 444 1 1 1
864 444 3 5 9
1123 444 1 1 1
1155 445 5 5 19
1295 444 7 9 50
971 446 2 2 4
269 448 5 2 8
575 449 1 2 2
906 448 1 2 2
928 448 2 1 2
936 449 9 8 16
1016 449 8 7 26
582 451 1 1 1
1103 451 2 4 7
891 453 3 1 3
959 454 4 2 5
850 456 19 46 202
1064 456 14 11 99
1170 456 19 27 261
593 459 1 1 1
663 459 2 1 2
738 459 6 11 44
765 459 1 1 1
1028 458 2 5 9
548 461 1 1 1
576 461 2 10 12
640 460 13 14 66
702 461 1 1 1
1091 462 3 1 3
565 465 1 1 1
829 464 1 1 1
966 464 1 1 1
969 465 1 1 1
683 466 1 1 1
1007 466 3 6 11
1149 466 5 3 8
1200 468 41 33 539
770 470 4 5 16
830 472 9 27 114
1124 473 2 2 3
502 475 1 1 1
985 474 2 2 3
498 476 1 1 1
774 477 2 2 3
1337 476 8 12 78
325 478 5 5 19
473 478 4 4 14
518 479 6 10 36
546 478 2 1 2
1012 479 1 1 1
790 480 1 2 2
1021 483 3 1 3
1503 483 1 1 1
499 485 4 3 9
594 484 4 4 16
1047 484 1 1 1
1137 485 5 6 25
694 486 1 1 1
462 489 1 1 1
976 488 2 2 3
418 491 1 1 1
589 490 1 1 1
766 491 1 4 4
780 491 7 15 71
490 492 1 1 1
452 494 4 8 14
749 497 5 10 34
760 497 2 1 2
878 496 33 35 407
650 498 1 1 1
659 499 1 3 3
986 498 2 2 3
1003 499 5 6 15
1021 498 2 2 4
92 500 4 2 7
1155 500 5 6 13
934 505 1 1 1
1043 505 21 10 70
929 507 4 6 15
503 509 4 4 10
770 508 7 8 27
830 509 3 2 4
840 508 1 1 1
844 509 14 20 125
720 510 1 1 1
350 512 2 1 2
788 513 4 10 13
573 515 2 7 8
303 517 2 1 2
768 517 1 1 1
1270 516 6 6 25
305 519 1 2 2
545 518 1 1 1
553 519 1 1 1
1179 518 1 1 1
1307 519 7 8 37
738 521 4 25 42
966 520 1 3 3
1069 521 1 1 1
307 525 2 1 2
597 525 4 3 8
864 525 1 1 1
507 526 7 1 7
725 527 1 1 1
1097 526 1 1 1
665 529 7 3 16
866 528 1 1 1
1216 529 5 4 14
372 530 1 2 2
383 531 1 1 1
467 531 1 1 1
1199 530 1 1 1
645 532 4 7 22
782 532 3 3 7
277 535 1 1 1
279 534 1 1 1
672 535 2 4 7
837 535 34 29 338
1091 535 1 1 1
1190 535 6 10 52
303 537 5 1 5
386 537 2 3 6
514 537 1 1 1
530 537 13 5 36
903 537 10 15 88
1008 537 1 2 2
602 539 1 1 1
584 540 3 1 3
1120 541 5 5 19
208 542 2 2 4
770 543 1 1 1
966 545 2 5 8
794 547 1 1 1
814 547 8 25 87
954 546 1 3 3
1050 547 13 26 134
554 549 1 1 1
576 548 8 9 37
732 549 4 12 26
1110 549 2 2 3
492 550 1 1 1
802 550 2 1 2
977 551 3 3 9
1086 551 1 1 1
1119 551 20 20 174
236 553 1 1 1
1085 553 1 1 1
1233 552 7 11 47
1342 553 11 12 88
1619 553 2 1 2
700 555 1 1 1
593 556 3 1 3
648 556 1 1 1
1320 557 7 7 33
1615 556 4 2 5
558 559 1 1 1
986 558 2 2 2
1185 559 1 1 1
507 560 4 3 9
609 561 6 9 29
622 560 1 1 1
1008 560 1 1 1
709 562 2 1 2
523 565 1 1 1
539 564 2 1 2
678 564 3 4 8
803 565 2 3 6
407 567 1 1 1
461 567 1 1 1
484 566 3 4 5
763 567 1 1 1
706 569 2 1 2
1523 568 5 2 6
213 570 4 2 5
849 570 1 2 2
969 570 1 2 2
551 572 2 1 2
827 572 3 2 5
1175 573 2 3 5
1407 572 1 1 1
541 574 1 1 1
891 574 4 4 13
927 575 1 1 1
1133 575 8 16 98
1293 574 20 18 110
315 576 1 1 1
515 576 4 3 9
532 577 3 7 10
797 577 1 1 1
488 578 2 1 2
715 578 1 1 1
1050 579 1 1 1
364 581 4 3 8
727 582 8 26 103
988 583 1 2 2
855 584 13 19 95
914 584 6 15 71
559 586 1 2 2
781 586 3 4 8
1033 587 1 1 1
806 589 5 12 55
937 589 1 1 1
1114 588 11 43 239
1335 589 2 1 2
991 591 1 2 2
1015 591 15 15 80
1097 590 1 1 1
660 593 4 3 5
747 592 1 1 1
838 593 5 2 5
1040 593 1 2 2
206 594 1 1 1
825 594 1 2 2
1149 594 5 7 22
606 597 1 1 1
745 597 1 1 1
931 597 6 2 12
940 599 3 3 5
1087 598 2 3 4
512 600 2 2 3
510 602 1 1 1
765 603 5 7 24
1001 603 1 1 1
407 604 1 1 1
708 605 1 1 1
815 605 1 1 1
823 605 15 18 119
1212 605 16 22 110
684 606 12 7 28
984 607 1 3 3
1012 606 5 7 22
1051 606 20 23 172
1172 606 6 8 31
1360 607 6 4 15
397 608 1 1 1
754 608 3 1 3
1276 608 6 8 36
504 612 3 5 11
591 612 1 1 1
800 612 1 1 1
849 613 5 8 31
999 613 1 1 1
1029 612 1 1 1
574 614 7 3 11
638 614 3 5 12
889 615 2 2 4
932 614 18 18 68
794 617 5 10 24
881 617 5 6 21
914 616 6 9 19
123 619 2 2 3
518 619 1 1 1
760 618 1 1 1
583 621 1 2 2
1021 621 5 18 53
1468 623 1 1 1
618 624 2 1 2
658 625 2 2 2
750 625 1 1 1
768 625 1 1 1
845 624 2 3 5
274 627 3 2 5
466 627 2 1 2
893 626 2 2 4
1084 627 20 12 111
834 628 10 29 79
99 630 1 1 1
581 630 7 15 33
668 630 1 1 1
736 631 1 1 1
814 631 5 5 12
629 633 1 1 1
631 632 1 1 1
948 632 1 1 1
1005 632 7 3 15
1174 633 9 20 142
515 634 1 1 1
717 634 2 1 2
866 634 4 7 22
1193 635 5 4 13
211 636 5 4 13
688 636 1 1 1
1250 636 8 19 99
706 639 6 9 46
932 639 12 17 68
1156 638 1 1 1
446 640 2 3 4
489 641 1 1 1
1058 641 1 1 1
376 642 1 1 1
774 642 1 1 1
1110 643 1 1 1
750 645 2 2 3
809 645 1 1 1
822 645 2 3 4
961 644 1 3 3
908 647 1 2 2
1074 647 10 9 42
1351 647 1 1 1
1458 646 1 1 1
41 649 3 2 4
647 649 1 1 1
73 650 1 1 1
616 651 3 5 13
673 650 1 10 10
799 651 2 2 4
924 651 1 1 1
927 650 1 1 1
1158 651 4 4 9
513 653 1 1 1
850 653 2 1 2
1022 652 2 4 6
1120 653 7 10 50
847 654 1 1 1
1294 654 6 6 25
959 656 1 4 4
1095 656 5 6 16
478 659 1 2 2
731 658 1 1 1
716 660 1 1 1
170 662 2 2 3
301 663 1 1 1
435 662 2 2 3
645 663 4 2 6
735 662 9 6 26
1067 662 1 1 1
1202 663 1 1 1
339 664 5 6 18
1039 664 1 1 1
614 666 1 1 1
725 666 1 1 1
823 666 2 1 2
853 666 16 15 101
819 668 3 13 18
920 668 36 26 425
977 669 2 4 5
1287 669 12 22 148
1314 668 1 1 1
753 671 1 1 1
1096 671 1 2 2
369 672 3 1 3
718 673 1 1 1
710 675 8 3 12
884 674 2 3 4
237 677 6 5 22
401 677 4 4 12
529 676 3 2 5
843 678 1 1 1
1057 678 1 1 1
1165 678 20 26 214
1206 680 1 1 1
232 682 2 1 2
519 682 1 2 2
649 682 10 10 29
871 682 16 18 145
722 685 1 1 1
750 685 1 2 2
597 686 1 1 1
987 688 1 1 1
767 690 1 1 1
838 690 11 36 156
1047 690 3 2 4
339 692 2 10 11
421 693 3 2 5
425 692 4 1 4
620 693 2 1 2
808 693 1 1 1
1105 693 6 7 29
488 694 10 11 52
716 694 2 1 2
789 695 1 3 3
1028 694 1 2 2
1497 694 1 2 2
213 696 1 1 1
702 697 3 2 4
760 696 1 1 1
1061 697 1 1 1
508 698 3 6 11
811 699 2 1 2
1485 698 1 1 1
1509 699 1 1 1
370 701 1 1 1
419 700 1 1 1
757 701 1 1 1
461 703 1 1 1
690 702 1 1 1
1384 702 1 1 1
302 705 1 2 2
389 704 13 2 14
673 705 2 1 2
700 705 1 1 1
1046 704 14 16 96
365 707 3 3 7
377 707 4 3 9
620 707 1 1 1
1438 706 1 1 1
880 709 5 10 21
273 710 2 1 2
581 711 2 3 3
661 711 3 2 3
1070 711 7 14 47
433 712 1 1 1
519 714 2 3 5
736 715 4 7 21
701 717 14 8 42
773 717 7 22 56
967 716 1 3 3
1139 717 4 4 13
380 719 9 3 18
443 718 7 4 18
1102 719 10 26 162
1507 721 1 1 1
437 722 1 1 1
748 723 1 1 1
904 723 1 1 1
152 724 1 1 1
433 724 1 1 1
1276 724 5 5 18
1511 724 1 1 1
589 726 14 1 14
1044 727 5 3 13
1138 726 1 3 3
1263 726 1 1 1
851 729 4 8 27
1121 729 1 1 1
496 731 1 6 6
547 730 1 1 1
662 730 1 1 1
735 731 2 4 5
793 731 7 4 17
817 730 1 1 1
882 730 2 2 4
1405 730 1 1 1
1440 730 3 2 4
350 732 3 3 4
1292 733 1 1 1
345 735 4 4 7
548 734 1 1 1
841 734 1 1 1
664 735 399 308 28506
1132 734 1 1 1
1176 735 1 2 2
1189 734 5 6 17
800 737 1 1 1
822 736 1 2 2
1293 736 3 2 5
159 739 2 2 3
220 739 1 1 1
291 738 4 5 12
925 738 1 1 1
334 740 2 1 2
364 740 2 2 3
474 740 2 2 3
499 740 2 4 5
521 741 1 1 1
544 741 2 2 2
580 742 5 11 14
744 743 48 78 508
952 742 1 1 1
984 742 1 1 1
600 745 2 2 2
815 744 5 17 65
1414 744 1 1 1
381 746 1 1 1
462 746 1 1 1
636 746 1 1 1
767 747 1 1 1
516 748 2 2 3
1498 748 4 2 5
705 752 6 3 11
724 752 1 1 1
737 752 1 2 2
749 752 5 3 11
1131 752 6 15 69
1190 753 12 8 48
1632 752 1 1 1
281 755 1 1 1
365 755 1 1 1
395 755 1 1 1
543 754 1 1 1
1158 755 1 1 1
638 756 1 1 1
720 756 2 1 2
362 759 1 1 1
805 759 1 3 3
338 760 2 2 2
862 764 2 3 4
1171 765 6 9 41
1408 764 1 1 1
742 766 3 2 4
821 767 2 7 12
1106 767 1 1 1
544 769 1 1 1
713 769 7 3 20
747 768 1 2 2
789 769 1 1 1
567 771 1 2 2
695 770 1 1 1
698 771 1 1 1
757 770 2 1 2
840 771 1 1 1
1457 770 2 2 3
400 773 1 1 1
517 773 3 2 4
586 772 7 4 17
632 772 4 4 9
700 773 1 1 1
721 773 1 1 1
796 772 1 1 1
811 772 1 1 1
968 772 1 1 1
1267 772 8 30 122
461 775 2 3 4
474 774 1 1 1
509 776 4 2 4
556 777 3 2 5
252 778 1 1 1
1110 779 4 1 4
1140 778 1 1 1
542 780 1 1 1
875 780 5 10 34
1074 780 4 7 23
1293 780 1 1 1
1390 780 5 8 13
16 782 1 1 1
299 782 4 3 6
816 783 8 10 52
825 782 2 1 2
232 785 3 2 4
992 784 1 1 1
1175 785 5 5 20
511 787 22 21 142
584 787 1 1 1
750 787 2 2 4
417 789 1 1 1
698 789 1 2 2
997 788 5 10 39
1225 789 1 1 1
434 790 4 2 5
744 791 4 12 16
945 791 1 1 1
500 792 1 1 1
452 795 2 1 2
1243 794 3 3 5
554 796 1 1 1
665 797 2 1 2
1122 796 5 16 69
382 799 1 1 1
384 798 1 1 1
588 798 9 5 13
618 799 1 1 1
677 800 1 1 1
299 802 1 2 2
741 803 1 1 1
832 803 1 1 1
159 805 1 1 1
624 805 8 13 85
1089 804 15 12 72
1184 805 4 3 8
1375 805 1 1 1
1517 805 1 1 1
21 807 2 2 2
173 806 2 1 2
727 807 4 2 5
876 806 1 1 1
968 807 4 6 21
1073 806 1 1 1
488 808 2 3 5
561 809 1 1 1
710 808 1 1 1
1149 809 7 19 89
642 810 1 1 1
771 810 14 21 113
940 810 2 2 3
595 812 1 1 1
565 815 1 1 1
576 815 1 1 1
694 815 3 1 3
799 814 17 52 254
858 815 4 7 16
505 817 1 1 1
544 817 1 1 1
832 817 8 6 26
1049 816 10 8 56
1127 816 9 9 62
333 818 1 1 1
552 818 3 3 9
703 820 1 1 1
916 821 3 5 10
1004 821 4 4 12
1196 820 2 1 2
659 822 2 2 3
684 822 1 1 1
586 825 2 4 5
667 824 1 1 1
1096 825 2 2 4
99 827 1 1 1
444 827 1 1 1
473 826 1 1 1
709 827 3 1 3
1265 827 1 1 1
20 829 1 2 2
509 828 5 4 7
713 829 1 1 1
745 831 2 4 6
1117 831 9 9 68
525 832 1 1 1
673 832 4 4 12
1204 832 1 2 2
292 834 1 1 1
319 834 1 1 1
649 835 1 1 1
757 835 2 1 2
981 834 4 4 15
1141 834 5 5 19
1363 835 1 1 1
444 837 6 3 9
638 837 2 2 2
747 836 9 5 13
765 837 2 1 2
914 837 1 2 2
1081 836 2 2 3
1296 837 1 1 1
775 839 13 14 38
833 839 1 1 1
947 838 1 4 4
1093 838 10 27 90
629 840 3 3 8
844 841 3 6 14
668 843 1 1 1
678 842 2 2 4
925 842 1 1 1
989 843 3 3 5
1128 842 9 9 54
578 844 3 4 11
337 847 2 2 3
720 847 1 1 1
274 848 1 1 1
583 848 3 4 8
636 848 3 3 7
732 848 70 38 652
488 851 5 3 10
653 851 4 4 6
1252 850 1 1 1
87 852 2 1 2
314 852 3 4 7
597 852 1 2 2
946 852 1 3 3
1243 853 4 4 15
383 855 1 1 1
425 855 4 3 6
514 855 3 12 25
526 855 3 6 15
605 855 3 2 5
1079 854 1 3 3
310 857 2 3 3
670 857 3 4 7
1745 857 3 1 3
569 859 1 1 1
1264 859 12 8 45
1330 858 1 1 1
588 861 3 1 3
730 860 1 1 1
339 863 1 1 1
1114 863 5 5 17
583 867 4 3 9
636 867 1 1 1
231 869 4 3 6
388 868 1 1 1
638 869 1 1 1
836 868 1 2 2
919 868 1 1 1
1430 869 6 6 15
523 873 4 4 9
826 872 1 1 1
489 874 1 1 1
658 874 1 1 1
1084 874 5 8 25
1096 875 1 1 1
551 876 10 3 13
344 878 2 2 3
439 878 5 4 10
549 879 1 1 1
664 878 2 1 2
1060 878 5 10 36
1447 878 1 1 1
574 883 1 1 1
477 884 1 1 1
689 885 3 2 5
890 884 4 1 4
1098 884 2 2 2
1420 884 1 2 2
914 886 1 4 4
1109 887 8 20 89
472 888 3 2 4
565 889 1 1 1
1349 889 1 1 1
419 890 1 1 1
539 890 6 4 14
591 890 6 2 8
1396 891 2 1 2
1522 890 4 3 6
1562 891 3 2 5
1725 890 1 1 1
847 893 1 1 1
275 894 4 2 7
819 895 3 6 17
545 896 1 1 1
889 896 1 2 2
1246 897 1 1 1
1261 897 7 8 29
1355 896 4 2 7
1447 896 1 1 1
456 899 2 2 4
353 900 1 1 1
483 901 5 2 9
1150 900 1 1 1
1614 900 2 1 2
866 902 1 1 1
929 902 1 1 1
1058 902 15 11 69
781 904 1 1 1
901 904 1 1 1
945 904 1 2 2
1575 904 1 1 1
80 907 1 1 1
778 906 1 2 2
258 909 1 2 2
374 908 1 1 1
625 910 1 1 1
934 910 1 2 2
507 912 2 2 3
650 912 1 1 1
804 913 1 2 2
856 912 1 2 2
884 912 1 1 1
1647 912 4 3 7
626 914 1 1 1
780 914 1 2 2
1694 915 1 1 1
484 916 6 3 15
1113 917 4 1 4
1094 919 1 3 3
1152 919 5 11 28
1220 919 1 1 1
643 921 3 2 3
333 922 4 4 5
436 923 3 3 6
1121 922 4 10 25
618 924 4 5 15
484 927 1 1 1
534 926 2 6 10
634 926 3 1 3
1074 926 4 7 23
424 928 1 1 1
443 928 1 1 1
510 931 1 1 1
1396 931 1 1 1
451 932 1 1 1
623 934 1 1 1
24 936 1 1 1
363 936 1 1 1
627 936 1 1 1
1088 939 1 1 1
549 941 2 1 2
581 941 1 3 3
647 940 4 8 11
388 942 1 1 1
517 943 1 1 1
557 942 1 2 2
1160 943 1 1 1
1384 942 1 1 1
400 944 1 1 1
34 947 1 1 1
503 948 3 3 5
1065 948 4 8 30
1119 948 3 3 7
1392 949 1 1 1
1169 950 1 1 1
1270 951 1 1 1
1022 953 5 6 24
1268 952 1 1 1
461 954 1 1 1
358 956 1 1 1
494 957 1 1 1
572 956 9 8 23
13 958 2 2 2
1030 959 2 5 9
1078 958 4 5 12
1202 958 1 1 1
1290 962 5 3 9
1452 962 1 1 1
57 964 2 1 2
115 964 1 1 1
322 965 1 1 1
599 965 1 1 1
501 966 7 13 53
1176 966 1 1 1
448 969 5 8 19
1130 968 5 7 24
565 970 1 1 1
1351 970 1 1 1
535 972 2 1 2
518 974 1 1 1
1223 974 9 18 77
1280 975 1 1 1
613 977 1 2 2
690 977 1 1 1
307 981 13 19 114
523 981 5 3 7
600 981 1 1 1
1423 980 1 1 1
1447 983 1 1 1
626 986 1 1 1
1312 987 1 1 1
469 988 1 1 1
710 989 1 1 1
1100 988 2 1 2
149 991 1 1 1
500 990 1 2 2
375 993 1 3 3
476 992 1 1 1
526 993 4 3 10
620 992 1 1 1
1080 993 3 4 6
1406 992 1 1 1
294 996 1 1 1
1017 997 12 16 98
1114 997 4 4 10
98 998 2 1 2
763 998 1 7 7
1237 999 1 1 1
441 1000 1 2 2
553 1000 1 1 1
699 1000 2 2 3
1239 1001 1 1 1
588 1002 2 2 3
636 1003 2 2 2
709 1003 2 2 2
1173 1002 4 6 22
607 1004 5 6 17
1058 1004 1 1 1
543 1007 1 1 1
367 1011 4 3 10
389 1011 7 5 26
799 1010 1 1 1
1199 1012 1 1 1
184 1015 1 1 1
286 1015 2 3 4
586 1014 1 1 1
740 1014 1 1 1
762 1015 1 1 1
1235 1014 1 1 1
317 1016 2 3 4
337 1016 2 1 2
399 1017 2 1 2
742 1016 3 1 3
1035 1017 5 6 22
689 1019 1 1 1
1116 1018 1 1 1
329 1020 1 1 1
574 1020 1 1 1
606 1023 2 3 4
694 1023 1 1 1
814 1023 1 1 1
887 1023 3 4 10
1134 1022 3 3 5
1383 1022 3 2 5
1457 1023 1 2 2
478 1025 1 2 2
1123 1025 8 10 65
746 1026 1 1 1
804 1027 1 1 1
1064 1026 4 4 14
721 1028 8 1 8
1051 1028 1 1 1
1092 1029 1 1 1
1236 1029 1 1 1
277 1032 2 2 4
1141 1033 3 2 4
529 1034 1 1 1
1071 1035 1 1 1
553 1037 1 1 1
818 1037 2 9 13
1001 1037 13 20 109
551 1039 1 1 1
564 1038 1 3 3
746 1038 2 1 2
1031 1040 1 1 1
1029 1043 1 1 1
278 1044 1 1 1
664 1044 1 1 1
776 1044 1 1 1
1126 1045 4 5 13
1143 1044 1 1 1
275 1046 2 1 2
459 1046 1 1 1
720 1046 3 3 7
765 1047 3 8 15
847 1047 1 2 2
989 1046 3 12 28
1416 1046 5 5 15
1485 1047 2 1 2
272 1049 2 2 2
599 1048 2 1 2
732 1048 3 6 14
339 1050 3 2 5
452 1051 1 1 1
813 1051 2 11 16
52 1052 1 1 1
66 1053 2 2 3
1040 1052 4 8 28
6 1054 1 1 1
384 1055 6 7 16
797 1055 2 2 3
1122 1055 1 1 1
1149 1056 1 1 1
1192 1057 1 1 1
1240 1057 3 2 4
1340 1056 1 1 1
761 1058 1 1 1
527 1061 1 1 1
1028 1060 5 15 57
1110 1060 1 1 1
1198 1060 3 4 10
382 1062 1 1 1
1263 1063 1 1 1
262 1064 10 13 83
533 1065 1 3 3
749 1065 1 1 1
759 1064 2 2 4
803 1064 11 12 24
580 1067 2 2 3
650 1067 3 1 3
1050 1067 5 9 38
1585 1066 1 1 1
201 1068 1 1 1
283 1069 1 1 1
359 1069 2 2 3
795 1069 1 2 2
1216 1068 8 3 15
116 1070 1 1 1
322 1070 3 2 4
415 1071 1 1 1
684 1070 1 1 1
1166 1071 3 4 7
625 1073 1 1 1
1208 1072 1 1 1
755 1074 2 4 6
828 1075 3 5 13
333 1076 1 1 1
589 1076 7 20 69
1062 1076 4 7 23
1292 1076 1 1 1
251 1078 1 1 1
705 1078 2 4 5
517 1081 1 2 2
604 1081 1 1 1
457 1083 5 3 7
790 1082 1 1 1
717 1085 2 3 4
778 1084 1 1 1
1002 1085 10 5 17
1023 1085 2 2 4
1078 1084 8 6 27
1192 1085 1 2 2
1675 1087 1 1 1
52 1088 12 10 26
576 1089 1 1 1
809 1090 1 1 1
402 1092 2 1 2
534 1092 2 1 2
821 1093 2 2 3
1232 1093 3 2 6
607 1095 1 2 2
706 1095 1 1 1
824 1095 1 1 1
999 1095 1 1 1
1145 1094 1 1 1
1112 1097 3 6 16
521 1099 1 1 1
523 1098 3 1 3
1449 1099 1 1 1
1037 1102 2 7 10
1051 1102 14 11 78
536 1105 2 2 2
821 1105 4 13 20
547 1107 1 2 2
483 1108 1 1 1
608 1108 3 1 3
1104 1109 3 1 3
1189 1109 1 1 1
262 1112 1 1 1
552 1112 2 1 2
957 1112 1 1 1
1144 1112 2 3 3
1732 1112 1 1 1
50 1114 1 1 1
521 1114 1 3 3
805 1115 13 16 39
1343 1114 1 1 1
305 1116 1 1 1
555 1117 2 2 3
581 1117 1 1 1
584 1116 1 1 1
729 1117 1 1 1
996 1116 3 7 18
459 1118 4 3 9
1499 1118 1 1 1
330 1121 1 1 1
487 1121 1 1 1
510 1120 5 7 15
1167 1121 1 1 1
324 1123 2 3 4
469 1123 2 1 2
639 1122 1 2 2
730 1122 1 1 1
1067 1122 12 7 35
793 1124 1 3 3
967 1125 1 1 1
1092 1125 3 12 34
909 1127 1 1 1
1590 1127 2 3 4
20 1129 1 1 1
493 1129 1 1 1
725 1128 1 2 2
843 1128 2 4 8
1255 1129 1 1 1
1174 1130 2 1 2
446 1133 1 1 1
677 1135 9 2 10
1526 1134 1 1 1
1436 1136 1 1 1
106 1138 1 1 1
552 1139 2 3 5
968 1139 5 3 9
1044 1139 2 6 7
419 1141 1 1 1
629 1141 2 3 5
811 1140 1 2 2
462 1143 4 3 8
614 1143 1 1 1
769 1143 2 3 4
1141 1143 1 1 1
1278 1143 3 4 5
9 1145 1 2 2
371 1144 1 1 1
682 1145 5 3 8
957 1144 3 5 15
634 1147 2 1 2
708 1147 1 2 2
852 1148 3 12 32
295 1150 1 1 1
297 1151 2 2 3
1346 1150 1 1 1
779 1152 1 1 1
866 1153 1 2 2
1167 1154 1 2 2
251 1157 1 1 1
557 1156 2 6 6
649 1156 1 1 1
1135 1156 1 1 1
411 1158 1 1 1
542 1158 1 1 1
408 1161 1 1 1
742 1162 1 1 1
688 1165 1 1 1
787 1165 1 3 3
1081 1164 9 17 55
642 1166 2 3 4
1036 1169 3 8 18
385 1170 10 8 43
665 1171 3 1 3
129 1172 3 2 5
553 1173 1 1 1
1011 1172 1 1 1
1013 1173 1 2 2
1129 1172 2 1 2
1547 1172 2 2 4
95 1175 1 1 1
541 1174 2 2 4
905 1175 1 2 2
534 1177 1 1 1
567 1176 4 6 15
678 1176 2 2 3
1756 1176 1 1 1
1796 1177 19 14 130
732 1179 1 2 2
405 1180 1 1 1
787 1180 3 3 7
1026 1180 7 13 52
1067 1181 8 15 67
1414 1180 1 1 1
310 1185 1 1 1
373 1184 2 2 3
508 1185 1 1 1
784 1184 1 2 2
981 1184 5 14 30
774 1186 3 3 8
1335 1186 1 1 1
935 1189 1 1 1
1181 1188 3 7 14
1572 1189 1 1 1
86 1190 1 1 1
605 1190 2 10 13
802 1190 3 2 3
939 1191 1 1 1
827 1192 1 1 1
1118 1193 1 2 2
1131 1192 2 4 7
293 1194 2 1 2
510 1194 10 3 22
584 1195 1 1 1
676 1194 2 3 5
753 1195 1 1 1
170 1197 2 2 3
1334 1196 1 1 1
1539 1197 1 1 1
685 1199 2 3 5
692 1198 1 1 1
725 1198 1 2 2
1431 1199 1 1 1
378 1200 2 3 4
1129 1200 1 1 1
801 1202 3 3 4
562 1204 1 1 1
1049 1204 1 4 4
1744 1204 1 1 1
671 1207 1 1 1
953 1206 1 1 1
1191 1206 3 2 5
1368 1207 1 1 1
267 1209 1 1 1
693 1208 1 1 1
1141 1209 1 1 1
1181 1211 9 3 21
230 1212 1 1 1
290 1213 4 3 8
360 1212 2 2 3
656 1212 1 1 1
720 1213 1 1 1
62 1214 1 1 1
680 1215 1 1 1
771 1215 1 1 1
1244 1214 1 1 1
567 1217 2 3 3
820 1216 1 1 1
1208 1216 2 2 3
1313 1216 1 1 1
1376 1217 1 1 1
629 1219 1 2 2
910 1218 1 1 1
1172 1219 2 2 4
1370 1218 1 1 1
693 1223 1 5 5
699 1222 1 1 1
1024 1222 2 6 7
408 1226 2 2 4
666 1227 1 1 1
1100 1226 2 2 3
