0 0 1840 1228 2153798
7 0 18 11 138
105 0 22 30 434
130 0 2 1 2
477 0 65 96 1945
601 0 13 16 126
657 0 12 15 148
717 0 13 8 91
797 0 62 70 2447
901 0 5 3 10
938 0 1 5 5
1099 0 39 70 1893
1228 0 33 84 1844
1444 0 42 18 508
633 5 9 13 70
777 7 12 14 104
894 11 4 7 21
1200 12 4 6 12
122 15 61 138 3059
1275 14 2 1 2
185 16 15 12 102
1284 16 17 17 183
699 19 5 8 25
302 20 23 34 555
443 21 17 24 225
661 25 1 1 1
920 24 8 13 84
1023 30 16 29 342
373 34 23 29 504
1770 35 1 1 1
1057 36 45 80 1447
884 40 17 16 144
612 44 34 33 420
454 48 1 1 1
494 50 8 12 62
779 51 14 18 196
836 53 5 8 32
292 54 9 16 54
1154 55 74 176 5660
417 56 19 45 603
662 57 10 14 106
750 65 11 13 100
902 64 6 8 39
496 75 10 25 184
1477 74 19 31 438
826 79 15 13 101
104 81 19 29 357
328 81 1 1 1
778 80 13 12 102
580 83 8 11 71
691 87 6 12 51
220 90 10 12 84
0 98 1 1 1
916 99 4 4 13
1434 99 28 40 728
775 101 2 3 6
1322 100 41 81 1420
197 102 4 2 5
203 108 1 1 1
419 111 1 1 1
120 115 2 1 2
460 116 60 70 1441
584 118 8 17 83
653 123 9 15 99
0 125 11 21 123
87 132 13 10 55
208 133 15 38 325
634 134 2 1 2
729 134 6 6 25
327 140 2 1 2
758 143 5 6 22
839 143 3 4 8
952 145 20 60 810
1119 145 17 21 247
916 148 4 5 18
1370 148 19 36 523
8 151 1 1 1
797 150 4 4 11
1456 151 18 29 387
562 152 5 7 28
683 153 16 42 415
895 156 4 4 13
169 161 3 3 6
912 160 4 9 34
382 163 1 1 1
772 163 4 5 15
839 163 3 3 5
0 165 1 1 1
302 166 1 1 1
373 166 1 1 1
638 167 7 9 48
1254 166 36 75 1386
152 170 15 35 243
549 171 23 30 448
593 171 19 34 398
811 173 32 28 315
192 175 31 49 772
906 175 2 3 5
768 177 4 9 14
384 180 1 1 1
894 181 4 4 14
0 184 24 29 406
304 186 1 1 1
640 189 7 8 41
1037 205 10 11 83
73 207 19 32 243
167 207 3 4 6
602 206 1 1 1
843 208 4 6 23
545 211 21 23 370
428 213 6 5 18
322 214 22 18 169
834 217 16 22 171
156 221 16 44 373
739 223 7 12 69
1067 223 12 23 199
221 224 1 1 1
304 227 1 1 1
904 227 12 19 139
511 229 1 1 1
1372 230 20 37 581
798 234 1 1 1
875 234 1 1 1
134 236 6 3 8
603 237 2 2 4
1065 236 68 112 1841
1221 237 44 73 1074
606 239 7 9 53
797 239 1 2 2
512 240 1 1 1
817 240 8 6 30
1002 243 9 12 78
387 246 15 23 251
629 247 6 7 32
766 246 4 6 19
1163 246 11 29 170
215 251 12 13 87
593 250 6 5 23
834 251 6 8 31
1379 251 35 57 710
168 254 57 44 968
529 254 14 22 230
271 257 3 3 8
735 260 8 9 44
266 262 2 1 2
850 262 4 7 23
908 267 6 7 28
641 268 19 78 866
14 274 18 18 200
595 275 7 10 54
274 279 14 17 161
1062 278 10 15 102
1020 280 11 26 209
345 282 5 5 14
403 282 9 14 86
700 285 16 27 315
363 287 13 20 78
794 287 2 7 9
948 293 15 45 505
588 294 1 2 2
192 299 23 19 242
1436 298 20 39 503
885 300 4 4 14
534 303 5 5 23
561 303 12 17 169
978 303 15 37 330
1062 303 1 1 1
495 305 1 1 1
511 304 18 34 454
732 304 8 16 99
750 304 6 12 62
596 306 6 5 22
0 311 16 11 122
1003 310 11 31 187
1333 315 14 21 238
780 316 2 2 3
872 317 3 4 11
826 318 16 29 243
171 323 2 2 3
1219 323 17 16 181
253 324 7 7 27
491 328 6 11 47
66 335 12 11 63
921 335 12 19 166
0 338 8 38 172
537 338 10 9 64
854 338 5 12 43
1163 340 5 7 32
224 346 16 27 228
1172 352 5 6 28
494 355 14 21 217
1006 354 1 1 1
1090 355 1 1 1
1067 357 1 1 1
1087 356 1 1 1
1306 357 12 15 134
1177 359 11 6 50
116 363 2 1 2
549 362 4 4 12
1017 362 1 1 1
119 367 8 5 28
530 368 14 11 107
660 368 16 18 126
819 369 2 2 3
901 369 7 7 20
153 370 4 4 9
182 371 3 3 5
642 371 1 1 1
751 373 11 17 125
1026 373 1 1 1
1046 373 10 22 154
1014 375 1 1 1
1091 374 1 1 1
1228 379 14 19 213
731 381 1 2 2
828 384 9 7 32
899 385 2 2 3
1195 384 12 16 135
1030 387 9 24 110
594 388 16 6 45
153 390 2 2 3
1376 391 21 37 579
543 393 2 1 2
844 393 1 1 1
919 392 2 2 3
1168 392 5 2 6
513 394 24 20 258
537 394 1 1 1
923 395 1 1 1
1301 395 45 61 1300
647 397 5 12 46
1262 396 14 23 244
225 399 13 19 167
1086 399 8 13 85
924 401 2 4 4
1006 401 8 17 113
548 402 11 9 65
1161 408 2 2 2
636 410 7 8 44
828 411 4 7 19
1157 410 2 2 4
180 412 9 8 41
94 415 33 18 419
1054 415 5 4 12
13 418 3 2 3
351 421 5 7 22
731 420 2 2 4
459 422 8 11 63
960 422 17 29 308
166 426 10 8 41
745 430 2 4 8
850 431 3 4 8
1148 433 1 1 1
629 435 5 6 16
872 436 1 3 3
244 440 15 32 226
567 440 4 9 23
726 440 11 12 76
219 443 14 20 179
171 444 12 15 123
1113 445 8 16 90
442 449 16 15 165
130 450 1 1 1
37 452 1 1 1
830 452 2 2 4
510 454 28 34 503
680 457 2 2 3
683 461 1 1 1
954 460 11 18 147
1081 465 8 15 94
1117 470 8 16 96
189 476 10 9 51
216 478 1 1 1
564 479 7 10 52
750 478 1 1 1
1206 478 20 61 735
592 480 1 1 1
160 482 10 12 72
586 482 4 7 20
219 485 8 6 30
1407 485 6 1 6
865 488 3 4 11
1311 488 9 10 62
618 490 6 7 29
1053 490 7 8 45
1177 491 13 23 226
351 494 1 1 1
457 495 1 1 1
199 499 2 1 2
875 499 5 6 23
239 500 8 8 40
1087 501 1 1 1
974 502 10 21 172
1234 507 52 63 1123
175 508 2 1 2
1091 509 11 15 62
157 511 8 8 32
540 512 14 24 152
617 513 9 21 142
635 513 31 35 582
861 512 4 2 4
318 517 8 9 40
204 518 8 7 34
420 518 1 1 1
760 519 22 24 293
1142 519 17 37 502
580 521 3 1 3
481 522 7 10 46
517 522 10 14 104
728 523 5 9 40
831 523 2 3 5
1102 525 1 1 1
995 526 9 11 68
1382 529 12 17 153
1108 531 10 21 109
248 532 16 14 111
839 535 5 3 10
36 536 14 15 157
553 537 1 1 1
780 542 15 28 349
808 543 14 23 271
847 542 5 9 31
640 545 1 1 1
189 546 4 4 9
531 548 13 20 181
605 549 8 9 63
488 551 1 1 1
490 550 1 1 1
763 557 9 11 68
1242 556 10 8 47
193 562 15 19 113
600 563 1 2 2
1161 563 6 6 21
919 564 8 11 68
490 567 3 3 8
1063 567 13 36 339
53 568 4 4 9
333 569 9 5 31
741 569 7 9 43
258 571 18 11 142
636 570 5 18 42
689 571 15 28 313
293 573 5 1 5
885 575 2 2 3
621 577 2 2 3
1225 577 54 38 910
377 581 5 5 15
563 583 6 3 12
963 582 2 1 2
297 584 1 1 1
786 584 2 1 2
905 584 3 1 3
959 585 2 2 4
800 587 13 28 271
581 591 17 11 53
923 591 2 2 4
957 590 1 1 1
496 592 6 5 22
1029 593 11 15 57
1114 592 15 15 114
1328 593 22 38 373
658 595 4 3 9
837 594 11 10 43
1295 594 8 14 95
198 597 7 6 26
394 598 8 7 35
1004 598 14 17 115
266 601 6 8 30
535 600 12 28 165
1315 602 9 15 94
616 605 7 7 37
703 604 1 1 1
942 604 1 2 2
654 607 9 16 87
855 607 3 4 10
31 613 5 2 9
340 615 2 1 2
480 615 16 29 314
567 615 12 11 74
900 615 1 2 2
986 619 17 19 217
1191 618 10 12 94
949 621 6 11 54
1279 620 24 56 439
621 623 1 1 1
1323 623 2 1 2
174 626 2 3 4
293 628 8 11 63
647 628 4 4 9
1137 629 9 10 66
74 631 11 9 62
427 635 1 1 1
825 635 375 280 25770
1179 635 9 12 84
781 639 2 1 2
1250 638 9 10 57
912 641 1 2 2
1196 641 1 1 1
573 645 1 1 1
616 644 6 8 32
898 646 25 39 494
938 647 1 1 1
1029 646 6 9 46
757 648 1 1 1
86 651 2 4 7
195 650 7 7 38
338 650 4 7 16
933 650 1 2 2
308 656 2 5 5
543 657 8 8 36
877 657 2 2 3
525 661 7 6 20
220 663 9 8 40
1010 664 7 14 77
609 666 1 1 1
716 667 10 21 96
1129 666 9 16 116
463 668 2 1 2
691 668 1 2 2
735 669 1 1 1
1238 669 7 6 32
1258 669 10 16 110
1082 674 3 3 6
135 677 10 7 31
661 676 5 4 15
1184 677 10 20 143
309 679 4 2 5
450 679 2 1 2
1073 678 3 3 9
217 680 10 12 51
398 680 1 1 1
1070 681 2 2 4
546 684 3 2 6
702 684 5 7 24
774 685 1 1 1
1057 686 8 5 20
1145 686 7 9 54
329 689 6 6 25
449 691 8 7 50
646 691 4 7 17
1043 694 10 1 10
628 697 1 2 2
778 696 4 3 7
276 698 14 17 148
1162 703 9 8 45
195 705 2 2 3
199 704 1 1 1
399 705 7 7 36
562 704 14 28 261
697 705 13 15 141
1024 707 1 1 1
1188 707 11 17 148
1305 708 12 26 151
666 710 3 3 5
802 710 1 1 1
947 710 22 36 331
1006 711 1 1 1
1009 710 1 1 1
1031 710 1 1 1
898 712 5 10 19
1075 713 1 1 1
1277 714 2 1 2
789 716 2 1 2
924 716 6 4 20
1129 717 28 21 335
1072 718 1 1 1
589 721 11 18 113
642 721 3 2 5
991 720 18 17 167
260 726 2 1 2
767 726 9 15 96
1088 727 5 5 15
1244 727 14 32 354
1281 727 7 6 31
399 729 1 1 1
522 729 8 11 65
703 729 5 6 20
343 731 6 5 20
609 732 5 8 25
664 733 1 2 2
833 732 2 4 6
720 737 1 1 1
882 736 2 4 6
1718 737 12 6 42
635 738 1 1 1
665 739 3 2 6
316 741 1 1 1
647 742 5 8 34
676 742 3 4 10
1126 743 2 2 4
809 744 24 38 411
880 744 2 2 3
1019 745 4 5 8
537 749 1 1 1
446 752 5 2 8
659 752 13 15 82
993 752 1 1 1
603 754 3 2 5
986 755 1 1 1
1304 756 7 10 57
344 761 4 5 7
731 760 1 3 3
926 761 1 2 2
964 761 2 3 3
286 762 2 2 2
363 762 5 15 34
446 765 1 1 1
514 764 10 13 93
918 765 1 1 1
200 771 1 1 1
221 770 2 1 2
555 770 11 21 75
458 773 1 1 1
633 774 1 1 1
478 776 1 1 1
503 779 1 1 1
670 778 2 2 3
762 778 1 1 1
995 778 1 1 1
840 781 3 6 10
661 783 9 14 30
625 784 4 6 17
745 787 1 1 1
972 787 1 1 1
511 789 1 1 1
986 790 4 3 8
593 793 4 10 13
959 793 11 10 47
786 794 10 3 21
1356 794 1 1 1
939 797 7 10 44
689 799 4 8 23
1223 798 6 7 28
334 802 7 10 34
1253 802 20 27 230
527 804 1 1 1
616 809 6 10 34
754 813 1 1 1
218 814 11 11 77
667 815 1 3 3
683 814 4 3 7
796 814 1 2 2
831 816 1 1 1
1308 819 8 5 24
606 821 1 1 1
1228 820 7 7 42
779 822 1 1 1
959 825 3 2 4
697 827 1 1 1
511 828 3 6 8
687 828 1 1 1
118 831 1 1 1
61 833 1 1 1
794 833 3 2 5
342 834 6 12 52
699 835 5 1 5
779 836 8 10 44
564 841 7 7 26
730 840 9 12 73
813 840 1 1 1
1240 843 5 5 18
1678 843 12 6 37
1214 844 8 23 148
395 846 3 2 3
593 847 2 2 3
664 847 3 13 27
831 847 1 1 1
882 849 3 3 6
866 854 1 2 2
252 856 1 1 1
406 859 3 4 6
469 859 3 2 4
850 858 1 1 1
636 860 1 1 1
663 861 1 1 1
686 861 1 1 1
242 862 6 6 31
269 863 9 11 71
1250 863 7 7 40
523 864 7 7 33
1326 864 10 15 103
293 866 1 1 1
393 867 9 3 15
696 867 6 12 35
1213 869 1 1 1
1280 870 23 32 188
610 873 7 6 21
563 877 7 7 34
638 876 1 1 1
426 878 1 1 1
781 878 5 7 26
1395 879 2 4 5
1393 883 1 1 1
851 888 1 3 3
542 890 1 1 1
641 891 5 4 12
660 893 1 1 1
411 894 3 2 5
614 899 2 2 2
1026 898 4 6 21
1237 898 8 18 109
715 901 1 1 1
745 901 1 1 1
1161 901 6 6 26
161 905 1 2 2
373 905 3 2 4
845 904 1 2 2
429 907 2 2 3
534 911 5 7 22
188 915 1 2 2
1168 915 5 6 26
440 917 4 7 19
445 916 1 1 1
591 917 4 3 8
1029 917 5 6 17
560 919 5 5 14
686 919 2 2 4
1142 919 10 12 101
1207 918 10 14 102
844 921 2 4 5
1099 920 9 21 126
312 923 2 2 2
627 925 5 10 31
1233 924 14 13 136
400 926 1 1 1
653 927 1 1 1
399 928 1 1 1
719 929 2 2 3
596 930 5 5 17
487 932 1 1 1
1156 934 10 16 119
591 943 7 7 29
580 945 1 1 1
818 945 8 8 41
1270 946 5 7 24
430 949 18 26 196
539 951 5 4 11
670 951 1 2 2
922 951 5 7 26
398 954 1 2 2
693 954 1 1 1
347 956 1 1 1
1014 957 3 4 10
1117 957 4 3 9
478 958 4 5 16
566 959 2 11 12
845 958 1 1 1
141 961 1 1 1
617 961 5 2 7
820 960 1 1 1
1232 961 6 16 61
184 962 4 5 14
661 962 1 1 1
794 962 1 1 1
1109 963 4 3 12
169 965 1 1 1
408 965 8 9 49
760 965 3 3 7
812 965 1 2 2
1068 967 8 11 67
1212 967 6 9 38
121 968 2 2 4
803 968 1 1 1
935 969 1 1 1
569 970 1 1 1
60 972 2 2 3
730 973 1 1 1
1051 972 4 4 13
468 974 1 1 1
1243 974 6 9 39
136 977 1 1 1
801 981 16 8 83
1061 981 3 5 14
1370 981 1 1 1
448 984 1 1 1
1030 984 3 3 7
423 986 1 1 1
550 989 1 1 1
698 989 1 1 1
761 989 4 4 7
549 991 1 1 1
1139 992 18 19 196
654 995 4 4 10
565 996 3 5 11
636 996 7 9 47
781 997 4 3 6
1098 996 7 11 43
313 998 2 1 2
160 1001 1 1 1
129 1002 1 1 1
851 1003 6 6 22
288 1009 1 1 1
506 1010 3 5 6
1131 1011 2 5 8
1489 1011 1 1 1
482 1013 6 8 37
720 1013 1 2 2
971 1015 2 1 2
763 1016 6 12 50
446 1019 1 1 1
735 1018 2 3 4
111 1022 2 2 3
506 1027 5 5 16
732 1028 1 1 1
1204 1031 1 1 1
854 1033 1 1 1
955 1033 4 5 17
1240 1033 2 2 3
438 1034 1 1 1
674 1034 4 8 29
436 1036 1 1 1
730 1036 1 2 2
1205 1036 1 1 1
144 1039 1 1 1
143 1041 1 1 1
298 1040 1 1 1
693 1041 1 1 1
1179 1041 1 1 1
1016 1044 3 4 9
1230 1045 5 8 33
907 1047 7 5 23
634 1049 2 1 2
1160 1049 1 1 1
782 1051 8 13 79
1185 1051 7 11 55
819 1053 2 2 4
1282 1056 3 3 6
486 1060 3 3 5
821 1062 3 3 7
502 1064 7 11 49
532 1067 1 1 1
710 1066 1 1 1
645 1071 5 13 37
1121 1070 1 1 1
755 1072 2 5 6
412 1074 2 3 4
672 1074 2 2 3
854 1075 6 8 30
492 1076 9 4 27
1144 1076 3 3 7
1221 1076 1 2 2
46 1079 1 1 1
1218 1079 2 4 5
663 1080 1 1 1
674 1081 5 6 22
726 1081 1 1 1
751 1083 1 1 1
1151 1082 9 21 48
110 1089 5 5 10
504 1089 1 1 1
887 1088 5 3 11
502 1090 1 2 2
1185 1091 6 8 37
1022 1092 2 3 4
1406 1092 1 1 1
314 1094 1 1 1
462 1094 4 5 13
813 1094 3 4 7
1121 1094 3 3 7
333 1097 1 1 1
1206 1097 7 7 34
1379 1096 1 1 1
443 1098 4 6 18
609 1099 1 1 1
686 1101 2 3 5
468 1102 9 8 44
670 1102 3 4 10
1217 1105 1 2 2
577 1107 3 2 4
567 1109 1 1 1
621 1109 4 2 5
889 1109 5 5 18
1572 1109 1 1 1
576 1110 1 1 1
1013 1110 3 5 10
134 1112 1 1 1
452 1114 3 3 5
1225 1114 1 2 2
1327 1114 1 1 1
1154 1117 1 1 1
242 1121 2 3 4
882 1120 4 6 14
895 1121 1 1 1
976 1121 3 9 19
1110 1121 5 9 35
590 1125 2 2 2
1039 1125 2 2 3
1395 1125 1 2 2
1610 1124 2 3 3
441 1128 1 1 1
484 1129 7 9 36
1297 1129 1 1 1
447 1130 1 1 1
773 1131 3 2 3
1239 1131 1 2 2
273 1133 1 1 1
682 1133 1 1 1
467 1134 4 5 14
801 1136 1 1 1
303 1139 2 3 5
1068 1138 1 1 1
473 1140 3 3 5
796 1140 5 6 18
1090 1144 1 1 1
0 1150 8 4 16
216 1152 1 1 1
214 1154 1 1 1
707 1154 1 3 3
739 1155 1 1 1
705 1157 1 1 1
976 1156 1 1 1
64 1162 12 9 72
94 1165 6 5 25
1084 1164 4 5 14
1228 1164 1 1 1
1258 1164 1 1 1
985 1167 2 3 4
1241 1169 1 2 2
951 1171 1 1 1
1588 1174 1 1 1
1468 1176 3 2 3
1582 1177 1 2 2
713 1181 1 1 1
1063 1180 2 2 2
700 1183 1 1 1
1565 1182 1 2 2
155 1184 1 1 1
1311 1185 1 1 1
747 1186 1 2 2
1178 1193 1 1 1
1047 1195 1 1 1
706 1196 1 1 1
971 1196 1 2 2
1394 1197 1 1 1
535 1200 1 1 1
1265 1201 1 1 1
960 1202 1 1 1
689 1206 7 10 51
671 1208 3 3 6
1251 1208 7 6 34
863 1211 1 2 2
917 1212 1 1 1
205 1215 6 4 15
893 1219 1 1 1
1376 1220 3 3 5
449 1223 1 5 5
71 1224 1 4 4
484 1226 1 2 2
1026 1227 1 1 1
