0 0 1840 1228 2102382
372 0 17 51 312
410 0 65 89 1876
736 0 10 18 159
757 0 274 265 21350
1089 0 5 9 39
1112 0 2 3 6
1147 0 258 172 9270
1310 0 2 3 6
1366 0 4 6 22
1449 0 4 4 11
1566 0 19 8 93
1653 0 187 107 5690
962 5 22 13 95
1119 5 4 8 27
1023 6 7 15 86
1054 6 12 18 156
1305 6 2 5 8
1651 12 2 7 8
1266 14 2 6 8
1371 14 3 19 37
688 17 14 15 100
1113 16 4 12 40
297 28 8 13 86
721 31 5 12 48
1073 30 23 24 437
349 33 8 14 92
1424 34 6 12 50
1743 35 11 12 90
1131 38 4 11 29
571 41 6 12 52
692 43 6 12 47
900 48 13 14 60
733 50 6 12 55
391 52 1 1 1
393 53 6 3 6
1063 54 7 19 104
1439 56 11 19 150
405 58 1 1 1
407 59 1 1 1
1129 59 4 10 32
749 61 5 10 33
1079 62 2 10 14
373 67 9 13 90
1109 67 11 6 16
1269 67 7 12 59
904 70 2 1 2
915 75 3 13 27
929 77 2 5 7
903 78 1 1 1
946 79 3 6 18
575 81 5 14 61
741 80 5 12 42
1046 80 5 13 50
1407 80 4 8 20
902 82 1 1 1
1060 83 7 17 98
904 88 2 1 2
1118 88 3 7 14
1294 88 2 3 4
1570 89 14 22 218
907 91 5 14 24
934 91 6 8 13
694 93 5 12 55
1081 95 3 4 9
942 100 1 2 2
984 101 4 3 7
964 103 2 4 7
1133 102 5 18 34
704 105 6 14 72
975 110 1 1 1
1077 110 9 22 89
1410 113 3 6 11
1466 113 10 17 131
1500 113 10 15 111
542 115 5 9 36
1444 115 10 15 104
753 118 6 13 55
739 121 4 10 26
1275 121 2 6 8
1593 120 11 17 121
1662 121 18 20 226
1365 123 3 6 12
1114 126 3 8 19
1308 130 2 5 6
634 133 3 6 15
1412 133 2 2 2
1043 134 8 16 96
1645 134 10 16 128
694 137 5 8 30
1030 137 1 2 2
544 139 4 8 29
1130 138 12 23 172
1165 138 9 14 64
946 141 1 1 1
1010 140 23 90 581
459 143 10 19 140
1220 143 2 7 8
1465 142 13 21 207
1745 144 14 16 167
667 146 15 15 147
709 147 4 6 20
941 147 2 2 3
1247 147 3 8 15
1392 149 4 7 20
1436 150 11 20 170
818 155 5 12 51
1153 154 4 10 30
1424 155 2 5 8
361 161 10 15 109
939 160 2 1 2
1402 161 12 9 63
492 162 9 10 57
989 163 17 12 77
650 167 13 23 166
1175 168 4 8 20
1348 169 3 8 16
1187 170 2 7 13
1430 170 2 6 9
760 172 4 11 39
861 172 1 1 1
1109 173 3 9 18
1281 172 3 8 17
1679 172 8 13 63
542 175 5 11 41
1380 174 15 22 215
1313 177 2 6 10
787 178 6 14 61
1221 179 4 13 29
1364 178 3 6 11
861 180 7 5 18
1154 181 2 6 8
1192 182 3 7 15
1284 182 2 7 11
1101 185 3 8 23
1246 184 5 11 40
1638 187 11 18 148
827 189 6 15 69
702 190 5 12 48
769 191 14 13 79
1684 190 5 7 32
1044 192 4 12 38
1105 193 9 24 108
1085 201 3 9 21
1334 201 4 8 22
1307 203 2 6 8
1577 202 12 17 163
1195 205 3 8 15
1404 205 2 5 7
1688 205 5 6 16
818 207 6 13 61
1375 207 4 5 15
1427 207 18 36 222
445 209 7 14 72
643 208 11 16 113
691 209 4 8 27
1133 211 3 8 15
519 213 5 11 42
757 213 3 9 24
780 217 11 33 214
1153 217 3 8 15
1398 216 3 7 14
1809 219 17 17 218
1064 220 6 12 50
1239 222 5 11 38
1386 224 2 5 8
768 226 4 10 33
1003 231 7 5 23
1119 230 2 7 10
536 232 4 11 39
1411 233 3 6 13
1262 236 8 11 25
1292 236 2 7 10
985 241 11 31 160
998 244 2 4 8
1336 245 3 6 12
638 247 2 6 11
1643 246 5 5 18
1137 248 2 7 10
1176 248 2 6 8
174 251 2 3 5
1065 254 2 6 8
1519 257 9 13 78
1320 259 17 60 330
671 261 5 12 44
1108 261 2 6 10
1435 260 31 28 511
1087 262 8 24 96
1258 262 2 4 5
1301 262 2 2 3
567 265 12 29 278
1387 267 2 3 4
1783 266 18 19 263
719 271 4 10 29
942 270 3 8 14
1117 271 2 5 8
875 273 3 1 3
1412 274 2 2 3
835 277 236 429 17576
1280 276 4 15 21
1359 277 4 15 31
1189 278 5 12 24
1261 279 3 7 12
0 280 73 222 2157
1054 283 4 11 37
951 286 3 9 20
1348 289 3 7 11
843 291 1 1 1
1078 290 4 9 27
1459 293 11 20 175
683 294 3 8 20
976 297 3 9 19
1229 299 2 7 10
1292 298 2 6 8
582 300 4 9 31
1009 300 10 19 141
664 304 17 17 167
852 304 1 1 1
921 307 16 27 205
1347 306 3 6 10
1362 307 3 7 14
420 309 8 16 105
606 308 4 5 12
1058 310 5 12 45
1105 311 9 17 72
1129 310 6 21 69
756 313 5 11 47
1689 313 10 11 83
1223 317 3 4 8
950 319 7 16 74
1298 319 10 11 38
1200 320 3 9 17
491 323 2 4 7
1381 324 4 8 23
1039 327 10 39 195
530 328 13 14 89
585 329 4 8 25
1178 329 169 185 7395
1281 329 2 5 6
1094 330 5 11 30
1645 331 156 166 6173
1342 333 2 6 9
1367 332 5 9 35
704 335 5 9 32
1144 334 6 24 72
1221 335 2 5 5
789 336 28 144 1034
1461 336 16 21 238
657 341 3 7 20
1312 341 2 4 4
958 342 1 1 1
674 344 5 12 47
960 345 1 1 1
1774 345 12 13 119
730 346 4 10 28
1328 347 2 7 11
367 348 12 19 182
1170 349 6 11 47
228 351 12 17 162
1502 350 8 13 78
1606 351 6 10 41
942 359 1 2 2
964 358 4 11 35
1118 361 1 1 1
1634 360 21 22 210
704 363 4 5 17
1299 363 5 10 35
663 364 2 3 5
725 365 11 13 101
977 365 2 7 11
1101 364 3 8 14
1492 367 38 36 511
1828 367 12 16 150
640 370 6 10 43
1081 371 3 7 16
1008 373 4 11 32
1060 375 2 3 5
1315 374 1 1 1
838 377 1 1 1
1387 376 3 5 11
904 379 5 12 47
470 382 3 39 60
928 383 13 39 130
950 383 4 11 25
973 383 1 1 1
1124 384 3 8 16
901 389 18 80 329
974 389 1 2 2
1010 393 11 13 78
1078 395 2 6 11
975 396 1 2 2
1035 396 3 9 18
497 398 5 10 40
688 399 3 8 18
380 401 9 16 116
947 402 2 17 20
1063 402 3 8 18
1801 402 1 1 1
977 407 9 22 72
1450 406 8 10 50
1549 407 22 13 206
1677 407 4 3 10
1156 411 2 5 6
1284 411 1 5 5
756 414 5 13 46
1021 414 4 9 21
1115 414 9 13 82
1338 415 4 8 25
1003 418 3 9 22
1305 418 8 7 19
825 420 1 1 1
1201 421 1 2 2
659 425 5 10 39
1150 425 2 5 6
969 429 12 62 223
482 431 4 6 20
705 431 4 10 35
1017 432 3 8 19
837 435 1 1 1
1053 435 1 2 2
1312 437 1 3 3
1388 437 3 6 11
1430 437 8 14 89
1495 436 7 11 59
597 440 3 6 15
1038 440 6 12 62
1340 441 1 3 3
474 442 5 20 74
1201 443 1 2 2
1087 444 3 8 17
1135 445 11 19 78
1298 444 9 5 29
1317 445 1 2 2
1404 444 13 25 198
1112 447 5 11 32
1233 448 2 5 7
651 451 2 2 4
1737 451 10 16 134
751 455 5 11 44
1065 454 1 5 5
1130 455 1 2 2
1486 454 8 12 68
660 456 4 8 31
303 461 6 8 43
679 461 3 7 17
1068 460 2 7 12
561 467 4 7 24
1147 466 2 7 12
899 471 1 1 1
458 473 3 2 4
477 473 1 1 1
896 473 2 2 3
449 475 8 5 20
477 474 7 22 85
1020 474 5 9 29
1115 474 3 10 27
1529 474 16 22 264
416 477 7 12 69
372 478 3 2 4
826 479 2 2 2
1386 479 12 22 169
1044 480 10 19 157
1072 480 4 7 22
1490 480 13 20 196
445 485 1 2 2
282 489 7 6 36
325 488 7 10 55
373 489 22 38 428
460 488 2 2 2
1006 489 4 10 34
1354 488 1 3 3
681 490 4 9 30
980 494 1 6 6
265 497 7 9 50
751 499 4 9 30
1059 498 1 3 3
1272 503 1 4 4
664 505 13 11 56
1219 505 1 12 12
991 507 63 71 1275
635 513 3 8 19
1175 513 2 3 4
1235 512 1 2 2
1330 512 1 2 2
1616 512 9 13 95
419 514 30 4 68
981 514 1 2 2
1234 515 1 2 2
1287 514 1 1 1
1329 515 1 1 1
649 517 1 3 3
1286 516 1 2 2
1072 519 2 6 12
830 521 4 10 33
1273 520 1 1 1
1311 521 2 5 5
1460 521 9 16 106
1353 523 2 2 3
1762 523 78 154 1001
682 525 5 10 44
1095 524 2 6 7
1202 524 1 2 2
1227 525 3 4 9
1666 525 8 6 32
981 527 1 4 4
1257 526 2 6 7
484 531 6 12 63
539 533 4 5 18
980 532 1 1 1
1178 533 3 11 19
588 534 4 9 31
1251 536 1 4 4
1081 539 1 4 4
1155 538 4 10 29
1311 539 2 3 3
1591 538 8 12 76
625 541 2 6 12
1135 540 1 1 1
699 542 3 6 13
524 545 3 7 19
1425 545 5 9 37
721 547 5 9 31
1255 548 1 2 2
662 550 18 27 139
549 552 5 11 47
846 553 1 1 1
844 554 1 1 1
1061 555 1 1 1
1070 556 4 2 5
1084 557 5 5 15
1124 556 1 3 3
1239 556 15 13 124
1411 556 7 13 73
1626 557 1 1 1
582 558 7 11 57
834 559 4 10 32
999 558 2 3 6
736 561 6 11 51
1288 561 4 6 16
986 563 1 1 1
1229 563 1 1 1
543 564 4 8 25
1052 565 4 9 28
992 569 1 9 9
1108 568 2 6 6
26 573 4 3 10
501 574 3 5 12
1091 574 14 10 66
881 577 4 12 39
1167 576 1 4 4
1281 577 1 4 4
1241 578 1 2 2
1062 581 14 11 65
1553 583 7 6 37
990 584 1 1 1
690 589 3 7 15
1295 589 2 5 8
520 591 11 7 44
1264 591 2 6 9
1365 591 7 13 61
117 593 12 6 51
851 592 6 12 41
1092 593 11 17 63
1034 595 10 10 29
1514 597 7 10 52
1055 599 2 6 8
534 601 3 5 13
1001 601 1 4 4
1019 601 2 6 10
1236 601 1 13 13
1299 600 8 15 93
859 602 20 10 79
1248 603 1 1 1
1172 609 1 3 3
362 610 6 8 44
829 611 10 11 38
1159 610 3 6 10
1171 613 1 1 1
696 614 4 10 36
1130 614 16 9 63
1253 614 2 6 7
1315 614 11 18 144
1109 619 1 1 1
317 623 5 6 28
641 622 10 11 55
679 622 4 7 17
909 622 9 21 92
1179 622 2 6 8
1089 625 14 16 98
1213 626 2 5 6
1226 628 2 5 9
1593 628 14 21 223
844 630 1 1 1
1298 633 2 5 7
1232 637 4 7 21
731 639 3 8 19
1013 641 2 1 2
295 642 5 8 33
1177 644 1 2 2
1248 644 6 8 20
990 647 3 3 5
1012 646 109 76 4559
605 649 4 22 55
751 649 4 10 34
1041 649 2 2 3
1206 648 1 3 3
1406 649 7 11 53
892 650 2 1 2
1224 651 7 7 21
1270 651 1 2 2
1550 650 3 3 8
639 652 15 10 117
1038 652 2 4 8
768 654 4 9 33
1260 654 16 26 113
1292 654 17 21 205
700 656 473 208 36908
676 658 5 13 41
885 658 5 20 68
476 662 4 4 14
621 663 7 2 12
968 662 1 6 6
987 667 7 11 45
1202 666 3 2 4
454 668 6 11 55
1201 669 1 2 2
1455 669 3 6 15
1215 670 4 9 30
1240 672 2 5 8
124 675 6 2 12
1525 675 3 5 14
274 676 9 13 90
477 677 4 7 22
590 677 1 3 3
781 677 4 9 27
643 681 2 5 8
1759 681 1 2 2
949 682 29 49 372
1494 682 2 3 5
916 686 6 14 68
1209 687 1 1 1
603 688 4 7 22
622 689 5 14 39
1244 691 2 5 5
979 692 2 2 3
772 694 4 9 27
1283 695 1 3 3
1367 695 12 19 165
1433 694 9 13 92
854 696 4 6 18
995 698 3 12 19
1217 698 11 19 62
646 701 1 1 1
867 701 2 1 2
1303 701 3 3 7
647 703 14 8 79
1245 704 1 2 2
387 707 4 5 15
907 706 6 13 67
1625 707 9 12 89
938 709 1 1 1
1493 709 3 5 14
1746 710 4 3 8
513 713 3 6 15
883 713 2 6 7
1471 712 6 8 43
597 714 2 4 7
1169 715 3 7 19
1270 714 1 2 2
188 717 8 13 99
1195 717 1 2 2
1246 716 3 11 16
810 723 3 9 24
986 722 3 8 22
456 725 2 2 4
691 724 4 21 56
1221 725 1 4 4
432 726 7 10 44
589 729 7 8 34
637 728 4 9 27
1096 728 3 8 18
1734 728 1 3 3
1308 731 10 23 123
536 732 2 4 8
703 733 2 1 2
1187 733 1 2 2
1509 733 5 7 27
515 734 2 3 6
619 734 4 13 44
223 737 7 5 22
397 737 5 9 36
450 736 3 6 15
879 737 1 1 1
932 736 4 9 29
991 736 2 5 7
310 738 1 1 1
1400 739 10 15 111
851 741 1 4 4
1254 741 1 2 2
1349 741 9 12 82
581 742 2 6 11
616 747 1 1 1
708 747 2 3 4
1802 746 4 3 9
1077 748 4 8 20
1202 751 1 1 1
1222 751 2 5 5
1736 750 9 12 70
1059 753 4 21 32
1238 752 1 3 3
1021 755 1 4 4
1188 754 1 3 3
1257 755 8 7 28
329 756 4 2 5
720 758 1 1 1
1451 759 2 4 7
502 761 2 1 2
686 762 2 3 6
1038 763 1 4 4
1281 763 1 3 3
1006 764 2 1 2
251 767 6 7 30
584 767 5 10 38
700 766 3 9 21
656 769 1 1 1
1224 768 1 1 1
1212 771 1 3 3
1475 770 25 10 100
604 772 3 3 7
1175 776 1 3 3
1210 779 1 2 2
1272 780 1 1 1
530 783 5 9 34
1252 782 3 6 13
1303 782 7 15 84
1452 783 5 7 30
1203 784 1 2 2
427 786 2 2 3
1198 787 1 5 5
1370 787 8 14 89
1815 788 11 9 59
651 791 5 7 18
1839 790 1 2 2
1191 793 1 2 2
1289 793 1 1 1
77 795 2 1 2
284 794 7 8 35
1325 796 3 2 5
1546 797 2 1 2
1208 798 1 1 1
1481 799 2 6 12
666 800 3 6 14
1182 800 1 2 2
1281 801 3 6 15
544 803 2 2 4
692 803 3 1 3
1201 802 2 3 4
1215 805 3 6 13
1235 809 13 16 117
1381 809 1 1 1
499 810 4 5 14
1454 810 3 7 16
1818 811 2 1 2
296 813 4 6 21
654 812 1 1 1
1187 813 1 2 2
1439 813 2 2 3
1812 815 1 1 1
1179 816 8 14 32
377 818 8 14 81
572 819 4 8 30
1303 821 1 2 2
465 823 2 6 8
688 823 1 1 1
1225 822 1 1 1
1263 823 1 2 2
579 827 2 5 7
1294 828 5 20 56
1534 828 5 3 8
1214 830 1 5 5
1751 831 14 14 133
300 832 6 8 42
1273 833 6 11 50
474 834 5 6 20
497 834 2 5 8
611 834 1 1 1
626 834 2 5 6
1255 836 1 3 3
1458 839 5 6 27
664 840 3 8 18
1240 840 1 3 3
445 842 6 7 38
689 843 5 10 34
1368 845 1 1 1
1498 844 5 6 25
1837 844 3 8 14
1651 847 9 10 63
1332 849 2 1 2
1196 851 1 2 2
562 853 3 7 16
1252 852 2 1 2
1734 853 1 1 1
288 854 3 4 9
1749 855 10 12 92
1004 856 3 7 17
1033 857 1 1 1
1214 859 1 2 2
209 861 5 7 25
894 861 2 6 10
1811 860 18 27 316
464 863 1 1 1
1120 862 9 11 22
636 865 9 2 11
688 864 4 2 5
910 864 1 4 4
974 865 3 9 21
1673 865 4 3 8
468 866 2 6 12
657 867 1 1 1
1148 867 3 5 11
555 868 1 1 1
649 868 2 2 4
1304 869 7 12 74
1288 871 1 2 2
581 872 2 1 2
954 875 6 14 73
1086 875 1 4 4
1606 875 7 9 40
1783 875 3 1 3
647 877 2 6 10
849 876 1 5 5
1144 876 1 2 2
1187 876 1 2 2
552 879 2 5 9
584 879 2 3 6
897 879 17 20 188
1100 878 4 8 17
1134 879 2 5 5
1465 879 5 5 21
1772 878 9 5 31
74 880 2 1 2
351 880 2 2 3
882 881 1 2 2
1003 881 1 4 4
1206 880 1 1 1
590 883 2 1 2
611 882 2 3 3
763 882 1 1 1
804 883 1 1 1
1804 882 1 1 1
1129 885 2 6 12
711 886 2 2 3
1030 886 3 9 20
1053 887 1 1 1
1117 886 2 4 7
1319 886 4 9 32
1684 887 9 9 48
566 888 3 3 7
814 889 1 4 4
623 890 1 3 3
962 890 1 1 1
1279 891 12 24 192
594 893 8 6 33
772 893 1 1 1
801 892 3 2 4
844 895 2 9 13
1167 895 9 8 28
1614 895 9 11 76
678 896 2 5 6
1252 896 12 10 60
1701 897 2 1 2
554 898 3 2 4
818 899 3 1 3
1136 898 2 2 3
1404 899 11 20 174
940 900 1 6 6
667 903 3 6 13
929 902 2 6 7
1029 903 2 7 9
1203 903 1 1 1
1531 903 1 2 2
1706 903 8 9 52
231 904 1 2 2
728 904 1 1 1
756 904 3 2 4
963 904 12 8 63
1224 905 7 12 77
785 906 1 1 1
1091 908 1 4 4
1630 909 8 13 77
586 911 12 10 36
609 913 2 6 11
766 913 1 1 1
832 912 2 5 6
984 912 1 2 2
561 915 2 5 7
722 915 1 1 1
991 915 1 4 4
1266 915 1 2 2
302 917 7 9 52
1087 916 1 3 3
1297 916 1 1 1
758 918 1 1 1
999 919 8 11 36
1235 919 11 30 216
1765 918 2 1 2
622 920 3 7 19
932 920 2 7 12
1770 921 4 7 17
686 923 3 1 3
709 922 1 1 1
868 923 13 14 64
1046 922 1 3 3
720 925 1 1 1
745 925 7 4 15
1108 924 1 1 1
1735 924 2 2 3
1757 924 3 1 3
910 926 2 5 7
632 928 2 6 10
710 928 2 1 2
722 929 7 12 61
804 929 1 1 1
1200 929 3 7 14
292 930 5 7 30
512 931 5 9 32
546 930 6 3 13
1411 931 2 5 9
1439 931 2 4 7
1476 931 1 1 1
756 932 1 1 1
1041 933 2 7 12
1068 934 16 9 69
1328 935 1 1 1
1464 934 4 5 15
644 937 2 6 11
1817 936 18 16 167
157 939 12 8 66
744 938 5 10 43
918 939 1 4 4
1337 938 4 2 6
759 940 1 5 5
1058 940 3 1 3
827 942 1 1 1
911 943 4 17 36
649 945 1 1 1
1423 945 2 1 2
1447 945 1 1 1
807 946 4 8 23
874 947 1 1 1
877 946 1 1 1
936 946 3 7 12
1274 947 10 8 35
777 948 3 9 18
994 948 2 1 2
1104 948 2 6 11
1046 950 3 7 12
1119 951 1 1 1
541 952 4 7 20
952 953 2 8 13
1398 953 1 1 1
1414 952 5 11 20
1489 953 1 1 1
1005 955 1 1 1
1400 954 2 1 2
1800 954 7 5 27
867 957 1 5 5
877 957 1 4 4
1194 956 1 2 2
1235 956 2 5 9
58 959 2 2 3
963 958 4 8 16
1064 959 1 1 1
839 962 1 1 1
1016 963 2 1 2
1071 962 3 3 8
1314 963 1 2 2
1825 962 15 10 76
696 964 3 7 18
838 964 1 4 4
1250 965 2 2 4
1533 965 5 7 18
668 967 1 1 1
749 967 4 3 8
985 967 2 6 8
1098 966 1 3 3
572 969 3 8 17
654 969 1 1 1
859 969 3 1 3
397 971 2 2 2
427 970 2 3 5
1024 971 1 1 1
1186 971 2 6 11
1497 971 1 1 1
252 972 5 10 38
462 973 1 1 1
870 972 1 1 1
1586 973 7 7 28
1067 974 2 7 13
1382 975 2 2 2
425 976 1 1 1
598 976 4 2 5
876 976 2 1 2
983 976 1 1 1
1131 977 1 1 1
1498 976 1 1 1
1686 977 3 1 3
526 979 4 8 25
593 978 1 3 3
628 979 1 1 1
483 980 3 4 10
929 981 2 1 2
449 982 1 1 1
587 984 1 1 1
687 985 3 6 16
918 984 3 8 13
1432 985 1 1 1
356 987 1 1 1
1029 986 1 1 1
1252 987 14 18 92
932 988 2 6 8
1123 988 2 2 3
1611 988 4 3 7
760 990 4 9 28
1229 990 1 1 1
616 993 1 2 2
741 992 1 1 1
845 993 1 2 2
1302 993 14 22 143
1346 992 7 12 68
792 996 14 8 53
886 996 5 12 45
942 996 6 11 51
999 996 3 6 13
1143 997 5 9 21
354 999 2 1 2
523 999 1 1 1
632 999 1 3 3
1094 998 1 1 1
1184 999 2 2 3
316 1001 1 1 1
1194 1001 2 4 5
1208 1001 2 4 7
1449 1000 3 3 6
584 1003 2 6 8
686 1003 1 1 1
974 1003 2 6 8
994 1002 3 2 5
780 1005 2 6 9
1609 1005 6 6 25
515 1007 1 1 1
852 1006 3 3 6
1052 1006 2 2 3
1332 1006 1 1 1
1677 1006 10 12 80
746 1008 10 16 54
1159 1009 1 1 1
1219 1008 3 3 7
1318 1009 5 10 31
248 1011 2 1 2
405 1011 2 1 2
594 1010 5 8 18
1497 1010 2 1 2
482 1012 1 1 1
609 1013 3 7 13
897 1012 1 5 5
939 1012 1 4 4
582 1014 1 1 1
1136 1015 1 1 1
1197 1014 3 6 6
1299 1015 1 1 1
1352 1014 22 13 167
1427 1014 6 6 31
902 1016 20 11 78
1156 1016 2 1 2
1243 1017 3 7 13
646 1019 1 1 1
1628 1019 1 1 1
1805 1018 14 10 98
490 1020 2 1 2
614 1021 2 5 7
1002 1020 7 6 12
1188 1020 1 2 2
1404 1021 3 6 10
1567 1021 5 3 9
414 1022 2 3 4
657 1023 2 3 5
783 1022 2 1 2
442 1024 2 5 7
1016 1024 3 2 6
1048 1024 1 1 1
1061 1024 1 1 1
196 1026 1 1 1
285 1026 1 1 1
624 1027 2 6 11
667 1027 1 1 1
825 1027 1 4 4
1667 1026 2 3 5
173 1028 4 1 4
635 1028 4 2 8
1192 1029 1 1 1
1259 1028 1 1 1
1434 1028 4 7 17
212 1030 1 1 1
590 1031 1 1 1
26 1032 2 2 2
778 1033 4 8 27
1024 1033 1 1 1
1330 1032 3 8 18
491 1035 1 1 1
623 1035 1 3 3
700 1035 3 8 20
849 1035 1 2 2
982 1034 2 7 12
1166 1035 1 1 1
1676 1034 2 1 2
300 1036 4 6 17
556 1036 2 1 2
245 1038 4 4 11
550 1039 3 3 7
754 1038 1 1 1
1307 1039 4 8 28
962 1040 9 4 12
1388 1041 2 5 7
1433 1040 3 1 3
1810 1040 30 11 131
758 1042 3 8 24
910 1043 3 7 15
942 1042 1 1 1
1077 1042 1 1 1
1157 1043 1 1 1
1706 1042 21 7 86
337 1045 4 7 22
564 1045 1 1 1
731 1045 1 1 1
956 1045 3 2 4
1099 1044 3 2 3
1233 1044 2 2 2
148 1047 9 2 18
522 1047 3 7 19
584 1046 1 3 3
619 1047 1 2 2
648 1047 1 3 3
878 1046 3 2 3
890 1047 2 6 9
975 1049 1 1 1
1177 1048 1 1 1
1447 1048 5 10 36
1474 1049 1 1 1
1741 1049 9 3 12
850 1051 5 11 37
1329 1051 14 13 80
1470 1051 4 3 9
1528 1051 1 1 1
381 1052 1 1 1
489 1053 3 8 16
544 1052 1 1 1
577 1052 2 1 2
593 1052 14 6 26
916 1052 2 5 8
1180 1052 7 5 17
0 1055 5 1 5
1060 1054 5 2 7
1691 1055 1 2 2
536 1056 2 1 2
1013 1057 1 1 1
1358 1056 3 2 5
1437 1056 1 1 1
654 1058 2 1 2
751 1059 1 1 1
827 1058 1 1 1
1088 1059 1 2 2
1296 1059 2 1 2
322 1061 2 1 2
458 1060 1 1 1
770 1060 6 3 7
1012 1061 8 23 50
1388 1061 3 3 4
1606 1063 3 3 8
156 1064 1 1 1
1281 1064 4 3 5
1476 1064 2 3 5
1724 1064 3 2 4
1138 1067 6 8 13
277 1069 1 1 1
388 1069 2 1 2
598 1068 2 2 3
713 1068 1 1 1
790 1069 3 7 18
912 1068 8 7 35
1377 1069 1 1 1
1542 1069 3 1 3
1569 1070 6 14 29
1738 1070 3 2 6
494 1072 3 7 19
582 1073 1 3 3
594 1072 3 7 14
1255 1072 1 1 1
1368 1072 1 2 2
46 1074 5 4 12
421 1074 1 2 2
974 1075 1 3 3
1413 1074 2 1 2
1596 1075 1 1 1
1658 1075 4 3 9
1742 1075 12 8 43
608 1076 1 1 1
1145 1076 2 5 10
1341 1077 9 13 75
306 1079 1 1 1
511 1079 2 5 10
897 1079 1 6 6
933 1079 2 8 13
1397 1079 2 1 2
1713 1079 1 1 1
103 1081 1 1 1
413 1081 4 5 13
1406 1081 5 8 37
859 1083 6 15 58
1221 1083 2 1 2
840 1084 3 2 4
1026 1084 1 2 2
1755 1085 5 3 7
643 1086 8 6 15
875 1086 4 1 4
1277 1087 2 1 2
1318 1086 2 1 2
168 1088 3 2 4
794 1088 2 1 2
542 1091 2 6 11
952 1090 1 2 2
1065 1090 1 1 1
1107 1090 4 2 4
1425 1091 2 1 2
1597 1090 7 10 54
307 1093 4 3 7
338 1092 1 1 1
494 1093 1 1 1
967 1092 10 7 28
1027 1092 9 15 58
1288 1093 1 1 1
1704 1092 1 1 1
928 1094 1 6 6
1525 1094 10 7 16
1716 1094 6 6 26
119 1097 1 1 1
176 1097 1 1 1
848 1096 1 1 1
904 1096 4 6 21
1743 1096 36 35 357
121 1098 1 1 1
355 1098 1 1 1
632 1099 1 1 1
846 1099 1 1 1
1349 1099 5 6 20
1786 1098 1 1 1
437 1100 1 1 1
590 1100 1 1 1
808 1100 4 5 10
1082 1100 2 1 2
1185 1101 2 6 7
1788 1101 4 6 15
592 1102 2 6 9
1630 1102 8 13 59
1647 1103 2 1 2
1267 1104 6 3 12
1338 1104 1 1 1
1364 1104 11 21 135
486 1106 1 2 2
768 1107 1 1 1
909 1107 1 6 6
1551 1107 1 1 1
128 1108 4 3 9
382 1108 1 1 1
993 1109 1 1 1
1029 1108 1 1 1
453 1110 1 1 1
735 1110 1 1 1
1017 1111 1 2 2
1082 1110 2 1 2
1385 1110 4 7 24
1516 1111 1 1 1
80 1113 1 1 1
526 1112 1 1 1
603 1113 1 4 4
626 1113 2 2 3
1079 1113 1 1 1
1345 1113 1 1 1
1616 1112 4 4 10
1653 1112 1 1 1
1690 1113 8 5 28
426 1115 2 4 7
508 1115 2 7 12
580 1115 1 2 2
1407 1115 4 3 7
1459 1115 1 1 1
1534 1115 2 2 2
1659 1115 10 5 32
1733 1115 1 1 1
1792 1115 10 10 55
1354 1116 1 1 1
16 1118 2 1 2
267 1119 3 1 3
286 1119 5 5 11
353 1119 3 6 13
646 1118 2 4 5
899 1119 1 4 4
1053 1118 1 1 1
404 1120 2 5 8
526 1120 5 6 17
589 1120 1 2 2
1072 1120 2 3 5
1120 1120 4 16 31
1145 1120 3 1 3
1536 1121 2 1 2
475 1122 2 1 2
659 1122 1 5 5
1611 1123 1 1 1
948 1124 4 4 12
1101 1125 2 1 2
1156 1124 11 9 46
1316 1125 5 9 35
1339 1125 1 1 1
1399 1124 1 1 1
1484 1125 6 8 34
198 1126 1 1 1
429 1126 3 3 8
615 1126 3 2 3
704 1127 2 4 5
855 1126 1 1 1
1336 1126 1 1 1
1348 1127 1 3 3
1386 1126 1 2 2
1807 1126 1 1 1
814 1129 1 1 1
983 1128 1 3 3
1261 1128 8 9 40
1528 1129 2 1 2
1752 1129 1 1 1
230 1130 8 3 17
554 1131 3 2 5
852 1130 1 2 2
1213 1131 10 18 125
1402 1131 1 1 1
1715 1130 7 4 14
1810 1130 15 8 82
580 1132 2 4 6
815 1132 1 1 1
97 1134 1 1 1
537 1134 1 4 4
825 1134 3 9 22
1601 1135 1 2 2
1620 1134 3 2 3
1835 1135 5 1 5
616 1136 1 1 1
857 1136 1 4 4
880 1137 1 1 1
1369 1137 5 4 12
1417 1136 3 2 5
1667 1137 1 1 1
96 1138 1 1 1
218 1138 1 1 1
915 1139 1 1 1
1009 1139 2 2 4
1102 1138 1 2 2
1795 1139 1 4 4
0 1141 2 2 3
106 1141 3 2 5
605 1140 9 6 15
839 1140 1 1 1
933 1140 2 6 11
978 1141 12 25 104
1233 1141 1 1 1
1404 1140 2 2 3
1720 1140 13 6 47
293 1142 5 2 8
343 1143 1 1 1
588 1142 1 1 1
688 1142 12 6 45
778 1142 2 1 2
867 1142 14 22 119
1038 1143 2 2 3
1148 1142 1 3 3
1278 1142 7 14 62
1466 1142 1 1 1
1604 1142 1 1 1
890 1144 1 3 3
1374 1145 5 4 20
1411 1145 2 3 5
1478 1145 2 1 2
1605 1144 2 2 2
1709 1144 2 2 2
1097 1147 1 1 1
1158 1147 1 1 1
1168 1146 3 1 3
63 1148 1 1 1
124 1148 1 1 1
1185 1149 2 1 2
371 1150 1 1 1
481 1151 3 7 16
516 1150 2 1 2
679 1151 1 1 1
1141 1150 6 4 9
1382 1150 2 2 3
1494 1151 1 1 1
1586 1151 1 1 1
1819 1150 1 1 1
455 1152 1 1 1
958 1152 1 3 3
1213 1153 1 1 1
1642 1153 1 1 1
1745 1152 2 2 2
0 1154 5 3 8
122 1154 2 2 3
566 1155 1 1 1
846 1154 3 6 17
931 1154 1 5 5
948 1154 1 4 4
1057 1154 1 1 1
1157 1155 9 19 83
1255 1154 1 1 1
1385 1154 12 8 71
1424 1154 1 2 2
1468 1155 12 2 12
1514 1155 2 1 2
1561 1155 3 4 10
209 1156 2 1 2
535 1156 3 2 4
644 1156 6 4 9
1419 1157 5 3 8
1517 1156 4 3 10
1817 1157 23 31 386
170 1159 1 1 1
728 1159 3 3 7
959 1158 7 5 11
1407 1159 2 1 2
1624 1158 1 1 1
716 1160 2 6 9
920 1161 1 2 2
1201 1160 1 2 2
1219 1161 2 6 8
1374 1161 8 2 9
1553 1161 6 8 39
683 1163 2 1 2
1004 1162 1 1 1
1340 1162 2 2 3
1543 1162 1 1 1
1650 1163 1 1 1
1684 1162 6 5 13
365 1165 2 1 2
397 1165 9 7 20
424 1165 3 2 5
799 1164 1 1 1
1002 1165 1 1 1
1037 1165 1 1 1
1355 1165 2 3 5
1372 1164 1 1 1
1522 1165 2 1 2
303 1166 1 1 1
584 1166 1 2 2
1190 1166 10 7 20
1324 1166 2 1 2
1462 1167 3 2 3
1594 1166 1 1 1
170 1169 1 1 1
345 1168 1 1 1
431 1169 1 1 1
504 1169 5 5 13
583 1169 1 2 2
630 1169 1 1 1
829 1168 1 1 1
1035 1169 1 1 1
1175 1169 7 12 39
1253 1168 6 10 14
1435 1168 1 1 1
1565 1169 2 10 11
1636 1169 1 2 2
463 1171 1 1 1
565 1171 3 3 3
1540 1171 2 2 3
70 1172 1 1 1
339 1172 1 1 1
518 1172 1 1 1
823 1172 2 2 3
1282 1173 1 1 1
1506 1172 1 1 1
1513 1173 1 1 1
1716 1173 2 2 2
1762 1172 4 5 16
481 1174 12 8 48
1154 1175 2 2 3
1357 1175 1 2 2
1622 1175 1 1 1
380 1177 5 3 13
623 1177 1 1 1
644 1176 1 1 1
773 1176 7 9 15
1039 1176 1 1 1
1078 1177 1 1 1
1119 1177 4 2 5
1200 1177 1 1 1
1284 1176 1 1 1
1415 1176 1 1 1
1423 1177 5 18 34
1583 1177 24 13 134
1612 1177 1 1 1
1654 1176 1 1 1
1675 1177 3 2 3
135 1179 2 2 3
663 1179 3 3 7
867 1179 3 5 14
1265 1178 2 1 2
1375 1178 10 11 74
1649 1179 2 1 2
970 1181 2 7 11
1267 1181 1 1 1
1333 1181 1 2 2
1792 1180 2 1 2
508 1182 14 18 88
1289 1182 7 11 38
1481 1183 1 1 1
1544 1183 4 3 7
1740 1183 3 4 7
282 1185 1 1 1
373 1185 1 2 2
756 1185 4 6 11
761 1184 2 1 2
845 1184 4 2 5
1156 1185 1 1 1
1186 1184 6 17 78
1393 1184 3 2 3
1438 1185 7 12 17
1775 1185 3 1 3
200 1186 2 2 3
410 1187 1 1 1
580 1186 6 1 6
785 1186 1 4 4
800 1186 3 6 14
1113 1186 1 1 1
1255 1186 1 1 1
1489 1187 1 1 1
1695 1186 2 2 3
69 1188 1 1 1
441 1189 5 7 15
534 1188 3 3 3
1496 1189 1 1 1
251 1191 1 1 1
754 1191 1 1 1
1256 1190 2 2 4
1311 1191 2 2 3
1325 1191 1 1 1
1403 1190 1 1 1
1769 1190 1 1 1
123 1193 1 1 1
935 1192 1 2 2
1175 1192 1 1 1
1685 1193 3 2 6
1796 1193 1 1 1
278 1195 2 1 2
429 1194 1 1 1
567 1195 2 8 14
596 1195 5 19 42
940 1194 4 9 23
1221 1194 2 3 4
1816 1194 12 11 52
271 1196 1 1 1
528 1196 5 5 11
632 1197 2 2 3
1250 1196 1 1 1
162 1199 1 1 1
716 1198 1 1 1
795 1198 2 4 5
858 1199 1 2 2
1104 1198 3 2 4
1294 1199 31 12 129
1507 1199 1 1 1
1680 1198 1 1 1
635 1200 11 4 23
1057 1200 1 1 1
1674 1200 1 2 2
332 1203 3 5 12
496 1203 1 1 1
1056 1203 1 1 1
1251 1203 8 9 47
1279 1202 1 1 1
1497 1202 6 6 28
1634 1203 1 6 6
312 1205 1 1 1
574 1204 12 12 38
689 1205 2 5 7
723 1205 3 3 8
1390 1204 1 1 1
1463 1205 2 2 3
261 1207 3 5 12
284 1207 1 1 1
978 1206 1 3 3
1173 1206 7 5 28
1594 1206 7 11 22
552 1209 1 1 1
1338 1208 1 1 1
1626 1209 1 1 1
120 1210 1 1 1
352 1211 2 2 3
1516 1211 7 4 17
1564 1210 1 1 1
57 1213 1 2 2
79 1213 1 1 1
123 1212 2 1 2
158 1212 3 3 5
209 1213 1 1 1
1189 1213 5 7 19
1423 1213 10 15 51
1682 1213 2 2 2
251 1214 1 1 1
677 1214 2 1 2
1235 1215 1 1 1
1382 1215 4 13 28
1685 1215 1 1 1
1736 1214 1 1 1
83 1217 4 11 13
1231 1217 3 2 4
1280 1216 1 1 1
1463 1216 2 2 4
1546 1216 2 1 2
371 1218 1 1 1
704 1219 1 9 9
985 1219 1 1 1
1215 1218 6 4 17
1246 1218 2 2 3
1471 1219 1 1 1
1789 1219 1 1 1
396 1220 4 3 8
441 1221 1 1 1
605 1220 24 8 116
1319 1220 2 2 2
1619 1220 12 8 62
1795 1220 1 1 1
171 1223 1 5 5
364 1223 1 5 5
886 1222 1 6 6
1252 1223 11 5 35
1475 1223 7 5 31
1499 1222 1 1 1
1515 1223 1 5 5
1574 1222 7 6 37
1753 1223 2 5 10
139 1224 10 4 27
939 1225 1 3 3
1203 1224 5 4 12
1394 1224 4 4 13
1650 1225 1 3 3
1332 1226 3 2 4
