0 0 1840 1228 2207455
951 0 3 4 11
1079 0 7 6 32
1157 0 2 1 2
1243 0 44 64 1024
1461 0 26 28 210
1610 0 38 232 1137
1683 0 111 133 830
945 7 2 3 5
878 9 10 10 49
1021 8 1 1 1
1368 8 18 21 198
1088 11 2 3 6
1451 11 6 8 34
1106 12 6 17 68
1345 13 2 3 4
981 14 4 14 46
1147 14 5 8 31
762 17 5 7 28
1083 17 5 4 15
1202 16 14 27 178
929 18 5 10 41
720 21 6 13 59
1056 21 5 13 44
1602 27 2 7 13
1323 28 17 47 302
740 30 5 6 27
1297 30 3 9 17
759 32 4 9 27
712 36 8 17 103
1179 37 2 3 3
1083 38 3 6 14
1011 40 3 2 6
600 45 9 20 117
1053 47 2 2 4
1069 46 3 3 7
1145 47 3 4 10
1242 47 6 12 49
836 48 1 1 1
838 49 1 1 1
1099 52 4 6 14
1125 52 2 3 5
1358 55 1 1 1
984 57 3 4 10
1354 57 2 2 3
1143 64 4 7 16
1795 65 1 1 1
1798 66 2 1 2
1021 69 4 11 35
725 71 9 21 131
1510 71 17 7 36
901 72 5 9 39
1801 74 1 2 2
684 76 4 4 13
895 81 1 1 1
1441 82 1 2 2
1607 82 2 1 2
1696 83 1 23 23
1185 86 3 5 9
1355 86 5 6 22
768 91 1 2 2
948 91 5 9 36
1075 93 6 8 24
1142 93 1 1 1
67 94 85 271 2961
1151 95 2 5 9
1802 95 1 5 5
734 97 4 7 24
1194 97 9 6 18
1013 99 1 1 1
1490 100 8 8 42
1725 100 1 15 15
1318 103 4 10 24
843 105 10 33 145
932 104 2 2 4
1395 104 8 18 94
1449 105 4 4 8
944 109 2 4 6
1023 109 2 3 4
1178 109 4 7 11
1070 111 4 12 36
1083 112 5 10 35
1122 112 1 1 1
1006 117 2 3 6
1803 120 1 1 1
545 122 6 7 33
1325 122 6 21 74
1697 123 1 6 6
1052 124 1 1 1
1092 125 5 8 32
1244 125 4 16 51
1131 126 1 1 1
1147 127 1 1 1
1222 128 2 4 6
1726 131 1 14 14
973 133 2 1 2
1406 133 5 4 18
1698 134 1 15 15
947 137 12 7 39
1201 139 4 4 15
1221 142 2 5 6
1211 144 2 1 2
1155 147 2 4 6
1727 148 1 15 15
188 151 1 1 1
970 150 4 6 21
1099 153 2 3 5
157 156 1 1 1
162 157 36 6 106
1180 157 2 5 6
1089 161 1 1 1
1225 160 3 4 9
1699 161 1 13 13
204 163 17 5 32
1353 163 12 16 78
1080 164 4 6 16
1116 164 7 14 40
233 167 1 1 1
691 169 4 15 37
244 171 1 1 1
955 170 5 8 33
1141 171 3 3 6
640 172 7 12 69
1028 173 6 15 71
827 174 3 4 10
844 174 4 13 33
1728 174 1 10 10
880 176 5 6 27
1055 176 1 1 1
1163 176 18 9 43
1453 176 5 3 12
1692 179 16 15 39
799 181 3 5 10
966 181 3 3 9
1209 181 6 12 51
481 183 6 9 38
987 184 1 2 2
1132 185 1 2 2
267 187 1 1 1
1088 187 2 2 3
1473 187 3 3 4
1000 188 3 3 5
825 191 14 28 230
1096 190 2 1 2
1756 190 1 4 4
1017 192 1 1 1
1110 195 5 21 65
1709 194 1 1 1
1717 196 2 1 2
1720 196 19 59 222
1067 199 4 8 28
799 200 4 3 11
1601 200 12 13 94
928 202 4 6 22
1740 202 1 1 1
1742 203 2 1 2
1000 204 4 5 19
1162 204 2 2 4
786 206 5 9 32
1434 207 3 3 4
1701 207 1 2 2
1760 208 11 4 14
585 213 4 2 7
951 215 3 4 9
1453 214 7 12 46
1720 216 1 1 1
1702 218 1 15 15
546 221 168 191 3215
1085 221 2 2 4
1600 222 3 5 12
1003 224 5 25 77
940 228 2 2 3
1092 231 5 5 23
783 233 5 8 25
1654 232 4 10 23
1110 236 5 8 32
1065 239 2 3 6
1174 238 3 2 6
1703 239 1 9 9
697 241 1 3 3
1043 244 2 1 2
1134 244 2 2 4
1146 244 2 2 2
790 249 14 9 77
1193 248 1 1 1
264 250 1 7 7
1027 253 2 7 11
1557 255 3 3 5
770 256 5 7 29
1051 257 1 1 1
1573 256 3 6 11
975 263 4 5 15
1591 263 5 3 8
1617 267 6 6 27
693 268 2 1 2
738 268 1 1 1
1056 268 8 15 52
1384 271 6 7 29
1440 271 7 9 43
692 273 1 1 1
942 275 105 170 2963
1216 275 2 5 9
691 276 1 2 2
1003 277 9 7 25
1105 279 5 5 17
1122 279 4 11 22
1076 280 3 2 5
1419 281 1 1 1
1197 282 4 17 40
690 284 1 1 1
817 287 3 2 4
1135 289 4 9 28
1082 290 2 1 2
726 293 4 8 28
1262 293 1 1 1
690 297 7 31 129
738 296 8 21 117
549 298 1 9 9
1219 300 43 70 602
846 304 5 11 38
1530 309 2 2 3
1452 311 24 16 135
711 312 4 3 8
895 312 5 4 13
262 315 1 3 3
980 314 1 1 1
1104 315 1 1 1
1128 314 24 26 216
1083 316 12 27 145
828 318 4 6 19
1733 319 23 35 557
1216 320 3 4 10
261 323 1 1 1
1405 325 1 1 1
1423 333 3 2 5
1291 335 8 31 174
261 336 1 8 8
1511 337 6 14 53
860 339 5 9 39
559 347 6 1 6
568 348 7 1 7
1109 348 1 2 2
1143 348 2 5 9
840 350 4 10 27
1126 350 6 12 57
622 353 6 1 6
1076 353 3 3 7
631 354 6 1 6
641 355 6 1 6
657 357 8 1 8
1507 356 4 15 45
670 358 4 1 4
678 359 3 1 3
785 359 5 11 43
1339 359 6 8 42
880 365 9 14 69
133 366 1 1 1
252 368 9 8 55
1070 371 2 4 6
1477 370 4 4 7
1298 372 1 2 2
789 375 6 10 47
1244 375 1 2 2
1292 377 1 3 3
725 383 6 10 54
1245 383 1 1 1
928 385 4 1 4
1615 384 3 3 7
848 386 5 7 26
933 386 8 1 8
1244 386 1 1 1
979 391 6 1 6
988 392 6 1 6
998 393 6 1 6
1280 393 14 13 62
1385 392 6 9 39
1005 394 8 1 8
1244 396 2 7 9
1053 399 1 1 1
920 400 1 1 1
1409 401 5 5 16
1187 404 1 2 2
1596 407 2 2 3
722 408 22 22 118
1061 408 3 5 12
1584 409 2 1 2
1458 411 21 35 250
1582 411 1 1 1
686 412 6 2 12
820 415 5 5 11
1193 414 2 4 7
1217 415 12 5 19
1277 414 11 12 61
916 417 1 1 1
1232 418 4 1 4
1494 419 24 40 376
1261 421 1 1 1
1361 421 6 11 53
865 427 1 3 3
685 429 3 2 6
1615 431 1 2 2
1067 432 1 1 1
603 434 5 4 10
1547 437 7 7 37
1062 438 4 6 22
1212 439 4 4 12
919 441 14 18 88
1130 440 1 1 1
955 445 4 9 25
1204 444 2 2 3
1088 446 1 1 1
1357 446 7 10 41
1489 447 6 1 6
725 451 3 2 5
884 453 1 1 1
1015 452 4 7 25
1030 455 4 6 21
1245 457 2 1 2
1442 457 1 2 2
1093 458 3 3 7
1230 458 9 2 17
1633 459 4 19 45
864 462 1 1 1
1003 462 5 12 46
1274 462 28 21 246
1241 467 14 4 28
756 469 1 1 1
666 470 1 1 1
950 475 2 2 4
986 481 5 14 58
1204 481 2 4 7
1474 481 8 1 8
1483 482 26 3 37
1603 483 7 8 43
729 485 5 8 34
1085 484 2 3 4
1517 485 1 1 1
1522 486 4 1 4
1011 488 5 18 72
1050 497 1 1 1
1229 499 4 8 13
1051 505 5 9 36
975 507 4 13 47
1084 510 2 2 2
734 513 3 5 10
1045 515 3 4 10
1031 517 3 3 8
1011 519 5 14 41
1634 519 6 17 62
1163 520 1 4 4
800 523 2 2 3
837 522 3 3 6
868 529 2 1 2
943 530 4 5 14
1077 531 5 4 15
1058 533 2 2 4
764 534 3 3 9
987 535 1 2 2
1100 535 5 12 41
1145 539 4 7 26
1240 538 5 17 36
759 543 4 7 24
971 545 3 7 19
1176 552 2 22 32
1148 554 5 6 18
1386 557 3 9 20
871 561 3 5 10
1056 564 3 3 7
1423 564 3 4 8
1414 570 1 1 1
1085 572 3 1 3
743 576 4 10 29
730 586 5 11 46
1311 586 11 19 75
1204 590 2 2 4
1229 590 12 16 52
832 592 4 5 14
1091 602 4 4 15
1560 603 8 10 55
1333 607 3 7 17
1135 610 2 2 3
766 616 3 4 9
541 619 6 8 35
1034 620 3 2 5
1445 621 6 10 42
1159 622 1 2 2
731 627 6 11 52
1176 628 3 11 23
619 630 3 2 4
1074 633 4 8 25
1260 633 4 2 8
998 634 7 15 84
1466 638 1 1 1
1529 639 2 5 8
1167 641 2 3 5
601 642 20 12 107
1183 642 2 2 4
918 646 4 6 23
1008 651 4 3 9
926 653 5 7 31
898 660 12 42 236
1018 663 2 2 3
1279 665 1 1 1
1105 666 4 6 16
1478 667 2 2 3
832 669 3 4 8
1077 668 3 3 7
1340 670 1 3 3
1332 679 2 1 2
995 682 7 23 114
1046 682 5 12 53
542 685 4 8 29
1110 685 2 2 4
943 687 5 15 63
706 692 9 13 52
958 700 3 5 10
1084 701 4 5 15
1169 700 2 2 4
796 702 5 10 27
1070 703 2 3 5
764 704 4 4 10
899 707 17 23 134
915 706 2 2 3
1009 706 14 25 143
1004 713 4 8 21
1281 714 5 6 16
1346 714 6 11 49
1067 717 4 5 16
691 723 2 2 3
777 728 5 9 33
986 729 6 14 58
1042 729 2 3 5
914 731 1 1 1
1222 732 3 2 4
1201 735 1 1 1
960 738 4 7 25
913 743 9 11 53
1199 744 1 1 1
1033 747 5 6 24
1064 747 3 4 9
1198 748 1 1 1
1266 751 4 5 14
1197 753 1 1 1
1196 757 1 1 1
912 761 1 1 1
1195 761 1 2 2
837 764 11 13 90
922 764 1 1 1
1014 766 5 21 89
1194 766 1 1 1
1193 771 1 1 1
535 774 6 6 29
1192 775 1 1 1
929 776 1 1 1
1191 779 1 2 2
1190 783 1 2 2
1366 783 3 9 12
1400 786 4 3 6
526 788 6 6 23
1019 789 4 3 7
1189 788 1 2 2
1291 788 1 6 6
510 790 4 6 19
928 792 1 1 1
1188 792 1 2 2
913 795 3 6 15
935 794 1 1 1
1187 796 1 3 3
1290 796 1 4 4
761 798 2 2 3
1186 801 1 2 2
1185 805 1 3 3
1289 805 1 3 3
861 808 1 1 1
927 809 1 1 1
992 809 2 2 2
1184 810 1 2 2
1183 814 1 3 3
1288 814 1 2 2
865 816 6 15 26
1180 818 3 12 21
1001 820 5 6 26
893 823 1 1 1
923 822 1 1 1
1287 822 1 3 3
944 824 2 2 3
731 828 4 2 5
1179 831 1 3 3
1286 831 1 2 2
839 832 4 7 25
1178 836 1 2 2
890 839 3 7 10
1285 839 1 3 3
1039 840 3 6 14
1177 840 1 2 2
1232 840 3 2 4
1176 845 1 2 2
1313 845 1 1 1
871 849 1 1 1
1284 848 1 3 3
837 850 5 12 40
1175 850 1 1 1
1174 853 1 3 3
719 855 1 1 1
1283 855 1 4 4
865 858 2 2 2
1173 858 1 2 2
1075 863 2 3 5
1172 863 1 1 1
1053 864 13 7 19
1282 864 1 4 4
749 867 5 8 33
786 867 1 1 1
1080 866 1 2 2
1171 867 1 2 2
1066 869 2 2 3
1361 868 6 9 41
1170 871 1 3 3
398 873 1 1 1
1281 872 1 4 4
566 875 7 8 40
1031 876 1 1 1
1169 876 1 1 1
1053 880 4 2 8
1280 880 1 5 5
1106 885 1 1 1
1167 884 1 1 1
930 887 4 8 27
1279 889 1 4 4
692 891 1 1 1
1278 897 1 3 3
1099 898 3 2 4
1098 901 1 1 1
851 902 8 11 21
1125 903 2 9 17
1618 902 1 1 1
1277 905 1 5 5
845 907 1 1 1
860 908 80 55 1189
982 913 4 7 25
1276 913 1 5 5
602 917 2 3 4
1374 916 5 7 23
1159 919 1 1 1
583 920 4 4 9
1275 921 1 6 6
958 926 1 3 3
1274 928 1 7 7
1087 930 1 1 1
736 935 32 29 416
951 935 23 21 282
940 936 1 1 1
992 936 8 12 25
1013 937 1 2 2
711 939 1 1 1
1273 938 1 6 6
708 940 2 1 2
775 941 1 2 2
852 941 1 1 1
1029 943 1 1 1
723 944 6 2 8
1272 946 1 5 5
888 957 1 1 1
729 961 1 1 1
725 964 1 1 1
1024 966 5 5 18
729 970 17 11 93
748 980 8 11 24
765 981 1 1 1
793 980 409 129 23721
769 983 1 1 1
1188 982 3 2 5
771 984 3 2 5
1400 989 1 1 1
758 991 2 1 2
1601 994 6 8 40
764 997 1 1 1
796 996 2 4 7
765 999 3 3 9
769 1002 1 1 1
771 1007 3 4 7
800 1012 1 1 1
803 1015 4 3 7
771 1017 1 1 1
793 1017 1 1 1
848 1016 3 1 3
781 1018 3 3 7
774 1021 1 1 1
788 1026 2 2 2
13 1031 10 2 12
1403 1069 1 1 1
506 1070 1 1 1
515 1071 5 2 6
813 1071 1 1 1
1322 1072 3 4 8
228 1095 1 1 1
421 1099 1 1 1
644 1107 1 1 1
741 1112 1 1 1
281 1121 1 1 1
1040 1123 1 1 1
1095 1129 1 1 1
1309 1131 4 3 6
1314 1130 1 1 1
928 1133 6 17 56
574 1142 1 1 1
1372 1148 3 2 5
568 1156 1 1 1
607 1156 8 4 12
343 1169 1 1 1
1146 1173 2 1 2
1548 1175 1 1 1
291 1183 1 1 1
985 1182 1 1 1
1335 1184 2 1 2
1777 1184 2 2 2
645 1215 2 1 2
975 1214 1 1 1
1769 1217 4 3 7
1670 1219 1 2 2
1437 1221 5 7 28
