0 0 1840 1228 2017119
356 0 5 8 38
385 0 1 13 13
403 0 19 45 294
598 0 1 1 1
610 0 11 55 361
614 0 172 375 14729
897 0 4 3 8
784 0 1056 150 62312
480 7 2 3 4
483 7 9 91 262
592 13 5 13 42
496 18 26 121 472
800 20 11 14 89
570 25 2 7 11
589 39 10 24 145
538 52 8 97 383
617 59 1 1 1
1579 59 18 22 286
1701 65 20 23 332
1522 67 19 24 347
552 73 25 106 621
1352 100 10 14 103
1587 103 10 10 70
1224 104 3 5 14
1193 106 4 6 18
1662 111 122 88 3128
1081 112 3 5 14
1294 112 6 9 42
1247 117 4 6 19
0 121 36 24 121
1101 120 4 5 17
743 123 2 2 3
1405 122 5 7 27
1070 125 3 5 14
1055 125 85 118 5451
1284 124 23 26 169
589 126 8 13 84
1209 127 3 5 11
1628 126 28 67 844
1524 128 83 69 2082
945 131 15 18 156
1257 132 6 15 54
1834 135 6 14 65
1352 137 8 13 86
921 138 3 6 18
1027 141 10 14 107
1354 144 94 91 4633
740 147 4 4 15
807 148 6 8 42
1326 150 11 10 63
875 155 5 6 21
926 154 7 13 76
1351 155 2 2 3
1342 158 7 9 48
1204 163 120 92 5803
527 164 6 7 33
911 165 8 14 94
387 168 10 12 81
1305 169 6 7 29
1025 171 11 15 106
489 183 5 7 25
872 184 7 12 62
1319 185 13 16 164
258 187 110 263 4781
532 189 6 9 39
925 190 5 9 38
932 191 85 114 5088
780 193 7 11 58
818 193 9 12 87
1348 195 5 8 30
799 200 71 146 3249
1024 202 10 17 136
1632 203 4 9 19
1650 202 20 21 323
559 209 5 8 34
1343 210 6 7 32
1593 210 7 6 31
583 214 7 10 59
910 217 11 21 151
605 218 4 6 19
878 218 7 10 52
1424 221 7 7 33
1330 222 13 26 131
1399 230 4 7 25
1619 230 26 27 445
1164 239 24 38 419
1305 245 5 7 27
1736 244 26 26 483
510 254 10 16 122
530 254 8 10 67
571 254 7 23 126
373 257 9 10 77
1035 261 3 4 8
1375 262 4 5 16
1244 265 6 7 30
1460 277 22 30 510
1099 281 4 2 4
1620 281 11 17 153
521 283 5 6 26
1025 284 3 5 12
1260 284 7 9 51
369 289 1 1 1
1191 291 3 4 12
1103 295 13 24 230
0 299 5 2 7
580 299 7 11 60
7 301 2 1 2
1007 301 5 9 36
1133 301 4 4 13
10 302 1 1 1
14 303 1 1 1
650 302 6 8 36
612 305 6 6 26
1279 305 11 6 41
1437 305 11 13 113
493 307 84 190 3462
557 308 5 6 23
992 309 6 9 43
1064 309 4 7 24
1022 316 3 6 14
1042 316 3 6 16
1268 316 6 7 34
1837 323 3 14 35
1037 333 6 10 44
1193 332 6 11 46
595 335 61 236 1117
681 334 5 8 31
369 339 1 1 1
1003 338 18 17 205
1568 340 8 7 48
1634 340 21 24 410
1091 345 24 47 543
922 349 4 5 18
992 348 1 1 1
1167 348 3 4 9
1267 348 9 7 41
670 350 7 8 49
1229 351 9 12 43
988 353 1 1 1
1037 352 17 26 75
692 356 1 1 1
694 357 2 1 2
832 357 8 10 65
0 358 24 7 46
989 359 3 2 4
1000 358 3 1 3
1210 358 4 6 21
1390 358 11 28 274
661 361 76 197 1491
1326 361 3 3 8
1822 363 1 1 1
1301 364 4 4 14
740 367 5 6 20
589 368 4 3 10
949 368 82 72 1623
571 371 14 12 132
975 371 25 14 83
1471 371 18 22 311
960 374 4 7 27
1819 376 21 25 454
1006 379 2 1 2
1060 379 2 1 2
1203 379 3 4 10
646 381 1 22 22
965 384 1 3 3
1214 384 4 6 19
1066 388 1 1 1
310 390 1 1 1
313 391 2 1 2
320 393 2 1 2
583 392 17 10 114
1036 395 15 30 135
1068 395 14 25 152
784 396 13 15 123
1218 398 71 52 1038
1592 402 76 35 1635
738 405 1 5 5
844 404 5 7 29
1416 406 11 12 104
1541 406 47 36 415
575 408 8 9 60
1051 410 20 24 242
1310 410 5 6 27
1372 410 14 20 170
942 414 3 1 3
1289 415 2 24 38
1429 418 55 40 1079
839 420 4 7 23
1166 421 4 7 23
754 427 9 12 92
887 426 8 12 72
906 429 5 7 24
944 428 1 1 1
951 434 1 1 1
478 436 7 7 41
977 440 3 2 5
927 442 12 13 129
953 442 1 1 1
1075 445 2 2 3
1702 444 29 46 1019
1184 448 2 3 6
970 451 1 1 1
985 450 1 1 1
1086 450 2 5 5
1211 450 3 4 11
1007 453 5 10 36
1570 452 15 10 121
951 458 7 10 51
739 460 4 7 24
1049 461 20 41 251
867 463 5 8 29
1040 463 1 1 1
1197 462 2 3 6
1082 464 1 1 1
592 466 8 8 50
1080 471 2 6 6
1793 470 25 23 459
947 472 2 4 7
991 472 11 4 13
1027 473 1 1 1
247 474 7 2 8
987 475 1 1 1
846 477 4 5 18
1567 477 1 1 1
826 479 8 14 86
1324 481 3 2 4
1351 480 4 5 17
934 482 1 4 4
1068 483 17 52 445
449 485 7 9 56
951 484 1 2 2
996 485 9 2 18
935 487 1 1 1
957 486 20 7 27
1022 489 1 1 1
407 491 8 9 59
749 491 5 8 31
914 491 5 7 29
936 490 1 1 1
938 493 1 1 1
939 495 5 8 32
952 495 4 7 12
1442 495 13 16 162
240 497 4 205 257
991 497 1 2 2
997 496 1 1 1
1009 496 2 2 2
1239 497 5 6 25
1265 497 7 7 37
985 499 2 1 2
982 502 1 1 1
1370 503 3 2 6
960 505 1 1 1
974 504 3 1 3
1025 504 5 3 10
1037 504 5 3 6
1007 509 1 1 1
1144 508 4 5 15
1172 509 3 4 7
604 510 6 8 38
956 511 2 4 7
1291 510 5 6 19
491 513 5 5 19
901 513 10 15 123
982 512 1 1 1
1049 512 4 5 17
575 514 9 12 92
750 515 7 8 42
1258 517 6 6 31
984 521 40 42 688
1281 521 3 3 9
1329 520 4 5 17
1617 521 7 6 37
987 523 1 1 1
1025 523 3 3 5
957 524 1 2 2
969 527 3 2 6
1048 527 1 1 1
1191 527 4 6 18
1226 529 3 4 11
424 530 7 9 54
1369 531 4 6 21
1282 535 4 5 15
1422 536 5 5 20
686 539 1 5 5
890 539 4 7 25
1045 538 6 12 59
762 540 4 7 24
963 540 12 22 131
1074 540 1 2 2
1264 540 4 5 12
728 543 1 1 1
1561 543 6 4 21
511 545 5 7 31
1361 545 4 5 16
485 549 7 8 46
1250 548 3 5 13
1320 549 4 3 9
504 553 6 7 35
659 557 7 25 126
416 559 7 7 45
927 558 5 6 25
1279 559 4 5 14
767 562 6 12 61
1326 562 4 5 16
1085 565 43 39 634
1235 565 4 4 11
1285 564 4 5 18
640 567 11 16 83
952 567 5 6 25
551 569 8 9 65
915 568 12 7 39
434 571 13 10 85
675 570 1 8 8
971 570 6 8 37
1273 573 3 4 9
946 575 1 1 1
851 577 6 9 46
1609 576 19 20 302
1766 577 28 29 684
995 580 4 8 28
1207 580 4 6 21
573 582 6 8 34
719 582 7 10 53
1261 582 4 6 17
1665 582 21 22 392
1172 585 15 32 304
750 589 13 34 227
899 592 1 2 2
933 592 4 8 28
1050 598 1 1 1
558 600 5 5 23
1016 600 8 14 61
1098 601 5 7 26
1445 602 13 12 127
532 607 6 6 34
855 607 7 11 64
1110 607 4 7 27
610 609 7 7 37
951 608 16 21 158
1064 609 13 22 215
1602 611 6 3 18
829 613 7 9 50
585 614 8 9 55
904 615 242 340 23869
666 618 5 6 24
979 618 1 1 1
1097 618 30 34 412
1151 618 3 4 9
1389 620 11 10 78
562 623 7 6 32
740 622 4 6 22
1260 622 4 4 12
310 626 3 67 146
924 626 8 14 56
1179 627 5 6 26
1326 626 10 8 36
1096 629 1 3 3
1233 628 5 7 28
1136 630 1 1 1
1678 633 21 21 378
659 636 19 26 192
715 638 5 5 22
902 639 11 13 43
593 640 8 9 56
929 643 1 1 1
1189 642 3 5 14
1487 644 6 6 27
1521 645 19 39 577
930 647 1 1 1
949 647 1 2 2
1202 647 4 5 16
1303 646 9 9 70
728 648 5 7 28
1166 650 6 7 34
1426 651 5 6 28
1110 655 8 15 67
1343 654 15 20 249
576 657 10 18 143
1262 661 4 4 10
1149 663 6 7 34
1618 664 16 9 105
250 667 7 5 29
608 667 5 7 31
1191 667 3 4 10
639 669 29 13 155
525 673 5 6 29
896 676 1 1 1
1224 678 7 9 44
616 685 5 6 24
747 684 7 10 55
1263 684 4 4 14
876 688 15 70 217
495 695 5 6 27
560 694 6 6 27
628 698 5 4 17
707 701 4 6 21
659 702 8 8 46
1256 703 2 4 7
782 705 10 17 80
1147 705 1 1 1
239 708 1 13 13
1240 709 4 5 20
554 711 6 6 28
508 715 6 6 28
287 716 60 10 340
1199 716 3 4 11
753 719 8 10 64
519 723 5 4 17
1237 722 3 5 11
903 725 5 7 26
1207 724 3 3 9
587 727 8 9 53
773 726 8 11 71
823 727 7 7 41
810 728 2 1 2
1086 729 1 1 1
239 731 1 3 3
1126 731 1 1 1
1182 732 20 12 98
368 735 7 6 33
1103 734 4 6 17
621 737 14 23 216
792 737 1 2 2
1128 736 10 14 125
1247 737 3 5 14
1264 739 3 4 10
310 743 14 10 65
518 743 5 5 22
1166 744 12 9 70
896 746 5 8 33
706 749 10 13 100
588 751 13 12 91
1297 750 4 5 18
1059 753 26 19 327
566 754 5 6 25
1201 754 3 5 14
411 758 9 10 74
1249 759 4 5 17
1273 759 5 6 22
1611 758 10 8 58
1670 759 22 20 350
1101 761 15 11 53
738 765 9 12 80
875 766 12 7 40
807 769 6 8 39
1653 768 8 8 52
611 771 7 8 45
1173 770 5 7 30
896 773 4 6 17
1056 774 1 1 1
1113 774 14 22 235
839 776 5 7 30
593 779 5 4 18
870 779 4 13 20
1253 778 4 5 17
1299 780 3 3 9
1824 782 16 27 358
1164 785 3 4 10
1257 785 6 9 29
1271 785 12 4 31
1175 787 6 8 33
683 788 7 8 49
456 791 7 9 47
540 790 8 9 52
625 790 19 18 123
1094 793 4 4 16
741 794 8 12 75
1222 798 2 4 7
1242 799 4 4 12
1353 798 13 13 146
423 805 6 4 22
1402 805 20 25 398
608 809 9 4 35
1638 808 21 22 380
1678 809 22 36 650
1175 818 2 4 8
839 824 5 8 34
1239 827 1 1 1
549 834 5 6 23
824 834 3 2 6
355 836 13 19 142
1431 836 4 2 5
1068 841 21 15 188
850 843 3 5 11
1262 842 22 20 202
1524 842 14 9 87
1606 842 19 10 87
751 848 16 29 144
874 851 4 3 12
1302 851 14 16 176
568 852 7 9 51
634 857 5 6 28
683 856 9 8 48
880 857 1 1 1
308 859 9 9 64
1584 861 18 20 297
882 863 5 8 34
601 866 6 6 28
1169 866 4 6 18
806 868 1 1 1
523 871 4 4 15
958 870 4 6 19
1377 870 10 10 80
1275 873 3 5 15
472 875 7 8 51
1093 874 4 5 17
1174 875 3 5 14
1222 877 25 21 168
444 881 8 10 67
489 880 7 7 39
1161 880 3 6 14
1142 882 6 10 49
1178 884 1 1 1
789 886 3 6 16
1242 887 17 11 90
554 888 6 7 31
980 889 1 1 1
528 891 6 8 38
976 893 12 53 243
637 898 13 7 78
1277 898 5 7 25
1299 898 4 6 17
522 900 5 6 26
600 900 27 22 292
1598 901 20 22 369
544 902 7 8 51
868 909 11 16 140
951 911 6 10 30
680 912 6 8 43
1307 912 4 5 19
1323 914 11 9 53
647 924 4 6 19
899 927 2 4 8
1516 927 21 24 412
824 929 1 1 1
493 933 2 1 2
570 932 10 17 77
1677 933 26 26 529
1038 934 1 1 1
714 936 568 189 45793
1382 937 13 16 150
382 939 11 10 89
413 938 9 9 56
1292 939 13 18 188
1355 938 4 5 17
1585 938 7 5 25
632 941 7 9 45
1013 941 1 1 1
1334 942 4 3 9
622 944 1 1 1
1028 944 15 13 103
581 953 15 15 72
613 953 9 9 56
1133 952 11 15 135
995 955 5 7 23
564 956 6 6 32
934 957 21 23 204
520 959 6 8 39
1276 962 12 16 157
1625 963 6 4 21
1257 964 3 5 14
1338 969 4 5 18
1714 969 23 21 374
1121 970 1 1 1
414 973 6 5 26
1638 973 1 2 2
344 974 9 9 61
1067 974 3 3 7
1347 975 4 4 13
461 978 5 4 17
1483 978 20 25 388
390 983 6 7 31
424 982 4 4 16
534 992 5 7 30
1311 993 11 12 106
428 995 6 5 25
1024 997 6 7 26
299 998 11 12 85
605 998 5 6 20
1103 1000 1 1 1
915 1002 2 4 7
973 1002 4 4 14
1398 1005 5 9 36
1603 1004 24 26 347
496 1017 8 10 65
557 1016 6 7 34
620 1017 37 17 318
1332 1019 4 5 14
462 1020 6 5 23
1052 1024 4 7 27
1304 1025 13 32 220
375 1032 7 8 39
1063 1033 3 6 16
593 1034 5 6 22
545 1037 1 1 1
1738 1040 22 19 323
671 1045 5 6 21
1594 1045 23 22 366
267 1046 7 6 31
519 1048 5 8 34
627 1058 5 7 27
670 1061 7 9 45
647 1071 9 13 85
687 1071 7 10 59
585 1073 10 18 75
551 1076 5 7 30
1677 1077 4 3 10
486 1080 7 6 33
442 1085 4 5 18
469 1084 1 1 1
475 1089 9 19 109
452 1093 1 1 1
839 1093 14 10 64
1665 1095 3 2 4
499 1097 4 6 18
872 1097 3 5 10
1746 1098 21 23 281
792 1101 3 3 7
1513 1101 1 1 1
853 1102 5 6 27
1621 1102 3 2 4
1802 1103 2 1 2
912 1105 6 10 54
243 1107 3 2 5
431 1107 1 1 1
885 1106 3 4 12
1476 1111 6 3 8
226 1112 8 6 31
946 1113 1 1 1
426 1115 1 1 1
677 1117 3 4 10
1109 1116 3 5 13
666 1121 6 8 36
848 1122 13 9 83
893 1122 4 2 5
1290 1123 17 15 123
607 1124 6 6 28
370 1127 3 2 5
729 1126 3 3 8
1551 1126 6 5 24
1606 1126 21 19 268
473 1129 6 6 29
1632 1131 42 48 959
684 1134 11 11 57
1453 1135 2 2 3
1285 1137 2 2 3
1184 1139 5 7 26
1457 1139 1 1 1
938 1142 5 9 35
1104 1143 3 4 11
1373 1143 10 13 96
1119 1148 17 13 73
289 1150 2 2 3
943 1153 15 18 79
1211 1153 4 6 18
148 1154 1 1 1
824 1155 4 6 20
907 1155 4 7 23
1177 1154 6 7 34
1250 1157 5 10 28
1236 1158 3 5 12
1491 1158 2 2 3
463 1161 4 5 16
713 1161 3 1 3
1537 1161 20 20 280
814 1162 4 7 22
922 1164 4 5 13
1733 1165 2 1 2
791 1166 3 1 3
851 1167 5 7 30
1029 1169 4 7 21
1505 1169 15 15 159
353 1170 9 8 53
1450 1171 3 2 5
117 1172 1 1 1
1000 1173 6 3 13
1009 1172 1 1 1
1192 1175 10 7 57
1836 1175 4 1 4
435 1177 4 4 12
124 1178 2 1 2
829 1183 1 1 1
1171 1182 6 7 32
43 1186 1 1 1
1147 1187 9 5 25
838 1189 4 6 21
1732 1188 1 1 1
1622 1191 35 27 515
454 1192 2 1 2
673 1192 1 2 2
1448 1193 1 1 1
1745 1192 3 2 4
358 1194 1 1 1
449 1195 2 1 2
949 1194 4 6 19
1114 1194 2 4 6
1177 1197 2 2 3
463 1200 1 1 1
561 1200 7 5 16
1242 1200 5 7 25
1389 1201 17 10 82
619 1202 7 10 41
1174 1202 2 3 6
1590 1203 16 13 116
647 1204 2 4 6
1764 1205 1 1 1
1209 1207 13 4 18
1261 1206 2 4 6
1338 1206 6 3 14
1745 1207 2 1 2
549 1208 5 8 32
604 1208 1 1 1
927 1208 11 4 34
1534 1209 3 2 6
10 1210 2 1 2
1094 1212 1 4 4
601 1217 6 11 45
1052 1217 2 3 6
431 1218 7 10 22
1448 1218 8 5 19
1204 1221 3 7 20
1576 1221 5 1 5
1721 1220 1 1 1
575 1223 3 5 13
1275 1222 1 1 1
1680 1223 6 5 24
1173 1224 3 4 11
1583 1225 1 3 3
181 1227 1 1 1
368 1226 4 2 5
547 1227 2 1 2
1349 1227 1 1 1
