0 0 1840 1228 2047711
177 0 15 18 188
215 0 7 15 52
236 0 86 27 1664
339 0 112 56 2380
510 0 35 132 1728
645 0 10 7 54
754 0 62 71 1585
824 0 44 50 1118
922 0 11 10 87
944 0 58 50 1583
1164 0 49 42 1091
1204 0 28 24 193
1281 0 5 3 10
1527 0 36 45 1078
1576 0 17 37 112
1676 0 20 7 95
1776 0 64 143 2965
1141 14 4 3 5
452 16 10 15 120
695 20 12 23 217
1512 23 1 1 1
167 25 16 19 221
1122 24 6 13 55
1395 25 22 39 634
1510 27 1 1 1
1509 30 1 1 1
1508 32 1 1 1
1507 34 1 1 1
75 37 21 27 461
1642 36 73 58 1376
1718 36 32 35 768
290 38 19 36 460
1298 44 10 11 87
962 47 6 14 67
1228 46 7 11 56
891 52 5 9 37
1076 55 5 8 31
1258 55 38 34 446
1119 59 6 5 21
1560 58 25 37 673
805 60 16 17 213
913 61 8 14 82
994 60 6 13 64
1256 60 1 2 2
462 62 10 17 130
1193 62 6 9 39
1031 64 19 35 508
1165 64 21 13 130
65 66 7 8 25
416 67 8 12 80
405 73 2 1 2
480 73 1 1 1
488 72 1 1 1
604 73 1 1 1
788 72 1 1 1
1229 72 1 1 1
606 75 1 1 1
852 75 8 13 85
878 75 1 2 2
1301 75 6 9 40
761 80 19 23 287
350 84 8 9 56
936 85 40 28 516
980 87 39 63 1055
1071 86 16 30 276
325 89 5 3 11
794 89 13 58 444
1145 88 4 9 31
1206 91 1 2 2
260 92 5 7 23
914 96 9 18 114
1488 96 13 7 45
1621 96 19 15 180
1236 101 5 6 19
897 103 5 3 12
676 107 12 20 189
1119 106 5 7 29
1187 110 12 10 60
380 112 38 83 963
430 113 1 1 1
1559 116 28 39 777
1100 119 34 67 924
1207 119 10 17 123
605 121 8 5 27
439 124 2 2 4
643 124 9 14 96
173 126 13 15 162
258 127 6 5 24
816 126 7 9 42
1361 126 21 37 547
1193 129 3 2 6
1709 129 32 31 709
203 131 17 23 310
313 131 3 1 3
335 130 1 1 1
1278 131 1 1 1
1448 130 23 34 543
508 132 1 1 1
718 133 8 10 58
516 134 7 9 23
551 134 32 23 192
740 135 1 1 1
1144 135 6 7 34
1185 135 5 10 38
1263 134 5 6 21
1829 135 11 20 152
932 137 34 23 467
1516 137 11 15 122
296 138 1 1 1
322 139 27 38 341
361 139 1 1 1
420 139 21 13 102
473 139 2 1 2
487 139 20 33 247
339 140 10 3 12
390 141 4 2 8
481 141 1 1 1
632 140 1 1 1
1018 141 1 1 1
297 143 1 1 1
384 143 1 2 2
458 142 1 1 1
541 143 3 1 3
613 143 1 1 1
848 142 1 1 1
1245 142 4 5 19
310 144 1 1 1
460 144 2 3 6
538 144 1 1 1
375 146 8 5 12
464 147 8 1 8
814 146 23 31 336
246 149 24 45 488
350 149 1 1 1
620 148 59 59 864
684 149 1 1 1
689 148 22 27 240
999 148 20 32 294
171 151 18 23 343
511 150 148 149 6396
581 151 45 55 487
959 150 22 26 136
590 152 1 1 1
678 152 2 1 2
1199 153 3 5 15
1309 153 5 7 27
476 154 1 1 1
549 155 1 1 1
1225 155 3 3 7
299 156 2 1 2
439 157 41 51 757
584 156 6 7 30
670 156 2 6 7
660 157 121 108 2690
863 156 1 1 1
716 158 2 1 2
314 162 1 1 1
571 163 9 8 35
677 162 3 8 14
1204 162 8 9 61
290 167 1 1 1
424 166 1 1 1
1267 166 5 4 16
1637 166 1 1 1
358 169 11 5 24
712 168 10 14 84
772 168 43 76 1059
651 170 1 1 1
847 170 1 1 1
276 173 1 1 1
299 172 1 1 1
309 172 2 2 2
562 172 1 1 1
676 172 1 1 1
786 173 2 1 2
1427 173 25 39 663
278 177 7 4 10
321 176 1 1 1
325 177 5 1 5
617 177 2 2 2
664 176 3 7 11
1146 177 4 7 23
1234 177 2 3 5
352 178 1 1 1
505 179 2 6 12
373 180 1 1 1
434 181 5 3 11
492 181 1 1 1
913 180 16 27 232
1008 181 4 5 15
1741 181 67 44 1804
276 183 1 1 1
486 183 1 1 1
575 183 1 1 1
605 183 3 1 3
723 182 2 1 2
1630 183 2 2 3
194 185 3 5 7
702 184 1 1 1
1047 184 20 37 558
1118 185 26 28 345
336 186 1 1 1
441 187 1 1 1
302 189 9 14 65
417 188 10 4 13
698 188 1 1 1
499 190 1 1 1
1582 191 7 3 9
360 192 8 9 19
490 193 1 1 1
680 193 11 2 14
89 195 11 9 67
241 195 1 1 1
274 195 26 38 417
378 195 1 1 1
715 194 1 1 1
470 196 46 58 573
707 196 3 5 11
1512 197 20 26 347
319 199 1 1 1
380 198 9 1 9
1471 198 37 42 1070
819 201 5 3 13
1827 200 13 64 559
402 202 3 1 3
420 203 1 1 1
248 204 1 1 1
1190 204 2 3 4
1327 204 1 1 1
255 207 2 1 2
410 207 1 1 1
636 207 62 43 453
1097 207 4 9 27
1152 207 14 14 155
1200 207 9 10 48
1375 207 15 26 292
425 208 19 19 158
473 209 1 1 1
483 208 5 10 14
529 209 1 1 1
594 208 1 1 1
624 208 9 3 11
643 209 2 2 4
703 209 2 1 2
1347 208 18 31 420
301 210 1 1 1
414 211 1 1 1
467 210 1 10 10
1466 211 1 1 1
340 213 1 10 10
375 212 2 2 2
1230 213 13 28 210
358 215 1 1 1
360 214 1 1 1
1283 214 6 9 38
416 216 1 1 1
451 216 2 2 3
527 217 1 1 1
633 217 1 1 1
149 219 8 4 14
239 219 2 1 2
326 221 2 2 3
386 222 1 1 1
404 223 4 7 9
415 222 1 1 1
455 222 1 1 1
147 224 1 1 1
451 227 2 2 3
465 226 2 1 2
484 227 2 1 2
520 226 4 1 4
1270 227 4 6 17
312 228 1 1 1
708 228 1 1 1
929 228 5 11 35
337 230 2 7 8
1092 230 33 77 953
1546 231 36 39 892
16 232 15 16 177
230 232 1 1 1
386 233 70 54 1161
904 232 13 19 203
1008 233 7 10 52
1423 233 1 1 1
418 234 1 2 2
863 234 1 1 1
321 237 2 2 3
1186 236 6 12 57
171 238 12 10 78
259 239 23 34 384
519 239 2 1 2
991 238 5 10 41
1148 239 5 10 38
157 242 1 1 1
807 242 5 6 25
1783 243 33 38 864
439 244 116 99 4563
235 247 1 1 1
317 247 1 1 1
373 246 7 2 8
767 246 13 38 372
1666 246 26 34 629
329 248 10 10 28
356 249 1 1 1
787 249 37 58 657
1037 248 43 50 779
286 251 2 1 2
527 251 1 1 1
940 251 4 5 15
1172 251 8 12 80
144 252 6 3 8
353 252 2 7 8
366 253 3 4 6
855 252 14 24 264
1217 253 10 10 58
300 255 25 15 144
943 254 14 27 206
126 256 31 20 186
970 259 14 29 348
1002 258 21 32 206
286 261 1 1 1
1134 261 3 6 14
7 263 16 13 152
327 264 2 1 2
355 265 6 4 9
381 264 2 1 2
835 267 2 7 9
1242 266 2 2 2
374 268 23 19 154
449 269 2 2 4
752 269 6 10 52
1165 268 5 6 23
1208 269 7 13 65
371 271 1 1 1
436 271 4 7 11
1141 270 4 6 20
174 272 1 1 1
337 272 1 1 1
373 273 1 1 1
218 274 1 1 1
348 274 4 1 4
164 276 1 1 1
292 276 3 6 10
643 276 2 2 2
654 277 1 1 1
669 277 1 1 1
664 277 23 19 192
698 276 1 1 1
1315 276 33 67 925
255 278 9 7 15
350 279 18 12 86
700 279 1 1 1
1174 279 4 7 24
317 280 1 3 3
715 281 15 21 180
1188 281 6 10 44
142 282 10 6 31
288 283 1 1 1
843 283 1 1 1
161 285 1 1 1
659 285 1 1 1
398 287 3 3 9
1280 287 1 1 1
1448 287 16 21 237
603 289 13 16 57
743 289 1 1 1
1136 288 4 6 14
125 290 1 1 1
604 291 1 1 1
898 292 35 44 598
957 295 1 1 1
405 296 22 2 42
556 297 1 14 14
1120 296 4 6 16
1765 297 63 33 999
1829 298 1 2 2
765 300 8 14 80
567 302 1 1 1
1166 302 16 16 157
999 304 3 5 15
543 307 1 1 1
960 307 22 46 601
1248 306 4 5 14
583 308 3 2 5
608 308 8 3 14
1209 309 11 8 43
1604 309 3 1 3
370 311 1 1 1
577 311 2 1 2
633 311 1 1 1
649 311 1 1 1
395 313 36 33 537
824 312 4 2 7
846 312 1 1 1
554 315 2 1 2
359 317 1 1 1
574 316 3 1 3
644 317 1 1 1
1009 317 3 7 18
1037 316 6 8 26
104 319 1 1 1
621 319 2 1 2
671 319 1 1 1
825 319 22 24 120
640 321 1 1 1
785 320 5 8 33
312 322 5 5 23
569 324 1 1 1
630 325 1 1 1
940 324 8 15 96
1002 325 1 1 1
1715 325 22 19 261
101 326 2 1 2
579 326 1 1 1
618 327 1 1 1
1110 326 5 15 47
580 329 1 1 1
621 329 1 1 1
751 329 1 1 1
994 328 5 6 25
1128 328 13 21 174
1748 328 67 88 2832
584 330 1 1 1
445 335 1 1 1
766 334 6 10 46
1195 336 8 12 79
265 339 1 1 1
1011 339 3 3 6
372 340 14 18 167
526 341 1 1 1
895 340 3 2 3
1179 340 5 5 18
1712 342 1 1 1
442 345 1 1 1
517 345 28 25 307
784 344 11 20 173
1361 344 16 23 293
1469 344 24 32 491
585 346 1 1 1
882 346 4 10 34
1172 346 62 40 1080
193 349 1 1 1
234 348 1 1 1
284 349 1 1 1
403 349 7 6 28
731 349 13 17 147
1036 348 3 4 7
455 352 4 4 7
562 352 15 13 102
775 353 1 1 1
903 352 5 9 39
1838 353 2 15 24
270 354 14 18 79
468 355 2 1 2
1092 354 5 6 23
1183 354 1 1 1
293 356 17 17 190
444 356 1 1 1
1152 356 3 4 9
391 358 4 7 17
440 358 1 1 1
1406 359 1 1 1
1729 358 1 1 1
716 361 1 1 1
994 360 2 1 2
166 363 10 5 35
228 363 12 13 107
684 362 15 30 347
975 362 5 6 18
593 364 1 1 1
1119 365 3 2 4
143 367 14 16 165
448 366 1 1 1
495 366 1 1 1
601 367 1 1 1
943 367 16 14 140
1062 367 1 1 1
1398 367 1 1 1
1069 368 2 3 4
1526 369 22 29 467
549 370 8 13 101
1120 371 28 31 559
1259 373 2 1 2
1257 374 1 1 1
203 376 5 7 18
469 377 1 5 5
1053 377 5 8 28
430 378 2 1 2
984 379 5 11 44
1100 378 3 3 8
1001 380 1 1 1
791 383 11 23 133
1000 382 15 46 503
1383 383 13 21 202
492 385 12 33 224
527 385 2 1 2
1812 385 28 32 742
658 387 1 2 2
856 387 13 33 251
1288 386 19 23 195
652 389 2 1 2
888 389 64 139 2608
1435 388 16 18 148
758 390 5 8 38
550 393 3 1 3
1573 392 22 28 466
464 394 1 1 1
1458 394 57 114 2741
1407 397 10 13 95
75 398 10 10 63
685 399 1 1 1
746 398 11 23 144
973 398 17 10 108
1109 399 7 7 25
1164 401 5 9 32
1274 400 1 1 1
1183 402 4 5 17
186 404 12 12 103
234 404 17 21 124
373 404 2 2 3
1125 405 1 1 1
709 407 1 1 1
206 408 12 13 97
392 409 3 2 5
461 409 7 8 28
340 411 1 1 1
531 410 7 10 55
1039 411 1 1 1
1225 410 5 6 22
898 413 1 1 1
1537 412 25 34 629
786 414 29 37 583
333 417 5 16 32
486 417 1 1 1
973 416 4 8 27
1204 417 5 9 32
399 419 1 1 1
554 419 3 2 6
1019 419 21 49 516
1054 419 15 25 277
1704 421 2 1 2
1132 422 3 2 5
1150 423 32 30 364
220 424 1 1 1
307 426 5 12 27
524 427 1 1 1
654 426 1 1 1
823 426 13 20 195
1329 427 1 1 1
1584 426 22 29 436
964 429 29 41 499
1836 429 4 1 4
768 433 4 7 21
1125 433 3 5 11
539 435 9 12 43
591 434 1 1 1
943 435 2 7 13
651 436 9 16 118
518 438 1 1 1
342 441 1 1 1
867 441 3 2 4
1133 440 3 4 11
282 443 5 12 45
519 443 5 2 6
747 442 38 34 432
1003 443 3 4 9
1108 442 2 1 2
1221 442 21 17 226
1421 443 1 1 1
198 444 14 16 171
336 445 2 4 7
451 444 11 19 147
504 445 11 5 15
571 445 1 1 1
932 445 1 2 2
476 447 8 14 94
1092 446 4 4 11
642 448 1 1 1
852 449 20 26 200
1130 449 2 3 5
331 451 2 1 2
710 450 16 20 86
951 450 10 2 12
1197 451 13 19 97
1832 451 8 24 164
250 452 8 4 20
416 453 2 1 2
1117 453 3 3 7
1296 452 39 21 272
891 454 2 1 2
1267 455 2 1 2
809 459 55 36 767
255 461 20 12 75
395 461 17 16 148
509 461 1 1 1
744 461 2 2 4
817 460 1 1 1
507 463 1 1 1
539 462 10 17 109
577 463 2 1 2
1081 463 2 2 3
1136 465 3 4 8
26 467 11 6 41
1109 467 64 89 2326
427 473 4 4 8
728 473 4 7 24
959 473 11 8 32
1101 472 1 2 2
227 475 18 8 68
455 475 25 25 229
595 475 2 1 2
1046 474 38 48 828
1269 474 1 1 1
1296 474 1 1 1
0 477 4 1 4
286 477 1 1 1
350 476 1 1 1
502 478 72 48 836
988 478 1 2 2
1286 479 1 1 1
1401 479 39 31 566
1629 479 18 20 257
32 482 9 8 46
684 482 1 1 1
874 482 11 11 36
1003 483 14 27 279
357 484 1 2 2
621 485 1 1 1
868 484 1 1 1
507 486 1 1 1
737 486 6 10 52
977 487 1 1 1
1556 486 22 32 491
272 488 18 23 89
1048 489 1 1 1
334 490 2 1 2
485 491 8 15 66
508 491 1 1 1
591 490 2 1 2
948 490 13 10 35
586 492 4 1 4
767 492 4 6 16
240 494 9 8 52
451 496 1 1 1
565 497 1 1 1
790 499 30 43 503
866 498 5 3 12
1183 498 3 4 8
302 501 3 1 3
324 500 1 1 1
387 501 1 1 1
414 501 36 38 603
1376 501 5 5 13
367 502 2 1 2
447 502 3 1 3
1328 503 13 20 218
18 504 1 1 1
343 504 6 4 13
674 504 1 1 1
904 504 1 1 1
131 506 8 5 24
360 507 1 1 1
704 507 9 12 80
968 506 1 1 1
1234 506 42 27 431
403 508 5 7 25
834 509 24 22 259
974 510 6 3 12
96 512 14 13 132
194 513 1 1 1
333 513 1 1 1
593 512 3 2 3
959 512 2 1 2
1615 513 22 16 277
148 515 1 1 1
386 514 1 2 2
591 514 1 1 1
605 515 1 2 2
768 514 23 34 419
176 516 4 2 6
230 517 1 2 2
874 516 1 1 1
897 516 1 1 1
962 516 8 4 20
1097 516 3 6 13
150 519 2 1 2
358 518 6 7 39
546 519 4 4 11
718 519 2 2 4
909 518 2 2 3
232 520 3 7 10
462 521 1 1 1
1213 520 1 1 1
346 523 1 1 1
617 522 1 1 1
975 522 17 23 250
1574 523 2 2 4
479 525 8 16 82
582 524 2 2 2
509 527 21 14 92
698 527 5 13 39
717 526 11 17 115
867 527 1 2 2
1308 527 4 2 7
507 528 1 1 1
537 529 1 1 1
829 529 8 16 52
890 528 1 1 1
1025 528 3 3 6
1220 529 7 11 39
1699 529 36 62 1498
333 530 1 1 1
905 530 1 1 1
913 531 11 24 186
1158 531 1 1 1
247 533 1 1 1
466 532 1 1 1
1330 533 1 2 2
252 535 1 1 1
533 534 1 1 1
942 534 4 7 19
295 537 6 16 31
324 536 2 1 2
332 537 10 4 16
356 537 6 3 9
556 536 1 1 1
574 536 2 1 2
615 536 2 1 2
494 538 1 1 1
1024 539 1 1 1
171 541 9 5 28
546 541 1 1 1
897 540 1 1 1
144 543 11 13 95
265 544 2 1 2
497 544 1 1 1
601 545 1 1 1
1061 545 2 4 7
1435 545 7 7 37
465 547 25 22 244
651 546 1 1 1
868 547 18 21 193
1202 547 1 1 1
1530 546 1 1 1
348 548 1 1 1
413 548 1 1 1
507 548 1 1 1
535 548 1 1 1
554 549 2 2 3
587 548 1 1 1
1192 549 1 1 1
223 551 10 6 39
516 551 12 10 71
781 551 5 7 35
943 551 20 36 165
1250 550 1 1 1
1275 551 1 1 1
180 553 21 19 179
392 552 2 1 2
571 552 1 1 1
589 553 4 2 7
608 553 3 2 5
619 552 1 1 1
705 553 1 1 1
1266 552 1 10 10
1453 552 13 18 177
28 554 2 1 2
636 555 1 1 1
681 554 1 1 1
700 554 1 1 1
897 554 1 1 1
1135 554 10 14 47
806 557 1 1 1
1395 557 1 1 1
122 559 4 3 4
680 559 10 6 15
788 559 4 2 5
1009 559 13 10 32
1031 559 1 2 2
1298 558 15 31 302
254 560 4 2 4
350 560 33 20 221
497 560 2 1 2
649 561 1 1 1
817 560 1 1 1
926 560 9 12 59
287 562 5 2 6
449 563 4 4 13
530 563 1 6 6
661 563 1 1 1
972 563 2 5 8
1071 562 3 11 24
1226 562 3 2 5
1601 562 31 29 332
214 565 1 1 1
501 565 1 1 1
1353 565 1 1 1
7 567 2 2 4
97 566 11 13 71
151 566 1 1 1
222 566 1 1 1
409 567 2 2 2
594 566 2 2 3
723 567 1 1 1
775 567 12 17 98
835 567 14 11 97
1114 567 3 1 3
342 569 2 2 3
441 569 4 3 9
455 568 1 1 1
890 569 2 2 4
1033 568 12 16 137
1127 569 3 3 7
1489 569 1 1 1
275 571 7 2 11
901 571 1 1 1
995 571 3 4 11
1103 571 11 25 110
0 572 4 1 4
37 572 1 1 1
39 573 1 1 1
506 573 18 50 507
605 572 9 8 22
1160 572 2 1 2
1776 572 20 17 253
329 574 2 1 2
886 574 3 1 3
1467 574 22 18 280
251 577 3 1 3
684 577 10 11 76
1415 577 2 1 2
537 579 1 1 1
741 578 3 2 4
1144 578 3 5 12
1434 578 2 2 2
280 581 1 1 1
747 580 8 10 46
1406 580 2 1 2
1665 581 19 17 242
262 582 9 2 10
341 583 2 2 4
574 583 1 1 1
895 582 2 1 2
916 583 3 3 7
1160 582 15 12 61
1280 583 1 1 1
22 584 4 2 6
39 584 1 1 1
221 584 1 2 2
428 585 2 1 2
493 584 1 2 2
801 585 7 12 74
824 585 4 8 29
1270 585 1 1 1
726 587 1 1 1
1018 586 2 2 3
332 589 5 5 9
600 589 7 4 19
383 591 3 4 9
415 591 1 1 1
772 591 8 13 84
1091 590 3 2 5
1497 590 18 21 256
162 592 18 7 49
482 592 7 10 44
545 593 1 1 1
711 592 2 1 2
956 592 43 29 685
1047 592 2 4 6
460 595 14 4 19
598 594 2 1 2
732 595 1 1 1
1014 595 2 5 8
1082 594 3 3 8
1248 594 1 1 1
422 596 2 5 6
544 596 1 1 1
580 596 1 1 1
619 596 7 6 29
722 597 1 1 1
790 597 34 55 638
938 597 3 5 11
388 598 2 1 2
589 599 1 1 1
744 599 3 3 5
229 601 1 1 1
691 601 18 28 254
1041 601 6 5 24
1335 600 10 14 100
0 603 5 1 5
267 602 2 1 2
687 603 2 2 4
1784 603 39 51 1135
6 604 2 1 2
212 605 1 1 1
909 605 8 10 45
263 607 4 4 14
403 606 1 1 1
439 606 3 1 3
559 607 1 1 1
1132 606 2 1 2
1293 607 1 1 1
558 609 1 1 1
727 609 1 1 1
932 608 5 7 31
1261 609 1 1 1
1709 609 34 41 941
319 610 1 1 1
415 610 1 1 1
487 611 1 1 1
551 611 5 3 7
1322 611 1 1 1
169 613 1 1 1
448 612 1 1 1
464 612 1 1 1
757 613 5 8 37
1425 613 7 8 38
1562 612 21 29 410
1075 614 7 11 50
1307 614 1 1 1
177 616 12 5 31
271 617 5 3 11
676 617 1 1 1
730 617 1 1 1
844 618 8 16 102
1060 618 2 1 2
150 621 1 1 1
234 620 2 2 2
361 621 5 7 23
609 621 1 1 1
635 620 2 2 2
937 620 2 2 4
1101 621 1 2 2
408 622 28 35 413
537 622 2 2 3
606 622 1 1 1
644 622 2 8 9
718 623 8 18 59
489 625 12 2 18
591 625 7 11 60
671 624 1 1 1
684 625 2 2 3
1160 625 7 10 37
1247 624 1 1 1
1372 624 1 1 1
1478 624 1 1 1
577 626 1 1 1
682 627 1 1 1
741 626 11 9 47
768 626 1 1 1
1041 627 2 3 6
1289 627 1 1 1
576 628 1 1 1
173 630 12 16 113
333 630 1 1 1
509 630 1 1 1
634 631 1 1 1
784 631 9 15 72
878 631 1 1 1
934 630 4 9 26
1230 630 1 1 1
0 633 1 1 1
380 633 4 2 5
547 633 18 27 179
694 634 2 1 2
967 635 1 1 1
1049 635 28 35 288
1083 634 11 12 50
1117 634 5 14 55
210 636 1 1 1
264 639 1 3 3
678 638 5 4 12
888 638 2 4 8
577 641 8 15 88
638 641 1 1 1
755 641 3 4 7
823 640 3 2 3
903 640 3 3 9
1315 641 20 23 213
449 643 3 2 5
494 643 1 1 1
645 643 6 2 7
846 642 8 10 65
623 645 1 1 1
626 644 1 1 1
909 645 40 69 876
994 644 22 20 200
1041 645 1 1 1
1464 645 12 19 149
189 647 19 11 64
244 646 1 1 1
313 647 3 2 3
505 647 26 75 811
536 646 2 1 2
609 647 1 1 1
953 647 30 44 373
1166 647 2 2 3
461 649 1 1 1
607 648 1 1 1
877 649 3 5 12
943 648 2 4 7
1085 648 3 2 5
1400 648 5 4 11
331 650 3 1 3
399 651 5 2 9
452 651 2 1 2
720 650 1 1 1
736 650 1 1 1
303 652 2 1 2
840 653 1 1 1
1104 653 2 3 4
1149 652 6 9 40
1297 652 10 2 11
1416 652 34 31 516
80 655 1 1 1
639 655 2 1 2
1375 654 1 1 1
478 656 2 1 2
796 657 4 6 18
1164 656 1 1 1
1488 657 1 1 1
445 658 4 1 4
697 659 12 2 17
731 659 1 1 1
764 658 2 3 4
891 659 5 8 28
1093 658 2 4 8
1394 658 1 1 1
1535 659 1 1 1
143 660 3 1 3
335 661 2 1 2
570 660 1 1 1
723 661 5 2 9
1280 661 1 1 1
676 662 6 15 42
928 663 4 7 22
1157 663 3 12 14
1338 663 2 1 2
1557 663 17 15 182
255 665 2 2 3
337 665 2 1 2
348 664 11 10 85
401 665 4 2 7
730 665 33 37 418
850 665 5 2 7
1032 664 4 5 11
1048 664 2 2 4
1566 665 39 47 888
99 667 8 3 12
413 667 6 2 8
451 666 1 1 1
544 667 1 1 1
577 667 7 12 24
687 666 14 10 42
1207 667 12 16 136
1235 666 1 1 1
160 669 1 1 1
467 668 1 1 1
940 669 11 10 34
1244 669 7 6 25
556 671 3 1 3
710 670 1 1 1
802 670 8 12 81
899 671 2 3 5
1342 671 3 2 4
194 673 1 1 1
772 672 3 1 3
834 673 2 2 2
987 673 1 1 1
1091 672 20 14 81
1631 673 38 35 646
1817 673 14 12 67
440 674 10 4 17
465 674 2 2 3
600 675 1 6 6
647 674 3 2 4
1047 675 3 2 3
192 676 1 1 1
381 677 1 1 1
388 677 13 8 41
459 676 4 3 10
720 677 7 5 11
1002 677 1 2 2
1076 677 1 1 1
1327 677 16 16 151
1457 677 1 1 1
1749 677 22 22 354
98 678 1 1 1
183 679 1 1 1
285 679 2 1 2
328 678 2 2 4
342 678 1 1 1
428 679 8 18 89
1267 679 1 1 1
76 681 11 8 62
257 681 12 13 116
293 681 2 1 2
332 681 1 1 1
659 680 1 1 1
817 680 12 4 16
957 681 3 1 3
1050 680 37 37 487
104 683 1 1 1
150 682 2 2 4
332 682 6 12 18
495 683 3 1 3
949 683 5 6 30
1288 682 3 1 3
1436 682 1 1 1
37 684 2 1 2
135 684 3 2 5
208 684 16 15 115
224 684 2 1 2
1042 685 5 6 16
1120 684 6 6 22
1148 684 5 4 11
1800 684 1 1 1
864 686 1 1 1
1165 686 8 4 24
1242 687 24 29 288
154 688 6 4 18
532 688 1 1 1
591 689 1 1 1
691 689 7 2 7
759 689 6 19 84
766 688 1 1 1
1138 688 2 3 6
27 691 9 10 87
119 691 4 3 6
373 691 4 3 8
613 690 6 19 25
661 691 5 8 22
679 691 11 15 73
787 690 1 1 1
1527 691 20 26 381
538 692 7 8 47
784 692 3 3 5
955 692 28 40 620
393 695 5 1 5
868 694 2 1 2
886 695 27 27 171
1177 694 1 1 1
287 696 10 11 92
361 696 2 2 3
480 696 1 1 1
562 696 2 1 2
414 698 1 1 1
798 699 5 1 5
1272 699 1 1 1
140 700 3 1 3
38 702 1 1 1
351 702 4 2 7
547 703 2 2 4
635 702 1 1 1
639 703 5 2 10
1158 703 1 1 1
1409 703 6 5 14
45 704 21 4 40
153 705 1 1 1
223 704 2 1 2
646 704 13 20 208
775 705 6 7 30
807 705 4 6 12
260 706 3 1 3
386 706 3 2 4
1480 706 20 29 441
10 709 3 2 3
127 708 1 1 1
312 709 1 1 1
325 709 2 1 2
446 708 1 1 1
592 709 1 1 1
611 709 1 1 1
717 708 3 2 5
838 709 7 8 51
1140 709 2 1 2
93 710 4 2 6
544 710 2 4 5
857 710 5 4 12
144 712 1 1 1
299 712 3 2 5
787 712 1 1 1
601 715 4 8 10
794 714 9 17 130
1146 715 5 5 22
1252 715 1 1 1
1313 714 2 1 2
181 716 11 8 54
315 716 2 1 2
343 716 4 2 4
684 717 1 1 1
728 716 4 2 7
1035 716 8 16 51
489 719 2 1 2
1080 719 1 3 3
539 720 1 1 1
588 721 3 2 3
722 720 17 18 158
827 721 4 5 14
1437 721 11 11 83
118 722 1 1 1
442 722 1 1 1
692 722 1 1 1
705 722 3 1 3
720 723 2 2 3
839 723 44 37 642
1107 722 21 23 283
1280 722 1 1 1
226 724 2 2 2
273 724 6 5 11
378 724 1 1 1
514 724 17 8 50
567 725 1 1 1
582 724 2 1 2
671 725 1 1 1
1080 724 14 19 194
1499 724 82 60 2220
6 727 2 1 2
334 727 1 1 1
336 726 1 1 1
1064 726 4 4 5
1310 726 11 13 113
87 729 1 1 1
455 728 1 1 1
554 729 1 1 1
622 729 3 2 5
1287 728 11 15 135
420 731 3 3 7
630 731 1 1 1
759 730 1 3 3
466 733 6 2 11
547 732 9 19 87
771 733 1 1 1
913 732 2 2 4
1056 732 2 2 3
414 735 2 2 3
706 735 2 1 2
1367 735 2 1 2
1370 734 1 1 1
39 736 1 1 1
472 736 25 8 119
714 737 357 340 35816
899 737 26 37 282
1264 738 4 3 8
1615 739 1 1 1
230 741 7 2 11
533 740 1 1 1
642 740 1 1 1
678 740 1 1 1
808 740 4 6 21
226 743 1 3 3
686 742 2 4 5
1246 742 9 13 95
514 745 7 9 56
537 745 1 1 1
606 745 3 8 24
658 745 1 1 1
676 744 1 1 1
1054 744 1 1 1
77 747 2 2 3
168 746 1 1 1
403 747 8 13 70
454 747 22 24 194
1060 746 22 44 245
109 749 1 1 1
332 748 2 3 5
1049 748 9 8 30
379 751 1 1 1
441 750 2 1 2
590 751 1 1 1
620 751 3 2 4
641 751 1 1 1
683 751 1 1 1
1182 751 1 2 2
1267 751 1 1 1
232 753 1 1 1
281 753 1 1 1
941 753 6 8 23
1120 752 2 2 3
59 755 1 1 1
124 754 1 1 1
431 754 5 6 23
482 754 1 1 1
510 754 1 1 1
602 755 4 2 5
1266 754 1 1 1
1323 754 1 1 1
238 756 2 1 2
248 757 1 1 1
311 756 1 1 1
523 756 1 1 1
1015 756 3 2 5
1189 756 4 2 5
208 758 1 1 1
542 759 1 1 1
992 758 1 1 1
1058 758 1 2 2
1161 758 15 24 291
1256 759 1 1 1
1294 759 1 1 1
505 760 1 1 1
667 760 1 1 1
1258 760 1 1 1
1378 761 24 74 953
1406 760 21 21 228
414 763 2 2 4
528 763 5 2 6
675 763 3 2 4
700 763 4 1 4
1325 763 19 37 486
195 765 3 2 3
351 765 3 4 6
1117 764 2 1 2
589 767 9 3 18
647 766 4 1 4
680 767 1 5 5
814 766 5 7 24
1050 767 1 2 2
1093 767 54 35 692
442 768 2 2 3
513 769 8 12 81
654 770 3 3 7
714 770 1 1 1
731 771 1 1 1
999 771 1 3 3
1016 773 1 1 1
188 774 4 4 10
221 774 1 1 1
600 774 15 15 88
830 774 17 21 163
256 777 1 1 1
328 777 3 2 4
472 777 8 3 14
566 776 1 1 1
936 776 12 16 142
1004 777 1 1 1
320 779 5 3 12
399 778 8 6 32
95 780 12 16 43
202 781 3 2 5
234 780 2 1 2
334 781 1 1 1
510 781 37 18 301
709 780 7 17 41
254 783 1 1 1
498 783 4 5 14
578 782 1 1 1
741 783 7 4 16
121 784 1 1 1
553 785 1 1 1
586 784 2 4 5
647 785 1 4 4
1090 784 2 2 2
906 787 1 1 1
356 788 1 1 1
1045 789 3 9 14
207 790 10 13 108
270 790 3 1 3
333 790 1 1 1
659 791 4 1 4
1068 791 2 3 5
1428 790 56 32 586
226 792 1 1 1
561 793 2 4 7
588 792 2 2 4
723 793 1 1 1
749 792 2 2 3
53 795 2 1 2
307 794 1 1 1
418 794 5 4 18
490 794 2 2 2
606 794 5 6 20
1254 794 1 1 1
77 797 1 1 1
285 797 1 1 1
590 796 1 1 1
629 796 1 1 1
671 797 3 3 8
907 796 8 6 23
70 798 1 1 1
138 799 2 1 2
863 798 12 17 91
1471 798 1 1 1
96 800 2 1 2
316 801 2 4 7
510 800 1 1 1
1045 800 29 36 502
1172 800 1 1 1
302 803 1 1 1
713 803 18 17 72
817 803 3 6 15
1202 803 1 1 1
1497 802 3 3 5
162 804 1 1 1
371 805 9 4 14
494 805 4 5 11
710 804 1 2 2
963 804 7 9 54
1108 805 2 3 6
1239 804 2 2 2
1321 805 5 6 18
47 806 2 1 2
113 807 3 3 4
324 806 3 7 17
391 807 4 4 11
453 807 8 10 56
544 807 7 11 35
559 806 2 2 4
676 806 2 2 3
696 806 6 4 16
836 807 1 1 1
884 807 3 6 14
1010 806 1 1 1
1705 806 26 39 736
180 808 4 1 4
360 809 1 1 1
657 809 22 20 128
942 809 1 1 1
1111 808 1 1 1
249 811 1 1 1
519 811 11 21 95
594 811 15 5 36
622 811 28 16 161
147 812 1 1 1
277 812 1 1 1
283 813 2 2 4
214 815 1 1 1
419 814 7 10 58
479 815 1 1 1
497 814 5 16 42
40 816 6 3 13
176 817 1 1 1
685 816 1 1 1
1236 816 1 1 1
1411 816 2 1 2
1424 817 3 3 5
128 818 5 5 21
78 820 1 1 1
355 821 2 1 2
443 820 7 22 97
680 821 16 13 75
894 820 2 1 2
939 821 6 9 35
1203 821 2 1 2
434 822 1 1 1
477 823 1 1 1
573 823 1 1 1
1116 823 2 1 2
1311 822 7 1 7
707 825 1 1 1
718 825 2 3 6
1120 824 1 1 1
1168 824 1 1 1
1340 824 25 30 356
23 827 6 3 7
280 826 14 11 49
737 827 11 11 37
1142 827 1 3 3
275 828 1 1 1
904 828 2 3 4
920 828 4 7 26
959 828 10 20 166
1081 828 23 28 162
1190 828 1 2 2
220 831 2 2 3
1752 831 19 15 195
263 832 1 1 1
601 832 3 2 3
649 832 10 9 26
1283 832 1 1 1
1300 832 1 1 1
550 835 8 13 33
571 835 10 3 12
710 834 1 1 1
720 835 2 4 6
258 837 4 4 15
349 836 5 1 5
366 837 8 7 41
836 836 2 1 2
1666 836 17 16 198
94 839 2 1 2
183 839 5 6 11
619 838 2 1 2
871 839 1 3 3
903 839 2 2 3
1046 838 1 2 2
1180 839 11 10 70
245 840 1 1 1
332 840 2 1 2
415 841 1 1 1
474 840 13 8 47
610 841 7 10 24
642 841 3 2 6
847 841 2 5 8
878 841 9 15 112
1257 840 5 1 5
83 843 2 1 2
345 842 10 7 16
685 842 19 11 69
790 843 7 8 35
816 843 6 10 54
1401 842 13 18 159
630 844 1 1 1
1269 845 2 2 3
1506 845 22 25 384
235 847 1 1 1
288 847 1 1 1
319 846 1 3 3
923 846 5 7 28
1332 847 11 22 132
35 849 1 1 1
471 848 1 1 1
628 848 1 1 1
1312 848 5 1 5
88 850 5 8 15
255 851 15 12 84
341 851 1 1 1
406 851 1 1 1
524 850 1 1 1
896 851 2 5 9
1045 851 3 4 8
1645 851 16 34 402
68 853 1 1 1
390 853 2 3 4
393 852 1 1 1
447 852 1 1 1
526 852 10 7 42
654 853 20 12 46
1059 852 6 13 30
1097 852 5 7 30
72 855 1 1 1
1317 854 1 1 1
430 857 15 14 58
998 857 3 4 8
1019 856 1 1 1
1598 856 18 30 335
1804 856 1 1 1
102 859 1 1 1
353 858 3 2 5
464 858 14 11 92
494 859 4 4 13
510 858 2 2 2
909 859 1 2 2
916 858 1 1 1
1143 859 1 1 1
1193 858 1 1 1
129 860 2 1 2
790 860 7 12 64
23 863 1 1 1
123 862 4 2 4
332 862 3 3 5
423 863 4 5 8
520 862 2 2 3
624 862 12 5 34
1076 862 15 8 63
1130 863 1 1 1
491 865 2 2 3
676 864 7 2 7
778 865 92 90 2362
887 865 4 6 23
1302 864 1 1 1
1837 864 3 2 5
67 867 1 1 1
925 867 2 4 7
366 868 1 1 1
605 868 2 2 3
687 868 3 8 15
1177 869 1 1 1
234 870 4 3 9
608 870 2 1 2
612 871 1 1 1
1187 870 5 2 6
1346 870 1 2 2
90 872 1 1 1
152 872 5 3 8
217 873 8 5 25
279 872 2 1 2
300 873 7 6 10
349 872 4 2 5
502 873 4 7 20
534 872 4 5 14
0 874 12 2 13
192 875 6 11 20
425 875 1 2 2
564 874 10 8 43
983 874 20 12 39
1014 874 1 1 1
1092 874 2 6 11
463 876 1 2 2
650 876 10 1 10
661 877 1 1 1
868 877 1 1 1
94 878 1 1 1
665 879 4 5 20
677 878 1 1 1
701 878 8 9 21
208 880 5 4 15
529 880 4 2 5
1080 880 2 4 7
284 882 6 4 8
632 883 1 1 1
877 882 1 1 1
976 882 1 3 3
1062 882 5 8 22
1247 883 1 1 1
1452 883 20 28 218
1470 883 1 1 1
1466 882 70 52 1385
82 885 2 2 2
271 885 3 3 6
478 884 7 9 53
588 885 1 1 1
913 884 27 45 411
1148 885 3 3 7
1675 884 34 55 682
1793 885 2 2 3
121 887 1 1 1
216 886 14 10 41
308 887 2 1 2
1097 886 2 3 6
1735 886 14 10 100
372 888 1 3 3
393 889 3 3 6
427 888 8 9 38
504 888 10 13 86
602 889 6 8 40
669 889 3 1 3
732 888 1 1 1
0 891 6 1 6
11 890 3 1 3
341 891 2 3 5
625 891 1 1 1
683 890 1 1 1
296 892 1 1 1
403 892 1 1 1
1012 893 1 1 1
1078 892 17 6 29
108 895 1 1 1
618 894 34 37 250
706 894 3 2 6
1017 895 2 1 2
1134 895 7 10 65
1146 894 1 1 1
1310 894 1 1 1
1587 894 15 17 183
488 896 4 4 12
902 897 2 3 5
1193 897 4 1 4
109 898 1 2 2
536 899 6 13 42
678 899 14 19 85
699 899 1 1 1
710 899 1 1 1
876 899 1 1 1
326 901 4 2 5
401 900 10 6 29
461 901 2 2 3
549 900 1 1 1
1232 901 11 19 152
1288 900 1 1 1
60 902 1 1 1
446 902 4 6 18
1052 902 25 20 195
1366 902 10 8 28
137 905 1 1 1
455 904 39 23 415
596 904 2 2 4
705 905 2 2 3
727 905 3 3 4
1347 905 1 1 1
1186 907 1 1 1
126 909 11 22 113
323 909 1 3 3
893 909 12 14 72
1121 909 1 1 1
70 911 5 3 8
1083 910 1 2 2
1311 911 1 1 1
36 913 1 1 1
431 912 1 1 1
1286 912 2 1 2
1320 913 1 1 1
1826 912 1 1 1
183 915 2 2 3
718 914 1 2 2
1124 914 2 3 6
403 916 5 2 6
436 917 9 8 57
495 916 12 13 61
552 916 1 1 1
554 917 1 2 2
568 917 18 4 28
694 916 14 18 54
1324 917 16 25 250
408 919 22 35 264
530 918 1 2 2
608 919 1 1 1
715 918 1 1 1
203 921 2 2 3
396 920 4 5 11
1405 921 13 20 155
1834 921 1 1 1
534 922 10 6 26
605 923 1 1 1
1092 922 1 1 1
1121 923 1 1 1
1308 923 4 4 10
710 924 1 1 1
886 925 2 12 14
1106 925 1 1 1
352 927 6 6 27
653 926 19 5 27
722 926 2 1 2
1078 927 2 1 2
164 928 3 3 5
907 929 1 2 2
1116 929 2 2 3
447 930 6 8 46
534 930 20 19 118
1541 931 1 1 1
304 932 4 2 6
584 932 1 2 2
621 933 1 1 1
80 934 1 1 1
88 934 4 2 5
332 935 1 1 1
899 935 1 1 1
1126 934 1 2 2
1158 934 1 1 1
1229 935 1 1 1
1349 935 1 1 1
1386 935 1 2 2
616 936 1 10 10
669 937 4 8 26
683 936 1 1 1
685 937 1 1 1
931 936 1 1 1
1072 936 12 11 42
1232 936 1 1 1
15 938 1 1 1
210 938 1 1 1
467 938 2 1 2
600 938 8 18 33
109 940 3 4 6
390 941 2 2 4
585 941 5 6 10
208 943 1 1 1
322 943 3 1 3
509 942 1 1 1
636 942 33 14 100
1564 943 1 1 1
1575 942 21 18 228
1658 943 26 44 512
380 945 3 2 4
693 944 1 1 1
704 945 1 1 1
943 944 1 1 1
362 947 3 1 3
475 946 31 22 318
530 946 1 1 1
577 947 6 5 11
612 947 3 3 8
261 948 2 1 2
1137 948 2 1 2
69 951 2 2 3
177 951 3 2 3
291 951 1 1 1
773 950 3 2 5
920 950 1 5 5
1327 951 3 1 3
1414 950 2 1 2
286 953 1 1 1
334 953 4 7 15
387 953 9 3 12
519 953 17 11 48
566 953 1 1 1
1084 952 2 1 2
1182 953 1 1 1
1611 952 1 1 1
75 955 3 3 8
455 955 1 1 1
633 955 1 1 1
896 954 1 3 3
1175 954 1 1 1
1214 954 24 34 419
1312 954 1 1 1
208 957 2 1 2
310 957 5 3 10
474 957 1 1 1
554 956 1 1 1
556 957 5 4 20
918 957 1 3 3
516 958 1 1 1
600 958 1 1 1
764 959 3 3 8
1343 958 24 26 327
1471 959 12 15 114
8 960 4 2 5
99 960 2 2 3
203 961 2 4 7
288 961 2 1 2
376 961 1 1 1
905 961 3 3 7
1718 960 13 7 50
587 963 5 5 14
162 965 1 1 1
232 965 1 1 1
366 964 1 1 1
434 965 28 24 161
567 964 4 3 9
717 964 1 1 1
1258 965 15 21 245
405 967 1 1 1
610 967 1 1 1
650 966 1 2 2
1437 966 3 5 8
59 969 4 2 4
313 968 1 1 1
399 968 3 3 7
804 968 14 12 45
214 970 1 3 3
299 970 1 1 1
468 970 1 1 1
545 971 20 10 79
709 971 1 1 1
1071 970 7 7 39
1392 971 1 1 1
531 972 8 15 54
1061 973 1 1 1
412 974 8 8 26
859 975 11 3 22
1201 974 1 1 1
498 976 6 4 17
1759 976 15 16 91
1203 978 1 1 1
250 980 1 1 1
600 981 6 7 16
643 981 1 1 1
792 981 2 3 6
1069 980 1 2 2
358 982 3 2 4
566 983 1 1 1
1114 982 2 1 2
1504 983 1 1 1
511 984 1 1 1
570 985 8 6 20
582 984 1 1 1
637 984 5 7 27
687 985 1 1 1
1171 984 1 1 1
0 987 1 1 1
54 986 1 1 1
134 986 5 3 9
349 987 1 1 1
368 986 4 10 20
610 988 1 1 1
615 989 2 2 3
216 991 1 1 1
497 990 25 19 74
679 990 1 1 1
1091 991 6 3 13
1172 990 22 39 317
1302 991 1 1 1
1396 990 13 16 149
1592 991 1 1 1
66 993 1 1 1
433 993 8 1 8
654 993 1 1 1
1065 993 1 1 1
1067 992 1 1 1
1076 993 3 3 8
1306 992 6 9 41
294 995 1 1 1
399 995 2 1 2
495 994 2 2 3
1367 995 1 1 1
1515 995 2 2 2
69 996 2 2 3
182 996 1 1 1
591 996 1 1 1
631 997 1 1 1
689 997 1 1 1
86 998 2 2 2
194 999 3 2 4
481 998 1 1 1
1565 999 1 1 1
1644 999 1 1 1
209 1000 1 1 1
463 1000 5 17 39
207 1003 1 1 1
269 1002 2 1 2
343 1003 5 5 14
426 1003 1 1 1
1118 1003 1 2 2
254 1005 4 6 8
366 1005 1 2 2
632 1004 8 5 34
396 1006 14 24 165
559 1006 2 2 2
596 1007 5 8 31
658 1006 4 2 7
138 1009 5 4 10
330 1008 11 1 11
360 1009 1 1 1
388 1008 1 1 1
645 1009 1 1 1
1076 1009 4 10 16
1371 1008 17 21 242
1445 1008 1 1 1
44 1010 8 3 9
106 1011 1 1 1
109 1010 1 1 1
385 1011 3 1 3
90 1013 1 1 1
484 1012 11 5 31
587 1013 1 1 1
654 1012 1 1 1
696 1012 3 6 13
709 1012 4 4 11
631 1014 1 1 1
1110 1014 1 1 1
1255 1014 1 1 1
1303 1015 9 10 52
192 1017 2 2 2
1221 1016 2 2 3
1469 1016 1 1 1
1601 1016 16 16 189
13 1019 1 1 1
282 1018 1 1 1
481 1019 1 1 1
509 1019 1 1 1
541 1018 15 21 160
669 1019 25 15 120
1128 1018 2 1 2
1289 1018 2 3 4
1649 1019 5 4 8
1665 1019 1 1 1
1799 1018 1 1 1
148 1021 1 1 1
166 1020 3 3 5
366 1020 1 2 2
447 1021 5 5 12
477 1021 4 5 10
1268 1020 5 2 8
1694 1021 13 11 77
363 1022 1 1 1
382 1022 1 1 1
420 1022 2 3 4
531 1022 2 2 2
615 1023 1 1 1
1080 1022 2 2 3
1554 1023 2 1 2
89 1025 1 1 1
227 1025 1 1 1
174 1026 1 1 1
605 1028 1 1 1
644 1028 1 1 1
1629 1028 17 13 135
1655 1028 1 1 1
272 1031 1 1 1
321 1030 7 5 16
460 1030 20 15 127
1204 1030 7 5 13
1310 1030 17 24 293
1522 1031 30 22 346
180 1032 16 12 68
569 1032 12 5 22
612 1033 1 4 4
655 1033 3 3 6
164 1035 7 6 33
500 1035 1 1 1
595 1035 4 2 6
1105 1034 1 1 1
432 1036 5 12 26
636 1037 1 1 1
139 1039 7 3 16
309 1039 1 1 1
601 1038 3 3 8
1366 1038 11 14 111
1402 1039 1 1 1
1431 1038 1 1 1
34 1040 1 1 1
81 1040 1 1 1
447 1041 18 23 99
1298 1040 1 1 1
1336 1041 8 15 89
644 1042 9 13 65
669 1043 6 3 12
1496 1043 2 3 5
175 1045 3 5 13
258 1044 1 1 1
267 1044 4 2 4
377 1044 6 8 25
393 1045 4 9 14
408 1045 2 2 2
592 1047 3 1 3
208 1048 5 11 17
551 1049 2 1 2
302 1050 1 1 1
349 1051 6 6 13
574 1051 1 1 1
628 1050 1 1 1
1225 1050 2 2 3
1516 1051 1 1 1
87 1052 1 1 1
282 1052 2 1 2
632 1052 2 2 4
1188 1053 1 2 2
1275 1053 1 1 1
1377 1053 2 2 3
1519 1052 1 1 1
139 1054 1 1 1
250 1054 6 2 9
562 1054 1 1 1
104 1057 1 1 1
116 1057 1 1 1
280 1057 2 2 2
611 1057 6 9 36
659 1057 14 6 59
1677 1057 3 1 3
127 1058 3 4 11
332 1058 1 1 1
583 1058 3 1 3
588 1059 2 1 2
639 1058 5 4 17
1182 1058 1 1 1
217 1061 7 9 50
552 1060 3 4 7
704 1061 12 10 29
1597 1061 5 4 10
299 1062 3 4 6
368 1062 2 2 3
410 1063 5 6 14
1541 1062 14 16 135
182 1065 1 1 1
588 1065 9 14 29
1116 1065 1 1 1
170 1066 11 7 36
200 1066 1 1 1
291 1066 1 1 1
333 1066 1 1 1
512 1066 3 3 6
606 1067 1 1 1
621 1067 1 1 1
1497 1066 1 2 2
93 1069 1 1 1
126 1069 1 11 11
194 1069 5 6 20
279 1068 10 1 10
967 1069 1 2 2
1468 1069 1 1 1
1474 1068 1 1 1
214 1072 1 1 1
328 1072 1 1 1
508 1073 1 1 1
757 1073 4 2 8
846 1072 8 12 76
914 1072 7 8 46
1163 1072 1 1 1
1335 1073 1 1 1
1379 1073 30 16 221
307 1075 1 1 1
360 1074 2 2 3
507 1075 1 1 1
551 1074 19 12 147
781 1074 1 1 1
1681 1075 3 2 4
487 1077 2 3 6
621 1077 2 2 3
688 1076 2 1 2
875 1076 1 3 3
1053 1077 1 1 1
1192 1076 2 2 3
1253 1077 4 6 14
249 1079 20 17 88
365 1078 1 1 1
406 1079 18 4 56
534 1078 6 5 23
972 1079 1 2 2
193 1081 3 3 8
302 1080 1 1 1
991 1081 2 10 12
1089 1080 6 8 24
1148 1081 1 2 2
1485 1080 1 1 1
444 1083 1 1 1
494 1082 18 10 65
602 1082 1 1 1
655 1082 1 1 1
668 1082 11 9 33
876 1082 8 5 33
1015 1082 1 2 2
1122 1082 2 2 3
1457 1082 19 22 288
1715 1083 1 1 1
428 1085 1 1 1
1035 1085 16 32 296
1278 1084 3 2 4
1361 1085 1 1 1
245 1087 1 1 1
798 1087 1 3 3
191 1089 1 1 1
289 1089 1 1 1
473 1089 1 1 1
594 1089 1 1 1
56 1090 1 1 1
540 1090 1 1 1
697 1090 36 38 236
747 1090 2 3 6
903 1090 3 3 9
1155 1091 2 2 3
1490 1090 18 31 272
1177 1093 1 1 1
1257 1092 1 1 1
533 1094 4 4 7
791 1094 3 4 8
1416 1095 1 1 1
257 1097 1 1 1
454 1096 1 2 2
653 1097 9 11 66
679 1096 2 2 2
1064 1097 1 2 2
1187 1096 1 1 1
1540 1096 1 1 1
55 1099 4 6 10
352 1099 14 7 29
465 1098 7 3 9
567 1098 1 1 1
751 1098 1 1 1
1005 1098 12 14 105
1591 1098 15 16 168
180 1101 2 1 2
229 1100 7 7 33
483 1100 1 3 3
881 1100 1 1 1
990 1101 1 1 1
1075 1100 1 2 2
115 1103 1 1 1
249 1102 2 2 4
278 1102 6 6 17
417 1102 2 2 4
542 1103 1 1 1
673 1103 4 4 15
578 1105 1 1 1
779 1105 1 1 1
803 1105 4 7 23
1573 1105 5 2 6
1694 1104 1 1 1
75 1107 8 5 24
371 1106 1 1 1
456 1106 1 1 1
586 1106 3 3 7
618 1107 1 1 1
697 1107 4 8 17
736 1107 7 2 14
867 1107 2 2 4
924 1106 2 1 2
198 1108 8 11 55
351 1108 1 1 1
382 1108 1 1 1
493 1109 4 4 14
530 1108 8 12 30
744 1109 18 28 111
853 1108 1 3 3
902 1108 7 9 53
1267 1108 1 1 1
251 1110 2 2 3
292 1110 7 6 9
473 1111 9 14 69
613 1110 1 2 2
678 1110 1 4 4
784 1111 1 1 1
973 1111 1 1 1
1230 1110 2 4 7
1251 1110 4 7 22
1396 1111 10 10 71
348 1112 2 1 2
387 1113 1 1 1
513 1113 3 5 12
604 1112 5 6 14
961 1113 1 3 3
1077 1113 1 2 2
565 1114 10 3 27
694 1115 2 1 2
857 1114 13 8 59
918 1114 1 1 1
985 1114 1 1 1
144 1116 28 9 88
445 1116 1 1 1
788 1116 3 5 14
829 1117 20 22 153
1339 1117 2 2 3
545 1119 15 19 56
1038 1118 3 2 4
1369 1118 2 1 2
238 1121 4 4 13
1018 1120 1 1 1
1161 1120 2 2 3
1431 1120 2 1 2
364 1122 1 1 1
417 1123 3 6 12
442 1122 2 2 2
806 1122 1 1 1
1438 1123 1 1 1
182 1124 2 2 4
496 1124 6 4 16
601 1125 1 1 1
678 1125 1 1 1
886 1125 1 1 1
1249 1124 2 2 3
186 1126 3 5 11
467 1127 1 1 1
518 1126 3 4 10
622 1127 1 2 2
873 1127 1 3 3
87 1128 1 1 1
114 1129 4 5 16
141 1129 2 1 2
249 1128 4 3 6
402 1129 2 1 2
452 1128 13 11 107
740 1128 2 1 2
976 1128 1 2 2
1253 1128 10 14 115
164 1131 1 2 2
313 1131 1 1 1
389 1130 1 1 1
691 1130 1 1 1
910 1130 1 2 2
1065 1130 1 3 3
1231 1131 8 10 55
174 1133 2 2 3
231 1132 6 7 23
1035 1132 1 2 2
1175 1132 2 2 2
1479 1133 21 41 510
121 1135 1 1 1
647 1134 1 1 1
684 1134 1 2 2
1160 1134 1 1 1
1319 1134 7 13 61
131 1137 2 1 2
390 1136 1 1 1
589 1136 6 7 22
1029 1136 1 1 1
1291 1137 17 20 236
1560 1137 2 2 2
1677 1136 2 1 2
148 1139 1 1 1
211 1138 1 1 1
292 1139 1 1 1
309 1139 1 1 1
324 1138 1 1 1
358 1138 13 9 39
568 1139 4 4 9
964 1138 7 8 36
1439 1139 17 36 311
1579 1138 3 6 8
86 1140 1 1 1
275 1140 1 2 2
471 1141 1 1 1
483 1140 5 3 6
703 1141 1 1 1
773 1140 8 11 40
808 1141 15 11 43
1107 1140 1 1 1
1201 1140 1 1 1
433 1142 1 2 2
510 1143 7 10 23
888 1143 2 4 8
1081 1143 3 4 10
1197 1143 1 2 2
395 1144 1 1 1
1039 1144 1 1 1
1249 1144 3 4 9
73 1146 1 1 1
122 1146 6 4 13
349 1147 1 1 1
431 1146 1 1 1
532 1146 2 2 4
565 1146 1 1 1
734 1146 31 13 76
418 1149 1 1 1
430 1148 1 1 1
495 1149 4 5 15
526 1148 1 1 1
857 1149 4 5 15
287 1151 1 1 1
429 1150 1 1 1
449 1150 1 1 1
700 1151 2 3 4
879 1151 1 1 1
988 1150 1 1 1
1210 1151 2 3 5
1640 1151 1 1 1
570 1153 1 1 1
667 1153 11 4 14
999 1152 1 1 1
1077 1152 1 2 2
1734 1153 1 1 1
462 1155 3 3 7
1043 1155 2 2 3
1212 1155 2 2 2
596 1157 3 3 8
649 1157 3 2 4
1046 1157 1 2 2
1271 1157 1 1 1
702 1158 1 3 3
734 1159 2 3 3
198 1160 4 3 5
373 1160 2 2 3
415 1161 1 1 1
440 1160 5 5 21
812 1161 1 1 1
847 1161 6 4 14
967 1161 2 4 7
263 1162 1 1 1
398 1162 1 1 1
424 1163 2 2 2
548 1162 1 1 1
666 1162 1 1 1
691 1162 1 1 1
727 1163 1 1 1
828 1162 2 3 4
276 1165 1 1 1
472 1165 3 2 6
558 1164 2 1 2
801 1165 1 1 1
1218 1164 8 11 31
21 1167 3 3 7
296 1166 1 1 1
694 1166 1 1 1
1010 1166 2 3 6
1565 1167 2 2 2
1583 1167 1 1 1
384 1169 1 1 1
602 1169 3 5 10
617 1169 1 1 1
1242 1169 1 2 2
33 1170 1 1 1
115 1171 1 1 1
532 1171 1 1 1
1120 1170 1 1 1
1506 1171 1 1 1
1533 1170 1 2 2
1541 1171 15 11 83
271 1172 3 1 3
451 1173 3 4 7
460 1172 1 1 1
718 1173 16 29 142
738 1173 3 7 15
768 1172 2 2 2
850 1173 7 6 22
867 1172 2 3 5
990 1172 2 2 3
1174 1173 3 3 7
751 1174 1 2 2
761 1174 6 5 15
811 1174 1 1 1
1116 1174 2 4 8
1163 1174 6 7 25
108 1177 1 1 1
120 1177 1 1 1
416 1177 1 1 1
703 1176 2 3 5
1260 1176 1 1 1
1286 1177 1 1 1
1301 1177 1 1 1
1329 1177 3 3 7
283 1178 2 1 2
316 1178 1 1 1
1024 1179 2 4 7
336 1180 2 5 8
695 1181 1 2 2
1408 1180 1 1 1
1460 1181 1 1 1
1539 1181 1 1 1
568 1182 1 1 1
596 1183 2 3 4
821 1182 2 14 22
1008 1182 2 5 10
1212 1182 1 2 2
1640 1183 2 2 2
138 1184 2 2 2
394 1185 4 3 9
560 1184 1 1 1
947 1185 2 1 2
1419 1184 3 2 4
1463 1185 1 1 1
65 1186 2 2 4
234 1187 1 1 1
524 1186 2 3 4
553 1187 4 7 22
293 1189 4 7 15
404 1189 12 14 58
657 1188 5 2 10
711 1188 3 3 5
744 1188 10 12 42
1072 1188 7 5 22
1309 1188 7 4 17
1350 1189 1 1 1
1387 1189 1 1 1
63 1191 2 2 3
585 1191 1 1 1
638 1191 3 6 15
1155 1190 3 3 6
1333 1191 1 2 2
1467 1190 1 1 1
448 1192 2 11 19
511 1193 2 2 2
583 1193 1 2 2
1428 1193 1 1 1
1468 1192 4 1 4
1232 1195 7 8 37
1529 1195 1 1 1
573 1196 7 6 23
681 1196 2 3 4
991 1196 1 2 2
237 1199 3 4 7
241 1198 1 1 1
793 1199 1 1 1
1354 1199 1 1 1
1721 1198 1 1 1
283 1200 1 1 1
310 1200 4 4 9
360 1201 1 2 2
392 1200 1 1 1
539 1201 2 3 4
807 1200 1 1 1
1166 1201 1 2 2
1331 1200 2 1 2
1351 1200 1 1 1
1540 1200 4 2 6
810 1203 3 5 10
1315 1202 1 2 2
1494 1203 1 1 1
1544 1203 2 1 2
56 1204 4 5 14
460 1205 1 1 1
586 1204 2 1 2
1546 1205 2 2 4
224 1206 16 22 192
401 1207 1 1 1
601 1207 1 1 1
713 1206 1 3 3
743 1206 1 2 2
1101 1207 5 13 39
1214 1207 8 9 27
1295 1207 1 1 1
1499 1206 2 1 2
110 1209 3 2 4
823 1208 12 5 30
1177 1208 1 1 1
1301 1209 1 1 1
1549 1208 1 1 1
1481 1210 1 1 1
329 1213 15 8 51
546 1212 2 4 7
644 1213 3 1 3
850 1213 1 3 3
425 1215 1 2 2
435 1214 7 4 10
1051 1215 1 1 1
1486 1215 1 1 1
737 1216 4 4 10
1295 1217 1 1 1
1308 1217 14 11 79
350 1218 2 2 4
608 1219 1 1 1
1090 1219 1 1 1
1246 1219 1 1 1
1298 1219 1 1 1
122 1221 5 7 16
249 1221 3 7 19
785 1220 1 1 1
1190 1220 1 1 1
1369 1220 1 1 1
307 1222 6 6 28
519 1223 2 5 10
989 1223 2 5 10
1039 1223 1 5 5
1223 1222 1 1 1
1331 1223 1 5 5
432 1225 3 3 8
493 1225 2 3 6
555 1225 1 3 3
1235 1224 1 4 4
1249 1225 1 3 3
1259 1224 1 4 4
1347 1224 1 4 4
1368 1224 1 4 4
1407 1225 2 3 6
26 1227 2 1 2
734 1226 2 2 4
1109 1227 1 1 1
1131 1226 1 2 2
