0 0 1840 1228 2062418
403 0 52 40 1060
477 0 29 41 1000
556 0 13 4 37
595 0 12 14 152
809 0 2 1 2
921 0 6 9 47
961 0 19 29 424
1173 0 14 17 170
1217 0 8 5 33
1513 0 92 167 3135
1606 0 17 5 56
1666 0 63 26 909
1746 0 3 4 12
1773 0 27 20 419
148 5 16 25 330
1046 7 7 16 90
1125 7 23 28 246
20 9 43 25 692
1157 9 9 19 126
902 17 27 45 668
762 19 12 25 233
84 21 47 30 707
1018 20 1 9 9
328 22 22 27 409
672 23 10 15 99
990 25 5 11 47
1054 25 6 13 63
1683 25 59 51 2023
1241 26 14 25 244
1207 32 5 8 30
1076 38 11 24 217
1017 45 1 2 2
1217 47 13 30 260
983 49 6 13 69
494 51 12 20 197
1760 51 80 169 7270
1016 52 25 19 217
1375 53 25 47 940
807 54 15 25 248
1171 54 24 44 505
1263 55 12 20 182
1318 59 12 19 175
51 60 23 27 464
863 65 21 21 269
1002 65 6 10 47
1084 68 6 10 51
0 71 11 23 191
1134 71 6 11 47
1138 71 21 39 360
172 74 13 16 159
707 75 11 22 191
1029 80 8 13 79
1089 80 37 73 996
124 82 13 14 135
934 82 14 42 243
257 89 12 14 133
834 88 5 8 37
1005 95 4 8 30
733 105 20 32 425
407 107 20 31 392
1056 106 5 6 24
1203 106 4 4 12
670 111 6 2 8
1168 110 22 20 222
773 113 8 13 79
492 114 32 71 1291
689 114 4 2 5
570 117 13 25 247
1261 119 26 65 1037
1198 122 3 5 10
1298 122 9 10 71
1033 125 23 25 423
1136 125 4 8 25
885 127 5 8 36
218 131 14 22 175
926 133 11 18 158
993 133 2 3 5
0 134 18 40 577
269 138 29 23 445
870 139 5 11 51
1095 144 1 1 1
1088 146 5 4 9
851 150 5 11 50
918 151 7 15 94
818 156 5 6 26
956 156 15 13 135
991 157 29 40 654
1552 156 5 4 16
101 161 10 13 90
533 161 13 25 228
365 163 14 23 253
1120 162 1 1 1
1161 162 22 34 300
1471 168 107 90 2363
1538 169 1 1 1
568 170 12 20 176
662 170 37 57 1197
163 172 34 40 571
760 173 5 6 18
1351 173 26 31 599
1393 178 24 41 744
1093 180 23 19 264
86 184 17 20 224
921 185 11 20 132
1137 185 6 11 54
238 187 10 15 129
848 188 6 13 66
418 191 13 19 173
905 190 5 6 25
59 193 19 22 316
979 193 28 66 1026
1118 193 15 19 224
454 195 14 25 281
949 195 10 14 97
624 197 24 30 456
494 198 17 51 609
1245 199 24 32 590
1172 201 18 29 255
1057 204 11 17 156
1082 204 5 10 40
904 209 18 37 517
553 212 10 20 173
1223 214 10 14 103
1714 217 29 37 784
283 218 19 25 388
1212 220 2 4 7
425 224 17 31 418
1046 225 11 23 216
1026 230 11 9 51
451 233 11 16 138
841 232 7 11 59
929 232 9 17 129
872 234 9 12 87
249 239 19 20 285
1075 239 5 8 29
1121 245 9 22 159
224 246 1 1 1
765 246 20 13 174
7 251 1 1 1
79 250 1 1 1
166 250 2 2 2
950 251 5 9 42
1172 250 5 8 36
343 253 1 2 2
106 256 1 1 1
141 257 2 1 2
1591 256 39 30 843
85 259 10 4 21
315 258 2 2 3
798 258 19 24 341
112 261 2 1 2
160 261 1 1 1
172 261 1 1 1
198 260 11 12 22
234 261 1 10 10
345 261 15 15 178
656 261 8 14 96
1030 261 4 4 10
44 263 1 1 1
139 262 1 1 1
173 263 2 2 2
222 263 2 1 2
1091 263 5 11 45
0 264 6 1 6
582 264 1 1 1
123 267 11 12 41
273 266 21 26 297
491 267 10 15 124
585 266 3 3 5
962 266 17 34 429
1108 266 4 9 32
230 271 1 1 1
67 273 1 1 1
84 272 2 2 3
1159 272 5 8 27
22 274 1 1 1
140 274 1 1 1
18 276 1 1 1
241 277 2 1 2
164 278 3 8 10
248 279 1 1 1
117 280 5 2 6
198 280 19 23 243
398 283 1 1 1
540 282 14 27 304
57 285 8 7 18
68 284 2 1 2
924 284 18 28 248
346 286 2 2 3
846 288 4 7 24
999 288 3 3 7
238 291 2 1 2
452 290 12 20 146
477 290 17 35 409
882 290 5 10 44
118 293 1 1 1
895 292 6 10 40
1094 292 15 28 156
1129 292 6 11 46
7 294 1 1 1
105 294 2 1 2
1063 294 3 3 7
1148 295 42 14 277
0 297 5 2 10
150 296 1 1 1
165 298 1 1 1
167 299 2 1 2
192 299 1 1 1
233 298 2 1 2
22 301 1 1 1
181 301 1 1 1
187 300 1 1 1
278 300 1 2 2
335 302 1 2 2
513 303 3 2 4
19 304 1 1 1
66 305 83 102 3141
151 304 1 1 1
208 305 1 1 1
304 304 29 24 210
681 305 13 39 388
849 305 19 23 263
10 306 2 1 2
257 307 1 1 1
304 306 1 1 1
1564 306 52 47 1473
76 308 1 1 1
271 308 14 19 74
801 309 6 10 50
1633 308 37 38 1005
95 310 1 1 1
1810 311 30 34 651
35 313 26 33 368
209 312 2 1 2
245 313 2 2 4
1511 313 12 14 121
16 315 11 2 12
72 315 2 1 2
214 315 3 2 5
258 315 3 1 3
1212 315 23 48 766
882 316 16 20 245
990 316 4 8 23
1164 316 10 6 29
81 318 3 2 5
195 318 4 2 7
248 318 2 1 2
1028 318 4 6 24
1710 318 28 25 596
202 321 1 1 1
260 320 11 10 21
367 321 1 1 1
10 323 4 2 8
0 325 3 1 3
941 325 8 10 52
1036 325 12 23 237
14 326 2 1 2
291 326 2 1 2
297 327 2 2 3
778 326 18 15 142
27 328 1 1 1
173 330 1 2 2
257 331 1 2 2
1479 330 2 3 5
236 333 1 1 1
284 332 1 1 1
1109 332 32 40 352
181 335 27 17 183
425 337 26 29 434
153 338 1 1 1
159 339 12 8 51
212 339 8 4 15
227 338 44 31 657
600 339 11 19 167
938 339 37 74 1203
1144 340 5 11 55
91 342 2 1 2
1018 343 4 6 19
1168 342 9 18 71
25 345 2 2 3
1188 345 4 6 21
776 347 10 17 116
1256 347 33 37 845
872 349 4 8 31
923 349 5 6 19
1058 349 15 18 222
1469 348 1 1 1
42 351 1 1 1
68 350 3 1 3
475 350 10 16 121
1078 351 19 41 386
890 352 15 34 352
1149 353 4 5 18
19 355 1 1 1
163 355 61 37 593
1001 354 2 1 2
1239 355 8 14 91
44 357 1 1 1
54 357 13 11 82
93 356 1 1 1
157 357 5 4 8
571 356 1 1 1
1523 356 20 24 226
21 360 1 1 1
139 360 2 1 2
148 363 2 6 12
221 362 2 2 3
509 362 11 18 149
36 365 3 2 5
799 365 6 12 54
1182 364 5 7 30
84 366 1 1 1
1487 366 2 1 2
46 368 7 3 9
985 368 24 32 578
156 371 10 12 73
234 371 4 1 4
144 373 1 1 1
1136 373 5 8 31
31 374 3 2 4
549 375 20 26 330
815 374 2 1 2
1036 375 4 8 23
1575 379 1 1 1
1051 381 7 33 93
1358 381 20 24 372
1584 381 20 32 507
269 383 2 1 2
785 383 10 12 94
47 385 2 1 2
172 384 1 1 1
1030 384 4 4 12
1163 384 13 14 79
825 387 5 8 29
919 386 16 19 184
1421 386 13 9 70
1186 388 7 8 42
1490 388 103 90 2496
1700 388 20 16 249
22 390 1 1 1
35 390 4 1 4
179 390 5 8 18
420 391 1 1 1
536 390 2 1 2
165 393 3 2 4
43 395 2 1 2
53 394 15 12 65
1221 395 7 9 48
890 396 14 24 245
1082 396 20 20 224
8 399 1 1 1
173 398 2 5 6
867 399 13 14 105
25 401 14 7 48
480 403 45 53 1259
74 405 7 2 9
169 405 4 2 6
231 404 2 1 2
108 407 2 2 3
261 409 6 1 6
1531 409 16 18 225
15 411 1 1 1
83 411 27 25 198
145 411 32 52 380
530 410 2 1 2
641 411 1 1 1
1169 410 12 18 136
27 412 1 1 1
714 413 13 25 255
16 414 2 1 2
151 415 1 1 1
1065 415 7 13 54
977 417 12 24 245
0 418 3 3 7
127 421 2 1 2
186 420 1 1 1
906 421 35 56 451
24 422 1 1 1
47 422 6 3 10
63 422 9 3 15
826 422 23 20 215
1767 423 26 19 372
120 425 3 3 6
124 424 2 1 2
864 426 7 14 78
1011 426 3 5 11
1128 427 27 18 245
1187 427 34 33 663
60 428 3 1 3
319 429 12 17 170
1453 428 16 29 154
255 431 2 1 2
31 432 2 2 3
1054 433 2 4 7
0 435 71 55 2491
66 435 2 1 2
992 434 21 26 141
53 437 3 2 4
133 437 4 2 6
1088 436 8 13 36
1076 438 4 5 15
1425 439 1 1 1
216 440 1 1 1
684 440 12 32 254
1660 441 20 22 359
128 442 1 1 1
191 442 2 1 2
891 442 9 4 12
1114 442 5 8 31
76 445 2 1 2
559 445 23 30 441
206 446 1 1 1
810 446 5 6 26
910 447 1 3 3
1241 446 8 9 56
127 448 1 1 1
627 451 13 21 220
97 452 3 1 3
860 453 40 68 688
1677 453 33 49 1024
919 454 1 2 2
1547 454 1 1 1
1725 457 38 40 905
1770 456 36 62 1033
80 461 1 1 1
1621 460 17 21 280
281 462 6 4 15
1410 462 21 29 459
591 464 10 19 153
917 465 1 1 1
1169 464 2 2 4
1287 464 38 29 693
110 466 46 31 542
765 467 5 7 26
797 468 5 4 16
1039 469 3 3 6
1110 469 29 24 330
1140 469 2 3 5
964 470 1 1 1
977 473 1 2 2
1461 472 20 27 442
784 475 6 10 48
1175 475 4 5 19
716 476 1 1 1
917 477 1 1 1
943 476 11 16 81
1067 476 12 20 194
1094 477 5 7 26
850 478 11 9 63
1008 478 20 51 686
1150 478 7 6 28
1220 478 16 22 193
925 483 1 1 1
1486 482 20 28 220
901 484 22 13 84
966 485 21 32 347
263 486 10 14 112
567 488 9 16 127
691 489 14 31 173
862 489 6 3 8
933 490 2 3 4
1038 490 2 3 5
947 492 15 23 131
175 495 11 9 71
874 495 2 4 8
1078 497 10 20 114
5 499 2 1 2
918 501 13 12 64
940 501 3 3 7
997 501 3 3 5
1060 500 6 11 33
1364 502 17 26 321
778 504 10 17 131
870 504 1 1 1
1124 504 3 4 12
285 507 12 12 111
907 506 1 1 1
908 508 1 1 1
1592 509 17 18 243
319 512 2 1 2
551 513 3 2 4
1106 513 3 4 11
1502 512 16 21 254
581 514 9 15 107
485 516 8 15 99
631 517 2 1 2
1166 519 6 10 48
1320 519 30 58 799
1615 519 16 15 176
45 521 12 3 13
220 520 2 1 2
1109 521 31 27 327
1152 521 5 5 13
1098 523 2 1 2
635 524 12 19 170
1046 525 1 1 1
913 529 1 1 1
964 528 1 1 1
1203 529 32 49 874
900 531 2 2 2
216 532 14 15 173
776 533 17 37 399
1048 532 49 50 539
1544 532 20 46 618
104 535 1 1 1
328 535 2 2 3
493 535 15 14 169
866 535 4 5 16
889 534 1 1 1
991 537 9 4 22
140 538 4 2 5
168 538 13 11 98
676 539 6 6 26
1153 538 3 3 8
466 541 2 1 2
114 543 3 2 6
895 542 1 3 3
965 542 3 4 9
1534 542 1 1 1
1147 545 5 8 33
17 546 1 1 1
654 546 7 10 52
10 549 2 1 2
970 548 2 6 11
986 549 52 64 1164
1128 548 8 8 31
1187 548 7 9 51
901 551 1 1 1
927 550 1 1 1
1451 551 11 16 141
477 552 12 23 227
615 552 3 2 4
942 552 3 4 11
1169 552 6 9 36
291 555 26 31 435
445 554 1 1 1
903 555 22 18 125
984 555 2 3 5
1760 555 22 23 392
501 557 1 1 1
858 557 24 15 226
742 558 6 9 44
514 561 5 3 10
959 561 4 6 18
1275 560 8 8 45
1519 560 10 5 22
423 562 3 1 3
26 564 1 1 1
548 564 11 21 188
575 564 9 12 81
695 564 7 8 44
34 567 1 1 1
162 566 25 57 918
503 566 10 16 142
620 566 1 1 1
825 567 9 15 105
1832 566 8 41 220
1252 568 22 35 567
756 570 1 1 1
1099 570 1 1 1
280 572 8 8 52
1113 574 43 40 629
925 577 1 1 1
893 579 4 5 19
956 578 2 4 8
1608 578 25 36 626
849 580 10 6 30
974 580 3 6 17
126 583 1 1 1
128 585 18 20 289
1445 585 12 13 66
79 587 15 31 329
264 587 25 27 408
728 587 1 1 1
978 587 3 4 10
1773 586 36 30 833
201 589 1 1 1
838 589 4 6 24
397 591 10 11 94
778 593 3 6 16
885 592 8 15 89
1045 593 13 14 59
581 594 9 15 97
857 594 7 11 67
1072 594 3 4 9
443 596 21 22 359
629 597 1 1 1
765 596 3 2 3
385 598 9 6 26
1229 601 18 29 422
1461 600 6 10 43
975 602 21 22 238
1088 603 5 7 29
1578 602 17 19 248
219 607 3 1 3
481 606 21 29 254
864 607 6 9 48
934 609 28 23 428
1075 608 1 1 1
816 611 4 7 24
1108 611 9 6 23
1431 610 7 7 39
0 612 37 28 593
250 615 3 1 3
559 616 1 1 1
698 616 9 11 57
566 619 5 2 6
747 619 8 12 54
906 618 16 18 154
1029 619 1 1 1
1058 619 1 1 1
1196 618 7 9 53
1011 620 1 1 1
366 623 1 1 1
546 622 3 1 3
1254 622 1 1 1
125 627 1 1 1
426 627 2 1 2
765 627 5 5 19
1085 626 12 9 40
791 629 8 24 153
1549 629 11 14 120
254 631 3 2 4
844 633 2 1 2
1130 633 3 4 11
249 635 1 1 1
253 634 1 1 1
987 634 3 5 10
1044 634 2 1 2
1052 635 3 5 14
300 637 10 8 52
421 638 19 15 114
473 638 1 1 1
1137 639 3 2 6
549 640 21 21 260
957 641 9 6 20
998 640 3 4 9
263 643 6 6 20
507 643 8 13 92
1153 643 20 30 356
34 644 1 1 1
1023 645 2 2 2
859 646 6 17 54
1020 647 2 2 4
1061 646 17 10 107
1261 647 1 1 1
966 649 42 54 652
1275 648 15 25 279
77 651 2 1 2
325 651 10 9 73
950 651 1 1 1
74 652 2 1 2
581 653 37 63 633
741 652 8 15 86
1662 652 13 15 127
193 655 13 8 57
208 654 2 1 2
270 654 3 2 6
286 654 2 1 2
1100 654 3 6 13
1473 655 1 1 1
97 656 1 1 1
143 657 23 45 412
311 656 1 1 1
653 657 1 1 1
1025 657 3 4 11
1043 656 3 14 18
671 659 2 5 6
1118 659 14 7 51
118 662 1 1 1
299 662 5 5 15
932 662 1 4 4
718 664 2 1 2
819 665 5 9 38
1056 665 12 8 37
1190 664 16 23 280
180 666 1 1 1
533 666 1 1 1
705 666 10 20 143
859 666 1 1 1
64 668 4 2 5
522 669 8 8 54
853 669 1 1 1
939 668 1 1 1
166 670 2 1 2
211 670 1 2 2
230 670 1 1 1
263 670 2 2 2
456 670 10 15 112
970 671 3 6 13
1030 671 2 2 4
1729 670 22 24 390
76 673 3 1 3
362 672 1 1 1
879 673 3 5 9
1084 673 7 17 82
174 675 5 4 11
482 674 15 15 149
828 674 7 26 151
1585 674 1 1 1
97 677 2 1 2
214 676 6 3 12
731 676 1 1 1
949 677 1 2 2
1653 676 23 25 419
782 679 5 9 36
1718 679 1 1 1
1760 679 17 16 208
64 681 5 15 34
508 681 9 16 119
755 680 6 11 51
1114 680 3 6 13
919 683 4 8 25
1241 682 2 3 3
1424 682 5 4 12
260 685 2 1 2
1049 685 13 7 37
1221 685 1 1 1
1487 684 54 63 1282
874 686 16 25 280
326 688 1 1 1
529 689 7 6 33
474 691 1 1 1
652 690 1 1 1
658 691 1 2 2
980 691 2 4 8
1090 691 3 4 10
1818 690 1 2 2
284 693 1 1 1
313 693 3 1 3
701 693 2 1 2
107 695 20 26 417
421 695 1 1 1
704 694 1 1 1
946 695 2 3 5
289 697 5 3 12
1064 697 23 45 322
1120 696 2 2 4
1193 696 2 1 2
241 698 34 44 521
500 698 1 1 1
458 701 2 1 2
764 701 3 3 5
786 701 4 6 19
1441 700 5 5 18
18 702 5 3 7
41 702 3 7 14
202 703 2 1 2
931 703 5 8 38
1384 704 10 14 110
1691 705 61 56 1625
17 707 1 1 1
136 707 1 1 1
575 706 4 2 5
978 707 9 4 22
1176 709 1 1 1
1460 709 15 26 249
303 710 2 1 2
939 711 16 44 475
320 713 1 1 1
486 713 1 1 1
700 715 1 1 1
726 714 3 3 7
989 714 14 23 219
1040 715 15 16 160
330 717 2 2 3
848 717 1 1 1
162 718 1 1 1
177 719 2 1 2
437 719 2 2 4
768 719 4 6 18
909 718 4 8 26
963 718 1 2 2
572 721 1 1 1
1105 721 11 14 67
345 723 4 4 13
631 722 1 1 1
1092 723 2 2 4
524 729 7 8 37
542 729 3 2 4
575 728 1 1 1
967 728 10 8 35
1122 729 1 1 1
324 731 8 8 27
352 731 10 8 48
588 731 1 1 1
627 730 1 1 1
647 730 3 2 5
674 730 1 1 1
825 731 20 45 319
152 732 2 2 3
1421 733 5 5 17
1663 733 1 1 1
156 734 2 2 4
173 735 1 1 1
180 734 8 8 50
486 734 1 1 1
849 734 9 11 33
431 737 1 1 1
817 736 1 1 1
192 739 22 17 130
444 738 23 44 196
486 739 14 12 109
516 739 1 1 1
869 739 4 4 11
1734 739 30 26 568
904 740 8 8 37
992 741 20 14 101
1147 740 29 48 533
520 742 2 1 2
635 743 1 1 1
1123 743 1 1 1
1147 742 1 1 1
771 744 10 16 105
1035 745 7 16 44
1085 745 11 7 25
672 746 1 1 1
1052 746 14 4 40
144 751 1 1 1
398 751 1 1 1
600 750 1 1 1
632 751 2 2 4
815 750 1 1 1
874 751 4 8 28
1112 751 2 3 5
1299 751 1 3 3
1640 750 1 1 1
93 753 21 15 158
386 753 1 1 1
552 752 20 20 175
679 752 2 1 2
1074 752 14 13 90
1101 752 2 6 11
1427 753 31 35 396
249 755 14 22 190
621 754 8 3 9
1524 754 13 12 120
55 757 22 17 312
708 757 5 8 26
959 756 2 13 14
400 758 1 1 1
644 758 6 10 46
353 761 2 2 3
540 761 1 1 1
810 760 2 4 6
16 763 1 1 1
18 762 1 1 1
760 763 5 8 30
1173 762 21 29 347
182 764 1 1 1
283 764 1 1 1
294 765 6 3 11
389 764 1 1 1
510 765 5 2 8
886 765 3 6 15
977 765 37 83 1057
311 766 8 15 56
1068 767 2 2 4
1094 766 3 7 11
1365 767 1 1 1
719 768 4 8 25
201 771 17 26 211
280 771 1 1 1
415 771 1 1 1
478 770 7 11 21
569 770 1 1 1
678 770 5 1 5
784 771 32 56 491
1018 771 2 2 4
533 772 2 1 2
52 774 2 1 2
937 775 1 2 2
1072 775 2 3 6
1100 775 1 3 3
1421 775 1 1 1
1645 775 24 24 309
155 777 1 1 1
504 776 1 1 1
615 777 1 1 1
741 776 1 1 1
1039 777 3 6 14
81 778 13 11 114
157 779 1 1 1
500 778 1 1 1
610 778 1 1 1
709 778 15 18 121
0 781 11 17 136
387 780 1 1 1
421 781 21 23 217
860 780 2 5 9
1078 781 27 34 306
159 782 4 4 7
481 782 10 8 65
522 782 1 1 1
590 782 16 17 163
637 783 3 3 6
1048 783 2 2 4
1106 783 5 8 33
1477 783 9 9 60
263 785 2 4 5
624 784 2 1 2
652 785 11 8 47
142 786 4 1 4
410 786 2 2 2
885 787 2 2 4
932 787 1 1 1
366 788 4 3 5
537 791 1 1 1
551 791 15 26 126
933 790 4 3 11
1062 791 1 2 2
1530 790 19 20 275
875 793 2 2 3
962 792 5 11 31
127 794 1 1 1
719 794 431 304 32475
75 797 2 2 2
349 797 1 1 1
536 796 1 1 1
672 797 4 2 4
762 796 1 1 1
928 796 19 28 220
1061 796 12 28 126
1409 796 15 14 103
763 798 1 1 1
89 801 2 1 2
352 801 9 12 87
494 801 2 1 2
854 801 2 4 8
488 803 3 2 3
654 802 6 10 47
829 802 9 8 42
1038 802 3 6 15
370 805 1 1 1
710 804 2 2 3
1019 805 2 4 8
120 806 1 1 1
202 807 4 9 14
231 806 1 2 2
603 806 8 11 79
1757 807 3 2 3
773 809 2 2 2
865 808 3 5 11
1593 808 29 23 368
640 811 5 2 7
1172 811 1 1 1
1214 811 1 1 1
1396 810 12 31 250
40 813 10 4 16
277 813 1 1 1
296 812 9 11 59
528 812 4 2 5
886 812 6 11 40
1152 812 1 1 1
30 814 1 1 1
327 815 1 1 1
455 815 2 1 2
459 815 12 12 112
492 815 2 1 2
1239 815 1 1 1
1449 815 9 9 60
175 816 2 1 2
613 816 11 3 14
647 817 1 1 1
1529 817 1 1 1
1708 816 17 16 202
1803 817 14 16 111
68 819 1 1 1
249 818 3 4 9
346 819 3 2 3
373 819 7 8 38
545 818 1 1 1
583 818 8 21 101
600 819 1 1 1
624 819 10 17 126
660 818 2 2 4
768 819 1 1 1
872 818 2 5 10
0 821 7 11 49
664 820 4 3 11
1188 821 1 1 1
935 823 38 30 381
1093 823 10 8 35
1321 822 1 1 1
1488 823 18 28 304
1557 823 17 21 283
1678 822 1 1 1
343 824 3 3 5
519 824 23 21 288
711 824 1 1 1
1013 825 2 1 2
259 827 5 6 16
426 826 14 13 87
675 827 1 1 1
399 829 3 2 4
555 829 1 1 1
207 831 1 1 1
318 831 1 1 1
351 830 1 1 1
923 830 1 1 1
1029 831 16 18 111
1144 830 5 8 35
1364 830 33 34 543
299 832 1 1 1
496 832 1 1 1
557 832 1 1 1
613 833 2 1 2
786 832 3 5 11
877 833 5 10 45
1355 832 1 1 1
286 834 2 2 2
508 835 1 1 1
645 834 7 11 40
930 836 1 1 1
1448 837 1 1 1
91 839 40 24 354
177 839 6 7 24
507 838 1 1 1
578 839 3 6 13
609 839 15 18 52
667 838 1 1 1
1088 839 11 4 16
1180 838 9 2 10
265 841 5 5 18
858 840 3 4 12
1208 840 4 2 6
146 843 1 1 1
371 842 1 1 1
485 843 1 1 1
693 843 5 6 26
1013 843 2 4 5
205 844 3 2 4
410 845 5 4 6
1740 845 1 1 1
424 846 11 22 138
905 846 28 23 207
1009 847 1 1 1
515 849 1 1 1
659 849 2 1 2
882 849 9 20 110
1657 848 24 24 402
406 850 1 2 2
539 850 29 38 632
640 852 1 2 2
667 853 2 1 2
1412 853 3 3 9
1513 852 7 6 34
164 854 7 9 59
339 855 3 1 3
846 855 3 3 6
54 857 3 2 4
382 857 1 1 1
524 856 5 5 15
949 857 1 1 1
999 857 19 19 142
1826 857 14 15 168
573 859 1 1 1
575 858 1 1 1
1792 859 17 18 238
398 861 4 2 6
855 860 1 4 4
944 860 2 4 6
974 861 10 6 25
196 862 3 1 3
448 862 23 12 150
502 862 1 1 1
678 862 1 1 1
1326 863 1 1 1
175 865 2 1 2
312 865 1 1 1
860 864 11 9 45
233 867 2 1 2
316 867 13 10 34
405 866 1 1 1
513 866 1 1 1
966 867 7 3 9
93 869 5 3 9
148 868 1 1 1
155 868 18 14 100
481 869 2 1 2
576 869 2 1 2
690 868 2 1 2
1108 869 3 3 7
1428 868 36 26 359
265 871 5 5 11
632 870 7 2 8
792 870 2 3 6
886 871 25 26 194
947 871 1 2 2
344 872 1 1 1
685 872 2 1 2
702 872 3 2 5
1686 873 20 22 328
186 875 9 11 63
950 874 5 4 16
1070 875 2 3 5
174 876 3 2 3
594 876 8 3 16
305 879 1 1 1
511 879 12 9 56
664 879 1 1 1
731 879 3 6 16
883 878 1 1 1
1262 879 11 12 116
1335 879 1 1 1
126 880 5 3 8
279 880 4 3 8
649 880 1 1 1
921 881 1 2 2
628 883 1 1 1
982 882 1 3 3
1135 883 7 7 38
1400 883 12 15 92
175 884 49 37 733
246 884 1 1 1
418 884 11 17 65
632 884 1 1 1
845 884 28 26 276
233 886 1 1 1
389 887 8 12 68
602 886 1 1 1
641 887 1 7 7
940 886 1 2 2
999 886 2 9 12
1093 886 1 1 1
1515 887 13 14 126
323 889 2 1 2
440 889 2 2 3
1579 888 2 2 2
339 891 10 6 18
814 891 2 6 10
1382 891 4 2 6
85 893 1 1 1
580 892 1 1 1
921 892 5 5 19
1639 893 17 15 180
493 895 1 1 1
562 894 8 9 42
613 895 2 2 3
637 894 1 1 1
658 895 7 5 22
955 895 1 2 2
237 897 1 1 1
676 897 23 48 388
253 899 1 3 3
622 898 3 2 4
1146 898 8 12 44
405 900 1 1 1
699 901 1 2 2
1485 901 20 23 173
1792 900 1 2 2
86 902 1 1 1
96 903 28 13 151
171 903 2 1 2
315 903 1 1 1
584 903 1 1 1
1252 903 1 1 1
297 905 1 2 2
308 905 2 2 2
502 904 1 1 1
817 905 2 4 7
1382 904 1 1 1
259 906 2 11 13
471 906 9 12 87
572 907 1 1 1
596 906 28 27 246
669 907 3 1 3
718 907 1 2 2
745 907 2 2 4
0 908 4 2 8
840 909 14 5 58
896 908 2 2 3
957 909 16 15 81
1409 908 1 1 1
0 911 26 27 257
491 911 2 5 7
578 911 1 1 1
638 911 12 10 66
739 911 3 2 4
889 911 1 2 2
353 912 6 14 28
382 913 19 12 99
559 913 6 5 22
582 913 1 1 1
938 912 1 2 2
1579 913 12 14 123
419 915 5 1 5
508 914 1 1 1
525 914 8 16 56
413 917 2 2 3
454 916 7 13 58
879 916 1 1 1
918 917 1 1 1
1401 917 24 43 409
342 918 1 2 2
436 918 3 2 4
674 918 1 1 1
862 919 8 6 28
306 920 1 1 1
796 920 1 4 4
1127 921 2 1 2
1534 921 12 15 125
634 922 1 2 2
829 922 1 2 2
80 924 5 4 10
592 925 2 2 3
924 924 1 3 3
968 925 1 1 1
267 926 4 6 17
351 927 1 1 1
439 927 3 5 10
485 926 5 1 5
224 928 24 14 100
505 928 12 10 51
551 928 1 1 1
579 929 1 1 1
546 930 21 15 96
857 931 2 5 10
905 930 2 5 9
969 930 1 2 2
1353 930 1 1 1
272 933 1 1 1
544 932 1 2 2
1571 933 11 6 53
1766 932 1 1 1
1787 933 1 1 1
66 935 3 2 4
109 935 4 3 9
307 935 1 1 1
340 936 1 1 1
421 937 2 1 2
588 936 1 1 1
19 941 8 3 10
426 941 4 3 11
912 941 9 6 37
352 942 1 1 1
431 945 1 2 2
52 946 15 21 210
249 947 13 15 145
482 946 3 2 4
836 947 2 1 2
854 946 25 18 255
930 947 1 2 2
1342 947 10 15 122
1709 946 14 12 115
173 948 4 2 7
320 948 6 3 13
379 949 2 1 2
615 949 3 1 3
661 948 7 5 20
682 949 1 1 1
759 948 5 2 9
277 951 2 1 2
563 950 16 10 59
637 950 15 11 70
460 953 2 2 3
507 952 3 2 3
167 955 2 2 3
395 955 3 2 4
415 955 1 1 1
417 954 1 1 1
519 955 27 23 219
588 955 1 1 1
746 955 1 1 1
1271 954 1 1 1
1547 955 10 8 59
309 956 5 3 13
482 956 1 1 1
683 957 4 3 10
727 957 11 6 34
1197 956 1 1 1
108 959 1 2 2
328 959 1 1 1
445 958 9 6 38
760 959 1 1 1
351 960 10 14 35
689 960 20 15 119
757 961 3 4 8
833 960 1 1 1
841 960 4 16 31
202 963 21 12 141
320 963 1 1 1
347 963 1 1 1
662 963 1 1 1
1398 962 1 1 1
70 964 1 1 1
387 964 1 1 1
1379 965 3 3 5
390 967 12 18 91
485 966 1 1 1
739 966 3 3 7
557 969 2 2 3
880 968 20 15 159
1184 969 1 1 1
332 971 3 1 3
339 970 1 1 1
0 973 1 1 1
272 972 12 5 30
548 972 2 1 2
487 975 3 1 3
655 975 3 2 4
682 975 1 1 1
1250 975 11 13 107
1382 974 14 29 219
423 976 16 19 156
465 976 2 2 3
504 976 2 6 7
571 976 11 2 12
1131 977 1 2 2
1362 977 1 1 1
11 978 1 1 1
68 978 12 12 101
99 979 14 10 84
451 979 1 1 1
335 982 1 1 1
611 983 1 1 1
727 982 1 1 1
307 985 1 1 1
509 984 14 18 135
549 984 1 1 1
773 985 1 2 2
364 986 1 1 1
483 986 15 10 56
604 987 3 2 5
680 986 2 1 2
1634 987 4 3 6
1117 989 1 1 1
1676 988 1 1 1
49 990 1 3 3
365 990 2 1 2
597 990 1 1 1
318 993 5 5 13
667 992 10 9 45
557 994 10 7 20
615 994 2 2 4
741 994 6 6 26
621 997 1 1 1
642 997 1 1 1
1575 997 2 2 3
1756 997 1 1 1
103 999 1 1 1
410 998 2 2 4
538 999 7 5 15
645 998 1 1 1
776 998 1 1 1
1761 998 1 1 1
189 1001 10 9 67
221 1001 13 17 162
592 1001 23 27 242
625 1001 1 1 1
659 1000 1 1 1
726 1001 3 5 13
390 1002 1 1 1
433 1002 6 7 28
713 1003 1 1 1
1829 1003 11 10 58
574 1004 2 1 2
700 1004 3 3 8
333 1007 3 4 9
398 1006 5 7 25
484 1007 15 8 50
1154 1007 15 22 206
1329 1006 2 2 3
1350 1006 7 9 56
176 1008 3 3 6
419 1008 1 2 2
638 1008 2 2 4
688 1009 3 3 6
776 1009 1 2 2
565 1010 1 1 1
735 1011 1 1 1
1267 1010 1 1 1
1457 1010 39 48 816
424 1013 6 5 22
755 1013 9 6 28
1080 1013 3 3 5
1102 1013 4 8 29
1266 1012 1 1 1
64 1015 11 12 63
1055 1015 4 6 15
1218 1014 1 1 1
97 1016 4 4 11
150 1016 1 1 1
338 1017 2 1 2
501 1017 1 1 1
561 1017 14 16 156
1342 1016 28 19 304
1378 1016 14 8 51
365 1019 7 7 34
441 1018 7 10 41
694 1019 1 1 1
531 1021 18 31 143
633 1021 26 29 208
162 1023 2 2 2
209 1022 1 1 1
490 1023 1 1 1
624 1023 1 1 1
1575 1022 1 1 1
31 1025 1 2 2
395 1025 1 2 2
524 1025 1 1 1
721 1025 1 1 1
773 1025 3 5 13
1077 1024 4 3 8
273 1026 1 1 1
623 1027 1 1 1
760 1027 1 1 1
1140 1027 1 1 1
244 1029 1 1 1
268 1029 1 1 1
463 1028 2 2 4
691 1029 1 1 1
1006 1029 1 3 3
1094 1029 44 22 328
1505 1028 5 7 17
594 1030 1 1 1
702 1031 2 5 7
1173 1030 1 1 1
385 1033 7 10 34
1203 1033 1 1 1
781 1035 1 2 2
1012 1034 10 9 39
1233 1035 1 1 1
295 1037 1 1 1
447 1037 1 1 1
458 1036 1 1 1
680 1036 7 5 18
119 1039 1 1 1
330 1039 2 2 3
409 1039 1 1 1
770 1039 1 4 4
794 1039 2 3 6
993 1038 1 1 1
1295 1039 1 1 1
1689 1039 12 10 58
323 1041 5 3 7
700 1041 1 1 1
1076 1041 2 3 6
1190 1041 2 2 4
222 1043 16 17 211
370 1042 1 1 1
583 1043 4 5 14
744 1043 1 3 3
1187 1043 1 2 2
433 1044 7 6 36
534 1045 33 55 490
1142 1044 18 26 281
1284 1044 1 1 1
1337 1045 3 4 7
60 1046 7 3 15
627 1046 1 1 1
699 1046 1 1 1
163 1049 3 1 3
304 1048 1 1 1
314 1048 1 1 1
498 1049 3 2 5
586 1049 19 19 162
995 1049 21 30 127
1304 1049 1 1 1
152 1050 4 2 5
183 1050 18 14 168
576 1050 2 2 3
87 1052 1 1 1
287 1053 1 1 1
1023 1053 1 2 2
409 1055 1 1 1
716 1054 1 1 1
950 1055 11 17 116
267 1056 1 2 2
350 1056 3 3 7
422 1056 1 2 2
979 1057 1 2 2
1024 1057 1 3 3
1226 1056 1 1 1
521 1058 1 1 1
677 1059 1 1 1
729 1058 1 1 1
517 1060 1 1 1
747 1060 1 2 2
797 1060 1 2 2
973 1061 1 2 2
213 1062 9 5 35
315 1062 3 3 7
622 1062 1 1 1
692 1062 1 1 1
1499 1062 6 7 20
658 1065 2 1 2
1467 1065 12 23 190
428 1066 21 15 187
492 1067 2 4 5
613 1066 9 5 13
731 1066 3 4 9
923 1066 3 6 8
1440 1067 16 20 192
1236 1069 1 1 1
321 1070 3 2 6
674 1071 1 1 1
759 1071 2 9 11
799 1071 1 2 2
1225 1070 1 1 1
69 1072 4 5 16
84 1073 5 7 24
275 1073 1 2 2
483 1073 1 1 1
588 1072 1 1 1
966 1072 1 8 8
1352 1072 1 1 1
1649 1072 2 2 3
139 1074 3 2 3
193 1074 5 4 15
271 1075 1 1 1
568 1075 12 10 21
650 1075 1 1 1
1357 1075 12 10 82
266 1077 3 2 4
324 1076 5 6 24
608 1076 1 1 1
664 1077 3 5 13
920 1076 1 3 3
1025 1077 5 7 23
1201 1076 1 1 1
1307 1077 6 7 24
1330 1077 13 9 47
1431 1077 1 1 1
1564 1076 9 11 65
370 1078 6 4 17
524 1078 6 7 10
637 1078 8 12 58
862 1079 6 7 30
912 1079 6 13 52
91 1080 1 1 1
500 1081 2 3 6
682 1080 3 2 5
777 1081 2 7 12
983 1081 1 1 1
1397 1081 10 12 97
247 1083 5 4 12
354 1083 1 1 1
383 1082 1 1 1
1015 1082 1 3 3
387 1085 2 2 3
438 1084 6 6 35
591 1084 8 10 47
62 1087 1 1 1
96 1086 1 1 1
166 1086 12 14 94
196 1087 6 8 33
260 1086 1 1 1
445 1086 28 12 105
893 1086 3 5 13
365 1088 5 5 21
704 1088 1 1 1
742 1089 2 4 7
507 1090 1 1 1
805 1091 2 3 4
874 1091 17 38 277
1048 1091 2 3 4
1186 1090 1 1 1
141 1092 6 3 9
210 1093 6 2 8
428 1093 2 2 3
530 1093 1 1 1
692 1092 6 9 42
995 1093 10 3 12
1087 1093 2 5 8
1292 1092 1 1 1
1384 1092 1 1 1
104 1094 1 1 1
345 1094 1 1 1
792 1095 1 1 1
1355 1095 5 4 16
1553 1095 23 20 187
354 1097 1 1 1
506 1097 1 1 1
933 1096 1 1 1
979 1096 1 2 2
1011 1096 7 12 71
1218 1097 11 19 140
269 1098 3 2 4
754 1099 3 3 7
867 1098 1 2 2
376 1100 1 1 1
500 1100 2 2 3
533 1100 1 1 1
571 1101 9 10 60
612 1100 6 10 37
669 1100 2 2 2
1275 1101 15 20 155
680 1102 4 4 11
15 1105 2 2 2
26 1104 1 1 1
156 1104 1 1 1
1337 1104 1 1 1
1507 1105 11 17 121
1532 1105 9 12 84
73 1107 1 1 1
324 1107 12 3 17
507 1107 1 1 1
591 1107 1 1 1
736 1107 2 2 4
815 1106 1 2 2
993 1106 2 4 7
1297 1107 1 1 1
134 1108 1 1 1
144 1109 1 1 1
390 1108 19 9 58
522 1109 11 7 55
1085 1108 4 3 8
102 1110 1 1 1
369 1111 5 7 16
491 1110 1 1 1
592 1110 3 4 11
644 1111 3 5 12
735 1111 1 1 1
964 1110 1 2 2
281 1112 3 3 6
551 1112 7 13 68
715 1113 1 1 1
1091 1112 12 21 110
139 1114 1 1 1
685 1114 6 10 46
860 1114 5 12 22
1025 1114 4 3 6
58 1116 1 1 1
461 1116 4 5 14
991 1117 1 3 3
483 1118 5 5 20
605 1119 4 6 23
622 1118 5 3 8
777 1119 1 1 1
804 1119 2 1 2
971 1119 1 2 2
1303 1119 1 1 1
1389 1118 9 11 74
1607 1118 13 10 78
44 1120 1 2 2
103 1121 1 1 1
185 1120 1 1 1
445 1120 1 1 1
499 1120 5 3 10
537 1120 4 6 21
576 1121 7 10 54
648 1121 1 1 1
1010 1121 1 2 2
1122 1121 1 1 1
422 1123 1 1 1
566 1123 1 1 1
799 1123 1 4 4
963 1123 1 1 1
1196 1122 11 16 134
55 1124 2 2 2
649 1125 5 7 16
845 1124 2 4 6
1414 1125 3 2 3
1557 1125 10 8 47
342 1127 2 3 4
411 1126 7 1 7
548 1126 3 2 4
723 1126 2 3 4
734 1127 3 2 5
953 1127 1 2 2
1228 1126 16 24 107
1261 1127 1 1 1
236 1128 4 4 9
328 1129 2 1 2
610 1128 1 1 1
998 1128 1 2 2
350 1131 6 7 31
374 1130 1 1 1
986 1130 1 4 4
1546 1130 1 1 1
164 1132 2 3 4
297 1132 1 1 1
521 1132 12 9 57
1351 1132 1 1 1
7 1135 3 2 3
319 1134 1 1 1
257 1136 12 2 12
310 1136 4 3 12
452 1136 2 2 2
484 1137 1 1 1
758 1136 6 4 11
872 1137 3 5 13
978 1136 13 23 77
999 1137 4 7 26
1272 1136 1 1 1
56 1139 1 1 1
206 1139 2 3 5
408 1138 5 4 11
838 1139 3 3 5
392 1140 2 3 5
440 1140 1 2 2
699 1141 2 4 8
1150 1140 1 5 5
236 1143 1 1 1
253 1143 1 1 1
363 1142 1 1 1
405 1142 2 2 3
419 1142 2 3 4
593 1143 1 1 1
600 1143 4 4 12
731 1142 18 9 74
878 1143 2 3 5
1059 1143 2 6 9
201 1145 4 7 14
295 1144 3 3 6
481 1144 2 3 3
492 1144 1 1 1
725 1145 4 9 24
937 1144 1 2 2
1265 1145 1 1 1
1280 1144 1 1 1
121 1146 1 1 1
367 1147 1 1 1
397 1146 3 1 3
706 1147 4 2 5
901 1147 1 4 4
1108 1147 7 9 43
298 1149 3 1 3
376 1148 1 1 1
379 1149 1 1 1
651 1148 6 6 19
1442 1149 9 8 42
266 1150 7 4 16
470 1151 5 3 12
1035 1150 2 9 11
1154 1150 8 3 20
1286 1151 3 2 5
1629 1150 3 3 7
93 1153 1 1 1
426 1152 13 17 109
1006 1153 2 5 5
1576 1153 1 1 1
8 1154 20 11 83
210 1155 3 3 9
585 1155 1 1 1
625 1154 1 1 1
720 1154 3 5 13
1558 1154 10 10 60
1542 1157 7 6 30
95 1159 7 8 23
165 1158 4 5 12
219 1159 8 6 25
260 1158 6 6 21
305 1158 8 6 25
615 1158 1 1 1
961 1159 1 1 1
1063 1158 2 3 4
1661 1159 9 9 44
800 1161 1 3 3
880 1161 1 1 1
939 1160 1 3 3
967 1160 3 3 8
282 1163 1 1 1
535 1163 11 1 11
595 1162 1 1 1
1641 1162 2 2 2
513 1165 2 2 2
577 1164 1 1 1
587 1165 1 1 1
636 1165 4 5 15
742 1164 6 9 43
1190 1165 1 1 1
281 1166 1 1 1
293 1166 7 5 22
443 1167 1 1 1
619 1166 17 16 68
651 1167 4 4 10
1280 1167 3 5 8
1323 1166 1 1 1
1488 1167 3 3 5
387 1169 2 2 4
453 1168 10 15 94
1348 1169 7 5 19
21 1171 3 1 3
60 1170 28 18 195
114 1170 3 2 4
320 1171 1 1 1
1028 1171 12 5 39
1485 1171 2 3 6
141 1172 1 1 1
263 1173 1 1 1
569 1173 12 6 29
656 1173 1 1 1
715 1173 3 9 16
795 1172 1 3 3
960 1173 1 3 3
150 1175 5 3 8
299 1175 11 9 78
383 1174 1 1 1
523 1174 1 1 1
674 1175 12 19 110
755 1175 7 4 12
777 1175 1 1 1
1135 1175 6 13 44
1397 1174 20 24 346
279 1177 1 1 1
165 1178 4 5 15
205 1178 17 18 234
526 1179 6 6 30
1509 1179 1 1 1
350 1181 1 1 1
379 1181 4 3 8
547 1181 6 4 12
790 1180 1 2 2
1208 1180 1 1 1
99 1183 2 1 2
233 1182 4 3 6
264 1183 3 3 6
355 1183 4 3 11
771 1182 1 1 1
812 1183 1 3 3
417 1185 1 1 1
431 1184 2 2 3
593 1185 21 15 157
896 1185 3 3 8
1176 1185 1 1 1
1263 1184 2 3 6
151 1187 1 1 1
438 1186 1 2 2
539 1187 2 1 2
572 1187 4 3 9
643 1187 2 3 4
1814 1186 1 1 1
358 1189 8 8 42
386 1188 1 1 1
756 1189 1 1 1
781 1191 1 1 1
1259 1190 2 2 3
1365 1190 4 1 4
1667 1190 4 3 9
256 1193 1 1 1
272 1193 5 5 9
383 1193 2 2 3
512 1193 1 1 1
578 1193 1 1 1
715 1193 1 2 2
763 1193 1 1 1
996 1192 2 5 7
1113 1192 1 1 1
22 1194 1 1 1
254 1195 1 1 1
441 1194 2 2 3
490 1194 2 2 3
769 1194 1 1 1
809 1195 2 1 2
870 1194 1 1 1
7 1196 1 1 1
186 1197 2 2 3
415 1196 1 1 1
734 1196 2 4 6
827 1197 1 2 2
848 1196 16 9 60
1217 1196 4 4 11
271 1199 1 1 1
313 1199 17 15 99
341 1198 6 16 27
820 1199 4 3 6
1425 1198 1 1 1
184 1201 2 1 2
555 1201 1 1 1
757 1201 1 1 1
1035 1201 1 1 1
1090 1200 6 4 16
121 1203 1 1 1
300 1203 2 2 2
462 1202 1 1 1
562 1202 14 15 88
621 1202 2 2 4
736 1203 1 1 1
1358 1202 19 13 101
42 1204 2 2 2
229 1205 3 2 4
737 1205 2 3 5
788 1205 1 1 1
1349 1205 1 1 1
395 1206 1 1 1
525 1206 1 1 1
697 1206 2 2 3
437 1209 2 1 2
699 1209 2 2 3
756 1208 1 2 2
805 1209 2 2 2
1257 1208 1 3 3
1629 1208 1 1 1
1123 1210 4 3 9
218 1212 1 1 1
223 1213 1 1 1
597 1213 4 7 19
741 1212 3 4 10
1291 1213 8 6 34
213 1214 1 1 1
232 1214 6 3 16
352 1215 2 2 2
479 1214 1 1 1
507 1215 12 2 14
1321 1215 1 1 1
424 1216 4 12 29
650 1217 6 11 35
1313 1216 6 1 6
240 1219 1 2 2
724 1218 24 10 80
1044 1219 1 1 1
1279 1219 8 9 58
138 1221 5 7 16
385 1221 1 1 1
1104 1220 1 2 2
1340 1221 6 7 29
1507 1220 1 1 1
171 1223 4 5 17
483 1223 6 5 23
1638 1222 2 6 6
198 1225 3 3 8
386 1224 5 4 20
557 1225 3 3 7
821 1224 1 4 4
713 1226 1 2 2
867 1227 1 1 1
1134 1227 2 1 2
1515 1227 7 1 7
