0 0 1840 1228 2149975
101 0 66 117 1581
338 0 94 77 1803
530 0 5 7 29
597 0 21 9 137
635 0 7 13 69
667 0 127 49 1627
915 0 4 10 31
1037 0 4 1 4
1200 0 21 20 256
1327 0 3 4 8
1431 0 4 2 7
1301 5 16 30 267
444 10 5 6 22
902 11 7 15 83
620 13 4 11 37
1074 13 2 4 7
1335 17 2 3 5
1273 21 9 19 140
533 26 3 10 28
788 26 2 4 5
850 28 2 2 4
1294 29 2 1 2
1016 31 30 57 723
1103 33 12 26 208
781 37 4 12 35
1061 37 5 16 36
1124 39 2 3 6
523 41 4 5 18
641 40 2 6 9
1363 41 2 2 3
846 42 9 9 66
1024 43 1 1 1
664 51 9 23 162
1318 50 3 6 14
578 55 4 10 33
1392 54 3 4 7
1601 56 7 13 59
946 58 12 25 76
1141 59 5 14 52
739 61 16 43 500
916 60 3 1 3
891 65 1 1 1
548 68 3 5 12
896 68 1 1 1
1398 69 3 2 5
925 71 1 1 1
1074 73 2 1 2
1063 74 3 4 8
921 78 4 13 35
632 87 4 6 19
707 87 5 12 47
848 86 28 46 581
944 87 1 1 1
448 90 5 13 56
614 90 1 1 1
956 90 8 26 143
1159 90 7 14 71
895 92 1 1 1
837 96 1 1 1
919 99 1 1 1
1128 98 19 45 508
898 101 4 12 29
817 106 3 5 14
666 109 11 27 223
718 109 2 4 5
1078 110 3 8 17
1311 111 2 4 6
751 113 3 3 8
919 112 8 18 102
1044 112 13 13 74
1399 112 3 2 5
1410 112 4 5 12
1017 114 18 22 247
1351 115 36 35 728
944 120 1 1 1
1266 121 4 5 12
565 122 4 5 15
1065 122 12 32 236
1573 122 7 9 41
430 125 5 6 23
1108 124 2 2 3
597 126 2 4 5
650 126 3 6 15
501 128 10 10 59
881 129 2 5 10
1289 129 3 5 11
702 135 2 2 3
886 136 13 3 14
1262 137 2 2 3
575 139 4 4 10
900 139 1 1 1
1247 138 3 4 10
495 141 1 2 2
606 144 7 17 102
948 146 1 1 1
984 148 39 92 1327
1213 148 2 4 4
840 151 7 22 124
807 153 8 27 140
858 152 3 6 7
950 154 2 8 9
959 156 24 35 378
898 158 3 6 12
617 161 3 3 7
771 163 8 20 123
1125 163 3 4 6
600 164 6 12 28
857 164 1 3 3
895 165 1 1 1
892 166 1 2 2
756 168 4 16 46
659 170 4 6 20
1311 170 3 2 5
948 172 1 1 1
872 174 41 50 928
1041 175 3 5 10
1083 177 12 25 103
1362 177 3 4 8
872 178 1 2 2
1100 180 18 44 560
541 187 4 6 23
736 191 4 10 33
1276 191 2 3 5
724 193 2 4 8
1304 192 30 63 1278
927 195 2 3 6
1209 194 28 63 927
752 196 2 4 7
1372 197 35 31 582
660 198 3 7 14
810 199 18 37 271
1342 200 3 7 11
854 203 1 3 3
963 203 1 1 1
1406 203 2 1 2
563 204 3 3 6
1044 216 9 23 146
948 218 11 27 185
534 221 8 15 78
621 221 2 3 5
1577 224 3 6 11
592 227 6 7 29
627 228 7 11 53
865 228 5 2 6
921 228 8 16 82
560 232 2 3 5
1173 232 2 2 3
1386 236 3 4 7
796 239 16 44 318
998 239 18 40 285
1146 238 3 4 9
909 241 6 13 50
1112 240 7 19 91
567 242 5 6 24
869 243 2 1 2
720 246 1 2 2
1389 247 3 3 8
876 251 1 1 1
1076 251 33 67 1034
837 254 2 4 7
856 255 11 9 42
947 255 1 2 2
1064 254 3 4 8
1398 255 36 84 1639
627 259 3 5 13
822 259 11 15 63
1563 259 3 6 8
1249 260 2 6 12
557 264 5 5 20
689 265 12 16 142
1042 265 24 55 719
600 266 15 34 351
630 267 4 6 21
640 267 15 36 381
443 269 4 10 35
1207 269 4 7 22
1023 270 2 2 4
1255 270 3 6 14
955 273 6 17 73
1230 273 3 2 4
545 275 3 4 9
1030 274 1 1 1
1152 274 2 5 8
363 276 6 16 69
777 279 5 9 33
836 278 2 5 10
1185 278 1 2 2
830 284 3 6 13
976 285 5 16 46
1259 284 2 3 4
525 287 3 3 4
929 287 23 61 733
865 291 14 34 341
889 293 3 4 12
990 292 4 8 29
1320 292 2 3 4
1347 292 2 2 4
495 295 4 11 34
899 300 6 2 7
685 302 7 16 95
667 305 3 6 17
1191 304 126 152 2947
821 307 27 61 1137
552 310 3 3 7
917 313 3 1 3
912 314 4 2 4
907 317 2 1 2
532 319 16 19 139
776 319 1 3 3
697 321 2 6 12
1022 321 7 22 78
1211 320 11 7 42
1000 324 2 3 5
467 327 10 26 154
704 327 2 4 8
965 327 11 23 137
1090 326 3 5 10
1367 326 3 4 11
1105 331 23 63 569
1373 331 1 2 2
797 334 8 14 52
577 336 5 5 19
1057 338 3 8 15
1102 339 4 8 22
1173 338 3 6 13
1077 340 2 7 11
1392 343 2 3 6
1573 344 5 5 17
985 347 4 15 53
667 349 3 5 10
709 348 69 72 740
1145 348 18 48 594
1395 351 1 1 1
688 352 2 2 3
1015 352 3 8 14
1066 355 1 2 2
1011 358 33 109 1511
1387 358 3 6 10
1072 361 3 5 10
530 365 31 25 371
980 364 1 1 1
994 365 4 9 33
1589 364 9 13 90
1008 367 4 12 33
931 369 1 1 1
1066 368 6 11 42
1169 371 19 45 516
905 373 1 1 1
1301 372 31 58 720
1370 373 3 3 7
464 374 2 3 5
582 374 4 7 23
892 376 3 6 15
978 377 9 1 9
466 379 5 11 40
812 379 1 1 1
904 384 29 49 705
1053 385 2 4 7
1081 385 3 5 11
1224 385 2 4 7
1389 384 24 40 559
704 386 1 3 3
864 390 15 35 188
947 390 38 62 870
834 392 3 5 9
507 395 9 12 89
516 396 15 17 58
1538 401 5 4 13
935 403 1 1 1
817 404 3 4 8
1283 404 2 2 3
719 406 10 10 66
842 406 2 3 5
988 406 11 17 91
1097 407 4 4 13
574 412 5 9 37
1378 414 1 1 1
790 418 2 3 5
1071 419 5 14 53
613 420 7 17 97
767 420 1 1 1
1205 421 12 15 131
1060 423 1 3 3
855 424 3 7 17
1057 429 3 8 20
774 431 5 7 24
1318 434 22 46 614
568 436 4 6 15
648 437 3 6 15
920 436 18 36 329
1364 436 2 3 5
995 438 12 7 23
553 440 4 12 36
497 447 1 1 1
875 447 6 17 57
993 451 3 8 13
1093 451 16 23 159
980 452 2 3 4
900 456 5 15 38
915 457 43 111 1555
561 459 2 3 6
1274 458 18 24 279
1123 460 4 6 17
1162 461 9 23 120
669 463 2 2 3
773 462 3 4 9
826 463 29 25 395
576 464 5 5 16
991 464 3 11 17
636 466 5 8 31
1246 466 3 4 6
1564 468 2 3 4
707 473 2 1 2
445 475 4 6 21
890 480 1 1 1
900 481 1 2 2
1043 480 2 3 4
1055 481 6 12 47
440 483 3 2 5
417 486 3 1 3
469 486 3 4 8
744 490 1 2 2
998 490 2 1 2
1297 493 2 3 4
881 494 2 6 8
1320 495 2 2 3
1357 494 25 48 731
1232 496 14 27 300
1157 499 1 1 1
1159 500 2 1 2
774 503 6 11 46
1084 503 1 3 3
1144 503 1 2 2
752 505 8 23 103
836 505 2 6 10
1024 504 4 11 29
951 511 3 7 11
1218 510 4 3 6
573 515 3 3 7
711 515 2 2 4
882 515 10 23 157
1161 514 1 2 2
787 516 5 8 37
971 516 5 6 9
1049 517 34 50 658
1003 520 25 50 618
1127 521 18 43 560
534 523 3 4 11
898 529 1 1 1
955 528 14 11 95
1035 529 3 7 17
1161 530 8 11 63
1215 530 1 1 1
1273 533 4 9 18
805 539 2 3 6
980 541 18 18 184
745 543 4 4 13
1245 542 4 8 25
951 545 1 1 1
1040 545 4 8 22
468 549 8 13 70
713 549 3 3 5
838 551 1 4 4
1291 554 1 3 3
950 558 17 32 303
1250 563 20 37 492
566 565 5 21 64
1207 564 2 4 8
1034 566 1 1 1
885 568 2 2 4
976 571 1 1 1
690 573 3 6 16
974 573 2 3 6
1175 572 1 2 2
752 575 3 5 10
987 575 1 1 1
780 577 3 7 21
992 577 13 5 21
994 577 34 110 1752
655 578 18 17 166
699 579 4 4 10
713 578 2 3 5
730 579 1 1 1
847 579 79 64 1380
636 581 4 5 16
923 581 1 1 1
1091 581 30 27 373
595 582 2 1 2
808 583 1 1 1
1201 583 2 7 8
583 585 1 1 1
782 584 10 20 72
811 585 21 27 310
1232 585 2 3 5
1286 588 9 5 25
723 591 6 4 7
1049 591 5 15 45
1154 591 14 27 233
1382 590 2 2 3
969 596 13 12 36
1301 597 2 2 3
811 600 2 1 2
847 601 3 5 10
938 600 1 2 2
1260 602 47 77 1754
544 605 1 4 4
1248 606 2 2 4
732 613 2 5 8
971 613 5 2 9
1203 612 2 4 6
1329 613 2 3 5
795 614 3 1 3
548 617 3 2 5
802 618 5 6 15
566 620 5 8 32
916 621 18 26 207
1032 620 2 6 8
1173 620 2 3 6
629 622 3 1 3
673 622 43 44 535
901 622 1 1 1
586 625 1 1 1
896 625 1 1 1
1231 625 1 1 1
1088 627 3 4 9
1354 626 44 49 1259
890 629 1 1 1
1452 629 28 49 983
1495 628 8 11 61
534 631 7 13 53
708 630 1 1 1
1209 631 3 5 11
815 634 1 2 2
943 634 2 2 3
1126 634 10 24 170
1170 635 10 19 147
886 637 1 1 1
1319 636 19 22 224
1064 640 3 2 5
512 644 2 1 2
1416 646 24 58 959
724 649 2 1 2
915 648 1 1 1
830 653 44 36 548
519 655 3 4 10
587 655 5 7 25
960 654 1 3 3
578 655 577 187 35400
734 657 2 2 3
912 656 1 1 1
944 657 6 17 65
911 658 1 1 1
910 660 1 1 1
665 662 3 10 21
775 663 1 1 1
753 664 11 27 65
776 665 1 2 2
530 666 11 15 89
555 667 3 3 9
707 666 14 10 39
750 666 2 2 2
906 667 1 1 1
685 668 4 7 22
904 671 1 1 1
808 672 3 7 15
1105 673 2 2 4
1310 674 21 45 608
723 676 4 2 4
937 676 2 4 7
818 680 3 5 13
928 683 1 1 1
895 685 1 1 1
596 687 4 3 6
887 686 20 29 129
915 690 6 6 22
980 691 2 3 4
969 695 1 3 3
582 697 1 2 2
860 697 1 1 1
484 698 3 4 10
683 700 3 6 15
767 700 7 13 60
932 701 2 2 4
1037 700 1 2 2
1043 705 2 3 5
551 707 1 1 1
743 707 2 12 14
976 708 6 13 51
571 710 7 5 25
846 710 11 14 57
793 712 6 15 46
832 713 1 1 1
757 714 1 1 1
839 714 1 1 1
1476 714 19 35 512
964 719 3 6 16
1205 719 19 39 530
1340 719 1 2 2
860 720 10 18 28
1359 720 4 4 10
1024 724 8 14 80
1000 727 9 17 109
771 729 9 11 27
563 733 3 3 7
984 732 4 8 23
1173 735 7 2 8
1440 737 20 27 340
540 742 4 4 12
970 747 6 5 18
1247 747 8 15 88
979 754 1 3 3
1280 759 1 1 1
549 769 2 4 7
1166 768 1 1 1
1268 774 7 15 70
1541 775 5 8 33
1441 777 4 5 13
1159 784 11 18 147
1124 788 13 29 245
608 791 3 3 8
1229 790 3 2 5
645 800 3 5 9
488 805 1 1 1
708 805 6 4 14
1480 804 30 29 422
751 807 2 5 8
522 809 5 12 38
664 815 1 1 1
892 818 1 1 1
1079 826 1 1 1
1574 827 20 35 481
524 833 2 2 4
955 833 8 17 74
771 834 3 6 14
849 837 20 27 277
1500 839 4 4 12
1394 840 29 38 758
1155 844 3 4 9
618 849 1 1 1
651 849 1 1 1
1033 851 1 2 2
1236 852 1 2 2
597 854 1 1 1
1020 858 3 5 9
1295 858 1 1 1
805 861 1 2 2
1243 861 20 36 341
1066 863 2 5 8
1046 864 5 6 25
1144 864 1 1 1
715 868 1 1 1
902 870 3 10 15
1032 870 10 15 103
809 872 5 11 47
886 872 3 3 5
613 878 2 2 2
1055 880 2 3 5
893 886 3 5 10
1271 886 1 2 2
614 889 3 1 3
638 892 1 1 1
1295 893 14 21 213
757 897 3 4 9
1000 897 1 1 1
181 900 1 1 1
706 901 4 4 13
535 903 4 8 22
785 903 1 3 3
970 902 6 10 42
1050 902 1 1 1
556 905 1 2 2
955 906 1 1 1
812 909 5 19 43
1003 908 2 4 4
1037 909 3 3 7
573 910 4 2 7
649 912 12 9 51
954 913 1 1 1
586 918 3 9 18
871 918 2 7 8
1069 919 1 2 2
671 920 2 3 4
910 923 5 8 27
1297 927 39 65 908
45 928 1 1 1
517 928 1 1 1
846 928 1 1 1
1340 931 2 2 3
697 932 2 2 3
894 932 8 15 86
1014 933 1 2 2
763 935 1 2 2
353 937 8 7 18
992 938 1 1 1
493 940 1 1 1
880 940 1 1 1
1010 943 1 2 2
673 945 2 4 7
1040 945 3 4 8
924 946 1 1 1
929 947 3 1 3
1091 947 9 20 103
521 948 10 9 53
717 948 1 1 1
937 948 1 1 1
943 949 1 1 1
951 950 3 1 3
959 951 2 1 2
1127 950 1 3 3
1176 951 11 20 176
965 952 4 1 4
970 953 5 1 5
753 954 3 9 20
978 954 5 1 5
986 955 4 1 4
1473 954 4 2 7
641 957 6 10 33
994 956 3 1 3
1007 956 2 5 5
1063 957 1 4 4
1510 956 23 24 433
1128 958 13 25 225
1469 960 4 5 16
725 963 24 16 136
681 965 2 4 6
1021 965 14 26 285
1462 965 1 1 1
762 969 8 16 93
1274 970 1 1 1
943 972 1 1 1
851 974 1 2 2
797 977 1 2 2
497 979 2 5 6
1246 979 2 4 5
680 980 1 6 6
1440 981 17 27 341
525 983 2 15 19
1329 982 21 33 298
854 984 1 1 1
1053 985 12 28 181
430 986 1 1 1
546 991 2 1 2
940 990 1 1 1
1258 991 1 2 2
654 994 8 9 39
803 997 2 2 3
1479 998 14 17 177
1310 1001 13 22 201
528 1004 1 1 1
582 1005 1 1 1
775 1004 1 1 1
1695 1004 2 1 2
614 1006 3 6 16
768 1006 2 5 9
1221 1008 5 7 26
1236 1009 1 3 3
1109 1011 1 2 2
714 1012 1 3 3
813 1013 1 1 1
849 1012 1 3 3
947 1012 6 7 28
1083 1015 13 13 83
1028 1016 1 1 1
1218 1023 1 5 5
1356 1022 1 1 1
454 1027 2 1 2
897 1027 2 4 8
1667 1027 1 3 3
496 1029 2 4 6
736 1028 4 9 18
794 1028 4 8 14
856 1028 3 3 8
1663 1030 1 1 1
569 1032 1 1 1
762 1034 1 1 1
79 1036 3 8 10
1236 1037 4 3 8
1726 1036 2 1 2
324 1039 5 1 5
632 1038 2 1 2
230 1040 3 2 4
624 1040 1 1 1
456 1045 2 2 3
1032 1045 5 12 40
1430 1044 16 30 288
421 1047 3 2 4
490 1046 3 6 11
1393 1047 1 1 1
369 1049 1 1 1
943 1048 4 8 24
142 1050 5 3 9
695 1053 6 5 17
1150 1052 11 23 183
347 1057 1 1 1
117 1060 3 2 4
682 1061 3 7 13
1058 1061 1 1 1
1342 1062 11 16 126
195 1064 1 1 1
611 1065 3 8 19
743 1065 1 4 4
789 1064 1 1 1
857 1065 1 1 1
79 1066 1 1 1
228 1066 14 4 31
521 1067 1 1 1
1044 1067 3 6 13
1170 1066 3 2 3
639 1069 1 1 1
1398 1069 1 1 1
10 1070 2 2 3
396 1071 1 1 1
861 1071 6 11 51
182 1072 5 4 8
544 1073 2 4 6
727 1072 4 7 24
663 1075 2 5 7
216 1077 1 1 1
569 1077 3 4 11
604 1076 9 23 64
779 1077 1 1 1
1057 1076 3 7 17
889 1078 1 3 3
340 1082 1 1 1
577 1083 1 1 1
799 1083 1 1 1
1200 1083 1 2 2
364 1086 8 3 9
1002 1086 5 6 28
1442 1086 3 1 3
1822 1087 1 1 1
324 1091 1 1 1
353 1093 2 2 4
677 1093 1 4 4
1011 1093 1 1 1
1187 1092 3 2 5
1807 1093 3 2 4
48 1095 7 4 12
148 1094 3 3 8
222 1094 1 1 1
776 1094 7 11 56
229 1096 8 5 27
453 1096 2 1 2
1811 1097 1 1 1
184 1099 8 7 22
333 1099 3 2 4
1428 1098 3 3 5
1674 1099 1 1 1
129 1101 1 1 1
1132 1100 1 2 2
69 1103 1 1 1
1158 1104 2 1 2
1836 1105 4 2 6
566 1106 1 1 1
532 1108 1 1 1
172 1110 3 1 3
502 1110 1 1 1
543 1113 2 3 5
654 1113 3 2 3
718 1112 2 1 2
796 1113 6 11 50
101 1114 1 1 1
223 1115 2 1 2
249 1114 1 1 1
485 1114 3 4 9
766 1115 6 7 35
882 1114 1 2 2
1536 1115 1 1 1
97 1116 1 1 1
146 1116 1 1 1
539 1117 1 1 1
853 1117 1 3 3
928 1117 3 7 16
1247 1119 1 1 1
1295 1118 1 1 1
1338 1119 2 2 3
1537 1118 2 1 2
473 1121 1 1 1
164 1123 1 1 1
297 1122 5 2 5
978 1123 5 6 19
173 1124 15 13 90
340 1124 18 10 53
550 1124 7 5 13
846 1125 2 4 7
886 1125 2 3 5
1673 1124 1 1 1
69 1128 10 2 18
516 1128 2 1 2
765 1129 2 2 4
1260 1128 2 6 7
268 1131 1 1 1
722 1131 1 1 1
1310 1133 2 1 2
1336 1133 2 2 3
239 1134 5 2 8
271 1135 3 2 5
1022 1135 2 2 3
112 1136 2 1 2
308 1137 14 9 72
56 1139 1 1 1
225 1139 2 1 2
1381 1139 1 1 1
221 1141 3 2 4
371 1141 1 1 1
539 1140 2 2 4
9 1142 5 2 5
84 1143 13 4 28
695 1143 1 1 1
1271 1142 1 1 1
7 1144 1 1 1
244 1144 1 1 1
340 1145 3 1 3
345 1144 1 1 1
516 1144 1 1 1
1010 1144 1 1 1
1020 1145 1 2 2
1396 1144 2 1 2
47 1146 1 1 1
203 1147 3 1 3
415 1147 1 1 1
764 1147 3 6 14
812 1146 2 3 5
617 1149 1 1 1
641 1149 1 1 1
1683 1149 3 1 3
172 1151 2 2 2
725 1151 2 9 11
23 1153 1 1 1
73 1153 1 1 1
141 1155 1 1 1
271 1154 2 1 2
474 1154 1 4 4
564 1155 3 1 3
1012 1154 1 2 2
1224 1154 1 1 1
81 1157 2 1 2
711 1157 1 1 1
754 1159 1 2 2
262 1160 2 1 2
5 1163 13 4 31
467 1165 3 7 13
1732 1165 1 1 1
406 1167 1 1 1
39 1169 2 2 2
69 1168 1 1 1
408 1169 1 1 1
591 1169 1 1 1
1209 1168 1 2 2
0 1170 5 2 10
93 1170 10 2 16
374 1171 1 1 1
153 1173 17 8 84
412 1172 5 4 11
745 1172 1 2 2
1062 1172 2 2 4
1444 1173 1 2 2
1500 1173 4 1 4
53 1175 1 1 1
55 1174 1 1 1
88 1174 1 2 2
237 1174 7 3 13
444 1174 19 14 138
83 1176 1 1 1
593 1176 1 2 2
1366 1177 2 2 3
1465 1177 1 1 1
180 1179 5 2 6
429 1179 2 2 3
1598 1178 2 1 2
116 1181 1 1 1
216 1180 2 3 5
427 1181 1 1 1
1141 1180 2 4 5
423 1183 2 2 3
1178 1182 3 2 6
102 1185 5 3 7
857 1185 2 3 5
1710 1184 6 10 17
204 1187 8 4 18
376 1187 17 11 50
714 1186 2 2 4
13 1189 1 1 1
185 1189 1 1 1
241 1189 1 1 1
495 1188 2 1 2
1351 1189 13 13 82
235 1191 1 1 1
287 1190 4 5 8
862 1192 4 11 27
1759 1192 1 1 1
64 1195 1 1 1
214 1194 2 1 2
234 1195 1 1 1
261 1195 4 3 10
1676 1194 2 2 2
1714 1195 3 3 6
59 1197 1 1 1
305 1199 2 2 2
1412 1199 10 13 75
1824 1199 2 1 2
623 1200 2 7 9
1827 1200 3 4 7
46 1202 2 2 3
102 1203 1 1 1
117 1202 2 2 3
532 1202 1 2 2
995 1202 1 2 2
1641 1202 1 1 1
16 1204 1 1 1
263 1205 9 6 32
326 1204 1 1 1
392 1205 1 1 1
497 1205 7 3 18
136 1207 4 3 6
244 1206 1 2 2
390 1206 1 1 1
604 1207 7 21 69
620 1207 1 3 3
1459 1206 4 3 10
53 1208 1 1 1
227 1209 1 1 1
278 1209 5 3 9
1075 1208 2 5 8
1569 1209 1 1 1
55 1210 2 3 5
81 1213 16 8 71
193 1212 3 1 3
451 1212 11 8 40
58 1214 17 14 34
161 1215 1 2 2
355 1214 8 3 19
1236 1215 7 13 65
1765 1214 4 2 6
187 1216 4 6 17
373 1217 1 1 1
391 1216 1 1 1
970 1216 4 4 12
988 1217 2 1 2
330 1219 5 3 9
350 1218 1 1 1
1267 1219 1 1 1
114 1220 10 8 37
488 1222 1 1 1
587 1223 2 5 9
1691 1223 7 5 21
198 1224 6 4 24
448 1224 3 4 12
685 1225 1 3 3
495 1227 1 1 1
