0 0 1840 1228 2107778
369 0 6 5 22
381 0 52 49 824
662 0 18 30 398
730 0 12 10 75
763 0 85 125 3063
812 0 34 42 767
882 0 13 20 153
949 0 57 138 2768
1039 0 104 114 3064
1098 0 14 17 202
1137 0 8 6 27
1153 0 52 44 598
1208 0 4 28 36
1242 0 37 108 1856
1460 0 60 88 2642
1727 0 21 7 105
45 7 24 34 638
492 6 2 2 3
1434 7 11 13 106
896 17 16 19 193
866 27 8 11 73
510 45 15 23 284
351 47 10 19 134
1121 53 35 78 1365
1050 55 16 56 411
687 56 22 46 695
434 58 12 14 108
1370 59 77 90 3636
1687 62 84 185 6173
334 68 18 26 370
866 68 8 21 131
1584 70 9 10 62
909 72 10 14 106
673 74 10 28 140
735 76 27 46 904
230 84 21 35 496
892 84 9 4 19
1073 92 6 11 49
1161 96 24 47 745
208 109 16 14 164
695 111 1 1 1
667 119 13 17 153
1625 120 32 46 916
1497 128 1 1 1
1787 128 53 72 2324
200 130 11 11 101
388 132 26 41 634
1088 133 6 10 43
269 134 1 1 1
763 140 13 23 221
834 141 7 12 65
964 142 64 148 3991
1036 143 5 9 29
1066 143 68 126 3066
983 144 1 1 1
1027 144 1 1 1
1665 145 1 1 1
74 147 31 36 787
365 147 9 10 64
1196 148 19 22 326
1373 148 1 1 1
514 150 10 16 129
851 150 19 34 376
296 156 21 16 150
1158 157 1 1 1
1418 157 9 6 34
936 161 6 7 30
712 163 13 22 218
814 162 7 15 86
432 164 13 14 122
678 165 21 50 520
1091 165 2 2 3
1049 168 11 18 86
1236 169 1 1 1
1155 173 39 61 1041
775 176 21 49 777
1394 176 34 35 631
1163 178 1 1 1
1228 178 1 1 1
526 181 10 14 98
879 182 11 16 126
899 182 35 23 253
1249 182 16 21 193
321 189 25 51 829
1156 189 1 1 1
1281 189 2 1 2
1292 189 1 1 1
752 191 15 19 208
1275 190 1 1 1
1446 191 28 96 1521
490 192 15 21 248
775 194 71 106 2024
1139 197 1 1 1
1312 196 1 1 1
1334 196 2 1 2
1280 199 1 10 10
1339 199 1 1 1
1027 201 4 3 7
1294 201 1 1 1
948 202 6 7 34
1234 202 1 1 1
0 204 15 10 102
1145 205 1 1 1
1252 205 1 1 1
98 207 2 2 3
1369 207 1 1 1
81 209 11 4 24
1275 209 1 1 1
1277 210 34 56 1000
1344 210 1 1 1
1435 210 1 1 1
1130 214 25 77 890
407 217 13 16 151
953 217 8 13 71
1366 216 21 37 342
1262 218 1 1 1
1204 225 1 1 1
1217 225 1 1 1
1041 229 1 1 1
1582 228 11 19 131
876 230 1 3 3
1189 230 2 1 2
1253 230 1 1 1
1357 231 1 4 4
1056 232 2 2 4
1121 233 3 2 5
1429 233 1 1 1
429 236 10 11 73
774 237 14 16 147
872 237 4 2 5
1166 236 4 2 8
914 239 7 10 49
968 239 2 4 5
859 240 6 11 60
1047 241 2 1 2
1337 241 1 1 1
1488 240 34 70 1621
748 242 16 21 246
1052 243 1 1 1
1183 248 1 1 1
933 250 1 1 1
1098 250 1 1 1
1350 251 1 1 1
469 253 5 3 9
1100 252 2 1 2
1173 253 1 1 1
1249 253 1 1 1
1401 253 10 11 83
1170 254 1 1 1
301 257 11 14 113
441 256 12 16 142
645 256 9 12 86
1040 256 4 1 4
1191 257 1 1 1
193 259 12 9 64
872 261 5 6 24
1027 261 1 1 1
1316 260 1 1 1
1418 263 2 1 2
1104 265 1 1 1
1237 265 2 2 3
1829 264 11 51 400
843 267 2 1 2
1060 267 1 1 1
1102 266 1 1 1
1155 266 8 5 12
1058 269 1 1 1
1093 269 2 1 2
370 271 11 14 113
1013 270 1 1 1
1038 270 7 10 20
1256 270 1 1 1
1092 273 1 1 1
1181 272 2 2 3
1339 273 1 1 1
1391 273 1 1 1
682 275 18 8 118
823 275 5 6 25
1149 275 1 1 1
1270 274 2 1 2
106 277 15 21 161
732 277 20 30 175
1079 276 5 4 11
1119 276 1 1 1
1306 276 9 1 9
349 279 1 1 1
1220 279 2 1 2
1286 278 11 12 30
1302 279 1 1 1
1380 278 1 1 1
938 280 14 32 215
1242 281 1 1 1
1335 281 1 1 1
305 283 11 11 89
918 282 10 13 94
1047 282 41 45 781
1188 284 1 1 1
1197 284 9 4 15
1217 285 1 1 1
1266 284 2 1 2
352 286 1 1 1
442 286 22 30 402
656 287 19 45 650
1234 286 1 1 1
1106 290 2 2 2
1268 291 1 1 1
1685 291 22 13 187
1221 292 1 1 1
1276 293 5 4 14
1283 292 1 1 1
1558 292 1 1 1
1420 295 7 9 24
1100 296 5 10 36
1126 297 1 1 1
992 299 5 8 27
1010 298 23 31 311
866 301 20 14 156
887 301 2 1 2
1136 301 3 1 3
1265 301 2 1 2
470 302 9 14 100
285 304 13 16 158
1146 306 1 1 1
818 309 8 8 39
833 310 6 8 18
801 313 6 7 26
388 315 9 20 142
546 315 9 9 52
982 316 1 1 1
1094 316 8 5 16
1170 317 1 1 1
1725 317 32 41 830
1130 319 2 1 2
1395 318 1 1 1
1123 320 1 1 1
995 323 1 1 1
1150 324 1 1 1
1535 325 2 2 3
860 329 9 13 94
926 330 27 58 548
1070 330 6 9 39
984 332 8 11 62
1434 333 24 33 512
1181 335 21 45 597
1402 334 2 1 2
1121 339 15 24 274
1623 338 22 33 463
362 340 13 19 121
803 341 7 13 65
660 345 2 1 2
1089 344 8 17 63
321 349 8 9 41
673 348 6 9 42
1010 349 9 14 89
387 351 7 10 42
677 353 69 150 2464
893 352 1 1 1
981 352 1 1 1
983 353 4 3 12
1386 353 5 1 5
1626 356 141 74 3802
422 358 5 5 20
450 362 11 13 84
1077 363 4 4 10
657 364 8 10 65
1344 365 2 1 2
824 368 12 37 193
868 369 3 1 3
1034 371 1 1 1
1038 370 1 1 1
993 375 5 5 18
1084 379 1 1 1
1315 378 22 17 215
353 380 2 3 4
612 383 13 28 268
1023 387 3 4 9
1365 386 44 57 1239
1024 389 45 108 1963
647 395 14 24 194
677 394 15 7 44
869 395 4 4 8
308 401 8 11 70
856 401 4 7 24
1014 402 4 3 7
1030 405 1 1 1
600 409 7 8 25
629 409 7 6 34
1094 411 5 9 37
854 414 2 3 5
762 416 6 17 75
830 416 14 9 70
990 417 1 1 1
1151 417 1 1 1
186 418 16 15 157
461 419 14 15 110
619 418 1 1 1
680 420 1 1 1
999 421 15 39 382
1769 423 26 32 402
581 425 3 1 3
683 429 6 6 25
816 429 9 14 85
860 429 11 22 168
916 429 27 96 1295
434 433 6 11 48
974 433 2 5 8
48 434 22 21 338
338 435 11 16 115
730 434 1 1 1
1656 435 23 24 405
381 436 41 41 602
952 437 3 5 12
965 438 2 2 3
729 443 1 1 1
902 445 1 1 1
986 444 4 4 12
1587 445 26 40 651
1362 446 19 32 340
535 448 6 4 15
1112 449 14 23 219
311 451 1 1 1
639 450 10 13 75
667 450 4 5 16
818 451 6 8 36
891 452 5 7 32
843 454 4 5 16
1436 454 14 10 85
1789 459 5 1 5
193 461 3 2 5
665 460 1 1 1
977 460 2 2 3
264 463 1 1 1
1498 465 1 1 1
323 466 21 20 182
987 469 2 1 2
499 472 4 4 9
627 472 4 4 10
963 472 2 3 5
1058 477 36 50 839
1309 477 18 25 335
971 478 13 18 109
1136 479 24 32 394
959 483 1 1 1
354 484 1 1 1
121 487 11 13 66
726 486 1 1 1
815 486 5 7 27
1478 487 8 9 55
909 488 1 1 1
999 488 1 1 1
1404 491 24 23 374
1713 491 21 21 321
781 492 8 9 44
1001 493 15 23 167
385 496 8 8 51
903 499 5 12 34
1027 500 2 4 5
1288 504 3 1 3
766 509 6 6 23
740 510 9 12 89
501 512 1 1 1
636 515 5 4 14
663 515 23 47 438
1310 517 1 1 1
796 519 5 6 20
829 519 6 7 26
969 519 3 1 3
159 520 1 1 1
701 522 21 22 273
884 522 13 19 198
1388 522 23 22 382
600 526 11 18 155
918 527 2 1 2
1322 529 7 8 35
1689 529 32 54 1170
139 530 2 2 2
286 531 11 8 79
1365 534 15 26 239
426 537 1 1 1
954 537 22 28 286
1344 542 1 1 1
1611 542 17 15 185
506 545 7 4 14
16 546 2 2 4
427 546 2 3 4
637 547 7 11 64
774 547 18 18 129
14 549 1 1 1
873 549 3 2 4
101 551 1 1 1
462 550 8 11 74
847 550 4 3 5
986 550 9 9 44
1014 550 25 39 389
98 552 2 1 2
1136 554 1 1 1
1306 556 23 48 683
855 558 4 3 9
1286 559 2 1 2
708 563 11 19 156
980 563 4 8 28
523 565 2 1 2
729 565 1 1 1
1583 565 17 17 197
368 566 26 24 241
871 566 4 6 18
937 566 28 45 743
342 569 10 11 90
639 569 1 1 1
891 569 8 8 46
196 573 1 1 1
1162 574 1 1 1
442 576 1 1 1
778 576 8 19 89
825 579 7 7 42
840 578 1 1 1
617 580 4 4 9
906 580 2 3 3
1176 582 3 1 3
1434 583 20 37 542
214 585 3 7 9
908 584 1 1 1
1052 584 1 1 1
1561 585 2 1 2
734 586 10 13 97
1127 586 17 44 494
975 588 1 1 1
1042 591 2 1 2
634 592 7 11 60
1353 593 12 18 151
1021 594 7 10 46
1170 596 12 18 108
1674 598 37 54 1380
752 603 1 1 1
817 603 15 27 153
101 605 1 1 1
852 605 1 2 2
999 608 3 3 7
1045 608 15 25 290
1563 611 61 93 1949
847 612 3 2 4
962 612 22 33 401
679 617 51 72 1343
611 619 17 20 124
1524 619 20 20 304
745 622 2 4 5
862 622 5 4 12
801 624 5 5 17
1313 624 1 1 1
400 626 1 1 1
846 628 2 3 4
1356 631 15 21 200
372 633 7 8 39
810 635 14 17 117
449 639 11 4 16
934 639 21 23 228
1085 638 4 2 6
1239 639 13 24 200
503 640 8 6 23
558 641 1 1 1
1002 641 26 41 589
1033 640 1 1 1
576 642 1 1 1
1000 643 1 1 1
1049 642 1 1 1
566 644 1 1 1
583 644 2 1 2
314 648 9 11 80
1140 648 25 25 341
797 650 12 13 91
564 653 1 1 1
613 653 7 12 57
657 653 3 6 8
1118 653 11 16 123
515 659 11 7 50
539 658 1 1 1
364 661 25 51 449
771 662 22 14 157
958 663 16 15 51
817 664 2 2 3
1030 667 1 1 1
1314 666 10 15 88
1771 666 2 2 3
262 669 7 4 12
1341 669 1 1 1
1518 671 10 12 67
755 675 1 1 1
1280 674 16 20 209
442 677 1 1 1
521 677 1 1 1
356 679 9 7 44
666 679 3 4 7
815 678 4 3 10
1098 678 20 22 264
319 682 7 8 30
594 682 8 7 41
487 687 2 1 2
966 686 1 1 1
998 687 1 1 1
1218 687 2 1 2
1438 688 6 6 28
1345 690 11 10 47
990 694 22 32 270
988 696 1 1 1
677 699 1 1 1
1034 698 1 2 2
0 701 5 1 5
607 700 5 4 13
653 700 1 1 1
748 701 11 16 145
601 702 419 301 22488
636 705 4 7 23
793 704 11 8 36
1603 704 25 23 296
45 706 17 14 144
338 709 5 8 30
1345 708 1 1 1
282 711 7 6 29
884 711 4 5 14
1095 711 1 1 1
1111 710 12 16 116
154 712 6 1 6
1038 713 2 1 2
820 715 1 1 1
1173 721 12 13 111
243 722 2 2 2
1061 722 30 61 785
344 725 4 1 4
630 724 22 24 329
938 724 2 1 2
679 727 22 19 205
100 728 1 1 1
1450 731 12 21 107
1309 732 20 30 385
703 734 1 1 1
918 735 1 2 2
1499 735 1 1 1
266 736 2 2 2
988 737 28 31 310
1370 736 12 13 79
1596 736 2 1 2
107 738 5 2 8
1268 739 19 22 265
1391 738 24 39 667
403 741 9 13 92
414 740 1 1 1
491 742 1 1 1
821 743 5 6 21
469 745 1 1 1
731 745 2 1 2
1036 745 11 16 124
1354 745 3 1 3
1358 746 1 1 1
925 748 3 11 22
360 750 8 8 44
971 751 2 2 3
985 751 2 2 3
708 752 3 2 5
740 752 11 20 174
1585 753 31 21 412
689 754 1 1 1
466 757 7 4 15
654 757 6 5 16
712 760 5 4 16
1529 760 17 18 244
1557 761 17 21 289
0 763 3 6 8
253 763 1 1 1
619 762 1 1 1
621 763 1 1 1
433 766 2 1 2
622 767 1 1 1
442 768 8 7 37
620 768 10 16 55
783 771 19 16 159
830 773 1 1 1
1488 773 34 41 1019
262 775 5 4 8
639 774 2 2 4
1310 775 1 1 1
596 777 1 1 1
680 776 11 4 22
841 776 3 2 4
1113 777 11 14 106
1755 780 29 27 591
379 787 24 28 272
550 787 7 16 56
349 789 10 17 80
657 791 13 26 263
1690 793 37 43 1058
899 795 11 17 126
1385 797 17 23 265
612 801 3 2 3
715 805 11 14 110
1244 804 12 6 35
1647 805 1 1 1
1433 808 1 1 1
352 812 4 10 13
815 813 3 2 5
1177 813 1 1 1
573 814 3 1 3
1283 815 13 17 171
312 816 8 6 29
1099 818 12 16 110
1508 818 24 16 158
708 823 4 4 11
767 823 3 4 10
568 825 3 3 5
1201 824 1 1 1
0 827 1 1 1
384 826 12 9 65
1031 827 1 1 1
521 830 1 1 1
522 832 3 1 3
108 837 2 2 4
1580 840 9 3 18
430 842 1 1 1
425 845 4 3 9
68 848 1 1 1
1159 848 1 1 1
1632 848 21 17 232
1693 848 3 2 3
259 850 21 21 251
1240 853 16 11 82
443 855 1 1 1
1355 855 7 11 30
67 857 10 14 54
440 856 1 1 1
979 857 9 17 102
1109 857 9 20 120
1263 861 1 1 1
317 864 1 1 1
765 867 2 3 6
563 869 3 7 10
1006 868 11 16 143
94 872 1 1 1
454 873 3 2 6
1270 873 1 1 1
77 874 1 1 1
1314 875 13 15 129
330 877 1 1 1
82 879 6 2 9
366 879 11 18 94
577 880 9 8 44
956 880 1 1 1
1092 883 8 10 50
1597 884 1 1 1
958 887 1 1 1
1609 889 1 1 1
1628 888 1 1 1
1645 889 1 1 1
1550 891 17 23 194
1593 892 7 3 10
277 896 5 5 16
1511 897 2 2 2
1660 897 1 1 1
1739 901 1 1 1
610 902 9 24 133
0 904 3 1 3
205 905 11 9 83
440 905 3 1 3
1216 905 14 20 116
359 906 1 1 1
324 908 25 14 200
961 911 9 13 90
355 912 2 2 3
996 913 1 1 1
1290 912 3 2 4
390 915 5 5 11
506 917 1 1 1
1762 916 1 1 1
626 923 2 2 3
580 924 8 17 84
1324 926 16 20 202
894 931 15 1 15
956 931 3 7 12
1391 930 45 29 723
1704 930 2 2 3
875 934 1 1 1
1708 934 2 1 2
255 936 3 2 6
17 939 1 1 1
259 938 1 2 2
927 938 1 2 2
330 940 5 3 8
984 940 19 27 290
1013 940 13 29 192
1219 941 2 1 2
963 942 7 7 32
1463 942 23 16 101
1308 945 6 4 17
1619 944 1 1 1
468 946 13 21 226
580 947 16 11 82
1621 946 1 1 1
902 952 2 2 2
1554 954 1 1 1
338 957 3 3 5
657 956 1 2 2
1198 959 9 12 59
504 961 4 4 10
1065 960 8 19 65
1451 962 1 1 1
608 965 10 6 33
920 965 15 17 149
691 967 1 1 1
1266 966 12 13 112
1396 967 25 26 453
541 973 1 1 1
673 972 10 11 76
1294 972 32 27 434
961 976 3 3 7
589 978 5 6 21
880 985 1 2 2
61 986 1 1 1
1098 987 1 1 1
1753 989 1 1 1
514 992 1 1 1
624 995 7 22 99
1442 994 30 43 599
1508 995 20 22 303
1798 995 1 1 1
334 996 6 9 39
414 996 3 2 3
685 997 6 10 28
278 998 4 4 7
369 1000 1 1 1
276 1002 1 1 1
609 1002 2 2 2
806 1004 1 1 1
1771 1004 1 1 1
1394 1007 15 22 179
713 1009 1 1 1
1606 1009 1 1 1
1038 1010 9 10 68
1244 1010 1 1 1
1333 1014 19 25 320
313 1017 1 1 1
315 1016 1 1 1
638 1017 10 17 136
1019 1017 2 4 7
594 1019 11 14 108
1089 1018 3 2 5
1257 1021 1 1 1
1143 1023 1 1 1
890 1024 1 2 2
1062 1025 9 8 48
1274 1024 10 13 86
313 1028 8 8 46
1021 1032 2 2 3
1606 1035 27 41 706
568 1037 8 11 63
901 1037 8 15 63
174 1038 12 10 75
614 1040 9 8 40
867 1040 7 15 71
594 1042 1 2 2
1090 1043 1 1 1
313 1045 1 1 1
487 1045 3 2 5
630 1045 1 1 1
724 1045 5 4 14
885 1046 7 6 25
998 1047 10 9 55
1366 1046 4 2 5
1474 1047 1 1 1
346 1049 2 2 3
493 1048 1 1 1
848 1049 7 15 69
1054 1048 1 1 1
942 1051 4 4 10
566 1052 1 1 1
983 1055 10 13 68
1448 1055 1 3 3
326 1056 1 1 1
1188 1056 3 6 9
1049 1060 16 7 51
755 1063 2 3 6
781 1062 1 1 1
1552 1065 11 10 34
1696 1066 2 2 2
124 1068 1 1 1
361 1069 1 1 1
355 1070 4 4 15
195 1075 1 1 1
553 1074 1 2 2
921 1078 2 2 4
129 1083 1 1 1
426 1082 1 1 1
295 1085 4 3 7
927 1085 9 14 73
1195 1086 3 3 6
1517 1087 18 20 265
1015 1090 1 1 1
563 1097 1 1 1
362 1098 3 2 4
537 1098 2 2 3
688 1099 4 7 20
1236 1099 1 1 1
1301 1098 5 5 21
248 1101 1 1 1
646 1100 2 4 8
895 1101 12 14 95
1046 1100 1 1 1
1242 1101 1 1 1
1572 1101 3 3 4
1047 1103 1 1 1
1074 1102 1 1 1
1186 1103 2 4 6
1480 1105 12 18 105
182 1106 1 1 1
468 1108 1 1 1
850 1108 5 7 30
1264 1109 10 11 48
1324 1109 1 1 1
566 1110 1 1 1
417 1112 1 1 1
414 1114 2 1 2
1184 1115 7 10 35
530 1117 5 5 20
1518 1116 1 1 1
1624 1116 3 3 7
1232 1118 4 6 18
1580 1118 1 1 1
474 1126 1 1 1
988 1128 8 4 16
619 1131 1 1 1
1027 1130 1 1 1
1397 1131 15 22 222
1081 1134 1 1 1
586 1136 1 1 1
701 1136 1 2 2
1119 1136 1 1 1
1362 1140 1 1 1
372 1142 1 2 2
1689 1147 1 1 1
1160 1148 8 12 57
30 1152 1 1 1
1266 1157 9 9 33
315 1159 18 11 77
34 1160 1 1 1
605 1161 1 1 1
1132 1161 6 2 8
607 1162 1 1 1
805 1163 3 12 22
1428 1163 4 4 10
714 1165 6 4 23
1393 1165 6 7 23
85 1167 3 2 4
1099 1166 2 2 2
583 1171 1 1 1
1443 1170 1 1 1
1725 1175 5 2 9
692 1177 1 1 1
728 1177 1 1 1
858 1179 1 1 1
1334 1178 4 2 5
702 1187 2 3 5
1171 1187 4 3 9
528 1189 3 1 3
1137 1189 1 1 1
282 1192 10 7 46
336 1192 1 1 1
651 1193 1 1 1
583 1195 1 1 1
1341 1203 1 1 1
1632 1202 5 1 5
613 1205 2 1 2
79 1207 1 1 1
635 1206 1 1 1
727 1207 2 3 3
1419 1208 2 2 3
232 1210 2 2 2
563 1213 3 3 7
11 1217 1 1 1
1361 1216 3 4 8
