0 0 1840 1228 2102096
68 0 253 262 21124
532 0 12 16 89
539 0 224 294 15523
603 0 2 1 2
784 0 9 24 104
810 0 12 32 162
924 0 3 4 12
936 0 4 7 21
973 0 2 4 7
1055 0 4 2 7
1074 0 21 13 165
1128 0 1 1 1
1139 0 3 3 6
1151 0 137 125 5075
1284 0 13 29 218
1304 0 6 8 32
1367 0 2 6 12
1346 0 99 194 5316
1433 0 14 12 66
1509 0 40 14 292
1678 0 59 96 1264
1759 0 81 147 3577
1205 5 2 5 9
931 8 1 3 3
1566 9 57 50 793
1196 11 21 25 229
832 14 17 14 94
1012 14 2 4 8
1122 16 7 10 36
1463 18 7 13 68
578 21 4 7 24
928 20 1 1 1
1171 21 1 3 3
687 22 6 14 46
914 24 20 35 337
758 26 3 8 14
934 27 170 309 10332
1161 27 1 2 2
1121 30 15 40 133
1292 31 1 1 1
995 32 2 1 2
1179 32 7 13 45
1223 33 3 12 19
1167 35 4 10 22
829 36 5 17 48
1062 37 4 11 30
1635 37 6 5 24
994 41 1 1 1
1838 40 2 7 12
1198 43 2 7 10
1354 43 7 19 63
1138 49 8 11 62
1319 48 2 8 11
763 51 2 5 9
1343 51 2 15 18
1197 53 1 1 1
1440 52 7 14 74
1546 56 5 5 19
780 59 15 31 182
894 61 4 10 25
1607 62 4 4 9
1593 64 5 8 25
1474 66 3 5 10
1559 70 9 13 88
1097 72 2 3 6
885 74 8 15 70
903 75 3 7 14
532 76 6 14 54
767 77 4 10 29
1341 78 1 1 1
1355 80 10 33 161
936 85 2 6 10
1543 84 90 53 1123
1033 87 6 2 7
1331 86 1 1 1
1040 89 1 1 1
1336 88 1 1 1
1046 90 1 1 1
1164 91 3 4 11
898 93 2 4 8
1687 92 10 20 161
1835 95 5 27 95
1117 96 1 9 9
1338 97 3 4 9
1445 97 3 15 30
827 98 3 6 13
1173 99 1 1 1
1382 101 1 3 3
907 103 3 6 16
795 107 1 1 1
1162 107 6 15 59
507 109 12 10 33
1119 109 25 70 738
1188 108 4 7 21
1261 108 122 254 7415
1329 110 1 2 2
917 112 3 6 18
1397 115 1 2 2
1184 118 2 4 6
757 120 2 25 26
887 121 7 9 21
1392 121 6 12 42
1326 126 1 1 1
746 131 2 1 2
1209 131 9 23 51
1758 130 8 10 47
1667 133 6 17 56
790 139 6 16 52
924 139 3 7 16
1389 138 2 4 7
1526 138 4 4 12
1366 141 9 34 143
1160 145 5 10 35
1387 145 8 21 94
1325 147 2 6 6
1675 146 54 304 2038
1268 149 2 6 6
1183 150 17 24 166
747 153 1 1 1
758 154 1 6 6
1505 155 86 219 6382
1227 158 2 7 9
1662 159 11 31 179
1307 163 1 1 1
804 164 4 10 23
1739 164 9 17 115
852 167 14 25 128
929 168 5 14 46
1766 171 21 50 180
1544 174 4 7 19
917 176 2 3 6
1190 176 4 15 39
1729 178 1 9 9
782 181 13 30 171
1132 181 4 14 41
914 183 3 9 18
1810 182 1 11 11
1179 184 1 2 2
959 192 1 2 2
1586 195 14 16 95
673 196 3 3 6
1234 197 2 7 12
1357 197 1 1 1
1466 197 6 11 49
414 201 9 17 94
907 200 3 5 11
1035 205 4 7 20
1405 207 10 47 230
1130 208 5 13 39
1183 211 2 5 8
1169 212 2 7 12
1587 212 1 2 2
521 216 7 18 77
823 217 1 4 4
842 216 16 21 141
1297 217 8 9 24
388 218 1 1 1
897 219 3 8 21
910 219 6 16 59
1247 218 4 11 26
1356 221 1 2 2
1437 221 8 11 58
1162 222 7 7 30
495 225 13 10 46
1229 224 2 4 6
1194 231 3 5 10
936 233 10 24 46
1117 233 2 6 9
1313 239 2 5 6
1442 239 9 17 101
882 241 2 4 8
1836 242 4 34 72
858 245 3 7 14
479 247 6 7 28
1114 247 2 9 16
1133 246 2 8 12
1807 247 20 13 131
786 248 3 6 15
925 248 1 1 1
1672 251 8 25 122
906 253 1 1 1
923 253 1 1 1
949 253 1 1 1
1491 252 8 12 66
882 254 3 8 20
1148 254 30 41 419
758 258 1 1 1
799 261 3 5 9
843 260 1 3 3
956 260 2 1 2
1229 260 1 1 1
460 263 6 8 39
1139 264 3 10 27
949 266 1 1 1
1537 268 2 17 24
775 273 3 8 18
860 274 2 8 12
1250 274 3 8 18
1405 275 9 27 192
889 277 3 6 13
962 277 1 1 1
1204 277 1 1 1
1218 276 5 13 50
965 279 6 16 53
901 281 11 13 39
1305 281 1 2 2
943 283 4 3 6
924 284 1 1 1
1085 285 1 2 2
1131 284 12 24 112
1387 289 4 13 36
1777 289 8 6 27
1200 295 8 2 9
960 296 1 1 1
1166 296 7 5 20
1035 299 2 3 5
725 301 4 6 18
973 302 1 1 1
997 302 1 1 1
1244 303 12 31 170
1812 302 7 7 35
828 305 4 8 25
861 304 1 4 4
926 305 1 1 1
1184 304 3 13 18
778 306 4 8 23
912 306 13 16 59
556 309 1 2 2
1302 311 1 1 1
866 312 1 1 1
1148 313 6 15 71
1196 312 1 5 5
734 317 2 3 6
775 318 3 5 11
1790 319 17 20 172
631 321 4 5 14
885 320 2 5 8
1624 323 7 11 55
786 326 20 25 199
956 326 1 1 1
968 326 1 1 1
1175 327 2 3 5
611 329 3 4 11
962 329 1 1 1
1001 329 2 5 8
852 330 5 14 33
1107 330 7 14 68
740 332 4 6 14
768 332 8 18 79
891 332 1 1 1
1123 334 18 26 190
1396 335 1 3 3
638 340 4 9 34
730 345 3 4 9
814 345 2 6 11
1637 344 8 13 77
695 346 3 7 17
912 348 1 1 1
1013 349 2 4 8
681 351 4 3 10
896 350 1 1 1
927 350 1 1 1
647 354 4 7 25
841 355 17 15 163
920 354 2 4 5
678 356 2 3 5
1053 357 1 1 1
419 359 5 5 16
1051 359 21 19 124
1078 358 1 2 2
1205 359 2 10 10
1596 359 6 8 34
919 361 1 1 1
470 362 5 5 19
1362 363 1 1 1
1464 362 9 13 98
556 371 5 10 39
1089 371 2 3 5
1118 370 13 17 155
1161 371 9 11 31
657 372 4 6 20
882 372 2 1 2
1198 373 2 4 4
1312 373 1 1 1
1256 374 1 2 2
814 377 3 7 16
1230 376 2 2 4
1806 377 4 5 15
414 379 19 10 85
1259 378 1 2 2
610 380 3 5 10
1236 380 1 1 1
1303 381 1 3 3
1323 380 19 34 241
909 382 5 12 43
1273 382 8 7 21
1312 383 7 5 11
709 387 3 3 6
1261 386 3 9 18
1201 388 21 227 753
1007 390 3 3 7
1090 390 1 3 3
1146 391 2 5 7
1279 391 14 13 63
773 392 4 6 22
905 394 1 1 1
933 395 1 1 1
1108 395 3 5 9
1160 395 1 2 2
1451 394 6 9 41
832 396 6 5 30
1029 396 15 14 80
913 399 17 16 32
746 400 8 20 55
896 400 1 2 2
1186 400 1 2 2
777 402 2 6 11
846 402 4 9 30
1098 402 5 9 40
1251 403 2 4 6
1528 402 8 10 55
762 405 4 7 21
1080 404 1 1 1
949 406 4 9 26
1297 407 3 4 10
980 408 2 6 7
1004 412 4 13 24
1340 412 13 31 166
1720 412 1 15 15
1071 415 1 1 1
1275 415 2 10 12
698 419 2 3 5
1244 419 2 3 5
792 421 3 5 11
992 423 2 1 2
1287 423 1 1 1
1023 424 20 14 112
1075 424 2 4 4
1119 425 1 1 1
1280 425 1 2 2
923 427 4 12 20
1446 427 18 19 160
1156 428 2 5 10
1547 429 4 2 7
815 430 3 5 14
1745 430 9 14 104
1161 434 2 17 19
1625 435 2 5 8
1719 435 1 15 15
1084 436 11 5 29
1242 437 1 3 3
646 439 3 5 11
831 439 2 2 3
1292 438 15 10 79
1264 441 3 16 23
522 442 3 4 11
728 444 2 3 4
422 447 19 44 306
1783 446 5 3 10
796 448 3 4 12
1800 448 10 8 58
586 451 5 7 28
892 451 10 14 66
1023 450 2 5 6
1036 451 2 5 6
1083 451 1 2 2
1323 451 4 4 12
1427 450 6 6 30
804 453 3 3 8
819 452 5 12 34
945 455 2 2 3
1247 457 1 1 1
1329 456 12 11 59
717 459 3 5 10
741 458 4 8 24
1257 458 1 4 4
1079 460 2 2 3
556 462 7 9 46
1146 462 1 2 2
889 468 6 3 6
1069 468 4 5 18
1140 468 1 1 1
831 470 6 10 24
1052 470 4 5 17
802 472 5 5 15
1143 473 2 5 9
1170 472 2 4 6
1300 472 4 5 16
1573 473 5 7 30
567 475 4 4 11
1273 474 2 6 7
1480 476 4 9 29
1672 477 6 3 12
127 479 151 158 6835
774 478 8 10 41
590 480 4 10 26
699 481 3 4 8
928 481 4 6 13
1816 481 13 9 79
1168 483 1 3 3
1256 482 2 8 14
1644 482 5 3 10
829 484 1 1 1
930 484 30 21 230
1110 485 2 4 7
1129 484 2 3 5
597 486 128 151 5052
1052 487 2 4 8
454 489 6 8 37
1174 490 5 7 31
1146 492 5 5 20
984 495 100 138 3074
1059 495 9 14 61
811 497 2 2 3
1155 497 2 6 11
1247 498 11 13 42
796 501 4 7 18
1284 500 63 120 1399
767 503 5 13 33
1343 502 5 3 15
1089 504 1 1 1
1532 505 5 9 22
566 509 4 5 12
1350 512 2 2 4
1169 514 5 9 20
860 516 1 1 1
764 519 6 17 67
1139 518 2 5 10
933 520 1 4 4
974 522 2 4 6
1257 523 1 3 3
1529 522 26 63 267
539 525 4 3 10
1446 526 7 11 57
1160 528 2 2 3
1233 529 3 13 18
1498 529 6 11 53
924 531 34 109 1263
968 530 2 4 6
1090 531 3 8 18
1330 531 2 2 4
1518 531 5 11 37
1245 532 2 3 6
1166 537 1 2 2
858 539 1 1 1
1129 538 1 2 2
905 542 4 11 37
1270 542 1 5 5
445 544 6 9 39
1130 545 2 2 3
1175 547 4 6 22
743 548 2 3 4
1276 551 2 3 4
290 553 6 6 24
1232 552 9 15 38
388 554 5 5 19
823 557 9 26 88
880 556 1 1 1
1074 556 1 1 1
1366 559 21 23 217
1495 558 6 8 35
968 560 2 6 8
1005 560 2 6 9
1107 561 2 3 6
1251 560 2 8 11
727 565 5 17 59
953 565 1 3 3
1832 565 8 3 21
589 568 4 5 17
525 570 7 9 48
1567 570 1 1 1
963 573 2 3 4
994 572 2 7 10
1152 574 1 2 2
1074 577 1 1 1
1105 577 10 14 63
749 579 4 10 30
1124 578 1 2 2
1239 579 1 1 1
1642 578 7 8 43
1068 585 2 4 8
1244 587 2 5 9
1123 589 2 1 2
1264 588 10 6 15
510 591 3 3 8
754 591 1 1 1
770 591 4 6 17
876 591 2 3 4
986 590 1 3 3
1413 590 3 6 15
1073 596 1 3 3
1688 597 6 6 23
1741 597 7 19 90
746 598 11 16 53
961 603 7 12 33
813 606 3 23 32
874 606 1 1 1
875 609 1 1 1
1167 609 1 2 2
876 612 1 1 1
517 615 4 6 17
913 615 1 1 1
548 616 3 6 14
1150 618 1 2 2
1170 618 1 1 1
355 621 7 7 34
758 621 4 6 19
1279 623 7 16 97
733 625 15 16 88
864 624 4 6 19
1754 625 4 2 5
977 627 19 31 111
1082 626 2 7 10
1052 635 3 8 21
998 637 2 6 7
1252 636 5 10 36
1442 638 1 2 2
1067 640 1 1 1
808 643 1 1 1
1227 642 1 2 2
1606 642 1 1 1
1085 648 2 3 5
1132 648 2 2 3
942 650 2 3 5
955 652 4 1 4
1076 655 1 3 3
1229 654 1 6 6
1268 654 1 2 2
923 658 5 12 50
743 660 2 2 3
807 661 1 1 1
994 661 1 1 1
986 663 1 1 1
621 664 3 3 6
833 667 3 4 10
946 666 13 3 21
1371 666 2 2 3
960 669 7 2 8
1316 669 14 21 118
932 670 2 4 6
723 672 1 1 1
806 672 9 13 45
1001 675 22 51 334
1283 675 1 1 1
1735 674 2 3 6
349 676 1 2 2
743 676 1 1 1
1072 676 4 3 10
746 679 3 3 7
704 681 2 1 2
942 681 2 2 3
344 683 5 6 22
588 682 2 2 4
725 683 6 9 33
1096 682 3 3 6
1219 682 7 5 17
1553 683 1 1 1
873 685 43 110 1430
615 686 4 5 18
961 686 1 1 1
1372 690 7 12 71
646 693 6 12 46
619 695 3 5 13
1095 695 1 1 1
1237 694 18 27 168
1410 696 5 5 15
927 699 2 4 7
1616 699 8 7 38
815 700 1 1 1
961 700 3 4 9
1325 701 3 3 7
1526 704 5 12 39
382 707 7 8 41
691 706 2 2 4
1036 706 1 2 2
1063 707 2 3 5
800 714 16 6 26
633 717 23 19 165
1740 719 2 3 4
1031 720 1 4 4
1078 721 21 26 224
1197 723 1 1 1
1304 722 1 1 1
1500 722 5 6 23
1469 724 1 1 1
1262 729 1 2 2
1315 729 5 5 19
705 732 3 4 11
971 735 2 4 5
1821 734 1 2 2
1105 736 6 10 49
1517 737 4 6 18
707 739 10 24 80
1001 738 2 6 10
1067 738 7 13 52
354 741 5 9 36
1211 740 1 2 2
1018 742 1 2 2
1239 744 1 1 1
815 746 1 1 1
1081 746 4 4 10
858 749 9 15 73
668 750 3 6 10
803 750 1 2 2
830 751 2 5 8
436 752 2 2 4
974 753 5 10 34
1111 753 1 1 1
1392 752 5 13 33
1211 755 1 3 3
877 756 1 1 1
1027 757 1 2 2
1755 757 8 21 73
999 759 2 1 2
1011 758 4 4 12
1097 758 51 20 518
932 761 3 10 13
815 763 3 10 22
1059 764 1 1 1
499 767 6 7 30
1061 767 2 8 13
1179 766 1 1 1
596 768 2 4 8
802 770 1 7 7
888 770 123 71 3093
1049 771 1 1 1
1038 772 1 1 1
1251 773 1 1 1
1043 775 6 10 22
1354 774 6 10 39
1375 775 5 5 20
991 777 2 9 15
1023 779 1 1 1
1394 780 1 1 1
816 782 2 13 13
969 782 1 2 2
1085 783 1 3 3
1260 782 1 1 1
968 785 1 2 2
1006 784 3 7 19
1021 784 1 1 1
1098 784 1 1 1
1242 784 6 15 59
1332 786 11 18 120
1743 786 2 2 3
1192 789 1 2 2
1101 791 1 1 1
1126 792 1 1 1
1216 793 2 3 5
635 795 3 3 9
1072 795 1 1 1
652 796 1 1 1
674 796 2 3 5
818 797 1 1 1
1013 799 41 28 535
1043 799 1 1 1
1377 799 2 2 3
1756 798 11 23 170
803 800 1 2 2
819 801 1 1 1
1238 800 2 1 2
1079 803 1 1 1
1106 803 1 1 1
1617 802 2 2 3
413 804 4 6 16
1100 804 2 1 2
627 806 3 7 15
267 809 16 12 110
734 808 493 166 27582
820 808 1 6 6
1204 808 1 4 4
804 811 1 1 1
657 815 3 3 6
805 814 1 2 2
1086 815 1 2 2
1258 814 8 9 34
585 816 1 2 2
862 817 1 1 1
821 818 1 6 6
1296 819 14 19 174
1182 821 1 2 2
1220 821 7 8 36
1372 824 2 1 2
571 827 1 1 1
822 827 1 1 1
1347 827 2 1 2
1043 828 1 1 1
1334 829 1 1 1
1340 831 1 2 2
1052 832 1 1 1
666 835 1 2 2
1590 834 9 15 87
620 836 3 5 13
1034 837 1 3 3
1257 836 1 1 1
600 839 10 22 113
1046 841 1 1 1
1310 840 1 1 1
647 842 1 5 5
950 843 2 3 5
1240 842 1 1 1
1274 842 1 1 1
1710 843 9 8 56
1101 844 1 2 2
640 847 1 1 1
872 847 1 1 1
1213 849 1 3 3
1566 852 4 8 20
1026 855 1 2 2
1212 855 1 1 1
1270 854 1 2 2
466 858 1 1 1
1211 858 1 1 1
1206 860 5 4 12
643 863 2 2 3
940 863 2 3 5
954 863 4 5 8
1012 862 1 4 4
426 865 3 2 5
977 865 1 1 1
653 866 2 1 2
637 869 3 4 9
1256 868 3 8 19
569 871 4 6 22
556 872 3 3 9
960 875 1 3 3
1814 875 2 1 2
1298 877 5 6 17
698 880 4 2 6
1270 881 1 1 1
1469 880 2 1 2
764 885 2 1 2
1351 887 10 18 100
1558 888 5 6 26
1782 888 6 7 22
604 890 2 3 6
79 897 11 3 20
661 897 2 1 2
513 899 1 1 1
1693 899 8 14 90
704 900 1 1 1
1408 901 2 1 2
480 903 1 1 1
1769 904 8 5 28
596 906 1 1 1
652 907 1 2 2
1543 907 2 1 2
611 911 1 1 1
1421 912 2 1 2
1424 915 3 8 19
1613 917 2 2 3
663 919 1 1 1
1616 919 1 1 1
627 920 2 1 2
1437 921 5 1 5
1448 923 3 3 8
690 924 3 7 14
1416 924 2 2 4
1434 924 1 1 1
613 930 1 1 1
1683 931 1 1 1
1430 932 2 1 2
164 937 1 1 1
608 936 1 1 1
546 938 3 1 3
556 939 6 2 9
650 939 11 3 13
714 939 1 1 1
757 938 1 1 1
456 941 3 1 3
522 941 3 6 12
1754 940 1 1 1
418 942 3 3 9
1161 942 1 2 2
1420 944 2 2 4
1562 944 4 6 13
1699 944 1 1 1
831 946 4 9 27
1250 947 6 9 39
1700 947 3 2 4
1671 949 1 1 1
1132 951 1 1 1
1630 951 8 11 69
285 959 2 1 2
1424 959 1 1 1
458 961 1 1 1
579 960 1 1 1
794 960 2 1 2
651 962 1 1 1
467 964 2 1 2
659 964 3 8 17
1824 965 3 2 5
580 966 2 2 4
1035 967 1 1 1
1530 969 1 1 1
480 970 2 3 4
610 971 2 2 3
1169 970 6 5 27
680 973 1 1 1
609 975 1 1 1
707 974 2 1 2
852 974 1 2 2
996 975 1 1 1
1266 974 5 13 46
1002 977 1 1 1
1132 976 1 1 1
1475 977 1 1 1
1705 977 10 5 28
1783 977 4 2 6
772 979 3 1 3
1661 978 5 7 13
513 981 3 2 4
1676 980 6 3 11
336 982 2 2 3
577 983 3 4 10
925 982 1 3 3
1341 983 8 9 39
1201 985 1 1 1
1230 985 1 3 3
1280 984 1 2 2
614 987 1 1 1
779 987 4 1 4
1203 987 2 3 4
982 990 2 3 4
1432 991 4 3 7
168 992 1 1 1
963 994 2 1 2
1057 995 1 1 1
468 997 2 1 2
582 996 1 1 1
759 997 4 2 5
1121 996 2 1 2
636 999 3 3 7
912 999 6 7 26
1326 998 17 6 37
1730 999 1 1 1
173 1001 1 1 1
791 1000 1 1 1
811 1000 2 1 2
936 1001 3 3 5
1063 1001 2 1 2
1296 1000 1 1 1
465 1003 1 1 1
1397 1003 2 1 2
459 1004 4 1 4
614 1004 2 2 3
985 1005 1 3 3
707 1006 1 1 1
924 1007 1 1 1
1055 1007 1 1 1
1659 1007 1 2 2
594 1009 1 1 1
1510 1009 2 1 2
536 1010 1 1 1
573 1010 2 1 2
258 1013 1 1 1
596 1013 3 3 8
737 1012 3 1 3
851 1012 1 1 1
1086 1012 1 2 2
1731 1012 5 5 16
831 1015 1 3 3
1245 1015 1 1 1
1256 1015 1 2 2
1528 1015 1 1 1
609 1017 1 1 1
646 1018 8 3 15
1020 1019 1 1 1
1032 1019 1 1 1
1114 1019 1 1 1
1340 1018 16 19 108
513 1020 3 3 8
842 1021 1 1 1
989 1021 4 7 21
1013 1020 5 7 28
1213 1020 1 3 3
1423 1020 2 2 2
1736 1021 1 1 1
589 1023 1 1 1
1092 1023 3 8 14
1169 1024 2 1 2
396 1027 3 1 3
570 1026 1 1 1
959 1026 1 4 4
1250 1027 1 1 1
394 1028 1 1 1
768 1028 16 42 282
857 1028 1 1 1
870 1029 1 2 2
541 1031 2 2 2
1292 1031 4 4 12
179 1033 2 1 2
509 1033 2 1 2
627 1033 4 2 6
1285 1035 1 1 1
1395 1034 5 3 10
1613 1034 3 2 5
182 1037 1 1 1
1109 1037 1 1 1
1407 1037 6 5 15
1543 1036 3 1 3
1782 1037 1 1 1
283 1039 1 2 2
347 1039 3 2 5
465 1039 1 1 1
977 1040 1 2 2
1148 1040 1 3 3
159 1043 4 2 6
958 1042 1 1 1
1200 1042 1 1 1
6 1045 1 1 1
1480 1044 1 1 1
1558 1045 5 2 6
1173 1047 6 15 34
1790 1047 1 1 1
1266 1048 1 1 1
927 1050 1 7 7
1348 1050 4 3 9
1733 1051 4 3 5
260 1053 2 1 2
1133 1052 4 11 21
288 1055 1 1 1
722 1055 2 10 16
828 1055 2 4 8
1082 1055 2 1 2
1210 1055 2 1 2
1368 1056 1 1 1
1786 1057 2 2 4
626 1058 12 3 14
751 1058 2 1 2
1199 1058 7 10 47
1337 1058 4 2 7
1656 1058 4 3 7
569 1061 12 17 122
1491 1061 3 2 5
301 1062 4 3 9
499 1062 1 1 1
857 1063 4 7 19
1315 1065 2 1 2
1778 1064 3 4 9
651 1067 1 1 1
1086 1067 1 1 1
1439 1066 2 3 6
1458 1067 1 1 1
1488 1066 3 2 5
460 1068 2 1 2
1335 1069 4 8 24
1782 1069 1 1 1
682 1071 1 1 1
1044 1070 1 4 4
1514 1071 11 19 88
1596 1070 4 6 14
1265 1073 2 1 2
1546 1073 10 22 132
1618 1072 1 1 1
354 1074 1 1 1
502 1075 3 3 7
1020 1074 1 3 3
1268 1074 1 1 1
1438 1075 1 1 1
1766 1074 4 3 8
1792 1074 1 1 1
865 1077 1 2 2
964 1076 1 1 1
1610 1077 8 8 39
751 1079 5 9 27
1170 1079 1 2 2
944 1081 3 3 7
1000 1081 5 3 7
1030 1081 2 1 2
1501 1081 1 1 1
773 1082 2 1 2
979 1083 1 2 2
1149 1083 1 1 1
1199 1083 3 6 12
1371 1083 2 1 2
1530 1083 4 3 6
1631 1085 3 3 6
1044 1087 1 4 4
618 1089 1 1 1
1025 1088 5 5 13
1676 1088 4 3 10
1776 1088 4 3 10
709 1090 1 1 1
1186 1090 1 1 1
1587 1090 1 1 1
1164 1092 1 1 1
140 1095 1 1 1
1034 1094 2 1 2
1518 1095 1 1 1
358 1097 1 1 1
572 1097 2 3 5
731 1097 1 1 1
1481 1096 1 1 1
842 1098 2 1 2
1016 1098 1 1 1
1521 1098 1 1 1
1564 1098 8 4 11
1733 1098 4 3 9
266 1101 1 2 2
1444 1101 4 3 8
991 1103 1 1 1
1026 1103 1 1 1
1063 1102 2 4 7
1484 1102 1 2 2
1707 1103 1 1 1
1720 1102 2 2 3
537 1104 24 34 251
853 1104 1 1 1
954 1104 1 1 1
1244 1104 4 5 12
1426 1105 1 1 1
406 1106 6 3 10
1372 1106 1 1 1
451 1109 1 1 1
715 1108 1 1 1
898 1109 1 2 2
1369 1108 2 2 3
1561 1108 2 1 2
516 1111 1 1 1
1287 1110 1 2 2
657 1112 1 1 1
1048 1112 6 3 8
1333 1112 15 6 54
646 1115 1 1 1
1022 1115 1 3 3
1074 1115 1 3 3
1289 1114 2 1 2
1574 1114 3 11 22
566 1116 1 1 1
680 1117 4 2 5
986 1117 10 11 29
1213 1117 1 1 1
1626 1117 1 1 1
822 1119 1 1 1
1824 1118 5 2 7
368 1121 2 1 2
458 1121 4 2 6
661 1121 2 1 2
692 1120 1 6 6
835 1120 1 1 1
1829 1121 11 12 22
924 1123 5 14 33
955 1123 1 1 1
347 1124 3 2 5
532 1124 3 1 3
818 1124 1 1 1
1230 1124 1 1 1
1440 1125 4 3 6
1610 1124 2 2 3
1719 1124 2 2 4
337 1127 2 1 2
864 1127 1 3 3
1182 1126 1 1 1
1454 1126 1 1 1
1757 1126 6 6 24
335 1129 1 1 1
1225 1131 1 1 1
133 1132 1 1 1
1492 1133 3 3 7
497 1134 2 1 2
890 1135 1 2 2
1067 1134 1 4 4
1445 1135 2 1 2
1683 1134 1 1 1
646 1136 1 3 3
1204 1137 3 2 5
1477 1137 4 3 7
1242 1138 1 1 1
129 1140 2 1 2
1124 1140 4 2 5
1563 1141 8 2 14
1602 1140 7 5 23
98 1143 2 1 2
1223 1144 9 3 18
1359 1145 1 1 1
1572 1144 2 2 3
502 1147 1 1 1
542 1147 7 6 21
811 1146 2 1 2
1691 1146 1 3 3
1727 1146 4 3 6
1775 1146 3 1 3
654 1149 2 1 2
1303 1148 6 10 19
1679 1149 10 11 19
1834 1149 6 3 16
703 1151 2 1 2
1320 1150 1 1 1
1332 1151 8 12 45
1390 1150 1 1 1
1470 1150 2 2 3
101 1152 1 1 1
1019 1153 1 1 1
1154 1153 1 2 2
1492 1153 1 1 1
266 1155 4 3 5
911 1155 1 1 1
529 1156 1 1 1
777 1156 2 2 2
972 1156 1 1 1
1198 1157 4 5 10
1235 1157 4 14 31
1490 1156 7 13 49
1552 1156 10 5 24
1608 1157 1 1 1
1720 1157 2 3 6
493 1159 1 1 1
510 1158 1 1 1
926 1158 2 1 2
1136 1158 6 3 8
1291 1159 1 1 1
1764 1159 1 1 1
947 1160 4 1 4
1070 1160 1 1 1
1212 1160 2 1 2
1450 1162 1 1 1
1692 1163 14 9 51
293 1164 2 1 2
500 1164 3 2 5
984 1165 1 2 2
1343 1164 1 1 1
1451 1165 4 2 6
47 1166 1 1 1
149 1167 1 1 1
1710 1167 2 3 6
466 1168 4 2 6
676 1169 1 1 1
1307 1168 1 1 1
1536 1168 5 4 16
590 1171 3 4 9
1742 1171 2 1 2
1779 1171 5 3 10
693 1173 1 1 1
1279 1173 1 1 1
1512 1172 2 1 2
1745 1172 1 1 1
1010 1174 1 1 1
1355 1175 5 9 13
1542 1174 7 6 31
607 1177 8 20 83
1471 1177 7 4 16
1581 1176 36 16 154
1686 1176 6 4 20
1558 1178 1 1 1
1715 1179 1 1 1
1418 1180 1 1 1
697 1182 4 2 6
789 1183 5 4 12
1549 1182 8 3 12
1706 1183 5 4 14
1764 1182 5 10 30
1628 1185 2 2 2
1795 1184 7 5 18
84 1187 1 1 1
1054 1186 3 10 12
1470 1186 1 1 1
417 1188 1 1 1
586 1188 3 3 9
729 1188 4 2 6
1158 1189 1 1 1
1267 1189 2 2 2
1343 1189 1 1 1
404 1191 1 1 1
997 1190 1 1 1
1352 1190 3 5 8
1507 1191 1 1 1
1690 1191 8 10 26
1288 1192 6 6 15
1423 1193 1 1 1
1545 1192 3 2 3
1653 1192 11 16 91
1747 1192 10 2 12
1812 1192 1 1 1
666 1195 11 11 55
928 1195 1 1 1
1084 1195 1 1 1
1336 1194 2 1 2
1389 1195 2 2 3
1465 1194 15 13 37
252 1196 10 4 11
1171 1196 1 10 10
1201 1197 12 7 32
65 1198 3 2 4
1089 1198 1 1 1
1296 1199 5 2 9
1331 1199 3 2 6
1372 1199 1 1 1
951 1200 6 4 19
1056 1200 1 1 1
1735 1200 2 1 2
1366 1203 1 1 1
1401 1203 1 1 1
1048 1205 1 1 1
1264 1205 1 1 1
61 1207 2 1 2
444 1206 1 1 1
496 1206 1 1 1
665 1207 1 1 1
825 1206 1 4 4
1267 1207 15 12 59
1575 1207 1 2 2
1334 1208 4 2 6
1753 1208 4 3 6
377 1210 1 1 1
963 1210 3 2 6
1485 1211 6 4 17
1666 1210 20 11 118
629 1214 1 1 1
789 1214 1 1 1
1252 1215 4 2 6
1423 1215 1 1 1
1523 1214 8 5 21
1729 1215 1 1 1
1829 1215 3 3 6
111 1217 3 2 3
599 1216 1 1 1
1333 1216 1 1 1
1344 1217 6 4 14
1377 1217 1 1 1
1398 1217 2 1 2
1731 1216 3 2 3
1153 1218 1 1 1
1735 1218 2 1 2
487 1221 1 1 1
1739 1220 2 2 3
1314 1223 1 5 5
149 1225 1 3 3
1251 1225 1 3 3
1486 1225 7 3 15
1560 1225 1 3 3
1744 1224 2 4 7
1289 1226 1 2 2
1387 1227 1 1 1
1707 1226 10 2 20
