0 0 1840 1228 2094646
17 0 142 85 3873
262 0 17 15 193
369 0 44 110 738
386 0 20 20 330
430 0 43 8 192
890 0 18 31 384
917 0 14 9 64
1031 0 13 24 221
1058 0 10 5 33
1109 0 17 19 267
1140 0 2 1 2
1184 0 9 8 59
1263 0 8 10 61
1379 0 14 20 204
1825 0 15 33 349
113 5 18 18 227
942 5 8 12 76
571 6 13 19 197
1330 12 7 8 44
910 17 23 28 422
695 19 10 16 128
800 18 7 11 63
1213 18 4 3 6
466 21 13 17 171
1119 20 31 28 397
1212 21 28 36 736
1307 24 16 13 139
995 27 4 7 23
1361 27 1 2 2
1270 31 6 7 35
968 32 7 12 65
1092 34 12 13 76
448 41 12 17 153
1678 40 50 41 1338
793 43 10 16 127
1246 43 12 16 75
1600 42 29 35 700
572 47 18 20 291
929 46 26 25 434
1348 49 16 18 182
1151 51 14 11 74
1191 51 18 15 124
1280 61 15 13 108
1306 66 6 8 33
1783 67 46 46 1456
923 69 6 11 52
564 71 12 17 179
1159 70 26 34 309
756 72 15 16 160
731 74 9 16 115
1212 77 20 29 378
225 79 11 11 82
1506 81 10 3 30
350 82 15 14 140
1118 82 7 7 28
1609 83 109 100 4635
285 84 9 9 62
647 85 14 25 234
843 86 9 13 83
1260 86 6 7 26
1308 87 5 7 28
1086 94 14 12 71
576 97 10 11 89
1239 96 60 54 1081
1756 96 12 8 73
810 99 27 26 223
268 101 13 16 149
79 105 13 8 66
321 105 12 13 124
436 105 26 21 310
1119 104 17 25 224
883 106 5 7 27
242 111 16 23 123
335 119 13 18 178
954 118 5 9 36
1121 118 53 48 1039
1198 119 26 41 687
0 121 5 10 37
58 123 22 19 313
939 123 5 8 35
1406 124 29 21 423
487 127 11 15 129
617 127 8 6 30
761 126 16 12 130
558 129 13 19 189
136 130 12 9 82
788 131 7 10 57
1272 131 16 22 136
914 134 6 5 19
931 134 1 2 2
864 138 8 9 57
921 142 1 1 1
923 143 3 3 8
1106 142 4 5 16
971 147 4 5 18
586 149 12 17 161
838 148 5 8 31
209 154 13 13 131
616 155 10 13 97
1018 159 1 1 1
37 160 17 12 141
1250 160 4 4 11
1222 163 5 8 34
1061 165 12 29 206
941 168 18 38 210
1110 169 3 6 16
385 171 38 24 454
1263 176 6 6 26
0 178 8 9 55
626 179 15 22 230
1089 178 6 8 34
859 180 9 12 74
1665 181 52 70 1715
180 183 10 9 68
1011 183 11 16 141
1184 183 5 5 18
66 184 7 4 16
698 184 7 9 53
900 187 8 11 50
1134 186 6 12 53
1208 191 5 7 30
778 192 7 10 57
1086 194 3 6 17
1150 194 4 6 18
1102 196 14 15 163
713 199 9 12 77
759 200 7 10 49
1089 201 4 5 18
1755 201 36 27 675
186 202 5 2 7
898 205 5 9 36
497 206 10 15 110
1028 206 14 23 166
1199 209 25 32 403
1228 209 14 7 73
845 211 38 80 1324
162 212 13 8 80
340 212 11 11 93
777 213 27 14 221
1096 213 4 4 11
878 217 7 10 48
1153 216 4 6 20
79 218 15 14 157
1185 218 4 3 10
53 220 11 6 35
448 220 4 4 13
667 223 7 9 50
1260 222 1 2 2
289 225 1 2 2
1069 224 6 8 38
1124 225 16 11 133
1600 224 78 107 3065
1175 226 9 12 83
815 229 14 13 160
746 235 1 1 1
1080 238 13 8 42
1117 238 6 15 69
1141 238 6 7 31
1333 240 14 16 138
813 242 1 1 1
932 242 4 6 21
971 242 4 7 22
1046 243 14 18 177
602 247 1 1 1
755 246 1 1 1
448 248 26 22 207
774 249 1 1 1
107 250 21 11 173
257 251 13 22 219
914 251 14 16 170
1182 251 22 45 587
1244 251 4 4 14
230 253 13 11 101
1215 252 4 5 15
711 255 22 17 174
601 257 1 1 1
676 257 1 1 1
1108 256 21 52 711
310 259 26 22 203
1139 258 7 11 47
1026 261 8 3 17
1163 261 4 5 16
744 262 1 1 1
1055 271 21 30 321
1154 270 6 9 39
547 272 11 18 158
621 273 3 2 4
1089 273 1 1 1
1092 272 1 1 1
1075 274 4 7 23
123 277 12 10 95
169 277 12 11 111
581 276 11 14 118
1009 276 10 16 120
1238 276 4 4 15
611 279 7 10 58
367 280 17 24 293
825 280 1 1 1
1139 280 15 9 67
1248 281 4 5 18
1285 281 10 15 123
770 283 6 17 77
1096 283 4 5 13
715 285 2 1 2
817 285 2 1 2
913 284 6 8 38
57 287 34 18 315
897 286 5 9 33
292 292 6 5 23
1262 293 9 10 72
907 295 5 7 30
801 297 7 5 21
850 296 43 100 1583
929 297 2 1 2
226 298 2 1 2
248 301 7 6 29
817 303 7 10 59
1168 305 11 8 70
750 306 29 46 811
390 313 15 17 196
887 313 7 14 54
1054 312 19 43 375
439 314 30 22 323
802 314 9 21 117
1549 314 30 31 685
1009 317 5 7 32
918 320 10 9 39
1112 323 4 7 25
54 324 13 10 96
98 325 9 8 61
160 324 12 9 75
1130 324 5 8 30
352 327 8 6 36
592 326 3 2 5
899 327 8 13 80
1152 327 5 6 20
1836 327 4 19 54
787 328 7 11 39
836 328 7 7 38
478 331 8 9 65
949 333 5 6 25
119 334 21 12 159
219 334 6 5 23
519 335 1 1 1
846 335 1 1 1
1596 335 9 9 60
1220 336 6 4 22
1215 337 52 48 1308
387 341 11 14 110
547 340 19 19 187
813 340 20 26 355
939 340 10 11 74
1085 340 4 8 18
1212 340 1 2 2
1358 340 13 3 25
676 343 1 1 1
921 345 5 7 28
1123 345 13 8 63
105 350 12 11 95
344 355 15 25 255
701 354 2 1 2
755 355 1 1 1
1021 354 6 5 27
541 356 2 2 3
732 357 3 2 4
1029 357 10 10 56
757 358 7 6 12
941 359 1 1 1
1119 358 4 6 16
687 361 2 1 2
1177 361 11 17 101
389 363 26 12 171
1096 364 2 1 2
1306 365 1 2 2
1745 365 26 21 384
689 367 1 1 1
1052 367 11 7 36
1134 367 3 5 13
720 371 2 2 4
840 370 1 1 1
939 370 2 2 2
1083 370 10 14 104
698 372 10 14 110
807 373 2 1 2
915 373 1 2 2
973 373 1 1 1
1109 373 5 6 24
1203 372 3 3 5
788 375 3 1 3
917 375 1 2 2
997 374 12 16 150
1805 375 6 7 22
90 377 13 13 134
142 376 9 6 37
641 377 25 16 160
743 376 3 1 3
772 376 8 8 45
845 376 2 1 2
956 377 1 1 1
1160 376 4 5 18
928 378 1 1 1
945 378 1 1 1
954 379 9 10 18
1046 380 3 3 6
1117 380 4 4 13
1822 380 7 7 20
538 382 1 1 1
1205 383 4 4 12
1796 382 1 1 1
516 384 2 1 2
637 386 3 3 8
940 386 2 2 4
1193 387 5 6 25
792 388 2 1 2
1045 389 41 48 763
1812 389 1 1 1
398 390 50 40 624
785 390 1 1 1
796 391 1 1 1
938 390 1 1 1
1027 391 1 1 1
925 393 3 2 6
1456 393 6 2 9
845 394 2 1 2
1303 394 1 1 1
161 397 9 7 46
592 397 2 1 2
741 396 1 1 1
994 396 1 1 1
306 399 7 7 36
768 399 32 14 211
659 400 21 41 419
1571 400 9 8 52
1102 402 5 8 21
1149 403 5 6 21
46 404 6 2 7
364 406 8 7 49
838 406 3 1 3
928 407 1 1 1
1123 407 5 6 25
739 409 1 1 1
878 408 1 7 7
623 410 1 1 1
746 411 12 2 15
849 410 28 36 576
642 412 1 1 1
762 413 1 1 1
911 412 1 2 2
928 412 25 34 424
578 415 1 1 1
601 415 1 1 1
979 415 3 4 9
705 416 3 2 6
885 417 3 5 13
1478 417 1 1 1
698 418 2 1 2
1097 418 3 4 11
1145 419 4 4 14
1584 419 14 11 96
546 421 9 12 85
645 421 1 1 1
731 421 1 1 1
1628 421 20 23 259
280 422 8 6 41
729 422 1 1 1
915 422 1 1 1
989 422 1 1 1
1008 423 21 25 344
647 424 1 1 1
742 424 1 1 1
753 425 10 1 10
1054 424 3 4 10
1071 424 54 46 1075
373 427 9 10 71
1162 427 4 5 15
1178 427 7 7 43
764 429 2 1 2
966 429 1 1 1
980 428 1 1 1
71 431 4 6 12
842 431 1 1 1
979 430 1 1 1
1208 431 3 4 10
1275 431 2 2 3
624 432 1 1 1
699 433 2 1 2
908 432 1 2 2
775 436 4 7 23
798 437 1 1 1
644 438 2 1 2
704 438 1 1 1
749 439 2 1 2
1314 439 57 29 814
1404 439 68 48 1470
109 440 12 9 82
593 440 2 1 2
714 440 11 9 27
1185 440 3 4 11
1517 440 39 50 770
740 443 3 2 4
1140 442 23 24 181
1280 443 1 1 1
1398 443 2 1 2
1592 443 17 12 150
231 444 10 8 65
437 444 31 25 228
952 444 3 10 18
1223 445 10 9 48
1389 444 1 1 1
987 447 15 19 181
1033 446 7 5 25
1055 447 2 1 2
420 448 11 9 57
601 449 2 1 2
1197 448 2 1 2
170 451 9 6 36
538 451 9 10 74
869 450 5 6 26
916 450 10 5 47
1248 450 57 47 234
782 453 1 1 1
884 452 5 6 25
1405 453 1 1 1
589 454 12 15 143
816 454 3 1 3
1180 455 5 4 13
1676 455 1 1 1
1766 455 27 23 442
245 456 8 6 42
686 457 1 1 1
727 457 1 1 1
759 457 5 6 20
935 457 1 1 1
855 459 1 1 1
683 460 2 1 2
92 463 27 9 166
709 464 1 1 1
747 465 6 18 36
1058 467 7 5 27
1652 467 1 1 1
1557 469 42 61 1361
233 470 6 3 14
382 470 2 2 3
491 470 7 7 38
999 470 3 5 13
1365 471 10 20 61
657 472 12 13 105
796 473 6 11 50
887 473 1 1 1
988 472 1 2 2
1049 472 1 1 1
1154 473 9 5 28
312 474 6 5 25
537 475 9 9 64
891 474 2 3 5
1125 474 2 1 2
414 476 19 16 163
705 477 1 1 1
1023 476 2 6 10
1074 477 3 4 9
1185 476 43 19 341
776 478 4 5 14
1041 478 2 3 5
1088 480 3 4 11
1107 480 1 1 1
342 483 9 11 81
378 482 19 18 246
844 483 7 9 52
860 482 11 22 89
1060 482 8 9 47
259 484 8 7 47
593 484 1 1 1
609 485 15 15 163
1039 485 2 2 3
1157 485 13 9 75
817 487 5 6 22
961 486 1 1 1
244 488 4 2 6
526 489 1 1 1
716 488 1 1 1
963 488 5 8 38
1010 489 2 3 5
1033 490 3 4 10
1747 490 27 22 432
1105 493 4 5 16
1070 495 3 3 6
1094 495 1 1 1
367 498 15 11 111
537 498 9 9 62
833 498 3 3 8
998 498 2 3 3
274 501 20 10 151
750 501 2 1 2
928 500 3 5 14
1081 501 11 5 32
1519 501 7 7 35
993 502 5 3 10
1195 502 15 6 31
153 504 6 5 26
495 504 1 1 1
1132 505 4 5 14
1175 504 4 5 16
1480 505 3 3 4
498 506 1 1 1
661 507 1 1 1
674 508 8 9 51
695 509 1 1 1
1115 509 1 1 1
1714 508 1 1 1
1805 509 3 1 3
136 511 11 9 82
437 510 10 10 72
1032 510 2 3 6
1093 511 1 1 1
1260 511 19 23 336
99 515 10 7 53
553 515 1 1 1
828 514 3 5 10
913 515 17 13 102
1152 514 3 4 10
555 517 1 1 1
578 519 14 17 158
1156 518 3 4 11
1023 521 16 16 106
1600 520 29 22 441
456 523 9 8 46
768 523 13 9 49
886 523 4 5 18
1048 523 1 1 1
1124 522 1 1 1
534 525 9 10 75
641 524 1 1 1
1349 524 2 1 2
1229 526 1 1 1
1516 527 21 15 167
1813 526 3 2 4
407 528 1 1 1
631 528 1 1 1
740 528 13 5 26
789 529 20 36 456
1005 529 1 1 1
1161 529 1 1 1
391 530 9 8 57
627 531 4 4 13
1007 531 2 5 8
1113 530 3 3 7
1137 530 4 5 12
1163 530 21 12 170
524 533 1 1 1
148 535 19 6 82
424 537 7 9 51
677 536 2 1 2
1017 537 2 4 7
1277 537 11 12 112
70 538 13 8 82
767 539 4 5 18
781 539 2 1 2
846 539 3 4 11
1061 538 3 4 10
1476 539 12 11 42
456 540 10 10 64
653 541 2 1 2
1113 541 8 14 51
243 542 1 1 1
482 542 7 8 42
661 543 4 5 18
552 544 1 1 1
958 545 10 14 112
1010 544 1 2 2
225 547 7 6 35
829 546 2 3 6
1070 547 3 3 8
1141 546 7 8 41
878 548 3 3 7
1025 549 46 34 577
1251 548 2 2 3
1322 549 20 23 333
1622 548 6 5 11
167 551 6 3 13
848 551 4 6 22
1358 551 1 1 1
1510 551 3 1 3
34 552 1 1 1
641 552 3 2 5
732 553 13 15 77
893 553 18 5 37
1089 552 3 4 9
1165 552 2 1 2
367 557 11 11 98
695 557 8 11 71
1008 557 2 4 7
1211 556 1 1 1
1539 556 20 19 277
928 559 1 1 1
973 558 3 3 8
1228 559 1 1 1
392 561 8 6 34
813 561 24 22 351
854 561 5 8 38
1495 561 28 18 249
71 563 6 4 18
617 562 15 12 102
1298 563 1 2 2
245 565 1 1 1
646 565 2 1 2
977 564 2 3 6
1017 564 1 2 2
1125 564 14 6 54
1179 565 3 4 10
1300 565 1 1 1
1221 567 2 2 4
1609 566 2 2 4
923 568 16 4 26
1107 568 1 2 2
416 570 1 1 1
961 570 3 3 7
1010 571 3 3 9
1166 570 4 4 10
1643 571 63 34 1069
531 573 17 15 139
747 573 12 8 42
1121 572 3 3 8
29 575 3 2 4
172 574 1 1 1
801 575 4 4 12
1086 574 2 2 3
1143 575 5 3 13
1158 574 6 11 50
1028 576 7 13 82
1284 577 3 4 12
0 578 2 2 4
33 578 1 1 1
638 578 1 1 1
1514 579 23 42 633
867 581 4 7 20
922 580 2 4 7
998 580 7 9 52
1103 581 16 18 143
1356 581 2 1 2
1744 581 4 2 6
452 582 3 2 4
740 583 4 4 13
1176 582 2 2 4
89 585 1 1 1
630 584 6 7 37
888 585 4 3 9
929 585 2 1 2
1134 585 6 16 59
86 587 2 1 2
652 586 1 1 1
703 586 1 9 9
835 586 18 21 69
1156 587 1 1 1
1315 586 3 3 5
174 589 3 2 4
568 588 2 1 2
614 588 7 7 39
914 588 6 8 46
1064 588 18 19 87
1228 588 2 1 2
445 590 6 12 43
1405 590 17 16 204
1750 590 34 23 545
240 593 4 2 8
962 593 1 1 1
1022 593 2 3 5
1038 592 3 4 12
67 594 1 1 1
338 594 14 10 89
1054 595 1 1 1
1238 594 3 1 3
1270 595 12 9 56
208 596 1 1 1
535 597 9 13 83
606 597 4 3 6
914 597 106 53 1513
1205 596 3 1 3
1727 596 5 4 16
155 599 1 2 2
395 598 10 12 92
1034 598 4 7 13
1153 598 2 2 4
1208 598 1 1 1
1556 599 1 1 1
22 601 2 2 2
309 601 11 10 57
459 601 3 2 4
738 600 4 6 21
1259 600 2 12 12
1637 601 5 2 6
114 603 2 1 2
132 602 9 5 35
774 603 4 7 21
986 602 3 3 7
1012 602 1 2 2
1142 602 3 9 20
1328 602 1 1 1
111 605 1 1 1
857 605 5 6 24
889 605 3 3 6
1043 605 1 2 2
1117 605 14 10 52
1808 605 2 1 2
108 606 2 2 2
611 607 1 1 1
679 606 1 1 1
1059 607 1 1 1
1104 607 4 2 6
1211 607 2 1 2
1279 607 3 2 5
1486 607 9 6 28
122 608 37 14 172
567 609 6 12 45
1197 609 1 1 1
1248 608 1 1 1
168 611 7 3 12
1092 611 2 4 8
499 612 1 1 1
591 612 3 6 9
637 612 1 1 1
737 612 1 1 1
1282 612 5 2 8
492 615 1 1 1
545 615 1 1 1
761 614 1 1 1
1228 614 1 1 1
448 616 6 7 36
869 616 1 1 1
1099 616 6 8 20
1116 617 1 1 1
248 618 9 7 50
645 619 1 1 1
318 620 7 6 36
380 621 11 12 101
787 620 2 3 6
1158 621 3 3 8
1221 620 1 5 5
854 622 9 8 34
1291 622 13 4 17
1378 622 1 1 1
1534 622 2 1 2
1590 622 20 18 252
1812 623 10 11 44
68 625 5 2 5
406 625 2 1 2
222 627 19 14 133
611 627 1 1 1
759 627 6 6 22
1114 626 2 3 6
1349 627 2 1 2
1551 627 27 24 451
341 628 6 6 29
777 628 4 5 16
1172 628 1 2 2
1486 629 2 2 3
1736 629 1 1 1
547 630 7 12 66
864 630 4 7 28
1137 631 10 6 24
1737 631 3 2 4
915 633 1 1 1
1200 632 2 1 2
1470 632 17 15 214
274 634 7 11 41
432 635 5 5 19
751 635 2 1 2
908 634 1 1 1
1055 635 1 1 1
1824 635 1 1 1
464 636 8 12 63
1259 637 42 36 673
1700 637 1 1 1
447 639 1 1 1
1129 638 6 11 53
1327 639 19 19 290
738 640 3 3 9
1025 641 6 10 54
1371 641 2 2 3
1719 641 3 1 3
730 643 1 1 1
402 644 2 2 4
1185 644 1 1 1
203 646 3 2 3
601 647 2 2 2
643 647 2 2 3
1361 647 1 1 1
1826 647 6 12 19
244 649 8 7 43
747 649 3 4 9
894 648 8 9 59
982 649 7 8 44
1099 648 6 1 6
1389 649 1 1 1
1522 648 2 2 3
376 651 1 2 2
543 651 15 7 57
811 651 3 5 13
840 650 3 4 10
1212 650 2 2 3
268 652 4 4 13
364 653 9 9 71
825 653 2 3 6
1042 652 5 8 25
1356 652 1 1 1
183 654 2 2 3
782 655 2 1 2
939 655 1 3 3
999 654 26 43 538
1186 655 2 2 3
1486 654 21 15 194
6 657 2 1 2
75 657 1 1 1
801 657 3 4 9
286 659 8 9 27
385 659 2 2 3
456 659 18 19 155
715 659 10 3 15
850 659 3 3 7
1119 659 2 3 6
1737 658 3 1 3
388 661 1 1 1
605 661 3 2 4
960 661 5 5 17
1243 660 2 2 2
127 663 7 4 20
1084 662 13 8 32
1666 663 20 17 266
1751 663 1 1 1
748 664 3 4 12
1115 665 2 2 3
1407 664 4 2 5
1516 665 1 1 1
391 667 2 1 2
446 667 1 2 2
895 667 6 10 55
1184 666 5 2 6
1251 666 2 1 2
1317 667 1 2 2
342 669 1 1 1
573 668 1 3 3
638 669 1 1 1
742 669 2 1 2
1273 669 2 2 3
1437 668 16 19 193
1773 668 2 1 2
140 671 8 3 13
656 671 1 1 1
756 670 28 21 235
839 671 4 4 11
645 673 1 1 1
1136 673 4 3 8
1244 672 1 2 2
1524 672 3 2 4
1629 672 3 3 5
1716 672 2 2 3
628 674 5 5 22
801 675 14 20 211
973 674 2 3 4
1118 675 2 2 4
1211 674 1 1 1
1466 675 5 5 21
1806 675 1 1 1
174 677 2 2 3
394 676 10 15 134
712 676 1 1 1
1209 676 2 1 2
1308 677 9 4 25
1703 676 2 1 2
1808 676 2 1 2
303 678 7 6 38
326 679 5 12 25
377 679 7 5 25
859 679 2 3 5
1073 679 25 38 545
1166 679 30 32 461
1354 678 2 1 2
610 680 4 2 8
944 681 1 1 1
1035 681 3 8 12
1393 681 12 12 111
856 683 1 4 4
901 682 7 9 54
941 683 1 2 2
959 683 1 2 2
1121 682 4 4 13
1478 683 22 24 373
1710 682 20 21 265
594 685 1 2 2
1151 685 1 1 1
1546 685 3 2 3
513 686 1 1 1
744 686 2 2 3
1070 686 1 1 1
1146 686 1 1 1
1614 686 27 24 421
247 689 4 3 9
951 688 1 1 1
1213 689 40 31 767
1300 688 16 18 74
1598 688 3 2 5
77 691 3 1 3
118 691 1 2 2
313 690 1 1 1
460 691 6 6 31
1776 690 3 2 4
486 694 11 8 73
537 694 1 3 3
662 695 1 1 1
746 695 1 1 1
773 694 22 11 97
967 694 6 4 12
1106 697 2 3 4
1684 696 1 1 1
168 699 7 6 37
605 698 7 12 53
649 698 1 2 2
1030 699 3 4 9
1124 699 15 4 34
1572 698 3 4 9
147 700 8 8 46
666 700 2 1 2
1417 701 1 1 1
335 702 16 13 138
833 702 3 4 9
984 703 31 31 454
1459 702 1 1 1
764 704 4 5 18
844 704 10 14 79
1463 704 3 3 6
1742 704 1 2 2
875 706 2 3 5
953 706 4 4 14
1025 707 2 3 4
1157 706 3 2 5
1196 707 3 8 12
163 709 3 2 6
809 709 14 44 196
931 709 1 1 1
1061 709 12 21 68
1153 708 3 3 9
122 710 5 3 11
179 710 7 3 17
519 710 2 1 2
736 711 4 5 16
758 711 2 2 3
1265 711 2 1 2
1130 712 2 2 4
1423 713 19 13 119
30 714 1 1 1
217 715 7 5 21
363 714 18 21 196
616 714 1 2 2
1503 714 17 18 217
1779 715 8 3 18
465 717 2 2 3
713 717 433 264 29814
882 717 7 7 34
1137 717 1 1 1
1334 716 1 1 1
318 719 2 1 2
532 718 1 1 1
569 719 3 3 5
702 719 13 8 67
966 718 2 2 4
1151 718 2 1 2
1208 719 9 1 9
1559 718 5 3 10
103 721 1 1 1
128 720 1 1 1
309 721 7 12 82
391 721 9 16 85
435 720 1 1 1
748 721 3 4 11
979 720 2 2 3
149 723 20 7 49
684 722 6 5 25
762 722 2 3 4
924 723 1 2 2
1024 723 2 12 14
1564 722 1 1 1
1800 722 3 2 5
458 725 6 23 109
537 725 9 7 42
727 724 2 2 4
1335 725 1 1 1
1581 725 2 2 3
1790 724 5 4 8
412 727 3 3 6
440 726 4 2 7
694 727 3 1 3
1085 726 2 2 3
1668 727 82 37 1651
838 728 1 2 2
944 728 6 7 30
1336 728 1 1 1
565 731 6 6 27
901 731 1 2 2
101 733 10 5 27
531 733 1 1 1
1139 732 4 9 21
1210 732 1 1 1
1230 733 3 1 3
1561 732 2 1 2
548 734 6 6 33
1033 735 3 4 10
1088 734 6 7 34
1126 734 1 1 1
1271 735 12 4 18
860 736 1 1 1
932 736 1 2 2
1056 736 2 4 7
1189 736 3 1 3
161 739 19 7 58
270 738 1 1 1
301 738 7 4 23
355 739 1 1 1
670 738 1 1 1
1368 738 14 15 149
1457 739 8 3 17
1755 739 7 4 17
35 741 1 2 2
334 740 11 5 35
474 741 1 1 1
1166 740 2 2 4
1805 740 35 22 466
1031 742 21 25 226
1298 742 16 21 185
1392 742 4 3 6
508 745 9 9 62
732 744 12 3 16
939 745 1 1 1
1466 744 5 5 21
1603 745 2 1 2
1767 745 2 2 2
148 746 3 3 6
1447 747 10 12 48
712 749 13 12 104
983 748 14 16 168
1172 748 7 8 21
1232 749 4 3 9
217 751 1 1 1
302 751 1 1 1
346 751 6 6 30
388 751 10 8 64
755 750 2 3 6
1083 750 2 2 3
1272 751 2 2 3
1477 751 1 1 1
1015 752 2 2 4
1197 752 5 7 21
1489 753 1 1 1
1549 752 29 30 610
1795 753 1 1 1
933 755 17 32 329
1351 754 3 2 4
1427 755 5 4 17
104 757 1 1 1
256 757 3 2 4
267 757 14 6 34
570 756 1 1 1
669 757 2 2 4
759 756 3 2 4
1165 757 1 2 2
1330 757 3 1 3
1349 756 1 1 1
93 759 4 3 12
449 759 1 1 1
551 758 9 9 38
766 758 2 3 6
1075 758 2 2 4
1272 759 14 21 149
903 761 6 7 30
174 765 5 3 12
248 765 3 2 3
736 765 2 3 6
998 764 2 3 6
1360 765 1 1 1
289 766 4 3 11
541 767 2 1 2
1072 766 2 2 4
1535 766 5 3 9
456 768 5 4 17
478 768 1 1 1
635 768 1 1 1
972 769 2 2 4
1405 768 3 4 9
314 770 1 1 1
423 770 7 7 38
476 770 1 1 1
497 771 5 4 17
625 771 1 2 2
671 771 4 3 11
1009 770 13 8 39
1341 771 1 1 1
1372 771 1 1 1
1519 771 1 1 1
1652 771 17 21 248
1792 771 1 2 2
1800 770 1 1 1
136 773 1 1 1
712 773 2 3 6
1069 772 1 2 2
1491 773 1 1 1
301 774 4 11 17
562 774 6 6 30
965 775 4 4 15
980 774 5 5 17
1094 775 1 2 2
199 777 2 1 2
250 776 6 4 14
368 776 9 7 43
753 777 2 3 5
876 776 6 7 35
928 777 1 1 1
1006 776 1 1 1
1363 776 6 4 18
147 779 1 1 1
226 778 1 1 1
895 779 14 9 59
1339 778 1 1 1
1444 779 22 18 201
322 781 3 3 7
574 780 1 1 1
620 781 2 2 4
1193 780 4 3 6
1472 781 1 1 1
1624 781 17 14 148
485 782 1 1 1
625 783 5 5 20
921 782 2 2 4
1057 782 1 2 2
1376 782 2 2 4
1418 783 2 1 2
189 784 7 4 20
536 784 1 1 1
1017 785 1 2 2
1776 785 49 35 984
421 787 8 11 75
529 786 1 1 1
973 787 1 1 1
1072 787 2 2 4
1085 787 1 1 1
99 789 4 3 9
521 788 2 1 2
965 789 1 1 1
1153 788 6 4 12
1501 789 3 2 4
269 790 1 1 1
705 790 1 1 1
864 790 3 4 8
951 791 1 1 1
1023 790 16 17 190
1300 791 1 1 1
1334 791 6 3 10
1424 790 1 1 1
1489 790 2 1 2
1066 793 1 1 1
1194 793 1 1 1
1685 793 1 1 1
469 795 4 5 18
1005 794 1 2 2
1145 795 3 3 6
1275 794 34 27 529
1308 795 2 1 2
1535 795 2 2 3
53 796 6 3 13
363 797 15 8 67
552 797 11 16 91
588 796 1 1 1
927 797 1 2 2
1382 796 1 1 1
1396 796 19 33 475
1470 797 3 4 8
1691 797 1 1 1
338 799 1 1 1
539 798 1 1 1
622 799 1 1 1
1349 799 2 2 3
1441 798 2 1 2
1521 799 3 3 7
1592 798 1 2 2
263 800 1 1 1
581 801 1 1 1
618 800 1 1 1
981 801 38 22 184
1366 801 5 3 11
1714 800 32 25 623
8 802 15 9 93
497 802 3 2 5
661 802 13 17 150
1478 803 1 1 1
1609 802 4 3 10
1627 805 3 2 5
1752 804 1 2 2
412 807 1 1 1
602 807 1 1 1
974 807 1 1 1
1621 807 5 3 14
1687 806 18 15 201
1759 806 1 1 1
32 809 2 2 3
417 808 7 7 41
708 808 4 3 8
1142 808 4 3 8
1170 808 1 1 1
1181 808 2 1 2
1197 809 2 2 2
575 811 1 1 1
932 810 1 1 1
1051 811 1 2 2
223 812 1 1 1
595 813 3 3 7
953 812 1 1 1
1238 813 1 2 2
1359 813 1 1 1
1537 812 2 2 4
1066 815 1 1 1
280 817 2 1 2
330 816 1 1 1
350 817 10 3 14
473 819 1 1 1
925 819 1 1 1
956 818 2 2 2
1163 818 7 3 11
1212 818 2 2 3
138 821 2 1 2
382 821 4 2 6
1313 821 1 1 1
1332 821 40 33 503
205 822 5 3 12
241 822 7 5 22
495 823 3 1 3
562 823 8 15 63
596 823 8 5 26
702 822 2 3 5
1171 822 2 1 2
1614 823 2 1 2
157 825 2 2 3
173 825 1 1 1
835 824 3 3 9
1136 825 25 28 308
1180 824 20 27 99
290 826 3 2 5
340 826 8 8 54
1487 826 1 2 2
1525 827 1 1 1
1585 827 6 3 11
441 828 2 2 4
1309 829 2 2 4
124 830 4 3 6
653 831 1 1 1
1022 830 1 4 4
1256 830 2 2 2
1033 832 2 3 5
1175 833 1 1 1
1380 833 37 34 555
1492 832 2 2 2
1597 832 5 4 12
1615 833 28 18 263
1684 832 5 1 5
187 834 4 3 7
413 835 1 1 1
480 834 4 4 13
617 834 26 42 449
651 835 1 1 1
929 834 1 2 2
1027 835 2 2 4
1284 834 14 6 33
1546 835 1 1 1
216 837 2 3 5
504 836 4 3 9
1467 836 16 26 189
1515 837 1 1 1
1517 836 1 1 1
1553 837 5 3 9
414 839 8 8 56
968 838 2 4 5
1003 839 1 3 3
1179 839 1 1 1
1222 838 1 1 1
1431 839 1 2 2
86 840 7 7 15
102 840 1 1 1
123 841 4 3 6
235 841 5 4 17
287 841 1 1 1
523 841 14 11 108
570 840 9 4 21
1015 841 1 1 1
1359 841 1 1 1
181 843 6 3 15
317 842 13 23 213
458 842 3 3 8
967 843 23 29 259
1246 843 20 9 100
1437 842 21 23 376
1492 843 16 4 20
380 844 5 4 15
1314 844 1 1 1
1377 844 3 2 4
936 846 4 5 17
1665 846 18 15 197
1821 847 1 1 1
552 849 3 3 5
657 849 3 1 3
701 848 2 3 6
1131 849 4 1 4
1280 849 31 25 318
1585 848 3 2 5
1759 849 1 1 1
250 850 3 2 5
481 850 6 5 17
1018 851 2 3 4
1319 851 2 2 3
463 852 1 1 1
686 853 2 3 5
1517 852 1 1 1
76 854 2 1 2
388 855 5 4 15
864 855 4 5 13
1009 854 4 5 11
164 857 11 2 19
259 856 7 6 34
1519 856 5 5 11
1555 857 4 4 12
361 859 5 4 12
1146 859 2 1 2
1538 859 1 1 1
1646 859 1 1 1
1774 859 3 2 4
409 860 1 2 2
496 861 7 8 43
564 860 1 1 1
700 860 10 4 23
942 861 1 1 1
1149 860 3 4 11
1242 860 3 11 16
1261 860 1 1 1
1648 860 4 3 7
298 862 1 1 1
418 862 1 1 1
520 863 5 3 11
565 863 3 2 5
944 862 1 1 1
1173 862 4 3 7
1216 862 1 1 1
1318 862 2 1 2
1708 863 1 1 1
1784 862 11 8 60
196 864 5 3 8
292 865 2 1 2
1158 865 5 4 14
1539 865 2 2 2
1711 865 3 2 5
340 866 11 6 43
433 867 5 4 7
448 866 22 21 148
1000 867 1 1 1
1186 867 1 1 1
1272 867 5 16 44
1510 867 2 1 2
165 868 1 1 1
713 869 1 1 1
1010 868 1 1 1
1476 869 1 1 1
279 871 3 11 13
724 871 1 1 1
945 871 2 2 3
962 871 3 4 12
1259 871 1 1 1
1377 871 6 3 7
142 873 3 2 4
224 872 2 2 2
989 873 1 2 2
1203 872 1 1 1
1221 873 5 4 13
1235 872 7 4 16
39 875 3 3 6
646 875 2 3 6
674 875 4 11 24
1207 874 1 1 1
1655 875 6 4 10
1694 875 31 30 501
1822 875 7 5 16
325 876 1 1 1
1306 877 42 39 579
1531 876 4 8 20
200 878 6 10 36
234 879 7 7 38
546 879 14 13 99
1414 878 1 1 1
1584 879 19 17 220
401 881 8 7 27
429 881 6 11 42
621 881 1 1 1
1186 880 1 2 2
1405 881 3 4 8
1766 880 18 8 89
257 883 3 3 7
1151 883 1 1 1
1194 882 5 5 11
1357 882 16 12 44
726 884 2 2 4
960 884 4 5 16
1207 885 3 3 7
1386 885 12 11 96
1418 884 4 3 11
41 887 2 1 2
669 886 1 1 1
715 887 3 3 7
943 887 1 2 2
950 886 1 1 1
1156 886 17 18 221
1256 886 2 4 8
114 888 1 1 1
121 889 5 3 13
324 889 6 6 28
357 888 3 3 6
683 888 2 2 4
1141 888 1 1 1
1452 889 2 1 2
504 890 3 3 9
1115 891 1 1 1
1636 890 2 2 3
521 893 1 1 1
594 892 10 4 24
638 892 2 2 3
1248 892 5 3 9
1280 893 5 4 13
750 895 1 1 1
147 897 1 1 1
434 897 11 17 116
1221 896 1 1 1
162 898 6 6 21
815 899 7 13 40
1224 899 23 31 339
1254 899 8 8 54
1659 899 16 17 167
46 900 4 4 11
229 901 1 2 2
293 901 2 1 2
508 900 9 1 9
711 901 2 2 4
109 903 6 3 12
121 902 1 1 1
1202 902 15 14 139
1546 903 6 5 24
1559 903 5 3 10
151 904 6 6 30
238 904 4 2 4
388 904 4 8 19
485 904 3 3 7
713 905 3 4 9
1146 904 4 4 12
1769 905 1 1 1
288 907 1 2 2
664 906 2 3 5
675 907 11 5 19
836 907 1 1 1
1183 907 2 3 4
1287 907 2 2 3
1454 906 2 1 2
189 908 3 2 4
491 908 3 2 4
690 908 1 1 1
1274 908 1 1 1
1394 909 13 14 138
1462 909 1 1 1
1509 910 12 12 88
327 912 5 4 13
1464 912 1 1 1
300 914 1 1 1
442 915 6 5 18
1173 915 1 1 1
255 917 3 1 3
268 917 2 2 4
1193 916 3 3 5
145 919 4 3 9
383 918 2 2 2
547 918 4 5 19
788 918 24 26 269
1310 918 75 59 1367
43 921 1 1 1
204 920 8 7 30
263 920 1 1 1
488 921 6 6 31
526 921 1 1 1
622 920 4 3 9
1383 920 8 15 59
553 923 4 2 7
658 922 2 2 3
724 923 3 1 3
816 923 6 8 40
1563 922 1 1 1
142 925 3 3 7
239 924 4 5 12
1187 924 1 1 1
1366 925 1 1 1
1476 925 1 1 1
1498 925 3 3 5
561 927 1 1 1
675 927 1 3 3
1266 926 2 3 5
1361 927 1 1 1
1421 927 2 1 2
133 928 1 1 1
157 928 3 3 9
187 928 6 5 18
706 929 1 2 2
740 928 1 2 2
841 928 5 6 23
1543 929 1 2 2
1630 928 2 2 4
155 931 1 1 1
458 930 7 8 47
688 930 12 14 143
1484 931 2 2 4
1601 931 23 21 221
1826 931 2 1 2
10 933 4 4 9
273 933 3 2 4
544 933 5 5 20
592 932 4 4 8
1121 932 3 2 5
880 934 1 1 1
1172 934 14 13 84
1264 935 1 1 1
1567 934 5 9 24
1682 935 9 7 29
243 936 2 2 4
355 936 2 3 4
436 936 1 1 1
1150 937 5 12 22
1210 937 4 1 4
1247 937 7 5 12
1406 936 3 2 4
1473 937 3 3 7
300 939 5 4 13
444 938 17 22 163
666 939 19 15 169
1422 939 1 1 1
1797 938 5 3 9
32 940 2 2 3
74 940 2 4 6
362 941 15 5 46
822 941 1 1 1
1234 940 5 3 12
1285 941 1 1 1
1742 940 1 1 1
191 942 3 2 4
752 943 1 1 1
1291 942 16 18 85
1382 942 2 1 2
1501 942 3 4 6
171 945 3 2 4
470 944 15 13 96
549 944 5 4 18
775 945 2 2 3
883 944 1 1 1
1708 944 1 1 1
1718 944 8 5 15
931 946 1 2 2
1223 947 19 15 162
1480 947 1 1 1
294 949 1 2 2
427 949 3 3 6
704 949 5 3 7
1507 948 29 26 525
117 951 3 2 6
562 950 7 11 25
760 951 3 2 4
1638 951 11 14 49
274 953 1 1 1
358 953 2 2 4
521 953 5 5 18
876 953 19 11 121
946 953 4 6 14
1108 952 1 1 1
1197 953 1 1 1
1405 952 1 2 2
1701 953 22 19 295
1825 952 1 1 1
588 954 4 4 9
929 955 1 1 1
1497 955 4 3 6
57 956 1 1 1
184 956 1 1 1
230 956 6 4 18
663 956 4 11 16
701 957 21 16 127
912 957 1 1 1
1147 956 1 2 2
600 958 3 4 10
817 959 3 3 6
848 958 1 1 1
1382 958 76 63 1449
1782 958 6 4 13
263 960 1 1 1
541 961 4 4 14
682 960 2 2 4
729 960 3 3 4
804 961 1 3 3
1479 961 12 8 33
513 962 2 2 3
753 963 1 1 1
994 963 1 2 2
1184 963 35 18 267
1616 962 2 1 2
1672 962 1 1 1
270 964 1 1 1
942 964 1 1 1
1009 965 1 2 2
515 967 1 1 1
557 966 2 2 3
756 966 1 2 2
779 967 19 18 136
913 967 2 3 6
1263 967 1 1 1
1618 967 3 2 4
1821 967 2 2 2
433 969 1 1 1
446 969 1 1 1
451 969 13 17 81
894 968 1 1 1
989 969 1 1 1
1092 969 6 5 13
1230 968 1 1 1
1825 969 3 4 5
332 970 16 9 70
671 971 3 2 4
684 971 10 4 15
1294 971 1 1 1
1469 971 1 1 1
933 973 1 2 2
1254 972 5 3 7
409 975 3 4 9
512 975 2 2 4
634 975 2 3 5
764 974 4 13 34
47 976 1 1 1
808 977 2 2 3
902 976 3 4 11
1237 976 1 1 1
1332 976 23 22 173
1562 977 2 1 2
1599 977 2 2 4
379 978 4 2 5
432 978 1 2 2
469 979 6 12 38
678 978 1 1 1
738 979 19 25 211
876 978 3 4 10
921 979 1 1 1
1161 978 3 2 4
83 980 1 1 1
629 981 2 1 2
990 981 12 15 93
1119 981 3 2 3
1170 981 1 1 1
1506 981 2 2 3
1554 980 4 3 12
1638 980 6 6 29
1669 981 1 1 1
163 983 1 1 1
299 982 1 1 1
596 983 1 1 1
1075 982 14 17 164
1109 983 1 1 1
1243 983 1 1 1
1572 982 1 1 1
262 985 2 1 2
362 984 6 7 35
400 984 3 2 4
905 984 10 27 121
1655 985 1 1 1
1715 985 1 1 1
265 987 1 1 1
603 987 1 1 1
689 986 9 10 71
773 987 2 6 7
928 986 1 2 2
955 986 9 2 18
1255 986 6 8 41
1273 986 1 1 1
1592 986 1 1 1
1630 987 2 2 3
1727 987 4 2 5
525 989 2 1 2
980 988 1 1 1
1052 988 3 4 10
1373 989 2 2 3
1551 988 3 4 8
1695 988 3 2 5
45 990 1 2 2
457 991 1 1 1
840 990 32 23 232
1293 991 3 3 5
1293 991 25 44 421
1329 990 1 1 1
1789 990 1 2 2
156 992 1 1 1
358 993 4 5 16
441 992 2 3 4
542 993 1 1 1
1064 993 1 1 1
1461 993 1 1 1
1605 993 13 5 23
1742 993 12 3 13
1826 992 6 6 24
192 994 5 8 14
375 995 1 1 1
480 994 5 4 15
512 995 2 1 2
882 995 9 26 102
1123 995 1 1 1
1185 994 1 1 1
1247 994 5 6 21
1367 995 3 2 5
298 997 2 2 3
347 997 1 1 1
399 996 2 1 2
428 996 10 7 48
934 996 13 15 96
1032 996 1 1 1
1170 997 14 4 42
1488 996 1 1 1
1112 999 2 2 2
1208 998 7 16 43
1471 999 2 1 2
74 1000 6 5 21
319 1000 1 1 1
328 1001 5 5 15
369 1000 1 1 1
595 1000 3 4 10
1269 1001 1 1 1
1429 1000 27 16 178
1561 1001 2 1 2
1675 1001 3 2 3
238 1003 4 4 14
619 1003 1 1 1
710 1003 8 10 63
1019 1002 2 2 4
108 1005 3 1 3
607 1004 2 2 3
795 1004 7 10 60
1235 1004 1 1 1
1687 1005 25 21 309
1783 1005 3 3 6
1818 1004 3 3 7
204 1007 1 1 1
136 1008 1 1 1
612 1008 2 1 2
774 1008 2 3 4
1222 1008 1 2 2
1316 1008 37 56 632
1482 1008 8 3 9
473 1010 7 6 29
829 1010 1 1 1
1179 1011 11 21 53
1423 1011 1 1 1
1463 1010 1 1 1
1764 1010 2 2 3
1789 1011 3 2 5
385 1013 2 1 2
428 1013 2 2 4
677 1012 1 2 2
1107 1012 11 10 76
1760 1012 1 1 1
190 1015 1 2 2
326 1015 2 2 3
379 1015 2 1 2
518 1015 6 12 48
752 1014 2 2 3
928 1014 7 16 69
165 1016 17 9 45
626 1017 2 2 3
1146 1017 2 2 3
1166 1016 2 1 2
1193 1017 1 1 1
1245 1016 1 2 2
1260 1016 26 13 132
1518 1017 1 1 1
123 1018 4 8 13
259 1019 2 2 3
320 1019 2 2 4
460 1019 1 1 1
647 1018 1 1 1
1827 1018 4 4 12
139 1020 8 7 37
418 1020 3 3 7
447 1020 12 14 114
987 1020 1 1 1
1030 1021 1 1 1
1239 1021 1 1 1
1253 1020 1 1 1
1434 1020 4 3 11
1467 1021 1 1 1
1478 1021 1 1 1
243 1023 1 1 1
365 1022 5 6 22
587 1022 2 2 4
878 1023 1 1 1
1530 1023 42 27 445
1584 1022 2 2 4
1775 1023 22 16 107
592 1025 1 1 1
632 1025 3 4 10
666 1025 1 1 1
776 1024 1 1 1
1442 1025 1 1 1
129 1027 4 3 10
251 1026 6 10 21
316 1026 1 1 1
509 1027 6 5 22
614 1026 5 3 12
769 1027 3 2 6
851 1027 3 4 10
863 1027 3 6 15
992 1027 12 12 64
1370 1027 13 14 117
1452 1026 12 13 132
1472 1027 4 6 16
1602 1026 2 1 2
148 1028 6 3 14
740 1028 10 19 87
961 1029 1 1 1
1408 1029 15 6 30
984 1031 1 1 1
344 1033 1 1 1
667 1032 2 2 3
890 1033 12 5 22
919 1033 1 2 2
1393 1032 7 3 15
1055 1035 3 4 8
1253 1034 1 1 1
1359 1034 1 1 1
1530 1035 1 2 2
1624 1035 5 6 17
1817 1034 7 4 19
233 1037 2 2 3
365 1037 1 1 1
459 1036 5 4 15
590 1036 2 2 3
834 1037 2 3 4
288 1039 10 17 77
345 1039 3 3 6
1242 1039 29 38 317
1272 1039 7 8 31
1432 1039 64 67 1098
1837 1038 3 7 14
45 1041 3 4 9
162 1040 2 2 3
605 1041 3 2 5
697 1041 3 3 4
718 1040 2 3 4
1192 1040 6 3 10
1464 1041 1 2 2
508 1042 3 10 17
636 1043 1 1 1
671 1042 3 3 5
915 1042 1 1 1
1017 1042 2 3 6
1775 1042 2 2 3
142 1044 2 2 2
417 1044 16 5 35
456 1044 3 4 8
585 1045 3 8 16
793 1044 1 1 1
1187 1045 1 1 1
1289 1044 18 25 205
788 1046 2 2 2
1142 1047 1 1 1
1326 1046 3 1 3
1756 1046 2 1 2
51 1049 3 2 5
370 1049 2 1 2
391 1048 3 3 5
667 1048 2 2 4
712 1049 5 3 7
787 1049 1 3 3
1418 1049 4 2 6
1523 1048 10 8 58
1704 1049 4 1 4
90 1051 3 3 6
161 1050 1 1 1
648 1050 1 1 1
730 1051 9 11 76
1069 1050 12 13 120
1590 1050 2 1 2
1743 1050 2 2 3
1801 1051 3 5 8
189 1052 3 4 5
480 1053 3 4 9
759 1052 2 2 4
902 1052 1 1 1
216 1055 4 3 10
434 1054 4 4 15
755 1055 1 1 1
843 1054 2 9 17
1751 1054 2 2 3
75 1057 5 4 15
129 1057 1 1 1
146 1056 1 1 1
314 1057 4 4 12
620 1056 1 1 1
808 1057 1 2 2
815 1056 1 1 1
867 1056 1 1 1
955 1057 1 1 1
219 1059 9 20 53
297 1058 1 1 1
396 1059 1 2 2
770 1058 3 4 11
1010 1058 3 4 10
1552 1058 1 1 1
1562 1059 7 5 19
515 1060 9 13 49
583 1060 2 3 6
914 1060 18 10 64
1042 1060 3 5 12
1159 1061 1 1 1
1538 1061 6 4 15
1586 1061 25 26 355
334 1062 2 1 2
661 1062 9 3 19
980 1063 1 1 1
82 1065 1 1 1
163 1065 1 1 1
603 1064 1 1 1
613 1064 4 3 9
742 1065 1 2 2
789 1065 1 2 2
818 1064 1 1 1
1174 1065 1 2 2
1718 1064 2 1 2
1721 1065 1 1 1
107 1066 3 4 9
965 1066 3 5 10
1034 1066 1 1 1
293 1069 1 1 1
441 1069 1 1 1
633 1069 3 3 6
703 1069 3 3 9
1550 1068 1 1 1
878 1070 2 3 6
1141 1070 1 1 1
1218 1071 1 1 1
1324 1071 1 1 1
1753 1070 2 2 3
1780 1070 1 2 2
346 1073 2 2 3
419 1073 18 10 73
478 1073 3 4 6
545 1072 1 1 1
605 1072 2 9 11
665 1072 16 13 69
722 1073 11 8 34
1006 1073 1 1 1
1228 1073 6 19 54
1532 1073 8 4 23
58 1075 1 1 1
276 1075 2 2 3
700 1075 1 1 1
905 1074 1 1 1
954 1074 1 1 1
1121 1074 1 2 2
1274 1074 1 1 1
1326 1075 11 12 117
1396 1074 1 2 2
1635 1075 2 2 3
1704 1075 5 5 16
200 1076 2 2 3
352 1076 5 5 21
388 1076 1 1 1
499 1076 4 4 11
1022 1076 1 2 2
304 1079 3 3 7
634 1079 10 10 66
925 1079 6 7 12
1048 1078 7 5 11
1372 1078 1 1 1
1510 1078 12 20 66
1673 1078 2 2 2
1824 1079 1 1 1
252 1080 1 1 1
462 1080 4 1 4
753 1081 2 1 2
861 1080 1 1 1
974 1080 1 1 1
1727 1081 2 2 4
1771 1081 26 14 134
1819 1080 1 1 1
19 1083 2 4 7
526 1083 2 1 2
579 1083 2 2 3
824 1083 2 2 3
1196 1082 1 1 1
1275 1083 1 2 2
1408 1082 9 9 54
1831 1083 1 1 1
782 1084 33 22 172
1151 1084 1 1 1
1346 1084 2 2 3
1363 1084 3 9 12
440 1086 11 13 53
481 1086 1 1 1
503 1087 3 3 9
611 1086 1 1 1
980 1087 11 9 56
1047 1087 1 1 1
1101 1086 1 1 1
1290 1087 14 16 38
1692 1086 2 1 2
31 1089 5 3 9
631 1089 1 1 1
755 1089 1 2 2
1320 1089 5 9 14
1428 1088 15 15 166
559 1091 1 1 1
618 1091 2 2 4
700 1090 1 1 1
731 1090 1 1 1
1066 1090 6 3 11
1251 1091 2 3 5
1609 1090 9 18 92
1698 1091 3 4 8
344 1092 4 7 23
684 1093 1 2 2
704 1093 6 12 48
871 1093 2 3 4
890 1092 15 15 114
334 1094 1 2 2
746 1094 2 1 2
1801 1094 1 1 1
374 1096 9 4 14
393 1096 1 1 1
520 1097 3 3 8
656 1097 1 2 2
855 1096 6 8 40
1245 1096 2 3 6
1645 1097 1 1 1
137 1099 1 1 1
247 1099 1 1 1
470 1099 20 16 92
721 1099 2 2 4
1124 1098 4 4 9
1359 1099 1 1 1
1765 1099 7 10 43
296 1101 3 2 5
591 1101 3 3 6
686 1101 2 2 4
769 1101 2 4 5
1007 1101 1 1 1
1027 1100 5 11 25
1184 1100 1 1 1
1409 1101 5 4 12
422 1102 1 2 2
434 1103 1 1 1
728 1103 3 3 7
1343 1102 3 9 12
47 1105 1 1 1
342 1104 1 1 1
556 1105 3 2 5
645 1105 1 1 1
877 1105 2 2 3
1158 1105 2 2 2
1421 1105 3 2 5
294 1106 2 2 2
376 1107 3 3 5
837 1107 2 7 9
188 1108 1 1 1
282 1108 7 7 35
393 1109 3 2 5
651 1109 1 1 1
779 1108 1 2 2
450 1110 1 1 1
1210 1110 1 1 1
1263 1111 15 10 119
1365 1110 1 1 1
1377 1111 1 1 1
1473 1111 10 10 70
726 1113 1 1 1
789 1112 1 1 1
1002 1113 1 1 1
1508 1112 1 1 1
132 1115 2 2 4
419 1114 1 1 1
828 1114 2 6 12
1011 1115 7 10 51
1812 1115 1 1 1
290 1117 15 7 29
454 1116 2 3 5
525 1117 2 3 4
631 1117 1 9 9
762 1116 2 2 4
950 1117 1 1 1
1330 1117 1 1 1
1513 1117 7 5 22
1567 1116 1 4 4
1635 1117 5 6 15
1715 1116 1 2 2
1773 1116 3 2 6
152 1118 1 1 1
264 1119 4 7 13
396 1118 5 5 17
582 1119 3 3 4
1343 1118 1 1 1
1616 1119 1 1 1
150 1120 1 2 2
378 1121 1 1 1
493 1120 3 3 6
554 1121 2 2 3
671 1120 1 1 1
731 1120 8 11 63
1039 1121 2 1 2
1158 1120 3 2 4
1254 1121 32 34 386
1388 1121 16 17 181
1781 1121 8 2 14
121 1123 3 2 4
833 1123 1 1 1
1318 1123 8 6 36
1446 1122 5 9 23
141 1124 3 2 6
428 1124 1 1 1
465 1125 17 18 72
503 1125 3 3 9
565 1124 1 1 1
803 1124 7 12 60
385 1127 3 3 8
535 1126 1 2 2
645 1127 1 1 1
687 1126 1 1 1
748 1127 2 2 3
786 1127 4 7 17
1000 1126 2 3 6
1675 1127 4 3 10
1728 1127 3 3 8
215 1128 3 1 3
342 1129 5 4 12
580 1129 1 1 1
890 1129 2 3 5
1436 1129 2 3 4
1538 1128 7 5 18
170 1130 3 2 4
564 1131 1 1 1
703 1130 1 1 1
920 1131 1 1 1
1359 1131 22 11 154
1586 1131 1 2 2
665 1132 1 1 1
988 1133 1 1 1
1415 1133 2 2 3
155 1135 3 2 4
547 1135 7 10 51
565 1135 1 1 1
651 1134 1 5 5
753 1135 4 6 15
865 1135 1 1 1
989 1135 2 3 5
1161 1135 1 1 1
1192 1135 3 2 6
1467 1134 12 35 168
310 1137 1 1 1
312 1136 1 1 1
375 1136 4 3 6
482 1137 1 2 2
636 1136 1 1 1
797 1137 1 1 1
1058 1137 8 12 66
1300 1136 12 15 63
631 1139 4 4 12
701 1139 17 7 28
773 1139 4 9 12
1199 1139 3 2 4
389 1141 1 1 1
1430 1141 4 4 10
1696 1141 2 2 4
0 1143 7 14 68
185 1143 10 6 20
496 1142 1 1 1
738 1143 15 13 78
1579 1142 1 1 1
278 1145 1 1 1
661 1144 1 1 1
833 1144 1 1 1
948 1145 6 12 32
1016 1144 1 1 1
1581 1144 11 15 40
1806 1144 2 6 7
407 1147 4 3 7
936 1147 2 2 2
980 1146 1 1 1
1387 1146 3 2 5
1604 1147 14 13 117
1661 1147 6 7 26
14 1149 1 1 1
392 1149 2 3 4
511 1148 1 3 3
648 1149 1 1 1
772 1149 1 2 2
1118 1148 12 8 39
1240 1148 3 1 3
16 1150 4 4 10
668 1150 4 3 9
820 1150 1 1 1
1370 1150 13 15 144
1768 1150 1 3 3
276 1152 7 17 51
1222 1152 6 7 33
1312 1153 2 1 2
336 1155 2 1 2
514 1155 5 6 19
546 1155 1 1 1
1286 1154 1 1 1
221 1157 1 1 1
363 1156 1 2 2
988 1156 1 1 1
1158 1157 3 2 4
128 1159 1 2 2
441 1159 1 3 3
487 1158 4 2 6
667 1159 1 1 1
921 1158 5 6 21
1000 1159 1 1 1
1132 1159 16 8 46
1192 1159 7 10 50
74 1161 2 2 3
412 1160 4 4 13
561 1161 14 6 36
1214 1160 2 2 4
1279 1161 2 4 8
320 1162 7 3 10
334 1163 1 1 1
876 1162 1 1 1
1267 1163 1 1 1
1723 1163 15 14 96
171 1165 2 3 3
511 1164 2 3 6
722 1164 1 1 1
708 1166 1 2 2
766 1167 11 11 80
1105 1167 1 1 1
1391 1167 1 1 1
76 1169 3 3 7
265 1169 5 3 7
340 1169 2 2 3
397 1168 9 15 60
533 1168 7 13 29
586 1168 11 5 14
1211 1169 1 1 1
1273 1168 4 3 10
1286 1169 9 10 70
1411 1168 4 4 15
1674 1169 1 1 1
228 1171 3 5 7
667 1171 2 3 5
1334 1170 1 1 1
1568 1170 1 1 1
469 1172 4 13 41
748 1172 2 4 7
898 1172 1 2 2
950 1173 3 3 5
1594 1172 1 1 1
1709 1173 4 5 17
1811 1173 1 1 1
147 1175 7 5 25
432 1175 6 3 13
735 1175 5 6 24
837 1174 2 2 3
851 1174 1 2 2
986 1175 2 1 2
1146 1175 1 1 1
1348 1174 2 1 2
1332 1174 44 22 323
1522 1174 9 7 34
274 1176 27 14 133
555 1177 1 1 1
682 1176 1 1 1
877 1177 11 23 141
1416 1176 6 7 27
1749 1177 1 1 1
216 1178 1 1 1
689 1178 1 1 1
846 1179 1 2 2
519 1180 2 1 2
625 1181 1 1 1
968 1180 2 1 2
1009 1181 1 1 1
1652 1181 2 8 9
1659 1180 1 1 1
1703 1180 2 1 2
1829 1181 4 2 4
48 1183 6 6 18
214 1182 1 1 1
239 1183 1 1 1
574 1183 2 2 2
711 1183 8 10 18
728 1182 2 2 4
1166 1182 1 1 1
1252 1182 9 9 62
1534 1182 2 2 3
1564 1182 1 1 1
483 1184 3 3 5
673 1185 2 2 3
935 1184 2 3 5
981 1184 1 1 1
1000 1184 1 1 1
1161 1185 1 1 1
1188 1185 2 2 3
1271 1185 1 1 1
1424 1185 1 1 1
1473 1185 21 29 325
71 1186 2 1 2
108 1186 1 1 1
472 1187 3 2 5
852 1187 1 1 1
266 1188 2 3 6
439 1189 5 2 10
489 1188 1 1 1
1177 1189 5 8 33
1275 1188 5 4 16
1297 1188 1 2 2
1511 1189 1 1 1
1751 1188 2 2 3
226 1190 1 1 1
354 1190 14 17 95
942 1191 1 3 3
1513 1191 16 16 163
1634 1191 1 1 1
1764 1191 1 1 1
268 1192 1 1 1
771 1192 1 2 2
1264 1192 2 3 6
1602 1193 1 1 1
1770 1192 1 1 1
578 1195 6 3 14
685 1195 1 1 1
805 1194 1 3 3
154 1197 6 5 14
450 1197 3 2 5
643 1197 2 2 3
735 1196 3 6 12
428 1198 1 1 1
707 1198 2 2 3
1453 1199 3 3 7
1732 1199 13 14 52
1829 1198 6 5 14
388 1201 6 6 15
431 1200 1 1 1
705 1200 1 2 2
977 1200 5 2 6
1218 1200 2 1 2
1615 1200 1 1 1
1655 1201 1 1 1
218 1203 4 3 8
510 1203 4 5 12
623 1202 1 1 1
651 1202 1 1 1
1456 1204 11 2 13
172 1207 1 1 1
703 1206 1 1 1
759 1207 1 1 1
1043 1206 1 1 1
1220 1207 1 3 3
343 1208 1 1 1
406 1208 2 2 4
545 1208 1 2 2
951 1208 1 1 1
1274 1209 3 3 7
1407 1209 14 13 96
1546 1208 1 1 1
147 1211 1 1 1
224 1211 1 1 1
239 1210 2 2 3
598 1210 1 2 2
722 1210 7 7 23
1118 1211 9 8 51
1831 1210 1 1 1
141 1212 3 3 5
561 1212 3 5 11
1397 1212 1 1 1
1626 1212 1 2 2
5 1215 2 2 2
50 1215 4 13 20
269 1215 1 1 1
492 1214 1 1 1
930 1215 1 2 2
1235 1215 1 1 1
1259 1214 1 1 1
1488 1215 11 13 116
480 1216 8 7 23
656 1216 1 1 1
1519 1217 1 1 1
1568 1216 1 2 2
1778 1216 15 12 104
1834 1216 6 2 12
609 1218 1 1 1
1366 1218 6 5 15
1510 1218 1 1 1
1562 1219 2 4 6
1725 1218 6 10 35
169 1221 1 1 1
571 1220 1 2 2
1673 1220 1 1 1
308 1223 1 5 5
595 1222 14 6 29
620 1223 1 5 5
781 1222 1 1 1
1082 1222 8 6 41
1509 1222 1 1 1
1696 1223 2 5 9
17 1225 15 3 21
510 1225 1 3 3
825 1225 1 3 3
1576 1225 9 3 14
297 1227 1 1 1
997 1226 2 2 4
1399 1226 2 2 4
1564 1227 1 1 1
1747 1227 1 1 1
