0 0 1840 1228 2127287
568 0 9 13 110
619 0 7 23 101
645 0 36 34 886
690 0 34 39 391
726 0 15 48 200
758 0 53 65 2385
957 0 12 12 94
981 0 1 1 1
914 0 194 132 7289
1156 0 13 18 102
1185 0 14 19 175
1240 0 80 192 6778
1351 0 2 5 9
1358 0 28 109 1072
1388 0 62 203 4076
1536 0 9 29 107
1576 0 100 334 4006
1634 0 5 20 45
1655 0 176 364 8017
1819 0 21 93 365
1066 5 5 14 30
896 9 13 28 162
1323 8 25 22 324
1030 17 4 7 13
1168 19 3 7 15
1293 20 4 6 22
1184 25 61 137 3594
1073 28 8 23 64
1189 28 3 10 16
1287 28 1 1 1
1304 28 6 5 15
1467 30 3 3 6
1559 31 3 2 5
1341 35 2 1 2
1135 36 2 3 4
1273 36 1 1 1
1314 36 6 19 72
1295 39 1 1 1
1131 40 1 2 2
1357 44 1 1 1
1696 50 10 13 101
865 56 3 7 9
876 56 5 14 28
1504 58 6 6 21
904 60 3 3 6
1156 61 26 24 202
1461 60 27 24 376
1724 61 1 2 2
1317 62 46 125 1801
1438 63 5 4 15
831 64 3 5 10
867 73 8 3 17
1122 76 12 17 114
1499 76 4 10 24
1527 82 7 4 13
1184 85 1 1 1
1523 89 1 7 7
679 92 3 4 10
719 93 2 2 4
1537 94 1 3 3
885 98 1 1 1
1647 100 1 3 3
1130 105 1 4 4
763 107 3 4 9
904 106 7 14 36
858 109 3 7 11
1465 110 25 114 607
807 115 4 5 17
979 115 8 6 44
877 116 1 3 3
1520 119 3 9 15
1367 120 15 32 203
975 123 3 6 12
998 122 5 5 18
1118 127 12 6 19
874 130 3 4 11
1444 132 1 7 7
914 137 2 3 5
1504 138 11 92 420
850 142 11 4 16
900 145 9 13 49
1111 147 2 3 5
1172 148 3 3 6
1401 151 1 1 1
1204 152 2 4 8
718 154 3 4 9
865 154 1 1 1
1039 154 9 10 51
1376 156 2 6 9
1531 156 18 51 143
1397 159 4 7 22
1159 160 2 2 4
1355 161 7 30 102
922 163 2 5 8
1234 165 1 1 1
865 168 2 3 5
1246 169 3 4 8
638 173 2 3 5
676 173 5 17 48
933 173 8 10 29
1117 173 1 4 4
1558 173 5 15 40
895 176 8 14 76
1194 176 3 8 19
1605 177 1 1 1
660 178 7 11 37
1231 180 4 9 28
736 182 2 3 5
1280 182 1 4 4
121 185 235 301 16395
1136 187 4 10 25
1180 187 8 4 18
1313 188 12 8 37
1522 189 6 27 57
1399 191 3 4 9
1606 191 1 3 3
892 192 1 2 2
945 192 3 6 12
1360 193 4 7 25
1048 196 3 8 18
1396 197 3 5 7
967 198 2 6 10
1606 199 3 6 9
1124 202 2 5 9
1327 202 1 2 2
918 205 2 5 8
1112 205 1 1 1
1172 204 2 4 4
1207 205 14 30 161
1222 204 1 1 1
1236 205 1 3 3
1267 205 4 4 14
1296 207 1 1 1
988 210 3 3 6
1185 210 1 2 2
1280 210 2 5 9
1423 210 1 1 1
825 212 1 2 2
1102 212 6 9 33
1133 212 1 1 1
1084 216 1 3 3
1148 216 2 3 4
1287 217 4 4 16
1340 217 2 7 12
1235 221 2 5 8
1253 222 1 2 2
1304 222 1 1 1
1549 223 3 16 32
1023 225 3 5 9
1113 224 2 3 5
1408 225 11 14 81
1615 225 3 5 14
857 228 6 13 32
911 228 3 4 8
1155 228 3 3 7
1104 231 3 5 8
1206 231 1 3 3
901 232 1 2 2
971 232 1 1 1
1254 233 21 35 228
1375 233 2 3 3
940 234 2 4 6
1300 234 7 11 48
916 237 7 23 60
979 237 16 13 124
1343 237 1 4 4
957 239 3 4 9
1229 238 2 2 3
1803 238 1 1 1
588 240 4 6 20
1597 242 15 12 83
805 245 1 4 4
622 248 3 4 10
677 248 4 5 17
1434 248 4 4 10
1282 250 2 5 9
1350 250 2 11 15
1697 250 3 7 20
572 253 187 265 8815
934 253 5 8 28
813 255 2 4 8
1150 255 8 6 26
1229 255 5 17 54
1028 256 3 3 8
1303 257 1 1 1
1684 257 8 12 62
736 261 1 2 2
830 261 2 3 5
924 262 2 2 3
1108 265 2 3 4
904 269 2 3 4
1506 268 1 1 1
1384 270 4 2 6
1538 270 6 9 42
927 272 3 5 9
1263 273 4 6 21
857 274 3 4 8
1358 274 3 6 12
1554 275 5 5 20
881 277 1 2 2
1339 277 1 2 2
1725 277 3 3 8
847 278 2 2 4
1224 278 1 4 4
916 281 7 17 58
1118 282 2 3 4
1341 283 6 11 53
1407 283 1 2 2
1147 289 3 4 8
1231 288 2 5 6
1327 290 1 2 2
1259 293 2 8 12
1307 292 1 1 1
1385 292 4 6 15
1212 295 10 17 63
572 296 3 3 7
1161 298 1 2 2
1352 298 14 17 102
851 303 4 7 16
1125 303 1 1 1
1162 302 5 5 17
803 305 1 3 3
1295 304 11 10 42
893 308 2 2 4
953 308 134 238 6240
1281 309 1 1 1
891 312 2 5 8
945 313 3 5 9
1547 312 4 4 11
1530 315 5 10 42
1375 317 6 13 69
846 320 3 5 11
1149 321 2 6 8
1691 321 9 13 69
1172 323 6 6 15
1508 325 1 1 1
864 327 2 5 6
880 326 4 6 17
1226 327 1 4 4
908 330 1 1 1
949 330 3 11 28
1191 331 5 3 12
1333 332 1 1 1
1154 337 3 3 6
1166 337 3 8 11
1179 337 11 5 45
552 338 4 6 14
830 338 15 9 71
1074 339 2 4 7
1329 338 4 12 23
1086 342 3 5 11
872 347 1 3 3
1038 348 2 5 8
1149 348 1 2 2
1295 349 5 8 24
801 351 4 9 22
1560 350 3 3 6
1596 351 7 10 40
1627 350 5 9 36
927 357 3 7 18
1092 357 2 5 6
1688 357 6 2 8
539 358 4 7 21
1243 360 104 217 4455
1564 360 4 4 13
1136 364 2 7 10
1725 366 6 6 31
863 372 3 5 10
1107 372 2 6 9
1193 372 1 2 2
1274 373 3 4 9
1621 373 1 2 2
1640 372 61 286 890
1170 375 2 1 2
1121 378 2 4 7
1696 382 2 3 4
1132 384 2 3 6
1281 385 1 2 2
1341 384 1 2 2
1194 386 4 7 20
792 390 3 5 11
944 390 4 7 18
908 393 2 2 3
528 394 3 2 4
1343 395 1 1 1
803 396 2 3 4
855 398 1 1 1
1189 398 1 3 3
1438 398 4 4 12
881 401 2 2 4
1628 402 2 2 4
1086 404 2 3 4
1721 406 19 38 112
791 409 4 8 19
1183 409 2 2 3
1205 409 1 4 4
1107 413 2 2 2
1478 413 89 170 2679
1148 417 3 8 17
1226 416 2 2 3
522 419 4 4 14
778 420 2 1 2
1119 420 1 1 1
1300 425 1 1 1
1239 426 1 2 2
928 428 1 1 1
1342 428 6 28 106
1139 432 1 2 2
876 435 2 2 2
1175 437 1 1 1
1671 439 15 9 97
880 442 10 14 36
1096 443 3 4 9
1359 442 5 7 25
866 444 3 5 10
1426 445 2 1 2
830 446 1 1 1
1285 447 3 2 5
832 449 3 3 8
849 451 1 3 3
1169 453 1 1 1
1241 455 1 1 1
1170 459 4 6 21
1238 459 1 2 2
1553 458 4 18 49
1683 459 7 26 96
837 460 2 3 4
1700 460 4 4 12
789 465 7 12 46
1091 465 1 1 1
1105 465 2 4 6
1232 464 1 4 4
964 470 1 1 1
1176 473 2 5 9
1430 473 3 4 9
1701 475 4 3 8
1197 476 1 2 2
1101 478 1 1 1
772 482 1 1 1
1360 482 1 1 1
1596 483 2 1 2
802 485 2 3 5
1239 485 1 2 2
810 492 4 4 13
1203 493 1 1 1
1123 499 2 5 8
1151 498 11 8 47
1238 498 1 2 2
1516 501 1 1 1
851 505 2 3 5
1134 504 1 1 1
1090 507 1 2 2
1166 509 5 13 42
1649 509 1 1 1
773 511 3 4 7
815 512 3 5 13
1552 512 2 4 6
1565 515 1 2 2
822 517 4 6 21
1211 516 2 1 2
1287 519 7 1 7
762 521 2 3 6
1295 520 9 1 9
1372 522 2 4 7
1724 522 1 4 4
944 524 1 3 3
1394 525 2 3 6
820 526 2 4 8
938 527 1 1 1
1139 527 3 5 10
1119 529 2 1 2
1226 533 1 2 2
1228 532 1 1 1
1351 533 4 12 35
1641 532 5 3 12
1386 535 4 7 23
1123 536 1 1 1
1301 538 1 1 1
1509 541 6 1 6
764 542 2 5 6
1520 542 2 1 2
707 544 3 4 10
926 546 1 1 1
1087 547 1 1 1
1164 559 3 5 11
1234 558 11 8 36
912 561 1 1 1
668 562 2 2 4
1093 562 1 1 1
517 564 5 7 26
1260 567 3 7 13
727 569 3 4 8
475 571 3 3 6
775 573 2 2 4
896 578 2 2 3
1325 580 3 3 7
1345 580 2 2 3
1482 580 2 10 12
1698 582 3 7 20
834 585 3 6 15
715 589 2 1 2
921 591 1 2 2
1280 593 7 10 36
1119 594 2 6 11
1227 595 1 1 1
1248 596 4 7 21
1204 600 7 13 45
1315 601 2 4 8
1273 603 2 3 6
793 604 9 6 31
1255 607 5 2 6
691 608 3 3 5
1721 608 11 10 52
1411 610 3 3 7
1766 610 3 2 4
1128 612 1 3 3
1020 614 7 20 58
1175 614 1 2 2
591 617 2 3 6
728 621 2 2 4
787 624 4 5 10
947 625 3 5 10
1204 625 14 168 283
737 626 3 5 14
1096 627 4 4 8
816 628 1 2 2
1633 629 2 1 2
1736 630 8 6 29
1071 632 1 2 2
897 635 1 1 1
1327 641 2 3 5
1031 642 1 2 2
1156 645 6 7 26
994 646 2 2 3
1298 647 3 4 9
672 651 3 4 11
1388 651 4 3 8
1228 652 2 1 2
1266 659 1 3 3
1687 658 3 1 3
764 663 4 6 16
1114 666 4 4 11
715 669 4 8 22
934 669 2 3 5
434 671 1 2 2
1315 673 6 9 46
1229 677 5 24 61
1027 680 4 7 19
1169 686 3 2 6
1041 688 1 1 1
1082 688 4 3 6
1604 690 6 11 50
914 693 11 9 56
838 701 3 4 8
1165 700 3 8 18
753 703 2 4 7
776 706 2 2 2
976 707 2 5 7
977 706 89 132 2147
1187 709 3 5 14
1256 709 9 5 14
121 710 135 132 2677
947 713 1 4 4
378 714 4 5 16
603 717 109 132 3793
1099 717 1 1 1
1066 719 1 2 2
1117 718 1 2 2
1232 719 1 1 1
966 729 1 1 1
1148 729 1 1 1
732 732 3 4 8
1073 732 1 1 1
1252 735 1 1 1
1309 734 7 60 194
959 739 3 6 13
1071 740 1 2 2
1260 744 4 2 5
1703 744 17 5 43
383 748 7 11 45
730 749 1 1 1
791 748 2 2 4
1076 750 2 3 3
1155 752 5 4 12
1280 753 2 2 3
1351 756 5 13 44
1074 758 2 7 12
1262 758 1 2 2
1138 760 1 3 3
1192 762 1 1 1
956 764 1 2 2
945 768 1 1 1
1251 769 4 18 34
728 771 2 5 9
930 772 1 1 1
1098 772 1 3 3
1292 773 3 1 3
1262 777 4 4 15
925 780 19 51 404
1228 784 4 9 28
1105 787 2 5 9
1147 787 1 2 2
1097 793 8 9 52
1181 795 3 3 8
1072 797 2 5 10
1210 801 1 18 18
775 805 3 4 7
913 804 1 1 1
726 808 2 4 7
1227 809 1 2 2
795 810 3 3 7
884 815 2 3 4
945 814 1 1 1
1290 815 60 9 381
1141 816 1 1 1
1094 826 1 2 2
1249 829 5 6 26
720 835 3 7 16
865 840 2 2 3
187 845 13 4 51
937 845 2 2 3
130 846 17 4 51
161 847 3 3 6
955 847 1 1 1
942 848 7 11 45
968 854 1 1 1
991 860 3 6 13
810 865 1 1 1
638 867 2 3 6
997 868 6 18 62
912 873 3 4 8
951 872 2 1 2
641 874 1 1 1
958 884 1 1 1
1029 888 1 2 2
674 892 2 3 6
950 892 1 1 1
985 894 2 3 6
1356 897 4 12 30
981 899 1 1 1
1370 901 2 2 3
1136 903 1 1 1
1167 903 4 3 6
1098 906 4 3 8
1298 909 4 3 8
624 914 2 3 4
869 915 1 1 1
890 916 1 1 1
379 919 9 9 35
961 919 2 1 2
893 924 8 16 38
1533 929 2 2 3
958 930 1 1 1
973 932 2 4 8
981 938 1 4 4
1147 941 1 6 6
893 948 1 1 1
939 949 2 2 4
1214 951 1 1 1
676 957 16 20 194
900 958 1 1 1
1045 959 2 6 10
892 960 3 7 18
905 967 1 1 1
957 966 2 6 11
1736 967 8 5 21
895 969 4 1 4
1097 971 3 10 12
909 973 1 1 1
1110 975 1 1 1
1075 977 2 4 7
1112 976 2 2 3
1182 976 4 7 22
420 978 1 1 1
1050 978 1 2 2
1252 981 1 5 5
1074 983 1 1 1
1717 983 7 6 23
898 987 1 1 1
1063 986 1 1 1
1251 987 1 3 3
558 988 1 1 1
890 988 1 1 1
1679 988 1 2 2
607 995 2 3 3
1181 994 1 4 4
583 998 15 20 174
1130 998 2 7 9
1234 999 1 1 1
894 1002 60 64 1128
924 1004 1 1 1
880 1009 3 9 19
800 1011 1 1 1
815 1017 1 3 3
874 1018 4 7 13
644 1020 2 2 4
1128 1023 3 5 12
624 1025 3 3 8
1028 1026 1 3 3
1245 1026 1 1 1
1650 1029 2 1 2
883 1032 1 1 1
954 1035 1 5 5
1081 1043 2 2 4
1219 1043 1 2 2
733 1044 509 184 29132
818 1045 1 7 7
1121 1044 1 1 1
802 1047 1 3 3
980 1049 25 21 147
1024 1049 9 13 27
1045 1050 1 2 2
1276 1051 1 1 1
965 1053 3 4 6
969 1058 1 10 10
1324 1058 2 2 3
1369 1058 1 1 1
875 1060 1 1 1
1067 1061 4 3 9
1167 1061 1 1 1
1362 1063 1 1 1
986 1064 1 2 2
522 1066 3 4 7
987 1067 1 1 1
1048 1069 1 1 1
1275 1069 1 1 1
1253 1073 7 3 10
1228 1087 1 1 1
806 1106 1 1 1
689 1120 1 1 1
922 1126 1 2 2
818 1131 1 1 1
834 1132 1 1 1
27 1140 12 2 18
490 1141 1 1 1
1439 1142 2 1 2
1454 1154 2 1 2
1473 1164 4 2 7
611 1166 1 1 1
720 1167 4 10 22
1450 1168 2 2 3
1469 1168 1 1 1
1202 1185 2 7 10
522 1186 4 2 4
534 1188 5 1 5
643 1188 2 1 2
427 1190 1 1 1
1456 1192 2 1 2
787 1203 1 1 1
552 1206 5 8 22
1257 1209 1 1 1
241 1211 1 1 1
427 1213 1 1 1
435 1217 3 1 3
819 1218 3 10 13
1257 1221 1 2 2
450 1226 1 2 2
665 1227 1 1 1
