0 0 1840 1228 2143076
282 0 19 18 237
335 0 31 27 311
477 0 21 25 328
581 0 8 7 46
621 0 6 9 44
642 0 6 14 72
699 0 1 1 1
935 0 2 1 2
1036 0 3 2 5
1051 0 29 91 813
1353 0 23 12 187
1423 0 14 12 87
1462 0 14 15 162
1653 0 2 5 10
1669 0 2 3 6
1616 5 36 58 1075
925 7 3 2 5
1620 6 1 1 1
1781 7 1 1 1
844 9 5 7 30
1310 9 19 75 876
790 10 19 22 207
1032 10 3 7 21
1529 11 24 15 166
879 13 15 23 265
733 15 8 12 72
924 19 21 21 137
1728 21 1 1 1
769 22 5 8 27
1788 23 1 1 1
818 24 5 15 52
861 24 5 9 33
1098 26 6 10 47
1126 26 6 13 62
1712 27 1 1 1
65 28 16 16 168
586 28 8 18 112
963 28 7 13 70
1233 33 9 14 103
1774 33 1 1 1
1412 34 68 82 1922
724 37 5 6 19
784 36 4 9 33
846 36 16 42 301
1076 37 6 7 21
1351 37 34 73 956
568 39 9 19 118
156 40 30 26 363
745 41 4 9 28
1171 40 27 33 497
1521 40 2 1 2
936 42 3 8 21
955 42 3 6 12
977 43 7 19 93
410 45 8 10 57
474 44 8 10 58
494 47 19 42 549
1009 48 23 30 259
1791 49 1 1 1
284 50 8 9 46
1794 50 1 1 1
918 53 13 7 63
1535 58 1 1 1
739 60 5 8 30
873 61 10 60 345
1237 61 12 27 218
720 65 11 37 248
459 69 8 11 62
1490 71 1 1 1
1569 70 1 1 1
385 73 9 10 55
679 75 18 27 272
1030 75 22 11 83
441 77 8 10 52
296 79 14 22 229
1550 79 2 1 2
1197 80 22 55 580
1568 80 2 1 2
195 83 6 4 12
863 82 3 12 35
921 83 6 24 84
645 86 5 16 58
1598 86 1 1 1
1526 88 1 1 1
1555 88 1 1 1
945 91 3 6 10
951 91 25 48 534
1576 91 30 43 653
1783 91 1 1 1
824 93 5 9 28
1536 92 1 2 2
387 95 8 10 58
737 95 3 2 4
1052 94 17 41 376
1024 98 16 11 82
673 100 7 11 60
1496 101 12 12 104
1648 101 2 2 3
163 102 11 12 98
656 102 6 11 55
890 102 11 24 182
1095 102 3 6 14
784 105 12 33 259
1284 105 11 25 180
769 106 3 7 19
1003 106 4 5 17
1336 106 18 23 184
247 109 4 4 13
1640 108 2 1 2
1719 109 1 2 2
1672 110 1 1 1
1807 111 2 3 5
1526 113 1 1 1
1383 115 18 26 271
134 116 11 17 92
1010 116 2 6 12
825 118 27 34 286
1129 119 10 22 166
206 123 9 9 54
728 122 4 8 27
984 123 13 16 45
1637 123 1 1 1
1722 123 1 1 1
535 124 7 14 80
664 125 3 6 14
1809 124 1 2 2
440 127 9 16 106
1009 127 7 12 41
1112 126 5 8 31
1522 126 36 17 232
1769 127 3 1 3
1321 129 14 48 264
1715 129 1 1 1
1741 129 3 3 6
355 132 40 25 452
906 132 2 5 10
1299 132 2 6 11
1475 133 3 2 5
1729 132 1 1 1
1077 134 2 4 8
804 139 76 198 3445
941 139 2 4 5
1401 139 56 125 3095
144 140 5 7 24
683 141 10 3 16
1684 140 1 1 1
524 142 7 16 93
727 143 7 12 59
979 143 13 20 154
1003 143 4 9 22
946 145 6 14 55
967 145 1 1 1
1079 144 5 10 38
1520 144 2 2 3
1707 144 2 2 3
1836 144 4 2 8
154 147 12 12 74
482 147 9 11 78
1021 146 3 4 11
1121 146 5 10 40
1622 146 1 1 1
1246 149 1 1 1
1016 151 3 5 11
1057 152 2 3 5
1352 152 6 10 41
1661 152 1 1 1
198 154 8 6 33
1687 154 2 1 2
1832 154 2 1 2
799 159 2 2 3
917 159 2 3 6
1027 159 30 43 542
1548 158 15 29 283
1609 158 3 2 4
1254 162 2 1 2
234 164 9 12 69
925 164 10 40 192
463 166 11 28 233
622 166 7 5 22
524 169 26 41 439
557 168 3 4 8
878 171 52 141 1793
950 171 3 3 5
491 172 8 14 75
987 173 19 56 424
1288 172 28 68 810
509 177 6 10 53
770 181 4 5 17
792 180 10 16 101
978 181 1 1 1
1185 181 8 18 104
641 187 3 7 9
1102 186 12 21 185
1604 186 15 16 165
777 188 3 7 19
951 188 4 9 27
622 190 8 8 37
881 192 1 1 1
1457 192 17 23 238
975 194 5 10 46
572 200 11 33 163
1031 201 3 7 15
26 202 10 8 56
816 202 1 1 1
1261 202 7 14 50
479 204 12 38 345
682 206 2 1 2
1331 209 8 12 80
117 210 1 2 2
943 210 9 35 195
1034 212 2 2 3
434 216 15 29 223
875 216 1 2 2
1129 217 26 26 368
1183 217 3 3 6
1456 217 1 1 1
181 218 41 52 821
785 219 10 30 170
876 221 1 1 1
1013 221 8 19 86
1076 221 10 10 48
878 223 9 12 48
280 225 22 29 303
414 224 7 10 56
862 224 1 1 1
1029 224 21 59 434
1594 230 12 14 115
865 234 1 2 2
969 234 4 7 21
671 237 5 8 35
886 236 1 1 1
1085 237 3 1 3
1279 237 13 23 194
875 241 2 2 2
1072 241 1 1 1
387 244 12 20 179
803 244 1 1 1
1223 245 1 1 1
118 247 19 20 234
984 246 1 4 4
1008 246 4 15 29
1338 246 20 81 907
860 248 2 2 3
885 249 10 6 24
972 249 2 10 15
728 251 7 8 36
870 253 4 5 8
1473 252 12 22 192
66 255 14 18 157
429 255 8 10 55
945 256 3 8 16
1240 259 1 1 1
506 260 11 20 142
1080 261 2 2 4
1110 260 5 12 44
638 262 15 14 91
711 262 3 4 10
760 262 25 26 384
882 263 1 1 1
1258 263 11 20 139
799 268 33 50 614
1557 269 11 15 121
208 273 9 9 66
877 273 2 1 2
1519 272 14 20 197
981 274 2 1 2
694 277 6 14 49
942 277 6 3 7
954 277 1 1 1
975 277 2 3 6
413 281 10 17 129
1053 281 2 5 8
1277 283 2 1 2
530 285 10 21 147
968 285 6 6 16
1415 285 16 27 266
995 286 6 15 50
248 289 7 10 55
800 289 1 1 1
1013 288 20 37 369
1584 289 19 32 314
553 290 6 10 45
878 290 1 1 1
912 290 2 5 7
946 290 5 8 30
1044 291 7 6 27
512 293 7 17 102
1232 293 8 15 70
1258 295 8 11 58
922 296 1 1 1
179 298 22 19 269
231 298 10 13 79
923 298 1 1 1
258 301 12 12 108
290 303 5 4 17
1558 303 11 18 148
346 304 6 6 24
488 305 14 18 203
986 307 1 2 2
997 309 9 10 58
1325 309 3 1 3
945 310 11 6 41
546 312 7 10 48
922 313 1 4 4
1289 313 2 2 3
757 317 3 5 11
1048 317 3 7 13
1361 316 40 121 1952
891 319 2 5 9
1177 318 10 13 86
107 320 12 13 99
936 323 2 6 11
1194 322 9 19 106
446 325 7 11 61
825 324 5 17 43
911 325 1 4 4
1087 326 7 9 42
1311 327 18 16 152
971 329 5 11 35
1572 329 12 19 162
259 330 28 36 311
716 330 4 6 16
1007 331 7 6 13
1161 330 1 2 2
680 332 7 20 111
195 334 9 9 65
489 334 16 24 165
850 334 2 5 7
951 335 7 14 44
602 337 1 1 1
1092 339 5 7 23
1339 338 9 19 117
801 340 9 19 85
907 340 1 4 4
1038 340 2 7 10
927 342 6 13 52
873 344 1 1 1
1003 344 2 1 2
1220 344 37 55 497
828 346 1 2 2
1461 346 13 27 215
184 349 1 1 1
1269 349 7 7 44
773 350 1 1 1
778 351 2 3 5
974 350 12 11 66
810 352 107 127 4275
211 354 8 4 19
406 354 11 10 68
1046 354 4 7 23
499 357 26 88 557
1141 356 2 1 2
1281 357 2 1 2
534 359 2 2 3
610 358 4 8 30
635 358 2 7 7
254 360 5 5 14
862 360 7 18 109
938 360 2 15 29
949 361 15 16 131
59 362 1 1 1
722 362 5 7 20
184 365 10 10 66
564 364 5 4 16
1067 365 7 9 39
1191 364 7 15 67
1338 365 17 45 264
66 366 1 1 1
996 367 3 5 11
1015 366 2 4 8
1029 366 11 37 243
1293 366 1 1 1
461 368 12 21 119
831 368 2 5 9
1314 370 11 15 111
751 372 6 26 93
1530 373 2 1 2
842 374 9 21 99
911 375 1 5 5
444 381 4 4 11
918 381 6 12 49
974 380 31 68 644
991 380 2 4 6
535 382 1 1 1
1003 382 2 6 11
656 384 13 29 170
701 385 2 1 2
276 387 1 2 2
1075 386 5 13 57
1244 387 5 2 6
158 389 9 5 29
790 389 2 1 2
1008 388 1 1 1
688 391 3 4 8
803 390 11 20 112
949 390 2 6 10
967 391 1 7 7
449 392 8 20 86
711 392 3 5 11
1312 392 1 1 1
786 394 1 1 1
950 399 7 10 53
968 399 1 4 4
1047 399 3 9 18
1069 400 1 1 1
675 402 3 3 9
734 403 3 4 8
791 402 3 6 11
1016 403 4 7 26
1235 402 13 16 132
57 404 4 3 10
969 405 1 5 5
1082 405 3 1 3
1138 404 1 1 1
285 406 9 14 89
551 407 19 15 198
150 409 2 1 2
245 411 6 6 31
705 410 3 6 14
719 410 3 4 9
1215 410 1 1 1
1284 411 2 3 5
1020 414 8 27 64
413 417 5 6 18
970 418 8 6 33
1114 418 9 12 76
396 421 3 7 18
953 423 16 17 145
305 425 3 4 8
467 425 14 28 233
1254 424 12 31 166
1140 427 1 1 1
1148 426 1 1 1
1536 427 8 8 49
143 428 2 1 2
578 429 5 8 34
738 429 4 5 17
789 428 10 11 88
26 430 3 2 5
1136 431 1 1 1
1220 430 1 1 1
176 433 9 7 41
1108 433 1 1 1
1182 433 8 13 75
202 434 1 1 1
205 435 1 1 1
630 434 16 14 90
766 435 1 8 8
1690 435 4 2 5
655 436 2 2 3
428 439 6 14 66
1151 439 1 1 1
1287 441 1 1 1
923 442 1 4 4
1019 443 20 18 161
1292 442 9 16 111
956 445 3 5 9
1455 444 2 2 2
141 447 15 21 109
572 446 8 22 132
751 447 6 7 25
1556 447 11 13 110
935 448 1 4 4
1181 448 1 1 1
782 450 9 6 19
947 451 2 3 4
1166 450 38 37 755
410 452 6 10 45
435 453 1 1 1
891 452 1 2 2
697 454 1 1 1
996 454 19 26 267
1142 455 1 1 1
118 456 3 3 7
651 457 1 1 1
674 457 8 25 136
715 457 1 1 1
922 457 1 3 3
1322 457 11 22 159
1492 457 10 17 113
944 458 2 4 5
974 458 1 4 4
261 461 2 1 2
906 460 1 3 3
960 461 2 3 6
186 462 6 3 12
432 463 1 1 1
614 462 1 1 1
695 463 2 2 4
861 463 2 3 4
872 463 9 8 26
1281 463 8 17 86
165 464 2 3 5
216 465 15 22 154
661 465 1 1 1
924 465 5 13 59
969 465 1 2 2
1111 465 1 1 1
416 467 5 8 32
1099 467 6 8 38
1124 466 1 1 1
1243 468 29 31 369
1411 470 10 15 71
743 473 2 3 6
777 473 2 2 3
942 473 15 20 93
194 475 13 11 74
507 475 1 1 1
584 474 5 9 40
801 475 2 2 3
509 476 4 4 13
761 477 2 6 11
862 478 1 2 2
1016 479 9 10 43
987 481 14 25 210
158 483 2 1 2
792 483 2 3 6
810 483 3 9 25
962 483 4 9 18
974 483 4 7 19
1227 483 1 2 2
70 485 2 2 4
908 484 8 13 64
1082 484 2 1 2
1195 485 44 51 826
522 486 4 6 20
713 487 1 2 2
886 486 2 2 3
1163 487 3 1 3
1486 489 3 3 6
730 491 3 9 25
842 490 3 3 8
152 492 2 1 2
450 493 5 7 30
533 492 7 8 44
580 493 1 1 1
661 493 12 17 125
1366 493 4 3 11
314 495 4 2 5
840 494 1 4 4
960 494 1 3 3
1188 497 2 1 2
1556 496 9 8 47
1240 499 3 3 6
122 500 3 2 5
799 500 2 4 8
931 501 11 11 45
973 501 2 5 8
1646 501 2 1 2
73 503 10 6 39
188 502 13 12 90
1330 503 9 15 107
485 505 4 2 5
136 507 1 1 1
844 507 1 2 2
888 507 1 3 3
244 509 8 10 62
585 509 3 7 15
806 508 1 2 2
1153 509 1 1 1
905 510 2 2 3
1039 510 3 3 7
807 512 2 4 6
974 513 1 5 5
746 514 1 1 1
1178 514 7 23 101
1269 515 16 17 194
493 516 5 5 23
953 516 1 2 2
996 516 2 4 7
1377 516 18 35 346
1421 517 5 6 18
532 519 6 10 42
933 519 1 2 2
1119 519 9 34 178
869 520 1 8 8
906 520 1 3 3
916 521 1 3 3
1045 521 9 18 113
736 523 1 2 2
859 523 1 3 3
998 522 1 4 4
1294 523 9 15 92
1339 522 26 32 261
216 524 1 3 3
1009 525 1 2 2
924 527 1 6 6
507 529 35 39 281
663 528 3 8 21
745 529 2 3 4
816 529 20 35 275
624 531 8 9 37
935 533 1 3 3
950 532 1 2 2
1145 532 1 1 1
423 534 6 10 46
885 534 2 3 4
956 534 2 3 6
1260 535 2 2 3
734 537 2 1 2
932 536 1 2 2
967 538 1 2 2
879 541 1 1 1
962 541 1 1 1
326 543 5 5 19
804 542 3 5 12
920 543 8 16 45
1031 542 1 1 1
1161 543 1 1 1
905 545 1 2 2
936 545 3 5 11
1044 545 1 1 1
6 546 1 1 1
465 546 5 6 21
721 547 3 5 12
669 546 432 236 27239
1062 546 3 3 6
191 549 15 20 172
857 548 1 2 2
677 550 2 2 4
793 551 1 3 3
884 550 6 12 54
239 552 15 17 182
477 552 6 7 31
704 552 4 14 32
1104 553 1 2 2
559 555 10 11 39
621 555 2 1 2
864 555 1 3 3
1324 556 34 39 478
751 559 3 5 12
838 558 8 27 125
1098 560 5 4 9
1216 561 1 1 1
1467 561 8 8 37
765 563 1 2 2
1152 563 1 1 1
1798 563 1 1 1
637 565 3 2 6
899 564 12 9 39
970 565 1 2 2
1157 564 17 4 37
214 567 10 11 87
473 566 1 1 1
776 566 6 15 63
1065 567 4 3 9
1121 567 1 1 1
1375 566 22 24 394
1046 569 3 1 3
274 570 1 1 1
606 571 3 6 9
803 570 5 17 45
508 573 7 10 47
646 573 4 3 12
699 572 3 3 8
1246 573 2 13 25
957 577 1 3 3
1095 576 6 5 22
1288 576 2 1 2
823 578 2 7 13
866 578 1 2 2
1113 580 1 4 4
9 582 1 1 1
566 583 5 21 67
637 582 6 10 44
902 583 1 3 3
955 582 8 24 67
989 583 1 2 2
1324 582 4 2 5
207 585 8 7 47
308 584 1 1 1
1192 585 3 1 3
471 587 6 6 30
905 586 11 11 60
1213 586 2 1 2
1243 587 2 2 3
870 589 13 29 131
941 589 2 4 6
975 589 11 14 95
1057 588 2 2 2
1145 589 10 18 77
432 590 5 3 11
800 591 2 7 10
1272 591 8 11 75
155 593 1 1 1
740 593 14 17 102
848 592 8 20 133
924 592 1 1 1
224 597 7 7 40
620 597 1 1 1
812 597 13 13 103
1094 596 1 1 1
1205 598 1 1 1
1126 601 1 1 1
1234 600 3 1 3
1438 600 7 6 31
458 604 3 2 4
487 604 7 12 69
969 605 6 12 52
1244 604 2 3 4
521 607 7 10 53
920 607 4 10 29
1228 607 1 1 1
1339 610 11 19 158
905 613 1 2 2
1107 612 1 1 1
1195 613 5 5 15
1365 613 8 16 86
444 614 5 6 22
508 614 4 3 10
788 615 2 5 9
817 615 2 4 8
907 615 1 2 2
978 615 12 11 62
1271 614 2 4 5
659 617 3 2 3
763 616 1 2 2
846 617 18 51 292
1407 616 1 1 1
207 619 6 5 21
488 619 17 20 188
1207 618 6 12 49
1444 618 27 27 240
184 620 3 2 5
329 620 5 4 14
774 623 2 3 6
679 625 1 1 1
947 625 6 12 52
1276 625 1 1 1
821 627 6 11 56
1095 627 6 3 10
868 628 1 2 2
899 628 1 2 2
1232 629 2 2 3
799 630 11 6 37
879 633 4 3 6
962 633 2 4 7
1328 632 41 56 860
650 635 1 1 1
1698 635 1 1 1
449 636 6 10 46
676 637 3 7 19
767 636 2 1 2
931 637 1 2 2
530 638 4 7 20
160 641 2 1 2
274 641 7 12 34
1131 640 1 2 2
1228 641 5 8 29
1272 641 14 15 148
115 643 18 28 218
786 642 1 1 1
932 642 4 5 10
1097 642 3 3 3
111 644 2 1 2
338 645 3 2 5
1183 644 16 31 164
254 646 8 7 33
485 647 2 2 2
879 646 12 12 41
901 647 1 3 3
954 646 1 2 2
955 649 1 5 5
1207 648 2 2 4
484 651 1 1 1
804 651 2 4 5
938 653 1 5 5
1134 653 1 1 1
1212 655 9 18 104
630 657 5 7 28
954 657 1 1 1
968 656 3 3 5
159 659 3 3 6
563 659 3 1 3
619 660 1 1 1
1298 660 4 4 10
811 663 4 6 22
873 663 4 15 39
919 662 2 3 6
315 664 13 8 49
428 664 5 6 20
507 667 13 16 125
943 666 1 2 2
1279 666 1 1 1
535 669 13 18 102
886 669 1 1 1
596 670 4 4 13
40 675 1 1 1
1210 674 1 1 1
382 676 11 10 54
687 677 2 2 4
944 677 1 1 1
837 679 15 13 63
1226 678 14 10 50
293 681 1 1 1
483 681 1 2 2
206 682 1 1 1
485 682 33 18 262
856 682 1 1 1
1203 683 1 1 1
164 684 1 1 1
215 684 1 1 1
676 684 3 4 7
693 684 4 7 26
879 689 1 2 2
895 689 2 4 7
858 692 1 1 1
1122 693 7 11 47
1393 692 6 9 35
418 695 1 1 1
544 694 1 2 2
1245 694 2 3 4
402 696 4 3 12
1030 696 2 3 5
1046 696 6 16 65
1149 696 2 2 3
1215 697 4 6 22
240 699 8 9 56
641 699 5 7 31
1158 698 4 5 19
1172 699 5 3 8
1097 700 5 3 7
437 703 6 8 26
457 702 8 2 9
522 703 3 4 10
1273 704 10 20 113
705 706 2 3 6
1157 706 14 18 152
174 709 2 2 3
201 709 9 12 81
701 709 1 1 1
1221 708 8 7 31
1318 709 18 13 152
1344 710 7 10 47
565 712 3 2 5
1250 713 5 9 34
506 715 2 3 5
375 717 3 3 9
544 717 4 4 12
247 718 1 1 1
287 720 4 10 20
392 720 1 2 2
600 720 2 1 2
624 723 1 1 1
962 723 1 2 2
170 724 3 4 7
603 724 1 1 1
987 724 13 26 133
493 726 3 2 6
1226 727 4 5 16
1355 726 7 9 43
501 729 3 4 12
955 729 1 1 1
133 731 18 19 237
517 731 13 12 64
483 733 7 8 34
1066 733 1 1 1
1161 733 4 4 15
671 735 2 3 5
686 737 1 1 1
1037 738 1 1 1
1060 739 2 6 12
1168 739 20 26 201
1198 739 1 1 1
1214 738 1 2 2
978 741 1 2 2
1117 741 3 7 18
385 743 12 4 31
681 743 2 4 6
1185 742 1 1 1
1195 742 1 4 4
1255 743 9 6 36
1602 742 2 1 2
278 744 1 1 1
696 744 1 4 4
891 744 1 1 1
914 744 1 2 2
442 746 4 3 10
1299 747 6 8 39
517 749 3 2 5
699 749 2 3 5
1148 749 1 1 1
1389 749 1 1 1
169 751 3 2 5
484 751 20 16 113
1267 751 1 1 1
231 752 17 14 88
524 753 14 11 53
945 753 1 1 1
1051 752 1 1 1
1355 752 1 1 1
960 755 1 2 2
985 754 2 4 7
1234 756 12 14 107
447 759 4 2 6
672 758 1 2 2
856 758 3 3 9
1202 758 8 15 70
882 760 1 1 1
956 760 1 2 2
1305 761 7 9 47
682 762 1 1 1
896 762 5 11 43
917 763 1 2 2
1361 763 1 1 1
342 764 1 1 1
548 765 3 3 8
564 765 2 1 2
638 764 1 2 2
948 764 5 13 63
1117 765 1 1 1
140 767 2 2 2
217 766 9 9 39
297 766 3 1 3
454 767 1 1 1
921 766 4 6 23
273 768 12 10 84
1191 769 1 1 1
657 770 5 9 24
1297 771 8 16 57
928 773 6 18 53
1091 772 1 1 1
1153 773 8 15 65
376 774 2 1 2
428 774 1 1 1
914 775 1 4 4
983 774 1 3 3
1019 774 2 5 6
1329 774 27 24 330
1499 775 1 1 1
296 776 2 2 3
412 776 7 6 32
560 776 5 4 17
1419 777 5 5 16
805 778 30 17 124
954 779 1 1 1
1052 778 7 13 61
1228 779 1 1 1
741 781 1 1 1
1187 780 1 2 2
345 783 1 1 1
442 783 1 2 2
557 782 1 1 1
625 782 2 3 5
1171 783 12 15 90
1193 783 15 21 142
248 784 1 1 1
725 785 1 4 4
213 787 7 9 39
311 787 1 1 1
502 787 2 1 2
702 786 3 6 17
742 787 1 2 2
778 787 2 4 8
866 786 7 4 14
191 788 2 2 3
672 788 2 5 9
837 788 1 1 1
939 788 26 29 279
446 791 1 1 1
976 791 9 11 57
1146 790 1 1 1
1241 791 11 14 86
692 793 4 11 19
915 793 1 1 1
1056 793 18 13 96
1304 793 22 22 181
306 795 1 1 1
486 795 3 2 6
709 794 1 1 1
785 794 4 8 30
1810 794 3 2 3
478 797 4 4 15
856 796 1 2 2
1159 796 5 11 38
1365 797 1 1 1
135 798 4 4 14
744 799 1 2 2
801 798 5 9 30
872 798 3 6 17
234 800 1 1 1
413 800 1 1 1
539 801 3 5 7
824 800 2 10 11
890 801 2 8 15
747 803 1 1 1
760 802 4 9 18
1292 802 8 7 34
242 805 8 9 55
474 804 4 3 10
673 804 2 2 3
266 807 2 1 2
339 807 2 4 7
1497 807 1 1 1
210 809 9 12 64
844 809 17 10 57
865 809 3 7 17
789 810 7 4 16
895 811 1 2 2
941 811 1 1 1
1105 810 1 1 1
1125 811 15 42 273
1226 810 5 6 24
1274 810 7 15 68
1384 810 7 13 77
306 812 21 11 111
966 812 5 9 31
1177 812 10 8 29
897 815 2 3 4
490 816 8 5 35
915 817 1 1 1
1155 816 12 11 77
1457 817 1 1 1
711 818 1 1 1
1210 818 1 1 1
155 821 3 2 4
755 820 37 25 223
1594 820 1 1 1
379 822 3 3 5
465 823 11 17 135
696 823 1 2 2
801 822 4 3 9
500 825 4 4 14
925 824 4 8 30
1007 827 1 2 2
1410 827 1 1 1
749 828 2 2 4
1079 831 7 11 54
312 833 1 1 1
545 832 2 2 3
1015 832 11 25 159
1010 834 1 1 1
1049 835 1 1 1
1220 835 1 1 1
564 836 2 3 5
1254 836 11 14 96
793 839 3 3 8
867 838 1 2 2
806 840 2 4 8
871 841 2 4 7
946 841 4 13 36
1156 840 3 5 12
1221 840 7 14 58
822 843 5 7 24
1242 843 2 2 2
497 845 4 9 20
757 845 2 1 2
608 847 1 1 1
882 847 5 14 49
972 847 4 12 25
1063 846 5 9 35
1151 846 1 1 1
1192 847 19 12 105
1660 846 2 4 5
525 848 4 5 15
835 849 4 13 50
692 851 1 1 1
708 852 1 2 2
750 852 6 5 14
1167 852 5 8 30
1261 852 7 11 58
1356 852 3 2 4
1511 853 7 2 8
459 855 4 9 25
848 854 3 6 16
1334 855 5 3 14
774 856 1 6 6
644 859 8 6 29
758 858 1 1 1
1228 858 3 6 12
400 860 1 1 1
489 861 2 5 6
503 860 3 4 10
800 861 4 9 28
813 860 3 5 14
1113 861 2 7 8
1745 861 1 1 1
275 862 1 1 1
442 862 9 7 24
662 862 4 8 21
200 865 1 1 1
727 865 2 1 2
843 864 1 5 5
1177 864 1 4 4
202 866 1 1 1
241 867 1 1 1
718 867 1 1 1
1301 866 4 6 16
914 869 4 6 19
1042 869 1 1 1
1086 869 6 7 28
1222 868 4 6 12
405 870 2 2 4
616 871 2 2 4
707 870 5 7 11
1029 870 6 9 44
1193 870 15 14 80
520 873 8 10 50
739 872 2 2 3
761 873 2 3 5
774 874 5 6 22
938 874 4 9 33
1332 874 3 3 7
118 876 2 2 3
1004 876 3 2 5
1065 877 1 2 2
475 878 1 2 2
758 878 2 2 3
1125 878 3 5 13
365 880 3 6 15
1112 881 3 1 3
684 882 1 2 2
790 882 3 12 27
837 883 1 3 3
1155 882 8 7 51
1177 883 6 25 71
1046 885 1 1 1
1403 884 1 2 2
423 887 1 1 1
651 886 1 1 1
810 886 5 8 37
887 887 1 4 4
1228 887 5 8 28
1315 887 1 5 5
415 889 1 1 1
525 888 2 3 6
1768 888 1 1 1
318 890 1 1 1
499 890 2 1 2
555 891 1 2 2
636 890 1 1 1
705 891 2 7 10
876 890 1 1 1
899 890 1 3 3
1102 890 4 15 38
1129 890 4 8 26
1409 891 4 3 8
516 893 6 3 9
668 893 2 1 2
719 893 1 1 1
958 893 13 28 117
1149 892 5 8 21
551 895 2 3 5
734 895 1 2 2
866 894 1 4 4
1093 895 1 1 1
330 896 1 1 1
503 896 8 8 63
768 897 3 15 17
1225 896 1 1 1
1243 896 1 1 1
1654 896 1 1 1
1204 898 1 1 1
1338 899 6 15 52
1737 898 1 1 1
684 900 11 5 21
895 901 1 2 2
923 900 4 8 23
524 903 8 8 31
534 902 1 1 1
607 902 2 4 5
657 903 2 5 8
1206 902 14 15 138
298 905 4 6 9
496 904 3 3 8
1544 904 1 1 1
350 906 2 1 2
385 907 1 1 1
550 907 2 1 2
982 906 2 2 3
1154 907 15 19 119
1242 907 8 19 91
979 908 1 1 1
1128 908 5 5 15
1289 908 8 14 63
462 911 2 1 2
881 910 9 6 28
186 913 1 1 1
312 913 6 6 30
336 912 2 1 2
564 913 1 1 1
671 913 1 1 1
1006 913 2 1 2
340 917 6 7 32
992 917 4 6 22
1144 917 1 2 2
434 918 3 4 9
446 918 4 3 9
478 919 1 1 1
528 919 4 4 9
540 918 6 4 14
695 918 1 1 1
735 918 1 2 2
744 919 2 6 7
1184 919 1 1 1
27 921 7 1 7
358 920 1 1 1
477 921 1 1 1
776 921 1 1 1
1027 920 8 13 66
1082 920 3 3 8
767 923 2 3 4
785 923 2 4 7
1052 923 5 9 34
1220 923 7 11 52
1359 923 5 3 10
1734 923 1 1 1
510 925 2 2 3
755 924 3 5 11
286 926 1 2 2
300 926 3 2 6
706 926 1 1 1
356 929 2 2 3
1111 929 9 9 30
1128 929 1 1 1
1268 928 3 3 9
1681 929 1 1 1
697 931 2 6 10
805 930 2 2 3
1204 931 3 7 18
1250 930 18 22 202
1284 930 1 1 1
1302 931 3 4 8
266 932 3 4 8
336 933 2 2 4
514 932 3 3 9
551 932 5 5 18
721 933 2 2 4
809 933 1 1 1
1396 933 1 1 1
392 935 1 1 1
812 935 10 11 73
1170 934 2 1 2
307 937 4 4 12
581 937 1 1 1
728 936 3 4 8
1005 936 4 9 31
1079 936 4 5 16
1181 936 2 1 2
541 939 1 3 3
838 939 2 3 5
974 938 2 2 3
1164 938 4 7 26
1712 938 2 2 2
486 940 3 5 14
517 940 2 2 3
664 940 5 4 8
1356 940 1 1 1
534 942 6 6 20
928 943 1 1 1
1197 942 6 6 24
596 944 16 13 65
639 944 2 4 7
1171 945 1 1 1
330 947 2 1 2
418 946 6 7 18
446 946 1 1 1
489 946 1 2 2
801 946 1 2 2
1122 946 6 4 15
1224 946 4 6 20
342 948 2 4 6
490 949 1 1 1
698 948 1 1 1
1237 948 1 1 1
278 951 1 1 1
644 951 1 2 2
882 951 4 6 19
1095 951 11 12 44
232 952 4 7 15
518 953 2 2 3
1291 953 5 7 27
295 954 4 2 6
414 954 2 3 4
699 955 1 1 1
779 955 1 3 3
826 955 1 1 1
862 954 1 1 1
1209 954 14 13 80
799 957 4 7 14
966 957 4 10 35
1128 957 3 4 11
1184 956 6 13 60
1412 957 1 1 1
175 958 1 1 1
520 959 1 2 2
743 958 1 3 3
1327 958 6 8 26
858 961 4 6 20
1064 961 2 1 2
1161 961 1 1 1
1419 961 1 1 1
483 962 3 2 4
649 963 1 1 1
1249 963 1 1 1
500 964 6 9 24
763 964 1 3 3
877 965 1 2 2
916 965 2 5 10
975 964 10 8 30
1082 964 1 1 1
1367 964 4 3 8
834 967 1 1 1
403 969 1 1 1
442 969 1 1 1
1297 968 1 2 2
543 971 13 17 53
647 970 2 9 11
1093 971 3 6 15
568 972 1 1 1
1095 973 34 18 162
91 975 2 2 3
108 974 4 4 8
430 974 7 4 12
797 975 2 3 6
1240 974 3 5 13
1391 975 4 3 6
12 976 1 1 1
406 976 3 2 5
771 976 2 9 11
896 977 12 9 58
1118 976 24 43 262
818 978 7 11 30
1070 978 2 3 5
1296 979 10 8 44
1697 979 6 6 19
215 980 2 1 2
875 980 1 2 2
1326 981 1 1 1
1350 980 4 5 16
244 982 1 1 1
1615 982 1 1 1
131 985 1 1 1
285 985 3 3 8
735 985 1 2 2
1009 984 4 1 4
1727 984 3 4 5
756 987 1 2 2
759 986 1 1 1
1054 986 1 2 2
1321 987 2 5 8
141 988 1 1 1
267 988 4 6 11
516 989 6 6 15
870 988 1 1 1
933 988 1 1 1
387 991 2 2 3
727 991 2 4 8
754 990 1 1 1
1226 990 5 9 37
1247 990 4 7 21
363 992 3 4 9
596 993 1 1 1
1447 993 1 1 1
1786 992 2 4 6
773 994 3 6 12
512 996 2 3 5
665 996 2 2 3
809 996 4 3 8
1056 997 3 3 4
1615 997 1 1 1
372 998 3 5 7
710 998 1 1 1
817 999 10 13 83
1002 998 1 1 1
1081 998 1 1 1
1182 998 4 14 20
1692 999 3 5 13
478 1001 4 5 13
532 1001 7 5 19
1268 1000 3 3 3
68 1002 4 4 10
306 1003 3 3 5
499 1002 2 2 4
658 1003 2 5 9
334 1004 4 5 16
806 1005 1 1 1
849 1007 1 1 1
1060 1006 1 1 1
1608 1006 2 2 3
1747 1007 1 1 1
617 1008 2 2 3
755 1009 8 7 18
1209 1008 5 6 22
385 1011 3 5 9
418 1011 2 4 6
520 1011 2 3 5
604 1011 2 1 2
1080 1011 1 2 2
1432 1011 1 1 1
1552 1010 1 1 1
1554 1011 1 2 2
1577 1010 2 2 4
1599 1011 8 6 38
1655 1011 2 1 2
1749 1011 2 1 2
485 1012 13 15 60
543 1012 5 1 5
1159 1013 1 1 1
1233 1012 5 6 20
1286 1013 1 1 1
1834 1013 1 1 1
843 1015 2 5 10
874 1014 1 2 2
1751 1015 6 6 16
317 1017 9 5 22
373 1017 6 8 41
538 1017 2 3 5
711 1016 3 4 10
1056 1017 1 1 1
925 1019 4 9 25
985 1018 3 3 7
1010 1018 1 2 2
1257 1019 5 10 33
1391 1018 1 1 1
1574 1019 2 2 4
273 1021 4 1 4
669 1020 2 5 9
1128 1021 7 17 51
1179 1021 4 12 25
1488 1021 1 3 3
1656 1021 2 4 5
706 1023 1 1 1
763 1022 30 19 141
814 1023 1 1 1
952 1023 4 9 32
1199 1022 5 8 28
1499 1023 2 2 3
830 1024 2 1 2
187 1027 1 1 1
729 1026 1 3 3
887 1026 1 1 1
994 1026 10 5 28
1116 1027 2 5 9
347 1029 1 1 1
382 1028 1 1 1
605 1028 1 1 1
663 1029 4 9 16
1089 1028 10 8 36
503 1030 1 1 1
532 1030 6 2 7
970 1031 2 2 3
1226 1030 3 6 14
1242 1031 1 1 1
326 1033 3 2 5
940 1033 5 8 35
517 1035 2 3 3
649 1035 2 1 2
750 1034 1 1 1
573 1037 1 2 2
603 1037 1 1 1
736 1037 1 2 2
875 1037 1 1 1
7 1038 2 2 4
481 1038 1 2 2
674 1038 1 2 2
822 1038 1 4 4
1068 1038 2 6 8
96 1040 1 1 1
243 1041 1 1 1
555 1041 2 2 4
619 1041 2 1 2
1142 1041 15 20 51
1222 1041 3 4 11
440 1043 1 1 1
567 1042 1 1 1
585 1043 1 1 1
717 1043 1 1 1
974 1043 1 1 1
1680 1042 3 4 8
181 1044 4 5 12
420 1044 1 1 1
502 1045 8 4 14
604 1044 1 1 1
680 1044 2 3 5
797 1045 1 4 4
832 1045 1 1 1
1411 1045 1 1 1
1708 1045 1 1 1
1795 1045 1 2 2
534 1046 2 12 15
646 1047 6 5 18
696 1047 1 3 3
765 1047 5 4 8
826 1047 6 3 18
960 1046 1 1 1
1062 1047 2 2 4
1217 1046 4 8 27
1287 1046 4 3 10
1530 1047 1 1 1
6 1049 1 1 1
553 1048 2 2 3
1237 1048 7 6 12
1270 1048 5 6 15
1412 1049 6 4 13
1526 1048 3 1 3
1798 1048 1 2 2
405 1051 7 2 7
453 1051 1 1 1
1035 1051 3 5 13
1130 1051 1 3 3
1285 1050 1 1 1
298 1052 4 5 9
657 1052 1 1 1
683 1053 1 3 3
819 1052 1 2 2
917 1052 1 1 1
381 1054 2 2 3
774 1054 1 1 1
888 1055 3 5 13
939 1054 1 1 1
942 1055 2 5 9
1565 1054 10 11 26
244 1056 2 4 5
512 1057 1 1 1
625 1056 1 1 1
675 1056 3 5 7
689 1056 1 1 1
833 1057 2 1 2
1095 1056 9 7 29
20 1058 1 1 1
624 1058 1 1 1
800 1059 1 1 1
969 1059 1 1 1
1038 1059 1 1 1
1169 1059 12 6 41
1598 1058 2 5 5
122 1061 1 1 1
139 1060 2 2 3
481 1060 1 1 1
523 1060 11 10 36
550 1061 1 2 2
561 1061 2 3 4
729 1061 1 1 1
1133 1061 2 4 7
1413 1060 5 4 11
120 1062 1 1 1
508 1062 1 1 1
703 1062 1 2 2
784 1062 1 2 2
1158 1063 2 4 6
1266 1062 3 5 10
399 1065 3 7 15
482 1064 1 1 1
568 1065 1 1 1
678 1065 2 1 2
1217 1065 1 1 1
1286 1065 2 3 5
1618 1065 1 1 1
1716 1065 3 2 5
653 1066 2 3 5
693 1066 1 1 1
776 1067 1 1 1
1125 1066 5 5 21
1224 1066 1 1 1
142 1069 1 1 1
176 1068 2 2 3
619 1068 1 3 3
749 1069 1 1 1
832 1068 1 1 1
993 1068 4 7 22
1212 1068 2 3 5
280 1071 2 2 2
511 1070 1 3 3
801 1071 2 3 4
1319 1070 4 3 5
390 1072 3 4 8
861 1073 1 3 3
1026 1073 3 5 14
1093 1072 8 7 33
1523 1073 3 3 6
1810 1072 1 1 1
521 1075 1 1 1
557 1074 1 1 1
634 1075 3 8 16
680 1074 4 3 8
925 1075 2 5 8
1390 1074 1 1 1
515 1076 1 1 1
549 1076 5 8 12
820 1077 1 1 1
1170 1077 4 8 27
91 1078 1 1 1
423 1078 1 1 1
1194 1078 3 5 11
1471 1078 1 1 1
1745 1078 1 1 1
723 1081 2 3 5
782 1080 3 6 16
827 1081 1 4 4
1019 1081 1 1 1
672 1083 1 1 1
1264 1083 4 4 5
608 1085 1 1 1
617 1084 1 1 1
639 1085 2 2 4
800 1084 11 10 45
911 1084 2 5 8
968 1084 1 1 1
1088 1084 2 2 3
1150 1085 1 1 1
626 1087 1 1 1
681 1087 1 1 1
708 1087 2 4 5
791 1087 1 5 5
972 1086 3 5 10
230 1088 3 10 20
532 1088 1 1 1
772 1089 1 1 1
820 1089 1 1 1
1826 1088 1 1 1
391 1090 1 1 1
977 1091 4 5 17
1166 1090 1 1 1
1812 1091 9 6 26
286 1092 6 2 11
486 1093 6 6 10
695 1093 1 1 1
924 1093 1 1 1
1465 1093 5 6 18
282 1094 3 2 6
539 1095 7 10 31
650 1094 1 1 1
759 1095 1 1 1
1042 1094 3 3 8
1119 1094 1 2 2
1140 1095 3 5 13
1645 1094 1 2 2
172 1096 1 1 1
460 1097 1 1 1
604 1096 1 1 1
616 1097 1 1 1
1061 1097 3 9 19
1157 1097 28 39 347
1196 1097 3 5 13
497 1099 10 4 22
526 1098 1 1 1
820 1099 2 1 2
827 1098 2 1 2
877 1099 2 4 8
916 1098 1 1 1
962 1098 5 6 16
1108 1099 3 3 7
462 1100 1 1 1
659 1101 1 1 1
779 1100 2 3 5
848 1100 2 1 2
1327 1100 1 1 1
1655 1100 1 1 1
103 1102 3 2 5
1089 1102 1 1 1
1102 1102 1 1 1
1497 1102 11 13 55
256 1105 2 2 4
576 1104 1 1 1
756 1105 16 12 65
784 1104 53 38 379
1285 1105 3 3 6
38 1106 1 1 1
154 1107 5 4 11
642 1106 1 2 2
869 1106 1 1 1
1240 1107 2 4 6
1323 1106 1 2 2
112 1108 2 1 2
364 1108 3 3 6
536 1109 2 2 3
859 1108 8 18 51
933 1109 3 1 3
1805 1109 1 1 1
410 1111 3 3 5
574 1111 1 2 2
818 1110 1 1 1
944 1111 16 12 69
243 1113 2 1 2
600 1112 1 2 2
625 1113 1 1 1
1107 1112 1 3 3
326 1115 1 1 1
646 1114 1 1 1
669 1114 2 2 4
745 1114 2 2 3
1390 1115 1 1 1
1533 1114 14 7 53
1258 1116 2 3 4
1306 1117 2 2 3
1391 1117 2 4 6
36 1118 2 2 4
893 1119 16 4 33
1142 1118 1 1 1
552 1121 1 1 1
658 1120 1 3 3
1136 1120 1 1 1
1153 1120 3 3 7
530 1122 1 1 1
608 1123 1 1 1
714 1123 1 1 1
774 1123 1 1 1
1031 1123 2 4 5
1073 1123 1 1 1
1112 1122 1 1 1
1350 1122 1 1 1
1418 1122 1 1 1
358 1125 1 1 1
577 1124 1 1 1
1050 1124 8 7 14
1147 1125 1 4 4
512 1126 11 8 56
736 1126 1 1 1
888 1126 5 4 8
1286 1126 1 1 1
544 1129 1 1 1
774 1128 11 19 73
1099 1129 2 3 5
114 1131 2 2 3
258 1131 15 11 61
565 1131 5 3 7
594 1131 1 1 1
605 1130 2 1 2
924 1130 1 1 1
1373 1130 1 1 1
1392 1131 1 1 1
400 1132 1 4 4
480 1132 2 1 2
545 1133 1 2 2
697 1132 1 1 1
1229 1132 2 4 7
1281 1132 1 1 1
457 1135 1 1 1
556 1135 2 2 3
961 1134 2 1 2
175 1137 1 1 1
401 1137 8 13 46
529 1137 1 1 1
573 1136 2 2 4
627 1136 1 1 1
658 1136 1 1 1
912 1137 1 1 1
1090 1136 1 3 3
1234 1137 4 5 14
1504 1137 1 1 1
1549 1136 1 1 1
1599 1137 1 1 1
56 1139 2 2 3
102 1138 4 4 13
195 1138 1 1 1
498 1138 1 1 1
616 1139 1 1 1
727 1139 2 3 4
837 1139 13 6 18
859 1139 2 1 2
881 1139 2 1 2
900 1138 1 1 1
988 1139 7 7 23
1117 1139 1 2 2
1143 1139 18 31 207
369 1141 2 2 4
383 1140 4 2 5
883 1141 5 5 9
1042 1141 3 4 6
1346 1140 1 2 2
1384 1141 1 1 1
1601 1140 1 1 1
437 1142 4 3 8
578 1142 1 2 2
646 1143 1 1 1
711 1142 1 1 1
756 1143 1 2 2
1067 1142 1 2 2
523 1145 1 4 4
612 1145 1 2 2
638 1144 1 1 1
851 1144 1 1 1
927 1145 2 3 6
1407 1145 2 1 2
1529 1144 1 1 1
466 1146 3 4 9
634 1147 1 1 1
668 1147 1 1 1
1084 1146 2 2 4
1523 1146 2 3 5
272 1149 1 1 1
596 1148 3 4 8
882 1149 1 1 1
1351 1148 1 2 2
744 1151 1 1 1
836 1151 1 1 1
897 1150 22 9 42
1035 1150 1 3 3
1079 1151 1 2 2
1090 1151 7 4 20
1280 1151 2 2 2
1747 1151 9 9 27
573 1152 1 1 1
660 1152 1 1 1
758 1152 1 1 1
878 1152 1 1 1
933 1153 2 2 3
963 1153 6 5 20
1232 1152 5 7 23
1442 1152 5 4 13
1796 1152 1 1 1
437 1155 8 6 36
514 1154 3 6 12
563 1155 1 1 1
614 1154 1 1 1
764 1155 1 1 1
1504 1154 1 1 1
267 1156 3 2 4
418 1156 1 2 2
640 1156 1 1 1
674 1157 1 1 1
782 1156 1 1 1
817 1156 1 1 1
69 1159 1 1 1
251 1158 2 2 2
620 1158 3 2 5
699 1158 1 1 1
835 1158 1 1 1
1005 1159 1 1 1
1019 1158 3 4 10
71 1160 1 1 1
402 1161 1 1 1
411 1160 1 1 1
455 1160 2 2 3
688 1160 14 17 85
754 1161 1 1 1
827 1161 1 1 1
868 1161 1 1 1
950 1160 1 1 1
972 1160 10 8 47
1545 1161 1 1 1
521 1163 2 4 7
559 1163 1 1 1
717 1162 18 19 86
738 1163 1 1 1
784 1162 1 1 1
927 1163 2 4 8
996 1163 1 1 1
1029 1163 1 1 1
1068 1163 1 2 2
1278 1162 1 1 1
271 1164 4 2 7
912 1165 1 1 1
1090 1165 3 4 8
945 1167 1 1 1
1188 1167 3 4 8
460 1168 1 1 1
492 1169 1 1 1
544 1168 4 3 9
819 1169 1 3 3
824 1168 1 1 1
839 1168 1 1 1
857 1168 1 1 1
1297 1169 3 4 8
467 1170 1 2 2
527 1170 2 8 15
628 1171 9 12 32
763 1170 1 4 4
777 1171 5 7 11
799 1170 3 6 16
884 1170 1 1 1
893 1171 1 1 1
1116 1171 1 4 4
1356 1170 4 6 15
322 1173 1 1 1
1134 1172 1 1 1
1167 1173 13 3 27
304 1174 1 1 1
324 1175 1 2 2
392 1175 6 7 29
412 1175 3 2 5
429 1175 1 1 1
578 1175 1 2 2
988 1174 1 2 2
206 1177 1 1 1
588 1176 7 4 21
668 1176 2 2 2
764 1176 1 2 2
816 1176 3 4 8
836 1176 1 1 1
875 1176 1 1 1
969 1177 2 3 5
1352 1176 1 1 1
488 1179 1 1 1
768 1178 4 5 17
786 1178 1 1 1
943 1179 1 1 1
1140 1178 2 2 3
1199 1179 2 2 2
1255 1178 1 1 1
1821 1178 1 1 1
162 1180 14 7 19
283 1180 1 2 2
866 1181 1 1 1
918 1181 3 10 12
975 1181 2 2 3
1389 1181 1 1 1
1582 1181 1 1 1
140 1183 1 1 1
539 1182 1 2 2
805 1182 3 5 8
886 1183 2 8 12
937 1182 1 1 1
1105 1183 1 3 3
1395 1182 1 1 1
207 1185 7 4 15
705 1185 1 1 1
238 1186 2 2 3
384 1186 14 12 41
767 1187 1 3 3
782 1187 5 13 17
838 1187 2 4 5
1108 1186 1 3 3
1704 1187 1 1 1
536 1189 1 1 1
585 1188 1 2 2
688 1189 1 1 1
826 1188 2 1 2
1084 1189 2 4 7
1260 1188 2 5 8
144 1191 1 1 1
278 1190 1 1 1
727 1191 11 12 67
976 1191 2 1 2
1231 1190 2 2 2
116 1193 6 6 22
490 1193 3 5 11
565 1193 4 4 9
916 1192 1 1 1
1134 1192 2 2 4
1342 1193 1 1 1
1708 1193 1 1 1
276 1195 1 1 1
503 1194 13 6 24
554 1194 1 2 2
816 1195 1 1 1
860 1194 1 1 1
1039 1194 17 5 30
1290 1195 1 2 2
1338 1194 1 1 1
337 1196 3 4 6
465 1197 1 2 2
681 1196 1 1 1
718 1196 1 2 2
901 1197 1 1 1
966 1196 1 5 5
1142 1197 2 2 3
1179 1197 1 2 2
1189 1196 4 9 19
1220 1197 2 1 2
1444 1197 1 1 1
1507 1196 1 1 1
697 1198 1 4 4
802 1199 1 1 1
906 1198 2 1 2
936 1199 1 1 1
1447 1198 1 1 1
1460 1199 3 4 6
101 1200 3 3 7
527 1200 2 1 2
579 1200 2 2 2
675 1201 1 1 1
843 1200 6 2 8
894 1200 1 2 2
948 1200 1 1 1
1093 1200 1 2 2
1131 1201 2 4 7
258 1202 1 1 1
447 1202 2 2 4
640 1203 4 5 11
701 1203 18 8 48
806 1202 1 1 1
831 1202 1 2 2
876 1203 1 1 1
1258 1203 2 4 7
1498 1203 1 1 1
1712 1202 1 1 1
509 1204 1 1 1
881 1205 1 1 1
952 1205 1 9 9
1244 1204 2 2 3
109 1206 7 3 12
829 1207 6 7 18
1155 1206 2 4 6
1410 1206 5 3 10
383 1209 3 2 3
428 1209 1 1 1
741 1208 1 1 1
850 1209 1 1 1
897 1209 6 3 16
930 1208 1 1 1
1064 1208 1 3 3
1628 1208 8 20 58
19 1211 6 4 12
147 1211 2 1 2
381 1211 1 1 1
571 1211 8 11 29
604 1210 4 3 5
842 1211 1 1 1
856 1211 1 10 10
1127 1211 3 2 5
243 1212 1 1 1
555 1213 1 1 1
802 1213 1 1 1
920 1212 8 16 58
1037 1213 1 2 2
1056 1213 1 3 3
15 1215 1 1 1
528 1215 2 1 2
827 1214 1 1 1
879 1214 1 1 1
907 1214 1 1 1
1067 1215 1 2 2
1153 1215 2 1 2
1171 1214 2 3 6
284 1216 3 4 8
501 1217 1 1 1
703 1217 1 1 1
957 1216 1 1 1
1101 1216 14 12 103
1301 1216 7 7 32
396 1218 2 3 4
421 1219 1 1 1
649 1218 6 4 8
737 1219 1 2 2
747 1218 1 1 1
769 1219 1 1 1
1084 1219 3 4 6
1605 1218 1 1 1
270 1221 3 7 18
447 1220 1 1 1
596 1220 1 1 1
683 1221 3 2 5
869 1221 1 1 1
1001 1220 1 2 2
1231 1220 4 8 21
1275 1220 1 1 1
482 1222 3 6 14
556 1223 1 5 5
705 1222 2 1 2
810 1222 1 1 1
842 1222 2 1 2
937 1223 1 5 5
1136 1223 1 5 5
350 1224 6 4 15
440 1225 1 3 3
523 1224 1 4 4
570 1224 1 4 4
725 1224 1 4 4
797 1225 1 3 3
819 1225 1 3 3
1191 1225 1 3 3
38 1226 2 2 3
185 1227 2 1 2
661 1227 1 1 1
770 1226 2 2 4
841 1226 1 2 2
