0 0 1840 1228 2107172
68 0 21 7 98
373 0 9 4 25
422 0 113 38 1497
599 0 1 1 1
689 0 29 80 974
926 0 1 2 2
1004 0 8 7 47
1196 0 12 3 25
1259 0 5 10 42
1281 0 7 3 17
1305 0 20 12 178
1396 0 26 25 381
1036 5 11 21 173
946 6 7 7 37
1075 9 8 14 84
1211 12 7 11 63
1371 12 16 16 181
556 15 55 30 730
1009 14 13 21 205
1130 14 29 22 238
44 21 29 37 777
221 23 41 36 978
1427 23 9 12 87
1081 24 32 35 576
1321 26 41 24 470
1771 27 32 30 684
1290 31 13 14 127
1202 37 11 17 100
1224 38 17 10 105
1441 39 18 18 208
1384 40 12 5 33
1500 41 16 20 222
826 44 12 10 88
1054 46 6 10 44
1635 48 1 3 3
1246 50 39 105 1009
1640 51 6 10 27
666 53 13 21 204
988 52 11 19 172
1621 52 1 1 1
288 54 11 15 109
778 54 8 14 92
0 56 41 10 200
323 59 13 15 144
724 59 2 2 4
1614 59 1 3 3
540 60 10 14 102
1331 60 16 25 168
960 65 14 16 132
1239 65 5 7 27
1200 66 29 25 391
569 69 78 97 2289
1827 69 13 17 175
1363 72 8 12 80
0 75 46 13 316
1691 77 31 34 717
304 79 9 9 62
1541 80 35 51 1134
258 82 16 20 239
1066 84 55 61 1628
774 86 13 22 195
1123 86 15 11 105
1150 89 5 7 25
1169 88 6 6 29
1442 88 7 9 46
915 92 8 15 87
359 94 10 13 104
746 95 11 16 154
402 101 20 13 120
961 101 7 14 88
1364 102 8 14 90
679 106 20 61 729
1131 106 17 19 250
224 110 14 13 131
730 110 10 17 149
1325 111 9 20 133
1405 112 7 7 36
1497 115 14 15 144
987 117 12 15 147
1164 121 8 14 85
871 125 9 16 122
1286 129 6 8 34
1198 132 3 3 9
1218 132 7 10 48
514 137 17 19 242
972 137 7 13 80
1333 136 7 9 48
1379 137 13 11 113
273 141 23 30 419
27 144 21 21 334
368 144 18 20 169
1164 146 7 10 59
1189 147 8 9 47
935 149 8 12 72
1798 149 16 14 149
250 150 14 16 175
1470 151 7 8 39
1013 152 6 15 54
557 154 15 24 273
1175 157 5 4 19
1298 157 77 52 2192
1035 159 17 15 79
101 160 23 20 330
899 160 6 9 48
1207 161 6 8 36
1274 160 4 5 14
1253 167 17 29 318
139 170 39 46 851
366 175 8 9 57
680 176 11 19 173
333 178 12 14 137
951 182 7 11 59
1197 183 31 13 206
1490 189 31 16 262
965 190 26 35 619
1411 191 5 7 28
471 194 11 15 130
543 194 7 8 42
987 199 35 81 1185
1754 200 14 10 95
1095 205 12 16 104
1235 204 11 8 66
230 208 12 13 129
1222 209 4 6 18
917 213 6 12 57
1134 215 5 7 29
1254 215 3 5 13
423 219 8 11 69
744 218 13 21 233
715 222 14 22 238
1218 223 24 39 495
175 229 11 7 60
586 229 26 23 307
71 230 19 17 248
229 230 13 15 157
791 231 6 9 47
1374 230 6 6 25
1130 232 5 7 25
1253 232 47 59 1318
620 235 1 2 2
278 237 10 9 63
1184 237 4 7 22
778 240 10 14 110
867 241 2 1 2
913 241 8 10 65
1074 241 47 33 685
1469 241 27 34 690
874 243 15 14 95
473 249 31 50 638
540 249 46 31 725
1049 251 10 14 94
1389 253 7 8 38
275 255 11 18 161
1516 255 1 1 1
1521 256 8 5 32
1150 258 3 4 10
1172 260 3 5 14
1653 261 89 82 3431
399 263 8 9 54
951 262 1 1 1
1026 264 5 9 38
1336 265 5 8 35
1401 267 3 2 6
245 270 19 23 341
970 272 7 10 56
1101 272 14 24 243
1417 273 24 22 303
903 274 6 11 59
1181 275 21 32 383
1348 275 6 10 46
873 281 5 7 32
1503 280 43 33 985
211 282 13 16 158
1786 282 13 10 104
307 286 9 9 68
599 286 9 12 93
1135 286 5 9 35
1819 287 21 31 496
41 288 19 16 222
275 288 23 52 560
978 288 17 47 296
1334 289 7 8 42
1067 290 6 9 44
863 295 6 10 48
1159 298 2 1 2
1304 299 8 11 62
640 300 24 24 255
1279 300 6 8 32
567 305 9 13 94
936 305 27 46 404
910 307 7 8 44
1141 306 8 8 41
1327 307 4 3 11
613 309 10 13 91
790 308 1 1 1
769 311 1 1 1
1021 310 5 8 30
1103 310 4 6 20
1176 312 4 6 17
1052 315 5 4 14
1273 317 19 19 159
1076 321 6 20 62
1363 321 11 8 54
1092 322 15 24 269
1308 325 5 6 24
1549 331 2 1 2
1196 333 13 16 152
1255 339 6 6 25
497 342 14 15 159
1031 342 6 9 37
853 344 1 1 1
964 344 33 31 513
1277 345 4 3 10
1321 344 22 36 488
1465 345 23 24 301
1232 347 7 10 52
1355 347 5 6 23
23 349 22 20 334
286 350 10 8 64
373 351 9 12 85
603 351 9 12 82
846 350 3 2 6
905 350 1 1 1
916 353 1 1 1
550 355 27 18 350
894 355 3 4 7
1078 354 4 5 16
869 356 3 2 4
1205 356 4 6 19
642 358 9 13 88
770 358 8 12 73
826 358 1 1 1
917 359 2 2 3
948 359 8 4 15
903 360 1 1 1
922 360 13 15 56
940 360 1 1 1
1064 361 4 7 22
1188 363 13 15 134
1264 363 5 6 22
98 366 16 16 197
682 366 12 21 114
904 366 8 26 104
1160 367 4 6 20
741 368 9 13 86
853 368 4 7 26
1297 370 5 6 23
420 373 7 9 45
805 372 1 1 1
954 372 1 1 1
1048 375 18 24 201
1141 375 6 5 19
584 376 22 66 669
856 376 34 46 777
1277 377 3 2 5
380 378 7 8 42
891 378 3 6 9
976 378 1 1 1
942 383 1 1 1
1231 382 23 14 83
1365 382 5 6 24
175 385 11 7 55
665 385 10 14 103
1118 384 3 4 10
1345 385 4 2 5
276 386 35 80 1127
637 386 10 15 126
1313 387 2 1 2
967 389 1 1 1
1090 389 2 1 2
1225 393 47 46 965
895 394 27 23 165
1031 394 2 1 2
1172 395 13 18 191
537 397 32 42 613
487 398 10 11 78
837 399 1 1 1
1032 398 9 15 45
1086 399 4 8 27
1747 398 11 8 74
936 400 17 17 142
990 400 2 1 2
1283 400 13 16 136
1627 400 15 4 30
960 402 51 65 1395
1135 402 3 5 11
1146 403 4 5 14
1372 402 27 33 660
240 407 27 29 496
401 407 4 2 6
1352 412 4 4 15
457 414 6 7 31
1131 415 4 5 13
1609 415 22 20 315
519 417 4 3 7
928 416 2 2 3
1686 416 2 1 2
1182 421 1 1 1
708 423 12 16 154
798 422 13 18 180
900 423 2 2 2
922 425 6 7 37
1040 425 3 4 10
1104 424 9 13 99
1280 425 6 7 28
879 429 5 9 39
1738 428 11 8 62
1260 430 19 26 124
1075 433 1 1 1
1709 432 2 1 2
354 436 6 7 37
935 436 1 1 1
946 437 1 1 1
1032 437 3 4 11
1067 437 4 17 42
1087 437 1 1 1
858 438 1 1 1
906 438 1 1 1
686 441 1 1 1
1704 440 28 21 302
644 444 9 9 63
725 445 2 2 3
859 445 1 1 1
605 446 7 7 44
20 449 20 15 200
1246 449 4 6 19
1539 449 1 2 2
181 450 13 11 117
910 450 13 16 49
1194 451 18 31 370
895 453 5 6 25
960 452 1 1 1
1031 453 20 21 176
1085 452 9 15 105
588 454 7 9 53
158 456 13 10 97
1134 456 4 5 15
1292 457 4 5 16
263 458 7 6 29
1398 459 22 27 456
632 461 7 8 48
879 461 5 7 27
965 461 27 20 289
1148 460 1 1 1
1061 465 5 7 29
607 467 23 17 183
790 469 25 38 347
917 468 3 2 3
930 468 1 1 1
1311 470 23 16 230
1459 473 34 30 665
407 474 1 1 1
1180 475 4 12 28
1233 475 13 5 35
1732 474 6 3 14
513 476 9 13 97
555 477 13 17 144
1055 477 2 1 2
877 479 1 2 2
940 479 8 8 44
1155 478 3 4 11
271 480 7 7 40
389 480 1 1 1
1223 482 1 2 2
1698 483 22 19 295
117 485 16 16 180
286 485 9 15 98
911 484 10 26 136
1209 485 4 19 46
1598 484 28 29 576
957 486 4 5 9
601 489 1 1 1
985 488 18 13 75
1024 488 11 16 146
1059 489 25 29 182
1292 488 7 17 55
1382 488 10 11 88
235 491 26 18 196
166 494 1 1 1
747 495 7 10 55
837 495 21 6 92
1417 494 1 1 1
1128 497 26 19 342
410 498 6 4 19
1084 498 2 1 2
1493 499 2 1 2
78 501 19 9 104
1245 500 5 5 24
1306 500 6 7 23
607 503 7 9 45
1082 502 1 2 2
298 504 15 16 176
639 504 8 7 37
627 506 2 1 2
1172 506 3 5 14
1257 509 7 14 73
870 510 12 12 96
995 512 4 5 16
404 515 5 4 15
584 514 8 9 52
847 515 5 8 35
899 515 10 8 42
1175 517 3 5 10
1298 517 4 3 10
1365 516 10 13 97
779 519 1 1 1
967 518 5 8 35
1230 519 22 43 501
1314 519 23 31 541
264 521 7 5 29
753 521 10 14 112
1209 520 4 5 13
459 522 11 18 154
627 523 3 2 3
1304 523 4 5 19
917 525 17 15 121
1096 525 12 16 145
1640 525 10 7 47
413 527 1 1 1
998 527 22 19 274
1539 527 45 47 1010
1679 526 18 17 196
1130 529 15 14 135
523 531 13 21 176
600 531 8 11 71
1082 532 1 1 1
28 534 1 1 1
1284 535 10 6 39
1457 534 28 20 341
0 536 5 9 37
254 536 9 9 61
769 536 1 1 1
1162 536 3 4 7
1258 538 1 1 1
1536 538 1 2 2
838 540 5 6 21
1216 540 5 12 51
755 543 2 1 2
1301 542 4 6 17
274 544 6 4 21
1199 544 4 6 18
422 546 15 16 196
738 547 13 8 53
384 549 1 1 1
610 549 6 9 48
895 548 61 73 1578
999 550 3 4 9
1278 550 5 11 37
1632 553 3 2 4
838 555 2 5 5
1045 554 3 3 6
1156 554 3 4 8
546 556 1 1 1
1086 559 4 5 15
1177 559 2 3 6
239 561 11 11 94
837 561 1 1 1
1199 560 5 6 26
291 563 7 6 33
525 562 8 9 52
553 562 18 13 152
1144 563 3 3 7
551 565 1 1 1
587 565 9 9 74
695 564 3 2 5
1014 564 4 5 15
1126 564 3 7 16
1384 564 22 27 478
514 566 1 1 1
817 566 1 1 1
980 569 12 8 60
1807 568 28 23 506
270 571 9 6 44
377 570 5 6 24
1255 571 9 10 66
213 572 14 15 178
835 572 1 11 11
942 573 6 9 41
1216 573 10 8 69
1240 572 6 7 32
544 575 4 4 12
1633 575 10 7 56
361 576 5 6 27
256 579 9 8 60
598 579 8 10 71
797 578 5 8 33
1050 578 3 5 13
686 581 1 2 2
1277 580 3 5 13
497 582 1 1 1
813 582 5 6 24
1200 582 18 15 106
316 584 6 6 31
1180 584 3 3 8
736 587 1 1 1
877 587 8 10 46
580 588 8 7 46
283 591 10 9 77
981 590 3 5 13
638 592 7 7 37
1126 593 1 3 3
1157 592 5 5 13
1322 592 2 2 2
353 594 7 8 48
683 595 1 1 1
773 594 1 1 1
422 597 8 6 30
1172 596 4 5 14
1545 597 2 2 4
1583 597 18 18 253
825 598 11 6 61
1134 598 3 3 9
747 600 7 8 40
1227 601 3 2 4
1276 600 6 7 29
436 603 7 6 32
616 603 7 9 53
1254 603 3 4 9
232 604 2 2 3
836 605 1 4 4
1420 605 2 2 2
1716 604 1 1 1
808 609 4 6 20
973 608 1 1 1
1102 609 2 3 6
33 613 14 11 119
762 613 1 1 1
837 613 2 7 7
1016 613 3 4 9
275 615 6 6 32
509 614 11 13 115
820 614 4 4 13
1186 615 3 6 12
579 617 5 4 18
714 616 10 12 92
1608 616 1 1 1
1611 617 1 1 1
667 619 1 2 2
845 618 9 26 83
946 618 34 32 528
1374 618 21 14 153
1036 620 3 5 12
541 623 21 11 126
993 622 2 5 9
1177 623 60 37 1102
575 625 1 1 1
671 624 2 1 2
1323 625 2 3 4
1487 625 27 32 652
1636 624 20 19 267
1039 627 8 5 33
751 629 1 1 1
1245 629 5 5 20
623 631 7 11 64
1782 631 1 2 2
577 632 3 1 3
356 635 8 6 33
417 634 1 1 1
917 634 1 1 1
249 637 1 1 1
473 637 7 8 42
977 637 16 10 65
1070 638 3 3 8
1574 639 35 70 1294
304 641 5 4 20
591 641 6 8 34
926 641 4 3 8
1037 640 8 21 78
1448 641 2 1 2
695 643 7 6 32
723 642 5 3 12
763 642 1 1 1
1133 643 19 47 435
234 644 13 21 144
492 644 17 12 127
576 644 1 1 1
845 645 1 1 1
996 645 3 4 10
1100 645 13 4 26
1245 647 5 4 12
1748 649 2 1 2
453 651 3 9 11
601 650 1 1 1
729 651 1 1 1
901 650 8 18 106
1388 650 3 1 3
1081 653 22 23 221
197 654 14 11 113
365 656 15 22 123
477 656 6 6 31
935 657 20 20 209
1424 658 4 9 20
1481 658 2 1 2
617 661 8 10 62
1166 660 1 1 1
1436 660 1 1 1
1532 660 1 1 1
1733 660 5 2 7
575 662 1 1 1
670 662 6 4 19
974 663 5 10 26
1115 662 4 7 15
1049 665 3 4 11
1239 664 6 12 37
418 666 1 1 1
581 667 8 9 63
1032 667 2 4 7
1204 666 4 5 17
1407 667 3 6 8
309 669 2 1 2
850 669 3 4 11
178 670 4 3 6
769 670 8 12 78
869 670 6 19 87
1014 671 1 3 3
1072 673 16 13 83
1177 673 1 1 1
1218 672 3 3 8
1301 672 2 1 2
1431 672 6 9 21
499 674 9 10 74
1046 674 3 4 10
400 677 5 4 17
526 677 36 18 306
570 676 6 7 37
661 679 2 2 3
1643 679 19 13 169
601 680 5 7 31
1109 680 1 3 3
1332 681 2 3 5
755 683 5 6 24
989 682 3 5 12
1005 685 2 3 6
1218 684 11 20 149
286 687 6 4 20
844 686 3 3 8
909 686 1 1 1
329 688 18 12 89
373 690 1 2 2
473 691 11 12 106
1180 691 2 3 6
1310 691 1 1 1
1830 690 1 2 2
227 692 13 10 88
432 693 2 1 2
1160 693 2 3 6
1448 692 2 2 3
852 694 6 6 29
1328 695 1 1 1
1452 695 1 2 2
156 696 1 1 1
1043 697 4 15 33
1266 697 3 2 6
699 698 453 285 29053
626 700 2 1 2
734 700 5 7 29
1404 701 2 3 4
1739 700 1 1 1
294 703 6 5 27
673 703 1 1 1
939 702 2 3 6
1055 702 3 5 12
1238 703 1 1 1
1307 702 2 2 3
1338 703 2 2 4
1555 703 17 18 230
505 705 2 1 2
896 705 6 7 32
1151 705 2 2 2
102 706 12 11 112
396 706 1 2 2
1447 707 29 38 692
493 709 10 11 100
568 708 6 8 40
603 709 2 1 2
51 711 2 1 2
1059 710 21 14 173
1098 710 8 11 76
1213 710 22 20 137
1246 711 3 2 4
163 712 2 3 4
869 712 15 8 86
1263 712 8 10 54
1411 712 1 1 1
233 714 8 10 60
930 714 11 14 105
946 715 3 2 5
1020 715 3 3 6
117 717 10 8 66
658 716 1 1 1
835 716 4 5 17
446 719 7 6 22
540 718 11 6 31
976 718 14 17 144
1159 718 9 7 38
1369 719 1 1 1
1690 718 3 2 4
486 720 6 7 35
1129 720 3 2 4
708 723 8 11 72
865 722 4 7 23
964 722 4 6 21
560 725 14 10 85
1007 725 2 4 8
1021 724 10 13 102
1108 725 1 2 2
1322 724 8 8 43
1776 724 1 1 1
280 726 4 2 7
424 726 1 1 1
426 727 4 4 15
444 726 2 1 2
596 727 1 1 1
412 729 1 1 1
1084 729 18 13 105
1378 728 1 1 1
382 730 3 4 11
1150 731 4 4 11
1164 731 7 6 27
1822 730 18 18 237
316 732 5 5 24
534 732 9 11 65
909 732 10 16 118
942 733 5 5 20
204 734 3 2 5
702 735 4 6 20
1191 735 15 26 122
1223 735 12 13 72
212 736 9 8 46
392 736 2 2 3
552 739 6 7 32
593 739 26 17 229
931 738 8 5 35
1051 739 2 4 8
1056 738 1 1 1
465 741 2 1 2
1672 741 3 2 5
1034 743 3 4 9
1245 743 17 18 249
245 745 8 8 48
1142 744 1 1 1
1303 744 1 1 1
1738 745 1 1 1
59 750 1 1 1
306 750 8 9 56
373 750 1 1 1
522 750 14 21 139
479 752 18 12 135
707 753 7 9 41
1007 752 5 5 16
1438 753 9 2 17
363 755 5 5 22
550 755 5 6 21
828 754 16 7 77
1220 755 3 4 9
1284 755 6 4 19
1337 754 8 10 60
653 756 1 1 1
1300 757 1 3 3
1365 757 2 2 3
260 759 32 25 293
343 758 7 4 18
445 758 29 19 229
329 761 4 3 8
635 761 2 2 3
697 760 1 1 1
1172 760 3 4 9
1564 761 1 1 1
508 762 1 2 2
1297 763 3 3 9
392 766 1 2 2
605 767 2 2 3
1083 766 2 6 11
1584 766 6 6 23
369 769 2 1 2
562 768 5 5 21
831 768 6 9 42
1812 768 2 2 3
210 770 5 3 9
306 771 12 13 63
411 770 11 9 47
1003 771 9 15 98
1711 770 3 2 4
329 773 1 1 1
971 773 3 5 13
1069 773 1 2 2
1216 772 10 3 29
642 775 3 2 4
1158 774 3 3 7
1202 774 3 3 7
488 777 1 1 1
876 776 4 6 22
979 778 1 1 1
1058 779 8 10 67
1079 778 4 5 12
1266 778 2 3 5
1552 779 8 7 43
1683 778 4 3 9
1778 779 3 2 5
392 780 1 2 2
1395 780 1 1 1
434 783 7 12 39
502 782 13 13 95
1490 782 12 9 68
1036 785 2 4 7
1165 785 3 4 8
1389 784 3 2 3
143 787 10 9 73
532 786 7 9 53
600 786 5 7 32
863 786 11 9 39
1306 786 2 1 2
1696 787 2 2 2
1044 788 5 12 28
1558 790 27 31 533
618 793 6 19 84
973 792 1 3 3
1180 792 4 7 22
1330 792 1 1 1
558 794 15 11 73
1224 794 4 3 10
1721 794 20 16 182
1195 796 5 2 7
231 799 29 13 213
453 799 1 2 2
694 799 1 1 1
1232 799 2 2 3
1704 798 4 2 5
548 801 6 6 31
820 801 14 5 38
880 800 5 5 21
1204 800 1 2 2
1269 800 7 9 49
1041 803 2 4 6
1178 802 2 4 6
1248 802 1 1 1
1540 803 7 6 28
456 804 3 5 15
598 805 6 8 39
1284 804 13 11 76
284 807 8 6 33
346 807 4 3 9
382 807 3 3 8
1067 806 1 2 2
1383 806 1 1 1
665 809 1 1 1
885 809 19 20 226
1324 809 5 3 10
1451 808 2 2 2
451 813 1 1 1
1208 812 2 3 6
1609 813 1 1 1
517 814 1 1 1
839 814 10 9 63
960 814 5 4 14
1167 815 11 6 44
696 817 1 1 1
938 816 11 20 123
321 819 4 2 7
519 818 14 18 103
1009 819 1 3 3
1535 818 8 7 46
1614 818 2 2 4
1728 818 2 2 4
543 821 9 18 112
1212 821 3 4 9
1260 821 7 7 40
1369 821 1 1 1
55 823 1 1 1
139 822 10 6 42
1401 823 3 2 4
435 827 1 1 1
587 826 7 8 45
653 826 4 5 17
1132 827 2 3 5
1177 826 3 4 10
1284 827 1 1 1
202 828 1 1 1
261 828 2 1 2
274 828 4 4 13
1292 828 6 8 40
74 831 25 15 216
1224 831 7 3 15
1547 830 1 1 1
347 832 3 4 8
489 833 5 6 28
614 832 4 4 13
839 832 5 5 19
927 832 2 3 6
1190 833 2 1 2
1270 832 3 1 3
300 834 3 2 4
1188 834 1 1 1
1795 834 3 2 6
278 836 3 1 3
1130 836 13 12 68
1199 837 2 3 6
1212 836 6 10 50
461 839 2 2 2
671 838 6 13 53
726 839 6 7 37
863 838 3 4 11
1756 839 3 4 10
594 840 6 13 64
1433 840 3 2 4
1511 841 2 2 3
231 843 1 1 1
648 843 1 2 2
769 842 4 6 21
1459 843 2 2 4
1689 843 1 1 1
186 844 10 9 61
484 844 1 1 1
1515 845 5 5 20
219 846 2 1 2
622 847 13 12 105
944 846 1 2 2
1161 847 1 2 2
284 848 1 1 1
475 848 1 1 1
1206 848 4 3 10
325 851 2 3 5
502 850 1 1 1
527 850 2 1 2
1838 850 2 5 10
782 852 10 16 75
203 855 1 1 1
343 855 12 3 18
367 855 8 18 108
517 855 3 4 9
1449 855 30 22 365
1591 854 3 2 4
175 856 1 1 1
273 857 23 17 122
965 856 1 2 2
1140 857 7 5 22
1731 856 5 5 13
1187 859 2 3 4
1216 860 3 10 12
1579 860 8 5 27
405 862 1 1 1
763 862 1 1 1
1147 863 22 26 258
1489 862 44 28 599
1721 863 1 1 1
221 865 7 3 16
606 865 2 2 3
1230 864 1 2 2
438 867 3 3 9
524 867 7 15 56
1577 866 2 2 4
796 868 2 2 4
1120 869 14 10 65
1287 869 1 1 1
1321 869 1 1 1
1386 868 1 1 1
1557 869 14 11 122
318 871 3 2 5
432 871 3 2 4
447 870 9 11 82
774 871 2 1 2
1200 870 2 14 17
1376 870 2 2 2
1756 870 2 3 4
562 873 5 6 21
1278 875 2 1 2
1394 875 1 1 1
1220 876 30 24 277
1254 877 3 12 17
1425 877 6 4 8
1626 876 2 1 2
489 879 1 1 1
574 879 1 1 1
1478 879 1 1 1
1589 879 35 24 508
322 881 2 1 2
356 880 3 2 4
510 881 6 7 36
729 880 6 9 41
1680 880 1 1 1
1805 881 35 30 662
317 883 5 4 10
461 883 20 15 213
1107 883 1 1 1
302 885 1 2 2
373 885 5 9 17
418 885 1 1 1
490 884 9 11 91
827 884 2 4 8
1094 885 2 3 5
434 886 1 1 1
608 886 5 7 31
805 887 11 5 21
1195 887 2 3 5
1388 887 2 2 3
249 888 5 4 12
304 889 3 2 4
132 891 15 12 126
1143 891 1 2 2
1439 890 3 2 4
835 892 2 3 6
1097 892 7 3 10
1116 893 69 87 2081
583 894 4 5 13
663 894 1 1 1
703 895 1 1 1
734 894 1 1 1
1117 895 1 2 2
1479 895 1 1 1
1715 894 1 1 1
198 897 13 11 99
821 896 2 2 4
1190 896 2 2 4
1297 896 4 5 18
1460 897 4 2 6
1670 896 24 20 370
46 898 3 2 4
500 899 1 2 2
846 899 9 11 72
1118 899 1 1 1
1192 899 1 1 1
1322 898 2 1 2
1777 899 2 1 2
404 901 1 1 1
559 901 5 5 17
596 901 5 6 27
1075 900 1 1 1
1133 901 2 3 5
1285 900 1 1 1
1532 900 1 1 1
1707 900 3 3 8
75 903 1 1 1
827 903 3 4 9
1195 902 2 1 2
1572 902 1 1 1
235 907 12 11 99
479 907 2 1 2
1096 906 12 11 82
1178 906 6 8 24
1246 906 18 21 296
1446 906 1 2 2
1556 907 1 1 1
41 908 1 1 1
149 908 1 2 2
1201 909 3 3 9
1220 909 4 4 8
1351 909 7 7 29
410 911 3 3 6
495 911 10 8 57
1382 911 1 1 1
452 912 1 1 1
519 913 5 4 14
559 913 18 23 100
1318 913 9 7 33
1412 913 9 14 48
1662 912 1 1 1
1365 915 1 1 1
1438 915 1 1 1
59 917 3 2 4
684 916 6 9 37
1077 917 1 1 1
1612 916 2 2 3
1072 919 2 3 6
1448 919 9 3 14
616 921 1 1 1
1628 920 2 2 4
317 922 7 17 63
1584 922 2 1 2
340 925 4 2 5
418 924 3 4 7
841 924 5 7 25
1197 925 22 34 412
1557 925 14 12 131
1593 924 19 20 282
366 926 1 1 1
580 927 6 6 30
650 926 1 1 1
757 926 2 2 3
855 926 11 12 92
1298 926 1 1 1
1354 927 1 1 1
1382 927 1 1 1
407 929 1 2 2
544 929 1 1 1
596 929 19 14 123
258 930 6 5 23
1690 931 3 1 3
637 932 4 2 5
741 933 7 8 47
1235 932 11 7 32
1268 933 4 3 11
124 935 8 5 27
194 935 1 1 1
801 935 5 7 29
1292 934 2 1 2
1462 934 7 5 23
1502 934 3 2 4
1649 935 2 4 7
1668 935 1 2 2
653 936 1 1 1
790 936 2 4 8
1284 936 3 3 8
1351 937 4 3 9
1386 937 1 1 1
1435 936 1 1 1
1528 937 1 1 1
278 938 4 4 7
450 938 5 5 20
1091 938 20 33 246
1301 939 34 33 586
1490 939 6 5 21
174 941 1 1 1
550 941 3 3 4
896 940 8 24 125
1071 940 14 9 43
1248 941 7 8 42
440 942 1 1 1
513 942 12 5 30
625 942 2 1 2
808 942 2 3 6
1059 943 1 1 1
1457 944 1 1 1
185 946 5 4 16
211 946 7 5 21
393 946 4 4 9
710 947 3 4 11
1381 947 1 1 1
332 948 4 3 6
528 949 3 3 6
124 951 2 1 2
248 950 6 5 20
822 951 2 3 5
854 951 20 23 211
1350 950 15 5 25
1365 950 3 1 3
282 952 6 6 26
760 952 1 1 1
920 952 9 8 29
1052 952 9 3 11
1521 953 2 2 2
1697 952 1 1 1
595 954 4 5 17
623 955 5 11 32
1595 955 1 1 1
1664 954 2 2 3
1740 955 2 1 2
483 956 1 1 1
1083 957 1 2 2
563 958 4 4 15
681 958 2 2 2
771 959 1 1 1
1196 958 1 1 1
1294 959 1 1 1
1487 958 6 6 29
392 960 5 11 26
548 960 1 1 1
1246 960 3 3 5
117 962 9 9 49
714 962 2 1 2
800 962 10 5 41
1119 963 1 2 2
1263 963 2 6 8
1541 963 3 4 8
1798 962 3 2 4
940 965 1 2 2
1760 965 5 3 11
142 967 1 1 1
1642 967 1 1 1
1773 966 1 1 1
297 969 3 3 3
594 968 4 5 18
1069 968 10 10 59
1223 969 1 1 1
1500 968 14 15 151
433 970 1 1 1
540 971 1 2 2
482 973 1 1 1
507 973 2 2 3
591 973 1 1 1
641 973 3 2 5
663 972 1 1 1
721 972 1 1 1
840 973 4 5 18
1137 972 3 4 11
1272 972 1 1 1
1306 973 1 1 1
1362 972 4 3 9
1445 973 6 3 7
1523 972 9 7 32
1786 973 1 1 1
240 975 1 1 1
328 975 1 1 1
926 974 1 1 1
1044 975 16 9 74
1332 975 2 2 3
1775 974 5 3 11
712 976 3 4 11
1262 976 1 1 1
1345 976 27 16 75
1594 976 1 1 1
278 978 5 5 21
746 979 3 5 13
1121 978 1 3 3
1606 978 7 5 11
393 980 2 3 6
1129 981 2 2 4
1392 980 1 1 1
100 982 3 3 6
228 983 1 1 1
811 982 1 1 1
1151 982 2 2 3
1193 982 7 3 17
1433 982 2 2 4
1666 982 1 1 1
320 985 12 14 50
728 984 5 3 10
846 984 2 2 4
1320 984 9 3 11
1720 985 6 4 10
481 987 4 4 13
491 986 2 1 2
573 987 5 6 21
947 986 3 5 13
1155 986 14 13 85
1414 987 6 4 20
1827 987 13 31 242
621 989 3 2 4
698 988 1 1 1
787 989 1 1 1
1138 989 1 1 1
1191 989 1 1 1
1200 988 4 9 18
1474 989 11 5 30
1572 989 3 3 8
1759 989 2 1 2
365 991 5 6 21
700 990 3 2 5
1095 991 2 3 6
1233 991 15 6 41
468 993 7 7 39
518 992 2 2 4
559 992 6 10 34
678 993 1 1 1
788 993 2 3 6
1458 992 12 12 112
1563 993 1 1 1
1622 992 1 1 1
803 994 3 3 7
1733 994 6 5 14
379 997 5 11 36
793 997 2 3 6
883 996 6 7 36
1061 997 1 1 1
1081 997 12 19 159
1094 996 1 2 2
1211 997 4 7 24
1623 997 4 5 15
682 999 16 23 112
1036 999 1 2 2
1116 998 1 2 2
1297 998 3 3 6
914 1000 1 2 2
922 1000 19 21 170
955 1000 2 2 3
994 1001 1 1 1
1007 1000 11 16 144
1645 1000 31 22 421
169 1002 2 3 4
296 1002 11 10 78
486 1003 21 27 254
912 1003 1 3 3
1059 1003 1 3 3
1120 1002 7 13 35
841 1005 1 3 3
1258 1004 4 4 10
1274 1005 5 5 8
1386 1004 7 6 28
416 1007 10 3 13
460 1007 1 1 1
1132 1006 1 2 2
1245 1007 1 1 1
1607 1006 2 1 2
1711 1007 3 3 7
1774 1007 1 1 1
857 1008 8 18 60
944 1008 8 16 72
1038 1009 17 16 106
1062 1009 1 1 1
387 1010 2 2 4
551 1011 7 7 41
842 1011 5 11 41
1347 1010 5 3 9
715 1012 1 1 1
1096 1013 10 14 61
1171 1013 1 1 1
1461 1012 15 17 176
1752 1012 1 1 1
89 1016 2 1 2
1374 1016 20 6 31
1424 1016 14 26 159
1484 1017 1 1 1
422 1019 2 3 4
449 1018 4 2 8
814 1018 2 3 5
1194 1019 4 3 8
1207 1019 24 21 246
1254 1019 15 8 48
1779 1019 24 25 375
222 1020 5 3 11
379 1021 12 6 38
563 1021 14 7 46
896 1020 1 2 2
909 1020 4 7 26
1181 1020 1 2 2
1405 1020 7 7 18
476 1023 7 7 41
743 1022 6 6 29
1167 1022 1 1 1
1241 1022 2 1 2
1315 1022 11 15 46
1342 1022 1 1 1
1748 1022 1 1 1
1301 1024 1 1 1
854 1027 1 1 1
1303 1027 1 1 1
1367 1026 5 7 18
164 1029 1 1 1
802 1028 1 1 1
877 1028 2 3 5
1511 1029 24 32 553
587 1031 3 5 12
663 1031 1 1 1
813 1030 1 1 1
898 1030 2 1 2
914 1031 1 2 2
923 1030 1 1 1
1199 1031 1 1 1
1412 1031 1 1 1
1481 1031 1 1 1
625 1032 1 1 1
924 1032 2 4 6
951 1033 1 3 3
1241 1032 1 1 1
152 1034 8 5 28
189 1035 11 9 80
618 1034 13 17 63
708 1035 1 1 1
1331 1035 3 2 6
216 1036 1 2 2
420 1037 2 1 2
936 1036 7 10 56
1024 1037 1 2 2
1063 1037 1 4 4
1454 1037 4 4 12
881 1039 3 6 8
992 1038 4 4 14
1043 1039 4 6 14
1113 1039 1 1 1
1406 1039 2 2 4
1745 1038 1 1 1
293 1040 3 3 8
520 1040 10 7 27
1234 1041 1 1 1
33 1042 4 3 6
306 1043 3 3 7
821 1042 4 4 12
970 1043 2 5 5
1064 1042 1 2 2
1180 1042 23 18 241
1229 1042 1 1 1
1274 1043 1 1 1
400 1045 2 2 3
867 1045 8 11 75
985 1044 1 2 2
1031 1045 10 7 63
1078 1044 1 2 2
1170 1044 3 3 8
45 1047 1 2 2
312 1046 2 1 2
556 1046 4 6 17
855 1046 3 3 8
1002 1047 1 1 1
1089 1047 22 22 268
1148 1047 1 1 1
426 1048 2 2 4
501 1048 4 15 41
981 1048 1 1 1
1075 1049 1 3 3
6 1050 4 3 6
579 1051 3 5 15
925 1051 2 3 5
1224 1051 4 2 8
1479 1050 1 1 1
1609 1050 16 15 159
340 1053 2 1 2
677 1053 5 2 7
836 1052 13 10 61
1406 1052 1 1 1
1739 1052 1 1 1
363 1055 2 2 3
649 1055 1 1 1
765 1054 2 4 7
1024 1054 5 7 29
1228 1054 1 1 1
1372 1054 1 2 2
1451 1054 5 5 19
1637 1055 7 8 28
1735 1055 1 1 1
647 1057 1 1 1
682 1056 9 5 21
776 1056 3 5 14
1062 1056 1 1 1
1088 1057 1 1 1
1472 1056 1 1 1
61 1059 7 3 14
193 1058 9 10 76
479 1059 4 3 11
800 1058 1 3 3
881 1058 17 15 122
916 1058 1 1 1
1063 1058 1 3 3
1655 1059 6 4 12
323 1060 13 6 23
575 1060 3 4 9
709 1061 1 1 1
774 1061 1 1 1
961 1061 1 1 1
1081 1060 2 3 4
1159 1060 1 2 2
1177 1060 1 1 1
1703 1061 5 3 8
25 1063 6 5 23
717 1063 2 4 8
756 1063 3 3 8
987 1063 1 1 1
1029 1063 4 7 23
1252 1063 4 4 12
1367 1062 1 10 10
1584 1062 2 3 4
1794 1062 5 3 7
519 1065 12 5 47
1046 1065 1 1 1
1411 1065 14 9 43
1480 1064 26 53 464
1729 1064 35 23 484
346 1066 4 4 11
755 1067 1 1 1
862 1067 21 22 178
1182 1067 2 1 2
1396 1066 3 2 4
1441 1067 1 1 1
1453 1067 18 24 294
1549 1067 3 2 5
82 1068 1 1 1
1006 1068 1 1 1
1209 1069 2 3 3
1220 1069 1 1 1
1353 1068 5 8 15
1386 1069 1 6 6
905 1071 22 17 145
1113 1071 2 3 4
1229 1070 4 5 13
1534 1070 3 3 7
1671 1070 1 1 1
1717 1070 1 1 1
23 1073 2 2 3
560 1072 1 1 1
782 1072 1 1 1
902 1072 2 2 3
1053 1072 1 3 3
1306 1072 1 1 1
332 1074 9 17 39
790 1074 1 2 2
1084 1074 1 2 2
1171 1075 2 1 2
536 1076 6 9 45
829 1076 21 23 174
1167 1077 3 3 7
1317 1077 21 35 335
1602 1076 6 5 22
234 1079 2 3 3
381 1079 10 7 27
577 1079 5 13 56
992 1079 1 2 2
1360 1079 3 3 9
276 1081 2 2 3
300 1080 4 3 10
792 1080 1 1 1
1007 1081 1 1 1
1081 1080 1 2 2
1132 1081 16 5 31
1205 1080 14 15 83
1247 1080 1 1 1
935 1083 1 1 1
958 1082 1 2 2
1027 1083 1 1 1
1065 1083 7 2 14
1623 1083 2 2 3
1652 1082 1 1 1
499 1084 3 3 6
799 1085 10 4 16
1566 1084 1 2 2
1686 1085 1 2 2
122 1087 7 5 27
553 1086 4 5 16
1103 1086 1 3 3
1303 1087 10 7 37
1374 1087 5 1 5
1568 1087 1 1 1
1616 1086 1 1 1
391 1088 2 2 4
1249 1089 1 1 1
1839 1089 1 1 1
592 1091 1 1 1
606 1090 3 3 9
825 1091 1 1 1
1078 1091 15 13 75
1435 1090 7 10 39
1799 1091 1 1 1
95 1093 1 1 1
564 1092 25 32 222
1177 1092 2 2 3
752 1095 1 1 1
798 1095 1 2 2
895 1094 7 5 11
977 1095 3 4 9
1028 1095 11 5 21
1143 1095 8 18 87
1170 1095 1 1 1
1284 1095 3 2 6
1363 1094 1 1 1
1396 1094 2 2 4
400 1097 1 1 1
1533 1097 4 2 7
1557 1097 1 1 1
1652 1096 6 10 29
776 1099 1 2 2
1117 1098 4 2 5
1258 1099 5 3 10
1386 1098 3 2 5
1459 1099 1 1 1
1559 1099 1 1 1
477 1100 1 1 1
689 1100 7 8 37
791 1101 1 1 1
894 1100 1 1 1
1462 1100 1 2 2
1530 1100 3 3 5
357 1102 3 3 5
601 1103 3 7 14
1349 1103 7 3 12
1427 1103 1 1 1
281 1104 1 1 1
758 1105 1 1 1
992 1104 1 1 1
1085 1105 18 28 206
1232 1104 18 16 222
816 1107 27 20 201
1114 1106 1 1 1
1418 1107 3 4 11
1542 1107 1 1 1
464 1108 6 7 29
876 1109 12 14 75
1430 1109 12 8 57
1449 1109 3 2 5
388 1111 3 4 8
504 1111 12 9 52
857 1111 7 14 48
1593 1110 6 3 12
1633 1111 10 8 53
96 1112 1 2 2
484 1112 4 5 18
559 1113 2 1 2
986 1112 1 1 1
1339 1112 1 1 1
1693 1113 8 6 28
664 1115 1 1 1
1571 1114 4 5 11
425 1117 1 1 1
1268 1117 2 2 4
203 1118 9 8 50
641 1119 1 1 1
1316 1118 3 4 9
558 1121 1 1 1
750 1120 1 1 1
788 1120 1 2 2
1040 1120 1 3 3
1081 1120 1 1 1
1265 1121 1 1 1
1688 1120 1 1 1
405 1122 2 1 2
1031 1123 1 1 1
1397 1123 2 2 3
305 1125 2 2 3
592 1124 3 2 5
674 1125 4 2 6
988 1124 1 1 1
1009 1125 11 5 21
1329 1125 1 1 1
1415 1125 3 2 5
1456 1124 1 2 2
1526 1124 1 1 1
1701 1125 5 5 16
1718 1125 3 2 4
169 1127 8 8 42
424 1126 1 1 1
545 1127 3 3 6
561 1127 5 14 32
729 1127 2 2 3
813 1126 1 2 2
889 1126 1 1 1
994 1126 2 1 2
1339 1126 3 2 5
1511 1127 1 1 1
1557 1127 2 2 3
331 1128 9 3 12
703 1128 4 6 19
804 1128 2 3 6
930 1128 9 1 9
1309 1128 1 1 1
413 1131 2 2 4
521 1131 6 12 55
538 1131 3 5 12
831 1131 1 2 2
918 1130 4 5 18
1328 1131 1 1 1
1418 1130 4 2 7
1475 1131 3 6 9
83 1132 1 1 1
397 1132 1 1 1
1445 1132 1 1 1
1540 1132 1 1 1
843 1134 2 9 18
1004 1135 1 1 1
1344 1134 2 3 4
1375 1135 1 1 1
1508 1134 2 2 4
1722 1135 30 25 512
294 1137 1 1 1
780 1137 1 3 3
1321 1137 2 2 3
1803 1137 11 7 36
380 1139 2 1 2
941 1139 1 1 1
1142 1139 4 6 20
1353 1138 1 1 1
624 1140 1 1 1
636 1141 1 1 1
801 1141 1 3 3
936 1141 5 6 10
979 1140 1 1 1
1121 1141 1 2 2
1238 1141 2 3 4
1462 1141 1 1 1
1629 1140 1 2 2
541 1143 3 4 10
756 1143 2 3 6
1161 1142 10 3 20
1186 1142 4 6 21
1207 1142 1 1 1
1218 1143 1 1 1
1570 1143 1 1 1
1705 1142 2 9 17
622 1144 1 1 1
673 1144 10 15 62
918 1145 3 4 11
1454 1145 5 3 13
1619 1144 1 1 1
580 1147 3 4 10
817 1146 5 10 33
1090 1146 1 2 2
1403 1146 6 3 13
1422 1146 6 8 19
533 1149 8 4 16
696 1149 2 2 2
778 1148 1 1 1
892 1148 1 1 1
1639 1149 2 2 3
243 1150 8 8 42
643 1151 5 7 16
1253 1150 1 1 1
1348 1151 1 1 1
1521 1150 1 1 1
1524 1151 2 1 2
1610 1150 4 4 13
721 1152 1 1 1
881 1152 3 5 9
1175 1153 4 5 16
1364 1153 1 1 1
1462 1152 2 3 3
1675 1153 3 2 4
19 1155 1 1 1
900 1155 1 2 2
1834 1155 6 1 6
1494 1157 1 1 1
385 1158 1 1 1
729 1159 1 1 1
1063 1158 3 5 13
1250 1159 4 2 5
1362 1158 1 1 1
335 1160 2 8 8
597 1160 3 4 9
768 1160 1 1 1
1115 1160 1 2 2
1507 1160 1 1 1
1663 1161 1 2 2
538 1162 3 2 4
732 1162 5 7 35
1779 1162 1 1 1
1497 1164 4 8 18
1755 1164 1 1 1
648 1166 1 1 1
918 1166 1 1 1
1069 1167 1 1 1
1084 1166 1 1 1
1617 1166 3 1 3
562 1168 8 4 30
712 1168 2 3 5
879 1168 1 1 1
1339 1169 2 1 2
1557 1169 1 1 1
1753 1168 1 1 1
614 1170 1 1 1
673 1171 1 1 1
740 1171 1 10 10
766 1170 1 1 1
866 1171 3 3 6
896 1171 1 1 1
1425 1170 4 4 10
1724 1170 7 8 38
133 1172 1 1 1
336 1173 9 9 23
395 1172 1 1 1
508 1173 4 4 12
664 1173 1 2 2
684 1173 5 5 19
792 1172 7 11 31
1011 1172 3 5 12
1056 1173 1 2 2
1076 1173 1 2 2
1267 1173 1 1 1
421 1175 3 4 11
753 1174 2 1 2
1102 1175 1 1 1
270 1176 10 13 55
328 1176 1 1 1
893 1177 1 2 2
909 1176 1 2 2
1407 1177 1 1 1
1482 1176 2 2 3
1677 1177 2 2 4
1688 1176 3 3 7
543 1178 7 1 7
820 1178 5 8 12
889 1179 2 1 2
1458 1178 2 1 2
488 1181 3 4 9
783 1181 1 1 1
1255 1180 6 1 6
1297 1180 4 9 14
1490 1180 13 14 112
1570 1180 20 14 70
137 1182 9 1 9
305 1182 1 1 1
551 1183 2 3 5
603 1183 3 4 7
722 1183 1 1 1
793 1183 1 3 3
1052 1183 8 7 21
1154 1182 1 1 1
1270 1182 6 4 14
1329 1183 1 1 1
193 1185 4 3 5
506 1185 1 1 1
694 1185 1 1 1
1074 1185 1 2 2
1143 1185 3 2 5
1341 1185 11 15 54
1361 1184 1 2 2
297 1186 8 7 43
616 1186 2 4 8
665 1186 1 3 3
809 1186 8 5 24
1561 1187 1 1 1
369 1189 1 1 1
384 1188 1 1 1
548 1188 3 5 12
1043 1188 1 2 2
1390 1188 1 2 2
660 1190 3 4 9
786 1190 1 1 1
1217 1191 1 2 2
1417 1190 3 3 5
1446 1190 15 7 68
444 1192 1 1 1
569 1192 3 5 11
731 1193 1 1 1
941 1193 1 1 1
1565 1193 1 1 1
1681 1193 2 2 3
678 1194 3 3 7
861 1194 1 7 7
932 1194 2 2 3
1103 1195 1 2 2
1115 1195 1 2 2
1223 1195 1 1 1
1672 1195 8 8 49
406 1196 4 5 19
441 1196 1 1 1
682 1197 6 14 37
692 1196 1 1 1
877 1197 1 3 3
1062 1196 1 2 2
1076 1197 1 1 1
1637 1197 4 3 7
196 1199 1 1 1
664 1198 1 1 1
831 1199 1 2 2
1153 1199 3 4 10
1799 1199 2 2 3
759 1201 10 14 59
1010 1200 3 5 13
1228 1200 1 1 1
1320 1201 1 1 1
1594 1201 1 1 1
474 1203 4 4 10
778 1203 2 1 2
874 1202 1 1 1
1109 1202 1 1 1
1338 1202 2 10 12
405 1205 1 1 1
593 1204 2 3 6
1163 1204 1 1 1
1492 1204 1 1 1
122 1207 2 1 2
631 1207 8 2 10
707 1207 11 4 25
1280 1206 1 1 1
1311 1206 1 1 1
646 1209 5 9 26
829 1208 1 1 1
998 1209 3 4 8
1245 1208 2 2 3
1462 1208 20 10 102
1535 1209 1 1 1
1660 1208 2 1 2
1760 1211 1 1 1
366 1212 2 2 2
541 1212 1 1 1
783 1212 1 11 11
1190 1213 3 2 4
845 1215 1 1 1
1141 1215 1 1 1
1283 1214 9 6 36
431 1216 3 4 9
484 1217 7 11 61
507 1217 1 1 1
553 1217 21 11 137
1109 1216 3 4 10
1136 1217 3 2 6
1158 1216 2 3 4
1220 1216 2 1 2
1313 1216 2 1 2
1491 1216 1 2 2
689 1219 1 1 1
1209 1219 4 9 18
1493 1218 6 10 33
720 1221 8 7 40
1259 1220 2 1 2
1394 1221 6 7 33
1513 1220 1 2 2
285 1222 4 6 19
904 1222 1 1 1
1564 1223 7 5 31
466 1225 3 3 7
695 1224 2 4 8
770 1224 1 4 4
830 1224 1 4 4
998 1225 2 3 6
1095 1224 1 4 4
1448 1225 1 3 3
1800 1225 1 3 3
435 1226 1 2 2
737 1226 1 2 2
811 1227 1 1 1
1265 1227 2 1 2
1685 1226 2 2 4
