0 0 1840 1228 2087644
0 0 25 68 1397
32 0 48 19 687
286 0 14 8 86
522 0 14 17 197
557 0 14 16 177
615 0 52 79 1638
842 0 2 1 2
974 0 52 180 3690
1064 0 24 24 428
1104 0 18 28 284
1138 0 13 5 46
1217 0 25 20 317
1286 0 73 97 3544
1585 0 40 53 1421
1692 0 49 43 1446
1785 0 19 4 58
208 5 21 32 499
1262 7 3 3 7
1161 8 7 13 59
1827 12 13 19 204
966 17 6 9 45
902 18 40 44 868
336 21 24 38 560
502 21 11 16 124
694 21 15 33 409
1281 20 4 4 10
585 23 11 17 154
1084 27 4 4 11
1041 33 13 21 194
1115 33 15 31 318
1189 35 11 18 142
387 36 14 20 226
1163 49 6 10 46
1059 53 46 46 1106
1213 53 3 4 9
254 55 12 14 126
1619 58 1 1 1
526 65 21 42 495
107 67 15 11 106
1719 66 35 43 829
161 69 32 25 483
953 68 8 13 72
376 71 13 27 295
1182 71 9 17 86
609 73 30 38 528
855 75 6 15 78
1031 74 5 7 31
918 77 7 12 63
1245 78 6 7 32
1006 87 9 18 134
1221 87 5 9 33
575 92 10 18 143
687 94 16 40 485
817 95 7 15 69
465 100 13 16 153
1182 102 7 8 33
1160 105 9 11 73
1460 104 1 1 1
343 106 12 16 148
1234 109 8 20 113
1090 110 4 4 13
1203 111 4 4 13
1272 111 5 4 17
1552 110 21 37 443
827 112 33 38 670
1448 114 1 1 1
632 116 8 7 40
1062 116 38 31 526
403 119 13 20 207
948 118 7 14 74
1504 119 1 1 1
1693 119 147 101 5558
608 121 13 21 216
1494 120 1 1 1
1191 123 3 2 4
1255 122 3 3 8
136 125 26 31 349
1530 125 1 1 1
1537 127 1 1 1
105 128 18 21 274
655 128 12 24 230
332 133 9 7 36
1281 137 15 29 279
1452 137 1 1 1
1505 136 3 3 6
767 139 20 34 403
1177 139 39 48 1052
1488 139 1 1 1
923 140 8 14 88
1099 141 9 18 119
1149 140 8 10 60
360 144 7 5 16
1413 147 28 53 965
1261 149 8 11 61
1633 148 1 1 1
969 150 9 13 87
1306 153 1 1 1
210 155 16 17 204
1658 155 4 1 4
1166 156 5 6 21
1551 156 67 105 3092
1698 159 1 1 1
243 160 10 14 117
896 162 15 21 245
1225 167 3 2 4
1484 169 2 1 2
1514 169 6 2 7
952 170 3 3 6
1114 172 5 7 28
1367 174 1 1 1
1217 177 6 8 38
1521 176 1 1 1
274 179 10 9 59
1688 179 1 1 1
1068 180 23 72 642
1489 181 1 1 1
352 183 12 13 105
1105 185 6 7 30
1467 187 1 1 1
1011 188 12 25 223
1289 189 6 5 10
1359 188 1 1 1
1494 188 1 1 1
828 190 22 25 312
1235 191 5 6 22
1624 191 1 1 1
1168 193 4 5 17
92 196 20 25 365
1680 199 1 1 1
958 201 8 12 81
1120 201 29 20 180
1194 201 1 1 1
1326 201 1 1 1
1515 201 1 1 1
1611 201 39 28 526
1813 203 1 1 1
580 206 9 15 108
1423 206 1 1 1
1361 209 1 1 1
1280 213 1 1 1
1475 212 1 1 1
880 214 2 2 2
1240 215 4 8 27
1700 215 1 1 1
931 217 22 40 540
474 219 14 18 202
896 218 1 1 1
977 219 3 2 4
1025 218 19 15 103
1316 219 18 17 214
1384 218 1 1 1
1414 218 3 1 3
1492 218 1 1 1
1500 219 1 1 1
1690 218 1 1 1
1361 221 1 1 1
1420 221 1 1 1
1818 222 2 1 2
300 225 10 11 83
1383 224 1 1 1
507 227 11 18 160
340 228 16 20 226
980 229 25 50 715
1088 229 21 21 225
1345 229 1 1 1
1372 229 1 1 1
1505 229 1 1 1
1751 228 2 1 2
1814 229 26 40 680
1248 231 6 9 29
1487 230 1 1 1
1133 233 1 1 1
1202 235 4 6 18
1398 234 2 1 2
1751 234 59 146 2780
1178 236 8 8 46
1266 237 5 6 21
1150 238 1 1 1
1216 238 4 6 19
1338 238 1 1 1
1472 238 3 1 3
838 240 6 10 38
1491 240 3 4 5
578 242 10 22 177
1425 243 12 10 30
1347 245 1 1 1
1514 245 9 6 14
1536 245 1 1 1
141 246 16 16 155
519 246 21 14 161
1359 246 2 1 2
1603 247 2 1 2
1729 247 1 1 1
1200 248 1 1 1
1383 249 1 1 1
1415 249 5 12 45
1617 249 1 9 9
1488 250 1 1 1
96 252 17 21 279
1597 252 3 5 7
1165 254 1 2 2
1219 255 10 16 100
1387 255 2 1 2
1456 255 2 3 4
1467 257 2 1 2
1529 256 1 1 1
835 258 16 37 447
1105 259 4 5 15
1392 260 2 1 2
1452 261 2 1 2
1499 260 9 14 33
299 263 12 9 83
1259 262 1 1 1
1438 263 1 1 1
1534 262 1 1 1
1542 263 1 1 1
1034 265 34 66 981
1079 264 17 34 416
1130 264 31 37 620
1402 264 2 1 2
1482 265 1 1 1
1708 264 2 2 3
757 266 6 8 34
1279 267 24 39 575
1529 267 4 5 20
1484 268 1 1 1
1517 269 1 1 1
1544 269 1 1 1
923 271 2 3 4
1404 270 1 1 1
1556 270 1 1 1
615 273 12 24 241
1189 272 12 6 36
1413 273 1 1 1
1564 273 2 2 2
1582 273 1 1 1
1640 273 2 2 3
1453 275 1 1 1
1496 274 2 1 2
1523 275 2 1 2
1583 275 2 1 2
1662 274 1 1 1
1326 276 48 43 979
480 278 12 24 215
860 278 1 1 1
940 278 6 8 30
1212 278 4 4 12
1495 278 1 1 1
1601 279 32 36 608
1834 279 6 1 6
287 281 10 16 126
1395 281 5 2 5
1536 280 15 13 74
1599 280 1 1 1
100 283 41 58 1360
1461 283 1 1 1
595 284 10 18 144
1566 284 11 10 41
1644 285 1 1 1
1400 287 27 21 316
1494 287 2 2 2
1590 288 5 2 10
1459 290 1 1 1
1563 291 1 1 1
1586 291 3 2 5
1440 293 3 1 3
1448 295 1 1 1
1210 296 34 49 999
1697 297 14 6 42
539 298 18 19 207
1389 299 2 1 2
1393 298 1 1 1
1738 299 1 1 1
920 301 14 15 146
1484 300 15 11 41
1516 301 35 59 1270
1669 301 2 1 2
1175 302 9 8 51
1194 302 6 5 17
0 305 1 12 12
444 304 13 23 230
1558 304 2 1 2
1563 305 11 12 77
1646 305 2 1 2
462 309 38 33 656
1765 308 1 1 1
1388 310 6 2 7
1446 311 31 54 848
1666 310 3 1 3
1185 312 3 7 9
1677 313 3 5 7
1832 313 1 1 1
1313 314 1 1 1
1315 315 1 1 1
1439 315 2 1 2
632 316 9 15 97
1001 319 6 8 32
1174 320 6 11 48
1644 320 20 22 324
1681 321 1 1 1
43 323 1 1 1
224 323 12 13 112
964 322 17 26 320
1146 322 1 1 1
40 324 2 1 2
890 325 8 12 68
1059 325 1 1 1
1091 325 2 1 2
1132 324 5 7 29
375 327 5 2 6
254 331 11 13 102
277 331 11 9 60
610 331 9 11 52
621 330 2 1 2
1099 330 14 21 183
1056 333 4 8 16
1153 333 3 1 3
775 336 5 10 37
1162 337 6 9 46
1247 336 30 37 497
1330 336 1 1 1
432 338 11 14 105
1024 340 15 18 118
725 344 3 2 5
1000 344 1 1 1
850 346 4 1 4
125 351 16 41 452
1118 351 5 8 30
1491 351 11 17 90
1086 353 5 17 43
1262 352 56 69 1446
380 354 11 9 55
493 354 35 33 577
532 354 9 12 65
558 355 9 17 116
1671 355 70 84 2689
785 357 14 23 191
476 358 7 4 19
584 363 18 19 265
825 363 11 18 144
1547 362 1 1 1
908 364 37 67 1020
960 364 14 27 285
1157 364 5 7 23
1354 367 41 51 1421
254 376 9 6 24
763 376 1 1 1
774 377 1 1 1
801 377 5 7 34
856 376 10 23 169
1343 377 1 1 1
531 378 10 16 128
776 379 1 1 1
1098 378 1 1 1
1323 379 11 17 117
323 380 4 4 11
1634 381 38 41 941
1179 383 5 8 21
1264 384 1 1 1
818 386 1 1 1
1092 386 3 2 5
1830 386 3 2 4
797 388 1 1 1
613 391 2 1 2
764 391 1 2 2
888 391 3 3 5
1208 390 5 4 11
998 392 11 20 148
1024 394 14 42 304
1155 395 7 12 59
807 397 2 3 6
1229 396 7 5 24
1569 397 21 36 337
1075 399 1 1 1
1314 399 1 1 1
1073 400 1 2 2
482 405 12 22 169
1055 405 5 1 5
1619 405 1 1 1
786 407 9 13 65
1118 407 4 5 15
1194 407 1 1 1
1215 406 4 3 9
742 408 1 1 1
200 410 10 17 117
851 411 30 35 351
1131 410 2 1 2
1174 411 1 1 1
803 412 4 6 18
995 414 2 1 2
1198 414 4 8 17
1133 417 4 7 24
329 419 4 7 19
1105 418 16 31 153
1155 419 1 1 1
1211 419 8 10 35
1534 418 1 1 1
36 420 24 26 504
674 420 18 20 176
963 423 16 33 394
1073 422 14 12 55
743 424 1 1 1
1172 425 1 1 1
742 427 1 1 1
1192 426 1 1 1
1617 426 1 1 1
1351 428 20 35 532
1184 431 1 1 1
169 433 1 1 1
821 433 5 7 19
892 435 5 8 35
216 436 1 2 2
534 437 16 30 304
1043 437 25 43 592
1126 436 36 62 641
499 439 9 17 115
781 439 2 1 2
804 439 1 1 1
222 440 2 1 2
1038 440 2 2 3
793 443 1 1 1
919 442 1 1 1
1183 443 4 1 4
1197 442 1 1 1
14 444 18 17 184
174 445 26 26 330
791 445 1 1 1
144 448 2 1 2
582 448 13 37 263
1233 453 4 6 18
255 454 8 7 45
822 457 6 6 16
941 457 4 9 32
1281 457 1 1 1
1738 456 48 41 1005
847 459 7 10 41
1197 459 7 13 43
43 461 13 11 95
901 461 6 9 41
1095 461 9 7 18
1087 462 1 1 1
803 465 6 9 42
1261 466 2 1 2
673 468 1 1 1
821 468 4 3 6
653 472 1 1 1
1020 474 10 18 136
1083 475 3 6 14
520 476 10 14 112
921 477 1 1 1
1204 476 2 2 3
1245 477 19 37 463
1601 476 17 23 268
935 479 7 13 69
797 481 1 1 1
842 480 1 1 1
955 480 1 1 1
1103 480 3 5 11
1420 481 1 1 1
597 484 14 38 294
1137 485 2 4 6
770 487 11 22 194
1195 487 3 1 3
118 490 30 47 881
1078 491 1 1 1
1784 491 2 1 2
509 493 12 18 165
934 493 1 1 1
1012 492 3 2 4
1173 493 1 1 1
1048 495 2 4 7
1569 496 9 7 49
1116 498 19 23 231
1784 499 23 22 374
248 501 2 1 2
853 500 6 9 39
1087 503 2 4 7
1187 503 9 19 37
897 504 10 12 69
1166 505 4 4 13
65 507 22 25 395
311 506 1 1 1
1026 507 13 25 135
1389 507 1 1 1
546 509 8 9 55
929 510 18 12 58
1098 511 6 8 34
508 512 1 1 1
1062 517 1 1 1
1426 516 2 2 3
161 519 12 10 55
257 518 1 1 1
535 519 1 1 1
1064 518 2 2 4
824 520 4 4 14
836 521 16 24 241
1205 520 1 1 1
1683 521 86 74 2332
523 522 13 15 136
1447 523 1 1 1
446 527 12 21 150
696 526 1 1 1
811 528 12 28 150
991 529 3 1 3
1151 528 4 3 8
1051 531 3 4 12
1103 530 4 2 7
910 532 4 3 9
1087 533 1 1 1
1107 533 4 11 25
1262 533 15 20 213
1017 535 3 2 6
196 537 7 1 7
958 537 6 8 36
1191 537 4 4 12
110 539 9 7 24
227 540 17 23 320
1161 541 6 3 11
891 542 3 3 8
1195 542 1 1 1
166 544 13 14 133
1123 544 3 3 5
1196 545 1 1 1
591 547 16 10 71
915 546 3 4 11
1050 546 1 1 1
1317 547 20 38 409
353 548 10 15 90
1060 548 5 26 58
1539 549 13 11 117
308 550 2 2 2
466 551 14 19 180
744 551 1 1 1
935 552 2 2 3
1036 553 3 3 7
424 555 1 1 1
0 557 3 1 3
210 557 2 1 2
621 556 1 1 1
983 556 12 16 150
1113 556 3 3 7
1162 556 2 2 2
1181 557 5 6 18
1472 557 1 1 1
281 559 7 4 21
490 558 12 24 224
1106 560 2 4 8
1537 560 50 54 1025
111 563 1 1 1
647 563 1 1 1
722 563 1 1 1
789 562 3 3 9
912 562 3 2 6
920 563 12 13 63
1816 562 24 18 303
118 565 38 24 557
744 564 89 70 1223
1032 564 3 2 4
1093 564 2 2 4
440 566 1 1 1
904 566 3 8 19
1207 567 18 23 268
869 568 7 13 59
890 568 1 1 1
803 571 1 1 1
874 570 20 36 156
1529 570 9 9 50
385 572 10 14 108
542 573 7 9 53
977 573 1 1 1
209 575 12 18 118
1118 574 26 33 401
1392 575 13 13 119
667 580 1 1 1
1082 580 8 9 52
1023 582 3 2 6
1065 583 9 2 9
245 584 8 7 39
712 584 1 1 1
932 584 5 10 25
163 587 1 1 1
907 586 1 2 2
1363 586 3 2 4
165 588 3 2 4
189 588 11 8 50
530 589 7 8 42
501 591 8 13 89
578 591 9 12 81
937 590 29 76 1128
1021 590 1 1 1
1555 591 52 71 1323
1035 592 1 1 1
1506 593 21 33 535
91 595 23 25 432
897 594 28 23 344
153 599 1 1 1
1174 598 3 4 9
1259 598 11 16 100
472 601 16 23 227
1231 601 5 6 21
460 603 1 1 1
1147 602 17 12 47
1030 604 1 1 1
67 607 2 2 4
565 609 8 11 71
1095 608 1 1 1
152 611 3 2 5
1107 610 3 4 9
1461 610 26 32 556
1069 612 1 1 1
0 615 9 18 93
192 615 11 7 59
588 615 2 1 2
807 615 1 1 1
1029 614 11 19 139
1074 615 6 9 44
1694 615 17 19 229
700 616 1 1 1
847 616 1 2 2
1384 616 1 1 1
1729 616 65 56 2052
521 621 8 13 75
858 621 3 2 4
1014 621 1 1 1
882 622 5 5 21
1051 623 2 1 2
800 625 4 6 20
966 625 7 8 48
1084 624 45 39 585
58 627 2 2 2
972 626 24 46 497
1397 627 3 4 8
1631 626 1 1 1
262 631 2 5 6
424 630 2 1 2
781 630 1 2 2
1149 631 14 11 49
1546 631 1 1 1
1240 632 21 40 508
1602 635 15 13 161
339 636 23 21 229
360 636 1 1 1
594 637 19 28 320
859 637 3 5 13
1138 637 3 7 15
793 638 2 2 4
1671 638 25 31 509
160 641 25 34 425
304 640 2 2 2
468 641 1 1 1
886 641 4 8 26
91 643 19 18 273
1013 642 1 1 1
134 644 11 9 73
1052 645 7 6 20
1135 644 2 1 2
1795 644 31 40 711
470 648 12 20 178
1015 649 2 2 3
1166 649 3 3 6
55 650 1 1 1
727 650 16 25 227
1194 650 8 16 97
1013 653 1 1 1
832 655 7 11 54
307 656 8 11 47
1132 657 24 20 216
1308 657 29 67 1027
29 658 5 2 8
404 659 1 1 1
804 659 2 2 3
1643 658 17 19 250
660 660 8 10 65
876 660 5 7 31
1509 660 1 1 1
67 662 5 3 6
80 664 1 2 2
59 667 1 1 1
492 666 8 12 79
1034 667 3 1 3
1114 666 3 4 10
688 668 1 2 2
289 670 4 2 6
892 670 1 1 1
1044 672 17 32 237
1103 673 10 12 79
1537 672 23 28 481
245 674 1 1 1
627 675 8 18 85
1019 674 1 1 1
802 677 4 5 16
1078 679 1 1 1
994 680 3 7 8
1460 680 23 28 371
71 683 2 2 4
1186 682 6 7 30
17 685 1 1 1
266 685 5 5 19
411 684 12 17 133
901 685 4 5 18
1023 685 2 2 3
1234 685 1 1 1
18 686 17 19 204
681 688 1 1 1
609 689 424 286 27569
1110 688 1 1 1
1494 688 24 29 475
187 690 11 9 73
876 691 10 12 85
63 693 4 1 4
1809 693 10 13 62
809 695 16 15 140
1069 695 26 26 173
1214 694 7 10 48
577 697 8 11 67
728 696 13 21 192
757 699 1 1 1
1094 699 1 1 1
1711 699 18 19 247
863 700 5 13 48
1179 700 13 18 124
829 702 4 6 19
790 704 4 3 9
996 705 3 2 5
1045 705 3 4 9
40 706 2 1 2
45 709 2 2 3
562 708 3 4 9
1153 708 1 1 1
1155 709 2 1 2
1435 709 12 12 92
893 711 9 12 95
26 713 1 1 1
58 713 1 1 1
558 713 3 3 6
1006 712 7 8 41
1546 714 1 1 1
668 716 1 1 1
1032 717 5 3 7
1478 717 7 6 31
472 718 13 40 347
516 719 5 12 43
1574 720 12 11 104
818 722 5 7 31
1000 723 6 15 32
1020 723 1 1 1
1218 722 1 2 2
161 725 3 3 5
906 725 2 2 4
918 725 8 9 63
1040 727 2 2 3
1253 726 3 3 5
1681 727 24 29 441
982 728 3 1 3
1223 728 3 2 4
547 730 1 1 1
971 731 11 3 23
1239 730 6 5 21
515 732 1 1 1
874 732 10 20 153
1088 732 18 9 76
1597 733 1 1 1
555 735 1 1 1
1219 734 3 1 3
1327 735 22 31 454
1124 736 4 7 17
1139 737 31 25 341
1174 736 3 1 3
1531 736 14 18 179
496 738 5 8 29
857 739 1 2 2
1024 739 7 3 11
1062 739 1 2 2
1053 743 32 22 220
14 745 1 1 1
571 745 3 1 3
991 745 4 3 8
1479 745 13 13 129
853 747 4 3 11
1208 746 11 9 72
573 749 24 10 89
34 750 2 2 2
40 753 2 4 4
257 753 1 1 1
300 755 5 13 28
1511 755 11 7 46
1610 757 2 1 2
1086 758 1 1 1
1383 758 27 35 614
902 760 5 3 14
922 761 11 18 126
1099 760 18 11 93
1602 761 1 1 1
1655 761 24 24 416
868 763 8 9 64
1128 763 7 6 22
1205 763 1 1 1
1352 762 1 1 1
439 765 2 4 5
1471 765 5 4 12
1606 766 11 9 55
191 768 2 1 2
1039 768 6 1 6
402 770 6 11 38
554 771 11 13 102
470 772 26 38 391
879 772 2 3 5
1033 773 11 14 52
1555 772 16 14 154
420 776 14 18 207
890 776 9 7 41
1074 776 1 1 1
1093 779 4 5 13
803 781 3 3 8
823 781 2 2 3
1750 780 19 16 209
1132 783 11 15 130
156 784 1 1 1
572 785 6 8 38
858 784 5 4 15
248 786 6 7 29
83 788 1 1 1
203 788 9 11 69
840 789 3 5 14
1076 788 5 9 29
1269 789 1 1 1
1583 788 13 9 83
1655 789 1 1 1
510 791 7 8 28
1031 791 1 1 1
1789 791 44 34 816
1024 792 2 2 3
1116 793 5 2 7
1695 792 13 10 71
793 795 5 6 26
1295 794 5 6 22
279 796 1 1 1
1182 796 1 1 1
1552 796 13 16 156
61 798 2 1 2
1036 799 1 1 1
1055 798 4 8 22
1085 799 2 2 4
1385 798 1 1 1
172 808 34 26 476
374 809 1 1 1
780 808 10 6 40
1073 808 1 5 5
1362 811 14 27 274
1760 810 15 12 128
1036 812 4 11 29
1216 812 1 1 1
1281 812 1 1 1
1230 817 15 28 284
383 820 10 15 116
846 820 1 1 1
1688 820 20 22 308
608 822 8 10 51
92 825 3 3 6
1102 825 1 1 1
1094 826 1 3 3
1423 826 24 28 484
763 829 7 11 58
1114 829 21 29 225
1555 828 14 18 164
746 831 2 3 5
1180 831 5 8 22
584 833 6 6 23
865 837 13 10 34
1456 836 11 19 134
414 838 1 1 1
782 838 5 7 22
1611 838 12 12 91
104 840 7 8 38
1086 841 1 1 1
23 842 1 1 1
353 843 3 2 6
21 844 1 1 1
1056 844 5 10 25
1152 845 4 5 9
495 846 2 1 2
555 846 12 9 53
812 846 3 4 9
65 849 1 1 1
521 849 6 5 28
617 850 4 5 19
1092 851 2 1 2
1169 850 5 6 21
1731 850 24 27 449
1332 853 1 1 1
10 855 2 1 2
1595 855 14 11 110
455 856 6 6 24
1326 857 1 1 1
313 858 1 1 1
510 861 6 5 21
832 860 3 2 4
1251 860 1 1 1
405 862 1 1 1
548 862 8 10 60
1078 863 5 8 28
1329 863 15 20 212
593 864 1 1 1
1492 865 15 19 206
61 869 4 3 6
224 868 8 7 19
596 868 1 1 1
976 869 1 1 1
1311 868 1 9 9
1452 869 22 25 251
313 873 7 6 32
1555 872 11 9 62
410 874 1 1 1
425 874 4 2 6
984 875 2 4 6
187 880 1 1 1
461 881 5 6 16
987 880 14 27 146
1188 881 1 1 1
433 882 2 1 2
975 883 1 2 2
1058 883 21 19 87
1159 882 4 1 4
1522 883 14 16 111
1691 882 34 35 626
103 884 9 5 33
475 884 1 1 1
606 884 7 8 41
1585 885 1 1 1
498 890 5 6 26
908 890 15 15 175
1331 890 1 1 1
122 892 1 1 1
1056 893 2 3 6
1219 892 26 32 475
66 895 1 1 1
68 894 1 1 1
533 894 6 15 36
951 895 4 8 20
1011 894 7 18 92
1388 896 3 1 3
1493 896 16 21 254
583 899 1 1 1
1144 898 44 28 360
57 900 2 1 2
1749 900 59 28 1067
475 904 9 10 61
1094 905 1 1 1
1736 907 3 3 4
1132 909 2 1 2
456 910 10 10 86
559 910 1 1 1
971 910 1 1 1
1054 911 1 1 1
1128 910 1 1 1
439 912 6 6 24
536 912 1 1 1
997 914 1 1 1
1833 915 7 13 68
89 917 18 19 204
1055 916 1 1 1
1073 918 2 3 4
1123 918 1 1 1
306 920 1 1 1
421 921 4 9 22
1384 920 14 24 195
75 922 2 2 4
591 923 14 15 89
1064 923 2 2 4
1117 923 5 6 24
1418 922 1 1 1
473 924 2 1 2
620 924 1 1 1
155 927 12 4 18
1103 926 4 4 11
1212 929 1 2 2
1239 929 15 20 201
618 931 1 1 1
973 930 1 2 2
988 930 1 3 3
1175 930 1 1 1
1493 931 12 16 104
1038 933 1 1 1
1046 933 12 21 184
1157 933 4 5 18
1213 933 1 1 1
1442 933 35 31 598
1028 935 2 4 7
1417 935 12 20 168
69 938 5 6 9
226 939 1 2 2
1838 938 2 7 8
929 940 1 3 3
582 942 1 1 1
874 942 2 4 6
766 944 4 4 15
546 947 1 1 1
453 949 2 1 2
457 948 1 1 1
507 948 5 7 27
836 948 2 3 4
854 949 3 8 14
964 948 24 24 237
1199 949 1 1 1
1746 948 30 38 714
345 950 10 12 60
817 951 5 16 56
1715 950 16 15 141
574 953 1 1 1
770 952 5 16 43
188 954 1 1 1
869 955 6 29 73
99 957 14 27 225
443 956 4 6 13
0 959 6 1 6
170 958 3 6 11
189 958 1 1 1
496 958 1 1 1
785 958 2 4 8
1119 959 6 6 20
413 961 2 1 2
1025 960 3 3 7
1068 960 2 2 2
382 963 1 1 1
996 963 1 2 2
458 964 6 8 38
1010 964 1 3 3
1044 965 1 2 2
1182 965 17 33 335
67 968 3 2 5
355 969 3 3 8
1055 971 1 1 1
1603 971 1 3 3
810 972 4 6 19
1134 973 4 3 10
1160 972 1 2 2
1485 973 9 10 69
918 975 1 2 2
1423 975 11 18 139
209 976 2 1 2
501 976 8 15 81
1081 976 3 10 19
1663 977 17 15 133
75 979 1 1 1
183 979 4 6 10
333 978 9 8 42
525 979 12 25 114
294 980 2 1 2
1685 980 1 1 1
25 982 1 1 1
846 982 3 3 6
1024 983 2 4 6
1154 983 1 1 1
1705 984 1 1 1
445 987 18 41 331
570 989 1 1 1
1048 989 5 8 26
1461 988 6 1 6
1010 990 2 5 6
1147 991 9 18 113
1172 990 1 1 1
1687 990 15 13 144
260 992 1 1 1
876 993 24 33 309
1492 993 10 10 36
1723 993 21 19 301
369 994 1 1 1
552 995 7 7 34
837 995 1 2 2
1008 995 1 1 1
421 997 1 1 1
910 996 5 4 16
990 998 11 17 40
1287 998 9 10 52
488 1000 8 9 68
962 1002 2 1 2
1075 1002 8 6 22
577 1005 6 7 29
745 1004 4 3 11
333 1006 1 1 1
1397 1006 7 9 35
1359 1008 3 2 5
501 1011 8 11 74
546 1010 1 1 1
690 1011 1 4 4
755 1010 1 2 2
1232 1011 1 1 1
1110 1013 26 46 411
1381 1012 10 15 92
1483 1013 8 7 37
80 1015 6 3 12
760 1016 2 4 8
220 1018 10 6 24
771 1018 2 3 4
952 1019 2 3 4
1544 1018 5 4 15
1474 1021 1 1 1
25 1023 8 10 37
827 1022 1 5 5
1020 1022 4 8 22
1287 1023 2 2 3
172 1024 2 1 2
1553 1025 3 3 7
595 1029 8 10 22
1358 1029 1 1 1
1724 1029 16 19 222
118 1031 2 2 2
167 1030 2 2 2
215 1031 6 8 28
1014 1031 4 4 13
1166 1032 12 19 160
236 1034 3 2 5
911 1034 7 12 59
987 1035 1 1 1
1365 1035 6 4 11
25 1036 1 1 1
575 1036 4 4 10
721 1037 3 6 15
852 1036 8 13 85
870 1036 1 2 2
828 1038 4 4 9
1271 1038 1 4 4
1498 1039 1 1 1
700 1040 13 12 136
1764 1041 11 9 46
661 1045 11 20 110
1449 1045 11 11 76
745 1046 2 4 6
931 1047 8 14 64
1069 1046 1 1 1
44 1048 7 4 11
222 1049 1 1 1
513 1049 1 1 1
791 1049 3 2 4
838 1048 6 11 45
686 1050 4 3 8
1346 1050 2 2 3
1041 1053 4 6 21
1825 1053 1 1 1
1000 1055 1 1 1
423 1056 1 1 1
863 1057 7 8 40
921 1056 2 2 3
1071 1056 4 6 20
1160 1057 3 1 3
583 1059 1 1 1
659 1059 1 1 1
759 1059 3 5 11
920 1060 1 1 1
1397 1061 6 7 23
517 1063 8 8 32
961 1063 1 4 4
1046 1062 8 11 27
1106 1062 1 1 1
1664 1062 2 2 3
769 1065 1 5 5
568 1067 5 9 35
882 1067 4 4 9
937 1069 14 8 91
1066 1069 1 1 1
551 1071 2 1 2
771 1070 6 11 38
916 1070 9 12 58
1578 1071 18 19 224
416 1072 2 2 2
499 1072 3 2 5
586 1072 5 9 29
1319 1072 7 10 45
466 1074 2 2 2
829 1075 1 2 2
1012 1075 1 1 1
1086 1074 5 3 13
245 1077 1 1 1
806 1076 2 2 4
1254 1077 1 1 1
164 1078 1 1 1
341 1078 1 1 1
1335 1079 13 12 121
1356 1080 1 1 1
1390 1081 5 4 14
1615 1080 13 19 94
1675 1081 4 2 5
935 1082 3 2 4
1178 1083 15 27 295
323 1085 2 2 3
1013 1085 1 1 1
1074 1084 2 5 7
731 1087 1 1 1
814 1086 3 4 10
1007 1087 1 1 1
1710 1087 12 16 110
570 1089 4 7 14
961 1088 1 1 1
118 1090 1 1 1
607 1091 1 1 1
646 1090 2 2 2
1317 1091 1 1 1
1444 1090 19 23 297
95 1093 4 4 8
485 1092 3 4 9
828 1092 1 5 5
1035 1094 2 1 2
890 1096 7 11 57
588 1098 2 1 2
947 1098 4 11 14
1129 1098 3 1 3
329 1100 14 8 34
587 1100 1 1 1
991 1101 1 2 2
444 1102 2 2 2
824 1102 1 1 1
521 1107 24 12 119
1656 1106 13 7 38
762 1109 3 6 11
794 1109 1 4 4
1038 1108 3 5 15
1686 1109 3 5 6
44 1110 4 4 9
575 1110 1 1 1
1003 1110 2 2 2
1094 1111 1 1 1
1132 1110 1 1 1
0 1113 2 2 3
225 1112 2 2 2
930 1112 18 15 133
83 1114 1 1 1
806 1115 1 1 1
1744 1114 1 3 3
157 1117 2 2 2
421 1116 3 3 5
438 1116 8 11 69
593 1117 3 5 10
843 1116 3 2 5
1023 1117 11 14 65
1332 1116 2 2 3
1577 1116 1 1 1
1082 1118 1 1 1
1277 1118 1 2 2
1296 1119 7 9 48
1433 1118 8 4 25
200 1121 1 1 1
576 1121 1 1 1
578 1120 1 1 1
821 1120 9 16 114
978 1120 1 1 1
482 1122 1 1 1
994 1123 1 2 2
485 1124 1 2 2
1065 1124 1 1 1
1212 1124 1 1 1
89 1126 2 2 2
300 1127 1 1 1
385 1126 1 2 2
456 1126 9 11 70
857 1126 4 6 20
1261 1126 1 2 2
1356 1127 4 2 7
1654 1126 4 8 27
261 1128 2 2 3
904 1129 8 7 38
1048 1128 4 7 16
1123 1128 1 2 2
232 1131 13 20 141
664 1130 2 3 5
959 1130 1 1 1
1194 1131 9 9 50
1422 1131 7 6 37
203 1132 4 4 9
1354 1132 1 1 1
1792 1132 1 1 1
401 1134 1 1 1
946 1136 3 7 16
1268 1137 9 7 29
1291 1137 1 1 1
1498 1136 8 8 36
1711 1137 2 1 2
1060 1138 1 1 1
1341 1138 9 8 40
1430 1139 13 14 77
1714 1141 5 5 15
194 1143 9 9 30
607 1143 2 1 2
1305 1142 8 9 37
1357 1142 4 2 5
1573 1143 2 1 2
1806 1143 4 3 5
391 1145 10 14 100
604 1145 2 1 2
1266 1144 1 1 1
1620 1144 2 1 2
441 1147 2 2 3
1471 1147 6 4 11
1544 1149 1 1 1
1565 1149 9 5 32
893 1151 2 1 2
932 1150 10 4 31
231 1153 1 1 1
470 1152 12 5 26
1521 1153 1 1 1
1601 1152 9 13 60
1838 1153 2 1 2
267 1154 2 3 4
641 1154 11 14 70
1031 1155 2 2 3
1536 1154 8 7 26
1623 1155 1 4 4
1803 1155 1 1 1
206 1156 1 1 1
574 1157 2 1 2
750 1157 2 5 7
986 1157 3 7 15
1078 1157 1 1 1
1156 1159 2 2 4
1559 1159 1 1 1
732 1160 1 1 1
1024 1162 3 4 10
1235 1162 4 4 7
1452 1163 18 14 88
968 1165 4 1 4
722 1166 3 4 9
1748 1167 1 1 1
1760 1169 1 2 2
393 1170 2 2 2
1615 1170 26 35 370
1771 1170 1 1 1
839 1172 2 4 6
1360 1173 1 1 1
1764 1172 1 2 2
338 1174 1 1 1
1017 1176 2 2 2
1056 1177 2 2 3
1649 1176 3 3 5
238 1178 1 1 1
331 1179 1 2 2
585 1178 4 10 13
598 1178 1 1 1
431 1180 1 1 1
823 1181 1 1 1
1102 1181 1 1 1
1529 1181 12 3 33
513 1182 1 1 1
562 1183 4 7 14
426 1186 5 6 10
481 1187 6 5 17
1124 1186 1 1 1
1214 1186 2 2 4
197 1188 5 3 9
705 1188 1 1 1
1229 1189 1 1 1
1561 1189 15 12 30
768 1190 1 1 1
11 1192 1 2 2
700 1192 1 1 1
1502 1193 1 1 1
498 1195 3 5 14
854 1195 5 4 11
1401 1194 10 9 49
1498 1194 3 1 3
510 1196 9 14 98
715 1196 1 2 2
1245 1196 1 1 1
1688 1197 2 2 4
1779 1197 1 1 1
485 1199 3 5 9
348 1200 8 4 13
625 1200 1 1 1
1150 1201 1 5 5
1385 1201 8 19 92
60 1202 3 3 4
474 1202 2 2 3
728 1203 1 1 1
321 1204 3 3 6
756 1205 1 1 1
1235 1204 1 1 1
476 1206 1 1 1
1540 1207 1 2 2
1770 1206 7 1 7
1718 1209 1 1 1
874 1212 1 1 1
24 1214 2 1 2
708 1214 2 4 6
964 1215 2 2 3
1241 1215 5 5 13
101 1217 9 11 61
1505 1217 1 2 2
1787 1217 6 6 16
1207 1218 2 2 3
1605 1218 5 5 9
326 1223 8 5 32
528 1223 8 5 27
553 1223 2 5 9
747 1222 1 1 1
1213 1223 2 5 10
1499 1222 2 6 12
137 1224 2 4 7
184 1225 4 3 10
464 1224 2 4 8
655 1225 2 3 5
735 1225 4 3 8
274 1226 2 2 4
1110 1226 1 2 2
1378 1227 2 1 2
