0 0 1840 1228 2168211
284 0 5 8 37
561 0 4 4 12
748 0 7 4 20
768 0 7 12 63
877 0 125 31 1104
1017 0 1 8 8
1107 0 6 10 54
1138 0 8 11 63
1219 0 3 7 11
1263 0 14 98 922
1276 0 91 102 1830
1575 0 1 1 1
1601 0 6 6 27
1730 0 110 89 2834
1076 5 2 6 7
1123 7 1 2 2
264 8 12 16 116
795 8 2 4 8
1047 9 1 5 5
1218 8 1 2 2
1162 11 1 5 5
1579 11 6 9 33
739 12 6 15 70
828 12 3 6 17
1066 12 1 5 5
1146 13 1 2 2
1228 13 1 6 6
469 15 5 7 25
700 15 5 10 33
1534 15 9 18 115
1105 17 2 6 9
137 19 7 7 28
592 19 5 11 43
895 19 7 8 26
454 22 5 4 15
1611 25 4 3 8
908 27 1 1 1
931 27 4 13 29
1020 27 2 4 7
1173 27 1 2 2
517 28 4 8 29
881 31 9 12 46
1132 30 6 7 22
766 32 5 12 43
848 33 1 5 5
1034 34 10 24 175
1290 35 5 10 36
1429 35 9 13 74
830 37 2 3 6
876 36 1 1 1
917 37 1 1 1
952 38 2 4 7
1059 38 22 41 297
815 41 3 7 18
866 40 3 7 10
1222 42 2 5 9
929 45 2 12 14
987 45 1 2 2
1157 45 3 22 30
1402 45 7 12 65
441 46 3 4 8
1201 46 1 4 4
1226 47 1 3 3
459 49 1 2 2
471 49 7 16 77
655 49 5 13 52
893 48 2 16 21
958 49 3 11 15
461 51 1 1 1
1099 51 2 2 3
741 55 5 11 45
918 54 1 1 1
945 54 3 11 23
767 57 10 31 149
870 57 1 1 1
377 59 10 10 75
541 59 3 5 11
864 59 1 1 1
1082 59 6 16 87
857 61 3 8 18
880 60 1 1 1
459 62 3 5 13
973 62 19 34 167
889 64 1 1 1
912 65 1 1 1
1227 65 1 2 2
529 67 8 10 36
944 66 1 1 1
967 67 1 2 2
797 68 4 10 32
899 68 2 2 3
941 72 3 2 5
433 74 3 7 18
1490 74 8 15 89
1115 77 1 4 4
1579 77 8 9 43
931 79 1 1 1
947 81 1 1 1
1452 81 9 15 78
579 83 3 8 22
1613 84 7 5 21
721 86 5 14 55
736 87 4 11 39
751 87 2 2 4
817 87 5 13 51
846 87 7 7 22
1123 86 11 10 23
1202 87 1 2 2
502 88 3 6 17
1547 89 13 23 222
574 92 4 4 12
1147 93 5 8 33
990 95 10 8 17
1527 97 8 16 96
1695 96 1 2 2
1513 99 3 2 5
876 101 5 10 35
1132 100 5 13 29
834 103 5 16 39
1165 102 7 9 37
1192 103 1 1 1
613 104 1 1 1
850 105 1 1 1
863 104 2 4 6
1598 105 8 8 37
1393 107 9 17 120
813 108 2 3 5
905 109 22 35 409
1203 109 5 7 22
774 111 4 6 11
1059 110 1 1 1
1175 111 1 2 2
219 112 6 6 21
484 113 4 5 15
929 113 18 27 59
1237 112 1 1 1
1100 117 1 3 3
1674 119 10 14 97
870 121 2 10 14
480 125 5 10 40
956 124 1 1 1
1090 125 1 5 5
1001 126 7 18 95
1033 126 1 1 1
1126 128 1 3 3
434 131 8 10 58
1061 130 9 21 149
1199 130 3 20 22
1501 130 8 18 116
1108 132 1 5 5
369 135 3 2 4
754 135 8 16 98
793 135 4 9 27
1143 134 5 6 13
1389 134 8 31 163
230 137 1 2 2
777 136 5 10 37
1016 137 1 3 3
822 140 1 1 1
947 141 2 2 3
498 143 15 15 118
1176 143 3 7 15
432 144 1 1 1
950 144 4 16 18
1039 145 1 4 4
1547 144 10 20 145
971 146 2 4 5
1077 148 22 31 278
1212 149 2 5 6
867 151 1 1 1
935 150 2 3 5
1024 151 5 8 29
912 153 20 14 150
873 154 3 7 20
940 155 1 1 1
1241 155 1 1 1
597 156 6 13 51
941 157 1 2 2
959 157 20 14 127
516 159 4 4 11
740 159 2 4 7
1492 158 7 12 51
830 163 3 13 31
1062 163 1 1 1
888 165 1 1 1
540 166 3 6 13
940 169 2 4 4
1536 169 10 19 139
1451 171 9 13 78
1017 172 1 3 3
1480 172 9 21 150
891 174 45 92 1311
1181 175 5 13 44
572 177 1 2 2
574 179 1 1 1
899 179 1 1 1
934 178 4 4 8
991 180 8 23 126
1124 183 1 3 3
1065 187 2 4 5
745 189 1 3 3
828 189 1 2 2
1173 189 1 1 1
1247 188 1 1 1
684 190 4 6 17
793 192 1 4 4
935 192 1 8 8
837 194 2 2 2
459 197 10 17 97
821 198 2 9 18
742 200 8 18 80
933 201 2 1 2
1417 200 7 8 37
957 203 3 5 10
1110 202 1 5 5
731 204 2 3 6
595 207 4 7 24
769 207 4 9 28
1063 206 1 3 3
1128 207 1 2 2
643 208 6 16 65
829 209 3 5 12
946 208 1 1 1
522 211 4 10 35
1025 211 11 13 51
1431 212 8 11 66
1472 212 6 6 27
549 214 3 5 14
663 214 5 9 38
1107 217 3 11 12
1292 217 12 15 61
941 219 14 12 72
1448 218 6 7 28
417 221 3 5 13
808 221 4 7 21
492 222 3 5 10
1080 228 21 36 277
1516 229 5 6 24
1561 229 9 14 94
1234 230 1 1 1
439 233 3 2 4
740 233 9 23 134
1165 233 1 2 2
606 235 3 8 24
620 236 5 22 84
1113 239 1 1 1
390 241 4 5 13
488 241 6 16 70
873 243 4 18 38
527 245 3 4 8
1008 245 6 4 19
1054 245 1 3 3
853 248 1 2 2
939 248 1 1 1
400 252 3 6 14
445 253 3 6 16
1105 253 6 15 70
1165 252 2 2 3
578 255 3 3 7
729 254 2 3 6
852 254 1 3 3
851 259 1 3 3
503 260 5 15 49
1050 261 1 1 1
1411 261 6 6 23
1441 263 8 16 88
413 265 3 3 9
1044 265 1 4 4
1135 265 1 4 4
532 266 1 3 3
848 267 1 1 1
960 266 2 4 7
846 268 1 1 1
877 269 3 12 25
1606 270 10 11 85
740 273 2 6 10
1131 273 1 2 2
888 275 4 16 23
852 277 1 1 1
93 279 8 17 73
1030 279 1 3 3
782 280 5 11 34
1088 280 10 10 62
1101 281 25 57 537
625 284 4 13 48
1189 284 6 14 54
1166 287 1 3 3
446 288 3 4 10
839 288 3 5 12
460 290 3 8 21
579 290 5 14 54
1402 291 3 5 13
863 292 27 31 341
1086 292 2 6 8
1134 293 10 5 26
954 297 1 4 4
406 299 4 7 22
943 298 1 1 1
493 300 3 6 16
907 300 11 11 72
1050 301 6 20 88
705 303 19 12 79
738 303 12 14 69
776 302 5 8 29
806 304 4 13 33
964 304 5 6 25
1180 307 2 3 5
248 309 140 166 3026
926 308 5 11 34
948 308 1 3 3
1494 309 10 19 138
361 312 3 5 13
531 312 3 6 15
1585 313 9 18 124
1202 315 1 4 4
511 316 2 3 5
1189 316 4 5 8
825 318 3 9 18
1021 319 1 1 1
1014 323 1 4 4
1471 322 9 26 176
1130 325 1 2 2
805 326 2 7 7
1054 326 1 4 4
873 328 2 6 12
737 330 2 5 8
1013 330 1 1 1
1077 330 1 7 7
136 333 6 3 11
429 335 4 7 21
1273 335 5 7 28
754 337 2 5 8
1059 336 1 2 2
1388 337 6 4 18
936 339 1 5 5
1142 338 1 2 2
1091 340 1 3 3
489 343 4 5 12
770 344 1 1 1
728 346 6 11 48
815 347 1 1 1
837 349 1 1 1
867 348 2 10 15
1071 348 2 5 6
1100 348 1 7 7
1563 349 10 15 110
778 352 65 133 1362
435 356 3 4 10
448 356 3 6 15
964 358 1 2 2
1011 359 6 15 66
1179 359 1 6 6
1201 358 1 4 4
864 361 1 1 1
983 360 2 9 10
524 365 3 8 21
698 365 2 7 12
874 365 2 2 4
1583 364 9 16 117
654 367 7 16 80
756 367 41 92 1148
1117 366 1 1 1
1462 367 7 11 57
1498 366 4 5 13
716 368 2 5 9
866 368 17 20 130
913 368 1 3 3
1095 371 13 24 123
441 373 4 10 33
852 373 2 2 3
863 372 2 2 2
1370 372 6 10 40
454 377 4 11 25
1410 377 2 4 6
535 381 3 4 10
555 380 3 2 5
1062 380 1 3 3
952 383 1 4 4
909 384 2 7 12
1816 385 4 20 23
1168 386 3 10 26
837 388 37 61 1353
882 389 2 8 15
1563 389 8 8 47
1581 388 13 21 87
44 391 6 4 12
405 391 3 10 26
711 391 2 5 10
974 391 6 16 52
1028 391 7 19 101
1179 390 10 7 33
531 393 3 1 3
1068 395 1 7 7
1110 394 1 4 4
745 396 6 14 63
1143 396 3 4 10
385 398 4 5 16
796 399 1 5 5
876 399 1 1 1
988 400 11 17 86
1072 401 27 30 234
1557 401 6 6 27
1123 402 1 2 2
1597 403 10 16 124
574 407 5 10 32
696 406 3 4 7
903 407 2 9 14
1048 407 2 11 14
1802 406 14 82 152
410 409 3 7 11
1102 411 2 5 9
1722 413 1 1 1
1407 414 3 3 5
421 419 1 2 2
962 418 1 3 3
961 419 27 84 505
931 421 1 1 1
1209 421 1 4 4
1720 422 2 2 2
448 425 5 12 51
524 424 4 5 15
1006 427 1 4 4
1147 426 1 1 1
748 429 1 1 1
996 428 1 6 6
1129 429 1 4 4
338 430 7 6 33
1401 431 2 3 6
1603 431 7 7 35
927 432 2 2 3
1086 432 1 5 5
1212 432 7 16 80
361 437 3 3 9
1019 437 1 1 1
1032 436 6 18 83
1412 437 5 7 25
819 439 4 5 10
1075 439 7 21 114
1528 439 20 49 386
1129 440 3 7 14
921 443 3 10 17
1299 443 3 5 14
1354 443 7 11 52
1458 442 7 7 36
193 445 4 4 11
403 444 6 12 46
936 445 8 17 52
1001 444 6 9 29
1106 444 1 3 3
1585 446 15 19 118
1708 446 9 38 122
834 448 1 1 1
1103 449 3 6 12
833 451 1 1 1
767 452 1 1 1
831 453 1 1 1
1165 454 1 1 1
701 457 2 3 6
744 457 2 5 8
829 456 2 4 7
1191 456 13 19 131
620 459 5 11 40
1155 458 9 13 58
1175 458 5 13 47
1493 458 12 21 186
1037 460 16 28 205
835 463 2 3 5
908 463 3 9 19
710 464 3 5 12
738 464 33 32 375
949 464 1 1 1
1135 464 1 4 4
408 466 4 11 35
850 466 1 4 4
821 469 3 4 4
706 471 2 2 3
1131 471 1 2 2
1450 472 9 18 123
553 475 5 7 18
697 474 3 7 19
526 476 5 12 43
1015 479 1 2 2
823 480 78 68 1706
1721 484 19 2 23
490 486 13 12 59
803 486 1 1 1
553 488 1 1 1
746 489 71 49 968
1194 488 3 8 21
1335 489 4 6 18
725 490 1 2 2
790 491 2 3 4
818 490 1 1 1
924 491 2 4 6
999 490 1 1 1
998 493 1 1 1
1047 493 11 21 121
997 495 1 1 1
1031 495 5 9 34
437 497 3 4 10
1012 496 3 5 9
427 499 1 2 2
996 499 1 1 1
1178 499 1 5 5
1582 499 7 12 68
338 500 22 8 133
995 502 1 1 1
963 504 1 8 8
500 506 3 4 8
993 507 1 1 1
1066 507 7 6 13
908 509 9 14 30
744 512 1 1 1
1145 512 5 7 27
428 514 5 7 23
389 517 4 5 16
717 517 2 4 5
950 516 4 15 42
999 516 5 19 49
1019 516 1 1 1
1124 517 4 4 11
1182 519 1 1 1
1228 519 6 1 6
317 521 1 3 3
1238 520 2 1 2
720 525 2 3 5
1041 526 1 8 8
1067 529 1 3 3
1449 529 5 5 12
1134 531 1 2 2
205 532 4 2 6
477 533 6 2 10
492 532 1 1 1
723 532 1 2 2
1089 533 1 1 1
111 534 6 6 25
374 535 4 6 18
504 535 9 5 32
848 535 1 1 1
858 536 3 7 13
1127 536 1 2 2
784 538 3 18 50
905 538 12 11 53
922 540 1 2 2
1045 545 6 12 39
1244 544 6 16 74
753 547 3 10 19
1097 549 5 5 21
425 551 2 1 2
694 552 5 8 28
854 555 31 15 235
961 554 1 3 3
1113 555 5 8 30
982 557 7 15 76
956 559 1 2 2
917 561 3 10 15
1059 560 1 3 3
570 563 2 3 5
656 563 2 2 4
812 562 2 10 20
1088 565 1 2 2
1172 566 4 8 29
576 569 2 1 2
958 571 1 2 2
1148 570 12 4 32
1286 571 4 6 22
1352 570 5 7 25
1054 573 1 6 6
697 574 4 4 11
777 575 2 5 10
862 574 1 1 1
1572 575 7 6 34
923 576 2 3 5
1077 577 1 3 3
673 579 4 5 13
935 578 1 2 2
1620 579 8 7 37
753 581 1 2 2
1336 581 15 13 95
467 582 3 3 6
713 583 1 1 1
790 582 3 8 16
901 583 9 4 29
809 584 1 1 1
810 585 96 95 1413
876 591 1 1 1
1005 591 1 1 1
1065 591 1 2 2
578 593 4 4 13
929 593 3 7 14
1274 592 5 4 14
724 594 2 3 4
918 598 11 9 25
1113 599 1 1 1
1121 598 1 1 1
1069 600 1 1 1
1132 600 1 1 1
1357 600 3 5 10
892 602 4 7 19
1075 605 1 1 1
1137 607 8 26 83
484 608 8 4 19
753 609 5 9 36
1116 610 1 3 3
699 612 1 1 1
800 614 1 3 3
1022 615 1 1 1
1024 616 1 1 1
1452 617 7 9 47
592 618 2 3 4
1004 619 7 25 118
1094 619 17 24 126
709 621 1 3 3
902 620 52 33 757
1111 621 2 2 3
521 623 5 15 30
957 624 1 1 1
1059 627 1 1 1
1062 626 1 1 1
1290 627 6 9 28
683 629 14 16 95
1057 628 1 1 1
1336 629 12 12 65
1212 630 2 2 4
1128 633 1 1 1
719 638 1 2 2
1056 638 3 6 7
1107 645 1 1 1
816 647 18 19 100
897 646 1 3 3
970 647 1 5 5
1124 649 1 1 1
1080 650 1 1 1
778 654 1 1 1
1056 654 1 1 1
1079 654 92 45 1232
757 656 5 8 33
852 656 15 13 34
1061 657 4 2 5
1239 656 3 2 6
1742 661 1 1 1
1438 662 7 12 58
650 664 4 5 13
1371 665 2 2 3
1306 666 5 6 21
1637 667 5 4 16
999 669 1 2 2
1183 670 4 5 14
1075 673 2 7 13
1540 674 11 18 144
918 677 10 7 26
458 678 2 2 3
725 678 1 6 6
787 678 1 3 3
805 678 1 6 6
840 679 1 6 6
1234 678 5 2 7
1169 680 1 1 1
934 682 1 1 1
1057 683 1 2 2
1373 683 7 8 44
804 685 50 70 1699
908 684 1 1 1
1093 684 1 1 1
1310 684 5 10 36
777 686 20 9 51
909 686 7 9 28
1215 687 4 3 10
843 688 2 8 11
990 690 1 1 1
1095 690 9 4 26
881 693 2 7 10
1644 692 7 6 30
630 695 3 4 11
978 694 5 2 6
1073 695 1 1 1
903 697 1 1 1
916 696 2 2 2
523 699 1 1 1
919 699 1 1 1
1008 698 5 14 51
1074 699 1 1 1
1131 699 1 1 1
478 701 3 9 18
763 700 3 7 17
984 701 1 13 13
922 702 1 1 1
1121 702 9 7 27
1265 703 7 14 67
541 705 1 1 1
949 704 1 1 1
789 706 2 6 8
950 706 1 1 1
1061 706 1 1 1
1064 707 14 24 94
1095 706 1 1 1
556 709 3 3 7
864 709 8 12 72
952 708 15 19 112
1117 709 3 1 3
1241 708 6 9 46
1629 709 5 5 17
1114 711 2 1 2
440 713 14 17 81
725 712 1 3 3
1093 712 18 10 46
882 715 5 4 8
982 715 13 14 40
628 716 641 202 44045
553 719 1 1 1
968 719 1 1 1
476 720 4 5 14
796 720 5 8 25
980 720 2 2 3
1331 720 1 3 3
863 723 1 1 1
1087 722 3 4 6
944 725 1 1 1
1126 727 1 1 1
519 728 2 4 7
749 730 5 11 38
803 735 1 1 1
1081 735 1 1 1
1078 741 3 6 11
1129 743 5 12 23
506 746 1 1 1
861 746 1 4 4
966 747 1 2 2
1423 746 7 12 61
926 750 1 1 1
515 753 6 12 45
989 752 1 1 1
1011 753 1 1 1
940 755 33 32 343
981 756 1 1 1
1301 756 3 3 7
1568 757 8 6 35
1048 767 5 6 20
543 770 5 10 34
580 771 6 3 14
876 770 3 5 14
854 773 11 9 47
1420 775 5 3 9
1058 777 2 3 6
381 782 2 2 4
881 782 8 14 57
547 788 2 3 5
991 789 3 4 7
868 791 1 4 4
974 790 1 2 2
920 793 6 3 8
623 796 3 9 22
1555 798 7 11 58
1325 811 5 15 57
1237 815 4 6 23
500 821 1 1 1
673 821 4 3 8
1296 821 7 23 87
1172 823 3 5 12
1495 826 1 1 1
1252 833 4 4 13
664 835 11 16 97
1393 838 2 1 2
701 840 1 1 1
1397 843 5 3 10
1172 847 7 20 103
1292 849 3 1 3
726 858 1 2 2
1078 858 1 3 3
1623 859 6 8 37
661 865 2 3 5
1090 865 6 14 60
444 867 2 4 6
1563 869 5 3 13
1058 871 1 2 2
1146 870 12 9 71
1244 872 1 1 1
708 874 2 2 4
1667 876 3 2 5
631 881 3 3 7
700 881 2 2 4
1034 880 1 2 2
1544 880 1 1 1
1563 881 6 6 21
464 884 1 1 1
1180 887 4 4 13
142 891 2 1 2
366 890 2 2 4
1239 897 1 1 1
1357 896 4 3 9
1337 898 1 1 1
971 904 7 17 85
1319 906 7 11 42
700 909 1 1 1
1054 910 4 6 19
1347 915 5 7 25
1049 917 5 7 23
708 923 2 2 4
1008 922 3 6 15
1410 925 1 1 1
760 926 1 1 1
1444 927 6 8 28
822 928 1 1 1
1292 928 12 9 60
1324 928 1 2 2
484 932 3 3 5
625 937 1 1 1
702 940 2 5 9
479 943 3 2 4
684 943 3 3 9
1017 942 1 3 3
1029 942 1 3 3
1347 942 1 2 2
458 945 2 1 2
155 947 3 3 5
447 948 2 6 12
676 949 1 2 2
1079 948 1 2 2
701 951 1 2 2
689 956 3 6 14
816 957 1 3 3
849 956 1 2 2
865 958 1 2 2
1181 965 1 1 1
451 967 1 2 2
495 971 2 3 4
1528 971 6 10 37
770 973 1 1 1
673 974 1 1 1
771 977 3 6 11
1209 976 2 2 4
1431 978 3 3 6
1690 978 1 1 1
503 981 2 1 2
683 981 16 11 73
790 983 1 1 1
991 983 3 3 7
1116 985 1 1 1
1163 985 3 6 18
722 987 2 3 5
759 987 4 7 21
1422 986 1 1 1
1471 987 1 1 1
815 989 1 1 1
885 993 3 9 23
1356 992 1 1 1
1540 992 2 2 3
914 997 3 8 13
1145 999 5 13 47
1359 998 5 6 20
717 1003 1 3 3
819 1005 1 3 3
1252 1004 2 2 4
1437 1006 4 3 7
744 1009 1 1 1
1197 1010 1 1 1
1273 1012 2 1 2
1445 1012 6 8 38
1569 1012 3 2 4
1401 1015 1 1 1
1258 1016 5 3 10
628 1018 1 1 1
655 1022 2 1 2
1029 1026 2 1 2
817 1030 1 2 2
1065 1030 5 7 24
336 1034 2 1 2
456 1038 2 1 2
968 1041 4 7 25
1052 1043 4 5 14
1028 1046 2 1 2
1637 1046 4 3 9
1358 1053 1 1 1
1395 1053 2 1 2
1509 1053 7 4 13
486 1055 2 4 4
1188 1057 3 4 10
1458 1057 2 2 3
1645 1063 1 1 1
655 1065 2 2 4
986 1064 1 2 2
1167 1065 2 1 2
1404 1064 1 1 1
645 1067 3 5 13
1279 1067 1 2 2
1821 1066 4 2 4
125 1069 6 8 30
669 1069 1 1 1
1139 1069 3 7 18
1249 1072 5 10 32
1807 1072 1 1 1
1529 1075 1 1 1
671 1076 1 1 1
779 1076 8 3 13
1329 1077 5 9 26
66 1081 1 1 1
1433 1082 2 1 2
1126 1085 1 2 2
19 1088 5 2 9
49 1089 1 1 1
631 1089 6 12 42
987 1090 4 7 22
1036 1091 3 3 7
674 1092 2 1 2
1317 1093 1 1 1
556 1094 2 2 3
707 1095 1 1 1
732 1094 1 2 2
787 1103 2 1 2
1020 1102 1 2 2
1331 1104 2 3 3
1453 1104 2 3 3
1240 1108 1 1 1
391 1112 1 1 1
646 1112 2 3 5
208 1115 1 1 1
866 1117 1 3 3
880 1118 2 6 8
1155 1120 1 1 1
1296 1122 2 1 2
886 1124 2 3 6
1532 1127 2 2 3
479 1129 2 4 7
1766 1129 3 1 3
1797 1129 4 3 5
742 1131 1 1 1
1544 1132 1 1 1
694 1135 1 2 2
922 1135 3 7 17
1101 1135 1 1 1
652 1137 1 1 1
703 1137 1 1 1
775 1136 2 4 6
1017 1136 1 1 1
1117 1136 1 1 1
793 1140 1 1 1
1341 1140 4 6 22
1376 1140 1 1 1
1149 1143 2 3 4
1525 1143 1 1 1
198 1144 1 1 1
563 1148 4 9 25
1126 1150 1 6 6
1210 1150 1 1 1
1392 1150 2 2 2
772 1153 1 4 4
234 1154 1 2 2
792 1154 2 8 11
494 1156 1 1 1
378 1162 1 1 1
1331 1163 1 1 1
679 1167 2 2 4
873 1166 1 1 1
1303 1171 1 2 2
759 1173 1 2 2
502 1179 11 7 44
1495 1178 1 1 1
574 1181 1 1 1
1045 1181 1 1 1
681 1185 2 1 2
1142 1187 1 1 1
1200 1187 4 9 29
1660 1187 1 1 1
1285 1189 1 1 1
263 1191 1 1 1
1239 1191 1 2 2
113 1193 5 12 25
390 1192 1 3 3
1734 1195 15 8 33
721 1201 1 1 1
415 1203 2 3 4
389 1205 2 4 6
1069 1208 4 4 11
217 1211 1 1 1
1366 1217 2 1 2
688 1221 1 7 7
1049 1220 1 1 1
1706 1223 1 5 5
714 1225 1 3 3
771 1224 1 4 4
