0 0 1840 1228 2088885
310 0 15 4 48
526 0 13 32 289
589 0 68 30 1266
691 0 4 3 11
918 0 10 24 202
961 0 9 16 102
1008 0 6 4 19
1093 0 18 19 269
1127 0 19 28 243
1161 0 7 13 80
1194 0 32 51 642
1235 0 29 14 282
1426 0 184 124 3174
1631 0 71 56 1598
1720 0 31 44 916
1030 5 6 12 58
327 9 42 49 820
978 10 34 37 650
1763 15 14 16 136
1804 15 36 43 1021
1073 18 43 52 685
1381 20 6 9 31
503 22 8 13 89
668 25 1 1 1
1129 24 60 44 726
401 30 13 20 195
462 30 20 20 272
855 31 13 32 225
657 32 4 5 17
882 34 6 6 33
239 36 16 17 196
916 36 60 60 1503
616 38 14 30 190
1233 40 6 12 62
1550 44 54 57 1730
317 49 19 20 275
829 49 7 12 70
1027 53 11 19 157
1063 59 5 8 36
991 61 5 11 49
1170 62 6 9 42
1315 63 21 33 510
170 66 18 24 343
653 67 9 11 80
1195 68 22 27 196
993 72 23 56 679
1051 73 6 8 39
1255 73 7 13 59
879 74 6 9 42
1067 75 12 11 58
852 79 10 17 143
599 81 10 18 143
1512 83 17 19 241
1406 85 50 32 919
1717 87 82 87 2855
790 89 7 13 72
1150 92 6 12 50
1289 95 10 15 124
649 96 16 28 308
760 96 13 26 278
202 99 26 24 459
316 99 19 35 503
877 99 33 13 176
1183 100 2 1 2
1204 100 52 35 775
922 103 28 12 132
616 106 10 13 98
1144 107 5 6 26
554 109 56 74 2065
295 112 9 7 46
1094 114 7 15 88
1182 117 17 47 621
1664 117 23 28 506
734 119 8 13 75
903 121 7 13 76
460 124 10 12 93
1133 128 19 24 149
1167 129 5 9 33
1453 129 36 29 609
1080 130 5 9 39
942 133 6 10 48
1217 132 6 9 44
999 136 35 40 660
1561 137 16 17 184
131 142 17 15 161
1590 143 23 31 536
370 144 5 4 14
1074 145 4 7 27
1101 145 5 8 27
805 146 8 17 117
619 148 31 21 391
667 148 5 8 27
978 149 11 23 208
1059 149 6 15 70
853 150 7 12 65
1080 152 3 5 12
881 156 7 17 107
951 156 4 5 16
1091 160 4 8 29
531 165 23 33 325
911 164 7 16 89
1379 165 153 40 2502
736 167 15 55 519
1155 167 19 24 191
404 168 8 10 59
828 169 13 31 182
384 171 12 16 140
425 170 16 24 261
1097 171 10 11 53
1030 173 19 28 326
320 177 10 11 82
607 176 8 13 95
1063 177 8 12 73
1123 177 14 21 173
256 178 37 29 737
1220 180 5 8 31
355 190 18 13 187
924 191 34 47 1042
1590 191 12 9 80
640 196 18 24 292
966 197 18 18 132
1181 197 4 4 9
1235 201 5 5 20
1138 203 4 6 24
1623 203 50 28 939
556 205 11 20 193
1531 206 11 10 74
1104 208 5 5 21
172 210 40 22 520
411 212 9 11 66
1059 212 17 27 332
1125 212 5 6 23
1149 213 7 13 53
885 214 6 6 23
982 215 33 26 396
506 217 6 10 51
1339 216 123 80 2310
366 221 11 12 96
562 220 38 31 718
912 223 6 13 61
1430 223 42 17 109
292 224 45 41 737
839 228 5 8 32
1130 229 7 11 55
1182 230 5 6 25
1199 231 23 23 290
747 234 6 9 44
474 236 4 2 6
648 237 32 39 522
1047 239 6 7 33
1118 238 3 2 6
247 244 13 14 144
796 244 6 12 57
852 244 6 12 64
910 245 24 37 353
1545 245 19 24 322
1002 246 5 8 35
688 251 6 6 17
973 253 10 15 116
1145 254 28 53 650
1597 254 27 42 839
1045 260 13 18 145
1121 261 2 4 8
1184 260 2 3 6
358 264 11 11 90
1491 265 10 15 99
1123 266 23 22 206
1201 266 7 11 46
381 269 8 9 55
554 268 8 13 93
926 269 51 72 1018
1323 268 11 11 93
1462 269 6 9 16
480 270 6 4 22
1354 271 22 41 356
1001 274 33 73 528
469 276 9 9 65
1091 276 20 28 138
1222 276 10 16 125
1461 279 1 1 1
412 280 20 18 230
1025 287 4 4 10
1120 288 18 38 431
1183 288 3 3 8
1514 293 19 26 386
331 294 21 48 458
550 296 50 40 762
1665 296 21 27 421
818 298 7 16 102
621 301 8 7 42
1197 300 17 24 123
772 303 1 1 1
1714 304 1 1 1
1421 308 6 4 19
1406 309 56 38 1075
302 310 10 10 83
920 310 3 6 18
1494 312 6 6 25
429 314 7 9 46
1179 315 8 11 71
1604 314 20 19 285
825 316 7 12 74
908 317 4 3 12
1377 317 16 27 328
1037 319 9 11 77
1160 318 5 8 33
515 324 32 29 529
616 325 4 3 9
1061 326 58 26 564
1212 326 4 5 13
904 328 46 81 2189
1734 329 19 19 264
649 333 8 13 89
1698 333 19 21 324
561 334 6 3 8
1136 336 4 6 21
414 339 5 6 21
864 340 6 9 49
237 342 17 19 233
1165 343 12 12 56
1225 344 26 28 428
1178 348 25 28 386
1213 348 1 1 1
794 350 18 23 286
1117 350 15 7 36
1505 352 34 29 619
201 358 13 10 92
956 359 31 34 537
1639 359 22 19 294
508 360 9 14 103
1147 361 1 1 1
554 362 8 11 77
1089 363 3 10 21
1433 363 11 13 101
1038 366 17 14 101
1401 366 11 19 164
865 372 5 6 26
335 374 8 6 28
720 374 11 17 125
1157 376 2 2 4
565 379 48 52 819
689 379 7 9 45
836 378 5 8 35
809 380 17 20 183
1016 380 5 9 37
1100 381 2 2 4
1125 380 11 11 49
256 383 4 2 6
1357 383 5 5 15
1021 384 60 62 1021
1601 385 20 25 382
365 386 8 9 58
207 389 15 19 231
1090 389 17 15 65
633 391 14 16 137
1142 394 11 14 67
1186 395 3 4 10
1448 395 15 17 188
151 396 15 21 258
385 396 6 4 13
741 399 13 9 83
1379 398 15 19 205
1502 399 95 74 2600
257 401 24 28 517
529 400 12 18 159
988 400 1 1 1
1009 401 1 3 3
350 403 14 18 195
791 402 5 9 27
994 403 1 1 1
1077 402 4 6 20
1176 402 3 3 8
438 405 3 3 5
621 404 9 14 97
1188 405 7 15 72
1321 404 15 26 311
319 407 9 9 63
460 407 6 6 25
1648 406 14 10 80
1003 408 1 1 1
1157 408 13 28 146
1292 408 15 23 254
1013 411 2 5 9
810 412 17 14 83
1442 413 4 6 18
839 414 24 14 121
1089 414 17 12 110
1225 417 1 1 1
416 418 3 2 6
507 419 1 1 1
923 421 56 40 544
989 425 1 1 1
893 427 6 11 51
388 429 8 7 37
1038 428 1 2 2
411 430 11 13 89
501 430 9 13 91
1108 431 17 15 90
1258 431 8 8 47
582 432 7 12 76
959 432 53 70 989
908 434 7 11 60
528 436 10 18 152
640 437 1 1 1
997 436 90 43 671
1389 436 10 15 118
1684 436 15 12 120
259 438 17 16 192
550 438 1 1 1
200 440 26 16 233
343 440 1 2 2
345 442 1 1 1
566 443 8 9 54
995 445 2 2 4
1434 445 7 7 33
1705 447 16 17 194
1410 448 1 1 1
235 450 13 16 165
1077 452 1 1 1
125 454 16 18 223
539 454 8 11 62
455 456 17 9 73
1336 456 20 24 318
899 458 17 18 80
1092 459 5 9 26
1170 458 1 1 1
1227 459 6 8 38
1377 458 8 9 52
632 461 26 20 236
883 464 5 10 47
1157 464 6 10 38
1624 464 22 29 484
921 467 34 32 463
1028 467 1 1 1
1053 467 1 1 1
1205 467 7 9 41
576 469 8 11 69
804 468 4 6 23
1105 469 4 3 9
1012 471 1 1 1
1135 472 3 5 14
1450 473 39 96 1607
1059 474 1 1 1
532 476 15 21 194
1110 477 6 6 25
1034 478 1 2 2
1740 478 1 1 1
1031 481 3 4 12
826 483 1 1 1
1182 482 3 4 9
1234 482 11 18 155
1283 483 9 14 106
783 484 8 19 108
799 484 3 5 10
288 486 7 7 37
327 486 14 19 146
582 486 68 45 783
1052 488 3 4 11
1131 488 4 6 17
1547 489 16 16 187
1033 491 7 10 38
471 492 6 7 33
1421 492 14 29 209
1688 495 25 24 446
648 496 3 3 6
729 497 5 7 29
1056 496 4 8 20
1095 496 3 6 15
1112 496 4 7 18
1269 496 4 4 14
1339 496 1 1 1
302 501 14 11 106
903 501 16 17 112
951 502 25 21 370
1162 503 3 4 9
1041 505 1 1 1
1604 505 23 20 353
839 508 7 11 56
348 513 7 5 25
562 515 24 15 248
825 514 4 4 12
878 514 30 54 690
1055 514 3 2 4
1099 514 11 10 42
140 518 1 2 2
832 520 5 6 25
1272 520 1 1 1
1070 522 4 6 19
1261 523 11 18 135
538 525 7 10 60
948 525 3 5 12
388 526 1 1 1
770 526 9 16 121
1049 526 5 7 29
1128 526 11 16 128
1218 526 12 18 161
592 529 10 34 172
1014 529 7 11 67
1033 529 2 3 5
1527 529 14 15 170
280 531 1 1 1
1079 531 13 16 151
1101 532 4 4 14
1163 532 6 3 15
321 534 10 3 16
1420 535 5 3 11
1149 537 27 19 220
567 539 16 21 169
1028 541 6 9 46
180 542 14 13 130
803 543 6 10 44
850 543 7 5 18
420 544 9 10 65
967 545 9 23 129
279 546 11 14 134
685 547 1 1 1
1099 547 3 4 12
542 549 2 1 2
792 550 2 2 2
932 550 6 10 48
1055 550 4 7 24
538 552 3 1 3
1317 553 14 20 219
712 554 9 13 99
1092 555 4 7 20
785 559 4 4 13
990 559 16 13 101
1526 558 14 16 192
332 560 15 24 293
617 560 7 11 66
305 563 1 1 1
361 562 1 1 1
952 563 1 1 1
1143 563 3 2 6
1177 562 3 3 7
536 565 7 10 53
843 565 4 9 34
951 565 1 1 1
799 566 5 6 23
950 567 1 1 1
1022 568 3 3 7
1091 571 3 3 9
1116 571 1 1 1
767 572 1 1 1
458 575 13 15 138
633 574 7 6 30
948 574 1 2 2
1023 575 36 38 545
958 579 2 4 8
1372 578 1 1 1
977 580 3 2 6
240 583 12 14 129
303 582 10 8 62
594 582 7 10 57
900 583 3 3 9
1597 582 35 23 395
934 584 43 32 493
999 584 9 27 107
1067 584 7 2 14
1072 584 59 70 1446
1329 584 10 13 118
805 587 4 5 16
819 586 1 1 1
907 587 3 3 9
284 588 9 9 68
866 590 19 34 335
776 593 5 8 33
800 592 4 6 22
849 592 4 4 11
1075 592 1 2 2
1137 592 6 14 33
1410 593 2 4 6
328 595 6 8 22
439 597 7 9 51
761 597 1 1 1
1061 596 13 27 81
1357 597 16 15 166
117 599 13 23 190
1340 599 1 1 1
312 600 1 1 1
1286 600 6 4 14
314 602 2 2 4
554 603 27 40 308
362 605 1 1 1
713 604 8 12 67
770 604 1 1 1
787 605 1 1 1
427 610 9 16 113
1548 611 44 51 915
793 612 1 1 1
1021 613 2 4 5
1308 612 13 22 162
1380 614 1 2 2
987 617 3 5 11
1039 617 13 29 163
1278 616 13 21 199
610 618 20 11 124
899 618 6 8 37
765 623 5 7 19
935 623 3 4 9
539 624 7 10 44
282 627 8 9 34
880 627 10 17 146
968 627 3 5 13
1220 629 12 17 149
213 630 20 22 286
1422 635 37 25 396
575 636 22 14 179
403 639 4 4 14
1025 639 6 8 35
1093 638 1 1 1
937 641 12 20 190
1128 640 8 7 39
431 643 1 1 1
895 643 32 32 465
1100 642 3 4 9
1394 642 15 23 281
1504 643 13 17 163
606 645 8 12 63
436 647 1 1 1
722 647 25 36 416
856 646 9 18 141
1006 646 2 3 4
1315 646 32 40 393
278 648 14 10 102
411 648 5 7 30
1141 649 4 6 21
1200 649 10 23 150
826 650 2 2 4
818 653 4 5 17
970 655 9 9 67
1051 654 2 3 4
394 656 4 5 10
1359 656 11 15 128
881 659 3 5 13
1106 658 3 5 13
153 660 1 1 1
525 663 13 8 67
1114 662 15 17 97
1474 663 16 20 251
864 664 9 32 159
982 664 3 3 6
1014 665 2 3 6
1274 665 10 12 83
289 667 1 1 1
465 667 2 3 5
1032 666 1 1 1
614 669 4 8 18
819 669 3 4 10
1047 669 9 9 26
108 671 4 3 8
468 670 3 2 5
583 671 8 9 63
671 670 1 1 1
886 671 4 8 25
422 672 3 3 5
542 672 9 7 48
1031 673 4 6 14
1143 673 5 4 15
1069 675 3 6 18
962 678 11 17 104
1108 679 3 6 16
1509 679 19 22 324
551 680 7 7 40
814 680 5 11 43
768 682 4 7 23
1072 683 7 9 27
827 684 3 2 5
1013 684 1 1 1
238 686 14 11 105
603 686 18 16 110
496 688 4 5 15
1050 689 11 17 54
1118 691 5 10 44
1252 690 12 14 135
935 692 11 18 142
1026 693 5 6 25
1100 694 2 2 4
1541 694 12 13 127
725 696 1 1 1
213 698 8 9 51
890 698 15 19 202
163 700 11 10 73
325 701 2 1 2
635 700 6 9 37
330 702 1 1 1
424 702 1 1 1
555 702 24 16 177
1093 702 43 43 589
1370 703 5 4 14
1383 702 11 22 151
427 704 1 1 1
992 705 20 10 106
625 707 1 1 1
821 706 4 5 14
1487 706 13 12 132
346 708 6 4 16
617 711 6 8 46
538 713 7 7 38
579 713 6 12 59
648 712 1 1 1
1149 712 5 7 32
1837 713 3 1 3
653 715 1 1 1
942 714 4 5 17
1073 715 2 2 3
354 716 1 1 1
368 716 4 6 11
771 717 5 8 31
805 717 4 5 17
973 716 1 1 1
412 718 1 1 1
1014 718 5 6 23
1054 719 2 1 2
1087 718 1 2 2
867 721 3 5 13
1027 720 1 1 1
1404 720 67 52 1123
1542 720 19 26 268
931 723 10 23 151
988 724 9 16 117
718 727 8 11 71
131 728 1 1 1
882 729 17 16 165
371 730 1 1 1
587 731 10 17 120
164 732 10 10 82
795 734 1 1 1
1076 735 1 1 1
571 737 7 12 75
619 736 9 12 93
1346 739 28 49 681
947 740 5 6 23
1069 740 3 4 10
1056 742 2 1 2
0 745 1 1 1
996 745 16 19 96
1024 745 3 10 21
1044 745 6 8 30
1060 744 2 1 2
73 746 2 1 2
688 747 6 7 35
803 747 2 2 4
846 746 14 19 86
1375 746 14 20 213
293 748 11 8 71
897 749 18 18 124
1086 748 2 1 2
1507 748 13 14 132
766 750 4 6 15
1463 750 34 24 514
315 752 11 15 134
338 755 1 1 1
602 754 4 5 15
921 754 14 18 115
1428 755 1 1 1
204 756 8 7 21
336 756 1 1 1
578 757 4 4 9
952 757 18 19 196
1038 757 3 1 3
470 759 2 1 2
876 759 10 21 129
780 760 4 5 15
1025 760 82 76 1847
1239 761 37 17 273
1114 762 5 11 34
1126 763 2 2 4
30 765 1 1 1
442 765 7 14 48
822 767 29 48 691
1175 766 1 1 1
565 768 6 5 17
788 768 8 15 64
1049 769 2 3 6
1221 769 8 12 71
1672 769 1 1 1
668 770 3 3 7
583 773 5 7 28
856 773 1 1 1
1046 772 2 2 4
1069 772 1 1 1
1297 772 1 1 1
337 775 10 10 73
613 775 9 16 79
543 776 27 37 347
988 776 4 4 10
1123 777 3 2 4
321 778 1 1 1
950 778 2 1 2
233 782 7 4 15
384 782 1 1 1
897 782 4 4 14
220 784 1 1 1
936 785 6 8 34
1652 784 5 3 7
1776 784 1 1 1
323 786 3 1 3
639 786 1 1 1
852 786 22 65 480
314 789 1 1 1
425 788 1 1 1
1277 789 1 1 1
1444 788 26 18 326
309 790 4 4 12
725 790 3 4 8
901 790 18 20 207
986 790 5 8 33
1118 791 1 1 1
1234 791 10 14 119
1036 793 12 6 36
1157 793 2 1 2
205 795 7 4 12
711 795 7 10 58
967 794 10 9 45
476 796 2 1 2
1008 797 2 2 4
353 798 5 4 15
469 799 1 1 1
1279 799 8 11 66
464 801 2 2 2
531 800 6 8 43
884 801 8 15 101
1032 800 4 8 19
600 802 18 32 201
799 803 3 2 6
759 802 446 259 28179
1330 802 1 1 1
1328 804 1 1 1
272 806 12 11 97
775 807 3 5 13
1016 806 1 1 1
259 808 1 1 1
805 808 4 12 42
241 811 1 1 1
922 811 14 9 56
977 811 1 2 2
1028 810 2 3 5
1081 810 4 2 5
679 812 1 1 1
1343 813 4 5 18
1646 812 1 1 1
412 815 4 4 12
716 814 1 1 1
1257 814 10 12 91
1472 814 11 14 129
1288 817 8 8 50
371 819 8 2 12
492 818 14 11 58
879 819 4 10 40
1004 818 4 5 16
137 821 4 2 5
908 820 15 26 144
1417 820 14 34 359
293 822 8 7 36
338 822 4 3 6
836 823 1 1 1
972 824 47 16 313
1227 825 14 21 163
351 826 9 8 45
899 827 1 2 2
948 826 1 2 2
950 827 10 2 11
1381 829 10 13 100
1745 828 1 1 1
193 831 10 8 50
1314 831 1 2 2
1784 831 1 1 1
763 833 1 1 1
1070 833 2 4 7
563 835 11 19 98
879 836 12 19 100
1058 836 1 1 1
1106 838 1 2 2
874 840 1 1 1
1334 841 11 13 111
875 842 1 1 1
877 843 1 1 1
938 842 1 1 1
1016 842 14 28 185
1296 843 24 14 255
1353 842 25 15 154
974 845 3 5 11
703 846 1 1 1
1091 847 11 16 131
1808 847 1 1 1
340 848 2 1 2
953 848 1 1 1
144 851 1 2 2
533 852 7 8 44
621 852 11 7 45
910 852 2 3 4
1053 852 1 2 2
1066 852 2 1 2
1529 853 2 1 2
114 855 1 1 1
656 855 1 1 1
1081 855 1 2 2
689 857 2 3 4
1038 857 1 1 1
1059 856 1 2 2
152 859 27 12 121
442 859 5 3 9
467 859 6 5 17
586 859 5 9 27
664 859 3 1 3
969 859 1 2 2
414 860 4 11 20
1076 860 4 3 11
1265 860 5 4 17
547 862 16 10 57
917 863 8 12 49
942 863 1 2 2
128 864 1 1 1
485 864 1 1 1
377 867 1 1 1
499 866 1 2 2
570 867 8 25 138
940 867 1 3 3
991 866 9 8 47
1041 867 3 8 15
25 869 4 2 6
1072 868 3 2 6
1392 869 61 26 637
134 873 1 1 1
193 873 1 1 1
328 873 1 1 1
330 872 2 1 2
1292 872 9 13 90
1001 874 14 23 141
1064 876 6 5 17
602 878 4 7 23
632 880 2 1 2
968 881 1 3 3
981 880 4 15 32
1079 881 4 6 21
296 882 10 10 58
513 883 7 4 12
648 883 1 1 1
1030 882 2 3 5
945 884 16 10 94
67 886 4 3 6
415 887 7 7 39
474 886 2 1 2
486 887 7 5 21
741 886 2 1 2
1038 887 1 1 1
1338 886 12 23 196
755 889 1 1 1
1282 888 16 30 206
14 891 1 1 1
215 891 15 21 171
441 890 3 1 3
726 891 1 1 1
916 891 5 5 20
1310 891 9 12 85
367 892 2 2 4
527 892 5 9 28
1057 893 1 1 1
1074 893 2 4 5
1042 895 10 25 59
1097 895 1 1 1
1460 895 9 10 54
348 896 3 1 3
437 896 2 1 2
549 896 32 28 336
734 897 1 1 1
903 897 11 10 56
431 899 3 2 6
609 899 5 8 23
486 900 4 4 8
1084 900 3 2 5
1427 901 13 16 143
642 903 1 2 2
398 905 4 6 14
777 904 10 12 59
1016 905 1 1 1
1024 905 10 11 46
990 907 3 2 4
1775 906 1 1 1
344 908 8 5 29
504 909 2 2 2
1088 909 2 2 4
1018 911 1 2 2
1722 910 2 2 3
523 912 9 5 29
601 913 3 1 3
699 913 2 1 2
746 913 9 21 84
1054 912 28 15 163
1676 913 1 1 1
157 915 6 4 13
164 914 1 1 1
674 915 17 11 70
970 916 4 5 17
1084 916 1 2 2
1754 917 2 2 3
475 918 6 3 12
498 919 4 1 4
932 918 1 2 2
593 920 3 2 4
958 921 4 3 12
1385 921 9 10 76
1544 920 4 2 4
1792 920 1 1 1
257 923 7 3 9
1042 922 1 2 2
1729 923 1 1 1
335 925 1 1 1
369 925 19 10 62
777 925 7 4 16
1741 924 2 2 2
360 927 3 2 4
461 926 3 3 6
503 926 1 1 1
583 927 4 8 26
702 926 13 10 56
734 927 1 1 1
1033 926 1 1 1
611 929 1 1 1
1011 929 2 4 6
208 931 2 2 4
1439 931 25 26 280
484 933 2 2 3
538 932 32 43 424
622 933 3 2 5
1048 932 2 4 5
1072 932 13 12 88
1348 933 15 30 255
154 934 3 2 4
264 934 4 5 16
332 934 1 1 1
436 935 1 1 1
449 934 2 10 11
512 935 1 1 1
681 935 2 2 3
1467 934 1 2 2
1528 935 6 3 9
68 936 1 1 1
1029 936 1 1 1
1395 937 13 19 184
634 939 2 2 3
1054 939 10 7 25
1465 939 2 2 4
24 941 1 1 1
269 941 10 15 92
403 940 1 1 1
533 940 10 4 23
609 940 1 1 1
803 941 2 2 3
9 943 1 1 1
184 942 2 1 2
506 943 3 3 5
1377 942 8 8 46
1838 942 2 2 3
600 946 5 7 32
755 946 1 1 1
822 946 3 4 10
1050 947 1 1 1
1602 948 2 2 2
91 951 1 1 1
332 951 1 1 1
387 950 1 1 1
527 950 1 1 1
89 952 1 1 1
124 953 1 1 1
229 953 2 3 4
409 952 3 3 7
425 952 4 5 15
643 952 2 6 7
811 952 1 1 1
831 952 23 22 161
583 956 5 6 20
734 956 1 1 1
254 958 12 21 134
1315 958 16 23 126
1338 959 7 11 48
487 961 2 3 5
725 960 1 1 1
1295 961 7 7 28
1614 961 3 2 4
417 962 1 1 1
608 963 1 2 2
660 962 1 1 1
698 962 1 1 1
873 962 7 7 39
327 965 7 4 12
600 965 6 10 41
752 965 1 1 1
17 966 1 1 1
475 966 11 17 99
1376 966 8 11 79
141 968 3 1 3
345 969 1 1 1
386 969 2 1 2
1680 969 1 1 1
295 970 7 5 15
500 970 1 1 1
570 971 1 1 1
624 970 4 2 6
716 970 6 8 41
810 971 16 11 80
1258 970 9 12 81
1346 970 12 18 184
503 972 13 7 50
557 972 1 1 1
868 972 1 2 2
458 974 5 12 20
883 975 1 2 2
353 976 7 9 33
618 976 1 1 1
793 977 1 1 1
1469 976 3 3 8
1764 977 4 2 5
743 978 2 3 5
769 979 1 1 1
895 979 1 1 1
267 980 1 1 1
381 980 2 2 2
562 980 6 8 41
606 980 1 1 1
697 980 1 3 3
839 981 18 20 204
1187 981 9 13 88
244 983 1 1 1
325 983 2 2 3
379 982 1 1 1
879 983 18 23 72
1294 982 8 9 47
444 985 8 3 9
725 985 5 10 43
1365 984 7 8 46
269 987 9 4 20
339 986 1 1 1
537 986 2 1 2
1275 986 7 9 52
1583 986 1 1 1
296 989 1 1 1
358 989 1 2 2
502 989 1 1 1
574 989 4 2 8
930 989 3 3 7
1161 989 8 11 66
1417 988 4 2 8
1494 988 14 16 179
454 991 1 1 1
597 990 7 9 46
713 991 1 1 1
1588 990 1 1 1
1595 991 1 1 1
178 992 1 1 1
292 993 2 1 2
470 993 2 3 3
1232 993 12 12 99
1254 993 4 2 6
255 994 9 7 22
412 994 3 2 3
1379 995 1 1 1
114 997 2 1 2
279 996 10 12 75
509 996 10 12 55
669 996 1 1 1
1325 997 1 1 1
462 999 1 2 2
587 999 1 1 1
787 998 2 4 7
190 1000 13 6 34
349 1001 4 5 11
500 1001 1 1 1
525 1001 54 51 809
643 1000 2 1 2
942 1000 1 2 2
1327 1000 4 7 18
1341 1000 44 24 431
1650 1001 3 3 6
457 1002 5 12 19
616 1003 10 8 45
717 1003 1 1 1
862 1003 1 1 1
1287 1002 8 7 48
1555 1004 1 1 1
265 1007 2 2 4
401 1006 1 1 1
411 1007 18 13 77
363 1008 7 5 17
391 1009 1 1 1
744 1008 2 2 3
1790 1008 3 1 3
286 1010 12 18 81
540 1010 2 1 2
586 1011 3 6 16
614 1011 1 1 1
985 1011 1 1 1
1190 1011 10 15 73
1228 1013 18 14 80
1261 1012 23 24 214
1572 1013 1 1 1
263 1015 1 1 1
511 1015 2 1 2
210 1016 8 11 54
276 1017 1 1 1
434 1016 4 6 16
497 1016 1 1 1
594 1016 9 9 37
822 1017 2 4 6
921 1017 1 1 1
1706 1017 1 1 1
391 1019 4 2 6
233 1021 3 4 6
307 1021 1 1 1
749 1020 4 5 6
863 1021 2 4 7
616 1022 1 1 1
634 1022 1 1 1
925 1022 3 4 12
1292 1022 24 16 185
255 1024 1 1 1
300 1025 4 4 12
375 1024 10 8 66
805 1024 5 7 17
1760 1025 1 1 1
445 1026 1 1 1
467 1026 3 1 3
475 1027 1 1 1
626 1027 5 7 29
661 1026 4 2 5
1665 1026 1 1 1
328 1029 10 9 26
465 1029 1 2 2
113 1030 2 1 2
602 1031 4 4 16
798 1031 2 3 6
980 1031 1 4 4
494 1032 20 7 73
872 1033 2 2 4
991 1032 1 1 1
1428 1033 1 1 1
18 1035 12 13 61
372 1034 1 1 1
727 1035 12 5 28
896 1035 4 6 17
1526 1035 2 2 2
34 1037 2 3 4
123 1036 1 1 1
317 1037 3 1 3
368 1036 2 3 6
590 1037 8 20 78
780 1036 3 2 4
1186 1036 1 1 1
1230 1036 1 1 1
476 1039 2 2 2
920 1039 1 1 1
1354 1039 12 16 106
92 1040 5 2 7
161 1040 1 1 1
394 1041 2 3 5
523 1041 1 1 1
721 1040 1 1 1
786 1040 1 2 2
1662 1040 3 4 9
764 1042 2 4 5
100 1044 1 1 1
155 1044 1 1 1
200 1045 1 1 1
356 1045 3 6 10
376 1045 2 2 4
568 1044 4 5 17
816 1044 16 21 142
1203 1044 3 3 7
172 1047 2 2 2
659 1046 8 9 33
794 1047 6 13 45
410 1048 6 3 11
640 1048 1 1 1
112 1050 1 1 1
197 1050 1 1 1
496 1051 1 2 2
771 1050 2 8 16
898 1051 1 1 1
1443 1051 3 3 8
140 1052 1 1 1
245 1052 1 1 1
338 1053 2 1 2
565 1053 2 2 3
672 1052 36 21 272
1018 1052 1 1 1
1179 1052 2 2 3
240 1054 1 1 1
488 1054 1 1 1
544 1055 1 1 1
1187 1055 5 7 25
1707 1055 1 1 1
1837 1055 3 1 3
381 1057 1 1 1
453 1057 1 1 1
588 1057 3 5 8
1017 1057 1 1 1
1337 1057 10 9 55
398 1059 1 1 1
464 1058 14 20 87
734 1058 2 2 2
930 1059 3 7 14
167 1060 4 3 7
207 1061 1 1 1
261 1060 7 3 10
281 1060 3 3 7
500 1061 2 1 2
573 1060 7 13 50
276 1063 4 5 15
534 1063 6 6 30
641 1062 7 9 41
778 1063 1 1 1
840 1063 1 1 1
851 1063 12 31 135
1016 1063 1 1 1
1401 1062 5 4 9
1519 1062 1 2 2
1551 1063 1 1 1
203 1065 1 1 1
216 1064 3 3 5
310 1064 4 3 7
431 1065 3 3 5
659 1065 1 1 1
741 1065 2 3 5
794 1065 1 1 1
412 1066 2 1 2
461 1067 1 1 1
563 1067 6 12 22
843 1067 4 7 24
1350 1066 8 7 37
1594 1067 1 1 1
126 1069 2 2 3
515 1068 1 2 2
812 1069 2 1 2
873 1068 1 3 3
1213 1068 6 9 39
334 1070 3 4 9
371 1071 5 10 21
487 1070 9 14 38
721 1071 1 1 1
1263 1070 5 4 16
1408 1070 40 27 416
50 1072 3 3 6
124 1073 2 3 4
585 1073 2 2 3
902 1073 2 4 5
1156 1072 6 6 28
1291 1072 8 10 66
1412 1072 1 1 1
504 1074 18 8 43
984 1075 1 2 2
1242 1074 17 8 54
1388 1074 12 4 25
48 1077 2 2 4
171 1077 1 1 1
393 1076 2 1 2
1304 1076 14 25 104
1751 1077 1 1 1
654 1079 1 1 1
831 1078 6 10 54
540 1081 20 19 88
641 1081 1 1 1
1279 1080 1 1 1
1520 1081 1 1 1
301 1082 1 1 1
397 1083 2 5 7
434 1083 1 1 1
632 1083 6 3 16
930 1083 14 6 50
1041 1082 1 1 1
1051 1082 2 2 3
1267 1082 9 11 82
175 1085 3 1 3
530 1085 1 1 1
658 1085 1 1 1
173 1087 2 1 2
618 1086 1 2 2
737 1086 1 1 1
591 1088 5 7 22
683 1089 15 18 79
838 1088 3 5 14
1019 1088 1 1 1
102 1091 4 8 20
404 1090 4 4 9
610 1091 8 13 82
773 1090 15 16 100
877 1090 2 2 3
148 1092 1 2 2
258 1093 4 2 7
418 1092 10 5 27
496 1092 6 7 32
523 1093 10 7 31
563 1093 17 9 103
751 1092 4 8 16
191 1095 6 6 25
369 1095 1 1 1
479 1095 1 1 1
515 1095 1 1 1
656 1094 3 2 4
726 1094 3 3 8
513 1097 2 3 6
1286 1096 2 1 2
297 1098 2 2 3
930 1098 2 2 3
1183 1098 4 4 11
1524 1099 1 1 1
253 1101 1 1 1
354 1100 10 33 173
390 1100 1 1 1
490 1101 1 14 14
1283 1101 2 9 11
1294 1101 1 2 2
1537 1100 1 1 1
861 1103 12 7 58
1466 1102 3 4 6
1586 1102 1 1 1
603 1104 3 5 14
717 1105 4 3 7
733 1105 1 1 1
641 1107 1 1 1
812 1107 1 1 1
1296 1107 1 1 1
1719 1107 1 1 1
176 1109 1 1 1
407 1108 1 1 1
546 1108 1 1 1
595 1109 3 4 7
1027 1109 1 2 2
1338 1109 1 1 1
126 1110 1 1 1
182 1111 1 1 1
227 1110 2 2 4
309 1110 3 5 8
506 1110 19 20 214
699 1111 1 2 2
1701 1110 3 6 12
552 1113 10 14 68
805 1113 3 2 6
1631 1112 1 1 1
196 1114 4 5 12
260 1115 1 1 1
492 1115 6 10 32
672 1114 9 2 10
771 1115 1 2 2
1385 1115 10 12 87
82 1117 1 1 1
395 1116 1 2 2
453 1116 6 4 20
564 1116 6 2 6
665 1117 1 1 1
745 1117 4 3 9
1045 1116 2 3 5
1639 1117 2 2 3
394 1119 1 1 1
618 1119 1 1 1
818 1118 3 2 4
825 1119 16 17 157
892 1119 1 1 1
974 1119 1 1 1
1329 1119 8 9 49
1484 1118 3 3 6
109 1121 1 1 1
391 1120 2 4 7
659 1121 4 3 6
750 1120 3 3 8
146 1122 3 3 7
228 1122 10 13 34
380 1123 2 1 2
413 1122 1 1 1
693 1122 4 6 17
875 1123 12 14 84
1419 1122 13 19 155
1592 1123 1 3 3
116 1125 1 1 1
295 1124 1 1 1
310 1125 1 1 1
433 1125 2 2 3
539 1125 13 19 123
636 1125 1 1 1
156 1127 2 2 4
634 1126 1 1 1
673 1126 1 1 1
963 1127 2 2 4
1213 1126 1 1 1
1574 1126 1 1 1
1720 1126 4 3 9
569 1129 4 5 16
614 1129 1 1 1
1242 1128 16 22 149
279 1130 6 5 18
502 1131 5 4 14
584 1131 18 6 36
752 1131 1 1 1
1026 1131 16 17 91
1288 1130 23 35 514
244 1133 1 1 1
714 1133 5 9 30
626 1134 12 5 18
664 1135 3 2 5
859 1135 4 5 14
907 1135 1 1 1
1180 1134 3 3 5
407 1137 4 3 9
611 1136 4 8 18
644 1137 1 1 1
698 1137 1 1 1
989 1136 1 1 1
971 1138 2 2 3
102 1141 6 19 43
412 1141 1 1 1
458 1141 1 2 2
562 1141 22 9 43
774 1140 1 1 1
828 1141 4 5 18
841 1140 11 17 79
886 1141 2 4 6
1792 1141 1 1 1
525 1143 3 4 8
863 1143 4 7 22
995 1145 1 1 1
1521 1145 2 1 2
161 1146 1 1 1
539 1147 4 6 19
228 1149 5 4 10
316 1149 13 3 37
732 1148 2 3 6
1218 1149 5 4 11
1576 1149 1 1 1
67 1151 2 1 2
167 1150 1 1 1
242 1151 1 1 1
350 1151 1 1 1
453 1151 1 1 1
670 1150 1 1 1
1571 1151 1 2 2
120 1152 3 2 5
256 1152 2 2 2
448 1152 1 1 1
590 1152 1 1 1
617 1152 14 18 86
872 1152 2 2 4
1390 1152 1 1 1
1801 1152 2 2 2
66 1154 1 1 1
138 1154 1 1 1
673 1155 2 2 3
1037 1155 8 10 60
1642 1155 1 1 1
199 1157 1 1 1
309 1156 1 1 1
461 1156 32 15 106
501 1157 7 5 16
606 1157 3 3 6
889 1156 1 1 1
293 1158 1 1 1
523 1158 22 15 116
661 1158 1 2 2
744 1158 1 1 1
1322 1158 5 4 11
1364 1158 7 9 29
1388 1158 2 3 6
1639 1158 1 1 1
1662 1158 1 1 1
286 1160 6 6 13
424 1160 1 1 1
634 1161 1 1 1
734 1160 6 6 34
861 1161 1 1 1
1101 1161 7 8 45
203 1163 1 1 1
304 1162 3 8 12
653 1163 1 1 1
663 1162 1 2 2
827 1163 13 8 54
1121 1162 2 5 7
1713 1163 1 1 1
431 1164 2 2 4
719 1164 2 1 2
764 1164 1 1 1
1057 1165 2 3 4
404 1167 1 1 1
953 1166 1 1 1
1164 1167 2 1 2
1226 1166 1 1 1
175 1168 2 1 2
262 1168 1 1 1
588 1169 14 7 61
855 1169 1 2 2
1123 1169 3 4 8
1148 1168 4 5 12
1490 1169 1 1 1
1492 1168 2 1 2
1830 1168 4 3 7
222 1170 1 1 1
445 1171 1 1 1
567 1170 8 6 19
669 1171 1 1 1
741 1171 15 6 60
918 1171 12 4 26
1110 1170 1 1 1
1569 1170 1 1 1
10 1172 13 6 32
52 1173 1 1 1
697 1173 1 1 1
1455 1172 1 2 2
75 1174 1 1 1
299 1174 5 2 6
358 1175 1 1 1
491 1175 4 2 8
634 1174 10 12 57
730 1175 1 1 1
879 1174 3 4 9
1233 1174 2 1 2
1268 1174 6 8 31
1807 1175 4 3 8
344 1177 1 1 1
361 1177 2 1 2
426 1177 5 3 9
516 1177 2 6 7
521 1176 1 1 1
608 1177 1 1 1
802 1176 2 2 3
211 1178 7 3 12
371 1179 1 1 1
490 1178 1 1 1
556 1178 1 1 1
584 1179 1 1 1
682 1178 1 1 1
1070 1179 1 1 1
1214 1178 1 1 1
1663 1179 1 1 1
67 1180 2 1 2
340 1181 3 4 5
373 1180 2 2 4
450 1181 8 11 27
576 1180 7 10 56
840 1181 1 2 2
849 1181 4 4 12
1304 1180 18 23 203
1620 1181 1 3 3
20 1183 10 5 21
175 1183 1 1 1
265 1182 2 2 2
375 1183 6 8 32
1249 1183 6 8 34
1516 1182 5 5 19
14 1184 1 1 1
531 1184 1 1 1
1290 1184 1 1 1
1752 1185 6 5 15
128 1187 5 4 11
276 1187 2 2 4
309 1187 1 1 1
737 1187 2 11 14
858 1186 1 1 1
1345 1186 7 4 9
1577 1186 4 2 5
9 1188 1 1 1
311 1189 8 5 30
349 1189 9 6 31
390 1189 1 1 1
435 1189 2 1 2
550 1188 2 2 4
652 1189 2 4 5
1031 1188 1 1 1
154 1190 1 1 1
217 1190 1 1 1
482 1191 3 4 9
693 1191 1 1 1
1022 1190 2 3 6
1237 1190 4 5 14
1379 1190 3 3 5
1452 1191 1 1 1
1546 1190 1 2 2
381 1192 1 1 1
586 1193 8 3 18
705 1192 1 1 1
779 1193 6 4 14
1398 1193 1 1 1
1459 1192 1 1 1
36 1195 2 2 2
85 1195 2 2 2
215 1195 2 2 3
392 1195 1 1 1
447 1194 3 6 9
603 1194 3 6 11
690 1195 1 1 1
964 1195 1 1 1
1393 1195 1 3 3
1514 1194 3 2 5
1572 1194 5 5 16
655 1197 16 31 219
848 1197 3 4 10
859 1196 3 2 5
881 1197 1 3 3
1608 1197 1 1 1
303 1198 4 2 5
486 1198 2 1 2
537 1199 2 4 7
1391 1199 1 1 1
1545 1199 1 1 1
1610 1198 1 1 1
404 1201 5 3 10
518 1201 4 2 5
983 1201 5 7 32
1264 1200 2 5 7
1789 1200 1 1 1
261 1202 1 2 2
384 1203 1 1 1
458 1203 19 25 151
506 1203 7 12 59
633 1202 6 5 21
691 1203 15 13 42
1388 1203 2 1 2
268 1204 5 5 16
609 1205 17 23 185
683 1205 1 1 1
1008 1205 5 6 26
18 1207 1 2 2
567 1206 3 4 10
14 1209 3 2 4
401 1208 1 2 2
746 1209 1 1 1
907 1208 2 3 4
936 1208 2 1 2
969 1208 2 2 3
1358 1208 6 10 31
117 1211 8 7 24
311 1211 1 1 1
484 1210 3 3 8
537 1210 8 5 17
838 1211 5 7 11
1065 1210 1 1 1
94 1213 4 15 41
332 1213 7 2 9
347 1212 12 7 48
388 1212 13 11 105
491 1213 2 2 4
906 1212 1 1 1
1227 1213 4 8 17
1248 1213 1 1 1
1660 1212 4 5 13
557 1215 4 6 17
630 1214 2 2 3
768 1214 1 1 1
1213 1214 1 1 1
1289 1215 7 8 30
528 1216 6 5 24
1203 1217 1 1 1
648 1218 1 1 1
1608 1219 2 2 3
181 1221 2 2 3
364 1220 1 1 1
432 1220 3 8 11
706 1221 1 1 1
1543 1220 7 8 48
311 1223 1 5 5
318 1222 1 1 1
544 1223 7 5 17
568 1223 2 5 10
1374 1222 5 6 18
129 1224 1 4 4
843 1224 1 4 4
1257 1224 10 4 13
184 1227 1 1 1
737 1226 2 2 4
