0 0 1840 1228 2108520
0 0 76 194 2587
90 0 125 261 4978
398 0 2 6 11
423 0 4 28 77
456 0 4 57 75
476 0 5 76 134
520 0 1 4 4
554 0 6 10 54
667 0 1 10 10
684 0 9 39 316
728 0 12 39 306
860 0 20 66 668
919 0 9 41 302
943 0 3 41 95
1059 0 9 43 294
1105 0 8 44 298
1123 0 17 44 403
1225 0 1 1 1
1531 0 4 4 12
1515 0 122 204 6239
1348 5 8 16 32
226 11 122 254 5745
1160 10 19 17 186
1032 12 3 6 13
1451 14 3 3 7
818 17 5 9 32
1427 17 4 6 18
668 33 1 4 4
1336 32 70 258 5324
763 34 4 8 25
1491 34 5 7 23
521 36 1 4 4
1141 38 24 28 350
1260 43 6 11 44
1115 44 12 11 54
522 49 1 14 14
809 49 4 9 31
911 52 3 6 18
1454 55 5 6 17
1296 57 5 9 37
984 59 2 6 12
1045 58 5 8 33
714 61 9 11 63
1278 63 6 10 47
1431 66 3 4 9
774 68 4 7 24
956 71 2 3 6
1731 72 11 13 104
799 75 4 7 19
1247 75 9 14 90
1057 80 20 28 167
1461 82 5 7 27
685 84 13 15 135
900 85 3 7 16
1156 85 19 28 373
523 86 1 23 23
1347 88 7 12 63
731 91 4 8 25
1199 91 5 10 40
832 92 9 15 103
1046 93 1 1 1
543 99 9 15 114
662 98 2 3 5
1028 101 1 3 3
798 104 4 8 27
641 106 10 16 119
947 108 3 6 14
1014 115 11 6 53
1108 118 11 19 160
1140 121 6 9 35
1354 127 3 5 13
1279 128 2 5 8
655 130 3 6 17
754 131 3 6 16
115 132 9 1 9
139 132 1 1 1
262 132 12 2 19
951 132 2 5 9
996 132 10 18 133
1070 133 7 20 101
674 135 4 8 25
1094 135 3 7 18
863 136 46 23 212
1190 136 6 12 54
907 139 4 3 8
1252 140 37 187 2782
583 143 8 11 66
837 142 4 8 27
550 144 4 5 16
681 145 6 11 50
859 145 1 1 1
861 144 1 1 1
917 144 4 8 12
1251 146 5 7 27
762 148 3 6 15
1303 149 16 25 308
1033 151 3 4 8
704 153 3 6 16
855 152 4 1 4
643 154 3 5 10
1457 154 4 6 16
876 158 1 1 1
911 158 3 5 13
1053 161 7 12 60
852 162 1 1 1
865 163 1 1 1
917 163 17 20 170
1492 162 6 9 36
834 164 23 23 113
1006 165 2 5 9
740 166 4 4 12
879 166 18 28 134
1337 171 7 9 43
869 175 3 2 6
904 174 2 1 2
974 174 15 26 310
1177 175 3 6 13
687 176 5 8 33
944 176 9 12 51
732 180 6 45 220
878 181 2 2 3
1049 181 4 7 21
1045 180 81 194 4185
1153 180 13 16 109
822 183 13 10 35
863 183 1 1 1
907 182 8 2 12
691 185 8 94 410
1238 184 12 24 171
1302 186 8 25 114
786 189 5 9 30
811 188 3 8 10
1342 191 5 5 16
907 193 3 1 3
1425 193 3 5 12
76 194 1 7 7
895 194 1 1 1
901 195 3 2 4
959 195 1 1 1
804 197 1 1 1
817 196 1 1 1
914 196 5 5 25
676 199 4 6 18
800 199 1 1 1
1509 199 8 15 85
1496 203 4 8 24
879 204 5 5 24
909 205 1 1 1
966 204 2 1 2
760 207 3 6 18
894 208 1 1 1
927 209 1 1 1
935 208 1 1 1
797 211 4 7 20
837 212 1 1 1
1040 213 5 9 30
1172 213 15 31 176
1447 215 4 6 18
821 216 5 15 37
77 221 2 7 12
872 220 1 1 1
887 221 1 2 2
645 222 3 5 13
1307 223 4 7 24
857 225 1 1 1
888 224 1 1 1
932 225 1 2 2
1010 225 14 11 84
673 226 5 4 16
901 226 1 1 1
948 226 1 1 1
747 231 4 7 20
1432 231 4 5 17
863 234 5 9 39
876 235 1 1 1
732 237 8 12 57
914 237 2 2 3
1336 237 10 11 46
542 239 2 2 4
778 239 19 19 177
891 239 17 15 68
935 242 1 1 1
574 245 10 24 124
934 244 1 3 3
680 246 1 1 1
842 246 5 6 13
950 247 3 6 18
968 246 1 1 1
1465 246 3 3 6
681 248 1 1 1
979 248 2 5 9
1460 249 2 1 2
1570 249 24 33 549
869 250 3 2 4
916 250 1 1 1
920 251 7 27 94
852 253 15 15 67
868 255 1 1 1
981 256 2 5 10
78 259 2 1 2
732 258 16 75 241
772 258 6 6 22
1033 258 3 6 14
707 260 3 5 9
901 261 6 4 11
876 264 1 1 1
936 264 1 1 1
909 266 4 10 14
1044 268 3 4 10
846 271 2 2 3
940 273 11 1 11
762 274 4 6 21
830 277 11 8 25
860 276 1 1 1
875 277 1 1 1
914 277 1 2 2
1137 277 25 32 378
720 278 2 4 7
922 279 21 35 238
844 280 57 77 2759
951 281 1 1 1
803 282 8 12 70
1004 283 16 28 364
683 286 1 1 1
709 286 1 1 1
747 286 4 4 10
868 287 3 2 3
890 289 1 1 1
639 292 4 6 23
1392 293 3 5 12
696 295 3 7 16
251 296 111 241 4568
1341 296 10 8 26
799 299 4 7 22
1528 298 19 24 346
956 300 4 2 5
1370 303 3 4 10
1231 304 10 17 133
1599 304 9 10 65
645 307 4 6 22
785 307 1 1 1
116 308 16 134 995
156 308 76 235 2091
762 309 7 9 35
947 308 1 1 1
1075 308 8 8 43
1285 308 4 7 25
1454 308 8 13 45
245 310 10 96 452
695 310 4 30 87
1360 311 1 2 2
964 312 1 1 1
1041 313 5 10 40
903 314 21 60 381
951 315 1 2 2
1375 319 18 15 166
1024 320 7 23 105
1169 321 4 7 17
933 323 2 4 4
640 325 3 4 10
795 327 5 4 15
955 327 2 2 3
1366 326 2 5 9
951 329 1 1 1
802 333 5 4 13
1307 333 3 5 12
908 334 1 1 1
935 335 2 1 2
1040 335 7 10 48
1407 334 3 8 19
937 338 9 2 10
949 339 1 1 1
673 340 4 6 22
1353 340 3 4 11
699 342 29 11 101
1372 344 3 3 7
683 347 3 3 7
1430 346 4 5 15
1565 348 22 27 478
978 351 3 6 14
574 353 7 9 51
1655 357 9 7 36
797 358 3 5 14
810 360 3 5 11
1008 361 2 3 4
1229 360 2 5 9
1175 363 2 3 6
1361 363 4 6 22
1501 362 7 10 53
785 369 3 4 10
1482 368 3 3 7
1245 372 2 4 7
1283 373 8 7 34
740 377 3 6 15
616 380 4 6 22
1672 381 12 13 122
791 384 4 7 21
1038 387 3 16 40
1198 389 3 6 16
707 390 2 3 6
1315 390 2 4 8
601 395 3 3 8
702 394 4 4 13
998 399 2 4 6
918 400 4 8 25
1100 401 6 9 40
1253 400 3 4 8
1432 400 3 4 10
829 404 4 6 18
1288 405 15 30 235
542 406 7 10 61
668 406 3 4 11
756 408 16 18 113
939 410 5 6 24
979 413 1 1 1
1429 412 3 9 19
926 414 1 1 1
1205 418 3 5 11
1549 418 8 9 54
735 420 4 7 19
882 420 34 43 603
500 422 8 10 69
608 422 3 5 12
969 422 6 14 27
983 424 1 1 1
1306 425 12 17 157
785 427 11 15 53
1058 429 3 5 12
1438 428 4 6 16
1511 431 4 4 12
863 433 119 293 9375
594 434 3 6 17
638 435 4 5 17
995 434 4 8 26
1375 434 3 4 9
732 439 3 4 8
1239 438 21 24 303
1010 440 5 8 32
1075 441 2 3 4
1504 440 4 4 13
840 444 5 9 36
587 447 8 10 66
1565 446 9 108 317
1210 448 15 21 251
178 451 1 11 11
1303 454 2 4 8
1385 455 3 6 15
727 456 5 6 23
790 457 7 12 70
876 458 6 6 18
1101 460 3 5 9
1417 461 4 5 19
1059 462 2 4 8
1448 463 3 4 10
179 465 1 7 7
815 464 3 6 15
853 464 10 11 86
1334 465 36 79 460
750 467 3 5 13
874 466 1 1 1
1467 466 2 3 5
895 470 1 1 1
1421 471 3 5 15
1435 475 3 5 11
866 476 26 18 149
937 477 3 2 4
1469 476 17 23 305
991 478 5 9 32
797 483 3 5 11
831 484 3 2 4
1142 484 10 15 127
756 486 3 6 16
1342 486 3 4 9
1503 487 1 1 1
867 488 63 47 1052
1102 488 18 37 359
886 491 1 1 1
777 493 3 5 12
1263 497 4 6 22
1515 498 1 1 1
703 501 2 5 9
1137 503 3 4 10
1319 502 3 7 11
1485 505 4 5 16
132 507 4 16 43
721 512 5 7 26
1020 512 5 9 34
666 514 5 14 40
1667 514 9 10 66
1166 518 2 4 6
693 522 11 10 75
1233 522 13 29 237
1587 522 2 2 3
1420 524 4 9 28
1119 527 2 3 6
1154 527 2 4 8
1047 528 2 4 6
1065 529 10 10 87
1015 531 8 14 92
898 532 2 1 2
909 532 1 1 1
735 536 4 7 20
770 538 3 7 19
908 538 1 1 1
867 541 1 1 1
813 543 4 7 23
626 545 5 5 19
1090 545 3 5 10
1336 545 2 3 6
874 547 1 1 1
1376 547 3 3 8
646 548 4 11 36
616 551 3 4 10
851 550 3 6 16
827 554 6 8 38
765 557 5 7 31
1031 557 3 5 9
1126 556 2 3 6
1405 556 2 3 5
1152 558 3 5 10
1349 560 2 3 4
1048 563 3 5 12
1062 563 4 18 58
1538 565 24 5 83
772 567 3 7 20
999 569 14 23 263
1328 569 16 30 339
1362 569 3 3 7
695 571 3 5 13
1135 570 3 5 12
897 573 3 5 13
1373 573 3 4 11
1290 574 14 19 215
1420 576 4 6 20
490 578 2 1 2
1147 582 4 5 18
1393 582 3 2 6
820 584 5 7 31
846 585 3 6 15
1237 584 2 2 4
1052 587 3 4 10
1073 588 8 8 29
1467 588 16 20 251
685 591 3 6 17
748 591 3 6 14
1430 593 19 28 359
881 594 3 5 11
587 597 3 3 7
605 597 4 7 23
1311 597 2 2 3
1193 602 13 24 157
751 604 2 5 7
1244 608 1 2 2
803 611 3 6 15
545 612 4 6 19
725 612 3 5 15
1080 614 2 3 6
1087 619 3 6 17
291 622 3 2 6
661 622 4 5 16
536 624 1 2 2
569 624 1 1 1
719 625 5 9 29
1215 627 2 2 3
1646 626 7 9 32
675 628 1 1 1
1318 629 2 3 6
854 630 4 4 10
577 632 3 4 10
793 635 4 5 16
764 635 78 59 808
549 639 1 1 1
616 638 14 8 38
867 638 1 1 1
657 641 6 9 46
1455 641 15 20 240
528 642 3 4 10
579 642 16 23 165
515 645 4 5 14
740 644 6 9 42
672 649 1 1 1
776 649 4 7 23
561 650 1 1 1
608 650 3 6 15
1117 650 3 5 11
482 653 2 3 5
1218 656 5 8 31
528 658 3 4 6
1337 658 4 4 11
991 661 11 18 160
682 662 3 4 10
883 665 1 1 1
633 667 16 9 98
826 666 36 25 315
673 668 9 13 80
699 671 5 7 28
871 671 4 2 5
1028 670 2 3 5
507 673 2 2 3
865 674 1 1 1
1045 674 8 11 47
425 677 1 1 1
1301 676 2 2 3
330 682 2 3 5
1068 683 10 8 38
1188 683 5 8 31
1380 685 2 2 4
216 687 1 2 2
628 687 4 7 21
754 686 4 2 7
671 689 3 5 13
749 688 3 2 4
1055 689 1 1 1
557 690 4 5 14
807 692 25 19 100
1001 692 2 4 7
1017 693 4 7 20
1033 696 4 7 22
1411 696 23 20 365
735 698 75 55 1587
858 699 6 11 55
498 700 4 7 18
586 700 7 8 42
1225 701 1 1 1
551 703 3 4 10
1312 703 2 2 3
479 708 4 4 14
723 708 4 4 13
915 708 1 1 1
1330 709 3 3 7
833 711 1 1 1
1009 710 1 2 2
1542 710 14 11 67
716 713 1 3 3
766 713 5 4 11
836 712 1 1 1
838 713 3 2 3
1373 713 3 4 10
844 715 1 1 1
846 716 1 1 1
853 718 1 1 1
856 719 2 1 2
1049 719 2 4 8
981 724 3 5 14
1218 724 2 2 3
1008 726 2 12 19
1064 726 1 3 3
1156 726 1 1 1
489 728 4 5 13
552 728 2 4 7
707 730 1 1 1
831 730 44 34 612
898 731 4 5 13
814 732 9 1 9
1044 734 4 8 22
1335 734 3 3 5
1380 735 3 4 11
1334 737 28 38 493
1100 738 2 3 5
1528 738 7 7 39
820 743 1 1 1
1150 742 3 4 8
1197 743 2 1 2
1738 747 9 11 80
451 748 4 3 9
825 748 3 4 12
933 748 4 7 22
556 751 1 1 1
957 751 6 8 19
1303 750 2 2 3
572 753 2 3 6
708 752 63 21 383
785 755 30 17 122
1125 756 10 15 117
1285 756 2 3 6
783 758 2 2 2
807 758 150 97 5050
451 760 3 3 9
542 760 3 3 8
865 765 1 1 1
946 764 1 1 1
655 767 5 7 32
1148 767 5 7 25
562 770 4 2 8
558 774 3 4 11
1044 775 14 7 36
631 777 3 4 10
1321 777 2 4 7
1254 778 1 2 2
767 780 7 11 58
586 783 2 3 6
670 782 100 82 3783
1399 783 7 10 53
604 784 3 5 10
522 786 5 5 20
627 787 2 3 5
732 787 5 4 8
1294 787 8 8 54
753 788 2 2 3
625 791 2 1 2
1553 793 6 6 32
567 794 9 8 22
804 796 1 1 1
1307 797 3 1 3
1260 801 1 2 2
807 802 19 40 206
963 802 2 4 6
1029 807 1 4 4
612 811 6 8 40
987 810 3 4 12
762 812 2 4 6
775 815 27 16 174
827 814 2 2 2
531 817 3 4 12
831 818 2 2 2
1346 820 2 3 5
834 822 1 1 1
334 825 3 2 4
536 824 2 2 4
838 824 5 11 29
226 827 1 1 1
1203 827 17 21 207
1554 826 15 4 36
136 828 3 2 4
572 828 2 3 6
928 831 5 10 38
963 831 3 5 13
995 831 3 6 16
1296 831 1 3 3
386 833 4 2 7
1051 833 2 3 5
641 834 3 5 14
843 836 1 1 1
1024 836 2 5 8
780 838 7 6 29
844 838 2 2 2
1004 839 2 3 6
1233 838 1 2 2
846 841 3 6 6
665 845 1 1 1
826 846 1 1 1
849 848 1 2 2
1172 849 1 2 2
1271 849 1 2 2
827 850 1 1 1
850 851 6 18 37
897 851 3 6 16
114 853 1 1 1
116 852 1 1 1
829 852 3 17 25
110 854 1 1 1
589 854 1 1 1
434 857 8 12 74
651 857 5 7 30
1101 856 3 5 15
621 858 2 3 6
1022 858 1 3 3
1047 859 2 2 3
1142 858 11 12 77
306 861 1 1 1
974 861 2 4 8
1011 861 2 4 7
1049 862 2 7 12
775 865 12 17 163
976 866 2 4 8
571 869 2 3 5
1054 870 2 2 2
1289 871 4 3 12
246 872 1 1 1
602 872 2 3 5
745 872 1 1 1
1329 873 1 4 4
325 874 4 2 6
391 875 4 6 21
576 875 554 164 49425
1313 874 1 3 3
547 877 17 14 74
592 877 4 5 15
922 876 2 4 6
1043 877 2 1 2
1081 876 9 13 86
1354 876 1 3 3
22 879 7 2 12
442 880 19 6 51
811 881 2 3 5
1440 884 5 5 23
9 888 1 1 1
371 888 1 1 1
541 888 2 3 3
881 889 6 10 49
275 891 3 2 4
327 891 1 2 2
465 890 1 1 1
1011 890 1 1 1
93 893 2 2 4
825 893 6 10 48
706 894 11 18 145
802 895 2 4 7
1179 895 6 9 29
778 904 14 11 85
1212 905 20 12 130
1330 904 14 23 208
568 907 5 6 16
356 908 18 9 67
1297 909 1 3 3
1474 909 4 4 10
1115 911 2 3 4
293 913 4 2 7
506 913 4 5 18
698 913 3 7 17
1144 915 2 4 8
0 916 1 1 1
537 917 4 2 5
1316 920 3 3 7
183 923 6 3 13
1239 926 1 1 1
1215 929 2 3 6
559 931 5 11 17
366 932 2 1 2
594 933 2 1 2
1354 933 4 9 23
44 939 1 1 1
165 938 2 1 2
270 939 2 1 2
362 938 4 1 4
1221 939 2 3 4
1308 943 1 1 1
1394 943 1 3 3
407 944 3 1 3
550 944 1 1 1
399 947 3 2 5
493 946 2 2 3
430 948 2 2 4
551 949 2 3 6
585 949 2 3 4
70 950 1 1 1
178 951 4 1 4
1285 950 20 23 277
576 953 3 4 8
1214 953 3 5 10
213 955 12 4 22
239 958 1 1 1
508 958 6 9 21
445 960 3 2 4
1219 961 4 4 11
146 963 2 1 2
1198 962 1 2 2
1424 962 10 12 46
52 965 1 1 1
1261 965 3 2 5
1323 967 1 1 1
0 969 2 1 2
297 968 7 4 14
375 968 3 2 5
479 971 3 1 3
581 971 3 1 3
549 972 3 10 19
55 975 4 2 6
112 974 4 2 5
353 975 3 2 6
444 974 4 3 8
1208 975 1 4 4
439 977 1 1 1
1368 976 5 7 23
94 979 2 1 2
536 980 1 1 1
77 984 4 2 6
425 984 2 1 2
485 985 2 1 2
544 984 1 1 1
126 986 2 2 3
451 986 6 9 25
519 986 3 1 3
1223 987 1 3 3
284 989 8 5 28
407 989 1 1 1
1149 990 1 2 2
269 992 1 1 1
375 993 1 1 1
563 994 3 2 5
1314 995 2 2 4
1268 996 1 2 2
59 998 1 1 1
302 998 1 2 2
1290 1001 1 2 2
1553 1000 2 3 4
107 1003 1 1 1
547 1003 4 7 16
233 1005 7 3 14
514 1005 2 3 4
166 1006 4 3 7
1161 1007 2 3 6
240 1009 1 1 1
426 1009 11 7 30
157 1011 1 1 1
260 1011 2 2 4
536 1010 2 4 5
1267 1011 1 1 1
1241 1013 1 3 3
403 1015 2 1 2
332 1016 2 2 3
419 1017 6 3 12
1354 1016 1 1 1
514 1018 12 5 33
1197 1018 2 3 6
1089 1023 3 5 13
1289 1022 2 4 8
334 1025 1 1 1
485 1025 1 1 1
1074 1024 3 2 5
170 1027 12 6 41
29 1029 1 1 1
250 1029 2 1 2
398 1029 13 3 28
488 1029 5 2 7
495 1028 1 1 1
312 1030 7 1 7
1352 1030 1 1 1
630 1032 6 7 27
702 1032 4 4 11
458 1035 3 3 7
567 1034 7 4 20
289 1036 7 2 13
323 1037 1 1 1
608 1036 8 2 13
1040 1037 1 2 2
1355 1038 2 3 4
186 1040 2 1 2
847 1040 2 4 7
1164 1041 1 2 2
50 1042 5 4 10
477 1043 2 3 3
509 1042 5 13 49
892 1043 1 3 3
583 1045 1 1 1
1151 1045 1 4 4
1235 1044 1 2 2
279 1047 1 1 1
414 1046 2 1 2
493 1047 6 1 6
538 1047 2 4 7
560 1046 1 1 1
767 1047 5 7 23
230 1048 3 3 7
391 1048 5 14 19
429 1048 2 1 2
566 1048 1 2 2
878 1049 2 3 5
905 1049 10 4 34
1165 1048 1 1 1
1215 1050 2 4 7
315 1053 3 2 5
811 1052 1 3 3
1263 1052 1 3 3
817 1055 1 1 1
824 1054 1 1 1
284 1056 2 1 2
353 1057 2 2 2
609 1056 18 10 98
732 1056 4 2 7
1511 1057 1 1 1
0 1059 2 2 3
564 1058 2 2 3
596 1058 4 4 12
299 1060 9 3 18
373 1061 3 1 3
544 1060 8 4 21
568 1061 12 18 71
730 1061 1 4 4
886 1060 2 5 9
662 1063 16 18 87
741 1062 4 5 16
49 1065 1 1 1
489 1065 1 1 1
588 1064 3 1 3
765 1065 5 6 17
1173 1064 2 5 9
277 1066 1 1 1
803 1066 2 1 2
347 1069 3 1 3
445 1069 3 2 4
512 1069 27 28 178
416 1070 4 3 6
252 1072 5 4 14
396 1072 11 5 40
689 1074 1 2 2
825 1074 1 3 3
758 1077 2 3 6
299 1079 2 2 3
328 1078 4 3 9
600 1078 15 14 60
791 1078 1 1 1
955 1078 1 2 2
1193 1078 3 5 10
464 1081 4 2 7
783 1081 4 6 9
64 1082 3 1 3
74 1083 2 1 2
357 1082 1 1 1
256 1087 1 1 1
433 1087 1 1 1
473 1087 14 9 48
562 1086 1 1 1
616 1086 1 1 1
763 1086 2 1 2
810 1086 10 4 13
1204 1086 1 2 2
548 1088 12 17 79
682 1088 1 2 2
389 1090 1 1 1
688 1090 2 4 7
1395 1090 3 3 6
405 1092 2 1 2
670 1093 1 1 1
729 1093 1 1 1
791 1093 3 6 17
1149 1093 2 5 8
154 1094 1 1 1
749 1094 1 1 1
252 1096 1 1 1
308 1096 9 14 50
334 1097 3 3 5
428 1096 3 2 6
462 1097 5 11 30
571 1097 6 9 40
747 1097 1 2 2
32 1098 2 2 2
358 1098 1 1 1
509 1099 2 3 6
524 1099 9 7 27
617 1098 1 2 2
761 1099 5 2 7
878 1099 4 11 34
1290 1098 2 2 4
413 1100 11 10 50
1018 1101 2 4 6
779 1103 1 1 1
922 1103 1 2 2
660 1105 2 4 7
706 1105 1 1 1
560 1106 2 3 4
907 1107 1 5 5
333 1109 1 1 1
473 1108 20 13 128
494 1108 14 2 16
590 1108 24 17 111
784 1109 1 1 1
1113 1108 3 7 16
110 1110 1 2 2
276 1110 1 1 1
942 1111 1 4 4
1239 1111 1 3 3
154 1113 2 2 2
209 1112 2 1 2
722 1113 3 3 6
806 1113 6 11 47
16 1114 5 3 9
40 1115 12 8 67
216 1114 12 4 25
782 1115 2 3 5
827 1115 1 1 1
1127 1115 2 3 4
118 1116 1 1 1
203 1117 1 2 2
297 1117 3 3 6
631 1117 15 13 79
666 1116 1 1 1
938 1116 1 3 3
287 1119 1 1 1
515 1118 4 2 6
664 1118 2 1 2
1279 1118 9 15 34
276 1121 7 5 20
432 1120 11 6 39
467 1120 1 1 1
526 1121 1 1 1
728 1121 12 22 114
654 1122 19 33 208
878 1123 3 5 12
914 1123 1 1 1
6 1124 1 1 1
260 1125 3 2 3
446 1124 4 1 4
485 1124 15 24 96
575 1125 1 2 2
1770 1125 1 1 1
0 1129 5 1 5
403 1128 11 4 25
1299 1129 1 2 2
146 1130 2 2 3
188 1131 7 10 23
550 1131 5 6 14
627 1131 1 1 1
832 1131 7 10 51
1495 1130 2 2 2
135 1132 3 2 5
353 1132 2 1 2
468 1132 2 3 4
567 1132 5 7 19
816 1133 2 6 11
227 1135 4 2 6
622 1134 2 5 7
765 1135 27 13 154
852 1137 1 2 2
122 1138 2 1 2
543 1138 7 8 36
588 1139 2 1 2
1067 1139 1 1 1
1165 1139 1 1 1
393 1141 1 1 1
611 1141 3 10 17
804 1141 1 1 1
822 1141 5 9 39
914 1140 1 3 3
1250 1141 1 2 2
350 1143 3 2 4
1140 1142 1 1 1
738 1145 11 13 39
753 1144 10 3 14
716 1146 5 13 40
944 1146 1 1 1
1286 1147 1 1 1
1693 1147 6 6 17
286 1149 2 1 2
550 1148 8 16 65
641 1148 1 1 1
1135 1149 1 1 1
118 1151 3 3 5
530 1151 1 2 2
630 1150 4 12 21
682 1150 1 2 2
200 1152 1 1 1
428 1152 1 1 1
297 1154 2 1 2
511 1155 16 21 122
577 1154 1 3 3
935 1154 2 5 10
1277 1154 4 3 10
1402 1155 2 1 2
346 1157 1 1 1
424 1156 1 1 1
889 1157 3 7 19
436 1159 1 1 1
571 1158 12 11 48
1115 1160 7 4 12
1471 1161 6 4 12
122 1162 4 2 7
495 1162 1 1 1
610 1163 2 1 2
613 1163 11 14 93
656 1162 1 1 1
751 1163 1 1 1
845 1162 13 3 28
930 1163 2 3 6
65 1165 5 4 15
665 1165 2 1 2
952 1164 1 4 4
1206 1165 1 2 2
597 1166 1 1 1
798 1167 2 1 2
1093 1167 2 3 5
212 1168 7 5 20
381 1168 2 2 4
817 1169 1 1 1
1280 1168 1 2 2
1828 1169 6 6 22
238 1171 3 2 3
248 1170 1 1 1
893 1171 3 4 8
1237 1170 1 1 1
24 1172 3 2 4
74 1172 13 10 22
290 1172 1 1 1
755 1172 3 1 3
1483 1172 1 1 1
301 1175 2 1 2
646 1175 5 4 13
671 1175 5 10 43
844 1175 2 2 3
167 1177 4 4 9
414 1176 6 5 17
500 1177 1 1 1
785 1176 1 5 5
1683 1177 1 1 1
538 1179 2 2 3
718 1178 1 2 2
807 1179 1 1 1
1443 1178 5 3 11
12 1180 1 1 1
96 1181 1 1 1
432 1180 26 18 132
552 1180 1 1 1
578 1181 2 11 13
630 1180 1 1 1
1315 1181 1 1 1
1337 1180 3 1 3
534 1183 2 2 4
611 1183 4 9 28
882 1183 1 2 2
1332 1182 2 2 4
48 1184 1 1 1
74 1184 1 1 1
358 1185 3 4 5
387 1185 7 7 20
396 1184 2 1 2
625 1185 4 3 12
912 1184 1 3 3
1164 1185 2 7 10
81 1186 2 2 3
344 1187 2 2 2
546 1186 3 1 3
660 1186 2 1 2
63 1189 3 1 3
476 1188 5 6 21
112 1190 2 2 3
194 1190 1 1 1
271 1191 3 2 4
494 1191 8 3 13
528 1191 1 2 2
748 1191 1 5 5
826 1190 1 1 1
116 1193 2 1 2
230 1192 8 11 29
428 1193 2 1 2
464 1193 2 2 3
708 1193 7 11 57
1005 1192 1 1 1
202 1195 11 6 25
635 1195 1 1 1
763 1195 3 3 7
1269 1195 1 2 2
1291 1195 1 2 2
599 1197 1 1 1
895 1197 1 3 3
1058 1197 1 1 1
1245 1196 1 2 2
118 1198 14 10 40
287 1198 4 3 8
400 1198 5 1 5
414 1199 1 1 1
487 1199 7 9 45
64 1200 9 4 20
156 1200 4 3 7
357 1201 1 1 1
591 1201 1 1 1
645 1201 1 1 1
774 1200 1 2 2
355 1202 1 1 1
741 1202 3 1 3
1025 1203 1 3 3
1750 1202 1 1 1
95 1204 4 6 9
220 1205 5 2 6
228 1204 1 1 1
459 1205 28 23 186
524 1204 2 2 3
570 1205 1 1 1
603 1204 1 1 1
49 1207 9 5 20
387 1206 4 2 7
1311 1206 1 1 1
191 1208 1 1 1
511 1209 3 11 16
653 1209 2 3 4
15 1211 1 1 1
187 1211 1 1 1
274 1211 1 1 1
379 1210 7 2 13
355 1212 2 2 4
542 1213 2 3 3
611 1212 1 3 3
622 1213 6 6 12
719 1213 1 1 1
273 1214 1 1 1
558 1215 6 5 23
592 1215 1 1 1
1301 1215 1 1 1
69 1216 2 2 3
396 1216 4 4 13
225 1218 2 3 5
339 1219 11 9 21
360 1218 2 1 2
607 1218 1 1 1
72 1220 29 8 117
162 1221 11 7 50
231 1221 1 1 1
239 1220 1 1 1
442 1220 6 3 16
1123 1220 4 1 4
1190 1220 5 8 34
330 1222 1 1 1
377 1222 12 6 32
655 1222 2 6 10
820 1223 1 5 5
33 1225 1 3 3
194 1225 1 3 3
428 1224 1 4 4
494 1224 3 4 10
506 1225 1 3 3
1358 1224 2 4 6
451 1226 1 2 2
