0 0 1840 1228 1960614
0 0 104 67 1966
213 0 186 150 7192
412 0 77 141 2597
502 0 43 20 411
409 0 283 262 16832
605 0 1 3 3
622 0 8 1 8
698 0 37 87 911
744 0 7 37 111
765 0 85 278 7401
848 0 12 24 139
938 0 20 22 246
1037 0 10 5 21
1056 0 107 80 3308
1182 0 4 6 18
1197 0 3 8 23
1300 0 9 42 237
1452 0 24 27 396
1573 0 35 81 1634
1635 0 17 24 352
1676 0 35 84 1488
1781 0 23 32 507
1821 0 19 29 469
1211 5 6 14 59
1278 5 10 26 189
1001 15 7 17 74
887 17 10 42 221
961 27 6 12 51
1322 26 95 166 5340
1722 31 44 49 1444
1242 37 5 12 40
1261 39 5 10 41
1276 40 5 14 46
1132 43 99 166 6021
1373 43 4 9 28
947 49 5 14 49
737 53 28 214 1364
701 55 32 174 1209
1292 55 30 97 1319
428 57 8 6 28
1542 56 19 41 542
1173 61 3 4 6
1489 62 27 54 734
905 64 5 12 47
1277 64 6 15 42
1031 66 18 25 249
146 71 1 19 19
877 76 10 25 163
940 76 99 227 6945
1082 90 6 9 36
958 93 1 16 16
1111 97 4 11 36
1256 96 4 7 16
933 106 5 11 35
1436 113 14 28 303
1098 119 20 47 387
0 120 2 6 10
1269 123 6 30 99
915 126 7 17 80
18 130 4 7 16
1241 130 3 6 15
1254 131 4 6 17
1586 131 4 8 21
1535 132 16 31 356
707 141 1 1 1
1772 141 26 94 1599
1068 144 21 70 605
1661 145 7 8 38
1693 144 41 259 2976
476 149 6 46 56
700 155 9 22 143
1297 163 7 14 48
817 164 1 19 19
332 168 52 128 1733
1244 174 3 4 8
1278 175 6 24 83
831 176 2 49 97
1264 178 4 9 25
1415 180 3 3 7
849 187 7 11 44
894 187 10 25 156
915 186 8 15 59
1501 187 8 25 140
1559 187 8 7 23
1369 189 11 11 99
225 193 41 82 581
804 192 14 28 200
1128 192 13 24 108
1254 194 4 6 15
1292 197 11 10 93
1644 198 24 47 863
1516 201 8 25 141
687 202 9 21 128
222 207 1 15 15
1543 206 20 47 772
1342 212 6 16 36
1331 214 4 9 32
1110 217 4 9 32
816 223 2 13 14
1168 222 25 37 700
1137 226 9 18 72
1838 227 2 16 25
1268 233 3 2 5
1591 233 15 40 459
221 234 2 17 22
497 234 205 226 8698
864 236 7 15 77
829 239 17 66 364
1289 239 3 8 18
1205 242 5 9 36
1258 242 20 30 232
1408 251 10 22 168
930 255 11 27 184
1364 254 8 7 42
1004 260 7 17 75
1820 260 20 30 488
1307 264 4 8 24
1332 264 4 6 21
441 267 33 144 1138
1353 267 4 7 21
790 270 28 45 334
1093 270 7 20 92
1183 270 32 41 468
1751 270 18 33 444
748 273 2 3 5
1288 272 10 22 171
407 274 6 129 543
515 274 10 15 85
1337 275 4 10 28
894 277 8 31 172
979 276 16 37 270
1236 279 40 89 839
858 283 18 19 207
1496 282 22 35 578
648 285 6 10 38
1562 284 71 168 4005
553 287 8 15 69
473 288 9 17 92
740 289 10 18 131
702 291 54 66 703
1003 293 6 11 46
1006 295 23 86 879
1051 294 22 47 523
1557 299 7 10 57
1325 309 10 17 121
305 310 11 17 143
816 311 4 10 30
1283 311 12 25 165
1155 315 17 21 182
1548 314 8 14 82
1098 317 14 28 195
1132 317 3 6 15
741 320 176 535 36092
1341 324 81 169 3416
1219 326 5 14 41
954 329 7 18 81
1177 328 49 87 949
1070 337 8 23 97
1126 338 12 21 180
1299 338 2 1 2
879 340 4 9 29
1144 341 19 54 507
961 342 25 98 765
1089 342 4 9 27
1334 342 3 4 11
1453 342 12 26 230
1034 345 7 16 84
1262 344 7 11 38
515 350 4 1 4
615 355 7 15 77
1503 355 14 25 137
1221 356 1 7 7
1296 357 4 9 23
420 359 1 1 1
429 358 3 1 3
752 359 6 14 62
1823 359 9 6 21
1252 362 3 6 16
921 365 4 9 29
962 367 1 6 6
714 369 6 13 56
1327 373 4 11 34
1061 377 8 28 108
925 378 3 7 17
308 380 13 21 185
1012 385 27 122 1303
1240 392 7 19 52
608 394 10 16 108
1160 400 1 3 3
697 402 5 5 17
1150 403 28 57 440
1137 405 5 14 54
1254 407 3 5 11
1660 407 19 31 444
1275 409 4 3 11
1316 415 4 9 28
719 416 5 8 37
938 416 21 23 238
1228 421 11 12 77
1193 422 13 62 265
1059 425 4 6 20
726 429 9 19 70
1314 434 4 7 20
1074 436 4 10 30
1109 441 6 16 65
961 443 5 13 46
1291 442 17 25 171
1221 445 3 2 4
981 449 4 26 82
988 448 3 1 3
456 453 21 2 23
1636 453 16 28 359
995 457 8 25 124
742 460 4 7 21
1233 461 3 3 8
1520 462 9 12 75
649 465 9 21 95
762 465 1 1 1
1611 466 12 16 144
1217 468 5 9 29
1254 468 4 9 32
426 470 9 17 109
586 471 121 224 4407
721 471 6 24 116
1267 470 3 4 8
961 472 7 20 81
1081 475 21 27 284
1692 475 21 38 636
1557 476 35 53 1029
558 482 6 9 46
364 484 7 8 41
984 485 1 1 1
981 486 2 1 2
1181 489 51 24 362
1169 491 11 3 16
1731 490 17 28 346
555 493 18 177 665
1049 492 6 12 46
481 495 24 95 506
941 494 5 6 20
1133 495 2 4 7
1311 494 4 6 19
1760 494 21 38 621
520 499 23 121 417
965 499 21 48 555
987 498 9 1 9
548 500 5 5 16
1259 502 24 24 131
1509 502 14 26 305
1146 505 2 3 5
741 509 10 26 107
1295 508 8 20 116
1171 511 17 30 187
1449 512 10 27 183
1341 514 3 5 11
729 517 5 8 29
1018 519 6 10 45
937 521 5 13 44
1337 520 4 5 14
1129 523 4 8 28
607 525 6 11 50
1577 526 37 79 1357
1547 530 5 5 13
1067 534 8 16 64
764 536 12 28 155
1215 537 3 5 13
931 540 6 14 59
1149 543 4 6 19
462 546 7 8 38
698 548 10 24 152
734 549 15 23 199
1165 548 3 3 9
1515 548 18 44 679
57 551 2 1 2
1035 550 29 27 481
1004 553 17 44 485
320 554 8 11 62
956 554 3 5 15
982 555 6 19 90
1258 557 3 4 10
1290 556 19 18 154
1135 558 3 4 11
963 560 5 11 49
1070 568 11 31 250
458 571 17 16 110
783 571 9 21 128
921 571 3 6 16
1221 572 3 10 23
1356 572 4 6 17
901 575 1 1 1
261 582 14 20 199
967 586 9 17 102
615 588 7 18 88
901 588 4 4 4
1036 589 4 6 17
1094 588 9 19 135
794 591 22 34 282
1714 593 33 60 1572
1114 594 2 3 4
1161 594 2 1 2
1677 594 20 39 613
1228 597 6 9 35
764 600 4 8 27
1002 601 4 8 25
1290 607 3 2 4
1613 607 17 31 427
466 608 5 5 14
1016 610 17 56 516
605 612 6 6 27
1656 613 10 17 66
876 614 1 2 2
929 614 12 20 133
653 617 4 4 12
444 619 11 19 151
717 619 4 5 14
1003 618 4 9 26
1097 621 1 2 2
1270 622 11 26 145
1542 623 44 96 2209
1210 625 3 4 9
1164 627 4 9 32
1227 626 8 6 25
356 629 8 12 67
548 629 12 17 100
698 629 5 12 44
933 630 15 51 170
1119 635 19 22 222
1219 635 3 4 11
1302 641 9 15 114
968 645 6 13 62
996 647 8 15 76
612 649 1 2 2
732 648 5 8 30
1230 649 4 4 14
746 650 7 13 64
711 653 5 6 20
1261 652 2 4 8
1236 654 4 5 14
1180 656 6 18 97
1268 657 3 3 6
1643 660 22 35 572
605 662 7 6 37
1151 665 2 4 8
1317 667 3 4 10
398 668 5 8 26
1371 669 13 20 168
548 671 14 12 119
957 672 4 8 26
1133 673 5 12 44
910 674 4 5 8
1239 674 4 6 19
1518 679 5 5 20
539 683 6 11 56
686 687 7 11 52
1307 686 4 11 18
1038 688 11 14 69
1222 688 2 2 3
1235 692 4 8 22
1260 692 3 5 11
386 695 7 8 40
1518 694 5 6 27
1641 694 1 2 2
576 698 6 12 63
758 698 4 7 23
1127 699 2 3 6
436 701 15 18 160
794 700 1 1 1
1155 701 8 13 66
1200 701 4 15 39
704 706 27 50 493
776 706 1 1 1
884 706 6 13 53
1279 706 3 3 8
585 711 4 4 12
777 711 2 15 18
600 713 6 10 41
541 715 7 18 68
1047 715 8 10 48
1350 715 2 3 5
1076 716 3 4 8
1090 720 5 9 27
650 722 5 10 32
1269 725 2 4 6
1523 727 5 4 17
665 728 6 12 56
1147 731 5 15 60
1205 732 2 6 12
514 735 6 7 30
932 736 3 10 23
1014 736 30 61 828
1252 738 4 8 26
1791 739 1 1 1
1564 741 6 6 29
443 743 580 448 90253
1116 742 4 13 40
1202 744 3 10 18
773 749 4 9 27
1096 748 4 6 16
1452 749 11 29 252
1242 751 3 4 8
1267 751 3 3 7
999 752 4 11 32
1048 752 7 9 36
1281 752 3 4 9
575 754 6 10 51
671 754 4 9 25
1791 756 1 2 2
599 759 3 2 4
449 760 5 7 25
866 760 1 1 1
1065 763 13 22 121
1130 762 6 19 100
584 765 5 7 30
921 765 3 9 18
469 766 5 6 25
1325 769 2 3 5
667 773 7 13 64
718 773 17 23 146
760 772 7 16 62
962 772 3 4 10
1250 772 4 9 23
1289 773 4 6 19
1487 777 12 21 203
799 778 1 1 1
867 778 9 15 61
939 778 22 66 667
621 780 5 6 20
603 783 1 1 1
307 784 6 4 19
925 785 1 1 1
1135 784 2 3 5
634 786 8 19 101
926 787 1 1 1
1241 787 3 5 11
985 789 4 9 24
486 791 2 2 3
1100 793 5 5 21
583 795 2 1 2
740 795 1 1 1
1203 795 3 5 14
756 797 1 1 1
1048 796 24 63 561
1265 797 2 4 7
1332 797 3 5 10
651 799 1 1 1
728 798 57 52 1343
1155 798 3 5 11
459 801 6 13 54
585 801 1 1 1
533 802 1 1 1
660 802 1 1 1
1083 803 5 8 30
1792 803 3 4 6
321 805 7 9 39
1226 805 7 3 21
1782 804 1 1 1
745 807 1 1 1
561 809 4 9 29
1408 808 12 27 254
857 810 17 16 61
1222 811 3 4 9
586 813 5 8 27
654 812 1 1 1
688 812 1 1 1
851 812 10 6 20
1113 813 2 5 7
517 814 2 1 2
608 814 2 8 9
621 814 1 1 1
645 815 1 1 1
488 819 6 13 60
1187 821 2 6 11
1296 822 3 3 8
614 824 1 1 1
1200 825 19 8 64
557 827 19 22 165
662 828 9 1 9
1016 828 2 6 12
1253 828 3 4 11
856 833 1 2 2
1169 832 2 2 4
1235 834 2 4 8
1570 835 20 27 380
590 839 1 1 1
677 838 1 1 1
397 840 12 26 194
1127 840 2 4 8
1524 841 4 3 9
592 843 6 11 52
932 845 5 10 32
972 844 2 4 7
861 847 1 1 1
1292 851 3 1 3
776 852 1 2 2
528 859 5 9 27
961 858 15 16 104
1211 859 3 5 12
1058 861 19 34 246
1094 861 7 18 89
1227 861 3 4 9
1523 860 17 35 445
574 863 3 7 14
797 862 4 10 31
842 863 1 1 1
1269 863 2 4 7
1500 862 14 22 235
1002 864 2 1 2
1196 865 2 5 9
836 866 1 1 1
731 868 16 4 21
755 869 1 1 1
592 871 5 9 36
752 870 1 1 1
768 871 6 16 52
831 873 1 1 1
1200 872 3 9 22
301 876 10 20 131
1102 879 9 8 42
494 881 2 1 2
648 880 1 1 1
795 881 1 1 1
995 881 2 5 9
797 882 1 1 1
999 882 13 31 217
1262 883 3 5 12
526 884 7 16 66
1659 884 18 25 304
476 887 6 9 36
1251 889 9 24 121
1615 888 2 1 2
407 891 1 1 1
432 890 3 1 3
1154 893 4 11 35
1318 893 2 3 5
735 895 1 1 1
1215 894 1 1 1
1240 894 2 3 6
1273 895 1 1 1
1047 897 4 9 29
1394 897 5 1 5
546 900 7 12 58
1232 903 2 1 2
1435 903 15 21 207
502 905 5 5 16
928 905 2 7 13
1320 906 3 2 5
1099 910 3 6 15
1316 910 2 2 3
1580 913 20 39 567
1230 916 2 9 15
905 919 1 1 1
1261 918 21 31 212
1371 921 11 28 247
484 923 5 7 24
1087 923 3 4 8
1105 927 20 34 244
1513 927 13 25 270
520 929 2 1 2
1428 929 9 8 38
406 933 4 2 6
1024 933 12 23 151
1692 933 21 37 536
495 935 9 12 72
1232 935 2 3 5
1178 937 5 8 20
473 938 3 1 3
485 941 2 1 2
1084 940 21 29 338
479 943 5 11 45
1135 943 1 1 1
1154 942 2 6 9
899 946 10 23 104
952 947 2 4 8
365 949 18 12 82
384 948 2 6 7
1408 950 1 1 1
177 953 1 1 1
950 952 13 32 222
501 954 7 17 65
1202 954 3 4 8
921 956 7 21 91
1044 956 4 9 30
1274 961 3 2 4
295 962 3 1 3
299 963 23 18 230
1180 967 3 5 13
473 969 10 9 35
1143 968 5 8 33
1217 971 11 14 98
248 973 12 14 80
284 972 1 1 1
359 975 2 1 2
522 975 1 1 1
297 976 2 2 3
439 976 2 1 2
1140 977 3 7 17
1543 976 33 66 1287
1636 977 34 52 1252
471 979 2 3 5
483 979 2 2 2
1058 979 10 27 203
1190 979 5 10 25
1275 980 2 1 2
503 983 11 21 111
352 987 3 1 3
891 986 14 44 370
1139 986 1 1 1
450 989 1 1 1
927 989 21 32 302
1717 989 17 21 257
544 990 5 13 43
1235 991 9 18 126
1496 991 1 1 1
196 992 1 1 1
433 992 1 1 1
1111 997 1 1 1
278 999 4 2 6
462 999 1 1 1
477 998 1 1 1
487 999 3 2 4
49 1001 6 1 6
185 1001 1 1 1
1834 1000 1 1 1
1836 1001 4 9 28
314 1002 6 9 34
1186 1002 10 4 23
1214 1002 16 32 321
452 1004 1 1 1
527 1004 1 1 1
1079 1004 2 6 11
1687 1005 15 20 225
1310 1007 2 2 4
1456 1007 18 31 379
1265 1009 2 3 5
1317 1008 20 36 327
747 1011 1 1 1
379 1017 1 1 1
421 1017 1 1 1
1022 1017 4 12 33
1102 1017 2 2 2
1197 1017 2 2 3
87 1020 1 1 1
406 1020 6 4 22
493 1020 9 2 12
1119 1020 12 23 175
272 1023 1 1 1
303 1022 1 1 1
539 1023 1 1 1
594 1022 5 8 30
865 1023 2 2 2
413 1024 1 1 1
1239 1026 10 27 177
81 1030 1 1 1
237 1030 1 1 1
1261 1030 1 1 1
109 1033 2 2 4
124 1033 2 1 2
388 1032 3 1 3
1103 1033 1 3 3
317 1034 1 3 3
587 1036 5 12 45
127 1038 2 2 3
517 1039 4 5 16
1146 1038 1 1 1
1611 1039 15 12 122
465 1041 2 1 2
830 1041 1 1 1
1205 1041 2 4 7
1290 1040 1 3 3
1316 1041 2 1 2
9 1042 4 2 6
26 1042 3 1 3
258 1042 7 3 9
103 1045 2 1 2
393 1044 6 2 7
757 1044 19 9 116
780 1044 1 1 1
1128 1045 1 1 1
1540 1045 16 29 306
255 1047 1 1 1
314 1046 1 1 1
433 1046 2 1 2
1103 1047 14 23 159
53 1048 1 1 1
318 1049 7 13 63
354 1048 2 1 2
448 1049 1 1 1
1715 1049 1 1 1
416 1051 10 3 14
1224 1050 2 5 9
1407 1051 9 18 129
365 1052 3 1 3
444 1053 1 1 1
847 1052 2 1 2
1000 1052 2 1 2
299 1054 1 2 2
435 1055 4 2 4
650 1056 1 1 1
215 1059 2 1 2
337 1058 5 2 5
360 1058 2 1 2
1165 1059 13 8 38
471 1062 1 1 1
1426 1063 2 1 2
309 1064 4 2 4
250 1067 2 1 2
398 1066 8 17 70
1446 1066 1 1 1
170 1069 1 2 2
343 1070 2 2 2
475 1071 5 2 9
1133 1071 2 2 3
1311 1071 1 1 1
1571 1071 1 1 1
302 1072 7 11 33
1218 1073 2 6 8
1305 1072 1 1 1
7 1075 1 1 1
293 1074 1 1 1
372 1074 2 1 2
444 1074 1 1 1
1182 1075 1 1 1
1230 1074 2 2 4
1385 1077 1 1 1
324 1083 1 1 1
1270 1083 2 2 3
1548 1082 2 2 2
1151 1084 2 1 2
437 1089 11 11 32
1086 1088 1 1 1
1063 1090 5 11 40
1277 1090 2 2 3
128 1093 3 1 3
251 1092 1 1 1
364 1092 3 1 3
404 1093 1 1 1
1322 1092 2 5 9
207 1095 1 1 1
301 1095 1 1 1
356 1094 2 2 3
1148 1094 1 1 1
112 1097 2 1 2
255 1097 19 24 106
389 1096 2 1 2
1490 1097 1 1 1
413 1098 6 5 16
1049 1098 3 16 23
1180 1099 2 4 7
1503 1099 4 2 5
1030 1100 4 10 35
1479 1101 1 1 1
100 1103 2 1 2
1267 1103 1 1 1
96 1105 1 1 1
430 1105 2 3 4
1465 1105 3 1 3
328 1108 1 1 1
361 1108 22 16 131
1620 1108 1 1 1
1430 1110 3 2 3
139 1112 3 1 3
164 1112 1 1 1
1545 1112 6 5 24
1492 1115 1 1 1
416 1117 14 13 64
29 1118 1 1 1
1006 1118 4 7 25
1515 1118 1 1 1
230 1120 3 2 4
1100 1121 2 2 3
1212 1120 3 3 6
170 1123 2 1 2
1119 1122 1 1 1
196 1127 1 1 1
1209 1127 1 1 1
65 1129 3 1 3
987 1128 6 4 15
1123 1128 3 7 16
72 1130 1 1 1
180 1130 1 1 1
205 1130 1 1 1
262 1130 1 1 1
385 1130 4 4 7
1444 1130 4 2 4
1805 1131 2 1 2
125 1132 1 1 1
1038 1133 3 4 9
1403 1133 3 1 3
155 1135 1 1 1
394 1135 6 7 14
409 1135 6 8 36
1027 1135 1 1 1
1501 1134 1 1 1
52 1136 1 1 1
208 1137 3 3 7
1049 1136 2 1 2
1634 1136 1 1 1
133 1138 1 1 1
431 1139 14 10 59
1637 1138 2 1 2
1742 1139 1 1 1
160 1141 2 2 3
1238 1141 1 1 1
1521 1140 2 1 2
1064 1142 3 5 11
1168 1142 1 2 2
1240 1142 1 1 1
990 1145 4 7 18
266 1147 2 1 2
356 1146 1 1 1
441 1147 18 10 54
273 1149 1 1 1
480 1148 1 1 1
102 1151 1 1 1
402 1150 4 13 19
1103 1150 1 1 1
297 1153 1 1 1
154 1154 1 1 1
159 1155 2 9 18
1671 1155 1 1 1
37 1157 9 2 12
239 1157 1 1 1
423 1156 2 1 2
206 1158 1 1 1
339 1158 11 13 71
1394 1158 1 1 1
106 1162 1 1 1
496 1163 25 34 223
1233 1163 2 1 2
1482 1162 2 2 3
1507 1162 1 1 1
1662 1163 1 1 1
381 1165 1 1 1
647 1165 5 8 34
1081 1165 4 8 24
282 1166 1 1 1
324 1167 2 2 3
435 1167 8 5 20
475 1167 2 1 2
1456 1166 1 1 1
55 1169 2 1 2
221 1169 5 2 8
366 1169 1 1 1
411 1168 7 8 35
572 1168 6 16 60
704 1168 5 3 6
1109 1168 2 4 7
108 1170 14 7 42
1171 1171 1 1 1
147 1172 1 1 1
238 1172 8 7 35
397 1172 4 3 6
612 1173 3 1 3
1040 1172 1 1 1
1178 1172 2 2 4
180 1175 1 2 2
446 1174 16 42 222
666 1175 14 11 81
1098 1175 1 1 1
1119 1175 1 1 1
1504 1175 13 25 205
22 1177 1 1 1
228 1177 1 1 1
254 1176 3 6 8
287 1176 1 1 1
743 1176 1 1 1
210 1179 1 1 1
333 1179 1 1 1
530 1178 1 1 1
1133 1179 3 6 11
1245 1179 2 4 6
1651 1178 2 1 2
1657 1179 1 1 1
104 1181 2 1 2
202 1181 1 1 1
393 1180 1 1 1
478 1180 1 1 1
553 1180 1 1 1
766 1180 1 1 1
1412 1180 11 20 174
1787 1183 2 1 2
60 1184 16 5 35
317 1184 1 1 1
638 1184 4 2 7
738 1185 4 9 21
1776 1184 1 1 1
24 1186 6 3 12
335 1186 1 1 1
491 1187 1 1 1
659 1187 1 1 1
710 1187 4 5 14
1028 1187 2 1 2
1294 1186 1 1 1
1566 1187 5 3 7
53 1188 7 2 8
187 1188 2 1 2
349 1189 21 10 52
693 1188 1 1 1
853 1189 2 5 6
1009 1188 8 8 29
148 1191 1 1 1
207 1190 4 2 5
344 1191 1 1 1
570 1190 2 1 2
598 1190 32 38 281
1026 1191 1 1 1
14 1193 7 13 43
31 1192 17 15 94
76 1192 1 1 1
120 1192 1 1 1
396 1192 1 1 1
499 1192 1 1 1
561 1193 5 2 6
1056 1192 2 1 2
1200 1192 3 6 13
1585 1192 1 1 1
235 1194 1 1 1
472 1195 1 2 2
477 1194 1 1 1
535 1195 1 1 1
646 1195 1 1 1
709 1194 1 2 2
955 1194 4 12 27
980 1195 2 1 2
145 1197 1 1 1
405 1196 1 1 1
483 1197 2 1 2
655 1196 3 10 15
799 1196 1 1 1
136 1198 7 4 11
217 1199 1 1 1
297 1198 10 1 10
373 1198 2 2 2
1003 1198 1 1 1
196 1201 1 1 1
507 1200 1 1 1
568 1201 11 8 29
84 1202 1 1 1
119 1202 4 2 4
529 1202 2 2 4
1501 1203 1 1 1
105 1204 11 2 13
334 1204 5 2 6
399 1205 23 6 76
512 1205 10 9 38
807 1204 3 3 6
856 1205 3 4 8
1237 1204 4 2 6
81 1207 1 1 1
392 1207 1 1 1
647 1207 1 1 1
720 1207 5 1 5
741 1207 8 13 35
879 1206 3 9 20
99 1208 4 3 8
139 1209 1 1 1
389 1208 1 1 1
539 1209 3 2 4
555 1208 4 3 8
679 1209 14 10 36
1339 1209 1 1 1
216 1210 1 1 1
304 1211 1 1 1
277 1212 4 16 26
332 1212 1 1 1
360 1212 4 2 5
534 1213 2 1 2
639 1212 1 2 2
164 1214 2 1 2
718 1215 1 1 1
895 1215 1 1 1
38 1217 4 1 4
170 1217 4 3 11
507 1217 1 1 1
818 1217 1 1 1
1183 1217 2 3 4
157 1219 2 1 2
208 1219 2 2 3
237 1218 3 4 9
326 1219 1 1 1
545 1218 1 1 1
707 1219 1 1 1
949 1218 1 1 1
1000 1218 2 1 2
1166 1219 6 4 17
1230 1219 1 4 4
46 1220 1 1 1
563 1221 25 7 121
699 1221 1 1 1
856 1221 1 1 1
821 1222 1 1 1
831 1222 2 1 2
1609 1223 1 5 5
62 1224 2 4 8
148 1225 2 3 6
335 1224 1 4 4
526 1224 19 4 47
869 1224 3 4 12
35 1227 1 1 1
241 1226 8 2 11
318 1226 1 2 2
366 1227 1 1 1
456 1226 1 2 2
