0 0 1840 1228 2106303
139 0 26 35 439
307 0 10 4 28
386 0 7 2 13
631 0 9 5 32
659 0 26 24 312
731 0 9 7 34
904 0 1 1 1
996 0 23 29 431
1079 0 5 5 21
1094 0 6 6 30
1168 0 32 21 333
1236 0 19 21 194
1287 0 20 23 198
1353 0 10 9 69
1469 0 22 19 336
1526 0 48 3 82
1613 0 20 31 449
1756 0 22 31 482
1131 6 23 44 355
640 10 9 19 146
886 13 8 16 92
346 15 8 9 48
1066 14 8 11 62
1633 14 83 150 3735
1230 20 6 7 30
1336 20 26 46 864
1030 23 7 18 101
99 27 16 20 245
236 29 5 5 9
1160 29 52 49 1236
1233 31 43 39 799
207 33 18 24 348
1099 37 17 14 35
545 39 13 44 417
566 38 11 18 162
1278 39 4 4 12
649 40 10 20 156
905 42 33 44 526
379 44 8 11 63
962 45 29 29 443
1073 45 7 11 57
426 52 10 16 127
705 52 1 6 6
1293 54 27 35 534
1495 59 27 35 690
572 60 72 94 1872
1009 62 20 32 448
293 64 12 20 181
706 65 1 7 7
490 68 6 7 29
509 72 16 24 267
1128 72 29 64 906
1364 73 16 17 162
707 76 1 12 12
134 79 18 23 324
676 78 9 16 97
836 79 7 10 49
1057 79 10 13 111
227 80 14 18 186
656 80 9 13 82
708 89 1 11 11
819 89 9 19 119
405 91 15 31 199
1168 92 10 27 170
1252 92 7 10 49
902 96 9 17 112
995 99 17 37 382
1350 100 6 10 44
198 102 18 23 327
655 102 13 25 249
698 102 16 48 381
1251 103 42 50 695
1729 102 24 34 635
733 104 4 4 11
1524 107 19 27 378
1228 109 4 3 8
959 111 10 17 127
1082 111 15 13 121
106 112 18 29 421
308 113 13 14 122
1332 113 15 14 134
1579 113 42 45 1133
545 119 14 25 251
1439 119 13 18 179
1137 120 76 70 1273
817 123 18 26 279
503 125 13 18 186
1384 127 1 1 1
1692 127 23 28 452
1223 128 5 6 22
1028 131 12 21 179
475 134 18 22 286
889 135 68 63 1036
1344 134 5 8 25
398 137 8 11 67
1498 140 12 14 131
1120 142 9 18 109
971 144 7 11 64
1156 145 1 4 4
1089 146 9 8 40
878 153 5 7 34
281 154 8 9 58
422 155 10 18 143
1047 154 18 13 111
795 157 6 42 56
980 156 40 34 335
1140 156 4 7 23
1465 157 15 20 235
1243 159 2 3 5
1297 158 8 12 73
1226 161 15 38 155
1255 161 10 16 112
478 163 6 6 26
632 167 9 18 129
1073 170 5 11 42
1091 170 4 5 14
149 175 36 30 636
1683 175 16 24 305
310 181 10 15 123
387 180 34 35 299
650 181 11 13 104
329 182 7 7 38
809 182 16 13 143
1265 184 12 25 198
559 186 10 17 133
777 186 3 1 3
1189 186 6 10 46
989 189 9 15 85
1090 189 20 3 27
1438 189 20 34 487
1829 191 11 32 245
863 193 5 6 22
1315 192 4 4 14
1388 192 15 24 249
912 196 12 26 219
1146 196 4 5 15
1707 198 19 2 24
659 200 8 9 50
1215 201 25 38 378
635 203 22 26 339
1120 204 17 11 87
1007 207 1 1 1
1281 207 10 19 124
717 211 1 1 1
1194 210 12 9 45
1317 212 11 13 90
554 221 8 17 104
718 221 1 4 4
1015 220 5 7 26
591 224 38 35 610
924 224 24 28 410
1614 225 7 15 69
773 228 57 61 812
857 232 26 38 487
1127 233 31 62 724
224 235 12 17 163
1421 237 31 49 982
1476 237 24 37 658
997 240 5 9 37
1069 243 4 5 18
1162 242 23 9 147
508 245 13 17 50
319 246 13 27 215
1195 250 4 6 19
1266 251 16 45 379
1348 251 4 4 12
943 253 25 31 444
530 257 1 1 1
1589 256 32 71 745
1055 259 3 2 5
1071 258 5 9 33
466 261 35 5 76
847 260 6 12 50
1186 260 4 7 24
290 262 6 5 24
233 264 10 13 98
1304 266 12 15 125
556 270 26 30 397
480 272 35 7 90
617 272 16 25 238
1168 272 3 5 12
894 278 4 5 20
908 283 8 13 88
379 285 26 29 439
975 285 5 9 29
1002 284 11 18 134
1132 284 4 5 15
1186 285 2 3 6
1693 284 25 29 536
1082 286 9 18 117
1350 287 23 40 609
1812 287 28 34 752
1027 288 6 11 44
1112 290 3 4 10
1162 291 19 11 90
1219 291 5 8 31
322 295 8 11 73
842 295 15 12 99
437 296 12 20 198
585 296 8 12 79
868 296 43 31 500
963 298 24 60 708
1050 298 8 12 82
500 301 2 4 6
926 302 33 47 460
721 304 4 5 10
755 304 9 20 138
1157 305 2 2 4
259 307 33 35 504
315 306 2 1 2
1208 306 5 5 20
552 309 9 15 110
1128 308 6 10 42
1382 308 19 49 707
719 311 2 3 3
731 311 2 2 3
1185 310 3 3 9
1253 313 8 11 69
1764 313 30 32 733
60 315 4 1 4
1058 314 5 7 25
49 317 1 1 1
51 316 7 1 7
309 316 5 3 7
1178 316 6 21 73
1547 316 18 26 356
600 319 8 12 71
1293 318 5 6 20
97 321 17 19 247
427 321 6 6 31
0 323 3 1 3
6 322 4 1 4
1067 325 20 27 220
68 326 19 20 265
1095 326 3 5 13
1111 331 45 45 1032
372 332 6 7 33
150 336 15 13 161
615 336 17 23 225
1014 339 4 7 22
1244 338 6 11 45
518 342 10 13 98
788 342 8 13 78
115 344 13 13 121
313 348 11 13 113
384 348 17 13 99
816 349 22 24 174
255 352 10 11 87
498 352 8 14 93
556 352 22 11 168
1189 355 8 16 64
1018 358 5 8 33
1223 359 4 4 13
1801 360 39 91 2207
287 362 9 7 49
647 365 7 7 38
1079 364 13 10 88
1244 366 12 11 76
803 368 4 5 15
1050 371 5 10 36
1161 371 4 5 14
320 372 14 19 208
1202 372 5 6 20
828 377 13 23 217
1261 380 4 5 16
1153 383 5 6 21
1512 383 19 28 377
1223 384 8 9 55
762 387 6 9 40
450 388 7 7 43
114 391 11 11 88
939 391 4 9 30
1112 391 4 6 16
1177 391 5 7 24
297 392 9 12 83
538 392 7 11 62
865 392 6 8 40
972 393 4 5 15
1084 394 4 7 18
1452 397 17 23 304
584 399 7 10 59
1105 401 5 7 23
459 402 11 17 157
869 402 21 24 240
1161 403 4 4 13
343 404 8 11 70
383 407 8 11 72
1247 406 5 7 27
527 408 40 26 458
956 408 5 10 37
1012 409 10 17 147
1188 409 20 30 387
1117 411 16 49 459
1171 410 5 10 41
1224 410 4 4 13
921 415 25 64 429
1047 414 2 2 3
1230 414 7 12 66
473 418 14 36 260
1511 421 17 14 135
1095 422 11 20 81
406 427 9 10 73
991 427 11 14 75
1156 426 3 2 5
1440 428 13 16 138
949 430 15 11 87
863 435 51 33 762
594 437 6 5 21
1072 436 6 17 69
705 440 11 18 145
1157 440 16 16 95
792 442 4 7 23
280 445 2 2 3
1012 444 3 5 12
1775 445 19 16 220
351 446 12 15 145
824 446 3 6 13
1045 447 8 14 54
968 448 3 2 4
284 450 16 26 262
533 450 21 39 337
740 451 10 17 127
1216 453 17 29 148
1523 452 20 36 375
164 455 2 3 4
491 454 7 7 37
1693 457 23 25 460
61 460 12 13 130
990 461 1 1 1
836 465 20 22 187
1000 464 4 7 23
169 467 1 1 1
1041 467 8 17 59
172 468 1 1 1
1204 471 3 4 8
1134 472 5 6 22
230 475 12 13 125
511 474 5 4 15
863 474 1 1 1
978 474 6 10 40
803 476 5 6 21
994 479 4 7 20
1057 479 16 29 320
1491 479 6 6 29
897 480 4 5 18
1769 480 35 38 961
304 483 5 3 12
948 484 3 5 13
1035 489 6 14 51
657 492 1 1 1
693 493 6 13 62
1189 493 3 3 8
98 496 11 11 98
1333 497 16 24 302
821 499 21 37 435
1200 499 7 6 23
404 500 8 8 50
578 500 7 6 30
1343 500 32 59 691
914 503 12 18 154
254 505 10 19 152
456 504 9 14 109
1719 504 18 18 235
1123 507 4 5 15
434 512 6 9 47
1080 513 2 4 7
1827 512 13 21 225
188 514 7 5 30
574 519 22 25 233
1158 519 2 4 5
323 521 7 6 26
1112 521 4 14 42
1377 521 17 23 239
724 522 7 11 52
864 522 7 13 65
1131 523 58 43 849
78 524 8 8 41
547 524 7 11 64
786 527 6 12 54
1090 527 2 2 3
390 528 10 11 77
1205 529 10 9 53
152 531 5 3 11
1087 532 1 1 1
288 535 1 1 1
1043 535 15 20 195
1713 536 24 42 608
769 539 1 1 1
813 541 10 14 107
983 541 2 4 7
472 543 9 11 71
914 542 25 13 113
1481 543 11 11 86
1795 542 24 29 535
181 544 10 12 82
663 544 10 17 133
1079 545 35 21 290
510 549 6 10 49
990 548 17 22 181
1370 551 51 80 1323
1065 553 7 8 37
732 555 2 2 3
1501 557 13 19 172
287 561 6 4 13
740 561 1 1 1
1013 560 4 21 36
712 562 8 15 88
907 563 4 6 19
456 564 8 7 32
866 565 14 30 244
925 564 3 4 7
1111 566 4 4 12
772 569 12 10 59
1352 569 11 17 143
919 571 4 16 32
1049 571 3 3 7
241 573 6 5 24
291 575 5 4 17
1045 575 3 4 11
1117 575 15 7 55
1324 574 16 28 350
843 576 2 2 3
1173 577 26 32 478
1538 577 11 14 119
308 579 8 10 66
524 579 7 5 21
554 579 8 9 48
742 578 4 6 15
1029 579 2 2 4
60 580 9 9 40
493 580 6 8 39
1778 580 21 16 265
888 585 13 17 170
1063 585 4 4 10
1147 584 7 10 46
823 587 11 18 138
483 588 3 2 4
1017 588 12 26 159
163 592 8 10 49
909 594 1 1 1
971 595 14 11 82
1037 595 21 33 313
741 599 6 12 30
1125 599 13 7 52
1515 600 37 32 534
915 603 10 11 26
940 602 1 1 1
474 605 6 7 38
902 604 4 10 32
1335 605 12 17 151
1152 608 3 9 20
819 611 4 5 15
946 611 1 1 1
519 612 7 11 58
1080 612 4 3 6
392 614 7 6 30
978 615 9 9 32
1600 616 6 2 7
466 619 6 7 33
507 619 2 3 6
1611 618 1 1 1
132 620 14 13 133
1003 620 2 2 4
1499 620 5 4 15
1181 622 5 5 19
292 624 6 6 26
891 625 1 1 1
969 624 2 2 2
162 626 2 2 3
783 626 5 6 23
1054 627 19 21 152
1149 627 2 2 4
834 628 20 23 271
878 628 1 1 1
967 629 1 1 1
1118 630 6 6 23
407 632 4 2 6
747 633 4 6 14
911 633 1 1 1
1100 634 10 9 48
1719 634 39 42 1005
931 637 2 1 2
981 637 1 1 1
901 640 4 7 27
959 641 2 3 6
705 642 1 1 1
922 642 1 1 1
933 642 1 1 1
1170 642 1 1 1
1602 642 42 70 1431
1483 644 13 9 68
666 646 4 5 16
869 647 1 1 1
186 648 2 2 3
740 648 7 6 19
889 649 12 9 32
910 648 1 1 1
110 651 8 7 37
213 651 8 6 43
1134 650 3 5 12
136 653 7 6 31
457 652 8 10 56
488 652 19 22 177
624 652 4 3 10
911 652 1 1 1
934 653 2 1 2
945 652 1 1 1
189 655 6 3 13
912 654 10 1 10
1083 655 23 22 176
437 656 11 34 197
1154 657 1 1 1
1388 657 1 2 2
995 658 28 18 216
1058 658 18 23 247
895 661 1 1 1
1181 661 3 3 8
1828 660 12 23 189
934 662 36 42 650
0 665 15 21 113
698 665 3 3 7
1156 664 7 10 47
1457 665 13 16 150
509 668 8 13 86
874 669 6 10 44
457 673 8 13 76
857 673 5 11 43
760 674 6 25 101
900 675 1 1 1
1698 674 18 16 136
115 677 13 15 145
996 676 3 5 13
1077 677 2 2 4
477 678 7 10 57
1005 683 2 4 7
545 685 6 5 22
874 684 15 21 92
1228 685 2 2 4
1029 689 2 2 3
648 691 8 11 67
991 692 11 23 184
238 695 6 4 18
736 694 7 9 59
808 695 12 22 213
1133 695 4 6 20
1327 695 12 19 170
1048 698 1 1 1
110 700 10 8 55
372 702 19 29 224
747 703 4 7 20
1490 703 6 4 20
345 704 10 8 60
912 704 2 2 2
975 704 6 11 49
1055 704 35 45 497
641 706 7 12 72
770 708 29 22 339
1672 708 16 20 237
1018 710 9 27 169
204 715 2 2 3
237 714 4 6 16
476 715 6 7 34
872 714 1 1 1
988 714 2 6 8
1741 714 22 27 470
493 716 6 7 33
860 717 7 14 84
421 719 4 3 10
944 719 10 6 24
1127 719 3 4 8
252 722 2 3 6
926 723 3 7 14
865 725 19 30 184
1297 724 1 1 1
487 729 5 6 14
626 729 1 1 1
1536 729 19 21 296
831 730 4 6 17
977 731 6 10 38
1477 730 6 9 38
338 732 6 4 12
964 734 2 2 2
562 736 13 20 187
1197 736 14 22 240
895 738 4 10 24
525 741 5 3 8
733 740 3 5 14
1256 740 1 1 1
1294 740 13 18 169
361 743 14 13 79
685 742 4 5 16
765 742 10 18 119
831 745 13 18 172
141 747 1 1 1
625 747 2 1 2
667 748 3 3 8
763 750 47 43 661
967 751 1 2 2
1028 751 3 3 7
459 752 6 5 21
412 755 9 9 64
694 755 7 14 78
1168 755 13 26 238
1009 756 1 2 2
1069 756 2 6 11
1120 756 7 10 43
1251 757 1 1 1
974 758 6 6 32
1080 759 4 8 23
1696 759 20 21 284
323 762 1 1 1
750 763 6 13 52
201 765 5 2 9
670 764 4 6 18
886 764 8 14 75
955 764 1 4 4
502 766 14 15 165
707 769 4 6 21
866 768 7 11 56
997 769 2 4 5
1624 768 1 1 1
449 771 5 4 10
827 772 9 6 17
1050 772 2 2 4
1760 773 20 16 197
420 775 7 9 59
1020 774 2 4 6
1055 774 2 3 3
1071 776 2 3 5
1111 776 2 2 3
733 778 1 1 1
1649 779 20 26 394
1006 780 9 12 82
1452 780 5 3 11
466 783 6 6 25
801 782 6 13 43
888 782 87 109 2378
1123 782 2 2 4
210 784 1 1 1
48 786 1 1 1
1441 787 5 4 15
427 788 5 8 37
546 789 1 1 1
691 788 5 11 24
821 789 22 34 267
1036 788 2 4 8
1047 789 5 4 12
410 790 1 1 1
961 791 5 5 20
1102 790 2 3 5
1113 790 3 2 5
748 792 10 11 48
984 794 1 1 1
1744 794 17 19 205
363 796 7 8 43
549 796 1 1 1
802 797 1 1 1
814 796 1 1 1
1086 796 7 5 23
1454 797 1 2 2
883 799 2 6 12
999 798 1 1 1
736 801 4 4 12
1031 801 5 5 10
1075 802 2 2 4
1087 803 18 19 215
1662 802 52 57 1226
593 805 1 1 1
798 804 4 8 23
1083 804 2 4 7
1430 805 5 4 18
1839 804 1 11 11
490 807 1 1 1
681 806 1 1 1
1301 807 19 28 294
504 808 5 6 24
1043 809 6 11 49
57 810 15 14 167
298 810 12 5 23
700 811 4 5 12
415 813 6 9 44
667 812 4 5 14
1541 813 3 2 4
351 814 6 4 19
845 815 9 13 79
630 817 1 2 2
1066 816 12 37 255
1114 817 8 10 47
1169 816 1 1 1
663 820 2 3 5
683 820 7 11 60
1389 821 13 18 174
878 823 2 5 9
997 823 2 1 2
1224 822 1 1 1
503 827 4 5 18
811 826 8 5 26
1015 826 18 23 262
836 829 3 3 6
1056 829 2 3 4
221 830 1 1 1
414 830 8 10 64
359 833 16 10 96
697 833 6 9 41
720 832 8 14 88
298 841 9 11 56
400 840 7 7 36
507 840 4 6 16
736 841 8 13 77
1090 841 21 38 352
1414 841 50 53 1101
386 843 1 1 1
691 843 3 2 5
349 845 3 2 4
814 845 4 4 14
979 845 10 7 47
1197 845 2 1 2
1321 845 3 3 6
566 846 5 7 27
782 846 7 8 41
833 846 22 11 98
1234 847 10 14 108
408 849 5 5 20
1037 849 7 7 29
864 851 1 1 1
1120 850 3 5 10
626 857 5 5 21
690 857 19 23 206
368 859 6 4 21
654 858 3 7 19
1300 859 10 13 91
1356 858 11 14 109
233 863 6 8 29
364 863 2 1 2
780 863 2 2 3
793 864 9 15 100
1032 865 2 2 3
912 867 1 1 1
1008 866 22 44 493
660 868 4 3 10
719 868 2 1 2
915 868 2 6 8
1075 868 1 2 2
1569 868 17 25 308
398 871 6 6 27
431 871 6 8 41
567 871 1 1 1
679 870 3 5 13
716 870 1 1 1
1390 870 1 1 1
177 875 4 4 11
128 876 7 3 18
483 877 5 12 55
592 877 1 1 1
930 876 1 1 1
1742 876 2 1 2
442 879 1 1 1
722 878 1 1 1
1040 879 7 8 40
886 880 2 1 2
876 883 5 10 35
1255 885 10 15 106
402 886 5 4 14
617 886 4 6 16
764 886 5 8 32
1621 886 21 52 786
1087 889 12 15 129
1389 889 8 12 62
715 890 4 4 14
911 890 1 1 1
394 894 6 8 35
463 897 1 1 1
924 896 1 1 1
1075 897 6 5 19
1502 897 16 19 215
158 899 4 3 5
660 901 3 3 9
1274 901 11 16 146
421 902 2 2 3
697 902 5 9 36
937 903 1 3 3
745 904 2 1 2
841 905 3 4 9
905 905 9 14 99
964 904 2 4 5
1003 905 4 3 9
782 906 5 5 19
652 908 1 1 1
1572 908 19 23 294
835 911 8 21 100
1224 911 22 21 335
514 913 5 5 16
701 914 3 3 7
804 915 7 11 62
960 915 1 4 4
1083 915 5 9 38
1454 914 2 1 2
254 917 14 15 124
756 916 9 11 64
316 921 7 6 27
356 920 1 2 2
1525 920 15 22 251
417 923 1 1 1
1262 923 4 4 12
991 924 36 29 489
1411 925 1 1 1
467 926 1 1 1
519 927 1 1 1
1312 926 1 1 1
1377 926 6 7 29
529 929 7 6 35
657 928 2 1 2
1055 929 2 3 6
476 931 6 8 37
616 930 1 1 1
663 930 4 4 12
215 932 1 1 1
919 933 1 3 3
1400 933 47 37 622
491 935 2 1 2
696 934 24 21 193
804 934 1 1 1
1037 935 2 5 9
496 937 5 9 31
1068 936 1 1 1
591 939 2 2 3
619 939 3 1 3
970 938 1 4 4
1050 939 2 5 8
1077 938 2 4 7
1705 939 1 1 1
737 940 6 9 33
908 941 6 7 16
22 943 1 1 1
677 942 7 8 44
137 944 2 2 2
359 944 3 3 6
813 945 1 2 2
213 946 2 1 2
929 946 1 2 2
960 948 19 29 126
565 950 1 1 1
701 950 468 278 30774
828 951 2 1 2
931 951 5 5 21
1066 953 12 6 30
1246 952 13 24 237
434 955 2 2 3
845 955 5 7 19
299 956 2 3 4
708 956 2 4 8
861 956 4 2 5
1386 956 4 6 18
257 959 4 1 4
424 958 4 5 12
583 958 1 1 1
654 959 2 5 8
1153 959 3 3 8
1171 959 2 3 5
393 961 1 1 1
618 960 2 1 2
823 961 1 3 3
903 961 1 1 1
360 962 1 1 1
1085 962 14 25 263
1229 963 3 3 5
0 965 4 8 24
45 965 12 9 81
1002 965 2 2 3
937 966 10 18 144
178 968 1 1 1
603 968 3 3 4
872 969 3 8 17
1462 969 1 1 1
404 971 6 10 46
830 971 1 3 3
1415 971 11 13 110
259 972 4 6 17
588 972 1 2 2
897 973 1 3 3
1009 973 2 4 7
447 974 1 1 1
586 975 1 1 1
1059 974 2 5 7
1199 975 23 30 310
1048 976 1 1 1
1259 977 2 4 7
345 979 1 1 1
419 978 3 5 9
479 979 4 3 10
616 979 3 9 25
699 979 9 5 28
979 978 1 1 1
641 981 18 16 127
839 981 2 2 3
1017 980 5 6 19
1283 985 1 1 1
1292 985 5 2 8
1375 984 1 1 1
1627 985 21 21 364
1067 986 1 2 2
516 988 1 1 1
518 989 2 2 3
865 989 2 5 10
953 989 6 5 14
1836 989 4 1 4
387 991 8 9 31
1043 990 1 3 3
1249 990 1 1 1
240 992 6 5 21
318 993 8 4 19
416 993 6 8 34
1024 992 2 3 6
683 994 3 5 9
923 994 3 3 8
1322 994 1 1 1
304 996 4 3 8
490 997 1 2 2
622 996 1 2 2
1061 997 15 9 55
1465 1001 15 19 187
293 1003 8 5 30
369 1002 1 1 1
815 1002 3 1 3
894 1002 1 2 2
937 1002 1 1 1
1257 1002 8 11 58
1429 1003 15 23 239
1705 1003 4 2 5
1803 1003 3 1 3
644 1005 2 1 2
974 1005 1 3 3
383 1007 4 14 38
1370 1006 5 8 34
1523 1007 17 17 227
261 1009 2 2 3
303 1009 1 1 1
1650 1009 18 32 397
240 1011 4 5 14
629 1011 2 1 2
952 1011 1 2 2
660 1013 5 9 35
973 1012 1 4 4
1454 1012 1 1 1
836 1015 1 3 3
249 1016 13 17 177
368 1017 1 1 1
399 1016 4 5 11
1010 1016 2 3 6
1394 1016 1 2 2
12 1019 9 8 50
682 1018 3 2 5
418 1021 5 5 17
848 1020 4 5 18
979 1022 1 2 2
1059 1022 1 3 3
662 1024 21 40 288
893 1024 1 1 1
845 1027 1 1 1
1231 1026 5 3 10
1202 1029 3 2 5
1386 1029 10 13 97
1573 1030 47 69 1559
996 1033 1 2 2
1013 1034 4 10 38
1282 1037 19 15 183
198 1039 3 3 7
1743 1039 18 14 133
434 1043 2 2 2
968 1043 1 7 7
1044 1043 2 1 2
1180 1044 10 13 82
1456 1045 1 1 1
315 1046 6 8 19
984 1046 4 5 12
1064 1046 1 3 3
1216 1046 2 3 5
1639 1047 2 1 2
940 1048 1 4 4
1020 1048 3 7 17
1034 1048 5 17 40
335 1051 1 1 1
333 1052 1 1 1
245 1054 8 10 72
1348 1055 4 6 20
190 1057 11 24 206
961 1059 1 2 2
390 1061 1 1 1
987 1061 1 2 2
415 1063 1 4 4
686 1063 7 10 56
708 1062 3 2 4
1832 1062 1 1 1
977 1065 1 2 2
7 1066 3 2 5
409 1067 3 3 4
891 1066 1 2 2
1234 1067 4 3 8
1519 1066 38 31 749
591 1068 3 4 11
226 1071 1 1 1
239 1071 3 3 5
496 1070 8 9 22
903 1071 3 4 11
917 1070 1 2 2
1629 1071 18 19 237
1791 1071 2 1 2
316 1075 3 3 7
674 1074 1 1 1
1720 1074 1 1 1
266 1077 2 2 2
838 1077 2 1 2
529 1078 6 11 51
644 1079 7 8 40
677 1078 2 5 10
723 1079 2 2 3
845 1078 5 6 27
947 1078 2 5 6
692 1080 3 4 12
436 1083 1 1 1
933 1083 9 16 90
682 1086 3 5 12
980 1087 1 2 2
1217 1087 3 2 6
459 1088 1 1 1
918 1088 6 6 31
1375 1088 11 14 100
1767 1088 5 5 9
179 1091 1 1 1
863 1091 1 1 1
247 1093 1 1 1
413 1092 5 18 84
504 1093 2 2 2
952 1093 2 4 5
1228 1093 15 21 128
869 1094 4 3 6
375 1097 9 9 57
437 1097 5 6 24
1314 1096 10 23 121
910 1098 1 2 2
243 1101 1 1 1
493 1101 1 1 1
547 1101 1 1 1
598 1101 3 2 4
679 1101 6 9 36
745 1101 5 9 41
1449 1101 14 19 145
230 1103 1 1 1
1783 1103 15 21 156
594 1104 4 4 16
278 1107 1 2 2
1346 1106 2 2 3
1493 1107 1 1 1
276 1109 1 1 1
565 1109 3 4 8
1338 1108 1 1 1
1545 1108 3 3 8
587 1111 1 1 1
504 1113 1 1 1
788 1112 1 3 3
1415 1113 1 1 1
1660 1112 1 1 1
402 1114 4 4 10
698 1115 2 1 2
427 1116 2 1 2
700 1117 2 2 3
1515 1117 13 17 128
281 1119 3 2 4
1139 1119 3 2 4
1269 1118 1 1 1
1113 1121 1 1 1
1708 1122 1 1 1
1204 1125 13 23 131
1713 1124 1 1 1
462 1127 1 1 1
1114 1126 1 1 1
1417 1126 1 1 1
286 1129 1 1 1
1411 1128 1 1 1
1725 1128 1 1 1
1248 1130 1 1 1
1282 1130 1 2 2
1465 1131 2 1 2
1756 1131 1 1 1
279 1132 4 3 8
262 1135 1 1 1
1507 1135 1 1 1
1254 1136 1 1 1
1261 1139 1 1 1
1657 1138 1 1 1
766 1140 1 1 1
1342 1140 1 1 1
1606 1141 1 1 1
292 1142 4 4 9
629 1142 8 17 109
645 1142 2 1 2
661 1143 3 4 9
1246 1143 1 1 1
1250 1142 1 1 1
1302 1143 1 1 1
1630 1142 1 1 1
1644 1142 1 1 1
1721 1143 5 4 9
813 1144 1 1 1
731 1147 1 1 1
839 1147 1 1 1
1294 1149 4 6 17
1473 1148 1 2 2
222 1152 5 9 20
301 1152 16 16 216
370 1152 1 1 1
1373 1153 7 7 22
274 1155 7 10 54
1215 1155 3 3 8
1236 1154 3 3 3
1406 1155 1 1 1
16 1157 2 1 2
716 1157 4 3 8
1438 1156 9 8 43
654 1159 3 5 12
1468 1159 1 1 1
790 1160 1 3 3
1345 1161 3 3 9
95 1162 1 2 2
1540 1162 15 16 174
400 1165 4 4 10
474 1165 1 1 1
1339 1164 1 1 1
1622 1165 2 1 2
781 1167 2 5 8
864 1166 1 1 1
1244 1170 1 1 1
1676 1171 1 1 1
1160 1172 1 1 1
1377 1173 1 1 1
1407 1173 2 1 2
1447 1173 3 3 4
272 1175 7 7 36
366 1174 2 2 2
639 1174 1 4 4
506 1179 1 1 1
617 1179 2 9 10
627 1178 6 7 35
744 1179 2 1 2
1216 1179 1 1 1
1243 1180 1 1 1
1693 1181 2 2 3
774 1182 1 1 1
911 1182 1 1 1
1278 1182 13 14 84
504 1184 1 1 1
1255 1184 2 1 2
1304 1184 4 4 10
1328 1184 27 35 404
678 1186 3 3 7
1252 1187 1 2 2
580 1188 1 1 1
591 1190 1 1 1
633 1191 1 1 1
1217 1191 1 2 2
1266 1192 3 2 3
385 1195 10 26 76
230 1196 4 4 6
483 1198 1 1 1
522 1199 2 1 2
603 1198 2 1 2
819 1199 1 6 6
1372 1200 2 1 2
1793 1201 1 1 1
886 1203 1 4 4
917 1203 1 3 3
1558 1202 1 1 1
615 1204 1 2 2
498 1207 2 2 3
1259 1207 9 7 16
1494 1207 5 7 12
1563 1207 1 1 1
1583 1206 27 22 395
753 1209 1 1 1
1231 1210 2 1 2
62 1212 2 2 2
1072 1213 1 1 1
1817 1213 2 2 3
156 1215 1 1 1
789 1214 1 1 1
1502 1215 1 1 1
1566 1215 3 2 4
544 1216 4 5 16
662 1216 2 2 2
1503 1219 2 1 2
1352 1221 5 7 31
1491 1220 1 1 1
1556 1220 10 8 41
602 1223 1 5 5
1292 1223 3 5 15
734 1225 2 3 4
1673 1225 1 3 3
446 1227 1 1 1
