0 0 1840 1228 2227004
700 0 13 18 127
824 0 11 25 165
915 0 4 4 11
970 0 14 12 119
1356 0 8 17 114
1209 7 4 16 34
628 20 7 14 60
799 21 5 7 29
1125 22 5 6 19
1170 23 7 6 22
760 25 4 6 21
841 26 3 5 13
900 35 20 19 143
613 43 11 13 91
971 44 1 2 2
885 52 9 12 80
771 68 3 4 10
923 70 7 19 92
1001 79 4 8 18
787 91 7 13 74
888 90 3 3 5
908 90 19 42 417
1017 91 1 1 1
704 98 4 3 9
1308 101 3 1 3
758 102 4 5 11
835 109 6 15 46
485 110 7 7 28
1156 116 7 9 45
1325 117 8 5 24
937 118 6 3 12
1066 119 3 3 6
1236 118 8 6 25
958 120 4 5 16
885 122 8 3 19
764 130 2 8 14
792 138 20 11 114
469 143 11 13 95
637 143 17 15 175
455 149 1 1 1
912 149 5 9 28
967 149 8 20 126
1356 150 1 1 1
1164 154 7 16 86
1186 154 4 7 22
1122 165 3 5 9
1082 168 3 4 10
1559 217 1 3 3
1604 223 6 7 28
895 228 6 6 22
873 233 3 2 4
1362 240 7 10 50
1158 252 3 3 8
791 255 7 3 11
929 255 2 1 2
938 255 4 5 16
1388 257 6 5 29
900 259 4 1 4
320 261 6 5 29
1032 271 9 16 106
1088 278 3 3 5
1050 284 4 2 7
590 286 1 4 4
852 311 12 14 139
715 312 11 10 79
611 316 4 3 10
879 319 5 6 22
836 337 3 3 7
603 359 9 14 84
400 360 2 2 4
403 362 3 1 3
390 371 10 9 54
1396 387 7 9 45
696 400 6 10 49
900 410 1 1 1
816 413 6 11 38
1587 425 13 20 179
1154 428 8 8 46
959 445 1 1 1
1072 445 2 3 6
847 449 4 5 12
531 465 24 29 399
986 470 5 5 18
592 485 3 3 6
1041 496 4 5 18
738 500 12 14 129
683 502 2 5 7
791 502 4 3 7
979 505 8 11 68
1095 505 3 2 4
1082 516 4 5 18
674 518 5 11 40
538 520 12 20 169
1177 528 5 3 6
896 531 4 3 9
1162 537 3 3 7
1277 536 3 6 16
1082 541 1 1 1
802 572 6 6 31
938 576 3 4 10
1090 585 5 2 8
1097 584 1 1 1
943 592 8 7 35
932 598 4 4 15
947 621 8 13 85
685 640 3 5 10
1138 646 10 13 98
1622 648 4 5 17
557 682 1 2 2
963 704 14 25 161
690 716 2 2 2
882 717 1 1 1
799 764 1 1 1
782 784 7 7 31
860 784 1 1 1
835 788 1 1 1
828 798 1 1 1
1405 802 2 1 2
841 813 1 1 1
825 857 1 1 1
830 873 3 2 3
749 874 2 2 3
764 877 1 1 1
744 905 5 1 5
857 904 1 1 1
752 910 1 1 1
759 912 1 2 2
764 915 1 1 1
778 915 1 1 1
768 916 1 1 1
1072 921 6 8 40
512 931 2 2 4
515 935 1 1 1
606 937 11 6 21
981 939 4 7 23
670 944 1 1 1
605 947 5 9 27
971 947 4 4 12
705 969 1 1 1
806 976 1 1 1
490 993 586 112 26982
475 1011 8 5 26
1499 1010 9 16 92
541 1021 1 1 1
1710 1020 7 3 11
535 1023 5 4 15
528 1028 5 8 19
518 1038 2 3 3
1058 1041 3 1 3
954 1044 12 15 61
945 1047 1 1 1
513 1048 1 1 1
963 1060 1 1 1
713 1116 4 4 12
1646 1226 1 2 2
