0 0 1840 1228 2185998
892 0 12 40 159
916 0 83 54 1549
995 0 33 26 459
1037 0 2 4 6
1105 0 7 7 44
1094 0 52 58 746
1157 0 18 7 91
1189 0 12 3 35
1245 0 2 1 2
872 5 5 6 20
1151 5 41 59 558
915 6 1 2 2
1275 7 5 11 43
1097 8 2 2 4
1203 8 4 7 22
1295 8 6 9 41
847 10 13 11 56
881 12 1 2 2
1045 15 1 2 2
1081 14 2 2 3
1219 14 2 2 4
1142 17 3 7 11
1196 18 4 6 23
1255 18 5 5 18
1064 23 3 7 16
1282 23 29 35 376
1030 24 3 5 13
1070 27 32 51 617
1200 27 5 10 31
1249 26 5 5 21
859 29 1 3 3
1314 28 5 7 31
854 33 2 5 10
1016 32 2 5 6
1056 34 4 9 19
1026 38 1 2 2
862 41 1 2 2
1030 43 3 4 11
999 44 9 6 35
1251 44 5 8 30
869 47 1 2 2
879 47 68 162 2859
891 49 3 14 19
946 48 20 19 178
1113 48 11 40 128
999 54 25 14 136
861 58 15 16 114
1266 60 4 6 20
1052 63 3 3 5
1131 63 2 4 7
1245 62 5 6 20
849 65 1 2 2
977 65 11 10 62
1188 64 8 8 28
1144 71 9 10 51
843 73 1 3 3
1010 72 2 4 7
1126 72 5 6 22
878 75 1 2 2
1182 74 3 6 11
1233 75 3 4 11
1270 75 7 9 45
880 77 8 8 26
1028 77 16 15 63
1047 77 29 21 184
967 79 36 20 277
1087 79 10 16 86
1155 78 2 4 7
956 81 1 2 2
1220 80 3 5 14
1015 83 1 1 1
1174 82 4 10 24
1227 87 6 9 43
1282 87 5 7 27
839 89 3 4 8
1111 88 2 3 6
1428 88 12 16 86
946 91 1 1 1
1105 90 29 24 116
870 95 2 6 7
1103 94 2 2 4
1155 94 5 12 40
860 96 4 8 11
961 97 3 6 17
1217 98 4 8 25
1249 98 2 2 3
985 101 2 5 7
1025 100 3 2 4
1295 101 4 5 14
955 103 1 2 2
1121 103 32 32 309
853 105 2 4 7
965 105 2 3 6
1047 105 23 41 256
942 106 1 1 1
1017 107 3 6 14
1079 107 40 73 644
972 108 5 10 34
1254 110 24 27 281
875 113 1 2 2
1181 112 4 7 19
857 114 1 1 1
826 116 1 2 2
931 116 16 29 269
986 117 6 5 14
1011 116 2 5 9
1206 117 4 6 18
1232 119 3 5 14
855 120 29 30 184
1046 120 2 2 2
1117 121 2 3 6
995 122 2 3 5
1029 123 1 1 1
844 127 1 1 1
1286 127 6 11 49
960 128 2 5 9
1160 129 2 4 7
1175 129 3 3 6
845 131 4 10 18
895 131 2 4 8
986 131 3 6 10
1102 130 2 4 7
1186 131 2 2 3
1203 130 18 35 295
1013 133 2 1 2
966 135 2 1 2
1030 134 3 4 9
1004 138 2 4 6
1271 138 5 10 41
929 140 1 3 3
973 141 2 1 2
985 143 13 21 79
1022 143 2 3 6
893 144 1 1 1
857 147 1 1 1
1227 146 4 3 8
844 148 15 28 139
894 149 1 2 2
928 149 19 8 58
1130 149 3 3 7
819 151 11 12 45
1026 151 3 7 16
1056 151 24 22 261
882 152 4 5 8
867 157 1 1 1
1114 157 29 44 301
1248 156 5 6 24
1271 160 3 2 6
1167 162 3 2 5
1280 163 4 3 11
957 165 16 10 71
1048 165 2 3 6
1253 165 5 7 33
837 167 1 1 1
836 169 1 1 1
887 169 68 88 904
1083 171 1 2 2
1138 173 2 4 8
1052 175 4 9 28
829 177 1 3 3
1030 176 12 27 101
1121 177 51 55 676
1258 177 2 3 6
840 180 3 5 11
878 180 1 2 2
960 181 1 2 2
975 181 6 4 9
715 184 37 28 359
1001 184 5 9 21
1061 185 6 18 74
1087 187 22 26 237
1253 187 1 1 1
819 189 3 5 12
843 189 1 1 1
850 190 1 1 1
945 191 33 34 251
832 193 1 5 5
1065 192 54 57 792
854 194 1 3 3
1042 196 13 25 135
1209 199 31 10 84
1185 200 9 10 37
994 203 6 17 51
862 204 15 23 145
895 207 1 3 3
1252 208 5 6 19
1275 209 4 5 14
827 211 9 4 19
1117 211 4 9 27
1095 213 4 4 12
818 216 1 3 3
844 217 1 1 1
975 216 3 3 9
1021 219 3 4 10
977 221 7 15 62
834 223 16 22 166
1115 222 2 2 2
1243 223 8 13 83
806 224 12 3 26
1045 224 31 42 300
849 226 1 3 3
1189 227 4 3 9
1013 228 3 4 9
1026 228 6 25 104
860 231 23 18 179
942 230 4 6 24
802 232 1 3 3
929 233 1 1 1
1000 233 3 7 18
1176 235 9 3 19
922 237 2 4 7
936 237 2 3 6
939 237 11 12 59
1012 236 1 4 4
1122 236 27 19 125
973 239 4 6 18
1041 241 1 1 1
1227 240 4 9 24
1181 243 8 14 68
791 244 1 3 3
1001 245 25 35 315
805 246 62 90 1372
914 247 19 42 293
783 249 1 2 2
935 251 1 2 2
959 251 11 8 25
988 251 7 5 15
1161 253 1 1 1
316 254 1 1 1
811 254 1 2 2
862 255 19 15 85
625 256 127 152 2165
1118 259 10 5 15
940 261 8 18 78
1238 260 7 12 41
894 265 11 12 44
962 266 13 11 86
1142 266 5 5 20
1038 269 7 9 30
1189 269 3 5 13
1257 269 4 6 19
1057 271 12 12 84
1083 270 2 3 5
790 272 1 1 1
871 274 2 4 7
882 277 5 16 32
1248 277 4 6 20
869 279 2 5 10
1100 279 6 6 34
1007 281 42 42 733
1037 280 1 3 3
810 282 1 2 2
983 284 14 16 61
1147 284 1 2 2
1265 284 5 8 31
790 287 1 2 2
1053 286 2 3 5
1066 286 38 88 668
1097 286 3 7 14
1087 288 1 3 3
1158 288 3 5 12
950 293 3 3 8
1138 293 1 3 3
931 294 4 5 20
828 297 86 72 1328
775 298 1 2 2
909 298 11 8 24
1101 298 22 42 252
1050 301 5 3 11
937 302 2 2 3
966 305 21 29 179
1168 305 40 14 205
1263 304 2 1 2
400 307 1 1 1
920 307 1 3 3
1126 309 2 4 7
1395 309 5 15 49
792 311 1 2 2
952 311 4 8 21
1215 311 1 1 1
930 313 2 1 2
1045 313 15 17 115
1218 312 6 17 46
1124 318 1 2 2
1264 319 2 2 4
21 321 48 2 89
88 320 35 2 49
907 321 2 3 5
942 320 8 1 8
996 320 2 2 3
792 323 1 2 2
1150 322 2 3 6
1011 325 2 4 6
1235 324 4 6 21
817 326 15 13 65
959 327 2 2 3
913 329 12 6 38
928 328 1 1 1
797 330 1 2 2
896 331 2 5 8
806 332 1 2 2
970 333 3 12 18
1029 332 14 11 111
1129 332 2 4 7
997 335 23 41 338
1056 335 1 3 3
1172 335 3 5 9
815 336 1 1 1
840 337 1 2 2
1157 336 4 9 23
760 338 4 5 14
928 338 6 11 42
949 341 1 2 2
1033 343 56 64 1246
1216 345 4 10 29
816 348 6 3 13
966 349 41 54 439
1120 348 2 3 4
747 350 13 11 81
1135 355 21 31 268
1249 355 18 9 80
777 357 1 1 1
919 357 2 6 12
1222 356 4 6 22
796 362 24 32 248
824 362 4 7 19
911 363 2 6 11
932 363 16 26 179
964 364 1 2 2
731 367 17 12 117
899 367 1 1 1
822 369 1 3 3
1206 368 1 2 2
878 371 1 2 2
1114 370 3 7 11
1202 371 19 40 177
1171 373 3 5 10
854 375 1 3 3
906 375 19 36 275
1045 375 1 1 1
760 377 7 10 42
1009 376 2 2 4
889 378 11 22 88
1192 379 2 1 2
1236 379 3 2 4
849 381 5 3 15
1025 381 2 4 6
1014 385 2 5 9
786 386 1 2 2
827 387 1 2 2
861 387 21 19 171
1131 386 2 2 4
769 388 1 3 3
820 389 5 9 34
952 389 2 3 6
1049 389 3 5 9
1027 393 1 1 1
1158 392 1 1 1
840 395 1 3 3
1105 395 1 2 2
789 396 2 2 4
801 397 3 4 11
1034 397 27 46 456
830 399 19 47 207
947 398 3 4 9
962 399 2 3 6
1016 399 1 1 1
1128 399 8 7 22
782 401 4 6 14
954 403 4 7 22
1221 403 3 5 12
756 405 1 2 2
902 405 1 1 1
1192 405 2 2 4
796 406 5 2 6
1024 406 2 3 4
897 410 1 1 1
1016 410 12 16 68
1066 411 7 3 10
1089 410 15 23 131
864 412 2 4 6
945 413 2 7 14
893 414 1 4 4
814 416 16 9 57
1212 416 22 13 107
632 418 136 44 1828
1122 419 3 3 6
861 420 1 2 2
899 421 5 6 22
908 420 33 31 194
950 425 2 3 5
808 427 1 2 2
870 427 1 2 2
960 426 69 51 556
1073 428 12 33 109
1106 431 2 6 11
955 432 1 2 2
855 435 12 14 66
981 434 1 3 3
780 439 1 2 2
854 439 1 2 2
883 441 1 1 1
966 440 1 3 3
986 440 2 5 10
795 443 20 22 142
111 445 25 14 100
142 444 21 6 71
889 446 17 12 130
826 448 3 1 3
942 448 2 4 8
73 450 16 2 29
1027 451 25 24 214
1095 450 2 2 3
1163 451 4 5 14
786 453 2 6 12
840 452 21 18 129
1140 452 2 3 6
865 454 13 13 37
928 454 11 4 17
1126 454 3 4 11
92 457 7 1 7
912 456 3 8 19
51 458 16 4 40
784 459 1 1 1
824 460 2 5 8
946 461 2 2 4
1146 460 3 2 5
756 463 2 5 9
923 462 2 4 8
1111 463 7 25 99
1556 463 18 5 62
1058 464 2 2 3
1176 465 2 1 2
766 466 5 14 36
1067 466 4 10 25
1249 466 3 3 7
957 468 2 3 5
1193 469 10 13 49
1226 468 3 3 5
1011 471 3 6 14
1129 470 3 4 11
1473 471 1 1 1
1025 474 1 3 3
1098 474 3 5 11
825 476 1 2 2
861 476 2 4 8
874 477 2 3 5
1047 479 3 3 9
927 480 3 3 7
1222 481 3 6 15
969 482 2 3 6
1146 482 4 5 15
846 485 1 1 1
860 484 7 14 25
893 485 1 1 1
1065 484 26 37 197
952 487 23 25 204
1022 486 1 3 3
1036 486 4 7 17
1203 487 3 6 17
1087 488 5 11 33
755 492 6 9 27
908 492 2 7 12
928 492 1 11 11
1002 492 11 3 23
814 494 4 3 8
852 495 1 2 2
1111 497 4 7 15
866 499 1 1 1
1000 499 1 2 2
1229 499 5 13 25
1013 500 1 4 4
764 503 1 1 1
806 502 1 5 5
821 503 1 3 3
1140 502 2 6 11
1156 502 2 1 2
771 505 2 1 2
873 505 1 3 3
979 505 1 2 2
1206 505 3 3 9
830 506 3 8 13
842 507 28 19 144
1020 506 2 1 2
1030 507 37 35 353
913 509 2 2 3
996 509 12 14 42
1098 510 3 2 5
1215 510 5 4 11
691 513 1 1 1
972 514 12 6 23
719 516 1 1 1
806 517 1 1 1
816 517 1 1 1
901 516 1 2 2
872 519 1 1 1
1123 518 1 2 2
784 521 14 11 56
830 523 1 1 1
886 523 1 1 1
941 523 1 2 2
1101 522 14 8 46
812 524 2 2 4
1010 527 11 9 66
1135 527 4 8 29
980 528 5 8 28
1227 530 6 5 17
893 532 1 2 2
946 533 1 1 1
1040 533 1 4 4
764 535 1 2 2
785 535 1 1 1
834 535 2 3 6
1023 535 1 1 1
845 537 1 1 1
943 537 2 1 2
775 538 1 2 2
907 538 1 5 5
987 538 8 13 34
835 543 26 12 104
924 542 1 2 2
1068 542 4 6 19
798 545 3 3 7
873 549 14 9 46
1040 548 1 1 1
791 550 2 3 5
966 551 1 1 1
1141 550 2 2 3
1059 552 8 13 50
1393 553 1 1 1
736 555 1 1 1
774 555 2 3 4
918 554 1 10 10
947 555 2 2 3
1204 554 4 7 20
711 556 1 2 2
1040 556 9 18 55
1132 557 7 8 42
869 558 1 1 1
963 559 2 1 2
1105 558 3 4 10
1195 558 1 2 2
922 560 10 18 79
1009 561 1 1 1
1002 563 4 10 33
966 565 1 1 1
801 567 1 1 1
851 566 1 1 1
870 567 3 5 11
989 566 2 6 7
1086 566 3 2 5
1226 566 8 3 14
772 569 1 2 2
845 568 1 2 2
856 568 1 3 3
980 568 1 1 1
1399 569 3 3 6
1097 570 4 6 21
859 572 7 2 8
1131 572 2 2 3
707 575 3 4 8
778 574 1 2 2
811 575 1 2 2
1008 574 15 10 67
1028 575 12 18 52
1055 574 4 11 32
1177 575 3 4 6
766 578 1 3 3
794 579 1 1 1
818 578 15 14 52
965 579 3 2 5
992 578 1 2 2
848 581 2 12 14
921 580 4 10 17
1070 582 5 12 35
784 585 1 2 2
864 585 5 12 38
878 585 1 2 2
896 585 1 2 2
940 585 9 6 46
1111 585 2 2 4
1004 586 2 1 2
1100 586 1 1 1
726 588 2 2 3
1209 588 4 4 14
748 591 1 2 2
982 591 1 1 1
1129 591 1 1 1
935 592 5 16 27
764 594 1 2 2
951 595 1 1 1
997 594 1 2 2
1011 594 2 7 11
1124 595 3 3 9
887 596 1 1 1
1068 597 15 11 39
737 598 2 4 7
795 599 4 4 11
833 598 2 3 5
858 599 2 2 4
881 599 1 1 1
912 598 2 3 6
871 600 1 3 3
955 601 2 3 5
779 602 4 7 13
904 603 2 2 3
1056 603 1 2 2
833 605 22 43 322
1023 605 12 9 37
918 606 1 1 1
926 607 3 5 13
996 606 1 1 1
1054 607 2 6 10
1092 606 1 1 1
997 608 1 3 3
802 611 11 10 56
840 611 1 2 2
842 610 1 1 1
882 611 1 3 3
943 613 28 17 151
744 614 1 2 2
1000 614 1 11 11
1045 614 1 2 2
1208 615 11 3 13
1024 616 1 2 2
785 619 1 1 1
874 618 1 1 1
1097 619 2 2 4
983 621 12 10 35
1073 620 1 1 1
1151 621 5 16 36
1179 621 1 2 2
773 625 2 3 6
926 625 1 1 1
973 625 2 4 7
738 627 1 1 1
827 627 1 3 3
933 627 1 1 1
1211 626 5 8 21
758 629 1 1 1
1062 629 1 1 1
1091 629 13 5 21
934 630 1 3 3
964 631 2 7 14
1075 631 2 2 3
1118 630 2 2 4
1197 630 2 3 5
876 633 1 1 1
900 633 1 1 1
788 635 1 2 2
808 635 1 1 1
982 635 2 2 4
1033 635 1 1 1
914 637 13 12 80
954 636 1 1 1
1007 637 8 21 48
1177 636 4 6 17
1199 636 4 5 16
894 639 14 34 102
1079 639 12 6 32
1143 639 1 2 2
775 641 3 3 4
792 640 1 1 1
806 641 1 1 1
878 642 1 1 1
984 643 7 14 41
732 646 3 3 7
879 646 3 3 5
930 649 18 27 125
1034 651 7 12 33
814 653 1 1 1
826 653 5 2 6
1081 655 3 1 3
1163 654 2 8 15
789 656 2 2 3
1088 656 1 3 3
1110 657 1 1 1
833 659 11 7 24
1066 658 13 14 58
754 660 1 1 1
815 661 3 1 3
914 661 2 1 2
1111 660 1 4 4
788 663 1 1 1
872 663 1 1 1
923 663 1 2 2
827 664 1 1 1
1006 664 1 2 2
1059 665 2 3 5
743 666 1 3 3
882 667 1 1 1
1041 666 3 5 11
1100 667 3 6 17
759 669 1 1 1
868 668 1 2 2
994 669 1 1 1
1025 671 4 13 36
720 674 1 1 1
990 675 2 4 5
1072 675 2 5 10
795 677 1 1 1
816 676 1 1 1
1007 677 2 3 4
757 679 1 2 2
898 679 2 2 3
930 678 1 1 1
1130 678 6 7 32
716 681 1 1 1
847 681 2 3 6
976 680 1 2 2
1049 680 1 1 1
1212 680 6 19 43
784 682 2 2 3
1069 683 1 1 1
1155 682 3 3 9
812 685 4 3 6
889 684 1 2 2
948 685 2 2 3
998 684 1 1 1
798 687 1 1 1
986 686 2 1 2
1064 687 1 1 1
783 689 1 1 1
804 688 1 2 2
854 689 7 9 21
871 688 1 4 4
940 688 1 1 1
951 689 1 1 1
958 689 15 7 24
1001 689 1 1 1
1028 689 1 2 2
1197 691 2 1 2
818 695 1 2 2
826 697 1 9 9
828 696 1 1 1
904 696 1 1 1
1112 697 4 6 14
1176 697 4 7 22
714 698 2 1 2
903 699 1 1 1
995 698 1 1 1
1050 699 1 2 2
1060 699 3 4 8
811 700 1 1 1
776 702 1 2 2
883 703 1 2 2
929 703 1 1 1
967 702 4 12 18
1045 702 2 3 4
798 705 2 3 4
853 705 3 4 9
931 704 5 16 35
1042 705 2 4 8
990 707 1 2 2
1018 707 1 3 3
1228 706 2 2 3
781 708 1 2 2
836 708 2 7 9
819 709 98 78 1526
898 708 1 1 1
1032 709 3 3 8
732 710 2 5 6
849 713 3 13 29
749 714 1 1 1
959 715 6 3 18
977 715 1 1 1
1026 714 1 1 1
1112 714 4 6 18
1189 715 4 6 17
599 717 3 3 6
695 718 1 1 1
742 719 1 1 1
981 718 1 2 2
1077 718 2 4 8
945 721 1 1 1
1052 721 1 2 2
698 723 3 4 9
957 722 10 9 18
784 724 1 2 2
877 724 3 7 11
947 725 1 1 1
988 725 1 2 2
1118 724 2 3 4
768 726 1 1 1
935 727 1 1 1
1006 726 1 1 1
1199 727 4 11 26
1034 729 5 11 26
1413 729 5 3 11
1220 730 9 8 34
1016 732 5 5 19
1187 732 3 3 9
323 734 1 1 1
777 734 1 1 1
806 736 1 2 2
938 736 8 14 23
1093 736 2 2 4
1250 736 3 4 9
974 739 3 6 12
1011 739 5 4 12
1118 738 2 4 7
1000 740 1 1 1
959 742 1 1 1
1082 743 2 1 2
1239 742 1 1 1
1001 745 20 16 43
1078 747 3 6 13
799 748 2 3 5
826 749 1 4 4
967 748 2 2 3
925 751 8 12 24
942 750 1 5 5
1169 751 1 1 1
1323 751 2 6 10
1051 755 2 3 6
1200 756 3 5 14
973 758 1 6 6
1054 761 1 1 1
1089 761 1 2 2
951 763 1 1 1
1007 763 2 4 7
1022 762 4 3 6
1205 762 3 4 12
275 764 14 7 33
820 764 1 3 3
868 764 4 5 8
917 767 28 19 154
968 766 1 5 5
1020 767 1 5 5
1047 767 1 1 1
1072 767 1 2 2
916 771 1 1 1
985 770 7 5 18
762 772 1 2 2
772 773 1 2 2
802 773 1 2 2
1013 773 1 4 4
792 774 1 3 3
1207 775 2 1 2
839 776 18 19 89
774 778 2 1 2
1362 779 1 1 1
809 780 10 20 60
873 781 4 6 12
984 780 1 1 1
963 782 1 1 1
1003 782 1 2 2
1043 783 1 4 4
732 785 7 2 13
977 785 3 2 6
1026 784 6 7 33
788 786 1 1 1
821 786 2 2 3
1132 789 3 5 13
1150 788 1 1 1
784 790 2 9 11
865 791 1 1 1
1057 790 1 3 3
832 793 2 3 6
1071 793 1 1 1
905 795 10 11 73
1011 794 2 3 4
1039 795 2 4 6
1023 797 4 8 12
705 799 4 4 12
997 798 4 3 6
743 801 1 1 1
766 800 1 3 3
928 800 1 1 1
798 803 1 3 3
876 805 6 7 12
931 805 1 4 4
1186 805 4 13 22
727 806 4 5 9
918 806 1 2 2
1001 807 1 2 2
1125 806 2 2 3
1143 807 1 1 1
1277 806 1 1 1
895 808 2 3 5
987 809 8 21 62
745 810 16 23 65
797 810 1 3 3
927 811 1 2 2
957 810 1 1 1
1021 811 1 2 2
1043 810 2 2 4
1265 811 1 1 1
811 813 1 4 4
703 817 1 1 1
815 817 1 1 1
1079 817 2 2 4
1112 817 2 1 2
871 818 2 9 11
1016 818 2 2 3
1039 821 1 2 2
727 822 2 2 3
894 822 1 2 2
926 823 1 1 1
962 822 11 9 63
1127 822 2 1 2
777 827 1 2 2
791 826 1 1 1
811 826 5 10 22
1098 826 1 1 1
1168 829 12 12 92
1191 828 2 3 4
825 831 1 1 1
862 831 2 5 8
902 830 1 2 2
918 831 1 2 2
960 831 1 1 1
894 834 1 5 5
996 835 4 9 12
809 836 1 2 2
983 836 1 1 1
1115 837 4 13 25
1206 837 2 3 5
1344 836 1 1 1
599 839 1 1 1
746 838 2 6 7
778 839 1 1 1
931 839 2 3 5
1189 838 2 1 2
662 840 2 3 6
844 840 1 4 4
868 841 1 1 1
912 840 1 1 1
1070 841 1 3 3
734 842 2 1 2
799 843 1 1 1
984 843 1 3 3
958 844 1 2 2
1255 847 1 1 1
962 849 20 22 130
992 848 1 1 1
1035 849 2 2 2
1137 849 1 1 1
794 851 1 1 1
814 851 1 1 1
853 851 1 2 2
946 851 7 6 29
1038 851 2 2 4
726 853 2 2 3
1000 853 1 1 1
882 854 19 13 125
910 854 1 1 1
576 856 2 1 2
819 857 1 1 1
1079 857 3 9 18
787 858 1 1 1
1008 858 1 1 1
1321 858 2 3 4
1189 861 2 2 3
744 863 3 8 13
859 863 1 1 1
999 863 9 3 11
815 864 1 1 1
957 864 1 2 2
1045 864 1 2 2
1182 865 3 2 6
789 866 1 3 3
1037 867 2 1 2
938 869 1 1 1
825 870 9 2 18
998 871 21 26 105
917 872 1 2 2
980 873 13 9 35
1177 872 3 2 4
875 875 1 2 2
1827 875 1 1 1
768 877 1 1 1
1032 877 4 7 14
1144 877 6 4 11
832 879 8 11 32
922 879 2 7 9
1274 879 1 1 1
819 881 1 1 1
1191 881 2 1 2
944 882 1 1 1
1164 883 1 2 2
1329 882 1 1 1
1038 884 1 1 1
1105 885 1 1 1
1134 885 2 2 3
898 886 1 1 1
1042 887 1 3 3
570 888 1 1 1
758 889 1 1 1
827 889 2 3 5
952 889 1 1 1
737 891 1 2 2
960 891 7 6 32
870 893 1 1 1
887 892 1 2 2
1126 893 3 4 11
1573 892 1 1 1
781 895 1 3 3
815 894 1 2 2
1023 894 3 5 12
907 897 5 5 21
932 897 1 3 3
985 897 1 3 3
1043 897 1 1 1
1358 897 1 1 1
861 899 9 6 21
918 901 25 34 251
938 900 2 2 4
897 902 4 9 26
947 903 11 12 52
1041 903 1 1 1
1101 904 2 2 4
1122 904 3 5 11
1161 904 1 1 1
1198 904 1 1 1
1608 905 6 3 6
665 906 1 1 1
764 906 351 184 17648
830 907 3 4 6
883 906 1 3 3
1505 907 1 1 1
1043 908 4 11 19
1248 908 1 1 1
1408 908 2 1 2
710 911 2 2 3
1116 911 4 4 10
1213 910 1 1 1
852 912 1 1 1
1009 913 2 5 9
822 914 7 3 9
872 914 1 1 1
1086 915 3 4 6
1803 915 1 1 1
700 917 1 1 1
862 916 1 1 1
990 916 2 2 4
1023 916 3 9 11
744 918 1 1 1
864 918 2 4 5
892 919 1 1 1
960 918 5 12 18
850 921 1 2 2
941 920 1 3 3
994 921 8 11 39
1123 921 1 1 1
1363 921 1 1 1
905 922 1 2 2
1074 923 2 3 6
1365 922 1 1 1
869 924 1 1 1
898 925 17 14 58
1027 925 10 3 12
1530 925 1 1 1
840 928 1 1 1
975 929 10 7 16
1351 931 1 1 1
93 933 4 4 6
927 933 1 2 2
1005 932 4 4 10
1086 933 1 1 1
1293 933 1 1 1
1304 933 1 1 1
869 934 1 1 1
883 935 7 4 13
1177 934 2 1 2
953 936 1 1 1
1044 936 2 2 4
1781 936 1 1 1
729 939 1 2 2
810 939 1 1 1
834 939 1 2 2
1181 939 2 3 6
938 941 24 23 126
37 942 1 1 1
812 942 1 3 3
844 942 10 9 41
1502 943 2 2 3
1111 944 1 1 1
1730 945 1 1 1
832 946 2 2 3
909 947 1 3 3
1192 946 2 3 5
1664 947 1 1 1
1732 946 2 2 3
868 949 1 3 3
1003 948 1 1 1
1045 948 17 10 125
880 953 12 17 85
1339 952 2 1 2
986 955 11 12 43
1147 955 14 11 43
829 957 1 3 3
1018 957 3 4 8
1123 957 1 1 1
390 959 2 2 2
1436 958 5 10 31
826 961 1 3 3
969 960 3 3 5
1016 962 2 8 16
1247 962 1 1 1
1800 963 40 102 2475
851 964 1 1 1
865 965 1 2 2
935 964 1 2 2
967 965 1 1 1
640 969 2 1 2
902 969 1 2 2
739 970 2 3 5
1594 971 1 1 1
413 973 1 1 1
919 973 1 4 4
965 972 1 3 3
1780 972 1 1 1
825 974 1 2 2
879 975 1 1 1
1105 975 3 3 6
475 976 3 3 6
943 976 1 2 2
956 977 1 1 1
838 979 1 1 1
893 979 2 2 3
981 979 1 2 2
1030 978 2 4 8
392 980 2 3 4
1453 980 1 1 1
821 982 1 1 1
1002 983 8 11 27
552 985 1 1 1
812 984 1 3 3
904 985 1 2 2
944 985 10 9 39
1049 985 2 2 3
1395 984 3 1 3
1588 984 1 1 1
826 987 1 1 1
856 986 1 2 2
978 987 1 2 2
837 989 1 2 2
853 988 1 2 2
1120 989 1 1 1
1020 991 1 6 6
890 992 1 2 2
766 997 1 1 1
865 997 1 3 3
1159 996 1 1 1
839 1001 1 1 1
930 1002 1 1 1
1130 1003 2 2 3
1188 1002 1 3 3
1202 1003 2 2 2
1424 1003 2 1 2
738 1009 1 1 1
1510 1008 1 1 1
763 1011 1 1 1
920 1010 1 1 1
935 1010 1 2 2
1345 1011 1 1 1
1469 1010 1 1 1
918 1015 1 3 3
82 1016 1 2 2
934 1016 1 4 4
1154 1016 1 1 1
1273 1021 1 1 1
1647 1020 1 1 1
939 1022 5 6 27
1152 1028 4 5 13
1360 1028 1 1 1
1465 1029 1 1 1
1409 1031 1 1 1
1137 1033 1 2 2
1477 1033 1 1 1
249 1034 1 1 1
1264 1034 1 1 1
1286 1035 7 6 14
1467 1034 2 1 2
1526 1034 1 1 1
1579 1035 1 1 1
1435 1036 1 1 1
1313 1039 1 1 1
620 1041 3 3 5
1126 1044 1 1 1
745 1049 1 1 1
676 1052 1 3 3
1116 1053 10 2 13
1388 1053 2 1 2
291 1054 3 2 3
1128 1056 2 7 7
516 1061 2 2 3
1170 1061 2 2 2
1586 1061 2 1 2
729 1062 1 1 1
765 1063 1 1 1
1508 1064 2 1 2
1602 1065 2 1 2
114 1067 2 2 2
1056 1066 1 2 2
1131 1071 5 5 9
955 1073 1 2 2
1048 1073 1 1 1
1391 1073 3 1 3
1487 1076 1 2 2
1095 1079 1 1 1
1128 1079 1 2 2
1166 1080 1 1 1
1648 1081 1 1 1
1739 1083 101 44 1374
995 1084 1 2 2
1104 1085 3 6 10
561 1086 2 1 2
711 1087 2 3 5
868 1087 1 3 3
947 1087 1 2 2
1039 1089 1 1 1
676 1090 1 1 1
895 1090 1 2 2
928 1090 1 1 1
1160 1091 1 1 1
1307 1091 1 1 1
738 1093 3 1 3
969 1094 1 2 2
351 1097 1 1 1
544 1097 4 2 7
1444 1098 1 1 1
1607 1098 1 1 1
952 1101 1 1 1
761 1102 1 1 1
776 1103 1 1 1
964 1103 4 10 27
231 1105 1 1 1
881 1104 1 1 1
1227 1105 1 1 1
1388 1105 2 1 2
705 1106 3 3 6
846 1106 1 1 1
1073 1107 1 1 1
1083 1106 2 5 7
1641 1107 1 1 1
1733 1107 5 2 5
777 1111 1 1 1
796 1111 2 6 7
911 1113 1 1 1
927 1112 1 1 1
1056 1113 2 3 4
1503 1113 2 1 2
877 1116 1 1 1
594 1118 1 1 1
924 1119 1 1 1
1013 1118 1 2 2
633 1120 1 1 1
648 1120 1 1 1
899 1121 1 2 2
845 1123 1 1 1
882 1122 1 2 2
936 1123 1 1 1
952 1122 4 6 14
981 1122 1 2 2
610 1125 1 1 1
1395 1124 2 1 2
1802 1127 3 1 3
1827 1126 13 12 63
971 1128 1 2 2
1079 1128 1 2 2
1806 1128 6 2 9
850 1131 1 1 1
1813 1130 9 3 10
907 1132 1 3 3
1265 1132 1 1 1
1824 1133 2 1 2
323 1135 1 1 1
1321 1134 3 1 3
1346 1136 1 1 1
1348 1137 1 1 1
471 1139 1 1 1
823 1141 1 2 2
886 1140 1 3 3
1110 1140 2 2 2
199 1142 2 5 7
1450 1143 2 2 3
452 1144 1 1 1
950 1144 1 2 2
1127 1144 1 1 1
286 1147 2 2 2
799 1147 1 1 1
946 1147 2 2 4
1015 1146 23 16 106
796 1148 1 1 1
821 1148 1 1 1
1675 1149 165 69 3639
766 1150 1 3 3
907 1151 2 3 5
1350 1152 1 1 1
1006 1156 1 1 1
1267 1157 1 1 1
355 1158 3 1 3
935 1158 2 2 4
570 1161 1 1 1
966 1162 1 2 2
1594 1163 1 1 1
808 1165 1 1 1
1460 1167 3 2 4
1814 1167 2 2 3
1024 1169 2 2 3
438 1171 2 2 3
1055 1170 1 1 1
504 1175 2 2 3
1012 1174 1 1 1
1623 1174 1 2 2
104 1176 1 1 1
695 1177 1 2 2
368 1178 1 1 1
659 1179 1 4 4
893 1180 1 1 1
1575 1181 1 1 1
854 1183 3 5 13
673 1184 1 1 1
1080 1187 1 1 1
899 1190 1 3 3
947 1193 1 2 2
1090 1193 1 1 1
598 1194 1 1 1
775 1194 1 2 2
892 1195 1 1 1
902 1195 1 1 1
685 1196 3 3 8
952 1196 3 7 13
1044 1196 1 1 1
1263 1197 1 1 1
397 1199 1 1 1
980 1199 1 3 3
97 1201 1 1 1
472 1201 1 1 1
930 1201 1 3 3
962 1200 3 8 14
609 1202 1 1 1
708 1204 3 5 12
948 1205 1 3 3
1439 1204 2 2 2
578 1208 1 1 1
776 1208 1 2 2
988 1209 1 1 1
611 1210 1 1 1
820 1210 1 1 1
1078 1211 1 2 2
1491 1211 2 3 4
606 1212 1 1 1
850 1212 1 1 1
594 1216 2 2 4
701 1217 1 1 1
1007 1216 2 3 4
1826 1219 1 1 1
791 1227 1 1 1
