0 0 1840 1228 2074878
41 0 2 1 2
57 0 13 120 1132
76 0 6 3 18
74 0 46 126 531
181 0 81 132 1948
554 0 6 4 17
863 0 22 33 534
910 0 11 12 107
1018 0 11 36 281
1052 0 3 8 22
1250 0 18 24 205
1387 0 29 17 209
1486 0 43 43 1159
1714 0 126 235 7586
1195 5 2 3 5
163 7 13 1 13
405 8 1 8 8
1155 10 23 135 1209
0 12 12 98 300
672 13 33 26 390
147 16 1 1 1
948 19 7 9 45
1147 19 2 3 3
150 20 4 30 33
640 21 4 6 18
745 20 2 2 3
891 22 43 41 684
1128 25 6 7 28
1379 27 7 11 61
660 30 5 7 20
1205 30 2 1 2
847 33 6 13 59
1114 33 5 7 25
1348 32 4 5 15
985 38 12 32 249
1197 38 11 20 144
1277 38 3 5 12
1378 38 103 338 8636
869 41 11 15 119
767 43 21 24 244
1079 42 6 11 54
1234 43 3 4 7
1371 48 4 6 17
1435 49 5 4 11
1222 51 4 7 17
1236 52 35 60 1072
589 54 22 33 528
882 56 6 9 39
1025 60 17 40 277
751 67 43 92 1180
731 68 6 10 32
773 69 5 9 33
781 69 86 155 2294
147 71 6 35 74
1085 71 6 9 41
922 73 3 4 9
944 75 83 144 2910
1335 79 4 7 21
1181 81 27 55 1053
1275 81 13 27 264
1557 80 5 4 16
545 83 5 8 32
648 82 22 22 171
1078 83 4 12 40
1041 93 10 25 132
1124 95 4 6 17
719 97 14 28 277
525 99 6 7 25
1146 98 4 4 11
1355 98 17 40 374
636 100 1 1 1
877 105 22 17 184
613 109 10 18 72
1072 108 4 3 11
1313 108 4 6 11
1274 111 30 53 609
927 113 12 23 134
1436 112 6 14 63
690 117 6 6 23
1107 116 2 2 3
23 118 27 5 33
653 119 24 43 277
564 121 5 6 25
789 122 1 2 2
1144 122 2 4 6
792 124 1 2 2
1585 125 7 14 56
153 127 43 2 55
1046 130 6 9 39
1115 131 6 12 58
1249 131 2 3 5
1073 134 3 2 4
1118 134 60 146 3067
624 136 6 8 36
666 136 3 3 8
1320 137 2 3 5
560 138 1 1 1
562 139 1 4 4
1325 143 8 11 60
612 145 1 4 4
1387 147 2 2 2
772 149 8 13 69
1183 151 1 2 2
1481 152 25 49 971
640 156 4 1 4
52 163 13 227 1070
1061 163 10 11 103
1355 164 14 30 300
629 166 12 35 164
878 167 13 30 250
175 168 27 231 1197
736 169 20 49 440
1210 171 4 8 20
111 172 4 97 253
1037 175 4 11 35
225 176 32 224 1077
709 177 1 1 1
656 178 1 1 1
813 178 6 10 38
1101 182 1 1 1
1549 187 10 11 39
589 188 5 5 13
652 189 1 1 1
719 188 7 12 65
1074 198 5 7 29
654 200 2 4 5
934 201 1 1 1
895 209 5 7 26
1331 213 8 13 41
627 216 3 6 15
576 218 13 31 254
1026 219 1 1 1
672 226 22 34 198
822 227 23 17 185
923 229 21 48 740
597 230 4 4 12
1239 230 37 206 2768
761 236 3 6 15
854 239 6 12 57
608 242 4 5 13
649 242 4 4 9
954 243 10 23 177
1069 245 4 3 10
710 247 1 1 1
974 247 7 6 27
1056 246 4 6 16
714 251 6 9 46
989 250 6 12 48
731 252 21 36 496
1124 253 3 3 7
819 254 2 2 3
1224 255 5 8 33
664 258 8 13 61
1061 264 5 5 16
631 267 5 6 16
1005 268 7 9 48
107 270 4 1 4
978 270 9 20 145
835 272 4 7 20
880 274 14 29 234
178 276 9 1 9
109 279 4 112 251
1311 279 28 51 962
1047 283 7 14 69
803 286 2 4 5
1009 289 13 25 213
1276 288 1 2 2
819 295 3 4 9
1066 295 1 2 2
1086 294 5 8 31
622 297 12 23 206
924 297 11 25 196
900 300 5 8 29
1151 301 16 50 517
806 302 1 1 1
946 303 64 85 2360
854 308 14 29 267
899 310 1 1 1
960 310 3 3 6
686 317 19 18 205
830 321 4 6 13
1139 323 4 7 22
1347 323 26 45 728
595 325 2 1 2
758 326 8 27 148
668 328 1 2 2
784 329 6 14 59
485 330 5 4 10
717 332 2 8 12
837 340 4 5 17
912 342 8 15 93
825 345 1 1 1
1457 347 1 1 1
1459 346 1 1 1
1455 348 1 1 1
1448 351 1 1 1
1450 350 1 1 1
564 352 6 9 40
808 352 1 5 5
1069 353 5 5 19
1443 352 4 2 4
992 354 61 145 2925
1439 355 1 1 1
1441 354 1 1 1
792 357 1 1 1
797 358 2 2 2
1136 361 37 114 1892
734 364 3 1 3
1063 364 5 5 15
810 367 1 1 1
888 367 6 11 47
818 369 7 9 49
852 372 5 13 48
589 376 2 2 4
630 376 4 3 8
741 378 106 158 6180
828 381 1 1 1
646 383 1 4 4
729 385 1 1 1
1323 384 4 4 13
626 392 1 1 1
787 393 5 18 47
1498 392 13 17 107
25 395 15 1 15
559 394 5 4 16
595 394 2 3 4
1034 394 5 7 28
72 396 2 1 2
159 397 4 1 4
833 397 1 2 2
951 399 20 13 119
1087 403 2 3 4
854 404 12 30 257
1439 405 19 41 519
584 414 6 13 53
655 418 6 6 30
970 419 1 1 1
1083 420 5 7 24
645 422 1 1 1
498 426 4 3 8
668 426 5 6 24
723 427 4 5 17
652 429 1 1 1
653 433 7 7 23
970 433 1 1 1
679 435 9 15 104
1065 435 5 9 32
580 437 1 1 1
1249 438 1 1 1
1094 441 1 2 2
904 442 4 4 12
778 444 1 1 1
1100 445 3 5 10
1247 447 15 33 383
628 455 3 4 9
1438 454 5 6 24
192 457 4 77 145
706 459 6 12 57
837 458 2 7 8
852 460 1 1 1
247 465 12 69 211
610 466 2 11 21
856 466 1 2 2
571 472 7 9 46
1355 475 19 38 590
863 477 2 1 2
858 478 1 1 1
1261 481 22 53 874
915 484 4 6 16
1323 486 3 3 7
595 491 2 2 4
855 491 2 2 4
486 493 5 3 10
706 493 7 10 42
1093 492 3 3 5
973 496 3 2 6
849 501 1 2 2
1141 503 16 38 461
715 507 12 25 238
1104 510 1 2 2
886 513 17 12 112
1540 514 7 7 19
1063 517 7 13 59
1204 518 30 80 1823
920 521 14 25 227
580 523 8 13 82
684 524 6 23 103
759 529 10 16 127
1118 529 4 4 14
729 533 3 5 9
974 532 3 4 10
780 539 3 2 5
963 538 7 11 60
850 540 9 24 161
146 542 12 1 12
193 543 36 1 36
1064 546 4 8 23
593 553 7 7 20
666 555 7 9 51
1145 554 11 22 191
699 556 1 1 1
701 557 1 1 1
870 556 3 4 10
832 559 8 15 79
193 560 1 1 1
770 563 3 4 6
1484 569 20 42 652
759 570 10 26 217
247 573 1 1 1
1767 574 73 165 2126
793 576 5 5 19
768 576 113 307 10580
191 579 2 7 8
775 579 39 60 577
822 578 2 2 3
918 579 12 18 133
1246 581 39 84 1463
646 582 4 4 15
1348 583 1 1 1
1404 583 1 1 1
1148 586 1 1 1
246 591 1 1 1
563 593 5 10 37
888 592 1 1 1
1311 597 3 2 4
1061 598 16 17 175
246 601 1 1 1
721 601 14 28 294
980 600 12 16 94
1424 600 1 1 1
618 603 7 8 40
192 608 1 1 1
1044 612 6 13 47
1322 612 5 9 24
1420 622 1 1 1
1430 622 13 1 13
1332 627 4 3 10
1111 628 15 37 319
1531 628 9 11 82
733 631 2 2 4
882 633 27 67 937
1021 632 2 3 4
538 637 8 14 82
1037 637 5 9 31
768 641 1 1 1
784 644 5 15 19
1383 644 7 7 30
566 646 4 5 17
680 648 3 4 8
769 649 2 2 4
799 649 1 2 2
799 649 32 44 514
1009 648 3 4 9
1549 650 9 10 66
699 653 6 16 80
767 654 2 1 2
1085 655 19 40 514
922 657 25 29 348
727 659 8 21 116
773 661 2 2 3
628 662 6 8 34
540 664 3 3 7
715 664 5 6 18
191 666 1 1 1
208 666 5 1 5
221 667 22 1 22
1071 668 6 7 26
763 670 20 55 560
569 677 6 6 29
1054 676 2 3 5
708 681 2 3 4
1314 681 1 1 1
810 687 1 1 1
1313 689 1 1 1
1530 688 6 4 18
1311 690 1 2 2
1493 699 8 7 37
907 700 15 30 311
983 701 14 15 92
1423 704 19 5 36
680 708 7 12 58
1139 713 12 27 255
1239 713 14 35 376
892 717 2 8 12
953 718 6 9 41
1261 720 23 49 857
1031 724 7 13 62
1074 730 5 6 20
583 732 6 7 32
1004 742 6 11 48
1042 743 11 25 191
651 744 5 8 31
1154 744 1 1 1
1789 744 3 1 3
719 746 8 12 56
908 746 8 14 80
1306 752 1 1 1
1217 759 14 18 191
1011 761 1 1 1
343 763 1 1 1
596 764 12 23 184
1019 765 3 2 6
669 767 5 8 31
164 769 3 2 5
766 769 21 26 378
953 769 2 2 3
1029 768 8 8 46
1367 770 1 1 1
1021 780 4 11 31
671 783 5 13 48
429 785 18 23 82
1156 785 25 33 544
1288 785 4 4 13
352 791 1 1 1
1333 790 37 43 753
934 794 3 4 8
946 795 7 16 69
455 797 2 1 2
365 804 1 1 1
625 804 1 1 1
768 804 3 7 16
385 806 1 1 1
526 806 1 1 1
421 808 1 1 1
481 811 1 1 1
1044 811 2 2 3
972 817 6 8 34
1223 817 11 18 147
412 818 1 1 1
1414 818 21 33 522
893 822 6 11 49
89 825 1 1 1
999 824 7 9 47
307 827 1 1 1
658 827 1 1 1
133 831 1 1 1
416 831 1 1 1
320 833 1 1 1
963 832 1 1 1
202 835 2 1 2
580 839 3 2 5
72 840 2 2 3
563 840 8 11 66
207 842 1 1 1
596 843 1 1 1
618 846 14 23 229
703 848 160 186 9840
899 849 6 9 37
1054 848 5 10 36
1266 848 1 1 1
711 851 9 15 96
667 855 21 16 111
971 861 26 54 884
1063 860 14 22 230
592 864 6 5 18
1095 865 24 33 604
670 872 29 59 511
666 874 6 13 51
1150 876 11 22 157
1505 876 5 4 13
862 878 3 5 11
1784 883 1 1 1
722 885 5 8 23
917 885 3 4 7
643 886 1 1 1
647 889 3 4 6
1004 888 2 2 4
1048 888 13 46 375
933 893 1 2 2
1008 895 5 6 21
731 900 1 1 1
1339 901 2 4 5
1271 902 21 52 667
723 910 1 1 1
624 915 7 13 58
659 919 1 1 1
994 919 11 21 166
606 923 10 9 60
644 922 3 3 7
660 922 6 5 21
706 922 3 3 6
287 925 1 1 1
555 926 43 46 1225
950 927 4 4 14
1182 930 31 62 805
880 939 20 33 261
1030 939 6 8 30
487 945 3 2 3
612 944 4 6 12
653 946 15 22 202
1094 948 4 5 14
1161 949 14 27 285
1378 949 17 26 339
466 950 1 1 1
1038 954 3 3 6
575 958 93 78 3060
1456 963 1 1 1
480 967 7 11 56
1251 968 16 38 516
927 970 6 26 73
903 972 3 3 9
1294 976 2 3 5
893 986 7 11 50
673 989 2 2 4
119 991 1 1 1
217 990 1 1 1
318 991 3 1 3
834 991 11 21 169
196 992 1 1 1
683 993 1 1 1
1182 993 1 1 1
72 996 2 1 2
993 999 6 14 43
254 1000 3 1 3
301 1001 1 1 1
652 1000 2 2 4
458 1005 1 1 1
680 1005 2 4 6
500 1007 5 4 10
359 1011 1 1 1
205 1015 1 1 1
950 1015 2 3 4
953 1021 1 1 1
257 1023 1 1 1
309 1023 1 1 1
332 1023 1 1 1
678 1022 1 1 1
1018 1025 2 4 6
725 1027 3 6 12
957 1027 1 1 1
569 1033 4 4 12
1261 1033 11 15 112
963 1037 2 4 4
698 1039 2 1 2
446 1040 577 175 55604
966 1041 1 2 2
105 1044 1 1 1
968 1045 5 9 22
37 1049 1 1 1
182 1048 2 1 2
479 1049 2 1 2
312 1053 7 2 7
476 1052 2 2 3
1023 1052 1 1 1
1163 1053 1 1 1
666 1054 10 19 121
308 1057 1 1 1
1306 1057 16 26 325
594 1058 4 4 11
1006 1060 5 7 27
1036 1060 1 1 1
231 1062 1 1 1
415 1062 22 29 279
1037 1062 3 2 6
181 1067 1 1 1
1253 1067 18 37 546
445 1083 4 1 4
596 1084 1 3 3
8 1089 1 1 1
1218 1091 1 1 1
140 1093 4 1 4
134 1100 1 1 1
355 1103 5 5 10
440 1104 3 3 6
408 1109 1 1 1
10 1110 7 2 11
1465 1111 1 1 1
441 1115 1 1 1
1172 1117 2 1 2
35 1118 1 1 1
219 1119 2 1 2
199 1124 1 1 1
364 1124 2 1 2
294 1128 1 1 1
1349 1130 1 1 1
1362 1133 2 1 2
380 1136 3 10 12
0 1142 5 1 5
310 1142 3 1 3
1458 1142 1 2 2
41 1146 12 3 15
230 1153 3 2 4
140 1157 6 3 9
163 1157 1 1 1
310 1158 2 2 2
203 1163 4 1 4
1178 1165 2 1 2
354 1168 1 1 1
285 1170 1 1 1
440 1175 3 2 3
314 1180 2 1 2
104 1185 2 2 2
127 1185 2 1 2
94 1189 1 1 1
395 1188 1 1 1
1231 1188 1 1 1
285 1198 3 8 15
66 1204 1 1 1
258 1206 1 1 1
93 1209 1 1 1
277 1208 6 2 7
176 1212 1 1 1
350 1214 1 1 1
328 1218 1 1 1
178 1221 1 1 1
442 1220 8 8 40
489 1222 1 1 1
261 1224 1 4 4
625 1227 1 1 1
