0 0 1840 1228 2180252
590 0 10 15 128
802 0 3 7 17
898 0 28 23 375
942 0 2 1 2
1009 0 7 11 58
1252 0 11 25 164
707 5 5 8 33
1066 7 3 4 11
1272 7 16 14 66
1375 6 5 5 15
873 13 4 8 21
790 14 4 11 35
567 17 7 9 47
958 17 13 23 180
628 19 7 15 78
805 18 3 3 5
749 23 34 30 360
1416 23 12 23 158
1380 24 6 7 28
1436 25 8 8 36
1142 27 4 6 18
550 29 8 20 135
801 28 4 11 32
900 28 3 4 8
995 28 4 11 32
1270 31 6 10 36
1130 32 3 3 8
659 34 7 11 64
1193 34 19 15 174
605 40 8 16 96
631 43 7 14 69
863 42 8 12 39
840 48 5 21 98
949 50 6 9 43
916 54 6 11 50
670 57 6 7 32
857 60 3 7 17
636 69 30 23 355
1533 69 10 17 95
1319 71 3 2 5
958 72 1 1 1
717 76 5 21 58
100 79 1 1 1
1346 83 4 2 6
581 86 8 17 108
912 87 6 12 51
800 89 7 13 75
828 89 1 1 1
841 89 16 30 129
1123 89 4 3 11
1002 92 5 9 32
1551 92 10 17 89
1366 94 9 15 83
1154 99 19 24 87
1219 101 15 29 245
757 104 7 11 52
1067 104 4 9 30
1311 104 7 9 42
867 106 6 5 27
975 108 14 19 102
1139 108 3 4 8
875 115 2 3 4
572 117 9 19 132
960 116 3 7 17
1119 117 3 3 6
1534 117 7 6 28
1054 120 5 9 32
674 124 25 44 372
737 125 7 17 88
1442 125 8 10 56
853 128 2 5 8
1207 129 1 1 1
645 131 9 27 176
1202 130 3 4 7
801 132 12 14 53
712 134 4 6 22
848 134 3 6 18
1144 136 10 26 153
952 141 6 8 43
911 142 3 4 7
1329 143 7 12 61
544 145 6 10 52
602 145 7 15 81
784 144 3 8 18
890 145 1 1 1
1255 144 6 11 52
634 146 1 1 1
1111 147 3 3 9
833 148 10 15 60
1023 149 1 2 2
1059 148 3 4 9
623 151 6 10 50
891 153 2 3 6
1226 154 9 24 117
1551 154 8 8 40
832 157 162 157 11556
920 156 1 1 1
845 158 9 10 40
883 158 2 5 6
1036 164 11 22 138
551 166 17 33 249
980 168 3 3 6
644 170 8 18 123
1109 173 11 6 47
1297 173 4 6 18
830 176 7 19 96
1336 176 7 7 34
780 179 3 4 10
1137 178 5 4 14
691 181 5 12 39
818 183 2 3 5
1160 185 2 3 5
1426 185 6 7 29
1496 185 6 7 26
1548 187 9 11 63
1053 192 4 6 11
579 199 6 7 27
723 200 2 6 11
945 203 2 1 2
1144 203 8 25 120
811 206 6 13 38
1035 207 4 5 16
1340 207 7 15 65
676 210 7 23 122
1009 213 3 6 13
695 214 2 3 4
1075 216 6 8 28
1375 216 5 3 11
628 218 45 59 798
725 218 5 6 26
1168 219 8 14 88
1306 218 6 7 34
1052 220 5 9 31
1374 221 22 32 198
716 224 3 8 23
817 225 3 3 6
1006 225 1 1 1
1018 224 3 4 7
1419 224 18 11 63
731 227 3 7 18
1258 226 11 18 96
1314 227 1 1 1
601 230 23 17 167
792 230 1 1 1
709 234 3 4 8
1112 235 4 6 15
770 236 3 5 13
1128 237 3 2 5
1469 237 5 6 23
727 238 3 6 12
749 239 3 5 13
816 239 7 9 37
686 242 3 4 7
539 244 8 15 95
1254 245 7 10 53
583 248 7 10 55
720 253 2 5 9
732 253 1 1 1
1222 255 1 1 1
516 256 6 10 53
561 259 5 5 20
697 258 2 1 2
699 260 1 2 2
602 262 11 20 104
724 263 18 19 201
1167 265 6 7 34
1302 265 5 6 22
528 266 5 4 13
1106 267 4 5 14
705 268 12 15 69
1136 269 8 18 75
675 270 6 11 59
753 270 5 10 44
780 274 2 3 5
1381 275 7 8 37
791 276 3 5 14
1158 279 7 13 66
696 283 6 11 25
769 282 3 4 8
831 282 3 11 21
1109 283 4 8 24
1590 282 1 1 1
637 285 9 20 127
1393 285 17 9 58
1067 286 15 6 51
786 288 1 2 2
1347 288 1 1 1
987 292 1 1 1
1298 294 5 7 25
1504 295 6 5 20
960 296 4 8 19
1205 296 6 11 46
732 301 16 17 99
1261 301 6 8 36
616 303 1 1 1
715 304 2 5 7
771 304 3 7 20
1451 305 6 8 31
675 307 1 1 1
873 306 1 3 3
532 309 5 5 16
559 309 11 9 67
902 308 1 6 6
973 308 3 8 20
1063 311 3 4 7
612 313 5 10 40
924 313 5 6 21
781 314 2 5 9
863 315 1 2 2
1202 315 5 9 25
1135 317 7 10 48
1320 317 6 9 32
763 320 2 5 10
788 320 2 3 5
812 321 2 2 3
1425 321 5 6 20
1374 322 6 9 38
745 324 1 6 6
907 325 4 8 24
698 326 2 1 2
1282 328 6 9 33
1351 328 5 11 45
147 330 17 11 58
548 331 1 1 1
831 330 3 3 6
869 330 1 2 2
887 330 12 7 46
949 331 3 10 21
1234 331 2 4 6
1247 333 5 6 24
606 335 4 4 14
1193 336 18 15 120
674 339 7 11 53
847 338 2 2 4
984 338 1 1 1
1138 339 7 9 42
636 341 5 7 31
763 341 1 1 1
869 340 5 10 41
934 341 2 4 5
617 342 4 3 10
755 342 5 8 20
769 342 9 15 36
1245 343 1 1 1
783 345 1 1 1
897 344 2 6 12
989 345 1 1 1
1368 344 6 9 38
603 348 10 13 80
630 348 5 6 24
738 349 6 14 50
1270 348 13 8 60
1054 351 3 7 18
1156 350 1 1 1
1179 351 1 1 1
557 353 3 3 9
705 352 5 13 51
1178 354 1 1 1
761 359 1 2 2
980 359 4 5 16
1230 358 6 10 40
829 360 2 3 5
1359 360 6 6 31
1437 362 1 1 1
770 365 1 2 2
816 366 4 8 17
832 367 13 14 82
1152 366 6 7 33
549 369 11 24 141
882 369 4 9 31
969 369 25 57 380
650 370 5 8 34
632 372 1 1 1
626 375 18 22 206
743 374 2 5 8
822 374 1 1 1
1115 376 16 13 73
713 379 2 1 2
769 379 1 4 4
1046 379 3 5 12
590 380 15 9 48
779 380 135 72 3776
1028 380 3 4 9
770 386 1 2 2
506 390 11 13 82
937 390 7 25 67
707 393 8 5 29
907 393 10 7 37
1050 392 3 5 9
1302 392 4 7 20
1389 393 3 2 6
1162 397 3 3 6
1331 396 5 12 34
648 398 5 4 13
749 398 1 1 1
769 399 10 10 91
559 401 5 8 30
694 402 3 2 4
1184 402 4 4 12
1320 402 2 1 2
733 405 1 1 1
1291 405 5 5 17
1509 404 1 1 1
718 410 2 2 4
972 410 1 9 9
1253 410 6 9 20
546 412 3 1 3
639 413 5 8 37
1017 412 7 20 107
605 416 6 8 32
924 416 2 7 12
1095 417 3 5 13
724 419 15 18 113
1194 419 4 5 16
582 420 16 21 122
757 420 1 2 2
1270 421 1 1 1
688 422 1 1 1
748 422 2 2 3
1167 427 3 5 13
936 429 2 6 11
539 431 4 2 6
967 431 1 1 1
667 433 5 8 29
743 433 1 2 2
973 433 1 4 4
1303 435 5 15 49
1150 436 2 2 3
1240 436 4 5 14
1259 436 6 9 38
1409 436 1 2 2
532 439 4 4 14
563 439 12 15 110
984 439 4 12 21
680 441 3 3 8
770 440 2 4 8
698 443 1 3 3
737 443 1 1 1
896 442 4 17 53
1087 443 6 9 24
1002 445 3 5 10
1129 444 1 1 1
1174 444 4 10 28
766 447 1 1 1
537 449 4 3 7
1069 450 5 7 26
513 453 3 2 3
745 453 1 3 3
1030 452 2 2 3
641 454 2 3 6
826 455 2 7 10
681 456 1 2 2
880 456 2 5 8
1599 457 1 1 1
657 459 26 18 178
752 458 10 8 78
795 458 1 1 1
1663 459 2 1 2
1329 461 1 1 1
792 462 1 2 2
844 462 1 1 1
960 463 2 4 7
980 463 4 19 34
993 462 5 18 51
1265 463 3 3 9
574 465 4 7 26
706 465 4 6 22
1081 465 5 5 15
636 467 6 14 58
748 466 1 1 1
729 468 1 1 1
1038 468 5 15 30
542 470 5 10 41
921 471 3 6 11
1054 471 2 4 5
598 472 15 12 92
877 472 19 6 51
1263 472 1 1 1
145 475 1 1 1
584 475 14 17 67
725 475 1 2 2
1105 475 1 1 1
760 477 2 4 5
1367 476 1 1 1
1019 478 3 3 8
1242 479 5 5 15
707 480 3 12 17
1159 480 3 8 18
809 482 1 1 1
832 483 1 2 2
1075 483 3 6 16
652 484 6 17 33
1037 484 1 1 1
1318 485 4 5 12
921 486 1 1 1
1036 486 1 1 1
521 488 1 1 1
575 488 1 1 1
810 489 1 1 1
1031 488 5 1 5
1174 488 1 1 1
616 491 6 18 72
685 491 2 3 5
727 491 3 7 13
1229 491 2 1 2
784 493 2 6 7
508 494 2 2 2
1086 494 3 5 12
1420 494 1 1 1
896 497 1 3 3
754 499 1 2 2
885 498 1 1 1
1014 498 12 20 138
599 500 7 13 62
906 500 2 3 5
675 502 3 3 9
840 502 1 3 3
435 504 5 5 17
920 505 2 4 6
1266 505 1 1 1
962 507 6 6 18
1169 506 5 11 25
638 508 25 28 323
874 510 2 5 8
623 513 1 2 2
1258 513 4 6 16
1630 515 3 1 3
1662 515 2 1 2
1418 516 1 2 2
1087 518 3 6 17
794 521 1 4 4
1234 521 1 1 1
1315 520 1 1 1
834 522 4 7 20
813 525 2 3 5
725 527 44 30 208
940 526 2 3 5
1290 527 4 3 7
1029 528 3 5 9
1138 528 3 1 3
561 531 3 5 14
703 530 1 4 4
719 531 1 2 2
780 531 1 2 2
1285 530 2 2 4
1313 531 2 2 3
1473 531 3 2 5
1621 530 1 1 1
1141 532 4 21 51
1583 532 2 2 3
1700 532 7 4 7
1004 536 27 81 1044
630 539 3 1 3
708 539 5 14 45
656 541 1 2 2
813 540 1 3 3
939 541 2 6 10
1044 540 46 81 688
1189 541 3 3 7
1257 540 1 1 1
574 543 4 4 13
1317 543 3 5 11
327 544 3 2 4
691 545 5 10 38
1386 544 1 1 1
776 547 1 1 1
913 547 6 9 20
1411 547 13 2 14
672 548 2 2 3
906 548 2 2 4
801 551 1 1 1
869 550 3 5 7
782 553 2 3 5
971 553 5 4 18
1146 553 5 10 36
238 555 1 1 1
1608 555 2 2 4
539 556 1 1 1
592 557 5 16 70
677 557 1 1 1
926 557 7 8 28
1165 556 2 4 7
1337 556 2 3 4
560 559 5 5 16
807 559 1 1 1
982 558 1 1 1
1208 559 2 1 2
1340 559 1 2 2
1406 559 1 1 1
695 560 1 2 2
731 560 2 2 3
856 561 1 2 2
875 561 2 5 10
1352 560 2 1 2
245 562 1 1 1
1078 563 2 3 5
1647 562 1 1 1
996 565 3 3 8
520 566 2 1 2
544 566 1 1 1
759 566 1 1 1
785 566 11 18 99
825 566 4 7 20
370 568 3 1 3
850 569 6 10 35
904 569 1 3 3
981 568 1 1 1
255 570 1 2 2
631 571 1 1 1
704 571 5 5 19
739 571 2 1 2
774 570 2 5 9
800 570 70 98 987
917 571 1 1 1
1107 571 4 5 14
1171 571 2 2 4
531 572 3 6 10
915 572 1 1 1
1218 572 3 3 8
516 574 4 5 19
922 574 58 71 1093
1225 575 3 8 13
1244 574 20 5 54
1294 575 3 3 9
590 577 1 2 2
1573 577 4 2 6
253 578 1 1 1
714 579 454 266 28219
886 578 4 10 20
823 581 1 5 5
379 583 1 1 1
309 585 3 3 6
551 584 4 6 15
1315 584 1 1 1
1389 584 3 2 6
1829 585 4 3 6
1144 587 2 2 3
1755 586 1 1 1
834 588 3 2 5
1168 589 2 2 4
650 591 1 1 1
1108 591 4 5 14
1268 590 3 7 11
1484 591 1 1 1
1663 590 1 1 1
146 592 1 1 1
267 593 2 2 2
306 592 1 1 1
541 592 1 1 1
624 592 11 14 68
606 595 3 3 9
654 594 4 11 25
853 595 2 6 9
1130 595 14 14 75
1285 595 1 1 1
1497 594 6 14 55
595 597 2 2 4
1001 596 2 3 4
609 599 1 1 1
898 598 1 4 4
579 601 5 7 29
988 600 2 2 2
1232 601 4 6 16
34 603 1 1 1
338 602 1 1 1
371 602 1 1 1
675 602 2 2 3
299 605 3 3 3
794 604 1 4 4
887 605 2 2 3
408 606 5 4 12
659 607 1 1 1
830 607 1 3 3
1052 607 1 2 2
434 608 1 1 1
900 609 3 6 15
1127 609 1 1 1
314 610 4 4 9
366 610 1 1 1
401 610 1 1 1
630 610 1 1 1
868 610 1 1 1
1333 610 1 1 1
563 613 1 1 1
591 612 2 4 7
1314 612 3 2 4
1671 613 2 3 4
1109 614 1 1 1
1352 614 1 1 1
1397 615 1 1 1
496 617 1 2 2
671 616 1 1 1
1011 617 1 1 1
1062 617 20 32 145
1211 616 3 4 12
1256 616 3 7 10
1475 616 2 1 2
525 619 3 3 8
558 618 4 3 10
886 619 1 1 1
1007 618 1 1 1
1280 618 4 6 14
1514 622 1 2 2
1503 625 1 1 1
286 626 1 1 1
512 626 4 4 10
644 626 1 2 2
809 627 2 2 4
849 626 2 2 4
1139 627 2 1 2
1219 627 3 3 6
1419 626 1 1 1
1451 626 1 1 1
1479 626 2 1 2
619 628 2 3 4
643 629 1 1 1
862 628 2 6 11
896 629 11 6 47
579 630 4 5 17
1000 630 11 12 50
1471 630 2 2 4
1663 630 2 1 2
1057 633 2 1 2
1199 632 1 1 1
972 635 2 3 5
1093 635 1 2 2
1365 635 2 2 3
690 637 1 1 1
869 636 1 1 1
927 637 65 39 591
1325 637 1 1 1
814 640 2 4 4
584 643 2 2 4
788 643 1 1 1
856 642 1 2 2
1014 643 14 38 169
1521 643 2 1 2
694 645 4 7 19
1047 645 7 10 46
1230 644 3 3 4
1607 645 3 1 3
916 646 1 1 1
1176 646 4 1 4
1339 646 1 1 1
1462 646 1 1 1
566 649 7 9 31
641 648 13 16 86
1478 649 2 1 2
1062 650 1 1 1
1206 651 3 9 19
1320 651 5 10 14
1380 650 1 1 1
177 652 1 1 1
515 652 1 2 2
585 653 22 13 138
660 652 1 1 1
1418 652 1 1 1
1119 655 3 4 9
680 656 3 3 8
829 657 3 3 4
1071 657 32 35 712
1146 656 11 5 26
1267 656 1 1 1
1389 657 11 2 13
1572 657 2 1 2
799 659 1 1 1
879 659 38 26 292
1076 659 1 1 1
1527 659 1 1 1
1176 660 2 2 2
1257 661 3 4 7
629 662 1 1 1
990 663 2 6 7
1002 663 2 4 7
1059 663 11 10 45
1458 663 1 1 1
527 664 3 3 7
806 664 21 6 93
561 667 2 2 3
780 667 2 2 4
1131 666 2 1 2
547 668 2 2 3
606 669 1 1 1
677 669 2 1 2
1044 669 1 1 1
1828 669 1 1 1
564 671 3 4 11
798 671 1 1 1
1198 671 1 1 1
1140 672 2 1 2
1208 672 2 2 3
1532 673 1 1 1
1292 674 4 3 9
1721 675 2 1 2
827 677 17 14 98
861 676 1 1 1
1274 676 1 3 3
162 678 1 1 1
712 679 1 1 1
931 678 41 13 136
1037 679 1 1 1
1404 678 1 1 1
1566 679 1 1 1
795 681 11 9 71
996 681 11 28 116
617 682 2 5 8
1297 683 1 1 1
1456 683 3 2 4
1520 682 1 1 1
506 684 1 1 1
1321 684 7 8 20
447 686 4 5 13
573 686 8 4 18
1194 687 2 3 4
1521 686 12 4 18
1675 687 1 1 1
516 688 4 5 18
533 688 3 3 9
605 688 4 10 23
780 688 2 3 6
1143 689 1 1 1
1418 689 1 1 1
1486 689 1 2 2
1585 689 3 1 3
656 690 4 9 27
925 691 1 1 1
1206 690 2 2 3
1351 691 1 1 1
1644 691 2 2 3
710 693 1 1 1
785 692 2 11 21
818 692 1 1 1
1151 693 1 1 1
564 694 3 5 10
810 694 1 1 1
1201 695 3 4 8
984 696 1 2 2
859 699 1 1 1
936 698 6 2 7
1239 699 1 1 1
212 701 4 3 5
575 701 4 6 10
1658 701 1 1 1
1761 701 1 1 1
639 703 1 2 2
1102 703 2 3 6
1140 703 2 2 3
882 705 2 3 4
1431 704 10 6 19
683 707 1 3 3
959 706 2 3 6
1270 706 1 1 1
1715 707 1 2 2
893 708 3 2 5
462 710 3 3 6
785 713 23 45 344
868 713 1 3 3
898 713 1 1 1
1164 712 3 3 8
559 715 3 2 5
971 714 1 1 1
1145 715 2 1 2
18 717 2 3 3
940 716 26 14 135
554 719 3 5 13
681 718 1 1 1
1005 718 11 6 17
705 720 1 1 1
911 720 2 2 2
1190 720 2 3 5
339 722 2 1 2
690 722 1 1 1
920 723 7 6 20
1647 722 3 2 3
843 724 1 1 1
888 724 1 3 3
1146 725 2 2 2
1561 724 3 2 4
518 727 1 6 6
999 726 2 3 4
1239 726 2 1 2
1454 727 2 2 2
1664 727 2 2 4
699 728 1 1 1
880 728 1 4 4
1182 729 3 2 5
544 731 1 1 1
866 730 1 3 3
1432 731 7 2 8
540 732 1 1 1
904 732 1 1 1
1169 733 2 2 4
1355 733 1 1 1
238 735 1 1 1
622 735 2 2 4
939 735 1 2 2
513 736 4 5 15
1536 737 2 3 5
642 739 5 11 20
823 738 1 1 1
847 739 1 4 4
605 741 1 1 1
926 740 2 3 5
1178 740 2 1 2
883 743 1 3 3
1310 742 1 1 1
1483 742 2 1 2
711 747 3 3 7
772 746 3 3 7
978 747 5 11 44
1341 747 1 1 1
1709 746 3 2 3
591 748 4 3 9
1583 749 1 1 1
955 751 1 2 2
967 751 1 2 2
1177 750 1 1 1
284 753 1 1 1
468 753 4 3 8
496 752 5 3 13
649 752 3 7 20
1279 754 1 1 1
554 756 3 3 6
1439 757 1 1 1
1346 758 1 1 1
467 760 1 1 1
822 760 1 4 4
950 761 1 1 1
154 762 1 1 1
603 762 2 7 12
675 763 3 3 7
1487 762 1 2 2
355 764 1 1 1
408 764 1 1 1
821 765 1 2 2
1187 764 2 1 2
1248 765 4 3 10
1541 764 1 1 1
669 767 1 2 2
1190 766 7 5 24
1664 766 2 1 2
485 771 4 8 20
1426 770 1 1 1
1171 773 2 1 2
1752 773 3 1 3
1382 777 1 2 2
1698 776 2 2 3
382 779 1 1 1
613 778 1 1 1
659 778 1 1 1
1547 779 4 3 5
592 781 12 8 32
717 781 1 1 1
1381 780 1 1 1
572 783 6 7 20
692 783 1 2 2
1204 782 1 1 1
1767 783 2 2 3
523 785 4 5 16
338 786 1 1 1
546 789 3 4 10
1240 789 4 2 6
1398 789 3 4 4
1430 790 3 4 7
259 796 1 2 2
269 796 1 1 1
462 796 1 2 2
545 797 1 1 1
565 797 1 2 2
1134 796 4 8 12
1290 797 1 1 1
1410 796 1 3 3
1457 797 2 1 2
1751 797 1 1 1
1169 798 2 1 2
1289 799 1 5 5
1631 798 1 1 1
421 801 1 1 1
656 800 1 1 1
1102 800 2 3 5
1350 801 3 3 5
577 802 2 6 7
125 805 4 5 12
1376 805 4 3 6
1708 804 1 1 1
400 806 2 3 6
501 806 2 2 2
652 806 1 1 1
667 806 1 3 3
1832 806 1 1 1
670 809 2 3 6
221 810 2 3 5
558 810 5 9 29
1002 811 2 3 5
586 813 3 3 9
536 814 4 5 14
1138 814 3 3 6
1486 814 4 3 8
732 817 1 1 1
1826 816 2 1 2
475 819 4 5 13
1111 818 1 1 1
1126 821 2 2 3
297 822 3 3 8
461 824 1 1 1
723 824 2 2 3
1108 824 7 8 21
1378 824 2 1 2
449 826 1 1 1
529 826 13 11 40
644 826 1 1 1
728 827 10 9 33
1288 827 2 2 2
1530 826 2 1 2
673 828 1 2 2
1036 829 1 4 4
543 830 3 4 10
601 830 3 4 10
704 831 1 1 1
693 832 2 2 3
997 833 1 2 2
1106 833 2 2 2
1684 833 4 3 7
146 838 1 1 1
222 839 2 1 2
388 838 3 2 4
551 838 1 1 1
720 839 2 2 4
1065 841 1 2 2
1105 841 1 1 1
1144 841 1 1 1
1245 841 2 1 2
1638 840 2 1 2
28 843 2 1 2
460 843 2 3 5
510 842 1 1 1
545 843 1 2 2
667 843 1 2 2
905 843 1 2 2
932 842 3 3 5
992 842 1 2 2
1494 842 4 3 7
314 845 1 2 2
556 844 1 2 2
656 844 1 1 1
677 845 9 2 17
871 844 1 1 1
958 844 3 10 13
1094 845 1 2 2
1465 844 1 1 1
359 847 1 1 1
974 847 1 1 1
1308 846 1 1 1
1800 846 1 1 1
603 848 1 1 1
1330 848 1 2 2
171 850 1 1 1
538 851 1 1 1
383 853 1 1 1
537 853 1 2 2
770 853 1 1 1
870 853 1 1 1
1177 852 1 1 1
1666 852 3 4 9
637 855 1 1 1
1278 855 1 1 1
529 857 2 3 4
709 856 1 1 1
904 857 2 3 4
1348 857 1 1 1
1641 857 1 2 2
1686 856 1 2 2
986 858 1 2 2
1085 859 2 2 3
1315 859 3 2 4
1448 858 2 1 2
1615 859 1 2 2
809 861 1 1 1
1062 860 4 6 15
564 863 1 1 1
567 862 1 1 1
922 862 1 1 1
485 865 2 2 4
657 865 5 5 14
279 866 1 1 1
388 867 1 1 1
461 867 3 6 8
615 867 1 1 1
1073 866 4 3 6
1299 867 1 1 1
347 869 2 1 2
631 868 1 1 1
645 869 2 2 4
26 871 1 1 1
416 870 1 1 1
872 871 1 3 3
1507 871 1 1 1
1014 872 1 6 6
1200 873 2 2 3
454 874 2 2 3
552 875 1 1 1
568 874 1 1 1
675 874 1 1 1
1105 874 1 1 1
632 877 1 1 1
956 876 3 4 11
1170 877 2 2 2
338 879 1 2 2
472 878 1 1 1
819 878 1 1 1
878 878 1 2 2
1669 878 3 3 4
724 881 1 1 1
911 880 1 2 2
952 880 1 2 2
968 881 1 3 3
480 883 1 1 1
525 883 3 3 6
984 883 2 2 2
1467 883 2 2 4
616 884 8 6 18
995 885 1 2 2
1109 884 2 3 5
700 887 1 1 1
720 886 1 2 2
924 887 1 1 1
537 888 2 3 6
560 888 3 2 4
591 889 1 3 3
792 888 1 2 2
1093 888 1 2 2
1133 888 1 1 1
675 890 2 1 2
867 891 1 3 3
1004 890 3 5 9
1087 891 2 2 3
1399 891 2 5 6
1408 890 1 1 1
642 893 2 2 3
711 892 2 2 3
950 893 1 1 1
1380 892 1 1 1
1521 892 4 4 13
234 894 1 1 1
401 894 2 2 3
627 895 1 1 1
745 895 1 3 3
596 896 1 1 1
865 896 1 3 3
1081 896 1 2 2
519 898 2 2 3
932 898 2 2 3
980 898 1 3 3
995 898 1 1 1
1063 899 1 1 1
578 901 3 3 5
664 900 1 1 1
742 900 1 3 3
887 900 1 2 2
985 901 1 1 1
1022 901 2 3 4
1033 901 1 1 1
1064 901 1 2 2
1151 901 1 1 1
359 903 1 1 1
476 903 5 4 13
863 903 2 5 6
877 902 1 1 1
1215 902 1 1 1
551 905 1 9 9
565 904 1 1 1
597 905 2 2 2
650 904 1 1 1
964 904 1 3 3
1244 905 1 1 1
1535 906 1 1 1
221 908 1 1 1
387 908 1 1 1
461 908 1 1 1
1514 909 2 1 2
450 911 1 1 1
835 910 1 10 10
883 911 1 1 1
983 911 1 1 1
165 912 3 2 3
795 912 5 3 7
1137 912 1 1 1
1697 912 1 1 1
1069 915 2 4 6
1081 914 1 1 1
1149 914 3 2 5
525 917 1 1 1
552 916 2 3 6
634 916 1 1 1
1086 917 1 3 3
1420 916 2 1 2
1581 919 2 2 3
360 921 2 2 2
495 920 5 2 10
632 921 1 1 1
758 920 1 2 2
547 923 3 5 14
579 923 1 1 1
1183 922 1 2 2
453 924 1 1 1
593 925 6 12 31
869 925 4 9 24
1040 924 1 1 1
451 926 1 1 1
707 926 1 1 1
755 927 1 2 2
765 926 1 1 1
1645 927 1 1 1
1804 927 5 1 5
437 928 1 1 1
955 929 1 1 1
1085 928 1 1 1
1170 929 1 1 1
1071 930 2 12 12
337 932 1 1 1
497 933 3 3 7
644 933 1 1 1
1008 932 1 3 3
531 934 11 3 14
716 934 1 1 1
828 935 1 1 1
620 936 1 1 1
988 937 1 1 1
1051 937 1 1 1
1159 936 1 1 1
1233 937 1 1 1
904 938 2 3 6
929 939 1 1 1
999 939 1 1 1
1693 939 1 1 1
713 940 1 9 9
494 942 1 1 1
560 942 1 2 2
868 943 1 1 1
1066 942 1 1 1
1517 942 1 1 1
898 944 3 10 14
1355 945 1 1 1
1431 944 1 1 1
55 947 1 1 1
57 946 1 1 1
203 946 1 2 2
745 948 1 2 2
825 948 1 1 1
1142 949 1 1 1
1400 948 1 1 1
987 950 1 1 1
1059 950 1 1 1
363 953 1 1 1
978 952 5 7 21
142 954 1 1 1
221 956 2 2 2
515 957 2 2 4
838 956 1 1 1
847 957 3 11 14
1101 956 1 1 1
1013 958 1 1 1
1037 959 1 1 1
1085 959 1 1 1
1663 959 6 4 8
399 961 1 1 1
427 960 1 1 1
487 961 1 1 1
537 960 1 2 2
694 960 1 2 2
989 960 1 2 2
1036 961 1 1 1
798 963 1 1 1
862 962 1 1 1
1391 962 1 1 1
1752 962 1 1 1
35 964 1 1 1
432 964 1 1 1
490 964 1 1 1
522 964 8 6 21
634 965 2 2 3
885 964 1 2 2
1053 965 1 1 1
1293 964 1 1 1
1309 965 1 1 1
28 966 1 1 1
350 967 1 1 1
750 967 3 2 4
887 966 1 1 1
919 967 1 1 1
1007 967 1 4 4
1776 967 1 1 1
510 969 1 1 1
700 968 1 3 3
797 969 1 1 1
949 969 1 3 3
965 969 1 1 1
1085 969 1 1 1
435 970 3 2 6
1001 971 1 2 2
1302 970 1 1 1
1720 971 1 1 1
926 973 1 2 2
1077 972 1 1 1
1166 972 1 2 2
1194 975 2 2 3
459 977 3 2 5
475 977 1 1 1
477 976 1 1 1
622 976 2 3 6
967 977 1 1 1
1014 976 1 2 2
1055 976 1 1 1
547 978 5 3 9
1048 978 1 2 2
1702 978 1 1 1
514 981 1 2 2
761 981 1 1 1
856 980 7 7 29
973 981 1 2 2
1562 981 1 1 1
473 983 2 2 3
504 982 2 3 4
530 982 1 1 1
873 982 1 1 1
1404 983 2 1 2
250 986 1 1 1
485 987 1 1 1
616 987 1 1 1
637 987 1 1 1
278 989 1 1 1
360 988 3 3 7
681 988 4 6 13
715 988 1 1 1
917 988 1 3 3
927 988 1 1 1
1190 988 1 1 1
553 991 1 1 1
1112 990 2 2 3
1157 991 2 3 5
1220 990 1 1 1
619 993 1 1 1
870 992 1 1 1
994 993 1 1 1
519 995 8 5 15
558 994 2 3 6
624 995 4 6 12
775 995 1 1 1
912 994 2 2 3
924 994 1 1 1
1173 994 1 1 1
1555 994 3 3 6
297 996 1 2 2
445 996 3 3 5
1044 997 8 10 21
1575 997 8 10 34
772 998 1 1 1
992 998 1 1 1
563 1000 1 1 1
613 1000 1 1 1
978 1001 1 1 1
1062 1000 5 5 13
1144 1000 1 1 1
1168 1001 1 1 1
59 1003 9 4 16
538 1002 2 4 6
610 1002 1 2 2
691 1002 5 2 6
265 1004 2 2 3
572 1004 1 1 1
820 1005 1 1 1
1017 1005 1 1 1
1277 1004 1 1 1
415 1007 3 2 3
430 1007 3 1 3
650 1006 1 1 1
760 1006 3 1 3
981 1007 1 1 1
1193 1007 7 2 9
1463 1006 2 1 2
674 1009 1 1 1
763 1008 1 1 1
809 1008 1 2 2
1345 1008 1 1 1
493 1011 1 2 2
1234 1011 2 2 3
1426 1010 1 1 1
205 1012 1 1 1
520 1013 1 1 1
595 1013 1 1 1
929 1013 4 4 10
1069 1013 1 1 1
1700 1012 1 1 1
498 1015 1 2 2
828 1014 1 2 2
848 1015 1 1 1
1062 1015 1 2 2
317 1016 14 10 37
371 1017 2 2 4
611 1017 2 2 2
700 1017 4 4 15
973 1017 2 7 8
635 1018 1 2 2
855 1019 1 1 1
1181 1018 1 1 1
1768 1018 1 1 1
503 1020 1 2 2
606 1021 1 1 1
765 1020 1 1 1
1079 1021 1 1 1
1275 1021 1 1 1
1641 1020 3 10 12
410 1022 1 1 1
530 1023 7 10 21
624 1023 3 2 3
685 1022 9 2 12
868 1022 2 3 6
1046 1022 5 4 8
1266 1022 1 1 1
1277 1023 1 2 2
1355 1023 1 1 1
439 1024 1 1 1
483 1024 4 4 10
930 1025 1 1 1
968 1025 2 1 2
1021 1024 1 1 1
1148 1025 1 2 2
1192 1025 1 1 1
1234 1025 1 1 1
1290 1024 4 2 6
1424 1025 1 1 1
1696 1025 2 4 5
646 1027 1 1 1
657 1026 1 2 2
1043 1026 1 3 3
1164 1027 1 1 1
1179 1026 1 2 2
160 1029 1 1 1
370 1028 2 2 4
569 1029 1 3 3
764 1029 1 1 1
1767 1029 5 5 13
558 1030 3 3 5
870 1030 1 2 2
996 1031 1 1 1
1701 1031 2 4 5
377 1032 3 3 8
466 1032 1 1 1
1127 1032 2 2 2
123 1035 3 2 4
396 1034 5 4 8
452 1035 1 1 1
812 1034 1 1 1
890 1035 2 3 4
1252 1034 1 1 1
1471 1035 11 10 67
230 1037 1 1 1
593 1036 1 1 1
613 1036 1 1 1
432 1038 7 5 11
596 1038 2 2 4
913 1038 2 4 7
950 1038 7 10 22
1603 1038 1 2 2
178 1041 3 3 5
572 1041 11 2 21
924 1041 9 5 16
1204 1040 1 1 1
476 1043 1 1 1
493 1042 1 1 1
767 1042 1 1 1
797 1042 1 1 1
861 1042 1 1 1
1233 1042 1 1 1
1288 1042 1 1 1
1462 1043 1 1 1
504 1045 1 1 1
867 1044 1 2 2
1005 1045 2 1 2
1391 1045 3 3 6
238 1047 1 1 1
705 1047 1 3 3
972 1046 1 1 1
1433 1047 1 2 2
1653 1046 1 1 1
530 1048 1 1 1
843 1048 1 2 2
1049 1048 1 1 1
1117 1049 1 1 1
1562 1048 3 2 4
523 1051 7 16 38
563 1051 2 3 5
618 1050 2 1 2
672 1051 2 3 4
715 1051 1 1 1
855 1051 1 2 2
949 1050 1 1 1
1344 1051 6 3 12
1603 1050 2 3 4
1629 1050 1 1 1
113 1053 1 2 2
503 1052 1 1 1
694 1052 1 1 1
1127 1053 1 3 3
1412 1052 1 1 1
1430 1053 1 1 1
314 1055 1 1 1
481 1054 1 1 1
596 1054 1 1 1
744 1054 1 2 2
768 1054 2 1 2
824 1054 1 1 1
1528 1054 3 2 4
648 1057 1 1 1
758 1057 2 2 2
881 1057 1 1 1
909 1056 1 1 1
1073 1057 9 12 25
687 1058 2 1 2
736 1058 1 1 1
699 1061 2 2 3
892 1060 1 1 1
1166 1060 2 1 2
1544 1061 1 2 2
575 1063 3 2 3
645 1063 1 1 1
1306 1062 1 1 1
495 1064 14 16 100
662 1064 1 1 1
695 1064 3 2 6
830 1064 1 1 1
995 1064 1 1 1
1031 1065 1 1 1
1557 1064 1 1 1
195 1066 1 1 1
316 1067 1 1 1
618 1067 4 4 9
668 1066 21 17 169
713 1067 1 1 1
930 1066 10 18 51
971 1066 1 1 1
553 1068 1 2 2
781 1069 7 3 18
1105 1069 1 2 2
1161 1068 1 1 1
1377 1068 1 1 1
1761 1069 1 1 1
1773 1068 1 1 1
1819 1069 8 6 31
592 1070 1 2 2
873 1070 1 1 1
1139 1070 2 3 3
1208 1071 1 1 1
1219 1070 1 8 8
1633 1070 2 1 2
646 1073 1 1 1
987 1072 1 1 1
1045 1073 2 1 2
1635 1072 1 1 1
298 1075 3 3 5
536 1074 13 9 29
548 1075 19 24 127
727 1075 1 1 1
795 1075 8 4 16
844 1075 1 3 3
1009 1075 1 1 1
1051 1075 2 1 2
1441 1075 1 2 2
410 1077 1 1 1
582 1076 1 2 2
722 1076 1 2 2
753 1077 1 1 1
1029 1076 1 1 1
285 1079 13 7 29
514 1079 3 2 4
652 1079 1 1 1
762 1078 1 1 1
777 1079 2 1 2
849 1078 1 3 3
1124 1078 1 1 1
1227 1078 2 3 4
250 1080 3 2 5
378 1081 1 1 1
1561 1081 1 1 1
331 1083 1 1 1
362 1083 1 1 1
663 1083 4 8 21
738 1083 11 4 22
910 1083 2 1 2
1095 1082 1 1 1
1155 1082 1 1 1
1256 1082 2 3 5
384 1085 1 1 1
646 1085 3 3 5
1098 1085 1 1 1
1235 1084 1 1 1
1310 1085 1 1 1
1333 1085 3 2 4
190 1087 1 1 1
625 1086 1 1 1
707 1087 20 26 157
779 1087 1 1 1
894 1087 7 1 7
1106 1086 6 9 29
1474 1086 1 1 1
491 1089 1 1 1
586 1089 1 1 1
610 1089 1 2 2
638 1088 1 1 1
649 1089 1 2 2
750 1088 1 1 1
753 1089 1 1 1
1162 1088 1 1 1
1641 1088 5 3 9
1670 1089 1 2 2
350 1091 5 5 16
393 1090 1 1 1
437 1091 1 1 1
690 1091 2 2 4
733 1090 1 1 1
771 1091 1 1 1
822 1091 1 1 1
979 1090 1 1 1
1031 1090 1 1 1
1050 1091 5 2 8
1260 1090 3 3 6
181 1092 1 1 1
650 1092 1 1 1
877 1092 1 1 1
1732 1093 4 2 5
382 1095 1 1 1
686 1094 1 1 1
697 1094 1 1 1
786 1097 1 1 1
869 1097 5 4 12
967 1097 11 12 54
1042 1097 1 1 1
1120 1097 1 1 1
1407 1097 2 1 2
367 1098 2 1 2
595 1098 1 1 1
902 1098 1 1 1
912 1098 1 1 1
1710 1099 1 1 1
538 1100 1 1 1
571 1100 1 1 1
812 1101 1 2 2
1136 1101 1 1 1
1188 1100 1 1 1
1258 1101 1 2 2
1278 1100 1 1 1
1358 1101 3 2 3
252 1102 1 1 1
386 1103 14 13 78
449 1103 1 1 1
534 1103 23 23 178
570 1103 1 1 1
624 1103 1 1 1
751 1103 1 1 1
763 1102 1 1 1
1326 1103 1 1 1
1590 1102 1 1 1
1620 1102 3 2 5
26 1104 1 1 1
569 1105 1 2 2
619 1104 1 3 3
734 1104 1 1 1
773 1105 1 1 1
1039 1104 1 1 1
1418 1105 1 1 1
420 1106 6 5 11
768 1106 1 1 1
1123 1106 1 1 1
1403 1107 5 4 12
64 1109 2 5 5
531 1108 1 2 2
1144 1109 1 1 1
311 1110 7 5 14
362 1111 5 2 7
497 1110 1 2 2
509 1111 8 6 13
635 1110 17 31 170
696 1111 1 1 1
889 1110 1 1 1
902 1110 2 1 2
960 1110 1 1 1
1497 1111 1 1 1
527 1112 1 1 1
615 1113 1 1 1
739 1113 5 2 6
778 1112 1 2 2
826 1112 1 1 1
860 1113 1 1 1
1046 1112 1 1 1
1088 1112 1 1 1
1174 1113 1 1 1
1329 1112 1 1 1
1358 1113 1 1 1
264 1114 1 2 2
451 1115 2 3 5
1181 1114 3 9 12
662 1117 1 2 2
862 1116 1 1 1
938 1116 1 1 1
1018 1116 1 1 1
1057 1117 1 1 1
1093 1116 5 2 6
309 1119 1 1 1
612 1119 1 2 2
673 1118 1 1 1
735 1118 1 2 2
836 1119 2 4 5
920 1119 1 1 1
1155 1119 1 1 1
782 1120 1 1 1
1076 1120 1 1 1
1083 1121 1 1 1
1198 1121 2 2 3
1224 1120 1 1 1
1384 1120 1 1 1
1542 1121 1 1 1
52 1122 2 3 4
423 1123 3 3 7
718 1123 1 1 1
831 1123 1 1 1
465 1124 1 1 1
678 1125 3 9 20
711 1124 4 5 8
738 1125 1 1 1
755 1124 1 1 1
774 1124 1 1 1
814 1124 1 3 3
919 1125 1 1 1
966 1125 1 1 1
1030 1125 1 2 2
161 1127 6 8 26
316 1126 6 6 22
391 1127 1 1 1
588 1127 1 2 2
630 1126 1 1 1
977 1126 1 1 1
1056 1127 1 1 1
1146 1127 1 1 1
1176 1126 1 1 1
1321 1126 1 1 1
353 1129 2 2 3
428 1129 7 7 37
551 1128 1 1 1
791 1129 12 2 13
920 1129 4 4 16
965 1128 1 2 2
986 1129 2 1 2
1689 1128 2 2 4
1743 1129 1 1 1
1820 1129 2 2 3
563 1131 1 1 1
571 1130 1 1 1
1152 1131 1 3 3
463 1133 2 3 4
824 1133 14 4 28
892 1132 1 1 1
931 1133 1 1 1
942 1132 5 4 12
1693 1133 5 4 16
418 1135 1 1 1
503 1134 5 2 6
573 1134 2 1 2
708 1135 3 11 16
775 1135 1 1 1
877 1134 1 1 1
1099 1134 1 1 1
1154 1135 1 1 1
1269 1135 1 1 1
1292 1135 1 1 1
539 1137 1 1 1
684 1136 1 1 1
781 1137 1 1 1
855 1136 1 1 1
896 1136 2 3 6
978 1136 1 1 1
1733 1137 1 1 1
744 1138 1 1 1
783 1138 1 1 1
884 1138 2 1 2
1032 1138 2 1 2
1104 1138 1 1 1
1177 1139 1 2 2
1531 1139 1 2 2
492 1141 1 1 1
736 1141 2 2 2
902 1140 8 9 20
1172 1141 1 1 1
1293 1141 1 1 1
352 1142 8 6 23
550 1142 1 1 1
592 1143 1 1 1
1105 1142 1 1 1
1372 1142 2 2 3
1785 1143 1 1 1
1835 1143 5 1 5
218 1145 1 1 1
841 1145 1 1 1
1106 1144 7 3 12
285 1146 10 7 36
444 1147 2 2 3
513 1146 2 3 4
520 1146 9 9 27
603 1147 1 1 1
681 1147 1 1 1
712 1146 1 1 1
826 1146 1 1 1
1050 1147 1 1 1
1205 1147 1 1 1
328 1149 1 1 1
368 1149 1 3 3
480 1149 5 3 11
584 1148 1 2 2
930 1149 13 4 25
1072 1148 3 4 8
1288 1149 1 1 1
1556 1149 3 2 5
630 1151 8 5 31
677 1150 1 1 1
728 1151 1 1 1
760 1151 1 1 1
785 1150 2 1 2
831 1150 2 1 2
1025 1150 1 1 1
1138 1150 1 1 1
1442 1150 1 1 1
796 1153 1 1 1
941 1153 12 17 51
987 1152 2 1 2
1043 1153 1 1 1
1061 1153 1 1 1
1122 1152 2 2 2
1213 1153 1 1 1
1217 1152 1 1 1
316 1155 1 1 1
495 1154 9 1 9
598 1154 2 2 3
789 1154 6 5 10
845 1154 1 1 1
862 1154 2 2 3
891 1154 2 1 2
1013 1155 1 1 1
1567 1154 1 1 1
392 1157 12 6 29
556 1156 35 35 303
750 1157 1 2 2
808 1157 1 1 1
1049 1157 11 15 92
1067 1157 1 1 1
1083 1157 13 3 20
1128 1157 1 1 1
1149 1157 3 7 9
1352 1157 3 4 8
197 1158 8 24 51
558 1159 3 5 8
625 1159 1 1 1
771 1159 4 2 5
859 1158 1 1 1
1018 1158 1 2 2
1630 1159 1 1 1
1807 1159 3 3 6
473 1160 3 6 13
508 1160 1 1 1
528 1160 1 1 1
678 1160 1 1 1
726 1160 1 1 1
844 1161 1 1 1
872 1160 16 31 85
900 1160 1 1 1
902 1161 8 8 18
1027 1160 1 1 1
1101 1160 1 2 2
1701 1161 2 3 3
383 1163 1 1 1
516 1163 21 14 90
1007 1162 2 1 2
1336 1163 1 1 1
1638 1163 2 2 3
776 1165 2 2 4
807 1164 1 1 1
1072 1164 1 1 1
1193 1165 4 2 6
1210 1165 1 1 1
606 1166 1 1 1
792 1166 2 2 4
837 1166 1 1 1
921 1166 1 1 1
991 1167 1 1 1
1138 1166 1 1 1
1285 1167 1 1 1
376 1169 5 3 7
688 1169 1 2 2
736 1168 1 1 1
779 1168 1 1 1
835 1168 2 2 2
977 1169 2 3 5
1023 1169 1 1 1
1105 1168 1 1 1
1189 1168 1 2 2
1260 1168 1 1 1
135 1170 3 2 6
269 1170 1 1 1
276 1171 7 6 33
419 1170 19 17 128
505 1170 1 1 1
638 1170 1 1 1
705 1170 1 1 1
713 1171 1 1 1
739 1170 16 13 101
760 1171 1 1 1
862 1171 1 1 1
928 1171 2 1 2
1075 1170 10 11 21
1425 1170 1 2 2
395 1172 2 3 5
798 1172 1 1 1
809 1172 1 1 1
827 1172 1 2 2
854 1172 4 5 20
1044 1172 7 8 21
1157 1173 1 1 1
1412 1172 5 7 17
351 1174 6 5 17
632 1174 2 2 3
643 1175 1 1 1
699 1174 3 2 3
1003 1175 2 3 3
1017 1175 1 1 1
1034 1174 1 1 1
473 1176 1 1 1
622 1176 2 2 2
666 1177 1 2 2
773 1176 1 1 1
919 1176 6 5 17
942 1176 2 3 4
950 1177 33 51 227
1094 1176 1 1 1
1101 1177 1 1 1
1248 1177 1 2 2
1456 1177 1 1 1
668 1179 1 1 1
679 1178 16 13 83
725 1178 1 2 2
850 1178 1 1 1
896 1178 1 1 1
902 1179 2 1 2
1027 1178 1 1 1
1264 1179 7 7 21
472 1181 1 1 1
514 1181 2 10 12
774 1181 1 1 1
796 1181 1 3 3
935 1180 2 2 3
1019 1181 6 3 10
1113 1181 8 5 21
1138 1181 1 1 1
603 1182 1 1 1
801 1183 14 16 107
1162 1183 1 1 1
1457 1182 1 1 1
405 1184 2 2 3
857 1185 5 4 14
1075 1184 5 4 8
358 1186 2 1 2
583 1186 1 1 1
616 1187 1 1 1
713 1187 5 4 8
761 1186 6 13 18
980 1187 2 1 2
993 1187 1 2 2
1177 1187 1 1 1
663 1189 74 32 512
736 1189 1 1 1
769 1189 70 39 924
834 1188 1 1 1
840 1189 1 1 1
982 1189 1 1 1
1126 1188 1 1 1
1154 1189 2 1 2
1186 1188 2 3 3
248 1190 2 3 4
346 1191 2 2 2
381 1191 2 1 2
490 1191 2 2 4
545 1191 5 5 17
608 1190 1 1 1
732 1191 1 1 1
910 1191 1 2 2
1066 1190 8 6 19
1094 1190 1 2 2
1287 1191 1 1 1
270 1192 1 1 1
658 1193 4 6 17
754 1192 1 3 3
895 1193 1 1 1
938 1192 3 1 3
990 1193 2 2 4
1023 1192 4 13 18
1151 1193 1 1 1
1376 1193 1 1 1
1541 1193 3 3 6
242 1195 4 3 4
417 1195 3 2 5
481 1195 5 6 19
867 1194 2 2 4
914 1195 1 1 1
1007 1194 1 2 2
1135 1194 1 1 1
1344 1195 1 1 1
385 1196 1 1 1
446 1196 2 2 4
527 1197 1 1 1
640 1196 8 1 8
878 1196 1 1 1
1044 1197 1 1 1
1078 1197 2 1 2
1252 1196 1 2 2
1429 1196 4 4 15
372 1199 1 1 1
420 1198 1 1 1
551 1198 1 1 1
553 1199 1 2 2
871 1199 2 1 2
886 1199 14 29 87
941 1199 1 1 1
992 1199 1 1 1
1087 1199 1 1 1
1164 1199 1 2 2
1583 1198 1 1 1
1779 1198 2 2 2
515 1200 2 1 2
738 1200 1 1 1
861 1201 1 1 1
883 1200 2 2 4
918 1200 7 4 10
931 1200 1 1 1
1058 1201 2 4 5
1106 1200 1 1 1
378 1203 2 2 3
604 1202 1 1 1
639 1202 1 1 1
652 1202 1 1 1
967 1202 1 1 1
1041 1203 1 1 1
1091 1203 4 8 26
1224 1202 1 2 2
1453 1203 3 10 15
524 1204 2 1 2
860 1204 1 1 1
995 1204 8 1 8
1225 1205 2 6 7
1441 1204 1 1 1
68 1207 1 2 2
268 1207 1 1 1
486 1206 3 3 7
621 1207 1 2 2
857 1207 3 2 6
1025 1206 1 1 1
1335 1207 1 1 1
496 1209 1 1 1
838 1209 17 13 92
904 1208 1 1 1
917 1208 1 1 1
1256 1209 3 5 9
1371 1208 1 1 1
1649 1208 1 1 1
430 1211 2 3 4
461 1210 10 13 64
740 1211 1 1 1
1198 1211 1 2 2
1277 1211 2 2 3
1364 1211 5 2 9
1418 1210 1 1 1
879 1212 1 1 1
926 1213 1 1 1
330 1215 10 13 28
426 1215 1 1 1
729 1214 17 14 114
1017 1215 1 1 1
1175 1214 1 1 1
1303 1215 1 1 1
525 1216 7 7 13
581 1217 1 1 1
616 1217 1 1 1
913 1216 1 1 1
1005 1217 1 2 2
1716 1217 2 1 2
603 1218 2 2 3
635 1218 1 1 1
904 1218 8 10 17
926 1218 23 10 73
1063 1219 2 1 2
1089 1218 1 1 1
1287 1219 1 3 3
1315 1219 1 1 1
1326 1218 1 2 2
161 1220 1 1 1
560 1221 1 2 2
670 1221 9 7 39
715 1221 1 1 1
756 1221 8 7 44
993 1220 2 2 3
1091 1221 1 1 1
1209 1220 2 1 2
1342 1221 1 1 1
290 1223 5 5 9
349 1223 11 5 55
612 1223 2 5 10
683 1222 7 1 7
856 1222 13 6 74
1031 1222 1 1 1
1051 1223 1 5 5
1299 1222 1 1 1
1319 1222 3 6 13
1348 1222 2 6 6
1513 1222 1 1 1
144 1224 1 4 4
537 1224 1 4 4
575 1225 3 3 9
1008 1224 2 4 8
1021 1225 10 3 30
1117 1224 3 4 9
209 1226 2 2 4
262 1227 2 1 2
277 1226 2 2 4
625 1227 1 1 1
641 1227 9 1 9
950 1227 2 1 2
1192 1227 1 1 1
1566 1226 2 2 4
