0 0 1840 1228 2137258
160 0 55 107 408
205 0 31 8 127
385 0 15 18 219
859 0 7 3 15
1312 0 5 11 30
1466 0 22 30 434
1573 0 33 13 223
1744 6 16 15 154
949 8 5 7 26
974 8 28 53 1186
366 10 8 10 57
413 13 18 24 218
1121 15 5 8 29
541 17 9 11 76
1226 16 6 7 27
520 24 14 16 152
1024 24 9 14 93
1328 26 17 3 33
628 34 23 39 583
828 35 7 8 45
1176 35 73 105 2689
447 38 22 8 99
483 40 6 7 30
852 43 11 20 171
1259 46 1 2 2
1513 48 27 35 655
253 50 22 12 134
831 54 5 4 18
1048 55 1 1 1
997 60 13 26 242
821 65 3 3 7
1088 69 4 5 16
1303 71 6 7 34
348 72 11 13 110
1356 73 3 4 8
651 75 15 25 318
1161 77 14 15 167
847 79 48 68 1240
803 82 6 9 46
528 90 11 19 149
461 95 1 1 1
724 94 15 26 322
995 99 17 28 200
804 102 6 8 39
1834 104 6 26 106
893 107 4 7 19
794 112 7 9 49
391 114 16 11 106
984 115 88 55 2104
564 117 16 25 334
1157 118 14 15 163
530 123 8 8 46
1270 126 28 39 765
1509 128 65 117 2546
135 132 1 1 1
479 134 6 5 19
505 135 6 8 36
830 135 7 11 62
970 134 4 6 14
953 138 4 2 4
1137 139 4 6 19
1381 139 17 21 258
539 143 11 17 153
772 144 4 6 20
476 149 9 12 67
1176 151 25 43 611
825 157 5 1 5
927 157 16 21 244
1135 159 1 1 1
840 160 6 10 51
508 163 12 16 131
672 163 16 22 264
855 166 5 6 24
895 174 5 7 30
1247 175 4 4 11
382 177 14 24 213
493 176 6 4 18
1009 177 1 1 1
933 178 37 36 738
1153 193 4 4 15
1674 193 9 7 42
1244 199 7 11 44
417 202 8 7 34
1001 202 4 7 23
1693 205 72 52 1964
527 207 8 11 73
1206 211 36 34 653
605 215 1 1 1
555 216 1 1 1
692 219 6 8 24
833 218 4 4 10
545 223 10 15 118
621 223 2 1 2
495 225 1 1 1
709 227 1 1 1
807 227 4 3 7
886 226 8 12 69
719 229 1 1 1
1142 230 3 2 5
722 232 1 1 1
1071 233 4 7 21
1131 232 3 5 13
483 235 1 1 1
797 234 1 1 1
965 234 1 1 1
1013 234 7 9 42
729 237 6 7 32
967 236 3 1 3
637 238 1 1 1
357 241 11 13 77
441 240 9 9 56
832 243 15 16 98
1005 243 1 1 1
252 244 2 1 2
689 244 16 18 190
463 247 9 11 52
496 247 1 1 1
1752 246 31 34 756
417 249 1 1 1
425 248 10 8 50
597 249 1 1 1
620 248 1 1 1
589 251 1 1 1
643 250 1 1 1
483 255 18 19 113
396 256 9 9 43
968 259 6 9 46
666 261 13 19 208
1056 260 1 2 2
615 262 1 1 1
716 262 1 1 1
1290 263 10 6 38
583 264 1 1 1
852 265 3 5 9
371 266 1 1 1
1248 266 2 2 4
1409 266 35 52 1354
586 268 1 1 1
707 269 1 1 1
900 269 24 28 431
382 270 1 1 1
758 270 1 1 1
825 273 1 8 8
223 274 1 1 1
802 274 1 2 2
20 277 1 1 1
158 277 15 15 124
600 277 2 2 4
401 279 10 13 106
954 279 1 1 1
215 281 3 1 3
365 280 1 1 1
593 282 1 1 1
971 283 15 21 228
482 284 8 7 38
1248 284 12 2 23
521 286 7 12 69
776 286 1 1 1
218 288 1 1 1
744 288 1 1 1
817 291 1 1 1
1074 290 2 1 2
226 293 1 1 1
802 292 1 1 1
367 295 6 6 27
941 295 5 5 20
1152 294 6 7 28
1461 298 1 1 1
1079 300 1 1 1
1239 300 1 1 1
563 303 9 12 87
641 302 1 1 1
660 302 7 8 36
1292 302 2 1 2
507 305 1 1 1
1834 304 6 15 63
954 307 6 8 35
1095 307 3 2 4
1624 306 50 80 1562
1795 308 1 1 1
779 310 2 1 2
1711 310 26 21 392
288 312 1 1 1
557 313 1 1 1
741 312 2 1 2
1201 312 1 1 1
1205 313 2 1 2
443 314 1 1 1
746 315 5 8 27
825 315 45 32 644
942 314 5 8 35
1172 314 11 16 94
182 317 2 2 3
489 317 6 11 28
1443 317 16 15 172
1807 316 2 1 2
1111 319 1 1 1
1151 319 7 8 44
1249 319 1 1 1
1314 318 1 1 1
1575 318 1 1 1
394 320 11 7 41
429 320 2 1 2
711 320 1 1 1
760 320 6 7 33
960 320 5 4 14
1110 321 29 36 536
1809 321 2 1 2
273 323 3 1 3
576 322 1 1 1
1241 322 3 2 4
677 324 1 1 1
694 325 1 1 1
1200 326 1 1 1
679 328 2 1 2
771 329 2 1 2
1349 328 4 2 7
54 331 3 1 3
307 330 1 1 1
479 330 2 1 2
1030 330 3 2 4
1683 331 1 1 1
369 333 66 21 294
1226 332 3 2 4
802 334 1 1 1
459 337 7 5 21
553 337 9 13 100
608 336 1 1 1
1212 337 12 12 49
252 339 1 1 1
518 339 21 35 350
1028 339 1 1 1
573 340 1 1 1
682 341 1 1 1
1208 340 1 1 1
1752 340 28 25 482
636 343 4 8 11
236 345 1 1 1
971 345 3 2 6
1616 344 10 7 41
1176 347 2 1 2
603 349 1 1 1
941 349 1 1 1
982 348 1 1 1
1372 349 1 1 1
1458 348 2 1 2
583 350 13 17 182
789 351 4 3 9
867 351 16 43 554
481 352 1 1 1
775 352 1 1 1
843 353 6 7 37
929 352 6 9 44
1217 353 1 1 1
663 355 14 18 195
751 354 1 1 1
794 356 1 1 1
808 357 17 18 129
1044 357 1 1 1
290 358 1 1 1
445 358 9 6 18
1043 359 1 1 1
718 360 2 1 2
944 360 1 1 1
1055 361 38 42 991
1583 360 10 10 63
744 362 6 7 32
627 365 2 2 3
690 364 22 25 211
1192 364 1 1 1
430 366 2 1 2
454 366 1 1 1
500 366 5 4 11
960 366 6 4 19
1230 366 3 8 11
652 368 2 2 3
723 369 1 1 1
1150 369 32 57 762
1515 368 1 1 1
1553 369 1 2 2
259 370 1 1 1
1486 370 5 2 8
900 372 28 42 602
489 375 6 6 32
848 374 9 15 93
689 376 1 4 4
792 376 17 21 233
1334 376 1 1 1
1190 379 2 1 2
418 381 5 6 24
546 381 7 5 15
590 381 1 1 1
594 381 13 20 203
962 381 15 19 210
1280 381 1 1 1
1507 381 1 2 2
561 383 13 10 31
623 383 1 1 1
1016 383 1 1 1
1534 382 1 1 1
523 385 1 1 1
1232 384 12 12 43
818 387 3 5 12
6 388 1 1 1
528 388 1 1 1
542 389 4 2 7
655 389 1 1 1
686 389 10 10 33
1314 389 2 1 2
292 390 1 1 1
757 391 3 1 3
659 393 17 17 183
1347 393 1 1 1
22 395 15 12 116
771 395 1 1 1
382 397 2 4 5
411 397 1 1 1
625 396 1 1 1
781 396 1 1 1
1294 397 1 1 1
517 398 11 11 59
647 398 1 1 1
785 398 2 1 2
893 398 3 3 6
1043 401 1 1 1
1121 401 1 1 1
549 402 1 1 1
822 403 16 24 136
497 404 1 1 1
846 405 17 20 163
1203 404 2 1 2
590 407 1 1 1
638 406 1 1 1
768 406 1 1 1
789 407 2 3 5
882 407 1 1 1
1359 407 1 1 1
1318 408 2 2 4
133 410 2 1 2
556 411 1 1 1
959 410 1 1 1
1039 411 1 1 1
1346 410 2 1 2
623 413 3 2 5
1224 413 4 3 8
554 415 1 1 1
1245 414 2 2 2
1623 414 24 25 416
218 417 2 1 2
615 416 2 1 2
648 417 1 1 1
650 416 1 1 1
674 416 10 3 13
1123 417 5 14 37
1291 416 1 1 1
538 418 9 9 62
662 418 1 1 1
890 419 1 1 1
998 419 1 1 1
1012 419 1 1 1
1384 419 1 1 1
687 421 2 1 2
924 420 21 16 193
396 423 22 10 93
597 422 2 12 13
1079 422 4 2 8
1260 422 1 1 1
39 425 1 1 1
485 424 2 1 2
752 425 1 1 1
174 426 1 1 1
723 426 1 1 1
807 426 14 8 47
1046 427 2 1 2
1060 426 1 1 1
1219 427 2 1 2
1297 427 14 18 167
619 428 3 4 6
635 428 1 1 1
1203 428 11 6 22
1396 428 1 1 1
1683 429 47 93 1962
508 431 24 12 84
993 431 13 16 144
635 432 16 24 199
674 433 1 1 1
1391 432 2 2 3
558 434 1 1 1
859 434 33 35 666
1096 435 1 1 1
138 436 1 1 1
625 436 2 1 2
964 437 6 8 40
1780 437 1 1 1
75 439 1 1 1
536 439 1 1 1
667 438 1 1 1
838 441 1 1 1
1682 441 1 1 1
459 443 1 1 1
562 442 2 1 2
746 442 2 1 2
788 443 1 1 1
1445 442 1 1 1
1472 443 6 7 34
786 444 1 1 1
1432 444 1 1 1
1573 444 39 45 1119
164 446 2 1 2
714 447 5 5 23
1119 447 7 6 34
169 448 1 1 1
1233 449 1 1 1
799 450 29 52 609
956 450 6 11 51
1557 453 3 2 5
1752 452 1 1 1
1524 455 8 11 56
401 456 5 6 27
520 457 1 1 1
1266 457 3 2 3
1815 456 2 1 2
460 459 1 1 1
1139 458 1 1 1
1402 458 18 19 235
841 460 5 8 38
1160 460 7 5 23
1152 461 41 40 499
1252 460 3 2 4
1277 461 3 1 3
0 463 12 8 44
628 464 1 1 1
141 467 1 1 1
1456 466 90 158 5492
1527 466 28 22 262
1800 467 3 1 3
440 468 8 8 43
461 469 9 7 28
582 468 12 15 152
799 469 1 1 1
921 468 3 6 13
1199 469 1 1 1
1325 468 33 43 735
1435 468 2 1 2
230 471 9 6 37
356 471 7 12 38
515 470 7 8 42
494 472 6 5 20
754 472 5 6 26
773 473 1 1 1
847 472 1 7 7
1233 472 6 12 47
1319 473 1 1 1
1429 473 1 1 1
409 475 8 7 38
663 475 9 10 66
952 474 1 9 9
1131 475 5 7 16
1427 474 1 1 1
1616 474 58 38 1271
845 477 21 16 150
1207 477 4 6 12
458 478 1 1 1
1107 480 4 5 17
1021 482 2 2 3
1256 483 1 1 1
834 485 1 1 1
1807 484 1 1 1
379 486 6 2 11
464 487 6 6 29
530 486 1 1 1
651 486 1 1 1
1761 486 2 2 2
269 489 1 1 1
422 488 2 1 2
631 489 10 12 85
1097 488 1 2 2
1262 488 21 17 78
1784 488 1 1 1
398 490 4 7 23
714 493 1 1 1
872 492 1 1 1
985 493 9 12 73
1192 493 3 8 16
250 495 1 1 1
946 495 20 8 50
298 496 2 1 2
689 496 2 1 2
758 496 1 1 1
1109 497 6 10 26
1603 496 3 1 3
397 498 1 1 1
744 499 2 2 3
1774 499 1 1 1
282 501 3 3 4
520 501 7 7 32
1017 500 2 3 6
1446 503 1 1 1
1799 502 1 1 1
1157 505 1 1 1
1239 504 2 1 2
416 506 1 1 1
448 506 1 1 1
883 507 1 1 1
1174 506 2 2 2
1790 507 2 1 2
302 508 1 1 1
1185 509 4 3 9
1752 509 1 1 1
327 511 6 6 29
634 510 1 1 1
718 510 10 9 68
942 510 5 6 22
836 513 1 2 2
865 512 1 1 1
1771 513 7 4 18
507 514 6 7 32
1297 515 1 2 2
1382 515 14 16 160
668 517 5 6 18
911 517 2 2 3
406 518 35 15 234
1230 518 1 1 1
904 521 1 1 1
1089 521 2 2 4
1098 520 16 21 254
1597 521 1 1 1
1739 521 1 1 1
482 523 14 13 90
935 524 1 1 1
938 525 2 1 2
1176 525 11 11 39
1261 525 2 2 3
1362 525 1 1 1
1637 525 1 1 1
698 527 1 1 1
1408 527 34 57 967
809 529 16 22 277
896 529 1 1 1
1129 528 3 8 18
1195 528 3 5 15
1639 528 1 1 1
580 530 12 13 125
747 531 3 3 9
888 530 1 1 1
918 530 9 12 98
1022 530 6 2 7
532 533 2 2 4
767 533 7 17 33
1332 533 1 1 1
367 535 1 1 1
1716 534 5 10 13
1815 535 1 1 1
290 536 2 6 7
742 536 1 1 1
1074 537 10 12 58
1164 536 1 1 1
1221 537 10 9 41
1464 537 1 2 2
1608 536 2 1 2
520 538 1 1 1
615 539 8 8 52
791 538 2 1 2
871 539 4 2 5
941 538 1 1 1
1021 541 6 1 6
1135 540 20 8 56
1173 540 1 1 1
1191 540 1 1 1
156 543 5 4 7
460 543 1 1 1
928 543 3 1 3
1115 543 2 2 3
1202 543 15 16 60
365 545 1 1 1
890 545 4 3 6
1161 545 1 1 1
1776 544 2 2 3
598 547 1 1 1
636 547 1 1 1
1174 547 3 4 12
1232 547 14 12 117
789 548 1 1 1
830 550 5 8 37
389 553 1 1 1
456 552 2 2 2
834 554 29 34 403
980 554 17 34 165
1084 555 11 6 26
1123 554 2 1 2
1168 554 2 2 2
1501 555 2 2 3
1656 555 2 1 2
337 557 8 6 40
537 557 7 10 53
1009 556 40 36 619
1676 557 1 1 1
8 559 1 1 1
793 559 1 1 1
1149 559 3 2 6
1155 558 1 1 1
1257 558 21 15 129
326 561 1 1 1
588 560 2 1 2
1120 560 1 1 1
1246 561 10 2 11
1289 560 20 29 235
1705 561 2 1 2
1808 561 4 2 4
722 562 1 1 1
1162 562 3 4 11
1192 562 1 1 1
1360 562 34 33 651
247 564 1 1 1
437 566 12 12 69
818 566 4 5 19
879 567 2 1 2
916 566 12 6 35
1180 566 3 6 7
1629 566 2 2 2
1705 566 25 21 420
462 568 1 1 1
1109 568 1 1 1
1323 571 30 21 386
1619 571 1 1 1
596 572 1 1 1
968 572 1 1 1
1065 573 11 18 51
1125 573 2 3 4
1801 572 12 9 42
1445 575 3 2 5
1830 575 1 1 1
14 577 6 3 12
99 576 1 1 1
467 577 8 6 28
785 577 10 7 27
952 577 1 1 1
1557 576 1 1 1
506 578 5 6 28
573 579 7 2 9
641 578 10 14 110
942 579 1 4 4
1226 579 2 2 2
396 581 3 4 5
926 580 1 7 7
1095 582 3 5 11
463 585 1 1 1
971 585 1 1 1
997 584 2 3 4
1193 585 4 10 22
1233 585 2 1 2
1824 585 2 1 2
1837 584 3 2 5
317 587 7 8 35
590 587 1 1 1
859 587 1 1 1
875 586 1 1 1
943 587 1 1 1
1163 586 4 4 13
1236 586 1 1 1
1640 586 2 1 2
512 588 1 1 1
660 588 2 1 2
848 588 2 1 2
973 588 5 10 19
1761 589 1 1 1
590 590 13 37 280
927 590 1 2 2
1102 591 4 5 20
1534 592 1 1 1
1635 593 1 1 1
140 594 2 1 2
892 595 1 1 1
1115 595 2 2 3
1562 594 6 4 15
462 596 2 1 2
552 597 23 24 184
662 596 2 1 2
767 597 8 7 35
898 597 3 1 3
1178 596 9 2 10
1474 597 1 1 1
241 599 1 1 1
1690 599 6 2 8
573 600 1 1 1
713 600 4 3 9
1001 600 1 1 1
1083 600 1 2 2
738 603 3 11 18
801 603 16 19 85
1109 602 2 2 3
1209 602 1 1 1
1273 603 8 12 19
1297 602 1 1 1
1708 603 2 2 4
788 604 1 1 1
790 605 1 1 1
1082 604 1 1 1
1155 604 2 2 3
1211 604 1 1 1
690 606 14 5 29
757 606 7 8 34
1703 606 1 1 1
1239 608 2 1 2
1441 608 13 13 121
1577 609 54 44 1562
1647 609 23 22 393
252 610 1 1 1
518 610 4 4 13
663 610 10 9 57
1080 611 2 4 8
1639 610 1 1 1
385 612 16 11 123
689 612 1 1 1
1201 613 3 3 6
27 616 6 3 8
783 617 1 1 1
921 616 23 27 352
1079 617 1 2 2
149 619 2 1 2
183 619 1 1 1
828 619 13 18 168
1067 618 2 3 4
1309 619 29 15 250
1412 619 3 2 3
1707 619 1 1 1
1771 618 4 5 7
1757 621 3 2 4
10 623 2 1 2
77 622 2 1 2
1418 622 2 2 3
353 625 1 2 2
1178 625 1 1 1
1504 624 4 3 5
1676 625 2 1 2
549 627 3 6 13
1023 626 9 11 72
1166 627 1 1 1
608 628 1 1 1
782 628 4 4 12
853 628 12 13 113
1524 628 2 2 2
1686 628 1 1 1
401 631 5 3 6
540 631 1 1 1
646 630 11 16 125
1093 631 16 31 288
1224 631 10 9 71
1740 630 2 2 3
1783 630 2 2 2
722 632 3 1 3
1379 633 13 24 157
1743 633 1 1 1
1786 632 1 1 1
733 634 2 6 9
885 635 12 18 178
1773 635 2 2 3
382 637 5 3 10
500 636 1 1 1
1167 636 2 2 2
62 639 1 1 1
65 638 1 1 1
413 639 6 14 35
449 638 1 1 1
143 640 1 1 1
574 640 1 1 1
599 641 6 9 33
1172 641 1 1 1
1189 641 5 2 6
1222 640 1 1 1
442 642 1 1 1
907 643 4 4 10
1212 642 1 1 1
1372 642 2 2 4
801 644 3 3 9
1342 644 1 1 1
1547 645 2 1 2
1769 644 2 1 2
482 647 1 2 2
1197 646 1 1 1
1307 646 22 16 176
1579 646 1 1 1
759 648 1 1 1
1184 649 1 1 1
1241 649 2 1 2
1800 648 1 1 1
1823 648 2 2 3
247 650 1 1 1
508 650 4 9 22
1710 650 1 1 1
73 653 3 2 5
62 655 1 1 1
243 655 1 1 1
461 654 1 1 1
795 654 1 1 1
1015 655 2 3 5
1166 655 2 3 4
1176 654 4 9 20
1567 655 1 1 1
114 656 3 2 4
613 657 1 1 1
799 657 400 270 30140
1414 656 8 14 25
1510 656 1 1 1
1644 657 1 1 1
69 659 2 1 2
810 658 1 1 1
101 661 1 1 1
194 661 1 1 1
1069 660 14 17 179
1799 660 2 1 2
15 662 1 1 1
350 663 1 1 1
535 663 4 2 5
568 662 2 2 2
770 663 1 1 1
1197 662 1 1 1
1363 662 1 5 5
1467 663 2 1 2
1508 662 2 2 3
1545 662 1 1 1
1815 662 2 1 2
365 664 1 1 1
1449 664 3 1 3
1466 665 1 1 1
1546 665 21 31 339
1829 664 2 2 2
52 667 2 2 4
501 666 4 2 7
522 666 5 6 21
597 666 8 11 60
1390 667 1 1 1
1737 667 1 1 1
1784 667 1 1 1
664 669 4 3 6
775 668 1 1 1
901 669 4 3 8
1166 669 3 4 10
44 671 1 1 1
452 671 1 1 1
554 671 5 5 17
570 670 1 1 1
1259 671 1 1 1
173 672 1 1 1
397 673 2 1 2
425 672 1 1 1
507 673 4 2 7
1275 672 1 1 1
1492 672 20 27 286
1194 675 1 1 1
1213 674 2 1 2
576 676 3 2 4
630 677 13 22 196
772 677 11 21 91
1343 676 1 1 1
1478 676 1 1 1
692 678 1 1 1
353 680 1 1 1
611 680 3 1 3
1272 680 10 14 86
1329 681 2 2 3
1626 680 1 1 1
1456 683 1 1 1
1632 683 1 1 1
1684 683 1 1 1
1825 683 1 1 1
350 684 2 1 2
1427 684 1 1 1
1793 684 1 1 1
97 687 1 1 1
543 687 1 4 4
606 687 2 2 2
759 687 1 1 1
1256 687 2 1 2
1310 686 1 1 1
1584 686 1 1 1
514 688 1 1 1
837 689 6 4 12
911 688 1 1 1
1061 688 37 26 436
1219 689 4 2 6
1380 688 2 3 5
140 691 1 1 1
695 691 1 1 1
886 690 18 18 214
1339 690 1 1 1
797 693 27 21 261
1208 692 1 1 1
1351 693 1 2 2
1656 692 3 2 3
1806 692 1 1 1
322 695 2 1 2
375 695 1 1 1
493 694 7 4 24
1237 694 9 9 53
1571 695 1 1 1
1157 697 3 2 4
1344 696 5 7 23
1564 697 3 2 6
35 698 3 2 4
125 698 1 1 1
406 699 1 1 1
1459 699 1 1 1
1582 698 1 1 1
1775 699 1 1 1
212 701 1 1 1
401 701 5 3 12
464 700 2 1 2
610 700 2 1 2
1031 701 1 1 1
1283 700 1 1 1
1395 701 1 1 1
1576 700 3 2 6
1835 700 5 1 5
335 703 2 1 2
979 703 12 16 155
1222 703 1 1 1
42 705 1 1 1
338 704 1 1 1
624 704 9 9 47
1262 705 1 1 1
1357 704 1 2 2
1488 704 2 2 2
1812 704 2 3 5
458 707 6 6 29
1419 706 1 1 1
1444 706 7 5 11
344 709 1 1 1
565 709 6 3 13
650 709 1 1 1
68 710 1 1 1
1417 711 1 1 1
1629 710 1 1 1
87 712 1 1 1
122 712 3 2 4
483 713 1 1 1
1130 713 2 5 8
1451 712 1 1 1
1815 713 1 1 1
1042 714 6 7 31
1504 714 2 1 2
1817 714 1 1 1
165 717 1 1 1
287 716 1 1 1
1365 717 1 1 1
1572 716 1 1 1
1637 716 1 1 1
1773 717 4 7 11
1801 716 7 3 14
289 718 1 1 1
487 719 9 4 33
511 719 2 2 3
526 718 5 5 15
754 719 2 2 3
1234 719 1 1 1
1323 718 3 2 3
11 720 1 1 1
591 721 3 2 5
1290 721 1 1 1
101 723 2 2 4
1549 722 5 2 6
350 724 2 2 2
589 724 1 1 1
1298 724 1 1 1
1336 724 2 1 2
1354 724 2 1 2
1531 725 24 21 308
206 726 1 1 1
235 727 1 1 1
270 726 1 1 1
732 727 1 1 1
1076 727 1 1 1
1285 726 1 1 1
1560 726 4 2 6
353 728 2 2 3
559 729 12 15 124
674 728 14 5 30
1496 729 1 1 1
600 730 2 1 2
1713 730 2 1 2
1722 731 9 7 37
785 732 2 3 4
1463 732 1 1 1
1633 733 1 1 1
1735 732 1 1 1
1768 733 2 2 4
394 734 1 1 1
691 735 3 2 6
1073 735 2 3 5
1348 735 1 1 1
1577 734 1 1 1
1813 734 5 2 8
1045 737 4 3 11
1300 736 1 1 1
73 739 1 1 1
402 739 4 5 7
434 738 2 1 2
495 738 1 1 1
721 739 1 1 1
1086 739 5 8 39
1093 738 1 1 1
1246 738 16 30 257
1633 739 48 24 543
1756 739 3 3 6
1422 741 1 1 1
154 742 1 1 1
277 742 1 2 2
786 743 1 1 1
1359 743 2 3 5
1396 742 2 1 2
260 744 2 1 2
573 745 5 4 18
757 744 2 4 8
1346 744 1 1 1
1443 745 4 4 9
1461 745 25 22 229
1606 744 1 1 1
1609 745 2 2 3
1825 744 2 1 2
729 746 2 1 2
97 749 2 3 4
326 749 1 1 1
629 748 7 8 32
1070 748 2 3 6
1308 748 1 1 1
414 751 4 4 10
438 751 2 3 3
659 751 9 7 46
1135 750 3 1 3
1199 751 3 1 3
1328 750 8 5 24
1371 751 9 12 56
1710 750 15 6 48
498 752 6 10 29
682 752 8 8 43
760 753 3 2 5
965 752 2 3 5
1434 753 2 3 5
1495 753 1 1 1
1529 753 3 3 6
528 756 1 1 1
1145 756 3 5 13
1306 757 2 1 2
1429 756 1 1 1
1498 756 4 4 6
1514 757 1 1 1
320 758 1 1 1
406 759 1 1 1
513 758 2 3 4
790 758 1 1 1
1215 758 2 1 2
1427 759 1 1 1
1617 758 1 1 1
282 761 1 1 1
366 760 1 1 1
1031 760 11 7 52
1620 760 2 1 2
332 763 1 1 1
444 762 3 2 5
494 762 2 2 2
757 762 4 6 18
1517 763 1 1 1
52 765 1 1 1
306 764 2 1 2
413 764 4 3 6
909 764 1 2 2
1284 764 13 5 28
632 766 18 22 169
698 766 1 1 1
1065 767 1 1 1
1653 767 1 2 2
1674 767 1 1 1
383 769 3 6 10
435 769 2 2 2
696 769 1 1 1
768 768 15 20 103
1308 769 14 9 69
1492 768 1 1 1
1613 771 21 16 249
341 773 2 1 2
512 772 6 7 32
738 773 1 1 1
160 774 1 1 1
274 774 2 1 2
546 774 1 1 1
1203 775 3 1 3
1604 774 1 1 1
453 776 2 1 2
1265 776 6 7 21
1821 776 1 1 1
915 778 13 16 129
1070 779 8 4 27
1294 778 1 1 1
354 781 1 1 1
1357 781 29 22 375
271 783 1 1 1
440 783 1 1 1
542 783 4 2 6
1089 783 1 1 1
1569 783 3 1 3
407 785 6 5 24
486 784 7 4 21
624 787 1 1 1
1063 787 1 1 1
1297 787 4 3 8
1529 790 6 11 27
27 793 2 1 2
125 792 1 1 1
535 793 1 1 1
1403 793 2 2 3
393 794 2 3 5
797 794 3 3 7
962 795 7 8 42
1253 794 3 10 12
1541 794 5 3 9
1597 795 1 1 1
1717 794 1 1 1
310 797 2 1 2
424 796 8 3 13
470 796 5 4 14
579 796 9 20 106
621 797 2 2 3
795 797 1 1 1
1311 796 3 1 3
1345 797 1 1 1
1373 797 69 57 1356
1798 796 1 1 1
41 799 1 1 1
534 799 1 1 1
679 798 1 1 1
1281 798 4 14 27
1304 798 1 2 2
1557 799 1 1 1
1748 799 1 1 1
742 800 1 1 1
1052 800 1 2 2
0 802 4 1 4
571 803 1 1 1
1210 802 10 23 133
89 804 1 1 1
22 807 2 2 3
443 806 1 1 1
1247 806 5 3 11
1305 807 62 27 664
1487 806 1 1 1
1682 806 21 15 200
320 808 2 1 2
604 808 5 10 26
705 808 3 4 7
1237 809 2 3 5
1656 808 2 2 4
1834 809 6 1 6
264 810 2 2 2
1652 811 4 4 12
532 812 1 1 1
1548 812 1 1 1
1590 813 1 1 1
84 814 6 3 10
524 815 6 2 12
635 814 8 10 60
737 815 4 5 16
1006 814 2 2 4
1799 814 1 1 1
1801 815 1 1 1
476 817 2 1 2
495 817 1 1 1
617 816 1 1 1
623 817 1 1 1
1270 817 2 4 8
1501 817 2 2 4
1739 817 3 3 6
60 819 2 2 2
516 818 3 1 3
25 820 3 3 6
1294 821 7 4 15
1532 821 2 2 3
71 822 1 1 1
167 823 1 1 1
562 822 3 2 3
1049 823 1 1 1
1225 822 2 3 5
1267 823 1 1 1
1493 823 1 1 1
1555 823 3 3 6
1584 823 6 3 16
1774 822 1 1 1
779 825 2 2 3
1499 825 22 16 207
1602 825 3 2 4
1776 825 1 1 1
267 826 5 11 29
445 827 1 1 1
447 826 1 1 1
539 826 1 1 1
608 826 1 1 1
627 827 7 10 57
720 826 3 3 7
283 828 1 1 1
456 828 2 1 2
678 829 1 1 1
1558 828 1 1 1
1618 829 9 12 28
1281 830 1 1 1
1482 830 2 2 4
1583 830 1 1 1
1593 830 4 3 9
207 832 3 3 6
482 832 1 1 1
494 833 8 10 47
927 832 1 1 1
1054 833 2 2 3
1302 833 2 2 2
318 835 1 2 2
1648 835 1 1 1
1474 837 2 2 4
415 838 3 4 8
647 839 7 9 54
1232 838 2 2 4
1248 839 1 1 1
1338 838 1 1 1
1227 840 1 1 1
1361 841 2 2 3
1285 842 1 1 1
1358 843 1 1 1
1602 842 1 1 1
1636 843 1 1 1
1781 842 3 4 6
275 844 2 2 2
712 845 3 4 8
1348 844 6 16 29
606 846 1 1 1
1207 847 2 1 2
1604 846 2 2 3
1749 846 1 1 1
354 849 2 8 9
666 848 2 1 2
993 849 2 3 5
1327 848 4 2 7
1526 849 3 3 5
183 851 1 1 1
1540 850 28 28 495
1699 851 2 1 2
1800 850 1 1 1
152 853 3 1 3
402 853 2 1 2
459 853 1 1 1
1498 852 1 1 1
587 854 23 11 85
1260 854 20 37 395
1288 854 1 2 2
1672 855 2 2 2
1713 854 1 1 1
1715 855 1 1 1
1775 855 2 1 2
237 856 1 1 1
318 856 1 1 1
472 857 1 1 1
1623 856 5 4 17
77 858 2 1 2
496 858 4 4 7
1484 858 3 4 6
1589 858 2 1 2
658 861 3 2 5
667 860 1 1 1
677 861 2 2 3
746 861 3 10 29
786 861 4 2 7
1200 860 13 18 183
1514 860 4 3 5
1805 860 2 3 4
582 865 1 2 2
639 864 1 1 1
1308 865 11 2 14
1344 865 3 2 6
1374 864 27 26 511
1436 864 1 1 1
104 866 1 1 1
796 867 10 12 101
1437 867 1 1 1
1785 866 2 1 2
1825 866 1 1 1
232 868 2 1 2
511 869 5 4 12
573 869 4 3 9
388 870 1 1 1
440 871 2 2 2
1239 871 3 2 4
1606 871 2 2 4
336 873 3 2 5
373 872 4 2 6
531 872 6 10 19
1328 873 1 1 1
1458 873 3 2 4
1512 873 1 2 2
313 875 1 1 1
478 874 4 4 14
592 874 2 2 3
684 875 1 1 1
1321 874 1 1 1
1364 875 1 1 1
1600 875 1 1 1
489 877 8 22 48
1317 877 2 2 3
567 878 1 2 2
756 880 2 8 9
1322 880 28 56 642
1425 881 1 1 1
1466 880 4 5 13
1780 881 5 3 10
410 883 1 1 1
1214 883 4 1 4
451 884 5 8 33
888 885 19 17 142
1562 884 1 1 1
1672 884 1 1 1
581 886 1 1 1
418 888 2 1 2
583 889 3 2 5
1496 889 1 1 1
270 891 3 2 5
421 891 6 8 41
654 891 1 1 1
725 891 2 1 2
389 892 1 1 1
768 892 16 19 197
1258 892 1 1 1
1357 892 1 2 2
1438 893 2 1 2
535 895 4 3 6
1359 894 2 2 3
1485 894 1 1 1
1499 894 21 14 145
24 896 2 1 2
698 897 1 1 1
1232 897 20 12 108
1362 896 1 1 1
1368 897 15 4 34
1397 899 2 1 2
1425 898 10 5 34
870 900 7 10 56
992 901 4 5 17
1471 900 1 1 1
668 902 1 8 8
722 902 1 1 1
1449 903 1 2 2
1463 902 4 4 7
1540 902 43 43 891
1586 902 1 1 1
1602 902 1 1 1
493 904 11 11 76
1222 905 3 4 12
1265 904 13 16 145
1392 905 3 1 3
1724 905 1 1 1
134 909 1 1 1
423 909 2 2 2
597 908 2 1 2
605 909 2 1 2
633 909 1 1 1
1306 909 1 1 1
1622 908 4 4 9
1693 909 1 1 1
91 910 1 1 1
117 911 1 2 2
413 910 1 1 1
728 910 4 7 12
999 911 1 2 2
441 913 6 3 8
626 913 4 3 7
881 912 1 1 1
189 915 2 2 3
308 914 12 10 50
1231 914 1 1 1
1423 915 19 20 164
1495 914 1 1 1
333 917 6 3 8
722 917 1 1 1
1202 917 3 1 3
1486 916 9 8 33
603 919 18 10 118
849 918 16 13 77
1457 919 3 2 6
1756 918 2 2 2
5 920 1 1 1
583 920 3 2 5
1286 921 3 4 9
1370 921 3 1 3
1410 921 2 2 2
1705 921 1 1 1
79 922 3 3 7
529 922 1 1 1
331 924 1 1 1
952 925 1 2 2
1048 925 1 1 1
1462 924 26 36 320
1597 925 1 1 1
288 926 2 3 4
343 927 1 1 1
593 926 2 1 2
739 927 4 14 23
763 926 3 1 3
1245 926 14 19 175
348 929 2 2 3
507 928 16 21 160
1029 929 1 1 1
1227 929 1 1 1
284 933 1 1 1
373 933 4 7 17
409 932 10 9 38
1696 933 4 3 9
840 935 3 2 5
924 934 4 4 10
939 935 1 2 2
1114 934 1 2 2
1214 934 13 15 107
1313 934 12 12 134
1716 935 1 1 1
54 936 2 1 2
445 937 3 3 6
530 936 2 1 2
953 936 3 2 5
1034 937 10 9 62
323 939 1 1 1
657 939 3 2 4
727 939 4 7 22
905 939 1 3 3
1413 939 1 1 1
1575 938 5 3 11
270 941 1 1 1
502 941 1 1 1
1343 942 25 22 301
1374 942 2 2 3
1393 942 1 1 1
1498 942 3 2 4
1615 943 10 4 21
44 944 2 1 2
453 945 1 2 2
462 944 2 1 2
629 945 9 15 73
1010 944 9 12 82
1688 944 1 1 1
361 947 5 2 6
1566 947 1 1 1
1751 946 5 8 23
807 949 1 1 1
919 948 4 6 19
1235 948 2 2 3
1306 948 5 6 17
1449 949 1 1 1
401 951 4 9 13
857 950 1 3 3
1096 951 1 1 1
444 952 5 4 16
973 953 1 1 1
1084 953 1 1 1
1125 953 1 1 1
1504 952 1 1 1
124 954 1 1 1
555 954 1 1 1
594 955 1 1 1
1552 955 7 3 16
612 957 1 1 1
734 956 4 2 6
944 957 1 2 2
1187 956 4 9 16
1197 957 1 1 1
1232 956 1 1 1
1298 957 2 2 3
1613 956 1 1 1
154 958 4 4 9
248 958 3 2 4
375 959 2 1 2
489 958 22 24 214
997 959 2 1 2
53 961 1 1 1
680 960 1 1 1
768 961 1 1 1
885 961 10 17 140
1231 960 1 4 4
1310 960 16 15 138
1621 960 9 15 34
613 962 8 7 43
1534 962 5 4 14
331 965 2 2 2
1134 964 6 9 30
1160 964 1 1 1
1230 965 1 1 1
171 967 1 1 1
173 966 1 1 1
464 967 1 1 1
1111 966 8 8 44
750 969 7 4 12
856 968 1 2 2
1082 968 1 1 1
1272 968 1 1 1
1713 969 1 1 1
1827 969 2 1 2
293 970 2 1 2
1244 973 2 1 2
1296 973 1 2 2
399 974 1 1 1
692 975 13 14 137
1110 975 1 1 1
1540 974 7 5 19
1240 977 1 1 1
1472 977 7 10 44
1726 976 1 2 2
290 979 1 1 1
615 978 1 1 1
1102 979 7 7 38
220 981 2 2 3
512 981 3 3 8
721 980 4 4 13
998 980 1 2 2
1414 981 1 1 1
1516 980 2 2 4
233 983 3 1 3
304 983 2 1 2
371 983 2 1 2
1519 982 1 1 1
1683 983 1 2 2
369 984 1 1 1
461 984 2 1 2
474 984 13 23 138
642 984 8 10 53
1083 984 15 8 55
190 986 1 1 1
728 987 2 3 4
770 987 7 7 35
1192 987 41 27 435
146 988 1 1 1
605 988 1 1 1
837 989 6 9 44
1115 988 3 2 3
1293 988 1 1 1
269 991 3 3 6
358 990 1 1 1
788 990 14 20 149
1311 990 1 1 1
1392 991 2 1 2
255 993 11 3 20
1325 992 1 1 1
1702 993 1 2 2
177 995 2 1 2
350 994 1 1 1
1410 994 1 3 3
600 996 1 2 2
1250 997 2 2 2
1452 997 13 4 19
1488 996 32 41 547
216 999 1 1 1
305 998 1 1 1
373 998 2 2 4
622 998 6 5 22
678 999 2 1 2
1370 999 2 1 2
364 1000 1 1 1
382 1001 2 3 5
460 1000 5 4 13
724 1001 2 1 2
1254 1000 2 1 2
1328 1000 3 2 4
80 1002 7 4 17
514 1002 2 3 4
666 1002 5 8 31
1570 1003 4 5 7
1674 1003 6 5 17
198 1004 8 8 33
239 1004 4 4 10
549 1005 1 1 1
1175 1004 8 9 47
1374 1005 1 2 2
280 1007 3 2 3
586 1007 1 1 1
1144 1008 7 8 44
1352 1008 5 7 17
0 1010 9 5 14
436 1010 1 1 1
554 1011 2 2 4
653 1010 1 1 1
915 1010 1 2 2
1425 1011 1 1 1
1817 1010 2 1 2
65 1012 1 1 1
1226 1013 9 10 56
379 1014 3 2 4
1452 1014 14 14 104
1527 1014 1 1 1
179 1016 7 6 20
480 1017 2 1 2
498 1016 2 3 6
1025 1017 9 8 49
1632 1017 1 2 2
846 1019 1 1 1
913 1018 1 1 1
1282 1018 1 2 2
1481 1019 1 3 3
226 1020 1 1 1
307 1021 1 3 3
550 1021 1 1 1
1616 1021 1 2 2
1689 1021 1 1 1
1719 1021 1 1 1
320 1022 1 1 1
721 1022 1 1 1
723 1023 1 1 1
871 1022 1 2 2
1284 1022 2 2 3
1721 1022 1 1 1
449 1025 1 1 1
572 1024 1 1 1
890 1025 4 5 17
916 1024 3 13 28
1819 1025 5 3 8
489 1026 6 6 26
590 1026 1 1 1
971 1027 2 3 5
1755 1027 1 1 1
285 1029 2 1 2
442 1029 4 4 12
468 1029 1 1 1
533 1029 6 9 32
1274 1028 1 1 1
188 1030 3 3 5
460 1030 1 2 2
1375 1031 8 4 22
1482 1030 23 12 150
510 1033 4 3 6
559 1032 4 4 7
756 1033 1 2 2
1093 1032 1 1 1
1428 1033 1 1 1
1679 1033 1 1 1
0 1034 7 1 7
369 1035 4 4 12
1275 1035 1 1 1
275 1037 1 1 1
410 1037 4 2 5
498 1037 2 2 3
550 1036 5 5 21
684 1036 2 9 10
840 1037 7 7 30
857 1036 9 13 65
1193 1037 4 4 12
1439 1037 12 13 95
728 1038 9 11 79
1119 1038 1 1 1
1239 1038 9 9 63
1325 1039 1 1 1
283 1041 2 1 2
434 1040 3 1 3
1226 1040 1 1 1
1712 1041 1 1 1
1313 1042 2 2 2
1347 1042 1 1 1
384 1045 5 6 22
693 1045 1 1 1
738 1045 17 30 252
825 1045 5 4 19
183 1047 1 2 2
497 1046 1 1 1
675 1047 4 3 8
695 1046 1 1 1
1371 1046 1 11 11
1567 1047 9 7 17
1580 1047 1 1 1
1660 1046 1 1 1
1789 1047 5 5 15
48 1049 4 5 5
304 1049 2 1 2
561 1049 15 21 123
645 1048 1 2 2
470 1051 2 2 2
815 1050 3 2 6
947 1051 1 1 1
160 1052 1 1 1
268 1052 1 1 1
437 1052 1 2 2
601 1052 1 2 2
1104 1053 3 11 22
1230 1052 2 2 3
1786 1053 1 1 1
159 1055 1 1 1
410 1055 1 1 1
784 1054 2 2 2
1090 1054 1 1 1
1522 1054 2 1 2
178 1056 4 3 4
390 1056 5 5 12
802 1057 4 3 9
1276 1056 14 16 149
1333 1057 1 1 1
925 1058 1 1 1
1258 1059 9 9 67
1355 1058 14 14 173
1456 1058 26 20 352
652 1061 2 3 3
1449 1061 1 1 1
404 1062 1 1 1
731 1063 3 5 7
910 1063 6 7 25
1759 1063 1 1 1
1811 1062 2 2 3
191 1065 1 1 1
281 1064 1 2 2
472 1064 2 3 5
669 1064 2 2 3
54 1066 2 1 2
284 1066 1 1 1
1311 1066 2 1 2
1539 1066 4 3 6
1657 1067 1 1 1
33 1069 1 2 2
515 1069 1 1 1
541 1069 1 1 1
797 1069 1 2 2
52 1071 1 1 1
72 1071 1 1 1
324 1071 2 1 2
348 1070 2 1 2
808 1071 5 5 17
1236 1071 9 11 74
425 1072 2 1 2
598 1073 5 4 17
649 1072 2 2 3
896 1073 1 1 1
1008 1073 7 20 98
1118 1072 2 1 2
1348 1073 1 1 1
345 1075 2 1 2
419 1075 2 2 4
1831 1074 1 1 1
181 1076 1 1 1
265 1076 8 7 47
687 1076 2 2 2
776 1076 3 2 4
839 1077 10 10 27
960 1076 1 2 2
566 1079 9 12 22
787 1079 5 5 18
858 1078 1 1 1
444 1080 1 1 1
498 1080 4 3 6
1338 1080 17 22 197
1710 1080 1 1 1
360 1083 3 4 5
732 1083 1 1 1
1119 1083 6 7 23
1360 1083 1 3 3
1511 1082 1 1 1
1606 1083 1 1 1
1656 1082 1 1 1
743 1085 1 1 1
1441 1084 12 10 82
1513 1085 1 1 1
1635 1085 3 3 4
258 1087 4 10 20
672 1087 1 1 1
682 1086 3 2 5
705 1087 2 2 2
1199 1087 1 1 1
1404 1086 1 1 1
1568 1087 1 1 1
609 1089 6 5 21
1142 1088 1 1 1
1215 1089 7 12 56
1414 1088 1 1 1
1608 1089 1 1 1
1786 1088 1 1 1
71 1091 1 1 1
159 1091 2 1 2
354 1090 2 2 4
511 1091 3 5 9
546 1090 1 1 1
810 1091 6 9 38
1405 1091 3 4 9
1771 1091 6 20 35
157 1093 1 1 1
556 1092 1 1 1
748 1092 14 13 59
826 1093 1 2 2
1562 1094 1 1 1
1687 1094 1 1 1
479 1097 4 4 7
575 1096 1 1 1
352 1098 1 1 1
586 1098 2 4 6
784 1099 6 11 37
838 1098 10 4 15
1331 1099 3 3 6
1563 1099 1 1 1
286 1101 2 2 3
385 1101 1 1 1
409 1101 1 1 1
562 1101 1 1 1
1264 1101 22 19 160
1697 1100 1 1 1
517 1103 1 1 1
1551 1103 3 2 4
1791 1102 1 1 1
913 1104 1 1 1
388 1106 3 3 6
613 1106 1 1 1
745 1106 1 1 1
891 1106 2 1 2
1594 1107 1 2 2
280 1109 5 11 25
651 1111 3 2 4
1659 1111 4 1 4
108 1113 3 1 3
694 1112 2 2 3
830 1113 1 1 1
1246 1113 1 1 1
1440 1113 3 3 6
66 1114 7 5 16
193 1114 4 4 9
510 1115 1 1 1
586 1114 11 11 85
832 1114 8 9 63
1026 1114 2 2 2
1160 1114 3 3 5
1630 1115 11 6 29
1469 1116 2 1 2
1615 1117 1 2 2
448 1119 2 1 2
542 1118 3 4 6
565 1118 5 3 11
1080 1119 6 7 26
1354 1119 1 1 1
1680 1118 1 2 2
759 1121 1 1 1
875 1120 2 5 6
1608 1121 1 1 1
1702 1120 1 1 1
153 1123 3 5 15
632 1122 1 2 2
665 1123 1 1 1
1070 1122 1 1 1
199 1125 1 1 1
337 1125 1 1 1
1304 1125 2 2 2
1341 1125 1 1 1
1454 1124 1 1 1
571 1126 3 4 9
822 1127 1 1 1
1323 1126 13 13 90
160 1129 7 4 18
526 1128 1 1 1
546 1129 3 3 6
647 1129 5 5 18
1442 1128 6 11 37
1796 1129 6 4 10
131 1131 4 2 7
331 1130 3 4 9
1640 1130 1 1 1
381 1132 2 2 3
754 1133 10 1 10
972 1132 8 10 62
1405 1132 1 1 1
129 1134 1 1 1
150 1134 1 1 1
339 1135 1 1 1
461 1134 3 8 21
586 1134 10 13 26
630 1135 6 6 27
782 1134 3 2 4
1102 1135 2 1 2
1213 1135 1 1 1
1706 1134 1 1 1
444 1137 1 2 2
834 1137 3 4 9
795 1138 14 12 45
180 1141 2 1 2
195 1140 1 1 1
840 1141 1 1 1
1070 1141 1 1 1
398 1142 1 1 1
676 1142 1 1 1
1073 1142 1 1 1
1077 1143 1 1 1
1585 1142 4 4 13
1136 1144 7 7 22
1214 1144 7 8 27
1538 1144 7 3 8
246 1146 4 4 10
791 1147 4 3 6
157 1149 2 2 2
208 1148 10 4 13
253 1149 16 22 75
517 1149 1 1 1
898 1149 1 1 1
1186 1149 1 1 1
1479 1148 1 1 1
1489 1149 1 1 1
1495 1148 1 1 1
1383 1152 1 3 3
1454 1152 2 1 2
351 1155 4 4 9
555 1154 5 1 5
455 1157 1 1 1
719 1158 4 3 10
1032 1158 6 3 7
1297 1158 1 1 1
1465 1158 6 8 13
166 1160 1 1 1
434 1161 2 2 2
512 1161 17 8 68
599 1161 1 1 1
1299 1160 6 6 23
42 1163 3 5 9
638 1163 2 4 8
647 1162 1 1 1
760 1163 4 2 5
1112 1163 3 8 15
1185 1163 1 1 1
99 1165 3 3 7
739 1165 2 5 6
1579 1165 1 1 1
294 1166 1 1 1
389 1167 1 1 1
405 1167 1 1 1
564 1166 1 1 1
581 1167 4 4 10
621 1166 17 12 95
979 1167 8 8 21
605 1168 2 3 6
1341 1168 3 4 5
51 1171 4 2 7
884 1171 1 1 1
1243 1171 1 1 1
234 1172 1 2 2
398 1172 1 1 1
730 1172 2 2 2
781 1172 1 1 1
83 1174 5 5 16
546 1175 2 2 3
901 1175 1 1 1
1258 1175 5 3 8
1344 1174 1 6 6
1144 1176 1 1 1
1176 1177 1 1 1
1743 1177 2 1 2
1540 1179 1 1 1
216 1181 1 1 1
349 1180 3 2 6
1054 1181 1 2 2
1113 1180 1 1 1
1329 1180 3 4 7
1519 1180 1 1 1
92 1182 2 1 2
1392 1182 17 12 110
1429 1183 1 1 1
578 1185 1 2 2
1524 1184 1 1 1
293 1187 1 1 1
1277 1186 1 2 2
1310 1186 5 1 5
127 1188 1 1 1
402 1189 1 1 1
571 1188 4 5 20
634 1190 1 1 1
662 1191 2 2 2
1088 1193 1 2 2
1552 1192 3 3 5
659 1195 3 3 5
1155 1195 1 1 1
1341 1195 1 1 1
561 1196 7 3 13
1477 1196 4 5 9
1532 1196 1 1 1
209 1199 1 1 1
1560 1198 1 2 2
408 1200 5 4 12
541 1201 1 1 1
862 1201 1 1 1
1361 1200 10 7 34
1764 1200 1 1 1
230 1202 1 1 1
572 1202 4 4 11
1258 1203 2 3 3
599 1205 2 3 5
624 1205 1 1 1
1098 1205 8 9 42
1316 1205 15 10 80
1617 1205 4 5 10
1774 1205 4 4 8
1054 1206 1 1 1
1218 1207 7 12 47
165 1209 1 1 1
842 1209 1 1 1
1651 1208 4 3 7
318 1210 2 2 2
612 1211 4 10 13
617 1210 15 18 52
649 1210 1 1 1
849 1210 2 2 4
1665 1211 3 1 3
522 1212 3 4 5
22 1215 3 4 6
744 1215 3 2 5
1169 1215 6 7 25
1610 1215 2 2 3
42 1217 1 1 1
1249 1216 1 1 1
38 1219 2 3 3
1199 1219 2 2 4
378 1221 1 1 1
1573 1221 2 2 3
264 1223 4 5 20
678 1223 6 5 21
1406 1222 1 1 1
1319 1225 7 3 11
165 1226 1 2 2
189 1226 1 2 2
607 1227 1 1 1
1065 1227 2 1 2
