0 0 1840 1228 2109556
0 0 19 49 594
137 0 5 10 22
411 0 21 19 314
457 0 21 35 512
495 0 9 8 56
476 0 161 125 5190
631 0 4 9 18
765 0 23 19 316
798 0 7 15 90
934 0 13 12 124
999 0 10 10 86
1105 0 5 2 6
1124 0 7 12 65
1172 0 6 13 42
1236 0 6 15 36
1297 0 4 2 7
1636 0 48 70 1527
1737 0 26 34 560
1836 0 4 4 15
142 11 7 16 21
1057 10 4 8 27
1589 11 40 69 1752
1172 15 1 1 1
924 16 5 12 57
1200 17 27 28 357
597 18 2 4 6
632 19 1 1 1
1084 18 5 10 38
1246 20 4 5 19
972 25 12 27 261
201 27 12 14 127
149 28 2 4 4
860 28 7 6 27
1180 29 6 13 58
1308 28 10 14 104
1127 30 4 5 16
241 32 15 22 251
1003 36 39 71 1230
1254 42 5 7 26
929 44 39 64 1210
1691 44 25 54 975
381 46 15 25 325
1211 46 41 51 1111
1309 54 19 54 580
313 56 8 8 38
1732 57 21 27 357
876 65 11 2 17
1154 64 31 35 285
1501 69 3 6 9
600 71 13 25 249
842 72 9 22 167
1530 75 18 24 284
1562 76 38 17 270
261 78 14 30 332
435 79 37 29 736
1049 78 4 7 19
1088 79 3 3 7
1440 84 49 56 1364
743 91 24 28 389
141 93 11 11 79
1105 93 11 19 152
1410 93 26 44 764
831 94 10 33 187
1036 99 42 45 713
160 109 15 20 233
1165 113 3 4 9
875 115 5 13 52
915 114 6 6 24
1572 115 9 10 64
983 118 5 8 30
437 121 9 17 114
661 120 12 25 249
1145 120 4 12 39
1294 120 37 60 1108
1071 126 13 25 188
905 128 10 29 205
245 131 9 12 76
1114 130 4 7 23
269 132 14 10 81
958 132 6 12 61
1281 132 11 9 71
458 134 16 19 236
1588 135 19 26 338
882 136 5 11 43
553 138 9 18 119
631 138 6 1 6
1218 138 13 10 67
689 140 13 33 285
499 144 8 14 94
1180 148 7 6 27
612 151 10 16 126
757 151 6 12 56
934 151 9 15 111
870 154 9 25 135
1151 154 4 6 20
637 157 1 1 1
1221 156 4 5 14
1272 156 9 14 90
1714 156 21 22 315
1165 159 3 4 12
1490 158 18 29 327
1207 161 5 8 30
376 162 17 38 359
1028 162 3 6 13
1111 162 15 14 111
1136 163 50 43 924
342 165 8 14 96
544 167 18 28 337
893 167 6 8 33
984 167 13 19 180
452 169 11 23 197
1054 168 4 8 25
1435 169 19 27 366
1548 171 25 38 650
492 174 16 24 199
98 177 23 18 307
669 178 16 4 30
1232 181 8 12 74
737 184 16 28 222
936 184 24 29 405
1048 185 5 10 28
1069 185 2 5 9
1208 184 14 23 202
34 193 21 22 344
335 193 13 16 151
857 194 11 11 79
275 197 9 12 79
968 198 10 19 144
1283 199 7 7 34
293 201 7 6 31
1020 200 4 6 16
507 205 15 24 278
540 207 13 18 171
830 207 15 16 138
1001 207 2 3 6
1622 206 26 30 566
428 209 21 26 404
765 208 11 26 132
708 213 7 13 69
121 215 11 10 86
1143 218 8 9 51
1594 218 8 8 43
732 220 18 33 287
1222 220 2 4 8
96 223 13 11 109
894 225 9 13 78
936 225 16 35 379
964 226 3 3 8
1132 227 6 16 50
1214 226 2 3 5
1271 227 7 7 34
1658 226 22 25 420
826 228 12 19 120
856 228 4 8 28
925 228 4 9 29
970 234 8 23 75
1045 237 3 4 10
1172 236 4 4 11
115 239 14 11 121
912 239 13 22 225
787 244 1 1 1
1062 244 44 29 547
514 247 13 34 261
1050 247 3 4 10
1253 249 8 12 74
1331 249 15 16 167
550 251 10 16 128
978 250 30 61 750
1159 251 3 5 12
249 253 8 8 47
879 254 4 8 29
841 256 2 2 2
1216 258 4 6 17
604 263 5 8 26
427 265 12 19 187
1018 264 14 27 289
724 267 4 7 26
899 266 8 16 95
1114 266 3 4 9
1596 267 18 20 261
744 268 6 11 53
1763 269 23 19 307
304 271 11 12 97
0 272 11 21 181
1186 272 6 9 38
73 274 21 22 353
1554 275 9 10 62
1071 276 10 23 166
359 278 17 23 249
718 279 3 3 8
770 278 1 1 1
794 280 1 1 1
418 282 4 3 12
1215 282 9 21 119
949 284 4 6 16
1441 285 14 18 177
706 286 30 28 474
496 292 9 14 106
792 293 5 10 42
1232 293 28 54 835
593 295 7 10 58
884 295 10 13 82
527 297 9 14 97
746 296 5 5 17
1060 298 2 4 6
1188 299 3 4 9
209 303 1 1 1
342 302 3 4 8
814 302 4 8 21
1101 302 5 5 15
392 307 2 2 2
446 306 7 10 56
976 306 2 3 5
1089 306 2 2 4
1136 309 3 2 5
75 310 9 7 31
953 310 2 4 8
1487 310 64 41 1371
919 312 3 8 22
1574 315 16 18 203
1164 316 3 5 13
781 319 9 26 199
1181 319 4 7 25
113 320 18 28 264
1133 321 5 6 20
701 323 16 16 198
882 322 5 8 35
148 324 14 19 205
748 324 5 6 22
1101 325 3 5 15
170 327 5 5 17
192 328 11 8 61
409 329 9 11 78
849 328 5 19 58
501 331 19 35 338
1037 330 25 28 358
1107 331 3 5 12
438 333 11 15 126
950 332 4 9 33
796 335 133 106 4936
1453 335 24 37 391
837 337 1 1 1
1068 339 21 25 193
222 341 11 9 62
974 341 13 21 209
1158 340 4 10 26
930 343 8 13 90
1000 343 7 12 67
916 344 5 10 43
1111 353 37 25 422
1170 352 7 8 40
1242 353 7 9 51
418 355 6 8 39
469 360 4 2 5
575 361 7 18 118
1024 360 2 4 7
768 362 18 20 93
1156 363 2 2 4
1189 363 2 2 3
1479 362 32 22 518
864 365 1 2 2
1056 364 2 2 3
1058 367 8 10 56
442 368 11 20 165
788 369 16 23 122
1162 369 5 5 18
1715 368 32 25 568
879 370 1 4 4
750 372 8 13 94
1010 373 1 1 1
421 374 12 45 349
134 377 18 17 241
1091 376 29 68 959
1660 376 28 32 559
676 381 3 2 6
1084 381 3 3 6
61 382 23 27 489
1163 383 16 19 144
761 385 1 2 2
1059 385 3 4 9
1077 385 3 3 8
1229 385 19 42 456
1342 385 18 24 330
1592 384 16 18 193
526 386 8 25 187
544 387 8 12 80
709 388 6 7 34
1515 390 26 40 457
396 392 10 14 103
300 395 7 6 28
759 394 20 20 163
986 395 1 2 2
1139 397 2 4 7
713 399 11 18 140
1206 400 6 9 40
442 402 11 17 153
771 404 37 38 348
1125 409 17 11 87
268 411 8 8 50
1017 410 3 5 9
1013 416 2 3 5
666 419 2 1 2
703 419 4 6 22
957 418 15 22 137
1066 419 7 9 43
916 420 3 5 11
1459 420 16 19 220
1495 421 1 1 1
1004 423 2 4 5
1833 423 7 29 119
416 424 25 22 238
541 425 7 9 46
583 424 1 1 1
663 425 1 1 1
765 425 1 1 1
741 426 8 14 98
763 426 1 1 1
803 426 1 1 1
88 429 15 12 127
903 428 1 1 1
991 428 1 1 1
1088 428 2 2 3
1403 428 6 5 17
910 431 1 1 1
1134 432 2 4 5
866 435 1 2 2
808 436 3 2 4
1506 437 6 8 35
326 438 5 5 20
464 439 6 3 14
823 438 30 33 455
885 438 28 44 600
932 439 1 2 2
1055 439 2 2 4
1121 439 12 19 175
1074 440 4 6 16
217 443 10 7 59
763 442 4 2 8
769 444 21 18 126
816 445 1 1 1
992 444 4 5 15
1201 444 4 4 8
876 447 1 2 2
943 447 7 9 56
1024 447 6 9 42
857 449 1 1 1
799 451 2 1 2
863 450 1 2 2
1622 450 18 15 193
306 453 7 11 56
804 453 13 12 65
1067 453 4 4 12
957 454 16 20 103
197 457 12 14 138
1536 457 16 21 211
1587 459 19 21 277
1002 461 6 9 37
1093 460 2 3 4
1224 463 1 1 1
317 466 5 4 17
477 466 8 9 59
773 467 1 1 1
790 467 5 10 40
1103 468 2 2 3
1451 469 6 8 29
1118 471 1 1 1
425 473 6 10 54
611 473 1 1 1
921 473 12 21 175
129 474 1 1 1
394 475 19 19 227
1305 476 17 22 290
324 478 9 10 51
1008 478 4 6 13
1092 478 4 7 19
261 480 6 6 28
803 481 3 7 21
145 482 9 7 40
848 482 4 4 14
1483 483 17 16 161
455 484 18 24 188
1134 488 1 1 1
523 490 7 10 62
699 491 7 6 29
1032 491 2 4 7
867 493 3 7 15
48 494 12 9 55
889 495 2 2 4
983 495 31 28 274
1082 495 1 1 1
1347 494 2 1 2
1414 495 1 1 1
718 497 3 4 10
1055 496 3 2 3
698 498 1 1 1
1155 499 1 1 1
356 501 1 1 1
740 501 4 7 18
893 501 3 9 20
821 502 1 1 1
852 503 4 10 38
1127 505 15 33 320
1434 506 19 35 315
1779 507 61 47 1328
114 509 2 4 7
499 508 22 25 282
922 508 1 3 3
529 511 9 10 72
1016 510 2 5 9
1515 510 13 15 148
877 513 2 2 4
1108 513 8 8 29
1354 512 1 1 1
73 515 19 12 79
111 514 1 1 1
194 514 5 3 11
422 515 9 10 67
155 516 7 4 22
393 516 16 14 121
692 516 12 12 92
1295 519 17 56 574
1062 520 1 1 1
920 522 2 2 4
953 523 5 6 22
1683 522 19 19 266
830 528 3 7 15
1103 528 2 4 7
1254 530 3 2 4
906 533 1 1 1
928 533 1 1 1
967 532 11 28 94
1174 533 4 4 16
788 535 10 14 98
1658 535 22 23 272
896 537 3 18 20
1035 537 1 1 1
1241 537 2 1 2
382 538 2 1 2
660 538 4 6 19
825 538 5 15 60
747 541 7 1 7
908 541 1 4 4
396 542 38 31 557
856 542 33 41 645
1075 542 5 8 26
480 544 14 17 175
1092 545 1 1 1
900 547 21 28 270
1052 547 18 27 268
679 549 5 9 35
1089 548 2 4 6
1196 549 1 1 1
735 551 100 54 2414
1150 551 5 5 20
1170 551 12 6 35
213 552 9 17 140
834 553 2 2 3
605 555 7 10 54
646 555 7 6 27
1012 557 9 20 143
946 558 2 1 2
1041 560 1 2 2
1095 560 1 1 1
1137 563 4 4 10
181 565 10 12 99
672 565 3 6 14
1328 565 1 1 1
528 566 12 23 194
1153 566 4 4 12
1385 566 45 35 839
284 568 4 1 4
947 570 1 1 1
1074 570 2 3 6
828 572 2 1 2
1332 574 10 13 91
1697 575 20 19 258
708 577 3 4 9
902 576 1 2 2
1204 577 1 1 1
1508 576 1 1 1
924 578 2 5 8
1041 579 12 10 34
1078 579 2 3 4
1447 579 1 2 2
987 580 5 8 31
1106 580 2 3 6
473 583 8 19 90
885 583 10 23 178
1230 582 2 1 2
207 585 1 1 1
364 585 1 1 1
1032 585 1 3 3
1149 585 9 10 53
256 587 6 3 13
945 586 2 3 4
1006 587 3 5 11
1061 586 1 1 1
842 588 1 1 1
1097 589 2 4 7
663 591 5 9 40
720 590 1 1 1
1255 592 1 1 1
354 595 5 5 19
431 595 16 16 117
715 595 3 4 11
1025 595 2 4 6
113 597 11 12 85
516 596 6 9 44
1074 597 30 24 375
1401 599 18 23 310
1480 599 11 15 115
1631 599 1 1 1
1837 599 3 1 3
1459 601 11 12 94
415 603 5 5 20
941 603 13 10 49
974 602 3 7 12
1115 603 2 2 4
1172 603 1 1 1
1579 602 21 25 393
924 604 1 2 2
986 604 6 8 35
1163 605 4 5 16
1292 605 1 1 1
610 606 8 14 86
894 607 20 51 511
1019 607 1 3 3
1193 607 1 1 1
704 608 3 4 10
878 609 7 14 71
1004 608 8 8 37
1832 608 1 1 1
1041 610 2 1 2
203 613 5 2 7
282 612 9 7 43
641 613 1 1 1
1126 613 5 9 34
343 615 1 2 2
676 615 4 5 16
995 617 1 3 3
944 618 1 3 3
1013 619 1 8 8
1032 619 1 1 1
847 620 9 6 33
971 621 1 1 1
1039 620 1 2 2
427 623 6 9 41
449 623 3 2 3
970 623 9 12 35
1147 623 5 18 59
1373 622 10 12 88
992 624 1 1 1
835 627 12 15 140
1109 626 1 1 1
1160 627 3 1 3
1741 626 1 1 1
703 628 4 5 17
1543 629 2 1 2
1573 628 1 1 1
1790 629 19 18 260
273 631 5 4 16
812 631 2 5 9
824 631 1 3 3
950 631 1 3 3
1050 631 2 4 7
143 633 9 7 35
338 633 14 11 69
611 633 1 1 1
710 633 5 13 61
874 633 6 12 64
927 632 4 7 21
412 634 4 4 12
1044 635 2 3 4
482 636 29 20 246
969 636 1 1 1
1363 636 10 1 10
416 638 12 19 107
774 639 25 35 274
1198 638 1 1 1
235 640 1 1 1
758 640 3 6 12
1107 640 1 2 2
193 642 6 5 22
857 643 15 21 206
1344 642 1 1 1
1610 642 6 4 9
57 644 3 1 3
462 644 5 6 23
61 647 3 4 9
240 647 1 1 1
687 647 5 9 30
1345 648 1 1 1
1501 648 2 2 4
1811 648 1 1 1
1464 651 34 20 376
222 653 8 10 37
543 652 6 7 34
725 653 7 9 45
958 653 1 1 1
1070 652 23 31 190
1393 653 23 20 197
1702 653 15 14 134
707 654 6 6 28
949 655 11 14 68
1017 654 1 2 2
1061 655 1 3 3
916 656 9 6 13
966 657 3 6 16
46 659 1 1 1
1221 658 3 3 4
1788 659 17 16 126
64 663 1 1 1
252 663 1 1 1
816 663 2 4 8
1001 663 1 1 1
1065 662 2 3 6
1185 663 1 1 1
444 665 3 2 4
760 664 3 4 10
1005 665 6 6 28
1317 664 1 1 1
587 666 5 4 14
1744 667 1 1 1
1318 668 34 18 287
1527 669 2 2 4
1583 669 18 29 366
465 671 18 53 485
992 671 3 4 8
1159 670 3 3 7
802 673 7 12 26
1767 673 1 1 1
1031 674 1 3 3
1120 674 2 3 6
1131 674 15 19 201
1664 674 19 30 402
356 676 9 11 82
1274 677 2 1 2
907 679 1 2 2
955 679 2 2 4
1305 678 1 1 1
893 681 1 2 2
1777 681 24 22 224
16 682 44 25 642
455 685 1 1 1
907 685 8 10 58
1114 685 4 6 15
1271 685 2 2 4
343 687 7 7 30
680 686 3 3 8
1285 687 2 2 3
1404 687 5 3 8
1735 686 4 3 5
778 689 2 3 6
1018 689 1 2 2
1239 689 17 26 312
1273 688 1 1 1
1512 689 18 21 256
928 691 1 2 2
1631 691 14 15 157
684 693 12 7 26
991 693 52 104 1721
1083 693 2 3 4
1497 692 3 2 5
155 694 15 16 181
417 694 19 8 81
802 694 13 31 130
902 695 1 1 1
926 694 1 6 6
943 695 38 74 690
1104 694 2 4 6
1146 694 1 2 2
127 697 17 18 149
446 696 6 4 19
600 696 2 1 2
915 697 1 5 5
1081 697 1 4 4
1370 696 1 1 1
280 699 4 3 9
734 699 8 8 39
1373 698 1 1 1
1394 698 1 2 2
1044 700 3 8 14
1582 700 1 1 1
495 702 9 19 62
709 703 10 12 54
1208 702 1 1 1
289 705 2 1 2
1662 705 2 1 2
395 707 7 9 40
691 707 3 7 19
1333 707 17 20 209
1373 706 5 5 19
580 709 1 1 1
775 708 2 2 4
1039 708 1 1 1
1057 708 4 10 15
1089 709 4 6 20
1163 709 1 2 2
1323 709 3 2 5
536 711 5 5 15
649 711 3 3 5
795 711 1 3 3
834 711 35 54 573
1413 711 1 1 1
1470 710 13 16 155
758 713 1 2 2
1427 713 6 14 51
366 715 6 5 19
941 715 1 1 1
740 716 7 19 118
1526 717 18 23 324
1628 716 36 22 420
1785 717 1 1 1
606 718 16 8 58
1062 719 7 10 51
1171 718 12 17 153
636 723 1 2 2
727 722 4 9 31
1390 722 8 10 50
1593 723 2 1 2
1734 723 17 17 210
255 724 4 3 6
833 724 1 1 1
1085 725 2 2 3
1223 726 1 1 1
890 729 3 2 3
702 731 1 1 1
797 730 1 3 3
690 733 3 7 18
1699 732 7 10 31
1832 732 1 1 1
314 734 10 12 86
759 735 4 7 23
903 734 8 8 54
1270 735 1 1 1
457 737 1 1 1
492 736 1 1 1
496 737 7 7 34
566 737 1 2 2
678 737 2 2 3
1237 737 1 1 1
1408 736 2 1 2
657 739 4 5 15
1245 739 1 1 1
1551 738 31 24 301
1587 739 2 1 2
161 740 1 1 1
456 740 1 1 1
732 740 1 1 1
1446 740 1 1 1
773 743 6 5 23
870 742 36 55 642
1436 743 1 1 1
398 745 1 1 1
738 745 126 90 1339
1304 744 8 7 31
300 747 3 1 3
1385 747 1 1 1
1758 746 18 12 125
984 749 2 4 5
1070 749 1 1 1
1527 749 12 12 103
139 750 14 14 129
659 750 444 272 29271
764 750 4 8 27
922 750 26 27 235
994 751 3 11 12
1059 750 2 2 4
1406 751 2 1 2
1685 751 1 1 1
1798 751 14 9 66
390 752 1 3 3
464 752 6 8 38
542 752 8 10 74
1359 752 2 3 5
178 755 2 2 2
332 755 3 3 7
395 755 5 4 16
1053 755 5 13 40
1322 755 8 9 50
501 756 4 4 15
815 757 6 10 48
1067 756 1 1 1
336 758 1 2 2
1078 758 9 14 90
1364 758 1 1 1
1616 759 17 14 185
1455 760 2 2 3
1304 762 1 1 1
176 764 1 1 1
338 764 8 10 66
533 765 6 12 57
725 765 6 11 51
235 768 3 3 6
409 769 1 1 1
1414 769 2 1 2
447 770 6 6 19
912 771 1 1 1
1504 771 3 1 3
95 772 9 8 20
234 773 1 1 1
490 773 6 8 41
833 772 2 5 7
1468 772 17 22 250
1777 772 13 11 76
70 774 11 9 69
997 774 1 1 1
1251 775 1 1 1
1279 774 2 1 2
1354 775 36 22 532
1462 775 1 1 1
884 776 58 44 594
1663 777 20 23 316
190 778 3 2 4
271 779 5 5 23
809 779 3 7 17
1048 778 1 1 1
1174 779 2 2 3
240 780 6 18 41
987 781 2 4 5
1053 780 1 1 1
1190 780 2 2 2
1262 780 7 14 55
1338 781 1 1 1
1648 780 1 1 1
864 782 5 5 9
1123 783 2 1 2
1329 782 2 2 3
6 784 2 1 2
265 784 1 2 2
339 785 5 3 10
951 785 1 1 1
1397 784 1 1 1
192 787 8 10 66
870 787 1 1 1
224 789 3 3 4
424 788 10 10 45
1074 789 2 2 3
1309 788 13 15 141
1758 791 12 9 66
487 793 5 5 16
834 793 1 1 1
859 792 2 2 3
1089 793 3 4 8
1521 794 21 14 142
1122 797 2 3 3
1252 797 1 1 1
438 799 2 1 2
607 798 1 1 1
990 798 4 4 9
1109 798 1 4 4
1457 799 2 1 2
137 800 12 12 108
959 801 13 26 85
1006 800 1 2 2
995 801 51 70 1105
1577 801 40 19 456
1611 801 36 36 441
448 803 1 1 1
834 803 1 1 1
880 802 4 3 10
1468 802 3 2 5
1687 803 2 1 2
366 805 5 3 12
549 805 5 5 18
1173 805 9 10 74
1237 804 3 3 7
1397 804 2 1 2
1459 804 3 2 6
506 807 8 8 48
1017 806 1 4 4
203 808 1 1 1
423 809 4 4 13
1219 808 2 2 3
1426 808 7 2 8
482 811 7 10 63
1283 811 8 8 43
210 812 1 1 1
1242 813 2 2 3
1266 813 7 7 18
65 815 1 1 1
408 815 4 5 15
1334 815 5 4 15
75 816 10 7 58
461 817 2 2 4
871 816 10 2 11
986 816 2 3 5
1061 819 11 5 30
1295 818 1 1 1
639 821 1 2 2
1343 821 7 8 48
190 822 1 1 1
476 823 3 3 7
882 824 4 2 7
720 828 3 4 9
762 828 35 40 553
890 828 26 21 200
962 829 2 5 6
992 829 1 1 1
457 830 8 10 53
979 830 1 3 3
1375 831 3 1 3
1583 831 1 1 1
786 832 1 3 3
1585 832 2 1 2
867 835 12 15 105
971 835 1 1 1
1600 835 2 2 3
1339 837 2 2 2
477 838 13 13 56
1218 838 1 1 1
1502 838 3 2 4
966 843 1 2 2
1090 843 1 3 3
335 844 2 5 7
376 845 7 8 42
1118 845 1 1 1
1334 844 51 31 539
91 846 1 1 1
539 846 7 3 11
723 847 25 15 168
944 846 4 13 20
393 849 2 3 4
1399 848 2 2 2
1226 851 11 13 100
1479 853 2 3 5
1646 852 2 1 2
754 855 2 2 3
831 854 4 8 24
884 854 5 18 39
974 855 1 1 1
1095 855 2 1 2
1246 854 10 23 115
556 856 5 6 23
760 857 1 1 1
1424 856 1 1 1
354 859 4 2 7
512 858 8 5 20
847 858 9 5 21
385 860 5 6 23
417 861 3 11 15
864 861 8 14 103
944 861 1 1 1
966 860 1 4 4
1189 861 2 1 2
1429 861 1 2 2
1526 862 1 1 1
293 865 1 1 1
34 867 1 1 1
449 867 8 13 74
811 867 1 4 4
1097 866 2 1 2
907 869 1 1 1
917 869 1 1 1
1432 868 14 16 167
505 870 7 10 41
708 871 10 18 143
851 870 1 1 1
940 871 1 2 2
1279 871 4 3 7
1366 871 1 1 1
1473 871 16 19 220
534 872 3 3 7
574 873 1 1 1
729 873 3 7 17
911 872 2 3 6
72 874 5 14 25
354 874 2 2 3
1605 874 1 2 2
1291 876 1 1 1
857 878 7 5 28
900 879 3 4 5
806 880 2 3 6
1261 880 10 8 43
140 882 11 10 89
487 883 4 2 8
895 883 1 1 1
916 882 2 4 7
1359 882 10 11 76
1639 882 1 2 2
803 884 1 1 1
872 885 1 1 1
1328 884 9 8 51
7 887 1 1 1
725 887 27 21 231
800 886 1 1 1
1297 886 1 1 1
881 888 2 2 3
1129 889 2 1 2
1540 889 1 1 1
395 891 4 3 8
512 891 4 6 18
634 890 1 1 1
851 891 1 2 2
923 891 2 3 5
1192 891 1 1 1
1376 893 1 2 2
918 895 2 2 3
127 896 4 4 7
1495 896 4 2 6
1691 896 13 6 58
458 898 4 2 5
1146 898 23 21 171
1290 899 30 35 525
434 900 12 4 17
708 900 1 1 1
767 900 4 7 20
854 901 6 8 42
1201 900 1 1 1
669 902 1 3 3
1202 902 3 1 3
146 904 11 11 84
257 904 1 1 1
307 905 1 1 1
538 904 5 3 8
600 904 2 3 4
908 905 5 6 24
933 904 1 1 1
1334 905 1 1 1
1769 904 1 1 1
716 907 1 2 2
877 906 1 1 1
1645 906 11 8 55
1785 906 1 1 1
1829 907 1 1 1
478 908 12 5 25
836 908 3 6 13
264 910 8 3 12
1482 911 10 8 52
1198 913 1 1 1
458 915 3 3 8
537 915 12 24 146
656 915 4 2 7
1242 915 10 23 119
1382 915 3 3 6
1765 914 2 1 2
383 917 6 7 24
585 916 1 1 1
745 917 1 1 1
853 916 38 12 137
895 917 1 1 1
1352 917 1 1 1
1409 919 2 1 2
428 921 3 3 6
1363 921 1 1 1
1660 922 13 10 98
1110 924 1 1 1
1195 925 1 1 1
1541 925 10 11 84
1198 926 1 1 1
1348 926 8 13 71
634 929 2 2 2
653 929 2 2 4
1224 928 5 8 28
1328 931 7 7 33
431 933 5 4 15
462 932 2 3 4
755 932 1 2 2
586 934 1 1 1
619 934 4 4 9
1440 935 4 3 9
1564 934 14 12 119
193 937 5 5 18
656 936 13 16 61
1179 936 6 7 32
214 939 9 9 38
1196 938 27 20 248
498 941 15 6 69
1061 940 7 10 54
1633 941 3 3 4
448 942 1 1 1
485 942 3 4 11
1041 942 1 2 2
1308 942 8 7 41
1810 943 2 2 3
1484 944 1 1 1
204 946 1 1 1
405 951 5 8 32
673 950 1 1 1
1589 951 2 1 2
337 952 1 1 1
1335 952 1 2 2
1421 953 11 15 95
569 955 4 5 19
373 957 5 4 13
511 959 1 1 1
1511 959 10 11 81
492 960 3 4 10
675 960 1 2 2
1174 961 11 16 128
1617 961 12 30 97
623 962 1 1 1
1246 962 2 2 2
1281 963 15 22 139
1445 963 9 10 46
1637 965 2 1 2
60 966 1 2 2
471 967 4 5 17
500 967 4 5 20
529 967 6 25 67
952 966 5 10 45
275 969 2 3 4
486 969 1 1 1
1594 968 1 2 2
309 970 1 1 1
385 971 3 4 6
1223 970 5 5 19
1305 970 7 8 49
1125 973 8 12 70
1569 973 2 3 4
1489 975 12 12 115
1533 974 14 21 189
357 977 3 3 6
461 976 2 1 2
1061 977 7 9 45
95 978 1 1 1
202 978 1 1 1
1008 978 1 2 2
1204 979 6 12 32
430 980 2 2 3
465 981 4 2 8
942 981 1 2 2
1011 980 2 6 7
445 983 7 6 30
1407 983 1 1 1
385 984 2 3 6
1790 984 2 2 3
398 987 1 1 1
1102 986 2 1 2
1241 987 5 4 14
1808 986 8 3 13
983 989 1 3 3
1308 989 1 1 1
1210 990 22 30 248
1322 991 13 16 146
350 992 1 1 1
390 992 1 1 1
476 992 3 2 4
1026 993 10 16 127
1277 993 1 1 1
1466 992 1 1 1
1497 993 13 14 131
67 994 1 1 1
167 995 20 10 95
295 995 6 8 39
420 994 1 1 1
428 995 4 6 15
527 994 1 1 1
845 995 2 3 5
488 996 11 5 24
328 998 2 3 4
550 998 4 3 8
590 998 2 2 4
670 999 4 6 12
1835 999 5 1 5
681 1000 1 1 1
910 1002 7 9 47
1260 1003 1 1 1
49 1004 1 1 1
559 1004 1 1 1
1278 1004 5 7 25
669 1006 1 1 1
836 1007 1 1 1
857 1006 1 1 1
505 1008 9 18 77
523 1008 4 4 13
592 1008 1 1 1
1044 1009 3 2 4
1113 1008 20 18 156
1428 1008 2 2 3
468 1011 1 1 1
991 1011 1 2 2
844 1013 1 2 2
1242 1013 4 5 11
1482 1013 4 4 9
25 1015 5 6 18
133 1015 1 2 2
1549 1014 10 14 101
380 1016 1 1 1
1036 1017 1 2 2
1161 1016 2 1 2
866 1019 6 11 54
1370 1019 1 1 1
354 1021 1 2 2
495 1020 2 3 5
766 1021 4 6 20
1191 1021 1 1 1
1252 1020 19 16 116
1655 1021 1 1 1
1802 1021 1 1 1
134 1022 8 9 68
215 1023 4 3 8
489 1023 1 1 1
630 1022 2 1 2
1004 1024 1 2 2
1194 1025 1 1 1
1363 1025 1 1 1
1525 1025 5 4 15
170 1026 7 4 12
455 1027 3 3 6
799 1026 4 5 10
399 1028 5 6 25
683 1029 1 1 1
717 1029 1 1 1
1760 1029 5 3 7
740 1031 1 1 1
761 1030 1 1 1
781 1030 7 11 50
837 1031 1 1 1
965 1030 1 3 3
1476 1030 2 3 3
771 1032 1 2 2
1216 1032 2 1 2
314 1034 3 2 4
391 1034 3 3 6
483 1034 1 1 1
707 1035 8 11 78
839 1034 1 2 2
979 1034 18 11 76
209 1037 2 2 3
742 1036 3 4 12
1095 1036 1 1 1
1428 1037 11 13 97
1544 1037 2 2 3
119 1038 1 1 1
287 1039 8 7 43
474 1038 3 4 10
1228 1039 7 2 14
414 1040 7 10 54
730 1041 1 1 1
798 1041 1 1 1
854 1040 3 6 18
1007 1040 1 1 1
1303 1041 3 3 7
1607 1041 1 1 1
237 1043 1 1 1
500 1042 2 2 4
513 1043 17 7 58
748 1042 14 20 128
738 1044 1 3 3
766 1044 2 3 5
833 1044 1 1 1
839 1045 2 3 6
1209 1045 11 15 60
1307 1045 2 1 2
132 1047 1 1 1
232 1047 2 2 3
282 1046 1 1 1
603 1046 4 4 12
717 1046 1 1 1
882 1047 1 4 4
1087 1047 1 1 1
1179 1046 1 1 1
433 1049 1 1 1
964 1049 3 4 8
1115 1049 1 1 1
1236 1048 3 3 8
570 1051 1 1 1
1025 1051 13 7 53
47 1052 1 1 1
720 1052 3 4 12
781 1052 1 1 1
881 1052 1 1 1
1095 1052 1 1 1
493 1055 15 19 107
948 1055 1 1 1
395 1057 5 10 47
1407 1056 1 1 1
970 1059 9 18 81
998 1058 4 4 13
1150 1058 1 1 1
1311 1058 11 13 89
73 1061 7 4 18
427 1063 1 1 1
519 1062 12 25 91
867 1062 1 1 1
1075 1063 1 1 1
1101 1062 1 1 1
1114 1063 1 2 2
1562 1062 10 6 25
726 1065 1 2 2
891 1064 5 8 37
313 1066 1 1 1
404 1067 2 2 4
1360 1066 5 5 11
1399 1067 23 14 155
1484 1066 1 1 1
1591 1067 2 6 11
209 1068 2 2 3
763 1069 13 7 41
1055 1069 1 1 1
269 1071 1 1 1
365 1070 3 3 6
414 1071 1 1 1
622 1071 1 1 1
659 1071 3 1 3
1148 1070 2 2 2
1715 1070 1 1 1
194 1073 1 1 1
987 1072 1 4 4
1629 1072 6 5 12
1739 1073 1 1 1
464 1075 3 4 7
680 1074 3 4 7
715 1074 1 2 2
842 1075 2 2 3
1045 1074 1 1 1
1532 1074 25 11 140
256 1076 1 2 2
500 1077 1 2 2
588 1076 1 1 1
908 1077 8 10 57
1337 1076 8 12 73
1470 1076 13 13 116
351 1079 1 1 1
742 1078 1 1 1
823 1078 1 3 3
941 1078 4 7 26
598 1080 2 4 5
1005 1080 5 5 19
1055 1081 1 1 1
1265 1080 5 6 24
1323 1081 1 1 1
1685 1081 1 1 1
1282 1083 6 7 35
205 1085 1 1 1
1233 1085 8 9 56
1724 1085 1 1 1
1820 1085 3 2 3
749 1086 2 3 4
766 1087 1 1 1
1060 1086 2 3 5
1073 1087 1 1 1
488 1089 2 3 5
954 1088 1 3 3
1017 1088 7 9 51
1199 1089 1 1 1
935 1091 4 6 22
1203 1090 6 5 21
1669 1090 1 1 1
709 1093 1 1 1
852 1092 5 5 18
1274 1093 5 5 25
807 1094 13 7 33
968 1094 1 3 3
490 1096 1 2 2
564 1097 9 12 69
731 1096 3 4 10
826 1097 2 1 2
917 1096 3 5 13
1118 1097 1 1 1
409 1099 4 4 13
443 1098 1 1 1
989 1098 3 5 12
773 1100 4 3 10
1109 1101 1 2 2
488 1103 1 1 1
507 1102 1 1 1
507 1103 19 13 37
746 1104 10 22 74
1391 1104 9 12 75
1533 1104 1 1 1
401 1106 1 1 1
930 1107 9 9 46
1239 1106 5 7 24
143 1108 1 1 1
281 1108 1 1 1
421 1108 4 16 39
715 1109 1 2 2
1040 1109 14 11 64
1164 1109 1 3 3
1308 1109 6 6 23
1410 1108 1 1 1
233 1110 7 6 26
461 1111 1 1 1
607 1111 3 4 10
687 1110 9 17 51
955 1110 1 1 1
1135 1110 1 1 1
20 1112 1 1 1
311 1112 2 1 2
444 1113 1 1 1
1472 1113 2 2 3
400 1115 1 1 1
986 1114 4 6 23
1419 1114 4 3 10
1508 1114 10 10 73
31 1116 1 1 1
405 1117 4 2 8
433 1117 1 1 1
457 1117 2 2 2
726 1117 2 2 3
906 1117 2 1 2
1081 1116 1 1 1
1475 1116 2 1 2
150 1118 1 1 1
714 1118 1 1 1
1229 1118 6 6 26
1377 1118 1 1 1
1527 1119 4 3 6
536 1121 1 1 1
793 1120 19 15 138
1548 1120 9 10 35
1566 1121 1 1 1
637 1123 10 11 48
961 1123 1 1 1
1067 1123 1 1 1
1210 1123 4 3 7
127 1125 1 1 1
527 1125 6 6 30
962 1125 11 12 82
1019 1125 1 1 1
1165 1125 1 3 3
1243 1125 1 1 1
378 1127 2 1 2
472 1126 1 2 2
719 1127 2 3 6
1078 1126 1 1 1
1083 1127 4 13 23
1204 1127 1 1 1
1672 1126 1 1 1
282 1129 1 1 1
298 1129 5 4 12
1488 1129 10 10 61
1592 1129 1 1 1
365 1130 2 2 2
542 1130 18 15 83
939 1130 1 1 1
949 1130 1 2 2
1125 1131 4 6 17
1193 1131 2 4 5
1426 1130 16 10 88
64 1134 3 2 4
441 1134 1 1 1
845 1134 7 7 28
915 1134 1 1 1
999 1134 1 2 2
1462 1135 3 2 5
190 1136 6 4 13
499 1137 1 2 2
1159 1136 10 5 25
759 1138 1 1 1
770 1138 4 6 19
1091 1138 16 13 88
1616 1139 1 3 3
1739 1139 6 5 15
475 1140 2 3 5
535 1140 1 1 1
581 1141 14 19 71
950 1141 3 6 15
979 1140 1 2 2
1184 1141 4 4 15
1503 1140 5 8 21
1670 1141 2 3 3
253 1143 6 12 26
462 1142 1 1 1
523 1143 1 2 2
454 1144 1 1 1
471 1144 3 3 6
790 1146 12 6 43
931 1146 1 1 1
1216 1146 5 4 13
1676 1146 1 5 5
444 1149 2 2 2
575 1149 2 3 5
656 1149 3 1 3
753 1148 1 1 1
1081 1148 2 2 3
1111 1149 2 1 2
1234 1148 4 5 15
1617 1148 2 2 2
723 1150 4 6 16
816 1150 1 1 1
1176 1150 7 10 61
1250 1150 1 1 1
429 1152 3 2 5
647 1152 1 1 1
765 1152 8 5 34
782 1152 4 5 18
897 1154 2 3 5
1008 1154 2 2 2
1150 1154 1 2 2
942 1156 1 1 1
1074 1157 4 1 4
1115 1156 1 2 2
1395 1157 1 1 1
763 1158 1 1 1
931 1158 1 1 1
1193 1159 5 7 22
1170 1160 3 2 5
488 1162 2 4 7
721 1162 2 4 6
1580 1162 1 1 1
420 1164 1 1 1
459 1164 8 4 11
521 1165 1 2 2
539 1164 1 1 1
650 1165 1 1 1
1209 1164 18 9 65
1238 1165 3 3 4
1259 1165 4 5 10
1331 1165 1 1 1
322 1166 1 1 1
1012 1166 1 1 1
105 1169 2 2 3
554 1168 4 7 19
819 1169 3 4 9
1449 1168 12 10 70
1758 1169 1 1 1
228 1170 1 8 8
360 1171 1 1 1
493 1171 1 1 1
537 1171 1 2 2
956 1170 1 1 1
1266 1171 2 2 4
1335 1171 5 5 18
1507 1171 5 5 14
534 1173 1 1 1
745 1172 2 3 4
780 1173 2 4 7
997 1173 1 1 1
1608 1172 1 1 1
1030 1175 2 1 2
1542 1175 2 2 3
1582 1174 2 4 5
363 1177 4 3 10
485 1177 5 4 11
642 1177 1 1 1
703 1176 2 4 7
947 1177 1 1 1
1166 1176 1 1 1
1364 1177 1 1 1
1753 1176 1 1 1
630 1179 3 6 9
1796 1178 8 7 31
126 1180 1 1 1
797 1181 3 7 17
861 1180 1 1 1
923 1181 1 6 6
1751 1181 1 1 1
36 1183 1 1 1
570 1182 2 3 5
1152 1183 1 1 1
389 1184 4 2 5
1120 1184 2 11 11
1230 1185 3 4 8
1412 1185 1 1 1
523 1187 1 1 1
563 1186 7 4 16
709 1186 1 1 1
894 1187 2 3 4
1353 1187 8 10 61
1370 1186 2 3 4
1509 1186 2 1 2
1424 1188 2 2 3
1804 1189 1 1 1
404 1190 1 1 1
406 1191 1 1 1
684 1191 2 2 4
810 1191 3 2 5
903 1191 1 1 1
1524 1191 1 1 1
243 1192 2 2 3
287 1193 1 2 2
595 1192 6 10 38
717 1192 1 1 1
924 1192 1 1 1
953 1193 1 1 1
1040 1193 1 1 1
1175 1192 1 1 1
1538 1193 1 1 1
1614 1193 4 5 8
1670 1193 1 1 1
644 1194 1 1 1
729 1194 2 2 3
764 1194 1 1 1
941 1194 2 1 2
1209 1195 1 1 1
98 1196 1 1 1
808 1197 1 1 1
818 1197 3 5 11
1093 1196 1 1 1
1323 1196 6 3 12
463 1199 1 1 1
690 1199 1 4 4
1085 1199 1 1 1
482 1200 2 2 2
551 1200 1 2 2
670 1201 1 1 1
755 1201 4 6 20
966 1200 1 1 1
1375 1200 1 1 1
1408 1200 1 1 1
623 1203 1 1 1
835 1202 1 1 1
1161 1202 1 1 1
1520 1202 12 12 95
280 1205 4 3 9
651 1204 11 9 37
771 1205 1 1 1
1803 1204 1 1 1
475 1207 3 4 9
958 1206 2 2 3
1080 1206 2 3 4
1208 1206 1 2 2
1397 1207 11 21 83
1697 1207 1 8 8
375 1209 1 1 1
603 1211 2 2 4
996 1210 2 1 2
1653 1211 2 2 3
1715 1211 4 2 5
188 1212 3 2 4
728 1212 8 5 20
951 1213 1 1 1
1286 1212 1 1 1
1358 1212 1 1 1
1625 1213 5 3 10
536 1215 1 3 3
841 1214 1 2 2
882 1214 5 1 5
982 1214 1 1 1
1119 1215 8 13 62
1416 1215 8 13 62
640 1217 4 3 8
853 1216 1 1 1
877 1216 2 4 5
1103 1217 1 1 1
1157 1216 1 1 1
209 1219 1 2 2
661 1219 1 1 1
863 1219 1 1 1
896 1219 1 1 1
1053 1219 1 1 1
1184 1218 3 5 12
1694 1219 1 1 1
189 1220 8 8 43
770 1221 1 1 1
773 1220 1 1 1
1003 1220 1 1 1
1143 1221 1 1 1
1161 1221 1 1 1
527 1222 1 6 6
549 1223 1 5 5
570 1223 1 5 5
1179 1225 1 3 3
745 1226 1 2 2
760 1226 1 2 2
1091 1226 1 2 2
