0 0 1840 1228 2056140
393 0 69 247 5349
467 0 310 332 31792
791 0 11 76 259
814 0 39 122 2129
862 0 66 159 2135
938 0 8 3 21
1037 0 97 94 5879
1186 0 10 6 45
1226 0 101 51 3562
1397 0 68 81 2162
1502 0 20 7 71
1542 0 5 3 14
1582 0 15 5 51
1623 0 5 1 5
1347 17 5 7 22
914 25 1 1 1
1497 26 22 23 362
1536 31 8 10 60
977 33 6 11 54
1187 32 6 11 46
1363 36 4 6 19
1344 42 3 6 14
284 44 48 94 1335
1439 44 1 1 1
916 47 2 4 5
1214 47 11 13 65
1006 52 3 6 14
1338 55 4 6 17
1150 61 3 7 17
922 66 28 26 231
978 70 11 19 94
1100 75 26 37 409
1027 78 4 8 25
1203 80 37 42 702
1542 83 8 10 57
1382 84 4 6 19
1150 86 23 32 457
1192 86 3 5 9
1710 86 30 224 3299
1084 91 6 10 47
1045 95 12 17 163
1491 95 37 32 582
1264 97 2 4 6
582 106 8 12 68
1348 107 13 28 277
768 110 119 202 2964
815 112 5 9 31
1311 117 23 39 590
1061 122 7 12 61
967 124 5 10 43
1121 124 4 7 20
1224 127 3 5 10
1241 126 17 20 252
1269 131 3 5 14
1015 133 4 6 19
1272 135 18 33 471
830 141 7 13 68
1299 144 3 3 7
956 147 4 6 16
1375 147 14 18 195
1558 150 31 22 445
1439 152 115 201 6429
933 160 7 14 82
1100 160 4 7 24
1228 163 2 3 5
1390 167 39 50 931
980 168 4 7 25
895 173 44 68 1176
963 173 9 15 114
1080 175 2 2 4
1331 175 5 22 65
980 176 17 36 349
1230 176 89 163 2600
887 181 2 2 3
1273 181 3 5 11
876 183 10 5 21
1039 182 77 188 3738
1005 186 23 41 388
1156 189 6 7 32
1359 189 13 21 195
953 191 2 3 5
1081 190 4 8 30
889 193 4 2 8
1216 198 3 6 16
1212 204 3 6 13
928 211 43 38 680
1196 212 3 5 9
1569 216 19 21 247
1043 220 2 2 3
887 225 5 10 30
1170 231 17 21 121
1348 230 3 5 13
1012 240 13 22 207
1227 240 2 5 8
896 243 1 1 1
920 242 3 2 4
829 245 4 9 35
843 248 3 2 3
1130 249 12 12 100
458 250 6 15 33
959 251 1 1 1
886 253 20 29 345
821 254 4 7 16
961 254 1 1 1
976 254 1 1 1
919 259 1 2 2
725 260 8 10 67
1219 260 2 3 6
979 263 4 4 10
1404 263 18 23 315
950 265 1 1 1
818 267 1 4 4
855 268 1 1 1
827 271 1 1 1
845 278 5 26 71
989 278 4 16 48
1268 280 2 4 6
818 283 1 1 1
1016 284 4 5 14
1383 285 3 5 12
434 288 6 8 41
491 288 6 8 40
919 289 1 1 1
977 288 1 1 1
837 290 1 1 1
1077 290 3 6 15
903 292 6 10 43
771 294 7 11 65
826 297 5 8 36
944 298 4 7 23
865 300 1 1 1
895 302 3 5 7
930 303 2 1 2
1234 302 121 58 1232
467 304 7 12 64
963 307 17 33 388
916 310 3 8 10
933 311 1 1 1
1141 311 1 3 3
1304 311 3 4 11
852 312 17 13 113
880 312 1 2 2
928 313 6 15 31
1148 315 4 5 14
890 316 2 1 2
1390 316 14 12 116
900 321 7 1 7
1206 320 4 6 18
888 323 1 1 1
946 322 1 2 2
1124 322 4 6 17
499 326 6 9 46
882 326 1 2 2
918 326 1 1 1
954 327 1 2 2
601 330 5 8 30
998 332 13 9 98
649 335 7 9 46
659 335 114 221 6209
890 336 1 1 1
915 337 10 6 23
521 339 4 6 20
722 338 6 10 51
818 343 9 22 148
878 342 1 2 2
538 344 7 10 62
770 345 5 8 35
875 345 1 1 1
884 346 9 8 16
1163 346 3 5 9
874 349 1 1 1
909 349 1 3 3
1204 348 10 12 88
928 351 1 1 1
968 351 1 2 2
527 353 6 6 25
561 352 90 204 3555
835 352 5 8 32
924 355 1 1 1
956 354 1 1 1
883 356 1 1 1
1188 356 3 4 9
1564 356 20 22 321
872 359 17 31 309
916 359 1 1 1
929 361 3 6 8
907 363 4 16 40
965 362 5 7 28
1013 362 8 14 88
1333 362 3 5 13
1399 363 18 24 336
457 365 6 8 38
1117 371 2 4 6
1178 371 7 5 30
824 373 2 1 2
539 376 3 4 11
552 378 5 7 29
976 380 2 4 7
1240 381 2 4 7
903 383 8 15 58
1307 383 4 4 11
1269 385 4 4 12
386 387 7 7 40
1201 387 24 15 191
950 388 14 18 140
1099 388 2 4 7
1557 389 24 28 420
1069 390 12 17 157
1330 400 3 4 11
806 402 4 7 23
1197 407 3 5 10
1212 406 2 2 4
1145 409 2 3 6
1588 409 19 20 304
349 411 5 6 26
998 411 11 7 49
930 413 1 1 1
1050 413 11 17 151
1247 414 2 4 7
1460 414 22 10 85
881 416 87 278 6758
1161 419 5 4 13
988 421 5 9 39
1306 425 4 5 12
1033 432 11 27 143
1161 432 3 4 9
1339 433 25 30 527
852 435 9 13 92
1252 436 14 20 225
520 438 32 10 94
975 439 3 4 9
442 440 7 8 37
1165 441 2 4 7
1215 441 2 3 4
1085 442 1 3 3
558 445 6 7 34
722 451 6 8 40
992 451 2 4 8
1373 450 40 36 1034
1519 452 18 19 239
992 461 12 16 125
1114 460 2 3 6
1181 461 3 4 8
1097 463 9 6 36
394 465 6 7 32
1230 465 3 4 8
1424 467 35 34 787
960 468 3 5 11
1054 468 4 4 11
1013 474 5 7 28
1545 475 6 6 29
213 476 9 3 21
488 477 8 21 106
627 479 3 4 10
1056 479 5 7 29
533 481 5 10 35
548 481 9 17 118
1635 480 22 15 227
831 484 10 18 119
1032 485 5 7 28
879 489 5 8 31
1141 488 8 17 40
1210 488 9 12 86
1083 490 2 4 7
468 492 7 9 48
1405 493 20 24 369
894 497 9 15 100
961 497 1 1 1
1098 496 18 30 441
561 498 4 5 18
966 499 1 1 1
1025 499 3 5 12
423 501 6 6 30
1173 505 3 5 11
794 509 11 29 177
533 512 5 6 27
1497 513 5 5 20
558 515 5 7 27
1188 517 4 3 9
1836 518 4 58 134
1208 520 2 4 7
903 523 5 27 67
1248 525 3 3 8
1119 526 4 5 17
1269 527 3 4 10
974 533 6 9 42
1143 533 2 3 5
439 537 18 8 45
807 537 19 14 97
1069 536 10 14 52
1205 536 4 5 15
538 539 19 11 156
1184 539 3 4 9
1192 543 3 4 10
1762 543 1 2 2
417 547 7 9 51
1754 546 8 22 39
1250 549 3 4 10
1025 550 11 15 132
1206 552 2 3 6
1278 554 3 4 10
1051 556 4 6 17
1173 557 7 7 28
655 558 4 5 19
888 562 3 4 9
1463 564 6 5 28
1645 564 16 11 122
1193 569 20 33 429
762 570 4 6 23
954 572 15 12 100
561 574 7 11 50
1487 575 16 18 219
618 576 5 4 16
983 576 6 8 35
426 579 5 6 26
606 578 3 4 11
864 579 6 11 54
1161 581 3 3 7
1270 580 3 3 7
1053 585 4 6 18
1230 589 3 6 15
1015 591 3 4 9
596 592 7 9 36
1030 593 5 8 32
1065 593 5 7 27
1092 592 5 7 33
766 597 5 6 25
1319 599 3 3 7
1097 600 2 3 5
684 603 6 9 45
963 602 2 4 8
987 602 8 11 74
828 609 22 18 299
1273 608 18 24 358
789 611 8 11 55
1107 611 3 4 11
521 613 3 4 10
735 612 14 18 132
705 614 13 27 194
1055 614 2 3 5
1008 617 3 5 13
1180 616 2 2 4
611 619 5 6 26
762 619 14 15 151
448 620 6 7 34
892 621 2 4 8
1197 620 2 4 8
497 623 12 9 71
552 622 8 9 63
603 625 4 4 11
620 625 2 2 4
679 624 3 3 7
958 627 2 4 8
1185 626 3 4 9
579 631 13 22 82
1174 630 2 3 5
1120 633 2 5 8
1169 634 2 4 8
797 637 1 1 1
794 638 1 1 1
802 638 58 55 844
1163 640 3 4 9
429 642 6 6 28
466 642 6 9 48
645 643 22 24 307
736 643 22 18 225
937 643 11 8 62
704 645 1 2 2
1212 644 3 4 11
451 649 6 7 41
684 649 1 1 1
810 648 2 2 3
1010 649 3 6 17
568 651 10 18 62
790 651 1 1 1
1219 650 3 3 8
1471 653 8 16 72
1156 656 14 8 51
698 659 7 6 31
730 663 1 1 1
1269 663 15 13 125
671 665 5 7 24
1121 664 7 8 44
617 666 1 1 1
862 666 2 3 6
1106 666 2 3 6
1027 669 4 7 21
1357 671 19 24 357
733 674 1 1 1
928 674 3 4 11
602 677 2 2 4
766 676 2 5 7
1129 676 2 2 3
1260 676 3 6 14
649 678 3 4 11
689 678 3 7 20
702 678 1 1 1
725 678 1 2 2
753 678 2 2 3
967 679 8 13 84
396 680 5 6 20
780 681 2 1 2
923 680 20 23 190
994 681 7 9 46
672 683 1 1 1
1183 683 2 3 6
675 685 7 8 45
1148 685 6 4 12
437 686 5 5 23
588 686 5 6 22
616 686 5 6 26
1304 686 13 15 147
696 688 1 1 1
1090 688 11 16 154
1130 690 3 3 7
1251 691 3 4 9
852 692 3 4 6
1042 693 2 2 3
684 694 154 70 2303
643 696 9 5 31
739 698 2 1 2
1177 700 2 3 6
1054 703 3 4 9
1370 703 11 19 126
467 707 1 2 2
1280 707 14 18 206
472 712 6 4 20
915 715 5 8 32
1464 715 31 21 516
394 716 7 7 41
647 717 6 7 35
854 717 5 8 32
1190 717 2 3 6
1556 717 7 6 33
428 719 5 5 22
481 720 16 8 77
950 723 2 4 8
994 723 3 4 10
540 724 8 8 53
1155 727 3 4 11
965 728 3 5 12
1430 729 7 7 35
983 730 1 1 1
1077 730 2 1 2
1229 732 3 3 7
559 734 3 4 11
1629 737 18 18 263
978 738 5 12 44
1134 738 3 5 14
523 741 8 9 54
583 740 1 1 1
942 741 1 1 1
1005 741 11 13 70
364 743 7 6 31
645 743 292 115 9550
1163 742 1 1 1
1324 743 1 2 2
628 744 6 7 35
804 746 4 6 16
1120 747 2 3 4
1171 747 9 8 24
502 749 1 1 1
471 750 13 6 30
787 750 2 3 5
1051 751 5 14 33
434 753 6 7 36
792 755 1 1 1
1132 755 3 4 7
579 757 2 7 8
1163 757 2 3 5
794 758 1 2 2
776 761 1 1 1
796 760 1 3 3
1147 760 3 7 9
1226 760 3 3 7
326 762 16 11 61
1079 763 2 2 4
588 764 1 1 1
481 767 7 7 38
527 766 4 5 15
861 767 2 2 3
775 768 48 56 1052
823 769 2 4 8
1479 768 2 1 2
752 771 1 1 1
1093 771 3 4 10
406 773 9 9 61
753 773 1 2 2
894 773 85 81 2062
1076 772 2 2 4
763 775 2 3 3
830 775 1 1 1
600 777 2 1 2
454 782 6 5 22
758 782 3 5 9
609 785 4 4 10
503 788 4 2 6
597 790 10 5 24
1519 790 2 2 4
565 793 3 2 5
577 796 2 1 2
1109 797 1 1 1
574 798 1 1 1
724 799 1 1 1
1135 798 3 4 11
1382 799 14 17 203
528 800 12 7 40
730 801 1 1 1
613 802 14 27 203
1171 802 2 3 6
1273 803 16 21 254
474 804 1 1 1
478 806 7 2 8
501 807 4 2 6
771 807 1 2 2
908 806 4 6 23
794 812 1 1 1
551 815 539 220 42800
1150 817 2 3 4
1194 819 2 4 6
415 820 6 2 10
644 820 2 2 3
1489 820 1 1 1
565 823 11 11 42
1142 823 2 3 4
1180 822 3 3 6
1216 823 10 11 48
461 825 1 1 1
511 824 2 2 3
405 826 1 1 1
479 827 15 6 38
536 828 1 1 1
304 830 6 6 33
577 831 2 2 3
1139 831 1 3 3
595 833 3 1 3
600 832 3 1 3
968 832 9 13 97
1154 835 2 3 4
456 836 3 2 5
312 838 5 3 11
530 838 8 13 77
1237 839 18 19 249
623 840 2 2 4
1017 840 1 2 2
491 842 3 5 13
1217 843 3 4 10
708 845 4 2 5
389 846 5 2 9
957 846 7 21 74
413 849 1 1 1
424 848 5 5 21
571 848 3 1 3
581 849 3 3 7
896 851 1 1 1
584 853 1 1 1
618 854 2 2 3
541 859 5 5 18
726 858 11 5 44
1194 859 31 28 395
480 860 5 6 18
1633 860 6 4 15
1141 863 7 4 23
346 864 4 4 14
1184 865 2 3 5
413 867 1 1 1
503 867 9 5 32
826 867 5 6 24
587 869 9 2 12
635 871 2 2 2
239 873 3 2 5
805 873 3 5 12
600 875 4 6 20
1476 875 6 7 31
490 877 4 2 6
517 877 17 22 124
1004 877 3 5 14
255 878 2 2 4
426 878 1 3 3
1175 878 2 1 2
154 880 3 1 3
206 880 5 4 16
867 881 2 1 2
587 883 6 7 38
34 885 2 1 2
313 885 6 6 25
338 884 5 5 19
373 884 7 3 9
483 887 18 5 37
562 887 2 2 3
1113 887 3 4 9
370 888 2 3 6
410 888 3 10 13
714 889 6 9 45
768 888 8 11 68
921 888 2 4 7
328 891 9 10 69
1142 890 5 6 26
65 892 1 1 1
470 895 4 2 5
693 895 4 4 15
975 899 1 1 1
1074 899 2 11 12
446 900 4 2 5
467 901 2 1 2
535 900 3 1 3
809 900 3 5 12
969 900 2 2 2
368 903 11 5 28
433 902 2 2 4
1192 903 3 5 11
1407 903 12 4 21
28 905 4 1 4
420 905 4 2 8
551 905 6 7 31
1254 905 2 4 7
296 907 1 1 1
387 907 2 2 2
568 907 2 1 2
1606 906 1 1 1
499 909 1 1 1
452 911 1 2 2
1172 910 2 3 6
1619 913 18 19 248
406 914 2 1 2
478 915 2 2 4
1401 917 12 5 35
285 918 9 12 55
508 918 1 1 1
368 920 1 1 1
387 921 6 6 30
7 923 2 2 3
435 922 1 1 1
1161 923 1 3 3
1212 923 1 3 3
1292 923 12 14 129
1698 922 1 1 1
1069 925 1 2 2
1238 924 4 1 4
1754 925 1 1 1
1807 924 2 1 2
261 927 1 2 2
471 931 3 2 6
545 930 2 2 3
1259 930 2 4 5
378 933 3 2 5
465 933 1 2 2
507 933 2 1 2
106 935 1 1 1
1242 934 2 3 4
1254 934 1 1 1
495 936 1 1 1
517 937 5 6 16
1173 937 1 3 3
119 939 1 1 1
532 938 9 11 71
1434 940 5 7 26
1460 940 8 6 29
94 942 1 1 1
452 943 2 1 2
1055 942 1 3 3
81 947 5 3 12
388 946 3 3 6
460 946 29 17 155
1148 946 3 4 9
1321 947 19 22 306
1060 951 1 1 1
1197 950 2 3 5
1349 951 2 2 4
60 953 2 2 3
353 953 2 2 4
515 952 1 1 1
1095 953 3 4 10
37 954 1 2 2
300 954 1 2 2
208 957 2 1 2
1227 957 15 18 198
521 958 2 1 2
1210 959 2 3 4
329 961 4 2 6
198 963 2 1 2
500 963 29 16 143
1073 964 2 3 6
1124 965 5 4 14
1138 964 1 2 2
1460 965 28 32 605
267 967 1 1 1
1171 967 2 3 5
1556 967 1 1 1
1583 967 2 1 2
334 968 3 2 6
546 968 5 2 9
100 970 2 1 2
292 970 1 2 2
1142 970 2 3 4
1520 971 17 18 246
1541 971 3 1 3
288 973 12 26 82
341 972 5 12 31
1344 972 11 13 103
384 974 9 6 36
460 975 3 5 6
535 975 8 9 22
1505 975 2 1 2
232 977 7 7 38
1165 976 2 2 4
574 978 1 1 1
1059 978 7 4 18
188 981 5 2 8
397 981 1 2 2
1118 980 3 5 10
10 982 1 1 1
268 983 1 1 1
545 983 16 9 51
1133 983 1 2 2
352 984 3 4 12
580 984 1 1 1
1090 984 3 3 7
1591 984 1 1 1
129 987 2 1 2
506 986 3 4 12
1100 987 1 1 1
123 988 4 1 4
362 988 17 17 121
1248 989 2 3 4
88 990 1 1 1
528 990 2 1 2
633 991 1 1 1
509 992 4 4 11
583 992 3 2 5
7 994 1 1 1
249 995 12 5 34
614 994 3 2 4
640 994 5 4 11
1519 994 1 1 1
140 996 15 14 58
174 997 3 2 5
348 996 4 2 7
439 997 3 2 5
456 997 1 1 1
676 997 11 33 158
1042 997 2 3 4
598 998 1 1 1
696 998 42 61 870
312 1000 1 2 2
335 1000 1 2 2
540 1000 3 4 9
576 1001 3 1 3
1280 1000 17 20 257
246 1003 1 1 1
505 1003 4 3 7
1445 1003 5 6 26
104 1005 2 1 2
178 1005 4 3 12
202 1004 20 6 37
406 1004 3 1 3
1112 1005 1 2 2
91 1007 2 1 2
378 1007 1 2 2
560 1006 3 3 8
1083 1006 2 4 8
1597 1006 2 1 2
1719 1007 1 1 1
410 1009 1 1 1
606 1008 23 7 55
787 1008 7 4 18
1784 1008 1 1 1
169 1011 6 12 47
185 1010 15 14 95
318 1011 2 2 3
434 1011 1 2 2
1126 1010 10 14 107
57 1012 2 1 2
256 1013 7 12 21
337 1013 4 3 5
580 1012 1 1 1
749 1013 1 1 1
535 1015 5 7 28
649 1014 1 1 1
823 1015 1 1 1
1034 1015 8 12 62
1054 1015 1 3 3
1170 1015 1 2 2
1347 1015 4 5 16
43 1016 3 2 4
85 1016 3 2 4
463 1016 19 24 138
826 1016 1 1 1
9 1018 1 1 1
275 1019 5 3 10
458 1018 1 2 2
631 1020 6 8 36
727 1020 6 3 14
745 1021 1 1 1
327 1023 1 1 1
416 1023 9 2 10
558 1022 2 3 6
1100 1023 15 13 117
71 1024 1 1 1
599 1024 1 1 1
746 1024 4 3 5
780 1025 1 1 1
1241 1024 1 1 1
1556 1025 2 2 3
227 1026 1 1 1
243 1026 3 2 5
321 1026 1 1 1
407 1026 1 1 1
485 1026 3 1 3
575 1026 1 1 1
585 1027 2 2 3
611 1027 2 2 4
658 1026 3 2 5
788 1026 2 1 2
129 1028 1 1 1
449 1029 6 9 27
554 1028 1 1 1
831 1029 1 1 1
876 1028 17 29 170
1189 1028 13 15 143
1529 1028 1 1 1
81 1030 1 1 1
793 1031 2 2 4
141 1032 5 3 8
192 1032 1 1 1
205 1033 1 1 1
500 1033 29 4 85
663 1033 10 9 58
43 1035 3 2 5
423 1035 2 1 2
552 1035 2 3 6
627 1034 2 2 4
694 1034 2 1 2
738 1034 10 6 38
306 1037 3 2 5
400 1036 3 11 32
612 1036 9 8 34
871 1036 2 2 4
1052 1036 5 6 19
1150 1037 2 2 4
212 1038 4 3 9
339 1039 2 2 3
365 1039 3 3 7
1127 1039 3 1 3
1387 1039 1 1 1
1434 1039 13 14 144
107 1040 12 10 40
155 1040 3 2 5
434 1040 11 5 27
534 1040 4 5 16
632 1041 6 4 14
651 1040 4 2 8
1121 1041 1 1 1
1363 1041 2 2 2
1483 1041 6 3 12
55 1042 4 3 9
287 1042 4 9 27
560 1042 6 11 42
825 1043 7 14 40
234 1044 2 1 2
773 1044 6 7 31
1075 1044 1 1 1
228 1047 1 1 1
369 1046 2 1 2
444 1047 9 11 55
927 1046 1 1 1
1265 1046 15 18 213
1529 1047 39 17 526
15 1048 6 3 14
938 1048 4 5 14
192 1051 6 3 10
659 1051 24 12 65
803 1051 1 1 1
245 1053 4 12 34
398 1053 1 1 1
495 1052 3 4 7
739 1052 3 5 15
781 1052 2 1 2
801 1053 1 1 1
970 1053 3 3 6
1640 1052 7 2 12
151 1054 2 2 3
268 1055 5 4 14
379 1055 2 1 2
620 1055 13 5 38
793 1054 1 1 1
988 1054 3 10 19
1456 1055 5 5 18
32 1056 3 2 4
120 1057 2 2 3
142 1056 6 3 14
368 1057 2 1 2
394 1057 4 4 10
510 1056 1 1 1
597 1056 8 5 19
964 1056 1 1 1
1023 1056 1 5 5
1060 1056 3 5 11
1152 1057 2 3 4
1305 1056 5 2 8
111 1059 6 2 9
647 1059 1 1 1
165 1061 2 1 2
293 1060 2 1 2
556 1061 1 2 2
589 1060 3 1 3
910 1060 2 1 2
1073 1061 1 1 1
1111 1060 3 4 10
94 1063 2 1 2
424 1062 2 2 4
455 1062 6 4 15
516 1062 1 1 1
815 1063 6 6 20
947 1063 3 1 3
355 1065 5 3 12
386 1064 5 10 19
430 1064 4 5 19
685 1064 8 6 21
830 1064 3 2 6
890 1065 1 1 1
1005 1064 3 5 13
1102 1065 2 3 6
1253 1064 2 3 4
1572 1064 1 1 1
324 1066 1 1 1
472 1067 7 1 7
755 1066 5 5 11
855 1066 9 9 36
902 1067 5 10 30
34 1069 1 1 1
124 1068 4 2 5
136 1069 1 1 1
192 1068 6 3 13
260 1068 4 2 5
280 1068 3 1 3
295 1068 7 3 11
344 1068 5 3 8
565 1068 5 1 5
617 1069 1 1 1
644 1069 2 3 5
1235 1068 5 3 12
548 1071 2 1 2
649 1071 42 52 565
695 1071 1 1 1
372 1072 2 5 8
437 1072 11 17 131
777 1073 30 13 114
931 1073 1 1 1
1136 1072 7 4 10
44 1074 8 10 26
256 1075 3 1 3
623 1074 12 7 33
683 1074 1 1 1
869 1075 3 2 5
923 1074 1 1 1
933 1074 1 1 1
941 1075 3 5 11
1026 1074 1 1 1
1192 1074 9 12 94
1282 1074 1 1 1
83 1077 2 1 2
145 1077 11 3 14
213 1077 1 1 1
217 1076 4 1 4
339 1077 33 23 230
407 1077 8 28 67
476 1076 7 7 35
1083 1076 3 6 16
1095 1076 1 1 1
1129 1076 3 3 9
512 1078 10 14 47
546 1078 1 1 1
608 1079 1 1 1
998 1078 1 1 1
1040 1079 3 5 10
692 1081 2 4 5
699 1080 28 31 164
826 1080 10 16 51
886 1080 2 1 2
1023 1081 1 1 1
1255 1081 4 6 11
209 1083 3 2 5
234 1083 6 4 16
279 1083 18 10 51
306 1082 5 4 12
327 1083 2 2 3
460 1082 2 4 8
544 1083 1 1 1
612 1082 6 5 15
808 1083 1 1 1
920 1083 1 1 1
91 1085 1 1 1
258 1084 8 7 16
337 1085 1 3 3
396 1085 4 3 7
569 1085 7 2 9
720 1084 2 2 3
810 1084 1 1 1
813 1085 1 1 1
1213 1085 29 28 300
1345 1084 1 1 1
41 1087 1 1 1
313 1086 12 11 43
487 1086 2 3 6
784 1087 1 1 1
815 1086 1 1 1
818 1087 1 1 1
863 1086 2 4 5
896 1087 6 2 11
1184 1087 8 4 25
1684 1087 1 1 1
0 1089 9 9 26
430 1088 1 1 1
933 1088 1 1 1
448 1090 8 13 25
589 1090 1 1 1
786 1091 2 2 2
875 1091 3 2 4
891 1091 3 2 3
1467 1091 2 2 3
20 1093 2 1 2
157 1093 4 3 8
563 1093 1 1 1
735 1093 2 1 2
769 1092 2 1 2
910 1093 2 1 2
981 1092 1 1 1
1043 1092 3 2 5
1342 1092 5 6 19
1388 1092 1 1 1
82 1095 4 2 7
230 1094 1 1 1
495 1094 6 4 14
538 1095 2 1 2
548 1095 3 3 3
479 1096 2 1 2
568 1097 13 9 33
589 1097 67 69 798
621 1096 1 1 1
789 1097 21 24 184
1262 1097 1 1 1
1322 1096 1 1 1
25 1098 2 2 4
524 1099 4 3 11
922 1099 6 13 41
1127 1098 1 3 3
1445 1099 3 2 3
31 1100 7 3 16
92 1100 4 2 8
863 1101 1 3 3
1167 1101 1 3 3
101 1103 7 4 14
423 1103 17 15 59
483 1103 11 4 19
457 1104 2 1 2
623 1105 1 1 1
774 1105 4 6 14
1075 1104 2 4 7
16 1106 3 2 4
275 1106 1 1 1
339 1106 1 2 2
386 1106 1 1 1
415 1107 1 1 1
504 1107 1 1 1
540 1107 3 2 5
1176 1107 1 1 1
1734 1106 1 1 1
43 1109 2 1 2
326 1108 1 1 1
350 1108 44 28 229
1129 1109 1 1 1
49 1111 3 2 5
405 1111 1 2 2
461 1111 13 20 65
1489 1111 1 1 1
267 1113 3 1 3
305 1112 4 3 10
573 1112 12 8 25
69 1115 10 7 24
96 1114 1 1 1
144 1114 8 6 15
162 1115 3 1 3
253 1115 4 4 13
317 1115 21 13 79
512 1114 7 6 17
711 1114 10 10 45
731 1114 1 1 1
782 1114 4 11 38
831 1114 21 8 81
1154 1114 1 1 1
1355 1114 16 19 225
1576 1115 4 6 14
1661 1114 30 18 257
525 1116 17 26 159
554 1116 11 4 25
733 1116 4 3 6
760 1117 5 4 13
886 1117 6 11 52
903 1119 1 4 4
89 1120 1 1 1
488 1120 23 38 494
1107 1121 8 4 16
1181 1120 2 2 3
269 1123 6 4 9
410 1122 3 4 8
453 1122 1 1 1
693 1122 1 1 1
1065 1123 1 1 1
1598 1122 1 1 1
585 1125 2 2 3
685 1125 3 10 13
773 1125 7 4 28
1003 1125 2 1 2
1036 1125 1 2 2
1124 1124 1 1 1
1554 1125 3 3 6
34 1126 11 5 36
248 1126 1 1 1
550 1127 2 2 4
565 1126 3 3 9
670 1127 1 1 1
1395 1127 4 2 5
1521 1127 1 1 1
1566 1127 3 5 8
64 1128 1 1 1
94 1129 3 1 3
230 1129 12 5 32
305 1129 6 2 8
789 1128 4 3 6
879 1128 1 1 1
918 1128 13 8 41
1699 1129 8 4 14
1749 1128 6 2 11
131 1131 1 2 2
165 1130 1 1 1
221 1130 1 1 1
1076 1130 1 4 4
1093 1131 1 3 3
8 1133 1 1 1
48 1132 2 1 2
107 1133 1 1 1
339 1133 14 5 43
419 1132 8 5 27
555 1132 2 1 2
662 1132 3 7 16
769 1133 4 4 13
1197 1133 1 1 1
1822 1133 3 2 3
207 1134 1 1 1
710 1135 1 1 1
784 1135 1 1 1
824 1134 1 1 1
251 1136 1 1 1
585 1137 1 1 1
596 1136 5 3 11
368 1139 1 9 9
457 1139 1 1 1
481 1139 1 1 1
659 1139 1 1 1
687 1139 12 7 31
931 1138 4 1 4
1478 1139 1 1 1
1539 1138 5 4 11
1604 1139 4 2 7
74 1140 4 3 9
145 1140 1 1 1
289 1141 9 6 36
674 1141 1 1 1
1017 1141 1 3 3
1140 1140 2 5 9
1775 1140 2 1 2
89 1143 1 1 1
430 1142 1 1 1
458 1142 22 5 45
551 1143 3 3 5
590 1142 4 3 6
1522 1142 16 15 176
1723 1142 2 1 2
326 1145 2 4 5
433 1144 6 7 25
578 1145 1 1 1
669 1145 1 1 1
763 1145 2 2 3
776 1145 3 1 3
975 1145 2 2 3
991 1145 3 2 5
996 1144 2 1 2
244 1146 9 4 28
406 1147 2 2 4
640 1147 17 21 154
716 1146 1 1 1
889 1147 3 5 10
956 1146 3 1 3
1745 1146 6 3 12
121 1149 14 5 28
193 1149 11 4 29
387 1148 2 1 2
418 1149 1 1 1
599 1148 3 4 9
665 1148 2 2 3
828 1149 1 2 2
61 1150 1 1 1
265 1151 3 2 4
420 1151 1 1 1
635 1150 1 1 1
680 1150 1 1 1
861 1150 5 8 29
1042 1150 2 4 6
1112 1150 1 3 3
1499 1150 2 1 2
0 1153 4 1 4
20 1152 30 15 132
63 1153 10 14 52
177 1153 2 2 3
263 1153 1 1 1
347 1152 1 1 1
636 1152 2 1 2
725 1153 1 1 1
1611 1153 1 1 1
261 1154 1 1 1
380 1155 5 4 17
399 1155 6 6 16
424 1154 5 6 25
564 1154 5 6 14
778 1155 13 14 75
904 1154 1 1 1
1161 1154 1 1 1
1183 1154 1 3 3
101 1156 12 5 33
269 1157 17 18 64
527 1156 13 6 22
572 1157 8 16 66
682 1157 1 1 1
816 1157 2 5 8
456 1158 11 4 16
476 1158 3 4 10
712 1158 1 1 1
763 1159 1 1 1
919 1159 1 1 1
947 1159 3 2 5
1363 1158 1 1 1
1366 1159 3 2 3
1676 1158 2 1 2
140 1160 4 4 10
359 1161 2 2 3
595 1160 1 1 1
378 1162 20 18 172
720 1163 4 11 22
761 1162 1 1 1
1047 1163 3 2 4
1096 1162 13 14 70
1218 1162 2 1 2
1374 1163 4 5 14
132 1165 5 2 6
161 1164 1 1 1
299 1164 5 4 17
305 1164 42 24 134
514 1165 8 4 16
543 1165 7 3 14
557 1164 2 2 4
667 1165 5 3 11
1018 1164 1 1 1
1497 1164 1 1 1
156 1166 1 1 1
371 1166 5 5 19
605 1167 1 1 1
811 1167 5 2 6
906 1166 1 1 1
1301 1166 3 2 3
1699 1167 1 1 1
536 1169 3 2 5
709 1168 1 1 1
1713 1169 1 1 1
26 1171 4 3 10
193 1170 2 1 2
243 1171 2 2 3
347 1170 1 1 1
467 1170 6 10 20
632 1171 6 6 11
691 1171 1 1 1
941 1170 2 2 3
1129 1171 1 4 4
80 1173 1 1 1
206 1173 11 5 27
405 1172 4 9 28
426 1173 1 1 1
444 1172 7 2 8
820 1173 1 3 3
1544 1172 2 2 3
1657 1173 1 1 1
85 1175 1 1 1
125 1175 1 1 1
187 1175 2 1 2
656 1175 1 1 1
1460 1175 1 1 1
1630 1175 1 1 1
20 1177 2 2 3
134 1176 2 1 2
254 1176 11 9 26
591 1176 3 2 5
646 1177 1 1 1
668 1177 13 16 91
978 1177 1 1 1
1662 1176 8 10 28
143 1179 16 9 86
353 1178 5 8 22
487 1179 1 1 1
602 1179 1 9 9
701 1178 1 1 1
794 1178 16 14 76
816 1179 4 2 5
868 1179 1 1 1
969 1179 2 1 2
981 1179 1 1 1
1559 1178 2 1 2
90 1180 10 8 36
184 1181 1 1 1
201 1180 2 2 4
293 1181 1 1 1
427 1180 5 2 10
455 1180 5 5 23
513 1181 2 1 2
753 1180 2 1 2
919 1180 1 1 1
1172 1180 10 3 17
1543 1180 5 10 14
1598 1181 4 3 8
47 1183 1 1 1
275 1183 7 5 25
290 1183 1 1 1
493 1183 1 2 2
546 1182 2 1 2
81 1184 2 1 2
241 1184 3 3 5
747 1184 1 1 1
21 1187 1 1 1
75 1186 1 2 2
172 1187 3 2 5
221 1186 4 2 6
345 1187 4 3 9
386 1186 1 1 1
571 1186 11 12 52
612 1186 10 8 46
632 1187 9 10 54
1092 1187 1 1 1
1474 1187 13 13 67
1674 1187 2 4 8
119 1188 3 10 12
315 1188 2 3 6
361 1189 1 1 1
404 1189 1 2 2
454 1189 1 2 2
717 1189 1 1 1
872 1189 1 1 1
1461 1188 1 1 1
99 1190 1 1 1
139 1190 2 2 3
194 1191 1 1 1
205 1190 3 7 9
341 1191 1 1 1
438 1190 11 6 24
490 1190 1 1 1
549 1190 4 3 8
590 1191 4 2 8
754 1191 2 2 3
1549 1190 2 2 3
284 1193 12 16 75
317 1192 6 3 15
501 1192 1 1 1
495 1193 29 21 216
816 1193 2 1 2
874 1192 2 1 2
1209 1192 2 2 3
65 1195 9 8 32
111 1195 1 1 1
172 1194 7 9 23
502 1195 1 1 1
647 1195 3 1 3
939 1195 2 4 6
1735 1195 1 2 2
87 1196 3 3 5
333 1197 2 2 4
728 1197 1 3 3
1188 1196 2 1 2
1347 1197 5 7 17
1454 1197 12 12 109
1564 1197 2 1 2
1582 1197 3 1 3
466 1199 2 1 2
468 1199 22 29 185
1201 1198 7 7 37
1657 1198 1 1 1
1775 1199 2 2 3
5 1200 1 1 1
189 1200 1 1 1
207 1201 1 1 1
238 1200 1 1 1
259 1200 29 12 132
367 1200 2 1 2
704 1200 2 2 2
1254 1200 2 2 3
1827 1201 1 1 1
165 1203 1 1 1
167 1202 1 1 1
391 1203 1 1 1
678 1202 2 1 2
818 1203 3 2 5
1523 1202 1 9 9
1698 1203 1 1 1
0 1205 4 2 8
326 1205 3 2 4
341 1204 2 4 5
488 1205 1 1 1
605 1204 3 7 12
1034 1204 2 4 8
1412 1204 2 1 2
1436 1204 2 1 2
1596 1204 2 1 2
1651 1205 2 3 4
458 1207 5 14 30
574 1206 6 6 21
648 1207 7 11 38
782 1206 1 1 1
797 1206 1 1 1
1143 1207 2 3 6
1245 1206 3 2 5
1427 1206 1 1 1
94 1208 5 4 5
359 1208 1 1 1
533 1208 2 2 4
545 1208 17 11 50
594 1208 2 1 2
685 1208 1 1 1
772 1209 4 3 6
816 1209 1 2 2
1096 1208 2 3 6
1397 1208 2 2 3
1565 1208 1 1 1
1576 1208 1 1 1
301 1210 3 1 3
344 1210 1 1 1
363 1211 8 17 66
598 1211 6 3 18
1604 1211 1 1 1
1133 1212 1 2 2
1260 1213 1 2 2
325 1215 1 1 1
588 1215 1 1 1
628 1215 1 2 2
1189 1214 5 4 13
1417 1214 1 1 1
39 1217 14 11 91
349 1216 1 1 1
396 1216 9 5 19
415 1217 2 3 6
445 1217 1 1 1
582 1216 5 3 9
1432 1217 10 4 23
1513 1216 2 1 2
1533 1217 1 2 2
1545 1216 1 1 1
1611 1217 4 2 6
94 1218 23 10 153
177 1218 6 3 17
214 1219 1 1 1
216 1218 1 1 1
280 1218 2 10 14
350 1219 2 3 4
495 1219 1 1 1
675 1219 4 3 8
12 1221 2 2 2
138 1221 1 1 1
560 1220 2 2 3
710 1220 2 1 2
777 1220 1 1 1
895 1220 10 8 41
1307 1221 1 1 1
1624 1221 1 1 1
147 1223 1 5 5
183 1223 7 5 33
386 1222 1 1 1
409 1223 2 5 10
637 1223 4 5 13
880 1223 4 5 20
1519 1222 1 1 1
1780 1222 2 1 2
24 1225 7 3 15
313 1225 2 3 5
422 1224 3 4 12
533 1225 1 3 3
622 1224 1 4 4
758 1224 1 4 4
1078 1225 1 3 3
1401 1225 6 3 18
0 1227 2 1 2
170 1226 2 2 4
338 1226 5 2 7
671 1227 2 1 2
1561 1227 3 1 3
