0 0 1840 1228 2089949
99 0 218 136 9109
461 0 18 17 210
635 0 5 5 20
688 0 250 141 13257
958 0 16 43 404
1020 0 15 15 174
1141 0 16 18 233
1218 0 2 4 7
1295 0 218 166 9629
1361 0 10 2 15
1249 7 15 13 58
652 11 13 14 93
940 12 2 5 8
360 15 5 6 26
994 14 1 5 5
672 19 4 6 17
1033 21 3 5 11
1244 25 2 3 4
588 27 1 2 2
614 28 13 20 202
1300 28 5 5 13
823 35 2 5 10
1313 35 4 6 15
537 39 6 8 37
939 38 4 9 31
1216 39 3 7 19
378 41 5 7 22
1009 40 9 10 65
1121 45 19 28 416
582 46 3 4 9
1267 46 4 6 19
1305 49 2 2 2
785 51 12 5 47
410 53 5 6 23
546 53 9 11 57
1227 52 2 3 4
449 55 3 4 10
968 59 4 11 30
1041 58 3 6 13
1242 59 3 4 11
1249 61 15 8 37
993 66 20 12 102
1079 67 3 5 9
416 69 11 13 98
396 73 4 7 22
789 72 2 4 7
897 73 3 9 20
350 77 6 8 37
483 79 7 4 21
655 78 4 6 19
1171 82 1 2 2
411 84 5 7 25
1187 85 3 3 6
977 88 17 15 140
783 91 9 15 99
479 92 4 6 20
388 94 6 9 40
475 99 4 6 18
663 98 9 27 116
820 98 6 7 32
1165 100 3 4 8
520 102 4 5 15
1253 102 2 4 6
643 107 12 18 166
1130 108 1 2 2
978 111 3 12 25
1155 113 2 4 6
474 114 12 13 30
1048 119 2 5 10
1169 119 1 3 3
1572 118 7 8 43
1179 121 2 3 5
539 123 5 8 34
982 125 1 3 3
526 132 3 10 15
678 134 5 8 35
510 139 3 5 13
1088 138 2 4 7
1183 139 2 4 6
1210 139 4 6 19
301 142 7 8 44
990 144 8 7 27
1111 145 16 19 212
1272 145 8 4 25
572 146 2 5 8
1009 147 10 8 32
1255 147 2 4 6
315 149 7 8 43
1216 148 2 3 6
1225 149 10 17 123
663 151 11 15 117
967 150 7 19 70
1155 151 24 37 656
586 152 13 20 158
701 152 22 23 212
856 152 22 11 70
907 152 3 2 3
923 155 1 1 1
1297 156 2 3 5
522 158 2 4 7
634 159 3 4 12
893 158 10 5 14
1325 158 2 4 6
492 162 14 7 27
882 163 1 1 1
916 163 3 5 8
832 164 9 14 102
996 165 1 2 2
688 166 6 9 44
1207 166 1 1 1
464 168 4 4 12
431 172 5 5 21
1195 172 15 17 38
1238 173 17 24 289
871 175 37 15 140
855 176 3 8 19
910 176 1 1 1
1363 176 2 3 4
937 180 1 4 4
1293 180 2 3 4
929 185 1 1 1
945 184 4 3 6
916 187 4 7 16
927 186 1 1 1
1213 186 4 7 25
499 189 3 6 16
605 189 2 2 4
835 189 2 4 5
1282 189 2 3 5
952 191 9 6 26
1151 190 1 2 2
1340 190 1 2 2
540 192 5 5 16
619 192 4 6 18
929 195 1 2 2
938 194 1 1 1
1009 194 6 7 31
1303 194 3 3 6
824 198 8 13 71
973 199 1 1 1
1095 199 1 1 1
871 200 1 1 1
966 201 2 3 6
1224 203 2 4 6
1297 202 3 4 9
750 204 6 10 33
1150 205 2 3 5
1311 205 3 4 9
918 206 1 1 1
920 207 1 1 1
935 207 1 3 3
1053 207 6 19 79
1325 207 4 6 17
520 208 5 6 15
886 209 1 1 1
902 208 3 4 7
969 208 16 22 155
1291 208 2 3 5
871 211 1 2 2
887 211 1 2 2
962 213 4 2 8
1003 212 7 13 72
1037 212 2 5 9
1136 213 2 3 4
1383 212 3 4 8
839 215 1 1 1
845 217 13 4 24
1237 216 3 3 6
860 219 2 2 3
1264 219 3 3 7
571 221 1 2 2
601 221 5 10 44
626 221 11 16 134
669 221 6 8 36
817 220 2 4 8
1332 221 2 3 6
1465 221 6 8 35
1505 221 15 8 90
796 226 29 37 611
409 229 7 7 26
995 229 5 9 38
1016 228 4 6 19
1272 229 9 11 81
375 231 6 6 27
866 230 84 80 2031
1048 231 1 3 3
1188 231 15 42 408
1225 233 2 4 7
589 237 5 9 26
1037 236 4 6 21
1285 241 2 3 5
485 243 7 3 12
528 243 3 5 14
656 246 7 5 25
539 250 23 25 189
851 251 3 6 13
1020 251 4 7 23
291 252 7 6 29
1268 252 2 3 6
1432 252 29 42 823
1004 254 1 1 1
1260 255 2 5 8
1339 254 2 3 4
1007 256 2 3 6
1159 260 20 31 501
1015 263 27 43 914
1000 267 1 1 1
494 268 3 4 11
1006 269 1 1 1
1323 272 2 4 7
538 274 6 5 13
619 274 7 10 51
1496 277 15 12 127
1002 279 1 2 2
1347 279 2 3 5
728 281 14 11 90
835 281 1 1 1
931 283 27 18 148
1378 282 28 27 494
670 286 2 3 4
965 287 1 3 3
993 286 2 2 3
535 289 5 7 29
637 291 3 4 10
897 291 2 5 9
679 293 3 5 13
1227 292 2 3 5
975 295 9 7 37
576 297 4 4 15
930 299 1 1 1
1601 300 26 23 441
603 303 4 3 9
816 302 2 4 7
684 305 15 12 104
1010 305 2 1 2
1520 306 5 4 16
1309 308 2 2 4
641 310 13 11 81
1295 310 12 6 23
1169 313 3 3 6
914 314 9 32 121
1024 315 3 4 9
1284 314 2 5 8
528 319 3 4 11
755 318 5 8 32
887 319 9 12 49
501 320 11 5 36
964 321 2 4 6
346 323 5 5 20
841 322 1 1 1
906 325 3 4 9
1000 326 1 2 2
1002 329 11 6 53
554 330 3 4 8
1346 331 3 3 7
587 332 4 6 22
543 334 3 4 12
639 334 15 8 74
827 334 1 1 1
931 335 3 6 16
988 334 3 8 19
1243 334 2 3 5
969 339 2 3 6
691 341 5 4 12
718 340 10 16 121
857 341 3 6 14
1338 340 3 3 7
1023 342 1 4 4
533 344 4 3 10
601 344 6 7 33
1336 344 2 2 3
891 346 1 1 1
956 351 4 9 25
460 357 2 2 4
662 356 3 4 10
888 357 9 13 94
910 360 15 15 65
1059 361 4 5 18
1400 360 21 12 163
1189 363 3 5 13
1258 366 25 32 626
460 369 3 4 11
572 371 6 8 35
720 370 11 18 172
614 373 13 17 165
683 376 6 9 43
516 380 6 7 30
943 383 4 7 21
1027 385 4 5 13
294 386 7 8 47
757 386 1 1 1
760 387 1 1 1
928 387 7 4 10
982 387 3 4 8
995 388 2 4 6
1321 389 3 4 7
733 390 3 5 14
891 391 1 1 1
913 391 13 1 13
1038 391 2 2 4
1136 391 2 3 4
808 392 11 13 99
1201 393 3 5 13
688 394 5 7 27
846 395 10 19 125
969 394 2 2 3
476 399 4 5 17
945 401 1 1 1
1072 401 2 4 8
563 402 14 17 190
786 404 1 1 1
1050 405 3 5 12
1575 405 2 1 2
773 407 3 4 9
912 406 12 6 42
1280 407 2 3 6
758 410 3 4 9
979 410 1 1 1
1175 410 10 13 102
1285 410 26 36 503
877 412 7 9 49
1324 415 2 3 5
1476 414 6 6 29
643 416 2 2 3
1155 417 13 18 174
411 418 5 6 22
1112 421 14 19 208
489 423 9 3 21
649 424 8 12 60
787 425 2 3 5
1254 427 4 6 15
742 429 4 6 17
576 430 2 3 5
630 433 2 2 3
684 433 10 12 89
993 433 3 6 16
1246 433 3 3 7
806 436 13 23 215
1041 437 5 9 40
1220 437 1 2 2
1150 438 2 3 5
1331 438 129 193 4522
900 443 7 1 7
889 444 4 6 22
1006 444 3 5 13
739 446 3 2 4
166 449 122 193 3353
1048 448 4 6 23
326 452 6 8 35
879 453 9 13 97
1189 453 1 2 2
456 455 3 4 10
358 457 9 5 35
906 457 4 3 6
1218 456 6 3 13
1315 457 3 4 11
534 459 3 3 7
616 461 4 3 8
840 461 10 16 100
1000 461 3 4 11
1141 461 13 25 225
1201 460 3 4 11
426 463 3 4 10
459 462 6 7 34
493 463 2 3 5
631 463 2 4 8
648 463 4 27 90
1163 463 15 23 254
551 465 7 8 42
527 467 7 6 35
1353 468 1 3 3
754 471 3 4 11
823 470 1 3 3
1307 470 4 4 11
487 475 13 64 136
858 474 3 6 13
516 476 8 8 54
793 476 14 88 413
892 476 38 17 168
478 478 3 4 10
815 482 10 10 28
1064 483 7 6 19
551 484 4 5 17
966 485 40 35 670
366 488 5 5 22
202 492 6 3 16
305 493 4 4 13
791 493 1 10 10
846 492 4 2 6
1204 495 3 4 10
377 496 11 12 81
548 497 2 3 5
835 497 1 1 1
843 496 1 1 1
740 499 3 15 28
1296 499 2 3 6
823 500 1 1 1
827 501 2 4 8
1272 500 3 2 4
1301 503 13 5 33
779 504 1 2 2
930 507 12 18 186
1054 506 4 8 29
1097 506 2 3 4
858 508 1 1 1
1222 509 2 3 5
479 510 5 5 20
1186 512 2 2 3
1318 514 2 4 8
835 517 29 42 304
628 521 4 5 16
764 521 29 53 600
1241 521 12 26 178
848 524 119 91 5493
821 526 1 3 3
1189 526 5 5 14
1205 526 4 5 15
704 529 14 19 199
866 529 1 1 1
998 528 1 4 4
526 535 6 7 36
816 535 10 28 98
1266 535 3 3 7
1007 537 2 4 8
1283 538 4 5 14
1195 541 4 6 18
514 542 7 9 51
1009 542 30 86 445
963 544 2 3 4
1329 546 1 2 2
485 548 3 4 10
1201 548 1 3 3
626 550 3 5 12
1094 552 2 2 3
480 556 6 7 24
497 557 8 43 70
546 557 2 2 4
973 556 1 2 2
994 557 3 18 21
1230 557 22 19 259
1269 557 16 19 239
1031 560 10 9 18
1195 560 3 5 14
630 563 4 2 8
451 566 4 4 14
526 568 6 7 32
1121 569 2 3 4
758 571 4 13 22
845 570 1 1 1
1324 571 1 2 2
638 572 8 10 62
602 574 9 12 54
790 574 11 21 73
1200 575 16 22 129
1072 576 1 1 1
564 579 12 17 155
978 580 16 64 417
816 582 1 3 3
1309 583 7 12 38
773 584 4 9 14
1287 585 3 3 6
1139 586 1 2 2
756 589 1 1 1
1171 588 1 1 1
390 591 3 4 10
645 590 1 4 4
1250 590 2 3 5
534 592 2 3 4
767 594 1 1 1
1070 595 2 5 6
409 597 4 4 12
615 599 3 4 10
780 599 8 20 98
1057 598 1 3 3
591 601 11 12 105
644 602 1 5 5
1056 602 1 1 1
943 604 4 1 4
662 607 3 5 12
1005 607 2 4 7
1222 607 1 2 2
499 608 1 13 13
926 608 1 1 1
1120 611 12 16 158
312 613 5 4 17
1052 613 18 33 183
1243 613 2 2 3
1323 615 1 2 2
671 617 22 13 153
742 616 1 1 1
761 616 1 1 1
875 616 4 6 17
1283 617 2 2 4
464 620 3 3 7
778 620 1 1 1
1511 620 19 9 107
777 622 1 1 1
1166 625 3 4 11
1186 625 13 14 97
1251 625 1 2 2
356 629 5 4 17
504 629 5 4 19
731 630 3 4 8
1000 633 1 1 1
1729 633 3 1 3
873 635 80 88 4069
1019 635 1 3 3
582 637 6 7 31
1320 637 2 3 5
862 638 2 3 5
1018 639 1 1 1
770 641 10 17 133
1017 641 1 1 1
1032 641 1 3 3
1212 641 3 4 9
798 642 1 1 1
1326 643 2 3 4
595 645 3 3 7
982 645 1 2 2
999 646 2 11 14
1055 647 2 4 4
540 649 16 9 98
608 648 4 5 14
981 649 1 2 2
1729 649 3 11 22
1755 648 4 4 10
1304 651 1 2 2
794 652 8 9 54
966 653 14 23 162
1284 652 7 4 12
951 654 1 2 2
1052 654 1 2 2
249 657 4 2 6
517 658 2 2 4
1050 659 1 1 1
1274 659 1 1 1
1755 661 1 2 2
1063 665 5 5 16
712 666 9 8 50
994 667 2 6 11
1040 666 3 5 13
954 669 1 1 1
1231 669 7 3 16
562 670 5 5 23
1061 670 1 1 1
1541 671 4 3 12
475 673 2 2 4
1057 673 1 1 1
1729 673 11 6 32
991 674 3 2 4
1088 674 1 1 1
637 676 14 14 124
708 676 4 5 18
1255 677 1 2 2
1276 677 3 5 11
1289 676 2 2 4
969 679 22 32 150
1030 678 4 5 17
1081 679 1 1 1
684 680 2 2 4
1050 680 2 2 2
1048 683 1 1 1
854 685 4 6 13
1072 684 1 1 1
1838 684 2 1 2
966 687 1 3 3
1376 687 12 4 35
585 688 11 6 26
1002 690 1 1 1
333 693 5 3 10
988 692 16 41 189
1039 693 3 5 7
471 696 2 3 5
685 697 4 5 15
816 697 4 6 19
1037 699 2 3 5
1249 701 1 3 3
1322 701 2 2 3
1615 700 20 17 265
592 703 2 5 8
1455 702 23 30 523
799 705 2 2 3
312 708 1 1 1
340 708 6 6 25
1289 709 2 3 5
970 711 1 2 2
1049 712 1 3 3
1192 712 1 2 2
1407 714 8 6 29
592 717 2 2 4
753 719 1 2 2
963 720 1 1 1
1031 720 1 1 1
966 722 1 1 1
1064 722 4 5 16
885 725 7 10 51
1501 724 35 38 1048
1083 727 9 6 22
497 728 3 3 9
551 729 3 4 11
336 731 5 4 14
1028 730 1 1 1
1313 730 22 27 338
962 733 25 19 176
1055 733 1 3 3
544 734 9 19 76
787 737 6 8 42
796 736 1 1 1
947 736 2 2 3
1175 736 1 2 2
1281 736 3 13 22
857 739 1 2 2
944 738 1 1 1
1209 739 9 12 79
941 740 3 5 15
1069 743 19 22 74
304 746 4 5 19
637 747 1 2 2
1016 747 11 10 43
938 749 1 1 1
554 753 1 1 1
642 752 14 23 155
736 753 1 1 1
1437 752 36 43 670
776 758 4 7 9
909 758 53 41 601
752 760 2 3 6
894 761 5 7 28
722 762 3 5 11
979 763 5 8 24
1057 762 2 3 5
701 765 4 6 18
762 764 2 1 2
1017 766 13 11 86
1111 767 2 3 6
1291 767 33 57 1279
767 771 18 19 106
473 773 2 2 3
677 773 2 3 5
1396 775 2 2 4
348 777 4 3 10
603 777 2 4 7
817 776 19 16 189
581 778 4 5 15
921 779 90 65 1725
1088 779 3 1 3
1064 780 23 4 58
1105 781 1 1 1
1217 780 1 2 2
1250 780 28 32 597
1108 782 1 1 1
1206 783 1 1 1
991 785 2 2 4
1051 784 7 3 9
515 786 2 3 5
679 787 12 14 136
796 787 1 1 1
706 790 3 4 10
739 791 5 5 12
1481 790 16 17 212
495 792 2 2 3
588 792 5 6 25
1172 793 1 2 2
788 795 1 1 1
800 794 1 1 1
1007 795 2 4 7
1038 794 1 1 1
1064 796 1 1 1
804 798 1 1 1
900 799 4 1 4
633 800 6 6 27
1051 803 1 1 1
1156 804 21 25 282
573 807 2 3 5
780 807 2 2 3
1208 806 2 3 5
1011 808 25 7 65
1246 809 3 3 8
768 811 3 13 23
1443 812 11 11 94
666 814 6 6 32
810 814 1 1 1
283 817 4 6 20
491 817 5 6 25
846 816 69 23 991
1224 818 9 13 81
830 823 3 6 15
1031 822 1 1 1
1033 823 1 1 1
1117 822 15 19 105
581 825 1 1 1
978 826 70 85 902
666 830 1 2 2
710 831 18 12 128
742 830 1 1 1
811 831 15 29 235
1247 832 1 1 1
789 834 1 1 1
1022 835 3 3 9
1202 835 1 2 2
771 836 1 3 3
541 839 2 3 4
1079 839 1 1 1
1146 839 1 1 1
1075 841 5 15 30
1168 841 4 2 4
1268 840 1 2 2
1285 840 1 3 3
456 843 3 2 4
564 842 1 2 2
747 843 27 12 99
1255 843 1 2 2
1503 843 18 14 194
700 846 3 5 14
784 846 4 6 8
1234 846 2 2 4
856 848 151 41 1500
986 851 1 3 3
1047 851 1 1 1
1146 851 1 1 1
1194 851 1 2 2
739 853 1 1 1
787 853 9 17 79
1200 853 4 4 14
952 855 1 1 1
1130 857 6 2 7
1128 859 1 1 1
1207 858 1 1 1
1126 860 1 1 1
1190 861 1 1 1
551 862 2 3 4
1293 863 2 3 4
1436 863 4 3 7
447 865 3 4 11
1113 865 2 1 2
1232 869 1 1 1
1165 871 1 2 2
796 873 1 2 2
1207 873 3 1 3
1212 872 1 1 1
270 874 5 6 23
323 875 4 2 7
374 875 4 6 19
565 877 4 14 18
1085 877 1 1 1
1143 876 66 52 1797
1237 876 1 2 2
1302 877 18 21 302
1486 876 6 6 24
1514 876 4 3 11
705 879 4 6 12
1083 879 1 1 1
1228 882 1 2 2
674 885 71 71 2369
800 885 1 1 1
1035 884 38 83 912
693 886 2 3 4
801 887 1 2 2
1038 887 2 2 2
237 889 15 4 36
848 889 2 7 11
802 891 1 1 1
233 893 1 1 1
581 893 7 18 72
804 895 1 2 2
1056 894 1 1 1
1088 894 1 1 1
919 896 53 15 277
805 899 6 10 13
1045 898 1 1 1
1089 898 1 1 1
1141 899 1 1 1
1280 899 1 3 3
1025 901 1 2 2
1433 900 1 1 1
1044 903 1 1 1
1746 904 10 5 30
301 907 3 1 3
837 907 1 1 1
450 908 6 7 32
672 909 1 1 1
1311 909 1 2 2
1509 909 5 5 16
739 910 1 1 1
811 911 6 8 9
846 910 155 56 1048
1363 910 1 1 1
670 916 2 5 9
989 916 1 1 1
1304 916 1 2 2
163 918 3 2 4
558 919 2 3 4
643 918 4 4 11
961 918 5 4 12
1137 918 1 2 2
488 920 12 14 94
1129 920 4 8 19
839 924 1 2 2
844 926 6 11 49
1265 927 10 3 21
1023 928 1 1 1
1169 929 1 1 1
1171 930 1 1 1
1202 931 1 1 1
1426 930 4 4 11
798 933 3 4 10
863 932 2 8 10
1175 932 1 1 1
628 934 12 14 129
948 934 2 1 2
1022 934 1 1 1
1064 935 1 1 1
479 936 5 4 18
842 937 1 1 1
1060 937 4 6 7
828 939 2 2 2
763 940 4 6 20
866 941 2 2 2
831 942 11 10 32
292 945 4 4 13
781 944 1 3 3
1021 945 1 1 1
422 946 3 3 6
1272 948 16 17 223
1017 950 3 14 24
846 956 1 1 1
1686 956 2 1 2
847 958 10 11 22
575 959 766 186 66340
677 960 4 6 22
892 961 5 7 30
1143 960 4 1 4
1182 961 2 2 4
465 963 1 2 2
508 962 1 2 2
713 963 3 5 13
631 965 1 3 3
803 965 2 3 4
539 967 4 5 14
1511 967 17 18 232
1047 969 1 3 3
684 970 3 4 12
1000 971 1 2 2
1021 970 1 1 1
560 975 1 2 2
838 975 1 2 2
860 975 1 2 2
1111 974 3 4 11
1197 976 2 3 4
837 979 1 1 1
897 979 4 11 26
937 983 1 2 2
953 983 1 2 2
1018 983 1 3 3
1167 982 6 7 36
850 985 1 1 1
1289 985 9 8 18
1541 986 1 1 1
473 991 2 3 3
539 990 1 1 1
896 993 61 29 850
867 994 1 1 1
999 994 1 2 2
1019 995 1 1 1
968 996 4 5 14
569 999 3 3 8
868 998 2 5 10
1164 998 1 1 1
996 1000 1 1 1
886 1002 1 1 1
1007 1003 1 3 3
1022 1002 1 1 1
465 1005 2 2 3
1014 1006 7 5 23
578 1010 2 3 4
872 1011 1 1 1
708 1012 8 14 92
863 1012 1 3 3
1109 1015 1 1 1
768 1017 9 11 73
862 1016 1 9 9
461 1019 9 13 59
517 1019 2 2 3
750 1018 3 4 11
974 1018 1 3 3
1311 1019 8 9 53
1680 1019 1 2 2
248 1020 3 3 7
976 1021 1 1 1
494 1022 20 8 100
307 1025 5 4 15
863 1026 2 5 5
981 1027 4 5 16
994 1026 2 14 28
844 1028 1 1 1
810 1033 1 2 2
865 1033 1 2 2
1023 1033 1 2 2
741 1038 1 1 1
998 1038 12 6 21
986 1044 2 3 5
579 1047 6 9 28
957 1047 23 3 35
413 1048 3 3 7
883 1049 2 2 4
900 1048 33 2 47
938 1051 10 5 19
952 1050 3 1 3
1635 1055 2 1 2
472 1063 5 6 18
1439 1064 1 1 1
498 1070 1 2 2
520 1072 4 3 9
313 1076 1 1 1
561 1079 1 1 1
550 1080 6 6 19
565 1081 2 1 2
1497 1080 3 1 3
183 1085 7 4 17
230 1086 3 2 3
531 1094 4 6 17
1735 1099 1 1 1
319 1102 2 2 3
369 1104 14 12 105
1541 1104 1 1 1
216 1111 4 2 5
329 1115 5 3 11
431 1114 4 3 9
482 1117 11 10 80
1299 1116 2 2 3
167 1118 2 1 2
1211 1118 1 1 1
1835 1119 5 2 10
514 1120 4 5 10
518 1126 11 5 21
1358 1128 4 2 6
267 1132 3 4 8
1756 1132 7 4 12
402 1134 1 2 2
463 1139 1 1 1
1346 1138 3 3 5
1068 1141 2 1 2
1354 1141 1 1 1
1628 1140 2 1 2
490 1143 3 3 6
987 1142 1 1 1
1652 1143 3 2 5
650 1145 2 3 4
778 1146 2 3 4
882 1147 1 1 1
1739 1146 2 1 2
1217 1150 1 3 3
638 1152 3 3 8
1234 1153 1 3 3
1455 1152 2 2 3
545 1154 1 1 1
869 1157 3 3 8
1031 1156 2 4 5
1241 1156 1 2 2
1333 1159 2 2 3
877 1161 1 3 3
966 1162 3 4 9
509 1164 1 2 2
646 1164 3 3 8
887 1166 3 5 10
351 1169 2 3 4
665 1170 5 4 13
743 1170 2 4 7
1243 1170 2 2 3
1278 1170 1 1 1
594 1172 4 4 12
970 1174 2 3 4
1727 1175 5 2 9
1071 1176 2 3 4
483 1179 2 8 9
757 1179 3 4 10
1558 1180 1 1 1
700 1182 4 6 20
999 1183 2 3 4
684 1184 5 7 23
1014 1185 3 3 5
439 1187 1 1 1
544 1188 4 4 13
882 1188 3 6 15
1249 1189 1 1 1
767 1191 2 3 5
12 1193 6 3 10
567 1195 1 2 2
569 1194 1 1 1
778 1194 4 5 11
1037 1194 1 1 1
1321 1195 1 2 2
991 1197 1 1 1
1329 1197 1 2 2
1545 1199 4 4 12
1526 1201 3 1 3
51 1203 1 1 1
1022 1204 3 4 7
757 1207 1 2 2
1332 1206 2 2 3
1518 1207 1 1 1
491 1210 1 1 1
712 1212 4 7 21
558 1215 2 3 5
1217 1214 2 8 10
1275 1215 9 3 12
629 1216 5 7 14
674 1219 1 1 1
497 1223 2 5 9
635 1226 3 2 6
1362 1227 1 1 1
