0 0 1840 1228 2158694
428 0 22 65 480
456 0 11 9 80
552 0 15 15 158
680 0 7 6 29
789 0 5 12 53
876 0 3 7 21
909 0 4 3 11
938 0 15 17 127
1070 0 21 51 617
1114 0 11 12 48
1172 0 13 29 190
1385 0 44 27 266
1464 0 7 4 19
1056 7 3 8 16
1313 10 46 59 549
738 12 33 55 539
1238 21 7 15 80
976 23 2 4 8
1020 23 4 11 27
1042 23 1 3 3
558 24 12 25 220
891 25 5 16 69
1100 25 21 18 245
1587 25 11 14 112
790 26 9 33 166
1131 29 10 19 135
1367 28 47 89 1258
1453 32 9 12 72
680 37 7 21 103
963 37 19 35 324
1003 38 2 3 5
1015 38 2 2 3
1119 39 2 3 6
1539 38 12 14 119
1574 41 11 14 104
471 42 8 9 44
842 43 4 9 30
408 44 6 11 43
1095 47 5 9 26
1598 53 13 21 147
1292 54 12 28 238
858 57 3 2 5
1561 57 10 14 88
1050 59 17 21 120
476 61 19 18 263
1081 61 2 4 6
1412 61 25 26 252
882 62 2 2 4
1013 65 4 10 38
1120 64 2 6 12
852 66 3 4 10
993 67 2 4 8
956 68 5 20 70
1030 68 4 6 19
1122 72 3 4 11
1042 74 5 11 35
1630 74 9 10 71
1075 76 12 21 168
936 79 3 5 12
1319 79 8 20 122
497 80 8 20 70
996 80 1 2 2
1020 81 1 2 2
1115 81 1 1 1
1025 87 3 5 14
1100 86 4 7 25
1536 87 23 27 299
713 91 11 32 217
997 90 73 72 1229
1147 90 2 3 6
1498 91 10 14 102
1192 99 3 1 3
1443 98 3 3 7
1160 101 5 9 26
522 103 17 29 194
825 102 3 3 7
836 105 22 27 211
1006 105 2 3 4
1119 104 3 6 12
1130 104 7 15 81
434 107 24 33 294
788 106 5 11 46
954 107 3 9 22
927 110 4 10 32
1108 115 3 6 17
1075 116 3 5 11
481 119 5 9 36
988 119 2 6 11
1086 119 4 6 15
1557 118 36 24 394
1044 120 1 4 4
1119 120 6 16 46
1500 121 9 11 66
748 122 10 30 214
1106 123 1 1 1
1151 123 22 25 202
1518 124 18 19 159
680 127 24 39 583
1011 127 1 1 1
869 129 4 3 8
903 131 3 3 8
944 131 1 1 1
1228 131 8 15 86
947 133 1 1 1
975 132 5 19 43
908 135 1 1 1
950 135 1 1 1
551 137 7 15 91
921 136 5 6 22
953 136 13 18 137
789 139 17 7 69
1448 138 8 9 53
732 145 6 14 66
1082 145 8 16 92
906 146 3 4 8
427 151 8 13 77
717 153 6 8 37
955 155 2 1 2
868 157 17 22 183
1188 160 1 1 1
1370 160 6 7 30
1534 161 9 12 67
559 162 10 22 159
1248 165 9 18 113
682 167 4 9 28
780 166 18 52 311
1220 167 8 17 93
409 168 8 13 55
808 168 3 2 5
924 168 15 26 192
1054 169 3 7 15
1002 170 2 3 6
1324 170 10 15 103
990 172 4 6 18
606 175 18 26 282
847 175 11 13 98
1460 174 30 54 533
509 177 28 35 392
742 176 4 8 27
946 176 1 1 1
1490 177 27 36 407
492 179 6 9 41
859 178 160 157 8412
1008 178 2 3 4
1051 178 1 2 2
1358 178 31 47 393
1080 180 2 4 8
1190 180 8 16 94
454 182 8 15 91
891 182 5 11 44
1544 182 18 17 173
1090 186 2 5 8
1125 186 4 6 17
734 191 9 39 202
821 191 7 15 73
1426 193 18 17 149
673 197 1 1 1
1033 196 9 6 17
937 198 3 6 18
1408 202 6 5 20
1066 206 2 2 4
1352 207 3 3 8
1521 206 14 30 154
931 208 2 4 8
439 211 9 16 122
1088 210 1 2 2
1577 210 18 28 176
543 214 5 10 21
1037 215 1 3 3
1062 214 1 1 1
1360 214 9 21 90
127 216 4 2 7
893 217 1 1 1
1129 217 4 10 33
1335 216 3 3 9
490 219 19 27 259
467 221 11 13 101
1087 222 3 4 8
1045 224 30 48 529
411 227 6 7 32
678 226 3 3 8
696 227 4 4 11
1114 227 4 6 17
1030 229 3 11 17
1093 231 1 2 2
1243 230 9 22 129
1403 231 4 4 6
927 233 1 1 1
577 235 19 17 104
766 234 12 5 29
333 236 3 3 5
861 237 2 2 3
1088 239 9 26 83
1365 238 28 33 392
685 241 5 14 59
1173 241 6 6 24
1203 244 8 16 87
1332 244 3 3 7
474 247 4 3 12
410 249 1 1 1
781 249 2 3 3
1022 248 13 9 31
1135 250 6 16 76
716 252 2 1 2
657 254 24 31 413
1347 255 5 7 23
1544 254 8 11 69
1072 258 13 53 259
508 260 33 51 693
1253 263 10 23 149
817 267 3 5 13
1041 266 2 3 6
769 269 10 22 127
1453 269 8 16 85
476 271 7 9 43
728 271 6 14 55
823 273 6 23 94
856 272 4 8 21
695 274 5 6 26
785 274 4 6 22
1037 274 1 1 1
1047 275 5 5 15
1492 274 7 8 39
1219 277 5 7 27
1546 276 16 11 125
1142 281 6 8 37
492 282 7 9 47
1309 282 2 1 2
1348 283 5 10 32
688 287 5 7 28
876 287 4 11 34
1539 289 6 8 39
1092 291 4 7 17
1378 291 5 7 26
989 294 1 1 1
450 297 2 1 2
484 297 1 1 1
994 297 1 1 1
642 299 16 47 336
851 299 2 3 4
1259 298 8 8 45
1302 299 7 12 44
409 301 5 6 25
856 300 11 11 34
706 303 6 9 36
729 302 16 30 199
828 303 1 1 1
1341 303 6 11 46
1362 303 5 5 16
817 309 1 1 1
848 313 7 15 72
796 314 3 4 9
820 314 2 2 4
945 315 1 1 1
1018 314 20 23 170
1057 315 5 5 12
1529 316 11 22 172
954 318 1 2 2
1372 319 6 9 38
590 320 7 11 60
930 320 3 1 3
934 321 3 5 11
1063 322 24 34 304
1141 322 12 29 232
791 325 2 4 8
1164 324 7 12 63
534 326 2 3 5
1434 327 10 30 109
515 329 6 4 16
568 329 3 2 3
668 332 2 2 4
1185 333 7 13 63
700 334 11 32 267
881 335 13 14 63
932 335 21 28 178
471 337 5 4 11
551 336 1 1 1
770 336 9 22 79
988 337 1 1 1
570 339 6 9 42
993 338 1 1 1
1008 339 6 7 26
1468 339 18 23 188
1346 341 7 9 45
996 345 1 1 1
666 346 4 7 22
912 346 1 4 4
1006 346 1 3 3
1040 346 2 2 3
1519 347 6 7 28
516 351 4 4 11
747 350 5 11 47
1026 351 1 3 3
1395 350 7 9 56
1541 351 13 17 149
435 354 4 4 10
481 355 4 11 31
914 354 1 3 3
1182 355 7 14 65
535 357 14 8 65
996 356 18 21 222
944 357 116 116 3990
1249 356 7 14 75
1322 357 7 12 57
1610 356 4 3 6
783 358 4 7 24
1400 359 9 19 103
1338 361 3 4 10
466 364 5 8 23
766 364 3 2 5
850 364 3 7 13
960 365 1 1 1
1062 364 15 6 47
505 366 6 6 27
1310 367 3 4 8
731 369 5 9 35
907 369 2 6 12
405 371 8 13 76
1346 371 16 21 144
496 372 5 5 22
674 372 6 29 74
799 372 1 1 1
485 375 4 6 19
876 375 1 1 1
943 375 2 6 8
955 374 1 5 5
1474 374 6 6 25
703 376 1 2 2
881 379 5 16 58
913 378 3 14 24
1046 378 17 13 91
1448 379 7 8 39
852 381 3 9 20
525 383 17 18 158
834 383 7 18 99
1179 382 3 3 8
1316 382 2 4 7
764 385 6 20 75
968 384 11 3 14
1516 386 5 4 12
934 390 1 1 1
940 391 1 4 4
989 390 1 3 3
1408 391 10 17 96
1482 391 13 5 36
808 393 2 8 15
895 392 4 7 26
1044 392 1 3 3
1303 392 2 1 2
1314 392 1 1 1
1079 394 9 12 48
646 396 5 11 48
731 398 5 28 93
1059 399 1 4 4
888 400 3 7 19
1466 400 24 21 201
432 403 8 14 94
819 403 2 1 2
868 403 5 9 26
1045 403 1 2 2
1319 402 12 35 191
932 405 1 6 6
1447 405 7 14 61
690 406 4 7 25
1035 407 1 1 1
1167 407 5 8 31
1122 408 4 7 17
1206 408 7 12 60
882 412 18 35 249
931 417 1 4 4
1228 416 7 4 22
1291 417 8 15 82
444 418 7 16 66
801 419 1 2 2
683 423 12 10 47
794 423 4 9 29
1070 422 3 4 8
1375 423 5 8 27
523 424 5 5 22
1480 425 5 6 24
657 426 8 11 62
1308 426 5 4 18
924 429 16 22 102
1151 429 3 5 9
468 431 6 5 17
850 431 7 10 48
872 430 1 2 2
744 432 4 5 18
807 435 2 3 5
829 435 4 6 16
1459 437 6 9 44
1493 437 5 5 15
720 438 2 1 2
704 440 4 9 31
753 441 12 17 77
499 442 5 5 21
519 443 15 12 56
1401 442 7 10 49
664 445 3 5 14
868 448 1 4 4
1120 449 3 5 12
1130 449 19 27 264
1251 452 20 18 226
795 454 14 20 92
897 454 2 5 10
1052 454 1 3 3
1321 454 7 13 57
464 457 24 41 381
709 456 2 1 2
939 456 14 10 82
559 459 10 24 152
857 459 2 4 7
1183 458 12 15 123
439 460 7 12 55
878 460 1 1 1
1044 461 7 4 18
833 463 2 4 7
882 463 2 3 6
894 464 3 7 10
1347 467 5 21 67
1052 469 2 3 5
522 471 2 1 2
664 471 4 9 28
1025 471 14 21 124
1118 470 2 5 7
723 472 5 7 21
769 472 3 5 12
979 477 8 13 41
1050 477 1 1 1
1269 476 3 4 8
751 478 4 8 21
944 478 1 1 1
1440 480 6 7 32
526 483 19 31 419
764 482 2 3 6
1474 483 5 6 21
1109 484 3 6 12
864 487 14 14 62
438 488 5 5 23
639 489 3 3 7
1321 488 5 4 15
1645 488 1 1 1
1364 491 4 4 15
670 492 2 2 3
987 493 5 15 54
1004 492 5 9 39
357 495 1 2 2
836 494 1 4 4
920 494 1 2 2
1058 494 6 13 62
1181 494 5 5 15
132 497 2 2 3
734 497 6 9 31
1034 497 1 3 3
1259 496 15 9 68
935 498 1 1 1
887 500 1 2 2
1366 500 45 31 400
1111 503 1 1 1
1504 503 5 5 22
788 505 2 3 4
834 505 2 5 8
998 504 1 3 3
1287 505 5 8 25
429 507 9 12 82
605 507 4 6 19
717 507 6 15 49
1034 507 8 15 86
1421 507 7 10 50
917 508 1 3 3
1509 509 5 3 9
878 511 17 8 77
959 510 8 5 21
991 511 1 1 1
1459 511 6 5 25
690 512 4 11 39
753 513 3 8 22
906 512 9 3 19
926 512 2 5 7
1322 513 11 4 17
978 515 1 2 2
1024 517 1 1 1
1077 517 1 1 1
1098 517 5 11 39
1302 516 8 21 89
394 518 1 1 1
519 518 1 1 1
1076 521 1 1 1
1036 523 40 54 339
910 525 2 6 12
964 524 10 3 12
1253 525 1 2 2
1465 525 5 6 23
877 527 2 4 6
931 527 1 2 2
1032 526 2 6 8
1045 526 2 5 9
1118 527 5 13 46
688 529 3 5 15
1091 529 2 3 4
1336 529 22 21 156
733 531 4 7 24
791 531 3 7 17
977 531 18 24 152
5 534 5 4 8
886 535 1 3 3
1007 534 4 6 18
759 536 2 3 4
1037 537 1 3 3
645 539 2 3 5
908 538 2 5 9
796 541 8 6 20
1312 540 3 4 11
604 543 1 1 1
696 542 4 5 14
1103 542 3 5 11
149 544 3 3 5
1036 544 1 3 3
1084 544 1 1 1
447 546 7 15 71
484 546 4 4 13
1028 547 1 1 1
1267 547 1 1 1
749 548 4 17 51
724 550 4 6 17
990 551 1 2 2
1160 550 1 1 1
584 553 1 1 1
1020 552 1 2 2
1278 552 19 22 177
464 554 3 3 5
1208 554 2 2 4
1245 555 4 3 8
526 556 2 1 2
1404 556 4 6 24
923 559 1 4 4
968 558 7 8 30
1226 558 6 9 40
825 560 28 22 255
903 561 1 1 1
1069 561 4 6 20
643 563 14 24 211
1410 562 5 5 24
672 564 3 7 21
869 567 4 10 34
908 567 1 1 1
1000 567 1 2 2
1006 566 8 17 73
1035 567 1 1 1
1102 566 5 11 41
690 569 3 5 13
889 568 2 7 7
911 568 6 6 11
1243 568 20 18 183
1373 568 25 38 329
1446 569 7 12 44
1131 571 6 11 45
1188 572 1 1 1
1419 573 13 22 130
665 574 4 7 27
776 575 32 32 346
807 575 1 3 3
958 575 1 4 4
988 575 1 1 1
1183 574 1 1 1
540 576 13 25 128
1084 577 4 10 27
752 578 2 3 6
874 578 3 7 18
972 578 2 4 8
589 581 1 1 1
982 580 3 10 16
1221 583 1 1 1
1298 583 5 8 31
432 585 6 10 51
561 585 13 9 42
1033 585 2 2 3
1114 584 9 13 73
662 587 3 3 7
741 586 3 6 16
880 586 1 3 3
1184 587 6 14 36
1223 586 4 3 7
958 589 22 24 240
1013 588 2 3 6
973 588 60 121 1829
1168 588 5 10 30
1577 588 2 2 2
497 590 12 16 81
696 590 5 7 27
1764 590 3 2 4
924 592 1 1 1
1365 592 4 8 19
756 594 2 3 6
862 594 3 4 8
1064 594 8 5 27
1277 595 3 2 6
758 599 3 6 15
878 599 15 14 48
1316 599 6 7 30
407 601 4 4 14
1401 602 6 7 29
803 604 11 19 109
1220 604 1 2 2
1286 605 3 3 9
488 606 4 5 11
1797 607 2 2 2
403 608 3 1 3
587 609 4 6 21
730 608 4 3 8
861 608 1 3 3
1095 609 2 5 9
708 611 5 13 35
557 613 7 16 91
765 612 1 2 2
1156 612 5 9 36
764 615 19 31 241
790 614 2 2 4
1380 614 4 5 11
891 617 3 5 14
988 617 7 7 37
1233 616 1 1 1
492 619 3 2 4
665 618 3 2 5
934 618 1 3 3
1268 619 3 5 7
1456 618 4 4 13
704 621 442 239 26964
1395 621 9 10 61
626 622 1 1 1
784 622 1 1 1
882 622 2 6 11
1418 623 6 11 42
429 624 15 16 158
796 624 1 4 4
1214 625 4 7 25
1296 625 3 4 11
858 627 45 29 293
1474 626 2 1 2
546 628 6 10 47
971 629 1 1 1
477 630 1 1 1
798 631 1 3 3
851 630 1 1 1
1021 630 2 2 3
1278 630 3 3 7
1361 631 21 33 203
686 633 2 11 12
702 633 3 4 9
956 633 1 2 2
316 635 1 1 1
833 634 1 3 3
450 636 1 1 1
664 636 1 1 1
457 639 2 3 6
541 639 6 21 103
808 638 32 57 581
1220 639 1 1 1
792 640 1 1 1
157 642 7 4 15
911 643 1 2 2
1353 643 6 4 14
413 645 2 1 2
850 645 34 25 119
653 646 12 7 50
794 647 2 4 6
915 646 52 17 311
512 651 12 12 49
777 650 3 3 5
971 650 2 1 2
1277 653 3 3 7
1404 653 13 5 41
452 655 7 9 33
715 657 10 4 29
1016 657 1 5 5
1311 657 3 3 9
1458 657 1 1 1
131 658 4 2 7
589 659 3 6 10
680 658 3 5 15
788 658 1 1 1
1051 658 13 9 56
1255 660 8 13 71
848 663 13 27 57
527 664 5 11 43
188 668 1 1 1
350 668 1 1 1
1443 669 4 4 12
443 673 1 1 1
487 672 9 15 109
967 673 2 5 7
564 675 1 1 1
808 674 1 2 2
1288 675 20 18 82
1382 675 3 3 6
521 677 3 10 16
670 676 3 3 9
1002 676 1 3 3
1269 676 3 5 13
1423 676 2 2 2
965 679 1 1 1
1326 678 5 12 36
1356 678 4 7 22
665 680 2 6 11
899 680 1 2 2
960 681 4 5 9
786 683 1 1 1
805 682 1 2 2
880 683 6 11 40
1208 682 4 13 26
1234 682 1 1 1
427 685 1 1 1
440 684 5 7 27
589 685 3 5 14
649 684 5 5 16
60 686 4 3 7
101 687 1 1 1
1188 686 2 1 2
523 691 13 13 72
623 691 2 4 8
852 690 1 2 2
955 690 1 1 1
458 692 5 4 19
500 692 10 15 49
587 695 1 2 2
636 695 4 21 35
951 694 1 1 1
1360 695 22 21 126
843 696 3 4 10
929 696 11 15 54
949 697 1 1 1
1201 697 2 3 3
877 698 1 2 2
964 699 13 18 81
1237 698 3 5 12
1302 700 11 25 79
1340 701 19 8 56
858 703 2 4 5
1164 702 4 4 11
1216 702 2 2 4
651 707 5 5 17
892 707 14 9 55
1271 706 4 5 16
384 709 4 3 6
677 709 3 4 11
1663 708 2 2 3
581 710 1 1 1
443 713 1 1 1
1169 712 4 8 27
1246 713 3 5 10
1261 712 2 3 6
419 714 5 8 36
1640 715 1 1 1
319 717 1 1 1
539 716 2 3 5
1652 716 1 1 1
666 718 2 3 6
989 718 35 33 580
1394 718 3 3 7
358 721 1 1 1
438 720 2 1 2
560 720 3 2 6
580 720 1 1 1
690 720 1 2 2
1128 721 4 7 22
1469 720 2 1 2
596 722 1 1 1
1356 722 5 5 20
850 724 11 7 35
1190 724 1 1 1
1234 725 17 24 139
1282 725 3 3 9
675 727 2 3 5
936 727 7 2 8
953 727 1 1 1
1041 726 2 4 5
459 728 7 4 16
514 728 8 16 60
550 728 4 19 43
1192 728 1 1 1
1739 729 4 1 4
1341 730 9 10 62
1379 730 3 3 6
484 733 3 3 9
657 733 10 8 40
948 733 3 6 16
1199 733 4 6 20
1313 733 5 4 13
1767 732 3 2 6
420 734 1 1 1
580 734 12 13 37
1395 735 3 7 10
432 737 1 1 1
878 736 7 6 12
1152 737 4 5 15
386 739 3 1 3
541 740 1 1 1
1641 740 1 1 1
626 743 25 12 103
279 745 1 1 1
311 745 1 1 1
490 745 8 8 50
528 744 1 1 1
1271 744 1 1 1
1523 744 1 1 1
446 746 15 22 182
377 749 3 2 4
291 750 1 1 1
960 750 1 4 4
1391 751 2 1 2
1249 752 1 2 2
1261 752 5 6 24
1307 752 1 1 1
1309 753 1 1 1
1150 755 1 1 1
1532 754 3 3 6
1822 754 1 1 1
501 757 21 33 231
658 757 2 4 7
1227 756 2 3 6
1409 756 1 1 1
479 759 2 1 2
734 758 1 1 1
1592 759 2 1 2
544 761 2 1 2
680 761 3 5 12
1161 760 4 7 22
1231 760 3 4 11
692 763 4 8 22
744 763 2 2 4
1315 763 8 18 98
1669 763 3 2 4
423 765 6 3 10
647 765 2 3 5
1252 765 2 1 2
1276 764 2 2 3
154 767 2 2 3
484 767 1 1 1
263 768 1 1 1
662 768 2 2 4
633 771 2 2 3
753 770 1 1 1
756 771 1 1 1
1342 770 3 4 11
1376 770 2 4 6
410 773 2 3 4
573 772 3 2 5
703 773 3 4 12
1255 772 3 5 15
471 775 1 1 1
743 774 2 3 6
794 774 1 4 4
1118 774 5 13 26
1388 774 12 18 88
360 777 1 1 1
586 777 1 1 1
813 776 2 4 7
1138 777 2 2 4
1214 776 1 1 1
1239 776 8 12 35
561 779 1 1 1
707 778 1 1 1
1157 779 2 3 6
1264 779 3 5 15
1340 779 1 1 1
462 780 1 1 1
317 783 3 3 6
472 783 22 16 111
1186 783 4 8 25
572 784 6 9 46
836 784 1 2 2
1269 784 3 5 13
279 787 1 1 1
451 787 22 46 330
699 787 3 6 15
738 786 5 13 25
776 789 1 1 1
1348 788 4 1 4
1096 790 1 1 1
1166 790 1 2 2
1205 791 1 1 1
1290 790 2 2 2
1305 791 13 6 25
1563 790 5 3 9
150 792 2 1 2
685 792 3 10 18
855 792 4 8 18
1180 793 1 1 1
1431 792 2 1 2
327 794 1 1 1
504 795 1 1 1
597 794 1 1 1
669 794 3 4 8
750 795 7 3 10
1126 794 1 1 1
1263 795 6 12 50
94 797 3 2 4
651 796 2 1 2
822 797 3 3 5
1156 797 1 1 1
1476 796 1 2 2
1109 798 6 9 25
1195 799 3 2 6
1350 799 2 3 5
376 800 4 5 15
127 803 1 1 1
508 803 4 3 8
561 802 2 1 2
690 802 14 37 147
280 804 1 1 1
439 805 3 4 6
783 805 1 1 1
1158 805 1 4 4
1273 805 13 13 75
530 807 2 2 3
578 807 4 2 6
664 806 1 1 1
779 807 1 2 2
1792 807 2 2 3
723 808 1 1 1
1176 808 3 4 10
1269 808 1 1 1
1397 809 1 1 1
493 811 5 4 11
553 810 1 1 1
844 811 3 5 11
175 812 1 2 2
516 813 2 2 3
559 812 1 1 1
572 813 1 1 1
649 812 5 14 24
1301 812 14 10 85
204 815 2 1 2
859 814 1 1 1
1150 814 4 7 24
1652 815 1 1 1
560 817 2 2 3
731 817 14 11 85
1100 816 6 8 24
1353 817 5 7 25
879 818 1 1 1
1138 819 2 7 12
1336 819 3 3 9
282 820 1 1 1
413 820 3 2 3
634 821 1 1 1
1833 821 7 2 8
669 822 3 3 7
1342 822 4 8 25
1801 822 2 1 2
245 825 6 4 13
444 825 1 1 1
486 824 15 13 80
781 824 3 7 18
1233 825 8 3 18
1572 824 3 4 6
509 827 1 1 1
571 827 1 1 1
575 826 1 1 1
838 827 1 3 3
1143 827 3 3 7
1193 827 1 1 1
1449 826 1 1 1
1210 829 2 4 7
1296 828 3 1 3
84 830 2 2 3
332 830 3 3 3
398 831 8 2 8
440 830 3 12 15
940 830 1 1 1
1727 830 3 2 4
40 832 1 1 1
465 833 10 10 52
521 833 1 2 2
542 832 8 6 21
651 833 1 1 1
672 833 1 1 1
1183 832 1 1 1
1269 832 1 1 1
599 835 2 1 2
1365 835 1 1 1
278 836 1 1 1
786 837 1 2 2
1264 836 1 1 1
1285 837 3 2 4
1362 836 1 1 1
1524 837 1 1 1
522 838 2 3 6
669 838 2 4 8
845 838 1 2 2
1290 838 29 38 186
1829 839 1 1 1
311 840 1 1 1
367 841 2 2 2
483 840 1 2 2
571 841 15 8 81
850 841 3 6 11
1421 841 5 5 19
413 842 9 16 37
524 842 1 1 1
654 842 2 1 2
731 842 4 12 25
817 843 2 4 5
1129 842 1 1 1
1217 842 3 6 14
1260 842 1 1 1
1826 842 1 1 1
218 845 1 1 1
507 844 3 2 4
720 844 2 2 3
959 844 1 1 1
1282 844 4 11 27
1372 845 1 1 1
244 846 2 2 2
497 847 4 7 24
662 846 3 5 13
694 846 2 4 8
966 846 5 15 39
1137 847 12 19 67
1195 847 1 2 2
1257 846 2 2 3
207 848 9 8 37
458 848 5 5 22
619 849 5 21 45
708 848 1 1 1
1052 849 2 2 2
552 851 9 6 30
707 851 1 1 1
1207 850 3 2 5
1441 851 1 1 1
512 853 1 1 1
696 852 2 5 9
795 853 4 9 26
821 853 3 5 11
1193 853 2 3 5
1348 852 1 1 1
1509 852 1 1 1
482 855 4 6 21
592 855 1 1 1
765 854 1 1 1
451 857 1 1 1
469 856 1 1 1
573 857 2 1 2
576 856 1 1 1
1122 857 2 2 4
1332 857 4 2 5
232 858 4 3 8
319 859 6 3 10
368 859 9 7 23
141 860 13 5 26
218 862 2 2 3
524 862 9 15 72
647 863 4 5 12
685 863 11 4 17
815 863 1 1 1
1254 862 1 2 2
1355 863 1 1 1
1366 862 1 1 1
393 865 1 1 1
491 865 3 9 21
847 864 1 1 1
349 866 2 1 2
1065 866 7 9 40
424 868 4 4 10
729 868 1 9 9
1335 868 4 3 8
1441 868 1 1 1
1516 869 1 1 1
231 870 1 1 1
752 871 1 4 4
770 870 2 4 5
947 871 1 2 2
964 870 1 2 2
1319 870 1 1 1
463 873 12 5 29
1273 873 8 3 10
553 874 8 12 45
629 875 3 5 13
692 875 6 26 46
1182 875 1 2 2
187 877 2 3 4
258 877 1 2 2
433 876 1 2 2
515 877 4 2 6
934 877 1 1 1
1213 877 5 4 10
635 878 29 17 168
1025 878 5 3 8
1060 878 2 5 10
1265 879 7 9 15
331 881 1 1 1
436 880 3 4 8
480 880 7 3 10
503 881 1 2 2
599 880 1 1 1
727 880 1 1 1
1172 881 2 2 3
1240 881 18 31 131
1619 881 1 1 1
967 882 1 1 1
1393 883 1 1 1
1500 883 1 1 1
619 885 6 4 9
839 885 1 2 2
1444 884 1 1 1
1455 884 2 1 2
1604 885 3 6 13
275 887 2 1 2
353 886 2 3 6
529 886 12 21 99
677 887 3 7 18
731 887 6 7 21
948 887 2 2 3
1082 886 3 5 15
1786 886 1 2 2
456 889 2 3 4
497 888 2 1 2
1101 888 3 5 11
1263 888 1 1 1
1391 889 2 4 6
336 891 2 2 3
549 891 3 2 6
632 890 2 4 5
857 890 2 2 3
929 891 1 1 1
1319 890 3 3 6
1337 890 2 2 3
407 892 1 1 1
602 893 7 9 32
664 892 4 2 8
807 893 2 4 5
1016 893 3 3 7
1224 892 1 1 1
1332 893 3 3 7
931 894 1 2 2
1304 894 3 6 15
1548 894 2 2 3
315 897 1 1 1
780 896 1 1 1
958 897 2 8 13
979 897 2 2 3
1063 897 2 5 8
1089 897 1 1 1
1146 897 3 7 14
1231 896 1 2 2
1262 897 2 2 3
319 898 1 1 1
349 898 1 1 1
414 898 1 1 1
462 899 1 2 2
1164 899 1 2 2
1620 898 3 3 6
298 901 1 1 1
475 900 1 1 1
561 900 1 1 1
578 900 1 2 2
1259 900 2 2 3
1272 901 1 1 1
48 902 1 2 2
341 903 1 1 1
431 902 8 5 29
525 903 1 1 1
682 903 1 1 1
726 902 1 3 3
970 902 2 6 11
1128 903 5 25 54
1407 903 2 2 4
1505 902 1 3 3
1650 902 1 3 3
467 905 20 14 119
576 904 1 1 1
655 905 1 2 2
1199 904 2 14 18
1296 905 3 3 6
1417 905 1 1 1
1488 905 1 1 1
1758 905 2 3 4
394 907 1 2 2
527 907 3 5 12
546 907 3 1 3
645 907 1 1 1
816 906 2 2 3
1314 907 2 3 4
374 909 1 1 1
448 908 10 14 48
615 908 2 9 13
684 908 14 13 56
1220 909 2 2 3
1683 908 1 1 1
66 911 1 1 1
222 911 5 3 8
396 910 1 1 1
506 910 3 12 15
1469 910 1 1 1
243 912 1 1 1
594 913 5 3 12
647 913 14 18 126
791 912 1 1 1
1055 913 2 3 6
1187 913 1 1 1
1287 912 3 4 12
1753 913 1 1 1
236 914 4 4 12
946 915 11 17 58
1238 914 14 19 77
1316 915 1 1 1
1707 915 1 1 1
333 916 6 9 25
490 917 1 1 1
530 916 3 3 7
580 916 3 2 5
727 917 1 1 1
1184 916 2 3 5
1690 917 2 2 2
1792 916 4 2 4
127 918 1 1 1
176 919 1 1 1
296 918 1 1 1
554 919 4 7 21
805 918 1 1 1
1044 918 1 1 1
1169 919 2 3 4
356 920 1 1 1
493 921 1 1 1
1278 920 2 3 6
619 922 1 1 1
1808 923 2 3 3
676 925 7 6 26
825 925 1 1 1
1177 925 1 2 2
1440 925 1 1 1
460 926 7 9 34
728 926 1 7 7
1489 926 1 1 1
1548 927 1 1 1
83 928 3 2 4
293 928 1 1 1
631 928 1 4 4
765 929 1 3 3
1485 928 1 1 1
1566 929 1 1 1
1714 929 4 3 8
546 931 2 2 3
810 931 2 3 4
1221 931 2 3 5
1463 931 2 1 2
1545 930 1 1 1
1611 931 1 1 1
368 932 4 4 7
512 932 1 1 1
533 933 1 1 1
602 933 1 2 2
910 932 1 2 2
979 933 14 15 65
1099 933 1 1 1
1124 932 3 2 4
1270 932 1 3 3
518 934 3 5 15
604 935 1 1 1
661 934 8 15 68
693 934 1 1 1
792 935 1 2 2
1162 934 1 1 1
1229 935 2 5 9
1303 935 6 12 30
0 936 9 6 20
455 937 1 6 6
1694 937 3 3 5
1728 936 5 5 12
1745 936 3 1 3
459 939 56 27 522
527 939 1 1 1
709 939 1 1 1
957 938 1 3 3
1291 939 1 1 1
637 941 1 1 1
643 940 1 1 1
684 940 1 2 2
1184 941 11 2 12
1447 940 1 1 1
355 942 1 1 1
614 943 13 5 21
1244 942 2 1 2
1317 943 2 2 4
262 945 1 2 2
319 944 2 1 2
594 944 2 6 7
921 944 1 3 3
941 945 11 9 43
1082 944 2 5 10
1126 944 2 4 6
1172 945 1 2 2
1482 945 1 1 1
518 946 17 10 42
865 946 1 1 1
1183 947 1 2 2
1237 946 3 4 11
1280 946 1 1 1
1411 947 3 1 3
1424 947 1 1 1
109 948 1 2 2
715 949 1 1 1
1200 949 4 2 5
1222 949 2 11 13
1565 948 2 1 2
1645 948 5 4 13
63 951 2 6 7
683 950 1 10 10
1299 951 3 6 14
1526 951 3 3 4
420 953 6 4 20
592 953 12 11 25
1074 952 8 9 33
1184 953 2 6 12
1285 952 2 2 3
1162 955 10 5 20
362 957 1 4 4
648 957 1 2 2
698 957 2 14 17
1142 957 2 3 5
1434 956 4 5 16
402 959 1 1 1
627 959 5 2 10
660 959 5 9 23
920 958 1 1 1
1489 958 2 2 3
1786 959 3 1 3
192 961 2 1 2
291 960 1 2 2
358 961 1 1 1
380 961 3 1 3
911 961 1 3 3
1043 961 2 4 6
1146 961 3 3 8
400 963 2 1 2
573 962 7 9 18
650 962 1 2 2
673 963 10 9 20
717 963 2 2 3
777 962 3 4 9
792 963 1 3 3
1108 963 1 1 1
1110 962 9 1 9
1460 963 2 2 4
1538 962 1 1 1
225 964 1 1 1
347 964 2 1 2
763 965 1 1 1
852 965 1 1 1
1192 964 3 4 10
1484 965 4 4 15
1825 964 7 5 16
89 966 1 1 1
161 967 4 4 9
398 966 1 1 1
472 966 3 11 14
544 966 1 2 2
635 966 1 1 1
924 967 2 8 15
1058 967 1 2 2
1070 966 4 3 11
1151 967 12 13 56
1515 966 2 1 2
1518 967 1 1 1
495 968 1 1 1
518 969 22 28 131
542 969 1 2 2
1380 969 3 1 3
1432 968 2 2 3
198 971 5 7 15
277 970 1 1 1
1170 971 1 1 1
1459 971 1 2 2
1474 970 1 1 1
1478 971 5 7 11
1642 970 1 1 1
264 972 1 1 1
1227 973 2 4 7
46 975 1 1 1
375 975 5 3 10
437 974 6 10 33
912 974 1 2 2
1080 974 1 1 1
111 976 3 3 6
248 976 5 4 13
427 976 1 1 1
507 977 1 1 1
584 977 5 10 29
607 976 1 3 3
639 977 2 2 3
798 976 2 1 2
963 977 10 4 23
1089 977 1 1 1
1215 977 2 2 3
1561 977 4 4 8
381 978 1 1 1
509 979 2 3 5
558 979 1 1 1
661 979 2 3 5
800 978 2 4 6
1114 978 1 2 2
1175 979 2 2 4
1298 978 2 4 7
123 981 1 1 1
627 981 4 5 11
755 981 1 1 1
944 980 10 5 20
1205 981 1 2 2
196 982 2 2 4
840 983 3 4 8
935 983 6 9 27
1021 983 2 3 4
1252 983 1 2 2
1278 982 7 5 19
459 985 19 16 58
601 985 1 1 1
657 985 1 1 1
684 984 1 2 2
974 984 3 9 22
1315 984 2 4 6
1514 985 2 2 3
420 986 1 1 1
554 986 1 2 2
593 987 15 19 113
622 987 1 1 1
993 986 1 4 4
1028 987 4 7 25
1120 987 1 1 1
1244 986 4 9 36
1359 986 1 1 1
1661 987 3 3 7
41 988 1 1 1
636 988 14 12 67
1010 989 2 3 4
1452 989 11 9 51
286 991 4 3 7
663 991 2 2 3
811 991 3 2 4
1217 991 3 4 9
1295 990 2 3 5
487 992 1 1 1
492 992 12 13 56
695 992 1 1 1
1070 993 3 5 10
1127 992 14 2 15
1158 992 1 1 1
1300 993 1 2 2
447 995 4 1 4
531 995 14 17 99
779 995 2 3 4
1239 995 1 2 2
71 997 5 11 24
198 997 4 3 7
511 997 1 1 1
556 996 5 5 11
726 997 1 2 2
951 996 1 2 2
967 996 1 1 1
1117 997 2 2 3
1166 997 9 12 24
1281 997 2 1 2
227 998 1 1 1
280 998 1 1 1
435 999 5 2 5
914 998 1 1 1
933 998 1 3 3
136 1001 1 1 1
578 1000 1 1 1
666 1000 1 1 1
1063 1001 1 1 1
1146 1001 14 11 90
1565 1001 2 1 2
258 1003 6 5 14
725 1002 1 1 1
822 1003 1 3 3
1110 1002 1 2 2
1196 1002 1 9 9
1304 1002 4 5 10
1603 1002 1 1 1
272 1004 8 12 48
463 1005 3 1 3
580 1004 1 1 1
650 1005 1 3 3
695 1004 1 1 1
746 1004 3 5 11
1097 1005 2 11 13
1218 1004 11 12 41
1263 1005 2 3 6
89 1006 3 2 4
683 1006 1 4 4
923 1006 5 3 15
582 1008 2 3 4
622 1008 1 1 1
903 1008 1 1 1
1662 1008 2 1 2
399 1011 4 2 7
502 1011 1 1 1
753 1010 1 1 1
974 1010 1 1 1
1198 1011 1 1 1
1408 1011 1 1 1
1439 1011 1 1 1
1643 1010 3 3 3
234 1012 1 1 1
658 1012 1 1 1
669 1012 17 27 87
865 1013 3 4 4
1202 1013 4 4 16
1254 1012 2 2 4
1765 1012 1 1 1
317 1015 1 1 1
422 1014 2 3 5
438 1014 2 3 4
521 1014 2 1 2
544 1014 14 9 42
938 1015 1 4 4
1488 1014 2 2 4
1562 1014 10 3 13
146 1017 1 1 1
344 1016 1 1 1
346 1017 1 1 1
476 1017 1 1 1
626 1016 20 28 193
919 1017 2 1 2
1219 1017 1 2 2
1269 1016 9 4 25
888 1019 1 1 1
926 1018 2 10 18
1144 1018 3 8 14
1252 1019 2 3 3
395 1021 1 1 1
408 1021 2 1 2
455 1020 2 4 5
467 1020 4 3 8
526 1020 3 5 14
604 1021 5 5 20
769 1021 1 1 1
1210 1021 2 3 5
1582 1021 3 7 13
313 1022 1 1 1
364 1023 1 1 1
431 1022 1 1 1
665 1023 1 1 1
946 1023 2 3 5
1067 1022 1 2 2
1134 1023 1 1 1
239 1025 2 1 2
324 1025 9 6 24
574 1025 3 8 15
722 1025 1 1 1
759 1025 1 4 4
802 1024 1 1 1
1042 1025 1 3 3
421 1027 3 3 5
460 1026 1 1 1
492 1027 3 2 5
727 1027 1 1 1
804 1027 1 1 1
897 1027 1 1 1
1080 1027 1 2 2
1201 1027 2 2 4
1283 1026 1 2 2
251 1028 1 2 2
286 1028 7 5 15
429 1028 13 22 47
480 1029 9 18 99
619 1029 4 6 9
660 1028 1 1 1
949 1028 2 4 7
1184 1029 2 1 2
1322 1029 1 1 1
1402 1029 1 1 1
1773 1029 3 3 5
764 1031 1 2 2
1106 1030 5 3 7
1170 1030 1 2 2
1249 1031 6 9 38
378 1033 4 3 6
522 1032 1 2 2
580 1033 1 1 1
601 1033 2 1 2
1614 1033 1 1 1
1683 1033 6 4 8
39 1034 2 1 2
530 1034 1 1 1
1291 1034 2 1 2
1494 1035 1 1 1
1542 1034 1 1 1
102 1037 4 4 10
563 1037 32 21 269
596 1036 1 1 1
706 1037 1 1 1
974 1036 1 3 3
1128 1037 5 2 6
1287 1037 1 1 1
0 1039 1 2 2
562 1039 3 4 11
721 1039 1 2 2
1051 1039 2 2 3
1206 1039 1 3 3
191 1040 1 1 1
364 1040 14 15 87
441 1040 10 9 45
507 1040 1 1 1
913 1040 1 2 2
1263 1040 1 1 1
1361 1041 1 1 1
1647 1041 1 1 1
942 1042 1 5 5
1014 1043 1 1 1
1096 1042 1 2 2
1184 1042 3 3 7
1196 1043 1 1 1
1216 1042 19 10 56
1246 1043 1 1 1
1446 1043 1 1 1
928 1045 10 5 14
962 1044 1 1 1
1161 1045 6 14 48
60 1047 1 1 1
324 1047 12 6 33
597 1046 2 1 2
738 1046 2 2 3
793 1046 1 2 2
1147 1046 1 2 2
1214 1047 1 1 1
1235 1046 1 1 1
1571 1047 1 2 2
1734 1046 4 3 6
1792 1046 7 7 35
309 1048 1 1 1
313 1049 2 1 2
409 1049 2 3 5
523 1048 2 1 2
603 1049 1 1 1
1053 1049 1 4 4
1606 1049 1 1 1
9 1050 3 2 3
475 1051 8 10 21
527 1051 5 2 10
645 1050 6 1 6
682 1050 5 8 32
1294 1050 1 1 1
1443 1051 1 1 1
341 1053 1 1 1
452 1052 1 1 1
615 1052 12 3 24
701 1053 15 10 66
926 1053 2 1 2
1204 1052 1 1 1
1779 1053 9 9 60
761 1055 1 2 2
1138 1054 1 1 1
1177 1055 10 11 36
1196 1055 1 4 4
1229 1054 2 2 4
1267 1054 1 3 3
1285 1055 4 2 5
1452 1055 2 1 2
1711 1055 13 5 30
296 1057 1 2 2
631 1056 2 4 8
756 1057 1 1 1
852 1057 1 1 1
983 1056 1 1 1
1019 1057 7 13 25
1061 1056 1 3 3
1109 1056 3 5 9
1424 1057 1 1 1
289 1059 1 1 1
532 1059 1 1 1
977 1058 1 2 2
1312 1058 9 10 29
1729 1059 3 3 6
94 1060 8 6 17
552 1061 5 5 20
674 1060 1 2 2
784 1060 1 3 3
921 1061 12 9 36
1204 1060 13 8 42
1240 1060 3 5 6
71 1063 3 12 14
394 1063 1 1 1
512 1062 3 3 4
527 1062 2 1 2
1082 1062 1 1 1
1155 1063 6 5 10
160 1065 2 1 2
495 1065 1 1 1
621 1064 1 1 1
1052 1065 7 3 20
1393 1065 1 1 1
1681 1064 2 2 3
50 1067 1 1 1
324 1067 4 3 4
558 1067 1 1 1
805 1067 8 7 36
1576 1066 1 1 1
581 1068 1 1 1
670 1069 2 3 4
902 1068 1 1 1
980 1069 1 1 1
1165 1068 5 8 12
1203 1069 1 1 1
1219 1068 1 1 1
1419 1069 1 1 1
46 1071 1 1 1
108 1070 1 1 1
162 1071 3 2 5
270 1070 2 1 2
443 1071 4 3 5
464 1071 2 2 3
632 1070 1 1 1
700 1070 1 2 2
768 1071 6 3 13
869 1071 1 1 1
1037 1071 1 1 1
1223 1071 3 2 4
1401 1070 1 1 1
1700 1071 1 1 1
691 1073 1 3 3
1609 1072 1 1 1
148 1074 1 1 1
573 1075 2 1 2
901 1074 1 1 1
943 1074 1 2 2
1191 1075 1 1 1
1299 1075 1 1 1
482 1076 1 1 1
547 1077 4 5 14
920 1076 1 2 2
1064 1077 2 2 3
1122 1076 2 11 13
1582 1077 1 1 1
1658 1076 2 3 5
197 1078 3 2 6
395 1078 1 1 1
593 1078 5 8 24
754 1078 8 16 44
936 1079 1 2 2
993 1079 1 1 1
1092 1078 2 5 10
680 1081 1 2 2
1107 1080 1 2 2
1575 1080 1 1 1
1701 1081 4 2 6
1765 1080 5 2 5
104 1083 1 1 1
121 1083 2 2 3
248 1083 1 1 1
296 1083 7 3 11
556 1082 1 1 1
609 1082 1 5 5
694 1083 1 1 1
1289 1082 3 3 7
543 1085 3 4 9
574 1084 6 12 49
628 1085 1 1 1
1162 1084 1 1 1
1224 1084 1 1 1
1439 1085 1 1 1
1533 1084 1 1 1
381 1086 4 5 7
466 1087 2 4 7
646 1086 2 3 3
728 1087 2 3 4
876 1086 1 1 1
1095 1086 1 1 1
1247 1086 2 4 6
1572 1086 7 13 54
1785 1087 3 2 4
481 1089 1 1 1
798 1089 1 1 1
920 1088 1 3 3
1152 1088 2 1 2
80 1090 2 2 3
271 1091 2 2 3
317 1090 4 5 13
485 1090 1 1 1
740 1091 1 1 1
887 1091 1 1 1
1272 1090 1 1 1
680 1092 2 2 3
908 1093 8 8 38
932 1093 1 1 1
1518 1093 1 1 1
1632 1092 5 4 8
183 1095 2 1 2
206 1094 2 2 3
516 1095 3 3 6
622 1094 1 1 1
653 1095 2 2 4
710 1094 1 2 2
827 1094 6 1 6
851 1094 1 1 1
1233 1095 1 1 1
1244 1094 1 2 2
1745 1095 1 1 1
1826 1094 1 1 1
149 1097 1 1 1
560 1097 1 1 1
667 1097 1 2 2
700 1096 1 2 2
1108 1096 1 2 2
1201 1097 1 1 1
1306 1097 1 1 1
298 1098 1 2 2
527 1099 3 8 12
590 1098 2 1 2
744 1099 3 1 3
771 1099 1 2 2
819 1099 1 1 1
1153 1098 1 1 1
1385 1098 1 1 1
1553 1099 1 1 1
34 1100 2 1 2
154 1100 3 2 5
439 1100 2 1 2
600 1101 1 1 1
648 1100 1 3 3
1586 1100 2 3 5
125 1103 2 2 3
459 1103 1 2 2
844 1103 1 1 1
1242 1102 2 2 4
355 1105 1 1 1
634 1104 6 7 12
712 1105 2 1 2
1062 1105 1 1 1
1101 1105 1 1 1
1170 1105 1 1 1
1217 1105 1 1 1
321 1107 6 6 24
517 1107 4 9 22
698 1107 1 1 1
1231 1107 1 2 2
226 1108 2 1 2
362 1109 5 3 12
549 1109 2 3 4
1373 1109 11 6 28
1394 1108 1 1 1
383 1111 4 3 7
533 1110 1 1 1
689 1110 9 13 93
910 1111 3 5 6
928 1111 1 1 1
1012 1111 1 1 1
1178 1111 2 5 7
44 1113 1 1 1
117 1112 4 3 8
563 1112 2 1 2
586 1112 2 3 4
597 1113 6 7 27
708 1113 1 1 1
816 1112 1 1 1
882 1112 1 2 2
897 1113 1 1 1
1108 1112 5 7 11
1450 1113 5 1 5
1773 1112 4 5 17
8 1115 7 8 26
40 1114 2 1 2
85 1115 2 2 2
447 1114 2 1 2
540 1114 7 8 19
757 1115 1 1 1
1236 1115 7 10 23
1298 1115 1 1 1
1386 1115 1 1 1
1441 1114 3 2 5
1550 1115 10 8 21
1723 1114 2 1 2
255 1117 4 4 12
522 1116 1 2 2
564 1117 10 9 37
768 1116 2 3 5
1022 1116 1 3 3
1077 1117 1 2 2
1088 1117 1 1 1
1172 1117 6 2 7
1515 1117 3 2 3
370 1118 2 2 3
496 1119 1 1 1
734 1118 17 9 50
851 1118 1 1 1
1098 1119 9 11 25
1258 1119 1 1 1
100 1121 4 3 7
174 1121 1 1 1
471 1121 8 14 43
644 1120 1 1 1
825 1120 4 2 5
1087 1120 1 2 2
1121 1120 8 7 36
1196 1120 1 1 1
1256 1121 2 2 4
1281 1121 1 1 1
664 1123 9 6 16
1050 1123 1 1 1
1141 1122 1 1 1
1210 1123 1 2 2
1301 1122 1 1 1
707 1125 6 5 19
810 1124 1 1 1
863 1124 1 1 1
1071 1124 1 2 2
1669 1125 2 2 4
133 1127 1 2 2
257 1127 10 10 48
577 1126 1 1 1
930 1127 1 3 3
1001 1127 1 1 1
1081 1126 1 1 1
1289 1127 5 5 16
1351 1126 1 1 1
342 1129 1 1 1
829 1129 1 1 1
1062 1128 1 1 1
1074 1128 3 3 8
1130 1128 1 1 1
1220 1129 10 2 11
1406 1129 1 1 1
242 1130 2 2 3
703 1130 1 1 1
802 1130 3 7 9
1361 1130 2 1 2
1584 1131 2 3 4
1679 1131 3 1 3
379 1133 1 1 1
562 1132 1 1 1
742 1132 1 1 1
827 1132 2 3 4
929 1133 1 1 1
942 1132 1 3 3
994 1132 6 5 10
1316 1132 3 2 5
1408 1133 4 6 12
9 1135 1 1 1
188 1135 8 7 26
291 1135 8 5 16
564 1135 8 5 22
641 1135 1 1 1
1160 1134 1 1 1
1179 1134 1 1 1
1764 1134 3 2 5
310 1136 1 1 1
615 1137 7 6 26
653 1136 1 2 2
713 1137 2 4 6
974 1136 1 1 1
1023 1136 1 2 2
1121 1136 1 1 1
1368 1136 1 1 1
1449 1137 9 6 17
151 1139 2 3 4
582 1138 5 6 19
857 1139 1 1 1
970 1139 1 1 1
1214 1139 1 1 1
1243 1139 1 1 1
254 1141 2 1 2
359 1141 1 1 1
692 1141 1 1 1
740 1141 3 4 9
886 1140 5 7 11
1187 1140 1 1 1
211 1143 2 2 3
239 1142 3 3 3
251 1142 2 1 2
468 1142 1 1 1
473 1143 19 6 31
1164 1142 1 1 1
1382 1142 17 11 50
1433 1142 1 1 1
403 1145 1 1 1
721 1144 4 11 26
900 1144 1 1 1
920 1145 6 4 17
1027 1145 1 3 3
1401 1145 1 1 1
1504 1144 2 3 4
1534 1144 1 2 2
233 1147 2 2 3
549 1147 1 1 1
625 1146 1 2 2
656 1147 1 1 1
687 1147 1 1 1
708 1147 1 1 1
734 1146 1 1 1
799 1146 6 2 8
959 1146 2 1 2
1037 1147 2 5 5
1141 1147 1 1 1
1215 1146 13 4 20
1484 1147 1 1 1
230 1149 2 3 3
379 1149 2 2 3
436 1149 2 2 3
561 1149 9 7 41
789 1148 1 1 1
824 1149 1 1 1
870 1149 1 1 1
906 1148 5 4 8
1004 1148 5 13 17
1727 1148 2 3 5
683 1150 4 4 14
1236 1150 1 2 2
1284 1150 1 1 1
1648 1150 1 1 1
205 1153 2 1 2
226 1152 1 1 1
776 1153 1 1 1
947 1152 1 1 1
1100 1152 1 3 3
1128 1152 1 1 1
1166 1153 2 7 11
1454 1152 6 9 26
1756 1152 3 2 5
42 1155 5 3 12
256 1155 1 1 1
367 1154 1 1 1
371 1155 2 3 6
495 1154 1 2 2
642 1154 1 1 1
819 1155 13 17 73
868 1154 1 1 1
1014 1154 3 3 5
1051 1155 4 2 6
1153 1155 1 8 8
1277 1155 1 1 1
1722 1155 5 5 21
223 1157 1 1 1
319 1157 1 1 1
345 1157 1 1 1
412 1157 9 5 13
462 1157 1 1 1
905 1156 1 2 2
954 1156 3 4 6
1036 1156 1 5 5
1086 1157 8 3 10
1103 1156 4 10 16
1242 1156 2 3 5
1328 1156 3 3 6
1368 1157 1 1 1
500 1158 9 7 47
609 1159 1 3 3
1074 1158 1 1 1
1266 1159 1 1 1
680 1161 2 2 4
706 1161 1 1 1
941 1160 1 1 1
1174 1160 2 2 3
1187 1160 1 1 1
1334 1161 1 1 1
106 1163 1 2 2
400 1163 2 2 3
764 1163 1 1 1
782 1163 4 3 10
812 1163 1 1 1
914 1162 13 17 45
1262 1162 1 1 1
1608 1162 3 11 22
1739 1163 4 4 8
55 1164 1 2 2
85 1164 15 9 53
279 1165 2 2 2
580 1165 3 1 3
596 1164 1 2 2
635 1165 2 2 3
871 1164 2 2 3
894 1165 1 1 1
936 1165 1 1 1
1204 1165 8 4 13
1293 1165 8 10 17
1296 1164 1 1 1
1487 1165 4 5 14
225 1167 1 1 1
467 1166 3 3 5
682 1167 1 2 2
846 1166 3 3 9
897 1167 5 4 16
1116 1166 5 6 15
1249 1167 1 1 1
1425 1166 1 1 1
700 1168 2 1 2
1213 1169 2 2 4
1667 1168 1 1 1
369 1171 1 1 1
498 1171 1 3 3
653 1171 1 1 1
858 1171 1 1 1
977 1171 11 5 16
1005 1170 1 1 1
1222 1171 1 1 1
47 1172 1 1 1
301 1172 1 1 1
478 1172 3 3 7
514 1173 2 3 4
585 1172 2 3 4
776 1172 1 1 1
816 1173 1 1 1
852 1173 1 1 1
645 1174 1 1 1
1140 1174 1 1 1
1440 1174 1 1 1
1549 1175 1 1 1
357 1176 2 3 4
556 1176 1 2 2
655 1176 8 10 40
744 1176 2 2 3
1194 1177 1 3 3
1224 1176 1 1 1
1248 1176 1 1 1
1323 1177 1 1 1
1328 1176 1 1 1
1367 1176 2 4 4
1839 1176 1 1 1
127 1179 3 3 5
237 1178 12 7 37
274 1179 3 5 14
733 1178 1 4 4
1016 1179 1 1 1
1158 1178 1 1 1
1235 1179 1 1 1
543 1181 1 1 1
785 1180 2 2 2
890 1181 1 2 2
1078 1181 1 1 1
1133 1181 1 1 1
1270 1180 5 8 12
1419 1181 1 1 1
211 1183 2 2 3
291 1183 1 1 1
530 1182 1 1 1
578 1182 6 7 21
760 1182 2 6 9
864 1183 1 1 1
948 1183 1 1 1
965 1182 8 1 8
1177 1182 1 1 1
1179 1183 1 1 1
1389 1182 1 1 1
289 1184 1 1 1
529 1184 1 1 1
547 1184 9 14 41
689 1185 1 3 3
848 1184 2 2 4
1081 1185 2 2 3
1340 1185 1 1 1
1625 1184 1 1 1
1369 1187 1 1 1
425 1188 2 2 3
632 1189 1 1 1
690 1189 1 1 1
859 1188 1 1 1
952 1189 1 1 1
1012 1188 1 1 1
1084 1189 1 1 1
1139 1189 1 1 1
1338 1188 1 1 1
43 1191 5 7 21
57 1190 3 4 6
801 1191 1 1 1
811 1190 5 4 20
915 1190 1 1 1
1164 1191 1 2 2
1185 1190 1 1 1
1333 1190 1 1 1
1803 1191 2 2 3
99 1192 1 1 1
154 1193 11 9 51
623 1192 2 2 3
741 1192 1 1 1
923 1192 2 2 3
1004 1193 7 4 19
1041 1193 1 1 1
1591 1192 3 3 6
484 1194 1 1 1
561 1195 7 8 27
790 1195 1 1 1
816 1195 13 3 29
960 1194 1 1 1
1048 1194 1 1 1
1070 1194 2 2 3
1175 1194 2 2 2
1206 1194 1 1 1
536 1196 2 5 6
1127 1196 1 1 1
1135 1197 1 1 1
1518 1196 3 2 5
41 1199 2 1 2
424 1199 1 2 2
836 1198 1 1 1
841 1199 2 1 2
880 1199 1 1 1
946 1199 4 2 5
995 1199 1 1 1
1056 1198 1 1 1
1094 1199 1 1 1
1223 1198 1 1 1
1250 1198 1 1 1
1417 1198 1 1 1
183 1200 1 2 2
436 1201 1 1 1
478 1201 1 1 1
501 1201 1 1 1
637 1200 3 6 8
1013 1200 1 1 1
1288 1201 1 1 1
472 1202 1 1 1
867 1203 1 2 2
917 1202 2 3 5
1063 1203 1 1 1
1249 1203 1 1 1
1315 1202 1 2 2
1511 1202 1 1 1
34 1205 2 2 2
237 1204 1 2 2
348 1205 4 4 15
462 1204 7 14 62
572 1205 13 17 93
848 1204 11 24 83
882 1205 1 1 1
932 1205 1 1 1
1322 1205 1 1 1
1533 1204 1 1 1
150 1206 1 2 2
981 1206 1 1 1
1044 1206 1 2 2
303 1208 3 3 6
714 1209 7 8 29
834 1208 1 2 2
1273 1208 1 1 1
1331 1209 1 1 1
1557 1208 1 4 4
494 1211 1 1 1
871 1210 6 3 8
891 1210 1 1 1
911 1210 1 4 4
967 1210 11 6 41
1045 1211 2 2 2
1303 1210 1 1 1
297 1213 6 7 17
491 1212 1 1 1
588 1213 11 6 42
702 1213 1 1 1
736 1213 16 15 35
814 1212 1 1 1
948 1213 3 1 3
1089 1213 1 1 1
1184 1212 2 1 2
130 1215 1 1 1
424 1214 1 7 7
538 1214 2 2 4
790 1215 2 3 4
928 1215 1 1 1
943 1214 2 3 4
1271 1214 2 2 2
400 1216 8 7 29
505 1217 1 1 1
520 1216 2 1 2
670 1217 1 1 1
982 1216 5 12 16
1021 1217 1 2 2
1194 1216 1 1 1
1318 1217 1 11 11
1688 1217 5 3 12
890 1218 1 1 1
916 1218 6 3 8
450 1220 13 8 54
763 1220 1 1 1
950 1221 9 7 41
1125 1220 2 2 3
1822 1220 6 3 13
285 1223 2 5 8
499 1223 4 5 20
835 1222 3 1 3
1016 1222 1 1 1
1110 1223 1 5 5
1428 1223 1 5 5
1830 1223 2 5 10
543 1224 9 4 24
643 1225 2 3 6
869 1224 1 4 4
1349 1225 8 3 17
896 1227 5 1 5
922 1226 1 2 2
1206 1226 1 2 2
1577 1226 1 2 2
