0 0 1840 1228 1993401
389 0 23 13 166
435 0 82 70 1978
533 0 43 104 3071
698 0 2 1 2
770 0 17 30 269
818 0 7 10 53
836 0 7 9 49
873 0 6 12 65
902 0 938 273 64096
1054 0 392 118 22807
1455 0 33 21 531
720 10 32 35 435
840 18 36 34 489
809 23 7 13 64
669 33 29 139 2224
814 45 10 33 181
754 46 9 17 67
629 51 8 14 80
598 52 7 13 69
782 57 6 16 71
714 62 47 147 4611
838 63 30 110 1183
897 66 9 18 129
1299 67 4 9 31
797 71 3 10 22
1337 70 4 9 29
967 79 8 7 16
909 81 25 24 411
818 86 17 40 176
944 95 7 14 70
963 96 5 10 41
878 99 4 8 27
779 107 20 124 1273
1163 112 4 8 25
1587 118 1 1 1
1196 122 8 12 81
0 124 111 322 6729
867 131 2 9 14
641 138 7 12 63
876 143 35 34 726
1169 144 5 9 38
815 146 20 61 448
1110 147 1 1 1
1140 153 4 9 31
1835 160 5 35 96
974 163 7 19 58
930 172 28 30 261
674 174 7 13 65
1595 175 17 16 211
958 185 57 228 2290
1014 184 16 25 123
877 187 4 9 23
1628 187 105 116 3377
859 188 15 76 222
510 193 7 9 44
888 194 51 120 1448
1483 196 12 22 226
972 199 2 4 7
556 200 3 3 5
1520 205 13 22 212
607 212 7 12 68
1025 215 1 1 1
850 217 3 2 4
1024 221 130 252 6829
654 225 6 12 58
814 227 7 16 88
778 228 6 9 41
700 231 8 14 85
831 231 25 42 438
728 235 13 35 226
1504 235 38 58 713
1445 237 7 9 53
1262 238 6 11 41
1228 240 3 8 22
525 244 9 12 80
1472 244 18 45 412
1455 253 6 34 130
370 255 155 274 6821
1324 254 7 13 50
1344 259 4 8 25
382 264 1 1 1
670 264 17 18 147
1192 265 18 37 279
1410 267 1 1 1
794 269 5 11 44
811 268 7 16 90
535 270 6 9 40
1158 272 3 4 10
1347 275 22 46 462
1291 277 4 16 58
845 279 4 8 31
436 283 1 1 1
948 282 1 3 3
1306 283 45 72 943
442 285 1 1 1
448 287 2 2 4
457 290 1 1 1
775 290 14 14 116
1265 290 1 1 1
838 294 5 11 47
882 297 13 21 158
481 299 1 1 1
1250 299 7 15 62
814 301 6 13 61
1680 301 10 4 20
864 304 16 30 205
509 310 1 1 1
672 311 5 8 34
949 311 8 15 97
1173 311 64 133 2022
1283 311 4 9 33
514 312 2 2 3
783 317 5 8 27
807 320 6 12 55
615 324 7 12 68
1235 325 11 22 156
1433 325 8 31 120
1392 326 9 37 199
1260 331 5 9 34
670 332 7 13 67
643 335 13 19 121
753 338 5 9 31
788 339 4 6 18
834 338 5 11 46
884 341 7 15 82
806 346 13 18 129
916 349 8 17 107
952 350 6 11 49
897 356 18 33 299
650 364 10 20 94
666 364 5 8 37
679 367 97 225 5088
747 369 4 6 19
1266 371 16 17 195
1439 370 5 5 18
80 381 3 1 3
821 380 6 11 45
859 385 6 13 54
650 397 10 18 85
917 399 5 8 29
792 403 11 21 176
830 402 13 22 213
886 405 6 14 69
538 412 9 14 86
1020 417 9 15 108
869 427 47 94 1698
597 428 17 18 137
713 432 7 16 92
1261 434 1 2 2
1297 435 15 18 189
923 436 3 3 6
505 439 7 11 55
647 438 6 10 48
859 438 4 6 22
1010 438 5 10 44
1025 444 10 19 70
825 448 4 8 27
1225 448 6 5 21
784 453 5 11 38
976 456 60 231 2532
1048 460 5 10 40
1128 462 1 9 9
944 470 3 6 12
1027 471 5 11 49
1187 472 23 39 586
839 474 5 9 36
1039 477 49 73 709
671 478 6 11 49
507 481 4 1 4
818 481 6 13 69
512 482 2 1 2
927 483 28 16 173
980 485 5 10 43
1659 484 6 31 69
798 489 4 5 14
1536 490 8 21 125
640 495 6 9 44
593 497 8 13 80
1146 498 3 6 16
1228 499 4 8 24
1493 499 7 10 53
897 501 9 18 63
921 501 1 1 1
613 507 9 40 184
1476 507 2 1 2
563 508 7 11 57
924 509 1 2 2
913 508 46 41 483
915 516 1 1 1
869 521 29 41 424
1208 521 3 3 7
630 524 15 21 111
707 526 3 1 3
711 527 3 1 3
715 528 3 1 3
1141 528 3 7 19
972 530 2 8 11
866 532 5 5 9
1043 534 22 111 480
536 537 7 11 59
1172 536 4 8 27
802 538 10 18 138
831 539 15 31 218
863 539 1 1 1
921 539 40 32 266
506 543 13 20 118
1214 542 3 6 15
563 548 17 11 134
964 549 1 2 2
786 550 7 14 76
970 551 4 2 8
1369 550 1 2 2
1125 552 3 5 12
866 561 1 1 1
886 562 1 1 1
973 563 2 1 2
1145 564 3 8 23
595 566 4 4 13
925 566 2 1 2
1132 569 6 19 50
881 570 5 3 10
931 571 12 17 46
865 572 10 1 10
904 572 1 1 1
947 572 2 2 2
964 572 1 1 1
966 573 5 8 25
982 579 1 1 1
1325 579 64 67 1251
495 580 7 11 57
878 581 6 4 9
1238 581 11 24 221
607 583 8 12 73
960 583 6 26 45
1150 582 4 9 31
1482 583 80 51 1407
650 584 5 9 32
908 584 11 5 18
1115 584 4 4 14
893 589 6 4 14
949 588 2 9 17
849 590 129 124 3238
926 590 1 1 1
933 591 1 2 2
1122 590 10 13 68
1092 593 23 52 396
1561 593 13 23 197
900 596 1 1 1
1211 596 3 5 14
765 601 28 49 747
913 600 1 1 1
926 602 1 1 1
606 605 12 20 94
653 605 8 2 12
806 604 5 9 33
1058 605 1 11 11
968 609 2 4 5
545 610 7 11 55
898 613 1 1 1
1148 615 3 7 18
1237 618 3 5 14
908 621 1 1 1
1176 621 16 19 196
618 625 36 205 1307
624 627 14 30 186
980 627 2 5 10
1221 627 4 8 30
455 628 8 11 66
573 629 25 31 265
873 630 3 11 12
1207 637 13 13 52
1268 637 5 9 39
526 640 7 10 59
713 641 7 13 76
1117 642 10 22 187
885 646 1 1 1
879 651 1 1 1
599 653 8 15 92
941 652 1 1 1
1136 652 3 8 21
1505 652 26 43 626
853 654 16 23 272
1349 657 15 27 345
730 661 4 9 31
1177 661 26 23 238
664 664 6 11 49
1212 665 3 3 8
1049 673 30 38 481
1117 677 14 33 252
1544 682 15 23 274
722 687 5 8 28
597 690 6 10 46
679 693 6 12 55
964 692 2 2 4
1250 695 3 8 22
1366 698 14 25 306
1217 701 10 25 155
1017 708 26 72 842
775 712 5 11 41
1000 712 1 1 1
752 715 12 22 185
386 716 92 126 2776
1002 716 7 4 16
1109 716 15 31 127
947 719 1 1 1
866 719 184 356 25919
1183 718 9 20 153
1012 720 4 8 27
1075 721 5 10 45
572 722 18 19 205
477 724 20 18 180
1242 724 4 8 18
999 727 1 1 1
698 731 12 19 174
506 733 9 21 115
713 734 9 59 201
1136 737 3 8 24
665 739 21 22 299
799 739 48 328 3485
1228 739 11 9 54
607 740 4 7 27
898 740 1 1 1
1444 740 13 22 242
1055 743 39 23 376
843 744 1 1 1
0 746 1 1 1
614 749 7 13 78
844 748 1 1 1
1254 748 2 6 11
845 751 1 1 1
1142 750 26 20 256
1376 751 8 14 96
1234 756 3 5 12
849 763 6 18 22
1394 762 7 11 63
1227 772 3 5 10
1251 773 25 40 754
601 776 14 12 102
531 785 8 12 72
889 785 1 1 1
1077 785 7 16 104
488 789 8 13 71
1123 789 15 20 107
1224 791 3 5 13
784 795 9 54 207
505 797 6 10 44
759 797 8 12 69
1060 796 5 16 72
1110 797 4 9 34
1340 798 14 24 270
1419 801 6 10 47
519 803 4 3 9
699 805 51 17 364
1087 805 3 8 21
1099 809 2 5 8
1402 810 6 9 43
1035 813 1 1 1
483 815 8 12 75
608 820 6 12 58
1164 821 6 11 37
1213 820 23 53 818
872 825 1 1 1
1191 825 13 22 151
1047 826 8 9 45
1150 829 15 23 151
553 831 6 13 53
874 830 1 1 1
875 832 1 1 1
620 837 5 9 35
718 838 10 26 139
1131 838 3 7 18
1028 841 1 2 2
1096 841 11 23 216
1027 844 1 1 1
1254 849 12 24 251
784 851 1 1 1
645 854 5 8 30
1135 854 16 15 84
1180 854 1 1 1
845 857 29 114 804
668 859 5 7 21
546 861 20 21 199
783 861 1 1 1
1050 861 30 38 700
1117 860 2 5 8
731 871 4 8 26
780 875 1 1 1
1128 876 17 51 399
628 882 4 9 32
1450 884 13 19 196
1170 888 3 9 22
714 891 4 6 19
781 890 1 1 1
733 894 8 16 101
1157 894 4 6 20
615 897 6 11 52
1202 897 3 6 15
453 900 6 9 41
674 901 4 5 16
498 902 6 8 39
1149 903 1 1 1
1215 902 3 6 16
766 906 5 9 32
621 908 17 32 285
1191 912 8 21 82
1465 913 24 26 473
1048 915 5 1 5
423 916 7 10 52
1501 916 11 15 144
566 921 1 1 1
1210 921 5 5 19
533 926 6 9 36
701 926 4 7 24
515 939 6 8 37
1530 938 15 24 311
637 940 13 15 85
782 943 10 22 178
560 944 8 12 63
1017 947 5 7 26
1123 946 2 6 12
606 951 7 15 88
1146 951 3 8 18
687 952 19 20 283
590 956 3 5 11
715 959 4 4 14
1105 959 1 1 1
1117 963 2 7 13
474 964 8 11 65
1140 965 7 28 115
1082 967 11 7 22
788 968 7 31 111
503 971 9 15 103
866 973 8 27 85
973 973 9 13 71
629 974 5 10 40
997 975 3 8 20
1187 974 3 7 19
1077 976 4 3 9
1202 980 4 5 16
519 983 13 14 122
568 989 5 8 36
1125 988 5 12 55
592 993 11 19 164
1099 992 1 1 1
1158 995 13 7 39
1383 994 5 6 17
1407 994 5 5 22
1399 999 6 9 41
756 1002 21 18 275
871 1005 8 24 68
1443 1005 6 6 28
610 1009 5 11 38
466 1012 7 12 63
684 1013 3 5 11
1067 1014 13 9 53
1140 1019 7 16 84
1164 1020 3 13 32
572 1025 5 8 31
648 1026 567 202 39240
659 1028 5 6 22
875 1030 17 31 140
453 1032 7 11 51
1088 1033 11 14 45
626 1034 5 10 33
859 1035 7 15 91
506 1036 5 8 30
1013 1039 30 22 360
1490 1043 17 29 402
1054 1044 2 5 9
1221 1047 3 7 20
1134 1048 3 5 13
1077 1051 12 21 222
1233 1057 2 4 7
267 1058 2 1 2
1448 1059 17 28 396
487 1060 4 5 14
841 1060 26 17 161
909 1060 2 3 4
1034 1072 11 16 136
558 1074 7 11 58
1092 1075 2 7 13
539 1077 5 4 13
573 1077 7 11 61
1282 1076 3 5 12
610 1079 11 21 156
887 1082 8 25 123
949 1084 2 3 4
805 1087 8 15 83
904 1086 6 24 110
1277 1091 1 1 1
1572 1092 19 16 183
961 1094 4 12 42
848 1097 2 2 3
937 1096 2 2 2
1060 1100 1 2 2
1046 1103 3 7 14
458 1111 6 9 37
990 1110 6 14 65
859 1116 5 8 23
877 1116 9 12 66
937 1121 16 13 61
26 1123 5 5 19
1228 1129 3 6 12
494 1131 6 9 41
629 1132 4 8 22
515 1137 4 1 4
521 1141 7 11 63
654 1140 14 12 93
533 1151 4 5 18
1589 1150 2 1 2
1342 1159 2 1 2
629 1163 4 5 14
1216 1163 3 9 24
492 1165 6 8 32
537 1167 7 10 55
607 1166 6 13 64
1328 1167 5 6 25
416 1178 1 1 1
693 1181 6 11 50
1215 1181 2 5 10
1511 1180 13 15 140
595 1183 5 8 29
1356 1184 3 2 5
1835 1186 5 1 5
652 1191 8 10 62
1213 1190 1 1 1
1406 1193 6 8 35
451 1196 8 10 38
94 1198 2 1 2
543 1198 3 3 8
1609 1199 1 1 1
1306 1203 2 1 2
1484 1202 13 13 125
1116 1204 1 1 1
1164 1205 2 7 13
634 1207 2 5 6
402 1209 4 3 7
1279 1209 3 2 4
1110 1212 3 5 15
389 1216 1 1 1
1449 1217 11 11 68
232 1225 4 3 11
1241 1225 2 3 5
