0 0 1840 1228 2190104
469 0 1 2 2
486 0 29 26 404
533 0 6 16 67
613 0 1 4 4
645 0 2 4 8
674 0 12 11 43
734 0 26 7 101
776 0 16 11 63
801 0 1 5 5
815 0 4 4 16
862 0 12 5 47
865 0 43 83 961
910 0 1 2 2
922 0 1 4 4
983 0 3 2 6
1152 0 19 34 231
1213 0 14 25 236
1268 0 37 42 777
1325 0 24 26 400
1369 0 14 14 135
1233 5 25 49 460
840 6 1 1 1
918 7 3 8 14
766 8 1 1 1
807 8 2 1 2
547 10 1 1 1
877 11 1 1 1
297 13 10 13 89
663 13 1 1 1
715 13 9 7 22
776 13 2 1 2
692 15 10 19 60
970 15 1 1 1
654 17 1 1 1
958 17 7 1 7
554 18 15 61 297
921 19 34 38 341
1305 21 11 25 199
1012 23 1 1 1
674 24 1 1 1
538 26 2 1 2
711 27 5 8 27
880 26 2 2 3
627 29 1 1 1
687 29 1 2 2
842 28 1 1 1
1086 29 17 21 220
304 31 14 24 197
916 31 2 1 2
490 32 16 22 117
596 33 1 1 1
808 33 1 1 1
1181 32 13 41 339
110 35 12 18 152
1373 34 1 1 1
630 36 13 9 31
814 36 1 1 1
991 37 1 1 1
677 38 1 1 1
700 38 1 1 1
830 39 2 1 2
684 40 1 1 1
701 41 1 1 1
833 41 1 1 1
748 42 3 1 3
847 43 1 1 1
957 43 28 21 186
326 45 11 15 110
533 45 9 15 94
575 45 1 1 1
751 45 6 9 44
1151 45 9 33 219
691 46 1 1 1
708 47 4 8 11
724 47 1 9 9
843 46 2 2 4
1276 47 23 57 611
193 49 7 8 35
604 49 2 1 2
695 48 2 1 2
367 50 2 2 2
607 51 10 9 38
736 50 1 1 1
760 50 32 17 187
857 50 1 1 1
914 50 1 1 1
816 54 1 1 1
831 55 3 9 15
1230 54 4 3 8
586 57 1 1 1
716 56 1 1 1
642 59 1 1 1
644 58 1 1 1
804 58 2 1 2
802 59 23 53 246
695 61 18 26 187
745 60 1 1 1
604 62 1 1 1
654 62 23 26 141
735 62 1 1 1
855 63 1 1 1
621 65 1 1 1
862 65 1 1 1
503 68 1 1 1
741 69 8 11 46
759 68 5 4 11
844 69 10 28 177
728 71 1 1 1
777 71 1 1 1
926 73 5 7 24
633 75 1 1 1
726 75 1 1 1
863 75 1 1 1
1139 74 2 1 2
644 76 1 1 1
161 79 6 3 16
780 79 20 32 274
1191 79 9 17 107
609 81 2 1 2
1107 80 13 14 116
494 83 32 33 323
639 83 12 7 37
751 82 1 1 1
912 84 2 3 4
1000 85 1 2 2
615 87 8 23 61
676 87 4 3 6
544 88 6 15 64
768 89 1 1 1
1247 89 12 27 251
288 91 14 24 159
723 91 1 1 1
972 90 16 13 105
405 92 6 5 19
420 93 3 3 7
666 92 1 1 1
651 93 67 55 1348
732 93 1 1 1
752 93 2 1 2
1357 95 8 7 34
328 98 2 1 2
756 99 4 4 16
806 99 2 1 2
886 98 2 2 4
1030 99 1 1 1
198 101 4 3 8
740 101 14 9 27
1141 102 42 45 531
837 105 12 6 26
765 106 7 1 7
880 109 2 4 5
895 108 2 2 3
444 111 10 16 109
870 110 1 1 1
923 111 15 15 91
975 113 1 1 1
1031 113 12 13 85
1400 112 18 17 133
973 114 1 1 1
1091 115 17 26 276
754 118 11 11 34
787 120 12 15 71
833 120 3 4 12
351 125 8 8 45
734 124 1 1 1
811 124 22 23 291
65 127 13 11 93
644 126 2 1 2
878 126 4 8 19
1233 126 3 4 8
502 128 4 15 38
1206 128 9 17 122
601 131 1 1 1
1320 135 30 80 722
1056 136 10 33 251
205 140 10 10 71
569 140 1 1 1
738 140 22 10 87
804 141 1 1 1
895 140 10 20 137
1150 140 42 96 1546
769 142 9 13 66
121 144 8 7 33
509 147 2 2 4
950 149 10 25 151
1248 151 9 13 86
517 153 5 5 18
711 155 7 4 22
824 158 7 12 61
1141 158 6 9 43
493 161 5 5 22
1285 161 12 34 301
699 167 1 1 1
680 169 1 2 2
1004 168 12 12 71
314 170 8 12 60
609 171 1 1 1
665 171 1 1 1
1380 170 4 2 8
671 172 7 2 8
1387 173 9 9 65
602 177 2 1 2
891 176 1 1 1
1087 176 5 13 53
139 179 14 34 169
810 178 6 12 63
560 180 10 12 83
1232 181 3 4 8
1245 181 17 25 256
709 183 2 5 8
1069 183 1 1 1
693 185 3 7 17
939 184 5 5 21
1117 185 2 2 2
286 186 9 8 38
825 188 1 1 1
974 189 2 7 12
359 190 10 18 129
690 193 1 1 1
232 194 13 17 152
601 199 6 5 17
514 201 1 1 1
932 200 1 1 1
951 201 18 23 154
710 202 7 2 9
878 203 2 3 5
891 202 1 1 1
919 203 7 12 66
947 203 2 2 3
1362 203 8 11 60
1106 205 5 6 17
516 206 2 5 10
569 207 5 5 21
414 209 8 8 41
719 209 3 3 8
483 213 3 1 3
1221 212 2 2 3
519 214 9 24 126
564 215 1 1 1
349 217 18 22 145
503 216 4 6 9
803 216 3 7 18
832 216 16 21 185
995 217 1 1 1
1224 217 1 1 1
772 219 1 1 1
877 219 3 5 13
890 218 3 5 10
773 221 1 1 1
967 220 3 7 16
1004 224 2 3 6
1070 224 8 17 91
132 228 12 13 109
202 228 28 23 190
565 228 11 27 116
706 231 2 1 2
933 231 2 1 2
900 232 15 16 132
876 234 2 2 4
965 237 2 2 3
1206 236 9 14 95
335 238 10 6 29
1146 239 15 28 208
692 240 4 8 26
943 240 5 3 13
485 243 5 8 31
1119 242 5 8 33
1386 244 7 10 40
1229 247 9 16 116
833 249 18 18 124
939 249 4 12 36
986 250 8 13 79
670 252 1 1 1
1175 258 7 16 95
764 260 1 1 1
808 260 1 1 1
822 260 1 1 1
1461 261 3 2 4
1198 262 9 15 95
1350 263 3 1 3
570 265 15 36 175
793 264 4 2 6
853 264 1 1 1
244 267 1 1 1
327 267 5 5 13
524 266 4 4 7
811 267 1 2 2
247 268 1 1 1
250 269 1 3 3
373 271 8 18 106
502 271 7 10 47
712 271 2 1 2
801 271 1 1 1
850 270 1 1 1
846 273 3 3 9
1632 273 2 1 2
559 274 4 4 14
812 275 4 3 12
613 277 1 1 1
716 277 1 1 1
1421 276 8 10 61
491 278 1 1 1
518 279 30 45 376
831 278 4 2 7
907 279 1 1 1
1006 278 22 22 160
798 281 32 28 144
816 281 4 3 12
855 281 8 19 115
187 282 2 2 2
792 283 1 1 1
461 285 1 1 1
549 285 2 3 5
598 287 2 1 2
891 287 3 5 10
709 288 4 15 50
908 291 4 3 12
496 293 4 2 6
696 293 4 3 11
770 292 2 2 2
940 292 2 5 10
1134 293 7 11 58
883 299 33 34 585
381 300 13 17 144
422 300 3 2 4
588 301 1 1 1
610 301 1 1 1
758 301 2 16 17
805 300 41 53 749
942 300 1 3 3
557 302 2 1 2
1242 302 18 26 189
492 304 5 8 21
1485 305 2 1 2
647 307 1 1 1
822 306 2 2 2
877 306 1 1 1
959 307 1 1 1
675 308 8 11 51
1124 309 2 4 5
1333 310 7 10 58
636 312 3 2 3
650 313 1 1 1
1071 316 2 1 2
590 319 2 1 2
757 321 2 1 2
771 321 9 9 17
482 324 2 1 2
1183 324 6 7 21
478 326 1 1 1
500 327 1 1 1
502 326 2 1 2
738 328 1 1 1
991 328 12 13 93
1104 329 6 12 62
284 330 1 1 1
673 331 3 2 4
767 330 1 1 1
514 333 7 6 27
689 332 1 1 1
728 332 9 23 103
864 332 1 2 2
950 333 1 1 1
245 335 2 2 4
761 334 1 1 1
407 336 3 2 6
781 337 2 2 2
854 336 1 1 1
1315 336 16 16 126
118 339 6 7 17
794 339 1 1 1
856 338 1 1 1
1213 338 7 8 44
885 341 1 1 1
898 341 2 2 3
936 340 2 2 4
412 342 19 18 234
1030 343 2 2 3
527 344 1 1 1
297 347 8 12 68
567 347 19 21 208
787 349 1 1 1
854 351 2 2 3
994 350 3 3 7
167 352 6 2 9
630 353 1 1 1
757 352 14 39 150
782 353 2 3 6
852 353 1 1 1
826 354 3 3 8
897 354 1 1 1
980 355 1 2 2
1083 355 6 5 21
1307 354 7 12 67
1438 354 2 2 2
463 357 7 1 7
865 357 37 34 433
904 356 9 6 26
806 358 20 11 99
863 359 3 9 27
1186 359 14 38 306
1472 358 1 1 1
673 360 1 1 1
780 361 1 1 1
941 360 10 31 95
840 362 2 1 2
346 364 7 4 12
716 364 2 1 2
853 365 1 2 2
976 365 12 7 23
499 366 1 1 1
922 366 2 3 5
706 368 1 1 1
1179 369 1 1 1
1514 369 1 1 1
378 371 1 1 1
722 370 11 2 12
524 374 4 7 16
787 374 1 1 1
1113 375 25 24 209
468 376 1 1 1
623 377 10 3 17
1107 378 5 5 18
576 382 17 21 128
797 383 2 2 3
811 382 1 1 1
925 384 1 1 1
1088 384 5 6 18
1242 385 9 17 108
1279 384 1 2 2
514 387 1 1 1
714 386 9 10 27
206 388 19 27 223
838 389 18 38 319
895 389 7 9 45
335 393 2 2 4
824 392 3 4 9
862 392 1 1 1
927 392 1 1 1
1263 397 1 1 1
546 399 4 4 14
874 399 4 8 24
1078 398 18 30 193
946 400 1 1 1
1175 400 8 18 97
532 403 2 6 7
621 402 1 1 1
784 403 2 3 5
819 402 2 2 3
1200 403 7 13 45
1234 403 7 8 33
568 405 7 7 35
605 405 4 5 15
676 404 4 4 12
805 404 4 13 25
704 406 6 2 9
793 407 1 1 1
432 409 9 17 94
701 409 2 1 2
827 408 2 1 2
794 410 2 4 5
829 411 1 1 1
1139 410 1 1 1
1000 414 2 2 3
947 417 4 4 9
961 417 1 1 1
262 418 1 1 1
357 418 9 8 46
451 418 1 1 1
500 419 1 1 1
534 419 2 1 2
553 419 4 3 9
655 419 1 1 1
762 419 4 4 11
1224 418 21 9 91
449 420 2 5 8
539 421 4 1 4
657 421 1 1 1
401 423 3 3 7
524 423 4 3 8
1163 422 8 18 98
1548 422 3 5 6
596 425 2 2 3
1035 424 6 9 40
1072 425 6 10 46
193 427 1 1 1
614 427 6 6 19
797 427 9 11 59
899 426 6 4 11
842 428 2 6 8
866 429 2 1 2
1005 431 1 1 1
1007 430 1 1 1
1211 430 6 7 20
947 434 1 1 1
383 437 4 10 17
557 437 1 1 1
702 437 1 1 1
512 439 2 1 2
736 438 3 6 15
886 439 12 8 64
1188 438 1 1 1
922 440 1 1 1
1456 440 5 1 5
1222 443 13 21 106
459 445 1 1 1
685 444 5 9 32
212 446 6 1 6
374 448 1 1 1
1000 448 3 16 18
632 451 1 1 1
579 453 1 1 1
822 452 13 8 54
1086 453 5 6 22
111 455 1 1 1
259 454 6 7 21
540 454 14 15 95
919 455 1 1 1
701 459 1 1 1
868 458 1 2 2
979 458 6 8 33
698 461 3 2 5
714 461 1 1 1
781 460 2 1 2
495 465 7 1 7
640 465 2 1 2
729 464 2 5 8
751 464 1 1 1
1208 465 10 19 146
1263 465 1 1 1
1273 465 2 1 2
877 467 13 17 107
201 470 3 2 5
872 471 1 1 1
1169 471 6 8 36
1185 471 11 12 94
479 473 2 1 2
949 473 11 16 70
1108 472 5 16 43
469 475 6 6 29
581 477 1 1 1
843 476 1 1 1
151 479 4 2 8
521 479 4 4 8
668 478 2 1 2
1143 478 11 14 99
1784 478 1 2 2
459 480 2 1 2
559 480 2 1 2
662 480 2 3 4
981 480 6 22 114
413 482 2 1 2
781 482 1 1 1
1028 482 2 3 5
119 484 4 1 4
715 485 2 8 12
777 485 2 1 2
825 484 2 2 3
229 486 1 1 1
997 486 7 14 80
488 488 1 1 1
582 488 3 1 3
927 489 16 14 123
1246 488 3 2 5
597 491 1 1 1
727 490 12 7 25
892 490 1 1 1
912 490 1 1 1
594 492 2 2 3
682 492 1 1 1
1083 492 1 1 1
777 495 2 1 2
865 494 24 50 593
538 497 1 1 1
774 497 3 1 3
1334 497 5 6 18
853 499 1 1 1
1032 500 6 9 44
1260 501 5 5 22
643 502 2 1 2
691 503 5 7 22
943 503 1 1 1
972 503 2 2 3
992 502 1 1 1
739 505 1 1 1
1167 505 1 1 1
414 507 8 8 42
628 507 3 1 3
764 507 9 8 32
1245 507 6 11 54
926 508 1 2 2
733 511 4 8 13
837 511 5 9 37
573 513 1 1 1
751 513 7 13 56
998 512 2 3 5
1147 512 3 4 9
1551 513 1 1 1
511 515 2 2 4
923 515 1 1 1
1038 515 1 1 1
1124 514 5 7 26
686 516 1 1 1
952 516 5 9 37
1102 516 5 6 19
449 518 8 12 69
505 518 1 1 1
615 519 3 4 10
687 520 12 8 31
992 520 2 6 10
551 524 4 12 27
593 525 1 1 1
940 524 4 11 25
381 526 3 4 10
639 527 3 4 11
674 527 1 1 1
1052 526 1 1 1
1020 528 2 2 4
1070 529 3 4 7
1800 528 23 11 86
321 532 1 1 1
833 532 1 1 1
1200 533 14 41 238
625 534 1 1 1
446 537 1 1 1
713 537 1 1 1
783 536 1 1 1
815 537 4 2 6
851 536 10 11 65
1014 537 5 8 30
1235 537 7 9 43
26 538 3 2 3
514 538 5 5 17
938 539 1 3 3
190 541 3 2 4
600 541 11 10 72
689 541 2 2 3
892 541 5 6 25
1134 542 10 7 33
1253 545 1 1 1
728 546 1 1 1
942 546 1 2 2
1295 546 8 7 37
374 548 1 1 1
427 549 1 1 1
620 549 2 2 2
704 548 6 7 29
919 549 6 6 20
565 551 4 5 17
1120 551 4 4 12
857 553 22 26 425
977 552 1 1 1
1106 553 1 2 2
670 554 2 2 2
753 554 6 12 48
1157 554 3 3 7
252 557 6 5 17
655 557 1 1 1
790 556 1 1 1
792 557 3 4 10
896 560 1 1 1
1000 561 1 1 1
1172 560 5 6 22
571 563 15 11 26
891 563 5 11 53
937 563 1 1 1
1059 562 3 7 17
1512 562 1 1 1
217 564 17 10 57
330 564 1 2 2
536 564 4 4 10
549 565 1 1 1
1135 564 5 13 54
408 566 1 1 1
550 567 1 1 1
92 568 1 1 1
645 569 3 1 3
973 571 1 1 1
749 573 1 1 1
1072 572 4 5 19
1405 573 2 1 2
13 575 1 1 1
1113 575 2 2 3
1159 576 3 4 6
1373 578 1 1 1
82 581 2 2 3
647 580 4 4 12
730 581 1 2 2
296 583 1 1 1
629 583 4 7 11
561 585 4 4 11
581 584 2 1 2
596 584 2 1 2
999 584 2 3 6
1238 584 3 4 7
745 587 1 1 1
872 586 2 2 3
137 589 1 1 1
343 589 1 1 1
1198 588 6 8 28
135 590 1 1 1
642 590 3 7 9
1071 591 3 3 5
1439 590 1 2 2
408 595 1 1 1
420 594 6 4 13
559 594 1 1 1
878 595 1 1 1
929 595 1 2 2
1099 595 39 25 342
371 597 4 3 11
698 597 1 1 1
897 597 2 5 5
59 599 2 2 2
356 601 4 1 4
430 600 2 1 2
696 600 1 1 1
828 601 2 1 2
981 600 1 1 1
1375 601 3 2 4
351 603 3 2 3
584 603 1 1 1
613 602 13 6 25
887 602 2 3 5
1203 603 1 1 1
1341 602 1 1 1
265 604 3 11 13
443 604 3 6 8
589 605 1 1 1
709 605 1 1 1
815 604 1 1 1
854 605 6 12 51
1201 605 1 1 1
761 606 1 3 3
873 606 2 3 6
1308 606 4 5 13
222 608 6 4 18
557 609 1 1 1
799 608 4 10 26
1014 608 1 1 1
1186 608 9 18 107
602 611 2 2 2
923 611 14 9 48
1064 611 1 1 1
299 613 1 1 1
716 612 3 3 6
228 614 1 1 1
319 615 1 1 1
329 615 3 1 3
437 614 1 1 1
502 614 14 9 36
642 615 14 4 23
779 614 1 2 2
1060 614 2 2 4
1233 614 5 7 22
731 616 3 5 10
1350 616 1 1 1
1430 616 4 2 4
294 619 3 3 8
306 619 5 3 11
789 619 3 4 8
1295 619 1 1 1
365 621 1 1 1
891 620 1 3 3
1245 621 1 1 1
1529 621 1 1 1
459 622 3 3 6
614 622 395 299 27588
1101 622 12 19 60
792 625 1 1 1
197 626 2 1 2
426 627 9 18 52
592 626 12 9 43
666 626 1 1 1
736 626 3 2 5
382 628 1 1 1
528 628 11 1 11
370 631 1 2 2
890 631 3 3 7
1075 630 1 1 1
1202 631 5 6 20
1291 631 3 4 7
248 633 8 8 37
310 632 10 1 10
717 633 1 1 1
1142 633 1 1 1
1163 632 7 15 63
110 634 2 1 2
721 634 1 1 1
667 637 1 2 2
775 637 1 2 2
909 637 1 3 3
725 638 2 2 3
843 639 1 3 3
1391 639 1 2 2
138 641 1 1 1
599 640 4 8 28
644 641 3 2 6
812 640 1 2 2
659 643 1 1 1
692 643 1 1 1
1069 642 3 5 9
280 644 6 6 15
483 645 1 1 1
566 645 8 11 35
636 645 3 10 27
648 644 6 10 38
718 644 7 3 17
858 644 2 3 6
1230 644 9 13 87
520 646 1 1 1
1122 647 4 5 15
541 648 1 1 1
693 648 1 2 2
1050 649 1 1 1
1105 648 2 2 4
436 650 1 1 1
776 650 2 2 3
295 653 1 1 1
754 652 4 6 23
264 654 1 1 1
398 654 1 1 1
454 654 2 2 3
1287 655 3 4 9
722 657 1 1 1
1327 656 4 3 8
314 658 1 1 1
482 659 1 1 1
689 659 33 55 348
868 658 3 6 17
1134 659 17 10 41
78 660 2 1 2
347 661 1 1 1
489 661 2 2 3
575 661 4 3 11
818 660 1 1 1
686 663 1 1 1
916 662 1 1 1
691 664 6 1 6
703 665 1 2 2
747 665 1 1 1
804 664 10 12 51
530 666 1 1 1
657 666 7 4 22
768 667 1 4 4
863 667 1 3 3
572 668 1 1 1
739 668 3 7 16
209 671 1 1 1
642 670 1 1 1
665 670 1 1 1
881 671 1 7 7
1185 671 2 1 2
1443 671 2 2 2
295 672 1 1 1
592 672 1 1 1
609 673 1 1 1
1029 672 1 2 2
1323 672 1 1 1
270 674 2 2 2
508 675 1 1 1
532 674 3 4 6
756 674 9 17 39
1312 676 1 1 1
247 678 5 3 12
374 678 1 1 1
449 679 17 7 31
1126 679 20 25 143
895 680 14 24 94
1090 681 4 6 17
1386 682 1 1 1
416 684 2 2 2
483 685 2 2 3
581 684 9 7 41
914 684 4 9 32
1112 686 5 4 17
1159 686 5 6 21
251 690 10 5 43
743 690 1 1 1
1108 690 3 4 11
502 692 1 1 1
886 693 3 4 12
310 694 1 1 1
445 694 2 3 4
1077 695 4 3 7
181 696 1 1 1
490 696 2 4 5
518 697 5 4 14
231 698 4 2 5
441 698 1 1 1
469 699 5 2 7
354 700 1 1 1
373 700 3 2 5
395 700 1 1 1
531 700 10 5 24
562 701 1 1 1
851 703 1 1 1
932 702 1 1 1
1057 702 1 1 1
1226 702 6 11 50
160 704 4 2 4
392 704 1 2 2
458 705 8 13 54
811 705 4 11 18
1300 705 1 1 1
479 707 1 1 1
1324 707 1 1 1
569 709 2 2 4
601 709 1 1 1
742 709 1 1 1
1095 708 12 20 112
1200 709 4 8 27
319 710 3 2 4
609 710 1 1 1
1296 710 1 1 1
640 713 3 1 3
852 712 4 6 18
1141 713 1 1 1
1660 712 2 1 2
627 714 4 1 4
715 714 10 6 21
650 717 3 8 11
742 717 25 30 169
1005 716 1 3 3
233 718 1 1 1
520 719 1 1 1
1144 719 5 7 29
1073 721 3 2 3
103 723 1 1 1
639 723 2 2 4
822 722 5 25 67
525 725 1 1 1
688 724 3 4 5
1161 724 4 5 18
881 727 1 2 2
1008 727 4 5 18
85 728 1 1 1
100 728 1 1 1
700 728 2 1 2
709 729 2 2 3
793 728 1 1 1
986 729 1 2 2
1230 728 3 1 3
618 731 6 3 8
719 731 3 3 7
644 732 3 4 10
1215 732 2 2 3
1279 733 2 2 3
415 734 1 1 1
902 735 4 6 21
1026 735 1 1 1
1364 735 6 6 15
402 736 1 1 1
760 737 1 1 1
1025 737 1 1 1
1183 737 4 5 14
421 739 5 5 20
575 738 7 5 22
667 738 2 3 5
626 740 2 3 6
731 741 9 3 11
800 741 1 2 2
1065 740 6 13 42
615 742 1 1 1
897 742 1 1 1
1172 743 4 4 13
390 745 3 3 6
914 744 5 11 41
996 744 1 1 1
1640 744 1 1 1
524 747 3 4 10
601 747 13 16 58
686 746 47 20 525
755 747 7 12 51
1083 747 4 5 14
1445 747 1 1 1
489 749 1 1 1
583 749 3 2 3
877 751 3 4 10
930 751 1 1 1
1004 750 5 7 29
1488 751 3 2 5
23 753 1 1 1
1265 753 5 5 17
1452 752 3 3 4
1218 754 4 5 10
527 756 1 1 1
553 757 9 2 11
1041 756 3 5 9
1283 757 5 1 5
1379 756 1 1 1
1537 757 1 1 1
433 758 4 2 6
783 758 2 3 4
815 759 1 1 1
1091 758 5 3 10
276 761 10 17 88
741 761 11 7 23
794 761 1 1 1
1380 760 1 1 1
516 762 1 1 1
535 763 3 2 5
1015 762 1 3 3
1179 763 3 2 6
1501 763 1 1 1
368 765 4 3 6
469 765 4 3 8
638 764 1 1 1
915 764 1 2 2
1293 764 3 2 5
1462 764 1 1 1
686 767 1 1 1
1161 766 1 1 1
356 769 1 1 1
531 768 3 5 8
591 768 1 1 1
879 769 11 8 19
1567 768 3 2 5
311 771 1 1 1
789 771 1 1 1
804 771 1 1 1
829 770 1 1 1
1268 770 1 2 2
249 772 3 3 5
517 773 1 1 1
607 773 1 1 1
611 772 1 1 1
836 772 1 1 1
1270 772 1 1 1
914 775 1 1 1
974 775 1 1 1
1025 775 5 5 16
1147 775 14 23 233
1199 774 1 1 1
1201 775 2 1 2
333 776 1 1 1
13 778 3 2 3
468 778 6 18 58
775 779 1 1 1
1120 778 3 3 8
794 781 1 1 1
1107 781 3 7 16
1182 781 5 7 30
384 787 5 4 6
821 787 1 2 2
910 786 1 1 1
1192 787 16 6 42
168 789 5 3 8
826 789 2 3 4
894 788 1 1 1
256 791 1 1 1
423 791 1 1 1
765 790 11 7 37
883 790 4 7 23
988 791 1 2 2
1133 791 4 2 7
803 793 1 2 2
1059 792 3 3 5
459 794 1 1 1
488 795 2 2 4
814 795 1 1 1
457 797 1 1 1
1164 799 4 4 15
748 801 4 3 9
1358 800 1 1 1
1403 800 1 1 1
272 802 5 5 19
599 803 1 1 1
1007 803 3 4 6
1095 802 2 3 6
1197 803 1 1 1
605 804 1 1 1
1177 805 15 20 143
1212 805 3 3 9
431 807 5 3 7
1320 806 1 1 1
390 808 1 1 1
551 809 3 2 4
569 809 1 1 1
1162 809 2 2 3
216 810 3 3 8
407 811 1 1 1
193 812 1 1 1
1089 812 2 3 6
1098 815 8 3 11
212 816 1 1 1
1036 816 1 1 1
596 819 2 2 2
427 820 1 1 1
1204 821 4 3 8
420 822 1 1 1
433 822 6 3 15
1066 823 2 3 4
585 825 3 1 3
1141 824 2 2 4
1136 826 1 1 1
1231 828 6 4 16
1268 828 3 3 7
84 833 1 1 1
385 832 2 2 4
295 834 1 1 1
279 837 2 2 2
373 837 1 1 1
1036 837 1 1 1
600 838 11 10 37
531 841 1 1 1
1263 841 2 4 7
1379 841 2 3 3
502 843 1 1 1
533 842 2 2 3
1222 847 1 1 1
1114 848 3 4 6
1180 849 5 6 23
1446 849 1 1 1
0 851 5 1 5
407 851 7 11 30
1341 853 1 1 1
349 854 1 1 1
525 857 1 1 1
1247 856 4 4 13
1001 859 1 1 1
1043 858 1 1 1
361 861 3 3 6
138 863 2 2 2
1261 863 3 4 10
1222 864 4 4 12
1062 867 11 7 35
1086 866 7 2 14
968 869 1 1 1
1182 868 1 1 1
452 870 9 10 41
645 872 1 1 1
489 874 2 1 2
1139 874 23 12 108
566 876 2 2 4
1091 877 4 4 9
951 878 1 1 1
1388 879 1 1 1
471 880 1 1 1
1319 881 3 2 5
560 883 1 1 1
581 883 9 1 9
1004 882 1 1 1
1104 884 3 6 13
1501 884 1 1 1
989 887 4 3 9
54 889 1 1 1
1307 888 1 1 1
1181 890 4 4 11
563 893 12 14 40
673 893 1 1 1
750 892 1 2 2
482 895 3 4 6
1245 894 3 4 9
262 897 1 1 1
264 899 5 9 38
592 899 2 2 2
999 898 6 11 32
544 900 2 3 4
1150 901 4 3 7
1415 900 1 1 1
327 903 2 3 5
670 902 1 1 1
811 902 1 1 1
1089 903 2 1 2
1193 903 5 7 24
1350 902 4 5 12
696 904 6 3 6
1143 905 1 1 1
1178 904 2 2 4
395 907 2 1 2
1116 907 2 3 4
677 908 2 1 2
1129 908 3 2 6
751 911 1 2 2
94 913 1 1 1
259 912 1 1 1
983 913 1 1 1
982 915 1 1 1
992 914 2 8 9
1087 914 1 2 2
679 917 1 1 1
698 916 6 1 6
958 917 1 1 1
1141 917 1 1 1
487 918 1 1 1
864 919 3 4 11
970 918 1 1 1
320 921 5 3 11
343 920 5 4 8
530 921 3 3 7
563 920 3 2 5
835 920 1 1 1
1108 921 3 4 9
1184 921 2 1 2
40 923 2 1 2
695 923 1 1 1
1095 922 1 1 1
1138 923 1 1 1
955 924 3 5 13
0 926 5 1 5
291 927 1 1 1
704 927 2 2 3
1248 927 2 3 4
1588 927 1 2 2
434 929 1 1 1
785 928 3 5 11
713 931 1 1 1
1155 930 14 5 37
486 934 1 1 1
579 934 1 1 1
1027 935 2 3 3
846 937 1 2 2
1153 936 1 1 1
1201 936 1 1 1
1232 936 2 1 2
522 938 1 1 1
649 941 1 1 1
723 941 1 1 1
1130 941 2 3 5
1394 941 1 1 1
559 942 1 1 1
840 942 2 2 4
901 942 1 2 2
558 944 1 1 1
719 945 1 1 1
1063 944 1 1 1
1639 947 1 1 1
336 949 4 5 17
417 948 1 3 3
1138 949 2 2 3
1253 948 3 1 3
1151 951 3 2 5
1203 950 4 5 15
677 953 1 1 1
707 952 2 2 3
1029 953 7 6 21
410 955 1 1 1
722 955 1 1 1
845 954 2 4 7
1177 955 1 1 1
232 958 1 1 1
780 958 2 3 6
791 959 2 9 12
295 960 3 2 4
998 961 2 3 6
227 963 1 1 1
340 963 8 7 21
857 962 3 5 13
1078 963 2 6 10
1169 964 4 5 16
1348 965 1 1 1
0 966 1 1 1
650 966 1 2 2
897 967 2 2 3
922 967 1 1 1
1089 966 1 1 1
1126 966 1 1 1
229 968 1 1 1
515 969 1 2 2
670 968 1 1 1
797 969 1 2 2
1510 968 1 2 2
1162 971 1 1 1
883 972 1 4 4
1136 972 1 1 1
845 974 4 5 11
317 977 2 2 2
374 976 1 1 1
592 977 1 1 1
782 976 2 2 2
1143 976 3 3 8
13 978 2 2 3
218 979 10 11 72
708 978 1 1 1
936 979 2 5 10
280 981 2 1 2
1527 981 1 1 1
688 983 1 2 2
1146 982 2 1 2
1230 982 1 1 1
1371 983 1 1 1
1565 983 1 1 1
678 984 1 2 2
418 986 6 2 8
780 986 6 4 16
892 987 2 2 3
1044 986 2 2 3
496 989 1 1 1
532 990 1 1 1
67 992 1 1 1
870 992 2 2 2
485 995 1 2 2
363 997 1 1 1
483 997 1 1 1
530 996 2 2 4
1117 997 2 3 5
375 998 3 3 6
735 999 1 1 1
1220 998 1 1 1
1222 999 1 3 3
572 1001 1 1 1
1196 1001 1 1 1
1284 1001 1 1 1
218 1003 1 1 1
559 1002 3 5 11
689 1002 2 2 3
985 1002 1 1 1
1658 1003 1 1 1
1694 1002 16 12 99
402 1005 1 1 1
1090 1005 1 1 1
554 1008 1 1 1
845 1008 1 3 3
923 1008 6 6 17
262 1011 1 1 1
602 1011 1 3 3
1193 1011 2 3 3
1469 1011 2 2 3
0 1013 15 8 30
518 1012 1 2 2
658 1013 2 3 3
794 1012 1 1 1
848 1013 1 1 1
1074 1013 3 2 3
879 1015 2 6 12
1133 1014 1 2 2
1219 1017 1 1 1
422 1018 4 3 7
475 1019 4 3 9
1118 1019 1 1 1
1201 1018 1 1 1
433 1020 11 8 41
822 1021 1 1 1
1077 1020 2 2 4
640 1022 4 10 16
1489 1023 1 1 1
1347 1025 1 1 1
293 1029 1 1 1
286 1031 2 2 4
594 1030 1 3 3
384 1033 1 1 1
741 1033 1 1 1
855 1032 3 5 11
744 1034 1 1 1
1273 1034 1 1 1
1462 1034 1 1 1
539 1036 1 1 1
599 1036 1 1 1
653 1036 1 1 1
1033 1037 1 1 1
0 1038 4 1 4
402 1039 1 1 1
1363 1041 1 1 1
427 1042 2 2 3
613 1043 2 1 2
692 1044 1 1 1
705 1044 1 1 1
872 1044 2 3 5
947 1045 2 4 8
1127 1044 4 11 34
1177 1045 9 11 51
984 1047 1 1 1
335 1048 1 1 1
989 1048 1 1 1
829 1050 1 1 1
557 1052 1 1 1
945 1052 2 5 9
1093 1052 1 1 1
1304 1052 1 1 1
1050 1054 1 1 1
1578 1054 2 3 4
630 1056 1 1 1
632 1057 1 1 1
180 1059 1 1 1
259 1058 1 1 1
558 1058 1 1 1
801 1059 1 1 1
825 1059 2 4 5
869 1059 1 2 2
892 1059 2 2 4
895 1058 1 1 1
261 1060 1 1 1
516 1061 1 1 1
374 1062 1 1 1
814 1063 1 3 3
1072 1062 1 1 1
1306 1062 1 1 1
1839 1062 1 1 1
519 1065 1 1 1
580 1064 1 1 1
1130 1065 7 10 38
215 1067 1 1 1
409 1067 2 3 4
508 1066 2 2 4
765 1066 2 2 2
1155 1069 1 1 1
1369 1068 3 2 5
266 1070 1 1 1
569 1071 1 1 1
987 1070 1 1 1
1673 1070 2 1 2
352 1072 7 7 18
548 1075 2 1 2
1058 1074 1 2 2
1168 1074 1 2 2
728 1076 1 1 1
894 1076 1 4 4
1500 1076 1 1 1
469 1079 7 2 8
497 1079 1 1 1
765 1078 5 4 14
860 1079 1 1 1
981 1079 1 1 1
658 1080 1 1 1
880 1080 1 2 2
1070 1080 1 1 1
1133 1080 2 2 4
708 1082 1 1 1
775 1083 1 1 1
982 1082 2 2 2
1067 1082 1 2 2
444 1084 1 1 1
572 1085 2 2 4
341 1086 1 1 1
478 1087 10 3 14
1004 1087 3 10 21
91 1089 3 1 3
660 1089 1 1 1
760 1089 1 2 2
1671 1089 2 1 2
228 1090 1 1 1
897 1091 1 1 1
1532 1091 5 1 5
593 1093 1 1 1
686 1093 1 1 1
832 1092 2 6 9
916 1095 2 4 8
1108 1095 1 1 1
1121 1096 1 2 2
1241 1097 3 2 4
99 1101 1 1 1
260 1100 2 1 2
298 1101 1 1 1
346 1100 3 3 4
865 1100 2 2 2
1114 1101 3 3 7
597 1103 2 2 2
664 1103 1 1 1
945 1102 1 4 4
537 1105 1 2 2
581 1105 1 1 1
1707 1105 1 1 1
48 1108 1 1 1
135 1110 2 2 3
868 1110 1 1 1
651 1113 1 1 1
1114 1112 20 22 106
1259 1113 1 1 1
30 1114 1 1 1
608 1115 1 1 1
977 1114 2 2 3
1008 1115 6 18 29
1097 1114 1 1 1
545 1116 1 1 1
568 1117 3 3 5
1144 1116 1 1 1
1505 1116 1 2 2
259 1118 4 3 9
779 1119 1 3 3
914 1119 3 5 10
197 1120 2 2 2
867 1121 1 3 3
1672 1120 1 1 1
379 1122 2 3 5
849 1123 1 2 2
1161 1123 2 1 2
1260 1123 1 1 1
1298 1122 1 1 1
1526 1123 2 4 8
405 1125 1 1 1
440 1125 1 1 1
1273 1125 1 1 1
378 1127 1 1 1
811 1126 2 3 4
844 1127 1 1 1
877 1126 1 1 1
1165 1127 1 2 2
647 1129 1 1 1
859 1128 1 4 4
917 1128 2 3 6
1525 1128 1 1 1
25 1133 1 1 1
962 1133 18 10 79
1067 1133 1 7 7
498 1134 1 2 2
516 1134 1 1 1
832 1134 1 1 1
1340 1136 1 2 2
1228 1139 1 1 1
718 1141 1 2 2
899 1140 1 1 1
1109 1140 1 3 3
1347 1142 1 1 1
1383 1143 1 3 3
237 1144 3 4 5
309 1145 1 1 1
986 1145 1 2 2
1120 1144 1 1 1
1244 1144 1 1 1
339 1147 1 1 1
1004 1147 1 1 1
1499 1147 1 2 2
235 1149 1 1 1
932 1149 4 3 7
371 1151 1 1 1
693 1151 2 2 2
953 1150 1 1 1
1178 1150 1 1 1
1590 1151 1 1 1
746 1152 1 2 2
1519 1152 1 1 1
427 1155 3 2 4
868 1155 1 1 1
943 1156 1 1 1
494 1158 3 4 5
1093 1158 1 1 1
1244 1159 1 2 2
1388 1158 1 1 1
1686 1158 1 1 1
952 1161 1 1 1
1028 1161 1 1 1
302 1162 5 5 17
323 1162 6 6 31
933 1162 7 10 16
997 1163 1 1 1
1026 1163 2 3 4
1119 1162 1 2 2
1303 1162 1 2 2
1406 1162 2 1 2
894 1164 1 1 1
1408 1164 1 1 1
1448 1164 2 1 2
133 1166 2 3 5
400 1166 2 3 4
603 1167 1 2 2
1087 1167 1 3 3
1172 1167 1 1 1
279 1175 1 1 1
737 1174 8 3 10
1173 1175 1 2 2
1268 1174 1 1 1
256 1176 3 2 5
700 1176 1 1 1
909 1177 1 1 1
979 1177 1 1 1
1080 1177 1 2 2
640 1178 1 1 1
674 1179 1 1 1
696 1179 1 1 1
1098 1179 1 1 1
1700 1179 1 1 1
280 1180 4 3 10
319 1180 1 1 1
1083 1181 1 3 3
852 1183 1 1 1
902 1183 1 3 3
1140 1183 1 2 2
1577 1182 1 2 2
676 1185 3 4 8
1190 1185 1 1 1
792 1186 7 6 14
1030 1187 1 2 2
1397 1186 1 1 1
673 1189 1 2 2
824 1189 1 1 1
1125 1188 1 1 1
434 1190 5 6 19
550 1190 1 1 1
96 1192 2 2 4
949 1193 1 1 1
1044 1193 2 4 5
1120 1193 1 1 1
118 1194 1 1 1
1066 1194 1 1 1
1151 1194 4 2 5
758 1196 1 1 1
905 1197 4 3 8
1337 1197 2 2 2
721 1198 1 1 1
822 1199 1 1 1
1007 1199 1 1 1
972 1200 1 1 1
1046 1200 1 1 1
1088 1200 1 1 1
1181 1200 5 3 7
289 1202 1 1 1
726 1203 1 1 1
808 1203 1 1 1
880 1202 1 1 1
1121 1203 1 1 1
1256 1202 1 2 2
154 1205 1 1 1
192 1204 3 4 7
358 1204 5 5 20
1128 1204 1 1 1
1178 1205 1 3 3
405 1206 1 1 1
613 1207 4 3 6
763 1206 1 1 1
814 1207 1 1 1
818 1206 1 1 1
1023 1207 3 4 12
403 1209 1 2 2
533 1209 1 1 1
696 1208 1 1 1
946 1209 1 2 2
1369 1209 1 1 1
994 1211 1 1 1
1279 1210 1 1 1
1370 1211 2 2 3
666 1213 2 2 2
744 1212 9 5 14
770 1213 1 1 1
1014 1213 1 1 1
1137 1212 1 1 1
270 1215 1 1 1
393 1214 1 1 1
522 1214 1 1 1
1276 1215 1 3 3
363 1217 1 1 1
517 1217 2 3 4
621 1217 1 1 1
729 1216 2 1 2
819 1216 1 1 1
984 1217 1 1 1
1007 1216 2 2 3
1030 1216 1 1 1
1334 1216 2 2 3
1354 1217 1 1 1
772 1218 1 1 1
869 1219 1 1 1
963 1219 1 1 1
1115 1218 3 3 6
1216 1218 1 1 1
1341 1218 1 1 1
516 1221 1 1 1
571 1220 1 1 1
814 1221 1 1 1
1405 1221 4 7 11
636 1223 1 5 5
733 1222 1 1 1
1081 1222 1 1 1
702 1224 3 4 8
734 1224 1 4 4
950 1224 1 4 4
1025 1224 2 4 8
