0 0 1840 1228 2113207
0 0 95 56 1583
314 0 18 19 249
379 0 116 226 6896
528 0 15 22 246
647 0 12 23 200
702 0 7 20 93
732 0 8 11 62
760 0 184 273 11474
1058 0 6 9 38
1123 0 4 9 17
1150 0 197 263 12050
1294 0 5 6 20
1313 0 5 13 61
1553 0 9 8 49
1622 0 211 233 10266
1716 0 9 8 44
112 5 15 20 225
1008 9 6 17 66
1035 8 1 2 2
1083 10 7 16 80
1380 10 13 28 188
870 17 4 8 24
1073 16 2 6 7
1112 16 13 14 67
969 18 3 9 25
1098 20 1 4 4
713 22 4 10 34
1513 22 6 11 47
1619 24 9 19 112
956 27 3 7 13
973 29 4 11 29
1033 28 3 8 14
1085 37 6 14 57
1350 36 2 2 3
706 39 6 15 66
1042 43 2 5 7
1127 45 2 5 6
1420 47 12 33 235
638 51 7 7 41
1515 53 9 18 117
1132 55 6 19 58
1246 54 3 4 6
988 56 6 14 53
1060 60 11 53 162
632 62 6 17 72
1124 63 1 4 4
1435 65 17 60 318
1236 66 1 1 1
1106 68 3 5 10
1289 75 1 2 2
1248 80 2 7 7
605 92 5 7 27
1081 92 3 9 15
1139 92 2 7 7
1522 96 6 7 33
556 100 6 11 47
852 103 3 3 6
1182 102 1 3 3
971 104 4 10 22
1036 104 15 14 60
1390 109 7 10 54
1591 109 8 13 60
509 111 8 16 88
947 110 2 4 7
1459 113 2 3 3
1179 114 1 1 1
1240 114 3 4 10
1014 117 5 10 38
1070 117 15 30 206
596 118 4 6 20
1096 123 2 6 7
1380 125 8 17 95
1271 127 1 4 4
1481 127 6 14 51
985 129 3 17 38
942 130 5 13 41
1024 132 3 6 14
1276 133 1 1 1
527 135 9 21 128
967 137 22 55 387
1760 137 9 11 67
1250 138 3 7 15
1141 143 1 3 3
1819 142 14 19 87
603 145 17 20 114
952 146 2 4 5
1715 146 8 8 40
550 149 11 23 173
1088 152 2 6 8
677 154 8 17 91
640 158 25 79 521
752 162 9 22 126
1695 165 33 2 41
1731 164 15 1 15
511 166 15 43 427
567 167 6 10 44
632 167 9 25 141
1187 167 7 15 71
1231 166 1 3 3
1037 169 2 5 9
1241 168 1 1 1
1073 170 3 5 10
1573 170 5 6 19
1418 173 17 63 457
1030 174 2 5 7
339 176 11 14 116
943 183 1 1 1
951 185 2 2 2
1098 184 1 4 4
1396 184 7 15 76
1079 186 4 10 27
1233 189 31 5 41
1281 188 1 1 1
1449 189 14 18 128
1749 189 11 12 91
364 190 5 6 22
931 191 15 19 57
534 194 13 34 230
993 196 4 6 13
1063 196 2 3 3
1127 199 2 6 11
625 200 6 14 61
945 201 71 51 1454
1101 200 9 19 103
920 202 11 20 79
750 205 8 22 117
954 204 2 2 3
1129 207 15 40 320
717 208 7 14 64
907 211 1 2 2
1553 210 7 12 66
905 216 1 1 1
918 222 2 1 2
1589 224 8 13 77
665 226 6 12 55
902 227 2 4 7
927 227 15 13 74
1559 226 6 6 25
554 229 5 5 20
1193 228 1 3 3
738 232 17 18 172
904 232 1 2 2
1059 233 2 7 7
287 235 13 20 198
883 235 2 2 3
917 234 1 1 1
1361 237 4 3 7
861 238 130 160 8004
457 240 14 28 254
906 241 1 1 1
916 240 1 1 1
908 243 2 11 16
1081 242 4 13 38
860 245 2 3 6
919 245 41 35 295
403 246 1 2 2
1632 247 14 11 111
1466 248 14 42 311
1485 249 5 7 27
617 250 6 6 26
1018 250 4 2 5
984 252 1 1 1
911 254 1 1 1
986 255 2 10 17
1150 254 1 3 3
922 257 2 3 4
962 256 1 1 1
1243 256 17 49 473
1447 256 5 8 29
1131 258 2 4 4
354 263 13 22 205
609 264 12 22 129
724 265 8 15 80
985 267 1 1 1
426 269 10 20 149
1011 268 7 9 31
1155 268 1 3 3
1086 272 1 1 1
1154 272 1 2 2
1537 273 4 4 11
584 279 5 6 19
1115 279 1 2 2
1129 278 1 2 2
1210 279 2 4 7
1102 280 1 2 2
1789 280 2 1 2
551 287 13 23 187
1149 289 1 1 1
1358 288 4 5 16
1448 290 9 30 183
1492 290 19 15 168
1530 291 6 8 39
999 292 1 2 2
1116 293 16 15 105
291 295 12 21 186
501 295 8 12 66
940 294 2 2 2
1285 294 5 10 38
783 297 6 15 62
1007 297 21 63 655
1060 296 1 2 2
868 299 1 12 12
91 301 18 25 290
638 302 6 10 50
841 302 2 3 5
690 306 5 12 45
588 308 19 27 272
818 309 10 23 139
1138 309 2 3 6
866 311 1 2 2
992 311 1 1 1
1035 311 2 5 6
1077 310 1 2 2
1206 310 2 7 8
1153 312 1 3 3
1216 313 1 3 3
1653 312 4 3 8
1168 317 3 10 23
1326 317 20 25 239
1474 317 11 21 178
865 318 5 10 16
1041 320 10 11 53
1115 323 2 4 7
1531 323 6 6 27
1826 323 7 8 50
1197 326 2 4 7
1229 328 1 1 1
1058 331 3 8 16
1146 331 1 1 1
1838 332 2 6 10
473 335 6 10 36
997 339 1 2 2
1112 341 1 1 1
557 342 4 8 25
750 343 7 18 77
1114 343 19 35 354
986 347 4 12 24
1383 346 9 21 139
587 349 20 25 144
634 351 5 8 30
866 351 5 10 46
1490 350 7 12 50
1049 353 7 19 92
1038 354 2 5 5
448 359 7 8 37
1074 360 1 2 2
1532 362 7 21 121
513 366 4 3 7
1288 367 17 31 265
1427 369 2 3 4
1073 371 11 17 48
1161 370 9 20 108
550 372 8 12 74
1002 372 6 9 19
1097 373 2 2 2
1203 372 1 3 3
1088 375 1 3 3
1019 377 1 4 4
631 379 6 10 43
1377 379 5 12 43
1737 380 10 17 121
845 385 5 23 39
1314 384 8 21 100
996 386 2 1 2
523 388 9 22 91
704 388 6 7 37
915 389 1 1 1
1057 388 7 21 54
1490 393 2 4 7
991 395 2 6 7
1026 395 4 15 39
1158 394 2 2 2
717 397 11 23 129
1510 396 8 11 64
1442 398 7 13 59
306 401 12 24 185
576 400 6 15 51
1227 400 1 3 3
828 402 5 8 20
1192 402 2 7 7
1539 402 6 6 23
1209 404 1 3 3
1098 407 1 2 2
1637 407 8 15 94
925 409 8 20 109
1161 408 3 7 16
1291 408 6 11 47
877 411 2 1 2
1215 411 8 24 118
1137 412 1 2 2
458 414 4 5 14
858 415 4 11 23
889 414 31 34 430
1200 414 3 6 15
1153 419 1 1 1
565 421 7 17 89
1010 423 7 17 85
1084 423 1 2 2
1834 422 6 12 60
1229 425 9 15 89
871 426 8 3 11
1083 427 1 2 2
1133 427 1 3 3
969 428 1 2 2
1403 428 5 8 27
1062 430 1 3 3
1158 433 1 4 4
1381 437 8 13 68
932 439 5 2 10
1163 438 3 8 20
1181 438 1 3 3
407 441 4 5 15
1006 441 1 3 3
1100 441 1 2 2
921 446 14 21 104
981 447 5 10 33
1016 446 2 8 12
1739 447 1 2 2
846 448 111 282 8984
1058 448 4 20 40
1433 448 5 7 23
577 452 5 9 32
1027 452 10 9 56
911 455 3 5 5
514 457 7 9 45
1076 457 2 7 7
1159 456 1 4 4
822 458 2 3 5
1038 460 1 4 4
1323 460 8 16 95
905 462 25 46 273
958 462 11 33 159
611 464 8 24 135
1421 465 11 25 203
1461 464 2 1 2
1078 469 1 2 2
1464 469 10 10 51
1144 470 44 45 650
528 472 48 58 903
661 473 5 7 24
978 472 2 7 8
1047 472 2 9 12
1365 473 16 12 103
1521 472 9 24 107
1182 474 115 134 3429
480 478 5 7 28
1396 478 9 17 110
507 481 9 26 135
801 480 16 99 543
1642 483 118 130 2415
997 487 11 13 48
1772 488 5 6 20
1475 493 5 7 27
820 495 2 9 15
1131 494 1 3 3
713 496 5 10 37
732 497 5 12 43
968 497 22 37 300
1038 497 1 3 3
1108 496 1 3 3
236 505 15 30 319
1053 507 16 26 147
1767 509 6 1 6
1038 510 1 3 3
1435 512 11 19 153
1835 512 5 7 32
1037 514 1 3 3
939 517 3 15 34
1000 517 1 4 4
1021 516 4 5 12
1459 517 1 2 2
443 518 5 7 28
1510 519 19 30 261
495 520 5 7 22
1461 520 2 2 3
566 523 3 3 9
918 522 1 1 1
639 524 6 13 59
1821 527 10 10 82
364 529 7 7 31
1024 528 1 1 1
1035 529 3 7 12
1134 528 1 3 3
1170 529 1 2 2
919 530 2 6 8
1422 533 8 13 79
1477 532 11 26 205
929 535 1 1 1
1077 534 1 3 3
1169 534 1 3 3
940 536 6 22 71
918 538 1 2 2
838 544 1 1 1
969 544 30 33 235
1079 544 1 3 3
727 546 6 15 56
835 546 1 1 1
930 547 1 1 1
1133 546 1 1 1
110 549 17 32 381
1132 550 1 1 1
603 553 5 9 38
1203 553 3 6 12
916 554 1 1 1
73 557 5 15 27
388 557 6 9 38
1063 556 1 2 2
1128 557 1 3 3
1010 559 2 6 8
1410 559 5 4 15
924 560 18 32 130
1137 561 2 5 5
1032 564 7 8 15
552 569 10 8 49
623 570 9 22 135
492 573 8 15 81
1016 572 1 3 3
1071 573 5 11 36
376 574 3 4 10
961 577 1 3 3
1014 577 17 15 46
1476 578 5 6 28
1138 580 1 1 1
580 582 2 2 3
974 583 8 12 34
1134 583 1 4 4
1114 587 1 4 4
1515 587 10 21 79
1541 587 5 7 30
1131 589 2 4 4
590 591 3 3 7
570 593 4 5 14
836 595 2 4 6
1121 595 1 2 2
354 599 10 20 134
401 598 3 3 7
1007 598 1 1 1
1548 598 5 5 22
787 601 2 2 3
995 600 1 2 2
1128 600 1 1 1
977 603 1 3 3
1047 602 1 2 2
918 607 1 1 1
1431 607 6 6 26
686 610 6 14 61
931 610 2 4 6
1127 610 1 4 4
1051 613 1 2 2
388 615 5 6 23
1507 614 5 4 17
503 616 4 4 11
762 616 2 4 7
789 617 2 4 7
583 619 6 12 49
94 622 13 20 169
534 623 4 5 18
960 622 7 23 93
1044 622 11 24 102
331 624 8 7 44
1781 625 59 141 443
667 628 4 4 12
757 629 7 17 76
910 629 1 1 1
1015 628 14 7 28
259 635 12 19 174
1094 635 2 3 4
1535 635 5 5 18
503 637 6 7 35
1011 637 1 1 1
616 638 5 10 34
824 641 4 6 19
1433 641 5 6 23
947 643 2 4 5
541 645 2 2 3
933 644 2 8 16
984 645 2 5 9
1013 645 1 5 5
1087 644 1 3 3
1330 645 2 4 7
401 646 3 4 8
777 646 1 2 2
849 648 3 2 4
478 650 7 8 36
823 650 1 1 1
1146 650 1 1 1
1383 650 4 4 11
941 655 2 6 8
1139 654 5 11 42
1022 659 1 2 2
1081 658 1 1 1
1281 659 5 17 75
494 660 3 2 6
634 661 4 5 18
781 665 2 3 5
1090 665 1 5 5
286 667 4 5 16
345 669 23 19 269
799 671 1 2 2
1151 671 1 2 2
1348 670 5 12 38
954 673 2 2 2
995 673 42 39 359
1381 673 13 28 160
423 674 1 2 2
1046 679 4 10 17
987 681 6 12 31
1124 681 1 3 3
1525 681 5 4 16
574 683 4 7 21
1058 685 13 41 331
1121 685 1 5 5
30 691 1 1 1
849 690 2 4 5
1040 691 1 1 1
1000 692 2 4 5
1038 693 2 3 3
1441 693 4 6 17
582 695 5 8 34
1131 697 8 18 89
1220 698 4 6 18
432 700 2 2 2
368 703 10 14 96
801 703 1 6 6
1547 703 2 1 2
1117 705 2 12 15
1354 704 9 10 51
815 707 2 6 9
1185 706 7 13 66
777 708 1 1 1
485 710 3 3 5
523 711 6 18 63
970 711 11 13 64
1281 710 8 11 59
119 712 7 3 17
555 715 5 9 31
1042 714 1 7 7
810 717 2 18 32
897 718 2 4 8
1087 720 18 24 162
1041 724 1 2 2
1079 725 3 7 13
1367 727 7 11 47
452 728 6 7 28
871 729 7 11 38
618 730 10 26 103
1147 731 6 11 55
768 733 4 5 15
1480 732 4 4 12
1066 734 1 1 1
1113 736 1 6 6
1279 737 7 10 56
472 739 8 14 78
565 739 4 4 15
258 740 12 16 151
1037 740 29 30 457
1460 741 5 11 37
705 742 5 6 22
1157 742 6 7 30
985 744 1 1 1
997 744 22 14 161
575 747 5 5 21
494 749 5 6 23
893 748 5 10 27
1495 749 4 3 9
871 750 1 1 1
1025 751 1 3 3
1093 751 1 1 1
1207 750 1 2 2
947 752 1 2 2
980 753 7 5 8
1096 753 1 2 2
737 754 2 5 8
816 755 2 3 3
865 754 7 16 59
1108 754 1 1 1
640 756 5 10 40
1081 756 1 2 2
946 758 1 3 3
973 760 1 1 1
1130 760 1 1 1
363 762 3 2 6
449 763 6 11 42
515 762 1 2 2
967 763 2 3 4
971 762 1 1 1
1027 762 1 1 1
1255 763 1 1 1
1284 762 1 1 1
578 764 8 15 78
818 766 1 3 3
900 767 67 52 865
1107 767 8 17 86
830 769 4 8 22
988 769 1 5 5
1094 770 1 4 4
865 775 5 15 47
977 775 1 4 4
1026 774 4 8 15
1015 775 87 66 3311
1126 774 2 1 2
1245 775 5 7 28
1093 777 1 2 2
1286 776 6 9 44
1213 780 7 15 82
621 783 6 2 9
997 783 3 9 21
1789 783 10 16 123
804 784 2 3 5
1772 786 1 1 1
669 789 4 7 23
775 788 6 9 37
1405 789 2 2 3
1114 790 2 6 8
497 795 6 6 26
790 794 7 29 100
704 794 466 197 36969
1255 795 1 2 2
640 797 5 8 28
1115 801 1 3 3
766 802 1 2 2
882 803 1 4 4
954 804 2 6 10
234 806 10 10 63
544 807 4 3 7
982 806 1 5 5
1111 806 2 2 4
1266 806 17 40 375
819 813 4 6 24
870 812 1 5 5
967 813 1 1 1
1341 816 3 6 10
536 818 3 2 5
825 819 3 11 21
879 818 2 9 11
954 819 16 25 196
1296 818 1 1 1
728 820 2 3 4
570 822 3 5 13
897 822 3 4 6
997 826 1 1 1
1456 826 5 6 26
845 828 2 4 7
922 829 18 20 146
418 830 5 7 28
637 831 6 12 33
1407 831 1 1 1
1756 830 1 2 2
738 832 1 2 2
1002 833 1 2 2
885 836 2 7 10
1001 837 1 3 3
763 838 1 2 2
788 841 1 1 1
989 841 1 1 1
1116 840 2 5 5
944 843 1 3 3
992 843 1 4 4
1025 843 1 1 1
817 845 6 13 57
1007 844 1 1 1
1011 847 1 2 2
715 848 1 1 1
977 848 1 1 1
1427 849 15 6 44
1745 849 1 1 1
895 850 10 13 31
1498 851 2 2 3
837 853 3 5 13
917 853 1 3 3
987 853 1 5 5
1072 854 1 1 1
1196 855 3 3 6
1287 855 9 17 107
975 857 1 1 1
935 858 6 12 53
1039 859 1 1 1
1380 859 1 1 1
1054 862 1 3 3
1241 864 4 7 23
168 867 7 6 30
984 869 1 2 2
1185 872 12 23 114
1278 873 1 2 2
956 874 1 3 3
1066 874 1 1 1
1316 874 2 1 2
1372 874 1 1 1
1206 877 6 12 59
1486 877 4 3 11
986 879 6 11 49
1075 881 2 7 11
368 885 3 4 8
441 884 1 2 2
948 884 1 3 3
1086 887 5 9 33
1002 888 7 6 12
1063 893 6 11 52
544 895 5 7 29
1045 895 2 3 5
602 901 4 6 20
491 905 2 1 2
1606 904 4 4 12
678 908 2 2 3
1535 911 3 2 5
258 913 3 5 11
516 917 20 46 343
1284 920 8 11 55
367 922 7 7 26
433 929 4 2 6
471 935 4 7 22
1250 936 7 13 72
623 943 2 4 6
621 947 1 1 1
496 949 4 8 24
1345 949 4 8 16
464 950 7 13 61
671 950 1 2 2
1451 951 4 6 22
481 961 3 4 9
598 960 6 9 35
685 961 1 2 2
721 964 1 1 1
1191 967 1 2 2
1198 974 9 14 57
1337 983 2 6 9
802 984 3 4 9
835 987 9 7 28
719 989 1 2 2
969 991 5 7 20
1012 992 1 1 1
1694 992 1 2 2
1078 997 1 2 2
575 1001 1 1 1
1318 1004 1 2 2
915 1009 1 2 2
1041 1008 2 3 4
516 1011 7 20 101
937 1010 5 6 21
544 1012 9 20 53
879 1012 1 3 3
1093 1012 8 7 18
1040 1014 1 1 1
1270 1016 6 6 18
718 1019 1 2 2
749 1018 1 3 3
325 1021 11 13 92
379 1020 9 12 64
820 1022 1 2 2
840 1022 1 3 3
969 1023 1 4 4
1201 1025 14 10 49
754 1027 2 9 12
776 1027 1 1 1
1128 1026 4 7 21
1373 1026 5 4 9
775 1029 1 2 2
905 1028 2 1 2
1052 1028 1 4 4
1161 1029 2 6 10
500 1033 2 3 5
689 1032 3 4 11
1183 1032 1 1 1
662 1034 11 14 83
850 1035 7 19 52
908 1035 11 5 33
457 1039 1 1 1
893 1038 1 1 1
1201 1045 7 14 68
1672 1045 2 1 2
907 1047 1 2 2
459 1050 3 3 9
970 1050 11 13 90
892 1054 5 8 23
1467 1054 4 4 12
381 1056 5 4 17
730 1058 7 7 28
1037 1064 1 2 2
846 1066 10 8 35
1167 1066 2 3 4
885 1068 1 3 3
923 1069 2 4 4
899 1070 3 9 18
1018 1071 1 2 2
1238 1075 6 6 22
137 1076 9 4 28
941 1081 1 3 3
784 1083 1 3 3
974 1083 4 7 21
1542 1082 1 1 1
940 1087 1 1 1
1456 1089 2 2 4
443 1091 10 19 136
772 1090 3 9 15
472 1093 1 1 1
32 1094 2 2 3
467 1094 3 4 10
1044 1094 2 6 7
875 1096 7 17 66
1135 1096 2 2 3
1312 1096 1 1 1
966 1098 6 4 18
372 1102 1 1 1
746 1103 3 2 4
1206 1102 3 3 6
708 1105 1 3 3
1320 1107 28 37 541
570 1108 5 13 46
840 1108 6 8 14
1064 1110 1 2 2
1199 1111 6 10 48
1563 1110 1 2 2
681 1112 1 1 1
711 1113 1 1 1
776 1116 5 8 30
708 1121 1 3 3
872 1122 4 8 24
1212 1123 5 6 25
467 1129 3 8 10
792 1128 14 18 114
844 1131 1 2 2
1058 1131 1 2 2
518 1134 5 11 36
567 1134 9 14 58
866 1135 1 1 1
1101 1136 1 2 2
829 1139 1 2 2
783 1143 2 2 3
852 1145 2 1 2
1029 1144 1 2 2
762 1147 3 5 13
1232 1146 2 2 3
815 1149 3 7 14
937 1149 1 5 5
662 1157 1 1 1
794 1157 1 1 1
421 1159 5 7 22
918 1162 1 2 2
1022 1163 1 2 2
491 1164 1 1 1
1359 1165 3 3 7
488 1167 1 1 1
819 1166 1 3 3
1698 1166 1 1 1
25 1168 3 2 6
882 1168 1 2 2
1455 1169 2 1 2
777 1171 1 3 3
544 1177 1 1 1
750 1179 2 2 3
1347 1180 3 2 3
723 1183 1 1 1
1741 1183 16 6 57
644 1189 1 2 2
879 1188 1 1 1
668 1191 1 1 1
1494 1190 5 9 34
725 1193 1 2 2
588 1195 1 1 1
1070 1197 1 1 1
1370 1196 1 2 2
695 1201 3 3 6
825 1201 5 2 6
1313 1201 2 1 2
743 1207 1 2 2
1637 1206 2 2 3
1761 1207 2 2 2
1721 1208 10 9 60
845 1217 1 4 4
1388 1216 1 1 1
1694 1220 1 1 1
1784 1221 1 1 1
