0 0 1840 1228 1725751
0 0 259 332 26233
231 0 1497 566 228027
450 0 7 5 22
1781 0 59 81 2237
1360 75 25 49 446
1504 75 6 7 25
1332 84 16 43 278
1389 84 4 6 15
66 90 8 7 40
1071 91 86 54 1436
1493 92 29 58 526
19 99 5 4 14
1000 98 33 48 645
1538 98 8 21 62
30 103 1 1 1
5 104 2 1 2
32 105 6 2 6
69 109 5 5 10
1561 110 4 4 9
1756 119 13 7 42
1064 124 5 17 50
69 127 6 5 13
1301 127 2 2 3
1546 129 1 1 1
1253 130 41 97 1141
1291 131 38 91 1048
1045 137 53 122 1949
914 139 16 28 194
1356 141 5 5 19
989 145 4 3 10
1836 150 4 1 4
998 153 4 22 64
1027 155 4 13 41
1011 159 5 7 24
59 161 4 1 4
885 160 1 1 1
1365 160 1 1 1
851 162 149 110 4052
1343 167 4 5 14
308 168 8 8 37
343 174 2 2 4
317 176 2 1 2
1029 178 7 10 51
1363 178 4 5 19
313 180 26 31 200
358 181 1 1 1
1081 180 8 10 57
1125 186 4 5 15
305 188 7 6 21
1633 188 6 12 44
349 190 1 1 1
338 197 20 11 62
17 200 2 3 5
853 203 1 1 1
1004 204 8 12 76
1239 208 12 17 156
322 211 4 3 7
1329 210 23 27 337
354 212 2 2 4
822 213 6 6 27
1083 214 22 29 191
350 217 4 2 7
1290 217 1 1 1
1094 219 55 49 646
1610 219 1 1 1
335 223 4 3 7
764 223 6 9 38
789 222 49 130 1637
1161 223 12 15 142
717 227 6 4 11
362 228 1 1 1
364 229 2 2 2
846 232 2 4 8
1671 232 1 1 1
1274 234 1 2 2
1234 237 9 13 87
331 241 4 4 8
710 242 8 10 61
743 242 34 65 535
885 243 1 1 1
950 242 3 1 3
1718 243 8 4 19
349 248 2 1 2
955 249 9 10 63
892 250 2 2 3
1217 250 4 4 12
1792 250 11 10 79
363 253 2 2 3
907 252 1 1 1
1081 255 6 12 33
1352 254 4 4 15
1256 257 6 7 31
493 259 5 7 15
850 262 4 4 7
899 262 1 1 1
1430 263 1 1 1
1351 263 165 107 3165
1287 264 5 5 23
729 266 7 9 51
863 266 3 14 17
1416 268 9 9 72
1708 268 9 7 49
839 272 3 12 23
1027 273 11 21 140
1069 272 151 52 3483
1349 273 61 59 2137
1243 275 14 12 90
1289 275 17 19 240
882 276 1 1 1
884 277 1 1 1
1481 276 6 6 25
907 278 1 2 2
922 278 1 1 1
1326 281 9 13 70
1502 282 6 13 50
979 285 2 2 3
862 287 1 1 1
968 286 1 1 1
1772 286 10 8 53
997 289 1 1 1
497 291 1 1 1
933 291 1 1 1
864 295 1 1 1
890 295 2 3 4
1315 295 3 4 9
658 297 15 32 259
726 297 1 1 1
1268 296 4 4 12
499 302 1 1 1
932 302 7 8 44
1235 303 7 6 24
880 307 8 13 86
999 306 5 6 20
684 308 7 10 56
750 308 2 2 3
841 308 6 3 10
0 310 264 307 35529
741 310 1 1 1
1408 314 7 8 44
923 317 1 1 1
1303 318 5 5 20
966 320 1 1 1
1069 321 34 13 232
729 322 7 7 39
1027 323 12 18 158
1567 326 23 41 603
996 329 1 1 1
858 330 1 1 1
995 331 1 2 2
1124 330 2 2 2
606 333 1 2 2
1285 332 6 6 21
1135 335 13 3 28
1469 334 8 3 10
1258 336 6 7 32
655 338 2 4 6
845 338 1 1 1
795 341 1 3 3
993 341 12 25 221
1330 340 4 4 12
908 342 1 1 1
924 343 13 31 217
1204 343 3 4 8
707 345 9 14 97
796 345 1 1 1
969 344 1 1 1
755 347 8 10 69
858 346 29 18 138
1190 347 6 7 34
280 348 22 57 1011
1269 348 14 27 247
814 353 2 1 2
654 354 1 1 1
1086 355 4 4 12
752 357 1 2 2
801 357 2 1 2
897 356 1 1 1
1418 357 5 4 15
1447 357 6 5 25
781 359 12 7 41
1123 359 3 4 11
1056 360 37 69 871
940 362 3 1 3
898 364 12 10 98
1291 365 44 28 510
696 369 12 16 149
987 368 18 32 261
456 372 3 2 6
963 372 1 2 2
1050 372 7 9 51
1369 375 13 21 141
782 377 12 15 90
637 379 2 8 12
726 382 9 11 73
898 383 9 10 65
917 385 14 18 106
1742 386 10 7 52
11 389 13 8 40
1408 391 11 11 87
1687 391 17 13 159
0 392 4 2 5
1120 392 3 4 11
1336 394 13 6 66
637 397 4 28 53
1228 397 11 11 84
871 401 8 10 68
845 400 227 385 20509
1251 401 10 13 99
177 406 14 10 87
1272 408 23 23 240
478 411 12 12 112
675 410 16 25 163
286 413 93 25 1327
898 414 1 1 1
991 415 2 3 4
1376 415 4 4 13
1317 417 4 5 18
614 418 1 10 10
1726 418 9 5 29
1101 420 1 3 3
1260 420 4 4 14
657 427 10 12 92
1338 426 3 3 8
1418 427 5 4 17
1215 431 8 5 26
1384 431 21 50 707
1481 430 9 7 50
395 433 1 1 1
818 432 26 37 275
803 435 2 4 6
192 436 4 1 4
198 437 8 1 8
1048 437 26 15 158
1309 438 3 3 9
1246 441 9 11 64
1429 440 12 9 64
861 443 1 1 1
1355 442 5 5 21
807 447 12 20 75
640 449 1 2 2
863 449 7 8 15
671 453 19 14 145
757 453 5 7 22
1278 456 6 5 24
427 459 4 1 4
842 459 6 9 38
889 458 1 1 1
439 460 4 1 4
446 461 25 3 35
718 460 13 19 161
899 463 2 1 2
1604 462 16 13 147
883 467 2 2 4
1319 468 4 3 11
1363 468 4 4 13
632 471 10 10 74
811 470 1 1 1
832 472 1 1 1
1323 475 4 3 11
940 476 1 1 1
876 480 1 1 1
1343 481 4 5 12
877 482 1 1 1
878 485 11 5 15
1775 484 10 6 48
1207 487 3 4 11
1408 486 26 24 298
655 489 9 9 62
1180 488 3 3 8
1451 489 5 4 14
800 491 8 10 64
1060 490 7 5 15
1330 490 6 5 21
1049 493 1 1 1
1032 495 3 4 10
1367 494 7 7 38
1801 495 10 7 59
699 496 8 10 62
837 496 1 3 3
1008 497 8 12 66
1059 498 1 1 1
816 501 1 2 2
838 501 1 2 2
1145 505 13 17 183
788 506 5 5 22
817 507 1 1 1
839 506 1 1 1
858 506 1 1 1
1323 506 9 8 47
859 509 1 2 2
888 509 2 2 2
1083 509 8 12 71
1576 510 5 3 12
689 512 6 6 31
860 512 1 2 2
1352 513 8 7 47
861 515 1 3 3
1592 514 26 27 273
667 519 9 9 56
862 519 15 42 238
1022 520 1 1 1
820 522 1 1 1
1012 522 1 2 2
1339 522 8 11 36
1507 522 13 12 125
1133 525 5 6 24
1210 524 24 18 209
821 526 1 4 4
1012 526 4 16 35
845 528 9 26 80
1030 529 28 36 374
702 530 7 10 61
770 530 5 6 26
822 531 8 29 126
1029 531 1 2 2
1266 532 3 3 6
1316 533 4 4 12
675 537 16 16 128
806 536 5 5 20
1486 538 14 12 137
1392 541 4 5 17
1308 543 4 3 11
1014 545 7 16 41
1277 546 15 17 210
1362 547 7 7 40
1398 546 5 4 16
1113 556 8 12 72
1518 557 21 36 288
792 558 5 17 31
850 559 1 2 2
1584 558 22 24 238
0 561 6 2 11
702 561 7 7 40
890 560 1 1 1
1219 560 4 4 14
851 564 1 2 2
981 567 1 1 1
1093 566 1 1 1
829 569 4 15 25
852 568 17 69 226
1043 568 1 1 1
985 571 1 3 3
0 573 5 2 8
634 573 7 6 35
755 572 29 11 122
1068 573 3 3 9
1262 573 3 3 8
1410 573 5 4 16
986 575 1 1 1
166 577 1 1 1
1257 577 4 4 15
457 579 10 8 65
1290 579 3 3 7
1313 582 5 4 13
77 585 1 1 1
355 585 5 5 16
790 584 4 12 28
833 585 13 90 197
1012 585 19 26 157
1298 591 5 4 17
1340 591 6 4 16
997 592 1 1 1
1400 592 5 5 21
1419 594 10 13 101
789 598 1 1 1
1223 600 3 2 6
1086 602 2 2 2
1442 602 5 4 16
1322 605 5 4 15
1360 606 26 46 778
993 609 10 15 113
1305 608 4 3 9
517 613 9 9 65
703 612 6 6 29
759 612 6 6 23
662 615 11 11 87
1406 617 8 7 39
1477 617 14 13 145
972 619 11 16 147
1235 620 4 4 14
114 623 1 1 1
1061 623 2 2 3
1169 622 4 3 9
1253 622 16 21 265
1122 626 8 8 54
1077 628 8 29 179
1027 632 11 19 112
1012 634 6 6 29
781 637 1 1 1
784 636 1 1 1
651 643 6 5 26
863 644 20 59 524
1345 645 12 12 113
547 647 7 7 41
1103 647 2 1 2
1217 646 4 4 12
715 648 5 5 20
1133 649 5 6 26
1302 652 16 17 217
1327 653 9 4 29
472 655 10 9 68
640 654 6 6 29
676 654 9 9 63
754 659 6 6 26
961 660 1 1 1
1086 663 8 10 67
577 666 7 7 40
769 667 5 5 23
808 666 7 5 23
433 668 2 1 2
551 668 9 12 78
619 669 7 6 35
1352 671 21 33 375
977 673 9 9 57
995 673 4 4 14
840 675 1 6 6
1127 675 10 11 98
361 677 1 1 1
801 677 8 9 52
301 679 2 1 2
1204 679 11 13 115
1286 678 4 3 11
1448 678 8 7 46
1518 679 15 12 132
730 680 2 1 2
762 681 13 18 177
1062 681 4 4 12
471 684 9 8 60
572 687 10 17 134
841 686 5 18 49
1141 687 6 6 30
591 688 11 17 91
676 689 7 7 40
1342 688 4 3 8
1269 690 3 4 7
548 693 1 1 1
1138 695 2 2 4
1295 696 1 1 1
1306 698 26 17 265
1128 700 8 12 61
1282 700 3 3 6
883 702 1 1 1
513 707 1 2 2
842 707 1 6 6
908 707 1 1 1
884 710 1 1 1
960 712 1 1 1
989 713 3 4 9
592 715 3 1 3
1061 715 59 60 1852
400 717 1 1 1
606 716 10 20 132
1192 717 5 4 12
531 719 2 2 4
880 718 1 1 1
1244 718 4 4 15
1379 719 6 12 42
375 720 2 3 3
387 723 4 5 13
881 722 10 26 111
1216 722 6 6 30
1784 723 10 7 50
238 725 2 2 3
429 724 1 2 2
1138 725 15 17 158
1413 724 4 3 10
450 727 1 1 1
516 727 1 2 2
443 728 3 3 7
483 729 2 2 4
492 728 1 1 1
521 729 9 2 10
539 729 2 1 2
622 729 5 11 24
846 728 5 14 37
1320 728 4 6 18
358 731 2 3 4
585 730 15 7 66
913 730 1 2 2
581 733 1 1 1
730 735 8 2 10
908 734 4 5 18
248 738 2 2 3
259 739 1 2 2
477 738 1 2 2
603 739 1 1 1
714 739 11 6 53
1401 738 4 3 9
318 740 6 3 8
382 740 4 2 7
699 740 4 2 8
1335 740 3 3 8
84 743 1 1 1
490 743 3 2 6
685 743 7 5 27
871 742 5 5 20
237 745 2 2 4
278 745 2 2 4
436 744 1 1 1
505 744 9 7 46
575 746 2 1 2
629 746 28 26 321
843 747 1 1 1
1670 747 8 6 30
470 749 2 1 2
794 749 7 7 39
827 749 6 7 37
884 748 1 1 1
1135 749 1 1 1
1270 751 3 3 7
196 753 2 1 2
242 752 1 1 1
451 752 2 1 2
1584 752 21 19 286
499 754 1 1 1
743 754 1 2 2
486 757 1 1 1
546 757 8 3 12
561 756 2 2 4
699 756 1 1 1
843 757 10 25 77
1443 757 2 2 3
385 759 1 1 1
866 758 14 10 96
1304 758 17 17 183
169 761 1 1 1
687 761 1 1 1
773 760 8 9 52
1247 761 6 3 15
590 763 11 2 13
675 763 8 8 51
720 763 1 1 1
215 764 3 2 5
601 765 11 3 14
1234 765 5 4 14
336 766 14 12 67
891 766 1 2 2
1128 766 7 7 44
1350 766 6 6 28
1466 767 2 1 2
256 769 2 1 2
296 768 1 1 1
455 768 2 2 3
560 769 8 11 37
582 769 1 2 2
1286 769 2 1 2
220 771 1 1 1
663 771 2 2 4
699 770 1 1 1
490 772 1 1 1
753 773 5 6 25
802 772 7 13 74
887 772 1 3 3
1366 772 4 3 11
1468 772 15 12 140
525 775 1 1 1
697 774 14 45 222
1275 774 1 1 1
230 777 2 2 3
488 776 1 1 1
523 777 2 2 4
542 776 1 2 2
612 776 24 15 84
448 779 2 1 2
637 778 4 9 32
689 778 1 1 1
88 780 4 2 6
113 780 1 1 1
122 781 2 2 4
139 781 5 11 18
164 780 3 2 4
191 780 9 4 17
213 780 2 2 3
501 781 1 2 2
672 781 1 1 1
891 780 8 15 37
1137 781 2 2 4
1415 780 1 2 2
1450 780 3 2 6
206 783 3 2 5
1507 782 1 1 1
43 784 2 1 2
479 784 3 1 3
515 784 4 2 8
570 785 1 1 1
650 785 1 1 1
659 784 9 12 51
1658 785 9 6 38
327 786 2 1 2
344 786 2 2 3
441 787 1 1 1
1231 786 4 3 11
1288 787 2 2 4
1358 786 4 3 11
1437 787 3 2 5
1456 787 3 3 6
301 789 24 7 49
463 789 4 6 16
471 788 1 1 1
510 788 93 52 942
602 789 9 7 28
843 788 3 13 15
1042 789 7 9 47
1240 789 3 1 3
1410 788 3 2 5
124 791 3 2 6
497 790 1 1 1
564 790 1 2 2
645 790 3 1 3
625 790 1215 438 127254
1175 791 11 17 70
1266 790 4 3 9
1443 791 2 2 3
1761 791 10 7 52
439 793 1 1 1
452 793 3 2 4
502 793 3 2 5
556 792 2 1 2
930 792 18 18 192
283 795 2 2 4
530 795 13 2 16
1363 795 4 4 14
513 796 1 1 1
1222 796 4 2 7
1291 796 4 3 12
1308 796 16 31 111
1343 797 2 1 2
327 798 1 1 1
968 799 1 1 1
1133 798 9 3 13
1257 798 7 12 39
1577 799 1 1 1
647 801 3 1 3
679 801 6 8 23
979 801 21 13 209
1574 801 2 2 4
59 802 1 1 1
400 802 39 42 444
458 803 2 2 3
726 803 1 1 1
1149 802 4 2 5
1274 802 1 1 1
1286 802 1 1 1
1729 802 15 21 195
141 805 1 2 2
1464 805 23 14 156
1505 805 6 10 24
554 806 2 1 2
611 806 3 2 5
1271 806 1 1 1
1351 806 8 8 49
388 808 2 1 2
635 808 10 10 50
688 809 1 2 2
716 808 1 1 1
844 809 1 3 3
1179 809 45 38 633
1228 808 7 9 21
1591 808 4 2 5
114 810 3 2 5
228 811 1 1 1
278 811 3 2 4
481 810 1 1 1
657 811 22 36 239
975 810 1 1 1
1544 811 1 1 1
1605 811 2 1 2
179 812 3 7 14
495 812 1 1 1
1299 813 3 1 3
1689 812 2 1 2
250 814 3 3 7
263 814 1 1 1
876 815 18 9 103
1159 814 1 1 1
1647 815 2 2 4
1762 815 1 1 1
379 817 3 1 3
441 816 10 3 17
649 816 7 9 44
1282 816 2 1 2
1804 817 3 2 6
348 818 3 1 3
507 818 2 1 2
689 818 9 3 11
1629 819 3 2 3
1715 818 2 1 2
1766 819 3 3 7
372 820 4 2 6
487 821 6 3 16
1521 821 2 2 4
1665 821 3 2 5
1719 820 2 2 3
1834 820 6 3 16
608 822 1 1 1
1392 822 5 6 23
1526 823 1 2 2
1681 822 1 1 1
1814 823 3 2 6
385 824 6 5 16
480 824 2 2 4
1011 824 20 12 110
1366 825 2 1 2
1704 824 2 2 4
1744 825 1 1 1
347 827 29 27 244
817 826 8 9 58
1535 826 4 2 6
176 828 2 1 2
459 829 1 1 1
630 829 3 2 4
644 829 2 2 3
695 828 1 2 2
1086 828 1 1 1
1351 829 2 1 2
1482 828 3 2 4
1721 829 5 2 9
14 830 2 1 2
329 831 2 1 2
600 830 3 1 3
1565 831 2 1 2
438 832 2 1 2
457 833 2 2 4
500 832 1 2 2
586 832 1 1 1
611 833 2 1 2
657 832 1 1 1
1297 832 21 16 73
1447 833 24 32 333
1504 833 1 1 1
482 834 3 2 5
501 835 21 16 113
1389 834 2 1 2
1538 834 22 28 117
1786 835 1 1 1
455 836 2 1 2
487 837 3 2 6
1223 837 37 18 326
1343 836 29 47 384
1437 837 2 2 3
1662 836 2 1 2
1682 837 5 4 10
1806 836 3 2 5
1835 837 5 2 9
384 839 5 2 7
393 838 1 1 1
623 839 4 2 7
1735 838 4 2 7
157 840 3 2 4
576 841 9 3 19
1484 840 1 1 1
1657 840 5 2 8
1693 841 3 2 6
1745 840 2 1 2
1822 841 1 1 1
263 843 1 1 1
321 843 13 14 102
527 843 3 1 3
1341 842 2 1 2
1568 842 3 2 6
1040 844 6 7 32
1498 845 4 2 5
1756 844 1 1 1
1799 845 2 3 5
349 847 2 1 2
496 846 2 9 18
1772 847 3 2 4
438 848 2 1 2
996 848 2 3 6
1711 849 1 1 1
464 850 12 5 24
664 850 2 1 2
1561 851 35 9 97
1615 850 1 1 1
1630 850 3 2 6
1737 850 2 1 2
1817 851 2 1 2
1830 851 2 1 2
988 853 3 3 8
1605 853 2 2 3
1694 853 12 6 55
1742 853 1 1 1
288 854 2 2 3
311 854 2 1 2
937 855 2 3 6
1377 855 18 12 79
1634 855 2 1 2
1824 854 2 1 2
511 857 1 1 1
1011 857 1 1 1
1181 856 2 1 2
1219 857 8 6 18
1513 856 10 3 16
1711 857 12 4 31
1812 856 1 1 1
100 858 1 2 2
638 859 17 7 42
1178 859 1 1 1
1288 859 10 5 25
1410 858 1 1 1
1491 859 6 13 25
1647 859 16 13 66
379 860 2 1 2
538 861 2 1 2
844 861 6 7 32
1665 860 10 3 30
1749 860 3 3 8
162 863 2 2 4
219 863 1 1 1
492 862 1 3 3
551 862 8 3 19
1240 863 2 2 3
290 864 2 1 2
954 864 13 13 99
1311 864 1 2 2
1402 864 16 22 161
1574 864 3 3 7
1677 864 12 2 24
1726 864 2 2 3
378 867 1 1 1
550 867 3 11 13
1458 867 2 2 4
1525 866 7 12 21
1635 866 1 2 2
1743 866 3 2 6
1799 867 6 12 25
280 868 1 1 1
501 869 8 4 12
1231 869 2 8 10
1420 868 2 1 2
1544 868 2 2 3
1586 869 35 30 348
1620 869 2 2 3
1833 869 7 2 13
149 871 1 1 1
1262 871 21 22 228
1503 871 3 2 6
297 872 2 1 2
472 873 1 1 1
605 872 1 1 1
625 873 2 1 2
1251 873 1 1 1
1291 873 2 2 4
1327 873 1 1 1
1336 872 2 1 2
1448 873 8 4 18
1669 872 8 4 27
1761 873 2 2 4
1816 872 1 1 1
232 875 2 3 4
454 874 2 2 3
598 874 1 1 1
629 875 3 2 5
1247 875 4 4 11
359 877 3 1 3
1221 876 1 1 1
1562 876 22 6 53
1693 876 2 1 2
1733 876 5 3 10
37 879 3 2 5
42 878 2 1 2
256 878 1 1 1
348 878 2 1 2
1301 879 4 5 13
560 880 2 1 2
1194 881 4 4 11
1458 881 1 1 1
1495 881 3 2 5
1689 880 3 2 6
1739 881 3 2 5
1825 881 1 1 1
75 882 3 2 6
1307 882 43 14 233
1469 883 3 2 5
1540 882 2 2 3
1817 882 1 1 1
562 885 1 1 1
1226 884 1 1 1
1466 885 2 1 2
1502 885 4 2 6
52 886 6 3 12
220 887 1 1 1
258 887 1 1 1
482 887 2 2 4
1651 886 3 1 3
1718 886 1 1 1
23 889 3 2 5
208 888 1 1 1
438 888 3 2 5
464 888 1 1 1
472 889 1 1 1
590 888 18 25 181
1297 889 1 1 1
1396 888 1 1 1
1634 888 13 7 40
1696 888 3 3 7
1793 888 5 4 15
522 890 11 14 116
984 891 2 2 4
1187 891 1 1 1
1213 891 2 2 3
1513 891 15 17 146
1670 890 5 2 9
501 892 1 2 2
1230 892 23 17 121
1369 893 24 22 191
1420 893 27 26 251
1496 893 1 2 2
158 895 3 1 3
457 894 3 2 4
1453 894 9 6 27
1632 894 2 1 2
547 896 1 1 1
1203 896 1 1 1
1298 896 1 1 1
1630 896 69 66 1299
221 898 2 2 3
555 898 3 2 5
1264 899 16 19 105
1308 899 1 1 1
1482 899 7 3 10
1572 899 17 25 146
1694 899 1 1 1
1728 898 3 2 5
7 901 2 1 2
213 901 7 3 18
1224 900 1 1 1
1351 900 8 11 33
1416 900 3 3 8
1553 900 7 7 18
379 903 3 1 3
413 902 11 2 13
621 902 1 1 1
1185 902 17 8 49
199 905 1 1 1
285 904 13 3 21
1501 905 3 3 7
399 906 3 2 6
1321 906 1 2 2
1340 907 1 1 1
1546 906 1 1 1
61 908 3 2 6
336 909 7 9 22
460 908 4 2 7
1228 909 9 5 23
1302 908 1 1 1
301 910 2 2 4
406 911 1 1 1
1394 910 16 9 53
1609 910 10 7 24
43 912 4 6 14
259 913 3 2 5
378 913 1 1 1
513 913 1 1 1
568 912 1 1 1
1311 912 6 8 27
1336 912 3 2 6
1418 912 3 2 5
70 914 2 2 4
430 914 2 2 4
477 914 1 1 1
537 914 2 2 3
1219 914 3 2 5
1292 915 3 2 5
1551 914 5 4 8
138 917 3 1 3
1444 916 17 16 117
1474 916 1 1 1
1518 917 51 47 419
1295 918 2 2 4
1505 918 5 4 16
1557 919 10 14 58
1601 918 8 10 42
252 920 3 14 16
360 920 2 1 2
401 920 1 1 1
524 921 2 1 2
596 921 6 7 29
1255 920 9 3 15
1294 921 20 23 286
182 922 4 1 4
353 923 2 2 4
561 922 2 2 3
1247 923 1 1 1
1273 923 6 6 29
1318 922 5 3 11
378 924 1 1 1
414 924 3 2 6
517 925 3 2 5
1238 925 2 1 2
1384 924 9 7 25
1416 925 2 1 2
290 926 4 3 9
454 926 2 1 2
1200 926 46 40 456
1624 927 3 1 3
284 929 1 2 2
350 928 3 2 6
444 928 8 10 64
592 929 1 1 1
1329 928 5 8 19
80 930 3 1 3
380 930 5 2 10
500 931 1 1 1
502 930 1 1 1
1343 930 2 1 2
1373 931 3 2 4
1601 930 3 2 6
365 932 2 1 2
420 933 4 3 10
591 933 1 1 1
1363 935 8 6 27
414 937 1 1 1
519 937 26 21 152
1267 937 9 18 77
15 939 2 1 2
391 938 11 3 21
1520 939 4 4 13
1570 939 13 8 35
1604 938 21 31 251
569 941 1 1 1
588 940 2 1 2
1188 941 2 2 4
498 943 4 8 13
342 944 1 1 1
410 945 2 1 2
664 944 1 1 1
1562 945 1 1 1
1587 944 5 10 30
280 946 1 2 2
333 947 4 2 7
558 946 1 1 1
1343 947 4 2 6
91 949 1 2 2
118 948 1 1 1
465 949 1 1 1
672 948 3 2 6
1292 948 3 3 8
243 951 1 2 2
322 950 2 1 2
395 950 1 1 1
430 950 1 1 1
555 950 2 2 3
1307 950 20 28 138
1631 950 2 1 2
231 953 1 1 1
349 953 1 1 1
436 953 1 1 1
687 953 4 9 26
794 953 1 1 1
1302 952 1 1 1
18 955 1 1 1
119 955 1 1 1
211 955 2 2 3
244 955 2 1 2
307 954 2 3 6
361 955 1 1 1
384 955 3 2 6
670 954 2 4 6
1257 954 2 1 2
1541 955 3 2 6
1584 955 1 1 1
1637 954 3 2 5
447 956 15 25 226
577 957 18 20 112
644 956 6 16 39
765 957 1 1 1
1212 957 5 2 6
26 958 6 12 26
475 958 9 10 70
528 959 2 2 3
546 959 12 4 18
1290 959 1 1 1
1489 958 4 2 8
1738 958 7 6 17
45 960 1 1 1
312 960 3 2 6
337 960 2 1 2
504 961 1 1 1
563 960 1 1 1
743 961 3 1 3
1295 960 1 1 1
1346 961 3 2 6
1388 960 1 1 1
1546 961 7 9 26
1652 960 2 2 4
122 963 1 1 1
363 963 18 32 168
417 963 1 1 1
735 962 4 6 17
816 963 5 2 6
1451 963 37 9 124
1646 962 2 2 4
86 964 3 2 6
93 964 14 3 15
606 965 2 1 2
831 965 4 5 19
222 967 3 1 3
397 967 2 2 3
685 967 1 1 1
1623 966 31 25 179
132 969 13 10 38
630 968 1 1 1
775 968 6 2 9
1006 968 12 11 91
1028 969 6 9 30
1059 968 1 2 2
1214 968 8 3 10
1323 968 1 1 1
1350 969 1 1 1
345 970 5 13 36
849 970 9 19 45
1589 971 1 1 1
1692 970 2 1 2
1697 971 3 2 4
1708 971 15 12 41
1739 970 1 1 1
409 972 5 2 6
615 972 2 2 3
746 972 5 1 5
1197 972 3 2 6
1560 972 25 16 86
119 974 4 3 7
177 975 3 2 4
547 975 1 1 1
618 975 1 1 1
677 975 1 1 1
768 974 3 2 6
840 974 1 1 1
868 975 18 9 52
1492 974 7 7 33
1741 974 4 2 7
1803 975 2 2 3
422 977 1 2 2
567 977 3 2 6
607 977 2 1 2
814 976 1 2 2
1187 977 3 2 5
1196 976 1 1 1
311 978 4 3 5
580 978 2 6 7
755 979 4 7 13
887 979 1 1 1
1088 979 1 1 1
83 981 4 2 5
109 980 3 1 3
276 980 3 8 11
324 980 1 2 2
471 980 3 2 4
549 981 2 1 2
671 981 2 1 2
949 980 4 3 9
1060 981 2 1 2
1060 980 22 26 169
726 983 2 2 4
825 982 2 1 2
929 982 1 1 1
1039 982 8 3 20
1446 982 48 59 1296
1608 982 2 1 2
1664 982 1 1 1
1679 983 2 1 2
1782 983 3 3 4
148 984 5 3 13
292 985 1 1 1
611 985 15 19 69
657 984 4 8 18
715 984 1 1 1
730 985 1 1 1
843 984 100 88 1337
1770 985 1 1 1
29 987 2 1 2
104 986 3 1 3
118 987 2 1 2
341 986 2 2 3
540 986 8 6 25
683 987 2 1 2
748 987 5 3 13
961 987 1 1 1
1015 986 9 2 11
1539 987 1 1 1
1621 987 2 4 7
208 989 2 2 4
407 988 2 2 3
484 988 2 1 2
519 988 6 6 28
716 988 1 1 1
768 989 1 1 1
927 988 1 1 1
166 990 2 2 3
1519 991 9 5 27
71 993 2 2 3
198 993 2 1 2
460 993 20 19 95
646 993 5 24 54
654 992 1 1 1
669 992 9 9 31
683 992 31 41 288
897 992 4 1 4
1367 993 7 6 25
306 995 2 1 2
439 994 1 1 1
535 994 1 1 1
561 994 2 1 2
581 995 1 1 1
601 994 1 1 1
809 994 8 3 13
1047 994 2 2 3
1640 994 7 3 15
302 996 2 2 2
566 996 1 1 1
769 997 2 1 2
1016 997 10 6 23
1534 996 10 14 59
282 998 9 5 25
404 998 1 1 1
586 999 2 1 2
788 998 10 10 71
881 999 1 1 1
975 998 1 1 1
1106 999 1 1 1
359 1001 22 20 147
413 1001 10 5 22
440 1000 10 3 12
502 1001 1 1 1
537 1000 2 2 4
761 1001 2 1 2
835 1000 3 2 6
945 1000 4 1 4
1177 1000 1 1 1
481 1003 8 3 10
526 1003 1 1 1
1041 1003 1 1 1
281 1005 1 1 1
543 1005 13 1 13
575 1004 2 1 2
620 1005 18 32 165
819 1004 1 1 1
929 1004 3 1 3
1169 1005 1 1 1
1176 1005 12 16 64
1259 1005 3 9 17
559 1006 3 2 6
754 1006 1 1 1
833 1006 1 1 1
969 1006 1 1 1
317 1009 3 1 3
331 1009 19 3 21
405 1009 1 1 1
583 1009 6 6 29
729 1008 1 1 1
734 1009 1 1 1
1055 1009 1 1 1
449 1011 5 2 7
514 1010 1 1 1
1493 1011 1 2 2
60 1012 7 4 11
272 1012 7 9 20
497 1012 2 1 2
721 1013 1 1 1
1213 1013 1 1 1
81 1014 2 2 4
435 1014 1 1 1
598 1014 2 2 3
828 1014 19 10 125
391 1016 7 5 13
519 1016 12 7 35
729 1017 42 60 780
933 1016 3 1 3
945 1017 33 39 576
112 1019 1 1 1
162 1019 1 2 2
427 1019 2 1 2
537 1018 1 1 1
1207 1018 6 7 35
122 1021 5 2 7
411 1021 5 2 10
440 1020 1 2 2
773 1021 3 4 12
261 1022 1 1 1
316 1022 23 19 137
424 1023 2 2 4
454 1022 7 4 17
605 1022 2 1 2
146 1024 1 1 1
200 1024 3 3 6
854 1024 3 2 5
1230 1025 2 1 2
402 1026 5 3 9
506 1026 2 1 2
517 1027 1 1 1
559 1026 1 1 1
825 1026 2 1 2
879 1026 1 1 1
1226 1026 1 1 1
1432 1027 49 38 485
11 1028 4 2 5
473 1028 2 1 2
673 1028 4 1 4
723 1028 3 1 3
776 1028 1 1 1
1205 1029 1 2 2
55 1030 2 1 2
99 1031 3 1 3
269 1030 15 4 41
363 1030 2 8 16
382 1030 7 7 23
556 1030 3 2 4
647 1031 1 1 1
850 1030 1 1 1
869 1030 1 1 1
49 1033 5 2 8
304 1033 2 1 2
499 1032 5 12 17
818 1033 3 2 4
286 1035 1 2 2
296 1035 4 2 5
462 1035 1 1 1
545 1035 1 2 2
728 1035 6 2 12
1179 1035 9 2 12
188 1037 19 9 89
218 1037 1 1 1
525 1036 12 14 39
605 1036 1 1 1
684 1037 18 35 270
841 1036 1 1 1
1243 1037 1 1 1
1448 1037 2 1 2
1628 1036 5 7 22
124 1039 3 1 3
236 1039 5 9 19
344 1038 19 21 139
403 1038 4 2 6
417 1038 2 1 2
1196 1038 55 32 523
1406 1039 14 8 86
1833 1039 1 1 1
16 1041 1 1 1
75 1041 2 1 2
169 1040 1 1 1
448 1041 3 1 3
577 1040 5 4 14
27 1042 1 1 1
33 1043 1 1 1
80 1042 1 2 2
394 1042 1 1 1
639 1042 9 8 48
661 1043 6 1 6
837 1042 3 2 6
1824 1043 5 1 5
0 1044 7 2 14
377 1045 3 2 4
430 1045 8 2 10
456 1044 2 2 4
630 1044 1 1 1
673 1045 4 9 30
826 1045 7 3 19
1234 1044 6 2 7
1622 1044 1 1 1
8 1047 1 1 1
15 1047 9 7 30
112 1047 8 3 20
257 1046 2 2 2
460 1046 4 5 14
714 1047 1 1 1
721 1046 1 1 1
1178 1046 8 4 18
229 1049 1 2 2
578 1048 19 10 80
803 1049 11 17 74
859 1048 1 1 1
1711 1049 1 1 1
69 1050 2 1 2
853 1050 2 2 4
1250 1051 1 1 1
1603 1050 1 1 1
1614 1051 1 1 1
128 1053 3 2 4
608 1052 2 1 2
650 1053 1 1 1
896 1053 2 4 5
1065 1052 2 1 2
1186 1052 1 1 1
149 1054 8 2 13
224 1054 3 2 5
417 1055 1 1 1
493 1054 2 1 2
652 1055 1 1 1
1266 1055 1 1 1
26 1057 3 2 5
553 1057 1 1 1
640 1057 1 1 1
714 1057 1 1 1
825 1057 2 1 2
260 1058 13 8 32
368 1058 17 10 72
562 1059 2 1 2
874 1058 2 1 2
0 1060 1 1 1
482 1061 20 6 75
505 1060 1 1 1
522 1061 1 1 1
622 1060 4 2 5
840 1060 6 4 14
1583 1061 2 1 2
1758 1061 12 3 28
653 1062 1 2 2
668 1062 1 2 2
1367 1062 10 16 128
1413 1062 1 1 1
274 1064 2 1 2
443 1065 5 3 10
540 1064 2 2 4
598 1064 10 7 51
1594 1065 3 2 5
1771 1065 1 1 1
40 1066 3 2 5
85 1067 2 2 3
102 1066 2 1 2
239 1067 3 2 5
526 1067 7 8 23
568 1066 2 11 11
837 1067 2 1 2
865 1067 1 1 1
945 1066 8 9 25
24 1069 8 7 18
49 1069 2 2 4
109 1069 1 1 1
126 1069 1 1 1
283 1069 2 1 2
462 1068 1 1 1
581 1069 20 16 95
647 1068 5 5 24
853 1069 5 5 10
969 1069 3 1 3
1028 1069 52 72 921
1094 1069 1 1 1
1212 1068 1 1 1
1355 1068 2 1 2
1645 1069 4 6 24
1733 1068 1 1 1
1735 1068 10 7 21
192 1071 2 1 2
308 1071 1 1 1
361 1070 4 2 6
545 1070 2 1 2
554 1070 4 8 29
631 1070 8 5 18
740 1071 3 2 4
877 1070 1 1 1
793 1070 132 45 986
1416 1070 31 29 309
1476 1071 2 1 2
439 1073 2 1 2
450 1073 1 1 1
608 1073 1 1 1
918 1073 10 8 21
1465 1072 4 2 5
688 1075 29 26 383
714 1074 3 2 4
816 1074 4 2 5
880 1075 8 3 12
937 1075 1 1 1
163 1076 1 1 1
231 1077 3 2 3
434 1077 1 1 1
952 1077 32 25 337
1001 1076 1 1 1
1649 1077 1 1 1
53 1079 2 2 4
86 1078 3 2 5
446 1079 1 1 1
462 1079 3 2 4
513 1079 5 6 11
614 1078 1 1 1
654 1078 1 1 1
927 1079 9 17 58
1377 1079 3 2 5
62 1081 1 1 1
183 1081 3 2 3
187 1080 2 1 2
553 1081 1 1 1
738 1081 2 1 2
831 1081 1 1 1
865 1081 1 1 1
99 1083 2 1 2
251 1082 4 2 6
336 1082 1 1 1
410 1083 17 20 118
497 1083 7 3 17
550 1082 1 1 1
655 1083 13 11 58
839 1083 2 1 2
107 1085 1 1 1
154 1085 1 1 1
269 1085 4 10 17
403 1084 3 2 4
475 1084 1 1 1
624 1084 6 10 38
729 1084 7 8 48
844 1085 3 1 3
995 1084 4 5 16
1570 1085 2 1 2
20 1086 3 2 4
37 1087 1 1 1
316 1089 4 2 6
5 1090 2 1 2
1730 1090 1 1 1
138 1093 11 5 29
163 1092 1 1 1
295 1093 1 1 1
453 1092 2 2 4
562 1093 13 15 44
635 1093 11 19 109
756 1092 2 2 3
790 1093 2 1 2
170 1095 1 1 1
188 1095 1 1 1
740 1095 4 3 11
945 1095 3 1 3
1443 1094 2 2 3
1703 1094 4 5 14
8 1096 2 1 2
180 1097 1 1 1
351 1097 2 1 2
367 1096 1 2 2
459 1097 1 1 1
607 1096 1 1 1
988 1097 2 3 5
297 1098 3 2 5
365 1098 1 1 1
428 1099 1 1 1
581 1099 2 1 2
1415 1099 1 1 1
28 1101 1 1 1
88 1101 5 3 11
214 1101 8 10 37
342 1101 4 1 4
485 1101 3 3 8
503 1100 5 2 5
717 1100 11 5 35
1004 1100 1 2 2
106 1102 1 1 1
618 1103 7 6 28
292 1105 1 1 1
302 1104 3 2 4
416 1105 10 10 18
691 1104 8 2 10
1738 1104 1 1 1
1834 1104 1 1 1
29 1106 3 1 3
97 1107 6 3 17
359 1106 3 2 4
387 1107 1 1 1
937 1107 26 49 374
974 1107 12 18 50
508 1108 9 8 63
679 1108 10 6 24
127 1110 8 4 17
288 1111 3 1 3
318 1110 2 1 2
350 1110 9 11 20
368 1110 1 1 1
545 1111 1 1 1
653 1111 1 1 1
677 1111 2 1 2
748 1110 1 1 1
885 1111 1 1 1
931 1111 2 1 2
48 1113 8 7 27
58 1112 2 1 2
223 1113 1 1 1
390 1113 1 1 1
396 1113 5 9 19
476 1113 3 4 10
547 1112 2 1 2
561 1113 1 1 1
598 1112 2 1 2
621 1113 9 11 19
658 1113 20 25 110
784 1112 3 12 18
303 1114 10 11 33
337 1114 1 1 1
409 1115 5 2 8
428 1115 1 1 1
616 1114 2 5 10
803 1115 1 1 1
837 1115 1 1 1
911 1114 1 1 1
78 1116 1 1 1
151 1116 5 2 7
492 1116 1 1 1
518 1116 12 8 40
604 1117 1 2 2
727 1116 2 2 3
899 1116 1 1 1
159 1119 2 2 3
558 1119 19 12 71
724 1118 2 1 2
837 1118 9 11 48
871 1119 4 2 6
65 1121 3 2 3
100 1121 4 8 13
273 1120 11 5 29
684 1121 1 1 1
814 1120 2 2 3
914 1121 17 27 177
351 1123 1 1 1
447 1122 3 2 5
505 1122 4 2 5
633 1122 1 1 1
637 1123 1 1 1
799 1123 1 1 1
868 1122 37 31 338
1005 1123 4 7 15
1625 1122 3 3 8
125 1125 11 3 22
387 1125 22 9 60
450 1125 23 19 126
481 1125 12 11 35
533 1125 7 7 40
542 1124 1 1 1
706 1125 4 4 12
345 1127 1 1 1
720 1127 3 3 7
418 1129 10 18 39
472 1129 3 1 3
604 1129 3 3 5
793 1128 1 1 1
810 1129 13 18 62
257 1130 9 3 17
335 1131 2 3 3
642 1130 1 1 1
699 1131 2 1 2
714 1131 1 2 2
850 1130 2 2 4
1285 1131 1 1 1
167 1132 12 2 14
203 1133 2 2 3
551 1132 2 1 2
690 1132 7 9 59
736 1133 19 35 190
1071 1133 4 2 7
1168 1133 64 73 1065
150 1134 1 1 1
376 1135 1 1 1
566 1135 2 2 3
1058 1134 1 1 1
232 1137 4 6 9
611 1136 4 5 10
639 1137 2 2 3
657 1137 2 1 2
857 1137 5 13 41
205 1138 1 1 1
314 1139 4 2 8
106 1140 2 2 3
245 1141 3 2 6
355 1140 2 1 2
584 1140 1 1 1
596 1140 9 8 35
120 1143 19 9 79
365 1142 2 3 4
563 1142 3 1 3
586 1142 3 6 10
796 1142 5 2 9
962 1142 29 68 675
1009 1142 1 1 1
1063 1142 4 3 8
1078 1143 1 1 1
8 1145 1 1 1
27 1144 2 1 2
151 1145 7 4 12
239 1145 1 1 1
257 1144 1 1 1
441 1145 3 3 8
682 1145 3 5 8
724 1144 1 1 1
786 1145 1 1 1
199 1147 3 1 3
490 1147 2 1 2
807 1147 1 1 1
1067 1147 1 1 1
1217 1146 1 1 1
0 1149 4 8 32
14 1149 1 1 1
47 1148 6 2 7
212 1148 9 1 9
319 1149 5 4 17
392 1149 2 2 4
427 1149 1 1 1
459 1149 1 3 3
475 1148 2 1 2
651 1149 3 5 7
839 1148 7 17 38
894 1148 42 45 636
1045 1149 13 7 52
22 1151 3 1 3
71 1150 1 1 1
251 1150 3 3 9
293 1150 1 1 1
375 1150 12 2 16
406 1151 16 17 57
445 1150 1 1 1
668 1151 4 1 4
817 1150 1 6 6
338 1152 2 2 3
450 1152 1 1 1
561 1153 1 1 1
698 1153 8 10 25
165 1154 4 22 43
239 1154 11 2 13
552 1154 6 2 7
717 1155 21 16 145
1075 1155 2 5 6
1613 1155 5 5 19
93 1157 1 1 1
144 1157 3 3 6
191 1157 5 3 8
224 1157 7 2 10
256 1156 12 11 23
504 1157 2 2 2
525 1157 4 3 9
654 1156 6 6 29
827 1157 12 23 82
877 1156 1 1 1
924 1157 7 3 17
1060 1157 1 1 1
1170 1157 2 2 3
5 1158 2 1 2
292 1159 7 3 13
325 1159 5 2 9
334 1158 1 1 1
460 1158 11 18 81
856 1158 1 1 1
1079 1159 19 7 51
1835 1159 5 1 5
179 1161 1 1 1
310 1160 3 1 3
359 1161 6 3 10
433 1161 1 1 1
634 1161 5 9 17
680 1161 3 9 19
1040 1160 10 27 64
1624 1160 5 8 22
573 1162 2 1 2
942 1162 2 1 2
62 1164 2 1 2
71 1165 6 3 10
147 1164 4 4 13
346 1165 4 2 5
533 1165 1 2 2
803 1164 2 1 2
947 1165 2 1 2
548 1166 15 2 17
598 1166 2 6 7
610 1167 8 2 9
652 1166 1 1 1
683 1167 17 22 101
774 1166 1 1 1
855 1167 4 7 20
953 1166 1 1 1
0 1168 5 2 10
426 1169 3 7 9
454 1168 1 2 2
509 1169 3 2 5
1056 1168 6 11 23
1190 1169 1 1 1
1630 1168 4 3 12
6 1171 8 23 37
20 1171 1 1 1
81 1170 4 6 15
102 1170 15 8 38
192 1170 3 8 22
206 1170 1 1 1
309 1171 3 1 3
386 1171 5 19 34
672 1171 4 1 4
743 1170 5 5 16
817 1170 3 6 10
1477 1171 1 1 1
29 1172 1 1 1
59 1173 1 1 1
314 1172 3 4 9
403 1173 2 2 3
474 1172 16 11 89
619 1172 4 5 8
644 1173 3 3 9
942 1173 2 1 2
1755 1173 4 3 11
356 1174 2 1 2
656 1175 2 1 2
804 1175 1 1 1
1073 1175 5 6 15
1735 1175 5 2 10
232 1176 1 1 1
430 1176 2 1 2
439 1177 6 7 34
529 1177 15 6 38
667 1177 1 2 2
851 1177 1 1 1
1751 1177 1 1 1
183 1178 7 4 17
260 1179 1 1 1
371 1179 6 12 31
518 1179 1 2 2
558 1179 2 2 3
789 1178 1 1 1
202 1180 3 1 3
415 1181 6 4 12
512 1181 4 10 34
615 1181 1 1 1
1837 1181 3 2 5
19 1183 3 1 3
145 1183 1 1 1
348 1183 5 9 29
554 1182 4 11 24
725 1183 2 3 4
844 1183 50 29 279
953 1182 2 1 2
1014 1183 2 12 15
155 1185 1 1 1
253 1185 1 1 1
429 1185 1 1 1
495 1184 2 1 2
671 1185 6 4 12
836 1185 2 1 2
872 1185 1 1 1
56 1186 9 11 59
90 1187 1 1 1
294 1186 2 2 2
470 1187 1 1 1
933 1186 1 1 1
955 1187 2 1 2
1229 1186 50 42 676
44 1188 1 1 1
72 1189 6 12 20
579 1188 21 9 69
634 1188 3 3 9
653 1189 3 2 5
740 1189 1 1 1
984 1189 3 1 3
1256 1188 1 1 1
25 1191 8 15 33
445 1191 2 1 2
610 1190 22 10 109
788 1190 3 4 8
1233 1191 1 1 1
117 1193 5 9 21
277 1192 1 1 1
479 1192 1 1 1
522 1193 1 2 2
548 1193 3 2 5
664 1193 6 4 13
850 1193 1 1 1
916 1192 2 1 2
1050 1192 1 1 1
1052 1193 4 6 9
46 1194 1 1 1
279 1195 1 1 1
376 1194 2 1 2
856 1194 2 2 4
1129 1195 2 1 2
1745 1194 2 1 2
239 1196 1 1 1
423 1196 17 5 30
451 1196 4 3 11
562 1196 2 1 2
929 1196 1 2 2
940 1197 2 1 2
1083 1197 1 1 1
269 1198 1 1 1
341 1198 1 1 1
467 1198 2 2 3
681 1199 1 1 1
690 1199 3 2 3
735 1198 4 3 7
768 1199 1 1 1
825 1199 1 1 1
1070 1198 7 2 11
1132 1199 2 1 2
1144 1198 21 30 178
1221 1198 2 3 5
17 1201 1 1 1
188 1201 2 1 2
305 1201 17 11 88
366 1201 5 3 7
407 1200 8 14 75
447 1201 1 1 1
535 1200 1 1 1
714 1201 4 2 5
945 1201 16 11 70
1837 1200 3 1 3
137 1203 3 3 6
212 1202 1 1 1
276 1203 1 1 1
391 1202 5 2 10
558 1203 18 25 101
826 1203 3 4 10
842 1203 1 1 1
1058 1202 1 1 1
1067 1203 1 1 1
1087 1203 1 1 1
1203 1202 17 9 56
179 1204 6 5 10
375 1204 1 1 1
544 1204 2 2 4
711 1205 1 1 1
810 1205 1 1 1
899 1204 4 2 7
1625 1204 6 4 24
1821 1205 19 16 76
163 1207 1 1 1
254 1206 2 1 2
328 1206 9 14 58
477 1207 4 1 4
485 1207 10 10 56
555 1207 1 1 1
592 1206 7 3 15
633 1207 3 2 5
697 1207 10 7 46
722 1206 1 1 1
776 1206 3 5 12
1082 1207 1 1 1
1123 1207 8 3 20
97 1208 6 2 8
167 1208 7 13 24
269 1209 28 19 151
465 1209 11 13 34
909 1208 1 1 1
1053 1209 3 2 5
12 1210 14 8 21
115 1210 1 1 1
266 1210 2 2 3
348 1211 2 1 2
554 1210 1 1 1
581 1211 1 2 2
599 1211 10 17 45
675 1210 1 1 1
814 1211 2 2 3
832 1211 1 1 1
910 1210 34 8 94
450 1212 1 1 1
625 1212 11 16 53
673 1212 2 1 2
733 1212 6 3 12
800 1213 1 1 1
1655 1213 3 2 4
159 1215 3 2 5
190 1214 10 7 30
223 1215 19 13 86
262 1215 2 2 4
389 1215 2 2 3
521 1214 6 3 12
646 1214 5 5 13
1120 1215 1 1 1
1178 1214 1 1 1
1632 1214 8 2 9
1807 1214 9 8 68
119 1217 5 11 16
209 1216 3 2 4
691 1217 6 6 32
716 1216 1 1 1
853 1216 20 6 42
1057 1216 2 2 3
1648 1216 7 12 33
417 1218 1 1 1
517 1219 2 1 2
537 1219 3 2 4
552 1218 1 1 1
1046 1219 1 1 1
1104 1219 3 3 6
1180 1219 9 9 25
1623 1219 9 9 65
252 1220 8 8 33
794 1220 1 1 1
805 1220 3 3 6
824 1221 18 7 58
900 1221 1 1 1
1077 1220 1 1 1
1197 1221 3 2 5
1208 1221 1 1 1
76 1222 6 6 27
131 1222 6 6 32
386 1222 1 1 1
428 1222 7 6 39
822 1222 1 1 1
882 1222 2 1 2
979 1223 2 5 10
1081 1222 11 6 49
1211 1223 16 5 51
1276 1222 1 1 1
1376 1223 1 5 5
1756 1223 1 5 5
1796 1223 9 5 45
6 1225 2 3 6
97 1225 7 3 18
352 1225 1 3 3
393 1225 15 3 21
444 1224 1 4 4
499 1224 3 4 6
687 1224 1 4 4
706 1224 1 4 4
911 1224 4 4 10
1123 1224 5 4 15
157 1227 9 1 9
319 1226 3 2 6
795 1227 2 1 2
894 1227 1 1 1
960 1226 10 2 20
1055 1227 2 1 2
1067 1227 1 1 1
