0 0 1840 1228 2128402
29 0 14 6 62
265 0 9 6 38
355 0 11 4 22
437 0 13 25 184
497 0 32 39 380
633 0 16 37 91
790 0 5 8 38
824 0 8 6 43
871 0 9 15 111
947 0 4 2 7
973 0 7 17 76
1031 0 3 2 6
1058 0 13 38 363
1092 0 5 13 48
1174 0 3 2 5
1252 0 13 15 147
1451 0 16 12 143
1618 0 23 43 549
953 7 5 10 45
1306 7 20 48 646
1021 8 7 14 76
784 10 8 28 104
284 12 12 21 203
1206 12 19 32 413
1545 12 19 28 380
927 18 5 13 56
755 22 21 26 420
1098 22 4 7 23
871 24 6 10 36
1032 33 7 14 78
1173 33 10 21 140
206 34 5 4 12
732 34 5 7 29
857 35 13 25 249
1002 37 4 4 12
1143 37 4 7 24
1397 38 22 41 592
1080 40 9 19 93
373 43 6 7 34
799 44 4 7 21
981 44 5 10 38
836 49 7 17 104
906 48 8 20 134
959 49 4 6 19
1018 48 7 15 63
1099 48 4 11 38
457 51 9 18 130
1214 52 7 14 61
1424 52 19 28 340
212 54 11 14 113
542 55 7 16 90
1043 54 11 18 101
942 57 5 10 40
341 59 7 7 30
138 63 16 24 282
518 63 5 7 27
1164 64 19 87 578
986 67 2 3 5
1270 67 4 6 18
468 69 10 16 116
1142 69 4 8 24
924 70 4 4 13
1237 70 4 5 13
1109 72 5 13 47
1073 74 2 5 9
812 76 4 23 88
417 79 5 6 19
743 79 27 28 534
948 79 30 49 616
492 83 7 14 67
925 82 8 21 142
1302 82 62 103 2247
510 85 5 8 33
1124 85 7 11 40
229 86 9 11 71
1044 89 4 6 21
1278 88 37 41 779
1236 90 8 17 98
1543 90 40 39 1104
457 93 21 23 282
905 93 4 9 31
1687 103 21 28 392
412 104 8 12 65
516 104 6 10 51
541 105 6 11 55
1086 105 15 21 128
1147 104 5 13 46
1071 107 5 9 32
812 109 8 12 72
1514 108 20 33 445
362 111 7 4 20
846 111 3 3 8
605 112 5 7 32
1584 113 24 16 242
792 115 4 11 37
381 116 7 9 48
1122 117 4 8 26
438 119 14 16 169
634 119 8 17 115
807 122 4 9 26
1134 124 4 10 28
1231 124 7 14 53
525 129 5 6 23
923 128 4 6 21
1031 129 4 4 13
536 131 10 27 174
985 131 13 47 297
455 136 7 10 57
1083 137 3 4 8
1101 137 6 12 50
1273 138 3 3 8
812 141 4 8 27
1293 140 3 3 9
1588 142 8 12 62
784 147 5 8 28
942 148 15 28 213
904 151 1 1 1
1150 155 7 21 75
427 157 13 24 163
1044 156 4 6 17
1405 157 11 16 129
373 158 4 3 8
764 158 8 17 113
527 161 5 9 39
807 161 4 8 21
1006 163 3 8 23
712 166 5 12 49
1086 167 3 9 20
822 169 11 19 80
1123 168 10 13 69
480 170 5 8 33
1813 170 11 9 72
726 172 8 16 104
925 172 18 26 272
619 175 6 12 66
1574 175 3 2 6
319 177 5 6 22
396 177 4 5 12
412 176 5 8 35
556 176 7 15 82
972 177 4 6 18
804 182 1 1 1
1011 183 8 12 53
860 184 5 7 27
743 186 1 1 1
1258 186 13 23 201
235 188 12 17 149
788 191 1 1 1
495 193 6 11 47
715 193 5 9 35
966 193 16 25 142
1206 194 3 4 8
543 200 18 30 279
706 200 1 1 1
784 200 1 1 1
749 205 1 5 5
1773 204 20 20 273
341 206 3 2 5
627 206 11 20 128
1159 207 4 7 22
1475 206 16 28 320
1102 209 5 9 36
445 210 1 1 1
711 211 5 10 40
751 210 2 1 2
887 211 1 1 1
1054 210 2 4 7
1174 210 3 3 7
1240 214 9 7 27
416 217 7 12 66
464 216 14 13 132
848 216 6 14 64
1199 217 3 4 7
191 218 9 14 97
797 218 3 1 3
1094 219 14 25 209
1131 219 4 15 44
1056 222 1 1 1
1346 224 11 17 128
580 227 8 13 80
1048 228 3 5 10
1584 229 1 1 1
272 230 9 9 64
720 230 4 7 23
756 231 8 19 121
804 230 11 33 207
434 232 1 1 1
365 234 1 1 1
904 235 5 12 45
920 234 4 8 27
884 237 2 1 2
975 236 2 1 2
1064 236 1 1 1
1059 238 5 6 14
1425 239 14 24 253
408 240 3 2 3
784 240 8 11 57
957 240 4 9 33
503 244 6 7 29
844 245 5 13 38
1478 244 16 26 299
1538 245 20 36 427
984 246 1 1 1
992 247 1 1 1
953 249 3 7 17
721 250 1 1 1
975 250 3 9 18
282 253 9 12 73
484 253 5 5 18
597 255 6 11 52
1148 254 12 13 139
1445 255 13 22 198
656 256 12 15 94
822 257 8 34 132
862 256 5 11 33
904 256 4 6 19
1070 256 3 20 24
1675 257 19 21 290
1089 258 3 6 16
1211 258 13 26 209
921 260 3 7 18
403 262 6 6 24
568 262 5 11 48
757 262 10 19 126
1101 262 13 16 87
440 265 22 33 268
802 266 3 5 14
1092 268 2 2 3
490 273 8 16 91
1012 275 5 9 24
577 277 5 4 15
1111 277 11 19 94
861 278 4 15 35
936 279 10 18 123
1310 279 72 51 1348
516 281 21 39 324
742 280 9 20 125
773 280 39 43 764
1089 280 5 15 39
1183 283 4 9 24
1263 282 25 40 654
466 284 1 1 1
1075 284 1 1 1
1151 285 2 1 2
723 287 1 1 1
898 286 26 27 244
721 288 1 1 1
1077 289 5 13 31
586 290 1 1 1
989 290 1 1 1
462 293 15 23 138
956 293 2 3 5
1145 293 4 10 27
720 294 1 1 1
830 295 7 15 99
927 296 3 1 3
1089 296 1 1 1
503 301 5 9 40
964 300 7 14 66
1474 300 32 41 788
851 303 1 1 1
869 302 1 1 1
1150 303 1 1 1
436 305 4 2 6
780 304 167 178 9693
1687 305 21 33 427
346 308 6 6 22
625 309 1 1 1
1114 311 1 1 1
197 313 9 15 99
269 312 7 9 42
1108 313 3 8 20
692 314 1 1 1
1178 315 4 9 24
997 316 15 21 129
1046 316 1 1 1
218 318 10 11 79
868 318 1 1 1
946 319 3 14 32
438 321 11 20 110
698 321 4 9 33
970 320 12 34 214
1219 320 3 3 7
770 324 14 6 25
1132 325 2 4 8
750 327 5 7 30
1059 326 5 11 38
1120 328 2 3 5
1163 328 3 5 15
1197 329 2 4 7
1437 329 33 36 519
517 330 14 15 95
1117 332 3 5 11
1167 333 21 28 348
737 334 1 1 1
1719 334 20 24 306
761 337 1 1 1
1074 339 3 5 14
1095 338 3 1 3
1094 340 36 78 697
1342 341 1 1 1
688 343 6 10 43
1269 342 10 15 117
178 346 7 7 28
1054 346 2 5 8
247 349 24 24 230
535 349 27 16 228
760 349 9 16 94
782 350 1 1 1
1296 351 21 40 510
992 352 5 10 33
1337 353 12 19 154
654 355 24 15 162
1246 354 2 1 2
509 359 1 2 2
1548 358 15 4 32
1027 361 1 1 1
1195 360 3 6 12
733 362 1 1 1
779 362 1 1 1
1168 363 1 1 1
947 365 3 7 15
968 368 3 1 3
1211 370 1 1 1
440 372 13 17 65
481 373 1 1 1
527 375 2 3 5
706 374 7 13 49
788 375 1 2 2
1164 374 1 1 1
667 376 17 17 193
986 377 2 1 2
1042 376 3 8 15
1501 377 10 7 49
401 378 7 13 67
546 379 1 1 1
585 379 5 6 23
623 378 6 12 54
773 378 7 6 26
991 380 1 1 1
1446 381 1 1 1
1479 380 1 1 1
171 383 1 1 1
515 385 4 3 10
535 385 5 12 47
732 384 1 1 1
1168 384 3 6 17
482 387 1 1 1
786 387 1 1 1
826 386 2 2 3
1080 386 2 4 7
1174 391 6 8 35
767 392 3 9 24
811 393 1 1 1
1202 394 22 44 414
1289 395 11 19 171
1481 394 6 7 25
820 396 1 1 1
1071 396 3 7 11
197 398 9 8 52
324 399 4 2 7
798 398 2 1 2
801 399 1 1 1
1041 399 4 8 23
549 401 7 9 49
1090 403 3 6 11
773 405 3 5 12
812 404 1 2 2
1348 404 1 1 1
785 406 2 1 2
1162 406 1 4 4
1344 406 1 1 1
489 409 4 5 16
629 408 1 1 1
1025 409 2 1 2
1465 409 1 1 1
1610 410 1 1 1
430 412 3 2 5
783 412 2 3 6
1049 413 8 9 29
266 415 6 9 44
514 415 21 45 283
800 414 1 1 1
1377 414 25 23 425
1424 415 33 34 693
233 417 16 12 73
782 416 38 42 468
957 416 3 6 12
1063 418 1 1 1
1095 418 3 7 17
1070 420 2 4 8
968 423 1 1 1
1175 422 21 37 267
288 425 6 7 29
621 425 1 1 1
1086 425 24 28 177
1340 425 10 16 117
105 427 1 1 1
623 427 1 1 1
846 426 2 2 3
985 427 1 1 1
715 429 4 9 29
1610 428 43 49 766
1015 430 4 6 15
399 432 1 1 1
1677 433 19 22 298
838 434 2 3 6
933 435 2 4 8
961 434 8 14 58
977 436 4 5 18
1061 436 1 1 1
1132 436 26 46 519
202 439 1 1 1
473 441 6 11 49
792 442 3 8 20
835 443 2 3 5
423 445 1 1 1
1013 444 3 6 14
544 446 4 6 24
1081 447 6 12 49
1421 446 1 1 1
943 448 2 4 8
1049 448 1 1 1
1066 448 3 6 12
1234 449 1 1 1
994 450 2 1 2
1417 451 19 30 381
797 453 5 6 10
1221 452 13 27 246
1329 453 1 1 1
1350 452 12 19 148
558 454 4 9 32
639 455 1 1 1
698 455 1 1 1
780 455 2 5 9
940 454 2 1 2
1173 455 1 1 1
261 456 7 13 58
574 458 4 6 21
1023 459 4 13 38
1062 458 3 5 14
137 461 1 1 1
164 460 1 1 1
477 461 16 10 133
736 462 7 14 67
1009 462 1 1 1
785 465 2 2 4
936 464 2 3 5
1101 464 3 5 10
1173 465 1 2 2
1302 464 11 19 159
1652 465 16 13 153
334 467 2 1 2
720 467 1 1 1
805 467 1 1 1
808 467 64 64 755
965 466 4 9 27
802 468 1 1 1
994 469 1 1 1
1071 469 2 5 10
423 471 2 2 3
991 470 1 1 1
1003 471 1 2 2
1190 470 2 3 5
1242 470 2 2 3
466 472 8 13 83
870 472 12 15 113
315 474 1 1 1
426 474 2 3 3
660 475 6 10 45
954 474 2 4 8
1022 475 1 1 1
1078 474 2 2 4
1165 474 24 28 264
1389 475 10 14 98
1469 474 1 1 1
358 477 1 1 1
777 476 1 1 1
834 477 2 1 2
1044 477 3 4 11
1115 476 9 10 40
428 479 1 1 1
1011 479 1 1 1
827 480 1 1 1
393 483 5 6 18
725 483 3 5 13
740 483 11 12 78
857 482 2 1 2
983 482 1 2 2
1054 482 4 7 19
924 486 1 4 4
1023 486 1 1 1
1564 486 2 1 2
685 489 8 22 119
966 488 5 6 15
1019 489 4 11 20
1414 488 23 20 100
152 490 6 6 23
563 492 3 2 3
780 493 3 14 28
1197 492 3 7 11
295 494 1 1 1
754 495 2 2 4
1060 495 1 1 1
1124 494 1 1 1
42 497 1 1 1
78 496 3 1 3
420 498 6 8 37
509 499 4 4 14
558 499 1 1 1
948 498 2 3 5
1039 499 4 7 22
1391 498 1 1 1
1447 498 1 1 1
1602 499 1 1 1
719 501 1 1 1
738 500 3 5 12
471 502 10 6 29
762 503 6 11 55
1005 503 2 1 2
1127 502 3 4 11
1154 503 9 16 113
45 504 1 1 1
74 505 1 1 1
1023 504 1 2 2
315 506 11 20 97
1064 506 2 5 8
496 509 5 7 28
894 509 2 4 8
1044 508 1 4 4
1556 508 3 2 6
564 511 3 1 3
795 511 1 1 1
824 511 116 129 4904
1098 511 1 1 1
1621 511 29 27 535
1803 510 8 3 17
155 512 1 1 1
1348 512 11 19 136
241 515 1 1 1
419 514 13 7 45
1060 515 3 5 10
1289 515 8 18 108
1316 515 1 1 1
1766 515 63 70 1219
21 516 1 1 1
370 517 6 6 27
447 516 1 1 1
512 516 16 15 113
1086 516 2 5 9
1107 517 2 2 4
1591 517 2 1 2
710 518 1 1 1
915 519 3 4 12
343 521 1 1 1
1468 521 4 3 9
71 523 1 1 1
480 523 13 24 159
655 523 5 11 50
889 522 22 22 246
1013 522 1 2 2
1411 522 16 21 201
597 525 1 1 1
695 525 4 11 13
925 525 3 6 14
1038 525 1 1 1
467 527 4 2 7
957 526 10 8 54
1003 527 1 1 1
1027 526 1 1 1
1241 526 1 1 1
1366 526 11 18 137
987 528 1 1 1
1043 528 1 1 1
723 530 59 76 812
999 530 1 1 1
0 532 2 1 2
433 532 1 1 1
1069 532 2 1 2
1156 532 1 1 1
1239 532 1 1 1
813 534 5 12 49
103 537 1 1 1
551 537 3 5 13
610 537 3 5 12
1209 536 8 15 94
109 538 1 1 1
678 538 2 1 2
1338 538 1 1 1
689 540 1 1 1
1064 540 3 8 16
1391 540 1 1 1
499 542 11 7 41
931 542 3 2 6
1316 543 1 1 1
312 545 6 13 44
792 544 12 41 209
867 544 4 9 28
1081 545 8 19 54
908 547 2 3 5
935 547 2 4 7
1042 547 16 9 95
1226 546 7 11 57
1464 547 1 1 1
635 549 3 3 6
1141 548 29 44 272
548 552 1 4 4
1097 553 1 1 1
1474 553 3 2 6
410 554 1 1 1
449 555 19 15 135
479 555 13 8 56
656 556 5 10 41
1058 557 9 11 63
1260 556 2 2 2
1322 557 8 9 44
1502 557 1 1 1
535 558 8 21 64
1026 559 2 2 3
1115 558 5 7 18
1299 558 11 12 98
1393 558 5 7 26
1658 558 14 15 150
495 563 2 2 3
936 562 2 1 2
1018 563 2 4 6
1102 562 3 1 3
1354 565 3 2 3
237 566 7 6 22
498 567 16 20 167
716 567 7 11 63
1140 566 2 3 4
1433 567 1 1 1
552 568 3 5 14
627 568 1 1 1
992 568 2 5 10
1113 569 2 4 7
1578 569 14 19 191
678 571 1 1 1
1383 570 1 1 1
0 573 1 1 1
262 572 5 6 26
1039 572 1 2 2
1415 573 1 1 1
432 575 1 1 1
465 575 1 1 1
928 574 1 3 3
954 575 2 3 6
1071 575 1 2 2
820 576 6 4 18
1132 577 2 3 4
1297 576 1 1 1
1396 576 15 20 202
1488 576 1 1 1
78 579 1 1 1
676 578 1 1 1
1247 578 1 1 1
1697 579 2 1 2
582 580 1 1 1
1172 581 37 24 456
171 582 7 7 39
191 583 1 1 1
943 582 4 7 16
1251 583 16 17 180
243 584 2 2 3
678 585 1 1 1
1061 585 8 6 14
1129 584 1 1 1
1325 584 11 15 106
1475 584 1 1 1
122 586 4 1 4
575 587 3 2 6
1519 587 1 1 1
1778 587 13 15 63
20 589 1 1 1
634 589 2 1 2
646 589 1 1 1
1097 589 2 4 5
1277 588 33 33 554
952 590 1 2 2
996 590 1 1 1
1594 591 13 14 127
472 592 5 5 21
532 592 6 8 30
705 594 10 46 189
1119 594 7 5 29
1667 597 1 1 1
293 598 5 4 17
418 599 1 1 1
443 598 1 1 1
801 598 3 6 17
983 598 8 7 31
1018 598 4 16 43
1073 599 4 6 20
1382 599 3 2 5
1637 599 1 1 1
697 601 1 1 1
1154 601 2 3 6
765 603 2 7 12
1316 603 2 1 2
1711 603 1 1 1
1115 604 2 3 5
1150 604 2 3 4
1180 605 1 1 1
1366 604 1 1 1
1777 604 1 2 2
154 607 4 2 5
608 607 2 1 2
1031 607 1 1 1
1224 606 8 30 123
1472 606 1 1 1
780 609 1 2 2
1033 608 24 39 169
1653 609 1 1 1
1655 608 3 1 3
325 611 1 2 2
454 611 16 12 99
1005 611 3 9 17
1067 610 7 7 18
1325 611 4 1 4
1337 611 36 51 498
547 613 5 4 19
564 613 3 4 11
694 613 1 1 1
1128 613 1 1 1
49 614 1 1 1
493 614 5 7 14
769 615 41 22 175
1090 615 20 22 201
1186 615 1 1 1
1414 615 3 2 6
1463 615 1 2 2
541 617 1 1 1
664 618 2 2 4
1275 619 1 1 1
1315 619 1 1 1
1025 621 1 1 1
1063 621 1 4 4
1421 620 5 14 34
489 622 2 2 3
517 622 3 2 4
1798 623 1 1 1
433 625 1 1 1
525 625 3 4 11
814 625 1 1 1
1128 624 2 4 6
1372 624 19 27 187
1524 625 1 1 1
1795 625 2 1 2
598 627 1 1 1
667 627 4 3 12
980 628 1 1 1
1006 629 7 11 36
1021 628 1 1 1
1064 628 1 3 3
1308 629 1 1 1
297 631 5 3 10
350 631 2 1 2
531 631 1 1 1
550 630 4 5 17
743 631 12 8 54
1178 631 12 19 182
1367 630 3 8 18
1070 633 1 1 1
1595 632 15 18 181
1242 635 1 1 1
1298 635 12 23 185
673 636 1 1 1
1143 637 18 18 122
786 638 1 3 3
899 638 1 2 2
174 640 2 1 2
469 641 10 6 30
519 641 2 2 4
542 640 1 1 1
606 641 1 1 1
807 640 3 6 18
882 640 6 6 22
941 640 1 4 4
1021 640 4 6 17
248 642 6 6 33
495 643 5 4 18
949 643 3 6 11
1273 643 1 1 1
402 644 1 1 1
538 644 3 7 19
592 645 3 4 10
1494 644 1 1 1
390 646 2 10 12
1063 646 12 20 71
1086 646 2 1 2
1132 646 2 2 2
1658 646 2 2 3
461 648 7 6 29
639 649 7 15 70
831 649 18 11 130
993 648 2 5 7
1319 648 3 3 6
865 651 1 2 2
899 651 2 6 12
923 651 3 6 13
1118 651 2 3 4
1387 651 2 3 4
418 653 6 5 12
516 653 1 1 1
361 655 1 1 1
734 654 2 1 2
773 655 2 3 6
1018 654 12 12 67
1259 654 27 24 306
590 657 2 2 4
809 657 3 5 13
1091 656 1 1 1
333 659 4 4 13
508 658 3 4 10
754 658 2 4 7
903 659 2 9 17
433 661 8 12 56
525 660 5 7 28
538 660 13 20 59
611 660 1 1 1
1043 660 1 1 1
1838 660 2 1 2
354 663 1 1 1
406 662 4 1 4
661 662 5 10 40
1143 662 9 17 86
1170 663 2 3 5
1473 662 1 1 1
598 665 10 5 26
820 665 12 24 195
853 664 1 4 4
881 665 1 1 1
1248 665 2 2 3
1613 665 3 3 6
782 666 4 5 16
1035 667 2 7 13
1691 667 3 2 3
1346 668 1 1 1
1569 669 13 15 136
239 671 2 2 3
265 671 1 1 1
1117 670 9 8 30
1340 670 20 37 298
1394 671 2 2 2
521 673 2 3 6
762 673 2 2 4
873 673 2 2 3
1062 673 3 5 13
473 675 4 7 11
629 674 4 6 19
1080 675 5 12 45
1096 674 2 1 2
1189 675 4 3 11
1514 674 1 1 1
101 677 4 3 6
441 676 2 1 2
758 677 2 1 2
1243 676 1 1 1
210 679 1 1 1
516 679 1 1 1
591 678 1 1 1
1063 679 6 10 28
1309 679 1 1 1
794 680 3 12 16
1180 680 17 12 90
1310 681 1 1 1
1379 681 1 1 1
1477 681 21 17 120
1803 680 1 1 1
488 682 2 2 3
554 683 2 2 3
652 685 446 270 28994
761 684 3 9 21
774 684 3 4 8
1794 685 6 3 11
131 686 1 1 1
404 687 1 1 1
921 687 9 27 74
1112 687 2 3 5
1316 687 2 1 2
307 689 2 3 4
570 689 2 1 2
584 688 1 1 1
1259 688 12 26 179
1597 688 3 2 5
1658 689 2 2 4
369 690 2 1 2
420 691 8 2 10
436 691 2 2 3
474 690 1 1 1
618 690 1 1 1
888 690 2 4 5
1070 690 4 5 17
1247 691 1 1 1
1435 690 1 1 1
708 692 4 5 17
1021 692 3 3 8
1306 692 1 1 1
527 694 1 1 1
792 695 3 4 9
1108 695 2 2 3
1127 694 7 2 8
1157 695 16 12 84
166 697 1 2 2
523 697 2 2 4
445 699 3 1 3
546 699 3 2 5
658 698 2 1 2
899 699 6 29 105
994 699 21 49 198
1016 698 4 8 11
1037 699 1 4 4
1096 699 3 4 9
1114 699 2 2 4
1388 699 2 2 3
584 701 1 1 1
712 701 1 1 1
1041 700 25 35 218
99 703 1 1 1
551 702 3 4 10
1471 703 9 14 84
77 705 3 2 4
312 704 3 3 6
332 705 2 2 4
513 704 1 1 1
603 704 2 1 2
807 705 7 17 47
1191 704 24 35 264
1409 705 1 1 1
73 707 1 1 1
165 707 1 1 1
505 707 4 6 21
881 706 2 2 4
1024 707 2 5 8
1077 707 1 3 3
1138 706 1 2 2
1245 706 2 2 2
1375 709 9 2 17
1728 709 2 2 4
871 710 3 6 15
1119 710 17 10 107
1460 711 1 1 1
568 712 2 3 5
1493 712 4 2 6
492 714 2 1 2
887 714 2 5 10
931 714 1 1 1
1634 715 3 2 5
1662 714 1 1 1
385 716 8 6 23
439 717 3 2 5
466 716 2 1 2
510 716 4 3 10
539 717 2 1 2
947 717 1 9 9
1227 717 6 5 21
1306 716 2 2 4
1426 717 2 2 3
1550 717 12 15 119
1078 718 2 3 5
1241 719 16 17 102
1289 719 1 1 1
1314 719 13 25 205
86 721 2 3 5
165 720 3 2 5
414 720 4 4 9
607 721 2 3 6
882 720 2 6 12
1301 720 1 1 1
1696 721 3 2 6
1817 721 2 1 2
117 722 1 2 2
367 722 1 1 1
383 723 2 2 3
470 722 2 1 2
524 723 3 5 14
1140 722 4 3 6
1470 722 1 3 3
1661 723 1 1 1
362 724 1 1 1
401 724 1 1 1
503 725 3 14 27
860 724 12 15 101
1608 724 5 3 11
1103 727 6 10 50
1768 727 1 1 1
15 728 1 1 1
319 728 5 4 17
349 728 1 1 1
761 728 10 4 13
211 731 5 2 8
488 730 6 7 29
543 731 10 4 16
815 730 4 8 24
968 731 1 1 1
1820 731 1 1 1
898 732 21 18 174
1120 733 2 1 2
1620 732 2 1 2
255 734 1 1 1
330 735 2 2 4
481 735 1 1 1
626 735 1 1 1
845 734 3 9 25
1175 735 1 1 1
1298 735 1 1 1
561 737 1 2 2
941 737 1 1 1
1166 736 6 8 39
1300 737 1 1 1
1348 736 14 10 81
406 738 1 1 1
458 738 1 1 1
538 738 3 4 8
944 738 15 2 16
1111 738 6 12 68
1133 739 5 2 5
464 741 1 1 1
506 741 2 3 5
524 740 2 1 2
1628 741 4 3 6
1662 740 1 2 2
131 742 3 2 5
283 743 1 1 1
757 742 2 4 8
787 743 1 3 3
599 745 1 1 1
271 747 1 1 1
303 747 1 1 1
465 747 15 5 34
558 746 1 1 1
606 746 1 1 1
644 747 2 1 2
773 746 10 21 51
1227 747 1 1 1
1249 746 2 2 3
1326 746 3 2 4
923 749 19 8 36
1148 749 1 1 1
1169 749 6 12 42
1597 748 3 1 3
1758 749 1 1 1
146 751 1 1 1
310 751 3 1 3
545 751 3 3 7
582 750 2 3 4
1118 751 2 2 4
1222 750 5 6 26
1267 750 14 22 190
1306 751 1 1 1
1378 750 2 1 2
1659 751 2 1 2
875 752 2 3 6
1003 752 1 4 4
1358 753 3 3 7
1438 753 1 1 1
1491 752 1 1 1
409 755 2 2 2
445 755 7 7 12
1649 755 1 1 1
1664 754 1 1 1
177 757 1 3 3
259 756 3 2 4
354 756 2 1 2
530 757 3 4 10
788 756 12 11 57
945 757 9 6 19
981 756 2 10 13
1001 757 2 4 5
1141 756 5 8 17
1203 756 9 2 10
1294 757 2 9 10
461 758 3 4 9
550 758 4 2 8
643 759 2 1 2
279 760 7 5 19
349 761 1 1 1
485 760 2 2 3
1538 760 3 2 4
1650 760 3 3 7
1757 761 4 5 8
380 762 1 1 1
589 762 3 4 6
995 762 1 2 2
1314 762 1 1 1
1315 763 11 3 13
1347 763 1 1 1
1389 762 1 1 1
1391 763 1 1 1
264 764 5 3 13
320 764 2 1 2
801 765 2 1 2
870 765 1 1 1
1114 765 1 1 1
1146 765 11 19 58
1193 765 2 1 2
1201 764 2 1 2
1431 764 1 1 1
1543 765 3 2 5
330 766 2 2 3
877 766 20 23 181
914 767 5 5 9
1228 766 7 7 30
1494 766 18 22 190
305 768 4 4 8
469 768 2 2 4
544 769 1 2 2
968 769 14 13 42
1341 769 1 1 1
1807 769 1 1 1
509 771 3 4 8
781 770 5 8 36
812 770 1 1 1
963 771 1 1 1
1406 771 3 3 7
431 773 2 1 2
491 772 2 3 5
560 773 2 3 6
796 773 4 9 26
1713 773 3 2 5
592 775 3 3 7
1227 774 1 1 1
1307 775 1 1 1
265 776 2 1 2
536 777 1 1 1
764 776 1 1 1
1310 777 2 2 3
309 779 4 5 17
866 778 6 7 28
1341 779 4 2 7
1359 779 10 16 125
1675 779 5 4 14
329 781 4 6 18
364 783 3 2 4
845 783 3 9 26
965 783 3 9 13
1264 783 1 1 1
1509 782 36 36 474
423 785 1 1 1
544 785 3 2 5
904 784 2 4 6
1120 784 2 1 2
1390 784 1 1 1
389 787 1 1 1
504 786 28 17 140
553 787 1 3 3
643 786 1 1 1
1103 787 3 2 6
1205 786 1 1 1
1269 787 28 55 672
1614 786 2 1 2
1718 786 1 1 1
1752 786 8 5 34
1813 787 1 1 1
1229 788 2 1 2
1450 788 1 4 4
495 790 3 2 5
1110 791 1 2 2
1199 791 22 17 112
1585 790 3 2 3
250 793 2 1 2
564 793 2 4 8
1315 792 1 1 1
1386 793 1 1 1
1447 792 2 2 4
771 794 2 5 7
858 794 1 3 3
1136 795 7 5 15
1171 794 7 3 15
1348 794 1 1 1
1372 794 4 3 7
299 797 1 1 1
396 797 1 2 2
611 797 4 1 4
792 797 1 1 1
1394 796 6 2 8
1654 797 5 5 15
297 798 1 1 1
343 798 1 2 2
488 799 1 1 1
944 799 1 4 4
1147 799 16 16 111
1277 799 1 1 1
1818 799 2 1 2
1082 800 12 11 50
1821 801 1 1 1
317 802 1 1 1
400 802 2 2 3
646 803 2 2 2
922 803 1 3 3
1241 802 1 1 1
1313 802 7 3 9
1480 803 1 1 1
571 805 2 1 2
802 805 2 2 3
965 805 1 3 3
1110 805 5 11 49
250 807 1 1 1
252 806 1 1 1
321 807 1 1 1
841 807 1 3 3
1309 806 2 1 2
163 808 5 3 8
462 809 1 1 1
1404 808 1 2 2
1677 809 3 3 5
91 811 1 1 1
394 811 2 2 4
1381 811 3 7 9
72 813 1 1 1
226 813 2 1 2
522 813 3 7 18
925 812 2 7 11
1126 813 2 4 5
1178 813 1 1 1
1449 813 9 12 85
1838 812 2 1 2
565 815 2 2 4
640 814 6 10 49
805 814 2 3 5
851 815 12 5 30
1415 814 5 4 11
1595 815 1 1 1
1651 814 2 1 2
84 817 1 1 1
189 817 1 1 1
479 817 1 1 1
549 816 8 11 64
1543 816 2 2 2
1586 817 1 1 1
1730 816 2 2 3
687 818 9 12 77
1121 818 1 1 1
1194 818 2 2 2
1376 818 1 1 1
1403 818 6 7 22
77 820 1 1 1
871 820 1 3 3
947 821 1 2 2
1097 821 1 1 1
1556 820 3 2 3
1644 821 1 1 1
297 823 1 1 1
455 823 2 2 3
472 822 1 1 1
582 823 3 6 15
1212 823 1 1 1
1319 823 11 5 26
1416 823 16 11 47
1607 822 1 1 1
1620 823 1 1 1
1829 822 1 1 1
294 824 2 2 2
310 824 1 1 1
378 825 2 3 5
462 824 10 8 22
714 825 2 4 6
1180 824 37 41 421
1486 825 1 1 1
1593 825 1 1 1
567 827 3 13 19
625 826 2 3 5
927 827 2 4 8
1081 826 1 1 1
1102 827 5 1 5
1118 827 1 1 1
1172 826 7 3 16
1336 829 3 1 3
1366 829 22 18 170
1598 828 1 1 1
579 830 3 2 6
863 830 3 5 14
1108 831 6 9 46
1179 831 2 1 2
321 833 4 3 7
595 832 4 3 6
719 833 1 1 1
1158 832 11 19 159
1527 832 16 18 188
210 835 7 10 19
515 835 6 23 52
629 835 2 1 2
1224 835 3 1 3
1253 835 1 1 1
1515 834 1 1 1
1639 834 2 1 2
1697 835 2 2 3
196 836 2 1 2
287 836 3 3 8
396 836 12 5 31
1185 836 1 1 1
1464 837 3 3 5
133 839 1 1 1
477 838 2 2 3
685 838 1 1 1
1082 838 10 15 82
1633 839 3 4 11
237 840 3 9 11
336 840 1 1 1
430 841 1 1 1
462 840 1 1 1
489 841 4 9 24
696 841 2 1 2
887 840 3 8 16
1057 841 1 1 1
1105 841 1 1 1
1326 840 7 8 32
390 842 3 2 5
1180 842 1 1 1
1552 843 1 1 1
136 844 2 2 3
295 845 4 2 5
474 844 2 3 5
682 845 2 3 6
744 844 3 4 12
1418 845 1 1 1
1570 844 2 1 2
1585 844 1 1 1
1607 844 6 5 13
351 846 1 1 1
385 846 2 5 8
421 846 1 1 1
448 846 1 1 1
626 846 1 2 2
714 846 3 1 3
1257 846 1 1 1
1468 847 1 2 2
1586 846 1 2 2
1718 846 1 1 1
1062 849 4 3 7
1127 849 4 6 20
1147 849 3 2 3
1332 849 11 13 91
1398 848 5 2 9
1506 848 1 1 1
1737 849 1 1 1
463 851 15 13 33
550 850 16 15 50
633 850 1 1 1
1263 850 10 26 122
1470 851 5 4 15
1572 850 1 1 1
165 852 2 2 3
300 853 1 1 1
1315 852 2 4 8
1490 853 2 2 4
152 855 4 3 9
205 855 1 1 1
221 855 1 1 1
727 854 1 2 2
1040 854 3 7 11
1100 855 1 1 1
1232 854 22 18 227
1717 854 1 1 1
417 856 1 1 1
1111 856 1 1 1
1386 857 2 2 3
1763 857 1 1 1
294 859 2 2 3
580 858 7 11 63
623 859 1 1 1
1141 859 2 5 6
1283 859 30 36 386
1484 858 3 2 5
1574 859 1 1 1
353 860 2 2 3
760 861 2 3 5
779 860 2 2 3
1123 860 1 1 1
1430 860 1 1 1
1544 860 2 2 3
1774 860 5 7 32
156 862 1 1 1
347 863 2 1 2
1030 862 3 6 14
1051 863 2 2 3
1091 862 5 9 39
1176 863 1 1 1
1557 862 4 3 5
1693 863 2 2 2
205 865 1 1 1
290 865 1 1 1
440 864 2 2 2
739 865 3 1 3
1081 865 1 1 1
1100 865 12 34 137
1143 865 4 5 19
1325 865 2 1 2
1518 865 12 8 36
606 867 2 2 3
1063 866 2 2 3
1354 866 13 14 58
1373 867 9 2 9
1416 866 1 1 1
1696 866 1 1 1
106 868 1 2 2
344 868 1 1 1
396 869 1 1 1
401 868 2 1 2
1388 869 10 4 18
1760 868 1 1 1
238 871 1 1 1
1024 871 1 1 1
1054 870 1 6 6
1157 870 1 1 1
1169 871 4 4 9
1566 870 1 1 1
1619 870 1 1 1
517 872 2 2 3
768 872 2 1 2
791 872 2 3 5
1151 872 5 4 16
116 874 1 1 1
469 875 2 2 2
586 874 2 2 4
1596 875 3 3 5
258 877 3 2 5
436 876 2 2 4
654 877 13 6 33
775 877 2 3 3
1265 876 1 1 1
1579 876 3 4 8
1616 876 1 1 1
1761 876 3 2 4
363 879 2 7 8
443 879 1 4 4
685 879 5 1 5
739 879 2 8 16
1216 879 22 35 366
1375 878 1 1 1
592 881 1 1 1
1326 881 1 1 1
263 882 3 5 11
430 883 2 1 2
615 882 1 1 1
708 883 1 1 1
1244 883 2 1 2
1438 882 7 21 64
379 885 2 2 3
490 885 2 1 2
509 884 1 1 1
520 885 1 2 2
649 885 1 1 1
1013 885 2 2 4
1049 885 1 1 1
1261 884 53 64 771
1397 884 13 13 98
1669 884 1 1 1
459 887 1 1 1
1330 886 11 16 97
1377 887 1 1 1
1825 887 1 1 1
257 889 5 4 8
317 888 2 1 2
367 889 9 2 11
378 888 1 1 1
730 888 5 7 16
786 888 1 1 1
1139 888 1 1 1
394 891 3 5 11
1128 891 1 1 1
1176 891 2 2 3
1473 891 1 1 1
1624 890 1 1 1
1664 891 2 1 2
242 892 1 1 1
547 892 1 1 1
1078 892 17 14 120
1240 892 2 1 2
1528 893 21 16 209
256 895 1 2 2
774 894 8 1 8
1012 895 1 1 1
1022 894 1 1 1
1184 894 6 6 24
1350 894 3 2 4
1593 894 3 2 5
1717 894 4 3 7
448 896 2 2 4
548 897 11 4 17
576 897 2 2 4
767 897 2 20 22
1257 897 1 1 1
1423 896 1 1 1
666 898 2 3 5
713 898 4 5 13
751 898 1 1 1
815 899 1 2 2
1046 899 1 1 1
1152 898 15 22 152
1459 899 2 2 3
1564 899 1 1 1
1683 899 13 3 29
1755 898 1 1 1
501 900 4 8 15
1197 901 4 7 14
1323 900 4 2 7
1509 901 1 1 1
281 903 1 10 10
349 902 1 1 1
1048 902 1 4 4
1316 903 1 1 1
1378 902 1 1 1
1461 902 1 1 1
427 904 3 2 5
738 904 1 1 1
816 904 2 2 3
1129 905 11 6 27
1210 905 1 1 1
1463 905 2 1 2
1697 905 11 6 34
1782 905 2 2 4
0 906 2 1 2
1031 907 2 3 6
1354 906 1 1 1
1401 907 1 1 1
1572 907 2 1 2
1824 907 1 1 1
451 908 4 11 14
787 908 1 2 2
1478 908 4 3 10
399 911 1 1 1
506 910 2 2 4
711 910 2 2 4
808 911 6 10 38
999 911 8 7 16
1508 910 60 70 818
1785 910 1 1 1
1789 911 1 2 2
182 912 1 2 2
322 912 1 2 2
567 912 2 2 3
629 912 3 5 6
1190 912 32 24 177
1248 912 4 4 9
1344 912 5 1 5
81 914 11 11 29
356 914 2 1 2
571 915 1 1 1
603 915 1 1 1
701 915 2 5 10
728 915 1 1 1
834 914 1 1 1
1089 914 13 21 112
1325 914 2 1 2
172 917 1 1 1
225 916 1 1 1
545 916 1 1 1
1238 916 5 3 11
1398 917 2 2 3
1461 917 4 3 8
1515 916 1 1 1
328 918 2 1 2
1085 919 1 1 1
1120 919 1 1 1
1260 919 1 1 1
1528 918 2 1 2
194 920 1 1 1
527 920 7 3 10
589 921 5 3 10
767 920 1 2 2
1386 921 8 5 18
1422 920 4 2 5
1595 920 1 1 1
1633 920 2 1 2
1646 920 19 13 83
0 922 3 1 3
617 922 2 2 3
1109 923 1 1 1
1149 922 4 5 15
1460 922 1 1 1
1682 922 3 2 4
388 924 1 1 1
566 925 3 2 6
1058 925 5 7 24
1308 925 4 3 9
442 926 1 1 1
543 927 1 1 1
667 926 1 1 1
855 926 20 6 66
1010 926 1 1 1
1321 926 2 1 2
1604 926 1 1 1
1607 927 1 1 1
310 929 2 2 4
608 928 3 6 14
1172 929 3 3 5
1254 929 1 1 1
460 931 5 9 21
574 931 7 12 34
705 931 30 20 174
742 931 1 2 2
827 931 3 6 16
841 930 4 9 17
1018 930 1 1 1
1292 930 35 26 217
1376 930 2 7 9
1415 931 14 12 93
1771 931 1 1 1
1777 930 1 1 1
1817 931 3 3 4
195 933 1 1 1
551 932 1 1 1
559 933 3 2 4
783 933 1 1 1
878 932 1 2 2
1022 933 1 9 9
351 935 1 1 1
501 935 3 4 7
1138 934 14 13 88
1159 934 7 3 11
1212 934 1 1 1
1223 934 1 1 1
1395 935 3 2 4
1499 935 1 1 1
1668 934 1 1 1
591 937 1 1 1
1041 937 1 2 2
1358 937 6 4 17
1765 937 1 1 1
243 938 1 1 1
373 939 1 1 1
478 938 1 1 1
1238 939 12 18 121
1344 938 2 1 2
448 940 1 1 1
904 940 1 7 7
996 940 1 1 1
1124 941 7 6 17
280 942 1 1 1
388 942 1 1 1
860 942 1 2 2
1196 942 1 1 1
1329 942 2 2 3
1638 942 3 3 6
1666 942 1 1 1
1777 943 1 1 1
1829 943 1 1 1
479 944 3 4 8
500 944 1 1 1
836 944 5 8 32
1031 945 10 11 36
1382 945 1 1 1
1576 944 3 8 10
1676 945 1 1 1
215 947 8 4 11
635 946 3 2 4
1050 946 16 33 152
1598 946 4 5 11
129 948 3 1 3
462 949 1 1 1
519 949 1 1 1
582 948 6 3 8
601 949 1 1 1
822 948 2 3 5
853 949 2 2 3
882 949 2 1 2
1119 949 3 3 9
1152 949 4 8 18
1205 949 1 1 1
1412 948 1 1 1
1705 949 1 2 2
1767 948 1 1 1
1769 949 5 2 7
341 951 1 1 1
500 951 2 5 6
849 951 2 5 9
1752 951 1 1 1
433 953 1 2 2
865 953 3 4 12
996 952 2 2 3
1022 953 1 1 1
1091 952 1 1 1
1151 953 69 51 792
1812 953 1 1 1
106 955 5 4 9
579 954 2 3 6
912 955 2 4 7
1320 955 20 26 132
1672 954 1 1 1
1001 956 6 4 24
1433 956 1 1 1
1465 956 4 2 5
1751 957 1 1 1
1112 959 1 2 2
1312 958 2 1 2
1408 959 3 3 5
1562 959 5 10 30
201 961 1 1 1
570 960 1 1 1
595 960 5 5 15
673 961 1 1 1
734 961 1 2 2
339 962 5 2 7
402 963 3 3 7
545 962 8 18 46
719 963 2 2 4
857 962 3 4 10
957 963 1 1 1
1008 963 7 3 21
1224 962 14 5 18
1240 962 1 1 1
1295 963 4 3 12
1425 963 2 1 2
431 964 1 1 1
1416 965 1 3 3
149 967 1 1 1
491 966 3 3 7
568 967 1 1 1
603 966 1 1 1
704 967 3 8 13
1165 967 1 1 1
1754 966 1 1 1
55 968 4 2 6
457 969 5 13 29
526 968 1 1 1
684 969 6 4 13
880 968 1 1 1
897 968 1 5 5
1670 969 1 2 2
1709 968 6 5 15
1755 968 1 1 1
432 970 2 3 5
744 971 1 1 1
535 972 3 5 13
626 973 1 1 1
862 972 16 13 90
1262 973 2 2 4
1350 973 7 5 17
378 975 1 1 1
570 975 1 1 1
586 975 1 4 4
628 974 2 3 6
757 975 3 6 17
799 974 16 27 153
983 974 2 1 2
1073 974 1 1 1
1287 974 10 10 48
1463 974 5 2 10
241 977 3 2 3
656 976 3 2 5
1029 977 1 1 1
1076 976 2 3 4
1245 976 1 1 1
1264 976 13 26 146
1300 977 23 29 144
1423 976 1 2 2
1447 977 2 1 2
501 979 2 2 4
632 979 5 4 13
652 979 1 2 2
1013 978 1 2 2
1145 979 6 4 21
1251 979 1 1 1
1470 979 3 6 15
102 981 2 2 2
519 980 11 3 13
576 980 2 1 2
740 981 3 4 11
1005 980 5 5 19
1060 980 1 1 1
1357 980 2 2 4
1571 980 1 1 1
1595 980 1 1 1
1640 980 1 1 1
1698 981 1 1 1
273 982 1 1 1
412 983 1 1 1
443 983 1 2 2
772 982 1 2 2
881 983 10 27 89
1120 983 3 2 3
1596 982 1 1 1
1664 983 2 1 2
75 984 2 1 2
83 985 3 2 4
180 985 5 3 7
543 984 7 4 17
987 985 3 3 7
1374 984 9 6 45
1434 984 11 15 107
1489 984 1 1 1
1510 984 1 1 1
1570 984 7 15 42
531 987 2 2 4
848 987 3 2 5
1416 986 4 5 10
1476 987 1 1 1
1513 986 1 1 1
1660 986 2 1 2
1713 987 7 6 14
1784 986 7 7 12
319 988 2 2 2
374 989 1 1 1
470 988 4 3 8
537 989 2 2 4
786 989 1 1 1
1280 988 3 2 6
1352 988 2 3 5
1806 989 1 1 1
871 990 3 5 14
917 990 4 6 13
1063 990 14 10 52
1389 990 1 2 2
276 992 5 1 5
557 993 2 2 4
1127 992 1 1 1
1241 992 1 1 1
1631 993 5 4 10
168 994 2 2 3
450 994 1 1 1
497 995 1 1 1
649 994 6 16 55
778 995 1 1 1
994 995 1 5 5
1006 995 1 1 1
1298 994 1 1 1
1369 995 1 1 1
1397 995 5 3 8
1403 994 1 1 1
1586 995 7 4 17
1673 994 2 1 2
267 997 2 5 7
504 996 6 18 49
975 997 1 1 1
1220 997 1 1 1
1112 999 28 29 230
1200 998 1 1 1
1684 999 4 3 6
31 1001 4 3 8
229 1001 1 2 2
460 1001 2 1 2
463 1000 1 1 1
495 1000 1 1 1
772 1000 1 1 1
806 1001 1 2 2
1026 1000 1 1 1
1178 1001 3 2 5
1278 1000 8 15 61
1415 1001 1 1 1
1521 1001 2 3 4
1644 1001 1 1 1
127 1003 1 1 1
844 1002 2 4 7
1088 1003 4 6 20
1502 1003 1 1 1
735 1005 1 1 1
1009 1004 5 3 7
1030 1004 1 1 1
1102 1005 2 4 8
1140 1004 1 1 1
1262 1005 1 1 1
1507 1004 2 3 3
1602 1004 1 1 1
411 1007 1 1 1
534 1006 1 1 1
553 1007 1 2 2
759 1007 2 9 10
771 1007 21 13 70
1204 1006 1 1 1
1307 1007 3 2 4
1411 1006 2 3 4
1488 1007 3 3 6
1605 1006 1 1 1
1700 1006 2 1 2
1799 1007 1 1 1
373 1009 7 3 11
859 1009 1 2 2
1061 1009 3 2 5
1323 1009 1 1 1
1342 1008 4 9 22
1382 1009 10 4 16
1782 1009 1 1 1
242 1011 1 2 2
525 1010 1 1 1
583 1011 8 12 19
741 1011 1 1 1
1052 1011 4 5 14
1092 1010 8 12 66
1233 1010 17 16 128
1417 1011 7 7 46
1469 1011 8 11 52
568 1013 1 1 1
715 1012 1 2 2
995 1013 5 11 22
1189 1012 6 14 51
1357 1013 9 5 34
1698 1013 1 2 2
1755 1012 5 4 9
85 1014 1 1 1
449 1014 3 1 3
1008 1014 1 1 1
1156 1015 3 3 7
1154 1015 25 38 400
613 1016 1 1 1
738 1016 8 25 88
817 1017 10 1 10
1066 1017 4 6 17
1273 1016 54 30 462
1585 1016 1 2 2
1718 1017 4 5 7
106 1018 3 3 6
400 1018 5 2 9
513 1019 1 1 1
620 1019 1 1 1
1204 1018 5 6 17
1557 1018 3 3 6
1616 1018 1 1 1
1661 1019 1 1 1
93 1020 1 1 1
301 1020 1 1 1
666 1021 1 1 1
686 1020 2 5 8
834 1020 1 1 1
854 1020 1 1 1
985 1020 1 3 3
1315 1021 1 1 1
1405 1020 10 7 52
467 1023 1 1 1
499 1022 1 1 1
538 1023 1 3 3
892 1023 3 5 10
1078 1022 4 7 18
1113 1022 2 1 2
1122 1022 8 18 75
1478 1023 1 1 1
1504 1022 3 5 7
1551 1022 1 1 1
1604 1023 1 2 2
1788 1023 4 2 5
333 1025 8 6 27
575 1025 3 3 8
593 1024 2 2 3
1255 1026 3 2 4
1434 1026 1 1 1
1763 1027 3 1 3
231 1028 1 1 1
540 1028 1 1 1
551 1028 1 1 1
694 1028 1 2 2
718 1029 2 2 4
1006 1029 1 1 1
1196 1029 8 13 68
1484 1028 1 1 1
1571 1029 1 6 6
403 1031 1 1 1
482 1031 4 12 18
628 1030 1 1 1
1224 1031 4 7 26
1585 1030 6 12 44
136 1033 2 2 3
163 1033 6 3 13
514 1033 9 7 19
863 1033 2 4 8
920 1033 1 1 1
1010 1033 2 4 7
1449 1033 2 4 6
1726 1032 1 1 1
181 1034 1 1 1
542 1034 2 4 7
810 1035 1 1 1
877 1034 5 7 22
981 1034 1 2 2
1069 1035 5 9 34
1404 1034 1 1 1
1471 1035 12 14 51
1639 1035 1 1 1
22 1036 2 2 3
1352 1037 1 1 1
1371 1037 2 1 2
1386 1036 9 5 12
1415 1036 7 9 40
1495 1036 5 3 8
1573 1036 1 1 1
1663 1037 1 1 1
1716 1037 1 1 1
145 1039 1 1 1
354 1038 1 1 1
393 1038 2 2 3
471 1039 1 1 1
566 1039 1 5 5
589 1039 5 2 6
631 1038 1 1 1
725 1038 1 1 1
1182 1038 1 2 2
1254 1039 11 13 83
1451 1038 8 9 40
1664 1039 2 1 2
1786 1039 1 1 1
409 1040 3 1 3
635 1040 15 8 40
653 1040 2 2 4
891 1041 1 4 4
1032 1040 4 6 21
1148 1040 1 1 1
1430 1041 12 19 101
397 1043 2 8 16
501 1043 1 1 1
605 1042 3 5 8
710 1042 8 10 33
757 1042 2 2 3
812 1042 1 1 1
837 1043 1 4 4
1134 1042 1 1 1
1187 1042 2 2 3
1208 1043 13 14 102
1343 1042 3 4 6
1623 1043 8 6 36
101 1045 2 2 3
594 1044 1 1 1
988 1045 1 1 1
1094 1044 1 1 1
1099 1045 1 1 1
1382 1044 1 1 1
1530 1045 5 5 16
1640 1045 1 1 1
319 1047 1 1 1
668 1047 1 1 1
885 1047 2 1 2
1010 1046 1 2 2
1101 1046 1 1 1
1196 1047 1 2 2
1334 1046 3 2 5
1359 1047 16 7 51
746 1049 1 2 2
951 1048 1 3 3
1132 1048 8 12 35
1236 1048 3 3 6
126 1050 2 1 2
158 1050 2 3 4
601 1050 1 1 1
1509 1051 5 6 15
1618 1050 2 2 3
1631 1050 6 10 44
569 1052 2 2 3
584 1053 1 1 1
679 1053 1 1 1
949 1052 1 1 1
1060 1053 3 6 15
1183 1052 6 23 41
1299 1053 7 3 14
1393 1053 6 2 12
1646 1053 4 3 6
507 1055 1 1 1
567 1054 1 1 1
827 1054 1 2 2
1126 1055 1 1 1
1174 1055 1 1 1
1197 1054 1 1 1
1376 1054 12 7 63
1586 1055 1 1 1
579 1056 1 2 2
860 1057 1 2 2
895 1056 1 12 12
976 1056 1 1 1
1083 1056 2 2 4
289 1059 3 2 4
412 1058 1 1 1
457 1058 3 3 7
608 1059 1 1 1
819 1059 2 3 4
832 1058 4 3 12
877 1059 1 4 4
1095 1059 12 22 150
1199 1059 1 2 2
1684 1059 1 1 1
30 1060 2 3 3
313 1060 3 2 4
1724 1060 12 7 43
434 1063 7 1 7
511 1062 11 5 23
550 1063 2 3 6
775 1063 1 3 3
1467 1063 2 2 3
623 1065 1 1 1
854 1064 1 6 6
972 1064 2 1 2
1008 1065 1 1 1
1025 1064 4 13 45
1496 1064 3 3 5
1658 1065 12 15 66
557 1066 1 2 2
648 1066 1 1 1
658 1067 1 1 1
696 1066 1 1 1
1180 1067 44 47 390
1388 1066 9 10 26
1401 1067 2 3 5
1450 1067 13 10 36
594 1068 1 1 1
1050 1068 2 3 4
1059 1069 19 28 164
1265 1068 6 11 47
596 1070 1 1 1
683 1070 1 1 1
720 1071 4 20 33
786 1070 1 1 1
1345 1070 2 2 3
1362 1070 3 2 5
1443 1070 1 1 1
1480 1070 2 2 2
1634 1071 4 8 18
296 1073 5 3 11
928 1073 1 3 3
950 1073 3 2 3
1153 1073 1 1 1
1419 1073 12 6 48
1564 1073 2 3 5
1612 1072 1 1 1
1675 1072 2 2 3
217 1074 1 1 1
584 1075 1 1 1
630 1075 1 1 1
857 1075 19 7 69
1279 1075 13 7 62
1365 1074 4 3 10
1468 1074 4 6 8
1604 1074 1 6 6
1753 1075 2 1 2
451 1076 1 1 1
793 1077 1 2 2
1342 1076 1 1 1
1553 1076 5 5 18
1590 1076 1 1 1
1767 1077 1 2 2
376 1078 1 1 1
571 1079 4 3 9
610 1078 1 2 2
768 1079 1 4 4
1031 1078 1 1 1
1579 1078 1 1 1
286 1080 5 6 18
361 1081 2 2 3
660 1081 1 2 2
946 1081 3 2 4
1573 1081 3 2 5
1577 1080 1 1 1
1757 1080 1 1 1
839 1082 1 1 1
898 1083 1 1 1
1175 1082 1 1 1
1293 1083 12 18 84
1312 1083 2 2 3
1399 1082 16 15 66
1547 1083 3 4 12
1607 1082 3 3 6
1770 1082 6 3 9
58 1085 1 1 1
805 1085 2 5 9
1437 1084 2 1 2
1703 1085 1 2 2
548 1087 7 2 8
740 1087 1 1 1
849 1086 1 1 1
1121 1087 12 10 67
1150 1087 1 1 1
1268 1087 7 13 58
1459 1086 9 5 23
113 1088 1 1 1
1246 1089 1 1 1
1337 1089 2 2 2
1369 1089 15 18 109
1594 1088 4 5 7
1681 1089 1 1 1
1744 1088 2 1 2
17 1090 1 2 2
177 1091 1 1 1
711 1091 10 14 56
792 1090 1 1 1
979 1090 1 1 1
1351 1091 7 3 16
179 1092 2 3 4
522 1092 6 4 12
1046 1092 3 5 11
1395 1093 1 1 1
1420 1093 1 1 1
1512 1092 1 1 1
1625 1093 1 1 1
1679 1092 1 1 1
1803 1092 1 1 1
290 1095 1 1 1
292 1094 1 1 1
587 1094 1 1 1
624 1094 1 1 1
689 1094 1 1 1
857 1095 1 2 2
954 1094 2 2 3
1029 1094 1 1 1
1141 1095 4 5 17
441 1097 1 1 1
649 1097 1 1 1
848 1097 3 5 10
1169 1096 1 1 1
1438 1097 1 1 1
1653 1096 7 7 37
433 1099 1 1 1
511 1098 2 5 6
776 1099 1 1 1
1163 1099 1 1 1
1253 1099 1 1 1
1451 1098 1 2 2
1554 1098 2 2 3
450 1100 1 1 1
584 1101 1 1 1
652 1101 1 1 1
1016 1101 8 7 43
1086 1100 1 1 1
477 1103 1 1 1
825 1103 1 2 2
1067 1102 1 1 1
1077 1103 7 17 78
1106 1103 7 14 67
1276 1103 1 1 1
1441 1103 5 8 22
1608 1103 19 6 33
1708 1103 1 1 1
740 1105 1 1 1
802 1104 1 3 3
918 1104 1 1 1
1038 1105 2 5 9
1497 1105 2 1 2
1673 1105 1 4 4
419 1106 8 6 21
515 1106 14 10 46
1632 1106 1 1 1
19 1108 1 1 1
324 1109 1 1 1
648 1109 1 1 1
697 1108 2 2 3
940 1109 1 1 1
1049 1108 4 5 14
1244 1109 1 1 1
1363 1109 1 1 1
1421 1109 9 11 64
1535 1109 1 1 1
1717 1108 1 1 1
690 1111 2 2 2
721 1111 16 12 66
804 1111 3 3 6
1003 1111 4 4 12
1250 1111 13 6 34
319 1112 1 1 1
478 1113 1 1 1
539 1113 1 1 1
567 1112 2 2 3
635 1112 5 2 7
679 1112 1 1 1
737 1112 1 1 1
1372 1113 5 4 15
32 1115 1 1 1
826 1115 1 3 3
1456 1115 1 1 1
1509 1114 20 13 112
1770 1114 1 1 1
554 1117 1 1 1
621 1116 1 1 1
802 1117 2 3 5
1132 1117 4 11 21
1184 1117 1 1 1
1264 1117 1 1 1
1291 1117 1 1 1
1353 1117 2 1 2
5 1119 2 2 3
29 1119 1 1 1
556 1118 1 1 1
680 1119 1 1 1
968 1118 2 1 2
1332 1118 1 1 1
1405 1119 1 1 1
1675 1119 1 1 1
1720 1119 5 2 7
1744 1119 2 1 2
371 1120 3 2 4
1074 1121 2 3 5
1639 1120 1 1 1
602 1123 1 1 1
1101 1122 1 1 1
1179 1123 1 1 1
1235 1123 1 1 1
1294 1123 1 1 1
1775 1122 1 1 1
622 1124 1 1 1
855 1124 1 1 1
965 1124 1 1 1
1502 1125 5 3 10
1509 1124 1 1 1
1607 1125 1 2 2
455 1127 1 1 1
512 1126 1 2 2
533 1127 1 1 1
644 1127 1 7 7
715 1127 2 2 3
777 1126 7 8 28
815 1127 1 2 2
844 1127 1 1 1
1035 1127 3 6 15
1210 1127 24 13 152
1393 1126 18 19 111
1434 1127 6 6 13
1572 1126 4 3 8
1762 1126 12 4 22
462 1129 2 4 7
1155 1128 2 1 2
1251 1129 4 10 31
1320 1128 1 1 1
145 1131 1 1 1
280 1130 1 1 1
591 1131 7 9 22
1102 1131 4 15 25
1281 1131 3 2 4
1312 1131 1 1 1
1796 1131 1 1 1
496 1132 2 2 3
520 1133 4 2 8
922 1132 2 1 2
1340 1133 1 1 1
1375 1132 1 1 1
615 1135 1 1 1
658 1135 2 2 2
730 1134 2 8 15
743 1135 1 10 10
1351 1135 1 1 1
257 1136 1 1 1
290 1136 3 2 4
565 1137 1 2 2
1519 1136 1 1 1
1594 1136 2 1 2
1779 1136 6 6 11
481 1138 2 1 2
1024 1139 1 2 2
1072 1138 1 1 1
1087 1139 2 3 5
1192 1138 11 24 102
1377 1139 1 1 1
601 1140 8 10 32
784 1141 1 1 1
797 1141 1 2 2
878 1140 7 11 37
1044 1140 6 13 42
1298 1140 5 5 16
1417 1141 11 20 118
1437 1141 2 2 3
1568 1140 1 1 1
1662 1141 1 1 1
1695 1140 2 2 2
256 1142 1 1 1
162 1144 1 1 1
528 1145 1 1 1
819 1144 2 3 5
1065 1145 2 6 12
1170 1145 11 7 31
1214 1145 1 1 1
1477 1144 2 2 3
1723 1144 2 1 2
130 1147 1 1 1
762 1147 2 5 9
830 1147 1 1 1
1517 1147 1 2 2
410 1148 3 3 7
1108 1149 5 5 10
1229 1148 1 1 1
1273 1149 1 1 1
1290 1148 2 2 4
1318 1148 1 1 1
868 1151 3 6 15
1355 1150 1 1 1
1616 1151 5 7 23
1702 1150 1 1 1
695 1152 1 1 1
698 1153 6 3 10
791 1153 1 1 1
1265 1153 8 4 14
1450 1153 1 1 1
21 1155 1 2 2
1285 1154 1 1 1
1385 1154 2 1 2
1433 1154 7 10 53
1491 1155 21 17 162
1666 1154 1 1 1
487 1157 2 1 2
498 1157 3 2 4
593 1157 1 1 1
718 1156 1 1 1
746 1157 1 1 1
899 1157 1 1 1
1034 1157 4 4 11
1057 1156 8 14 61
1119 1156 1 1 1
1159 1156 1 1 1
1364 1156 1 1 1
1367 1157 1 1 1
1457 1156 2 3 3
1571 1157 1 2 2
382 1159 1 1 1
550 1158 1 1 1
655 1158 1 3 3
676 1158 1 1 1
815 1159 1 3 3
323 1161 1 1 1
374 1160 1 1 1
559 1161 1 1 1
576 1160 1 2 2
626 1160 2 3 4
1294 1161 1 2 2
1534 1160 9 5 25
703 1163 2 1 2
850 1163 1 1 1
862 1162 2 1 2
1207 1163 1 1 1
1239 1163 8 7 38
1464 1163 10 9 39
1827 1162 3 2 4
571 1164 1 1 1
778 1164 3 4 9
917 1164 2 1 2
1094 1164 14 15 87
1187 1164 1 2 2
1267 1164 2 1 2
1307 1165 1 2 2
1344 1164 8 4 27
1396 1165 1 1 1
1517 1165 1 1 1
452 1167 1 1 1
466 1166 1 1 1
685 1167 3 2 3
1215 1166 3 6 8
1296 1166 1 1 1
201 1168 1 1 1
333 1168 1 1 1
456 1168 1 2 2
513 1169 1 1 1
1028 1169 9 8 30
1149 1168 3 2 4
1178 1169 1 1 1
1320 1168 4 12 17
1354 1168 8 7 25
1833 1169 1 1 1
330 1171 1 1 1
582 1171 1 1 1
713 1171 3 3 5
768 1170 5 5 21
799 1171 1 1 1
1045 1171 1 1 1
1431 1170 1 1 1
504 1173 1 1 1
623 1173 8 15 39
1118 1173 2 2 4
1169 1173 1 1 1
1218 1172 15 25 162
668 1174 1 1 1
805 1175 1 2 2
1067 1175 1 3 3
1179 1175 12 9 24
99 1176 2 10 11
571 1177 1 1 1
721 1177 1 2 2
1081 1177 2 4 7
1165 1176 4 7 22
1432 1176 6 7 30
1516 1176 2 1 2
1575 1176 1 1 1
273 1178 26 12 87
579 1179 1 2 2
740 1178 1 1 1
939 1179 1 1 1
1365 1179 6 9 31
1815 1179 1 1 1
178 1181 1 1 1
461 1181 8 2 14
538 1180 1 1 1
581 1181 1 1 1
641 1180 7 5 22
1260 1180 1 1 1
1466 1180 12 9 50
1818 1180 1 1 1
586 1182 1 1 1
727 1182 4 8 11
743 1183 1 1 1
886 1183 1 1 1
997 1182 1 2 2
1022 1183 10 15 90
1062 1182 4 3 6
113 1184 1 1 1
382 1185 1 1 1
446 1185 1 5 5
615 1185 1 1 1
745 1184 1 1 1
883 1184 2 1 2
528 1186 1 1 1
547 1186 1 1 1
654 1187 2 2 3
947 1187 1 1 1
995 1186 2 5 8
1089 1186 3 6 17
1296 1187 3 7 9
1710 1187 4 1 4
1808 1187 1 1 1
830 1189 1 1 1
918 1188 1 1 1
1048 1188 3 4 7
1319 1188 1 2 2
1446 1188 6 6 24
496 1190 1 1 1
535 1190 1 1 1
578 1191 1 2 2
748 1191 10 2 11
1128 1191 1 1 1
1162 1191 9 5 30
1178 1191 11 12 43
403 1193 3 1 3
585 1193 1 2 2
672 1192 1 1 1
703 1193 1 1 1
810 1192 1 1 1
837 1192 1 2 2
989 1193 3 6 13
898 1194 1 1 1
1326 1195 2 1 2
1372 1194 14 11 55
1427 1195 1 1 1
211 1197 1 1 1
602 1197 1 1 1
610 1197 3 2 4
1276 1197 2 11 12
1341 1197 1 2 2
1571 1197 1 1 1
1616 1196 1 1 1
1632 1197 1 1 1
363 1199 6 10 32
620 1199 1 1 1
746 1199 2 4 6
853 1199 1 4 4
883 1199 2 8 12
924 1198 1 2 2
1366 1199 2 3 6
1757 1198 4 2 5
1776 1198 3 1 3
1802 1199 2 2 2
125 1200 1 1 1
417 1201 1 1 1
712 1201 2 1 2
865 1201 7 13 35
966 1200 9 13 62
1453 1200 2 1 2
80 1202 3 3 5
136 1202 9 5 11
732 1203 1 2 2
1014 1203 1 1 1
1035 1203 5 1 5
1083 1202 12 9 68
1100 1202 2 2 4
1305 1203 5 9 25
1633 1203 1 1 1
658 1204 1 1 1
921 1205 1 1 1
1009 1205 6 12 22
1050 1205 2 3 6
1073 1205 1 1 1
1144 1204 1 1 1
1227 1205 1 3 3
1577 1205 10 23 139
1766 1205 3 1 3
739 1206 1 1 1
948 1207 1 1 1
1191 1206 13 22 101
1721 1206 2 2 3
592 1208 2 4 7
702 1208 1 1 1
997 1208 1 2 2
1053 1208 4 7 27
1152 1208 13 11 69
1355 1209 6 4 17
1661 1209 1 1 1
1725 1209 1 1 1
1025 1210 7 3 20
616 1213 1 1 1
954 1213 1 1 1
964 1213 1 1 1
1132 1213 4 15 32
1169 1212 1 1 1
1241 1213 2 1 2
1345 1213 3 2 5
1367 1212 13 8 37
1398 1213 4 5 16
144 1215 2 2 3
451 1214 1 1 1
594 1214 3 2 5
714 1214 1 1 1
1426 1215 1 1 1
1450 1215 1 1 1
1544 1214 1 2 2
1699 1215 6 6 20
255 1216 1 1 1
452 1216 2 12 13
662 1217 1 1 1
1082 1216 1 1 1
1172 1216 6 5 20
1229 1216 6 12 38
1262 1217 1 1 1
1273 1218 4 2 5
1519 1219 2 9 10
391 1221 1 1 1
474 1220 1 1 1
735 1220 2 3 5
811 1220 5 8 22
925 1220 1 1 1
994 1220 2 3 4
1109 1221 15 7 36
1619 1221 2 2 2
544 1222 1 6 6
833 1222 2 1 2
965 1222 1 1 1
1042 1223 15 5 24
1072 1223 9 5 13
1286 1223 1 5 5
1681 1223 2 5 10
1005 1225 9 3 19
1303 1224 2 4 7
1405 1224 4 4 15
1482 1225 8 3 14
1566 1224 1 4 4
1764 1224 1 4 4
356 1227 1 1 1
485 1226 1 2 2
731 1226 2 2 3
912 1227 1 1 1
1442 1226 1 2 2
1726 1227 2 1 2
