0 0 1840 1228 2144505
403 0 18 22 304
812 0 23 36 667
886 0 20 15 223
1052 0 8 10 65
1084 0 21 14 222
1139 0 3 8 14
1236 0 4 4 13
1364 0 15 16 180
1461 0 7 6 30
1428 5 7 6 29
594 6 25 22 270
716 6 8 9 56
771 8 19 52 601
869 8 6 8 39
1479 11 1 1 1
678 12 10 14 109
849 16 20 14 189
939 17 14 19 162
1301 17 3 4 8
1383 23 9 17 102
205 25 1 1 1
513 25 20 39 358
963 26 5 6 25
1119 27 8 10 59
499 29 11 12 100
1007 28 5 8 35
1047 32 8 10 54
1399 34 8 6 29
972 36 13 12 120
1328 36 15 14 86
427 41 7 7 36
994 40 6 7 35
1132 41 1 1 1
1190 40 24 23 372
1451 40 7 7 35
1494 44 27 34 616
1019 47 26 21 243
1091 49 4 4 14
845 51 13 21 215
1135 50 10 11 76
1825 53 15 35 333
123 54 12 8 53
382 54 11 9 70
1247 56 10 10 81
10 59 19 15 222
1083 58 24 19 251
261 62 12 8 67
399 63 2 5 8
1289 64 6 5 22
1127 67 7 10 49
1359 69 7 7 36
393 78 4 5 8
1166 79 8 15 86
115 80 15 13 136
1022 82 6 10 48
1466 83 7 8 32
1085 86 19 26 333
222 88 9 6 40
281 89 20 17 231
1044 88 2 2 2
998 90 15 21 169
1047 90 1 1 1
1124 91 11 11 89
526 95 27 18 316
1070 95 7 8 47
82 97 1 1 1
939 96 19 25 206
86 98 2 3 5
394 99 11 13 107
1149 99 3 3 7
1466 105 39 54 1348
231 106 13 10 90
1324 107 39 33 701
1195 111 5 3 12
1243 110 3 3 6
414 113 6 3 8
461 113 4 4 9
1019 113 11 18 148
1159 116 3 3 7
1716 116 29 27 504
336 118 8 7 37
1217 121 3 3 9
284 124 11 10 88
386 125 14 17 168
1095 124 5 6 21
920 130 4 4 14
1057 130 6 5 22
1174 130 6 7 27
997 137 12 16 130
1291 136 4 5 14
30 138 21 14 136
787 138 19 35 308
636 140 9 12 85
1100 142 5 5 21
1063 144 7 10 57
1205 144 3 3 8
931 146 1 1 1
874 149 4 2 6
684 153 7 7 35
1376 153 3 3 7
527 154 11 14 123
819 155 6 13 51
1292 154 3 2 5
1009 159 6 7 30
1049 158 3 3 5
438 160 8 6 35
995 161 4 4 12
1137 163 4 7 21
1284 163 5 5 18
1307 165 7 15 31
394 167 15 16 177
1350 167 4 5 12
1358 166 27 49 622
570 168 8 12 76
951 170 22 20 188
1478 171 24 26 376
295 172 10 11 78
1164 172 22 41 646
985 177 4 5 14
1105 177 16 12 116
1228 182 6 6 25
106 185 16 13 135
537 185 8 8 44
1134 187 5 9 28
283 189 8 4 23
452 189 9 9 60
1151 189 1 1 1
939 190 5 6 26
746 195 7 7 31
811 194 7 10 56
862 195 8 12 62
921 195 8 14 87
1061 194 16 23 281
1240 195 26 32 567
502 196 9 11 86
997 197 5 6 24
1014 197 10 8 64
1123 198 6 11 42
1340 199 6 13 27
646 201 8 12 79
1238 203 1 1 1
1320 204 1 1 1
1766 208 2 1 2
614 210 11 17 153
1118 210 3 1 3
1206 210 4 5 14
794 213 2 1 2
1135 217 1 1 1
257 219 14 16 187
710 218 1 1 1
850 218 6 7 32
713 224 34 55 844
1220 227 5 6 19
1290 226 27 27 400
429 228 6 5 21
1322 229 4 2 6
1366 230 5 12 27
1203 233 4 6 16
1335 233 4 6 17
1064 234 4 5 15
643 237 8 10 62
772 236 2 1 2
1082 237 5 4 14
1186 237 15 11 59
586 239 8 8 50
1111 238 17 20 144
1100 240 1 2 2
242 243 2 1 2
748 243 5 6 22
453 245 10 13 109
1247 246 4 4 10
1396 247 1 1 1
0 249 2 5 8
1168 248 1 1 1
991 250 3 3 9
1064 250 5 7 22
226 252 15 17 194
1386 253 15 9 68
1427 253 31 39 823
759 255 30 28 421
1182 255 4 6 11
1313 256 40 62 1176
901 259 1 1 1
1267 260 3 3 8
1778 261 16 12 131
392 262 9 10 74
275 264 6 3 9
1043 264 11 15 122
1015 266 4 5 16
1237 266 33 57 892
639 269 8 10 63
933 268 5 8 34
594 271 7 7 41
793 270 15 22 231
904 271 7 11 59
1149 271 2 7 10
1210 270 5 4 13
539 272 7 6 22
1289 273 1 1 1
58 276 1 1 1
78 276 18 17 233
614 277 9 11 69
1294 277 1 1 1
301 278 11 13 112
1182 279 4 5 17
1373 279 1 1 1
1663 279 2 1 2
255 281 8 7 34
518 281 10 12 99
1299 280 1 1 1
1111 283 17 34 355
1208 282 27 11 118
1462 283 31 35 757
1169 285 5 5 16
471 287 5 3 12
502 289 7 9 51
977 289 3 4 10
1144 289 4 4 13
1398 289 4 2 6
894 291 8 12 83
1036 290 1 2 2
1296 291 15 7 81
686 293 24 15 150
1545 293 18 16 207
1049 295 5 4 9
837 296 5 7 31
480 298 5 4 15
722 299 13 10 92
869 299 5 4 15
1067 299 2 1 2
1081 299 2 3 6
534 301 1 1 1
968 301 3 1 3
1023 301 1 1 1
273 302 13 13 134
552 303 1 1 1
904 303 8 11 76
1072 306 1 1 1
1158 306 18 24 314
1392 307 1 1 1
676 309 1 1 1
1001 309 3 4 8
1390 312 28 37 600
840 315 3 1 3
1039 315 1 1 1
820 316 4 7 17
1081 316 15 14 96
1196 316 1 1 1
957 318 6 10 46
1019 321 5 8 22
1052 322 3 2 5
1259 324 1 1 1
1037 327 4 4 7
1550 327 20 19 251
412 329 11 12 94
1300 329 2 2 2
550 330 1 1 1
791 330 5 7 25
983 330 1 3 3
1247 330 3 2 6
595 332 7 9 47
1227 332 13 9 68
1304 332 4 6 17
1320 332 1 1 1
734 335 22 29 378
1253 334 1 1 1
1050 337 2 3 5
1076 336 1 1 1
1192 336 1 1 1
1323 337 1 1 1
1095 339 1 1 1
891 340 5 8 34
1101 340 1 1 1
1125 341 28 33 241
926 343 1 1 1
951 342 4 5 16
969 342 54 32 516
1037 342 4 5 12
1086 343 1 1 1
1121 343 1 2 2
1831 342 2 1 2
313 345 17 21 197
1249 345 4 4 12
766 346 1 1 1
1064 347 1 1 1
1104 347 1 1 1
1120 347 1 1 1
1065 349 16 8 37
705 350 16 24 330
920 351 4 5 14
1090 351 2 2 3
1113 352 4 3 7
1209 353 9 19 70
1765 352 67 62 2753
452 354 19 9 103
1260 355 33 28 594
1064 357 1 1 1
1230 356 3 2 5
1768 356 2 1 2
955 359 4 6 19
1084 359 1 2 2
1097 359 15 9 68
1316 359 3 2 4
1355 359 24 22 328
812 363 4 6 20
1155 362 2 1 2
1122 365 3 2 4
1054 366 2 1 2
1070 366 2 1 2
1143 366 45 36 771
1252 367 1 1 1
1062 369 3 2 6
610 370 1 1 1
978 371 10 6 23
1116 371 3 2 6
1609 371 23 22 333
401 373 12 35 234
961 372 5 3 13
1190 375 1 1 1
1231 375 4 4 12
384 376 4 5 18
571 376 6 6 34
652 376 1 1 1
723 377 6 5 27
873 376 1 1 1
1044 376 2 2 3
1065 377 9 2 10
1105 376 3 2 4
302 378 1 1 1
969 378 6 5 20
1017 379 3 3 7
1081 378 1 1 1
1125 379 6 3 12
1699 378 1 1 1
339 382 4 2 4
778 382 6 7 38
1096 383 1 1 1
1750 383 1 1 1
1033 385 2 2 3
729 387 4 5 19
1085 386 4 2 6
599 388 27 22 339
709 389 1 1 1
979 388 1 1 1
1003 389 2 2 3
1055 388 1 2 2
434 390 1 1 1
1081 391 2 2 3
1257 391 3 1 3
1301 391 2 2 4
1565 391 2 1 2
1112 392 1 1 1
205 397 5 4 9
529 396 17 25 338
1040 397 10 24 127
866 398 7 8 36
1098 399 1 2 2
1294 398 5 6 24
1076 400 2 2 3
984 402 2 2 3
1029 402 1 2 2
1114 402 6 4 17
784 405 1 1 1
1231 405 24 33 512
1744 404 1 1 1
907 406 7 9 46
1508 407 1 1 1
483 409 1 1 1
740 408 1 2 2
952 408 23 23 319
1105 411 13 11 69
414 413 8 9 53
741 413 4 2 6
1284 412 8 5 15
936 415 3 2 4
1017 415 1 1 1
1144 415 1 1 1
798 416 4 5 16
984 417 4 4 14
1151 417 2 2 2
683 419 10 13 101
1058 419 1 1 1
440 422 10 17 60
752 422 13 16 162
890 422 30 38 553
1051 423 1 1 1
739 424 1 2 2
990 425 13 14 103
710 427 18 13 118
1020 426 1 1 1
1083 426 1 1 1
1645 426 1 1 1
1699 427 1 1 1
254 428 11 6 57
301 429 5 3 14
584 429 12 11 91
416 431 9 6 42
666 430 8 10 71
821 430 6 7 30
1025 430 32 25 401
1301 430 2 2 4
461 432 1 1 1
636 437 10 13 90
935 437 1 2 2
979 436 2 3 5
1816 437 1 1 1
627 438 1 1 1
878 438 1 1 1
1151 439 1 1 1
737 440 5 5 23
1084 443 3 1 3
519 444 9 4 24
744 445 4 5 19
873 444 3 3 6
1106 445 2 3 6
993 447 5 1 5
1065 446 1 1 1
982 448 9 20 88
1539 449 5 3 9
835 451 1 1 1
959 451 4 5 14
1161 451 8 9 46
1198 450 4 3 9
1277 453 1 1 1
1801 452 39 46 994
720 455 1 1 1
1666 457 1 1 1
142 459 11 10 81
413 459 1 1 1
1443 459 21 30 424
294 461 9 8 57
855 461 3 3 7
283 462 2 1 2
728 462 1 1 1
776 463 1 1 1
1127 463 2 1 2
1111 464 3 2 5
1308 465 1 1 1
1429 464 5 2 6
1705 464 44 43 1198
715 467 2 2 2
1534 466 11 12 76
821 469 25 14 178
1143 468 17 8 28
691 470 14 17 184
924 470 3 1 3
575 473 1 1 1
761 473 2 1 2
1014 473 3 2 4
1177 472 3 4 8
1227 472 1 1 1
1435 472 1 1 1
735 474 3 1 3
873 474 3 2 4
919 474 2 2 4
1300 474 1 3 3
1604 474 2 1 2
1325 478 1 1 1
1104 480 3 2 3
1117 480 4 4 13
1564 480 16 8 48
912 483 1 1 1
1022 483 4 4 12
1414 485 1 1 1
1426 484 3 2 3
374 486 9 11 82
806 487 17 51 269
1146 487 2 2 3
1166 486 2 1 2
947 488 9 13 85
408 490 9 9 60
995 490 22 26 405
923 492 2 2 4
891 496 2 1 2
1167 497 18 21 238
1401 496 3 2 4
776 499 5 3 7
833 498 8 10 60
929 498 9 11 30
1087 498 2 2 3
1222 499 3 2 5
643 500 5 5 21
1100 501 3 3 8
1130 500 2 3 3
370 503 1 1 1
398 502 10 10 69
215 505 8 4 19
708 505 6 7 32
428 509 10 11 89
463 509 8 6 35
1112 508 7 3 11
892 510 13 8 51
917 510 2 2 4
1151 510 8 9 51
1225 510 4 9 20
373 512 8 7 38
869 512 19 15 160
1538 513 1 1 1
1555 513 1 1 1
628 516 10 18 123
1107 518 2 2 3
985 520 5 6 21
1075 521 2 3 5
1820 521 2 1 2
844 522 1 1 1
1188 522 6 5 12
1749 522 64 72 2990
917 524 5 5 21
967 525 6 5 17
1223 524 60 37 1122
478 527 1 1 1
1066 526 4 3 9
1120 527 1 1 1
1404 527 1 1 1
721 528 9 11 80
191 530 18 13 123
342 531 4 2 7
461 530 10 12 99
643 530 9 11 74
775 530 1 1 1
1689 530 27 22 405
493 533 6 7 37
999 532 1 1 1
1210 535 3 2 6
383 537 5 3 14
855 536 22 17 175
1104 537 19 7 64
777 538 2 3 4
1747 538 1 1 1
247 541 9 7 59
533 540 5 3 13
564 541 1 1 1
780 542 21 25 284
928 542 2 2 3
973 543 1 1 1
409 545 1 1 1
1154 544 2 1 2
157 546 8 5 35
335 547 7 5 28
1096 546 2 1 2
523 549 5 5 24
1552 549 9 6 38
732 551 10 9 45
913 550 13 17 177
351 552 3 2 4
969 553 3 3 6
1189 552 3 3 7
662 556 1 1 1
888 557 3 5 11
1195 556 2 2 3
1585 556 1 1 1
981 559 2 2 3
1028 558 1 2 2
1170 559 1 1 1
1587 559 1 1 1
371 560 6 5 27
393 561 7 4 23
951 560 21 17 135
1080 561 27 20 234
977 563 1 1 1
1122 562 1 1 1
1668 562 1 1 1
828 564 6 6 31
1020 565 7 7 38
1820 564 2 2 2
76 566 14 9 90
594 566 8 8 53
743 567 1 1 1
882 571 2 2 2
1394 570 4 2 7
1438 571 14 13 115
617 572 24 19 186
949 573 3 2 6
999 573 1 2 2
556 575 6 6 30
916 575 45 53 963
1180 575 2 1 2
1290 575 1 1 1
1364 574 2 1 2
798 577 2 2 2
973 577 1 1 1
988 576 5 4 14
1118 578 1 1 1
716 583 12 8 46
769 582 1 1 1
899 582 3 1 3
1053 582 7 8 43
1302 582 2 2 2
313 584 1 1 1
831 586 1 1 1
982 586 1 1 1
698 588 11 15 142
1160 589 2 2 2
456 590 12 14 77
500 591 4 4 13
772 591 3 3 7
1113 591 1 1 1
374 593 4 3 7
639 593 15 15 159
961 592 12 4 17
1063 592 1 2 2
1199 592 3 5 11
1107 595 2 1 2
1138 594 1 1 1
1441 595 3 2 4
1610 596 1 1 1
906 599 8 3 11
1071 599 2 1 2
1130 601 2 1 2
1183 600 1 1 1
1472 601 4 3 6
1686 601 1 1 1
1010 603 18 23 325
1623 603 1 1 1
489 605 4 3 10
529 604 1 1 1
778 605 17 14 138
1095 604 2 2 3
1126 604 1 2 2
311 606 6 3 15
565 606 15 9 49
737 607 4 4 10
760 606 2 1 2
766 607 2 2 3
881 606 2 1 2
407 609 1 1 1
804 609 4 3 5
1495 608 2 2 3
422 610 2 10 11
984 610 1 2 2
128 613 9 8 50
398 613 4 4 14
1086 613 1 1 1
1225 612 2 3 3
1441 613 1 1 1
186 615 1 1 1
467 615 1 1 1
625 614 22 20 195
1063 614 5 3 11
1175 615 1 1 1
1570 615 2 1 2
1670 614 1 1 1
1092 617 6 8 31
1107 616 47 66 1068
1783 617 12 10 41
866 618 4 5 14
676 620 3 4 10
1373 621 2 3 5
1589 620 22 27 310
59 623 7 5 21
507 622 3 2 6
1147 623 3 3 7
874 625 4 5 15
1355 624 1 1 1
440 627 1 2 2
665 626 1 1 1
723 627 1 1 1
739 627 3 3 6
831 627 1 1 1
896 627 1 1 1
1623 626 30 26 534
685 631 14 26 71
1730 632 3 3 5
180 635 11 9 50
796 635 5 4 14
1051 635 35 27 501
1204 634 1 1 1
1345 635 23 21 273
1776 634 1 1 1
516 637 1 1 1
1293 637 1 1 1
954 639 22 16 217
1031 638 1 1 1
1146 638 3 3 6
1307 638 7 3 14
1381 639 1 1 1
823 641 2 2 3
903 640 6 8 23
1507 641 7 9 28
1515 640 1 1 1
311 642 2 4 5
591 643 6 6 31
1448 643 34 14 261
991 645 1 3 3
1739 645 1 1 1
1301 646 1 2 2
1406 647 6 3 8
1713 646 2 2 2
223 648 2 1 2
1718 648 1 1 1
346 651 8 8 49
1376 650 1 1 1
1521 650 1 1 1
171 653 1 1 1
638 652 7 7 35
1024 653 1 1 1
1035 654 1 2 2
1506 654 1 1 1
1725 655 2 2 4
784 656 3 3 6
874 656 1 1 1
1032 657 1 1 1
897 658 1 2 2
681 660 3 3 9
880 660 2 2 3
1754 661 1 1 1
242 662 5 3 13
705 663 14 15 147
1009 662 2 2 3
1096 662 8 9 50
933 665 2 2 4
338 667 4 5 15
395 667 8 7 38
686 666 10 21 127
980 666 1 1 1
1336 667 1 1 1
1380 666 1 1 1
1492 666 5 1 5
828 668 3 1 3
848 668 2 2 4
1031 669 25 19 193
1508 669 1 1 1
860 670 2 1 2
987 670 1 2 2
441 672 7 6 24
766 673 1 2 2
793 673 5 5 18
1019 673 2 3 4
560 674 5 5 22
884 674 1 1 1
1272 675 16 15 165
1449 674 7 4 16
809 679 392 329 32136
342 681 9 8 57
839 680 1 1 1
1082 681 1 1 1
594 683 6 5 21
956 682 1 1 1
1340 682 1 1 1
381 685 4 3 9
660 684 9 11 73
1014 684 5 3 8
1393 684 6 4 19
327 688 1 1 1
802 688 3 2 4
920 688 21 26 426
1064 688 1 2 2
1469 688 3 3 6
136 691 7 3 18
546 691 5 5 20
628 690 4 4 13
699 690 3 2 6
953 691 1 1 1
830 692 5 4 13
1034 692 1 2 2
145 695 9 4 25
821 696 1 1 1
1062 696 2 2 3
1149 696 2 2 4
1309 697 15 12 110
371 698 6 4 19
774 698 10 11 89
842 699 12 5 25
1091 698 40 29 728
690 700 13 14 132
749 700 1 2 2
1753 700 1 2 2
865 703 3 2 4
1042 703 1 1 1
1379 702 7 6 33
1449 702 7 6 26
35 704 1 1 1
522 706 10 2 11
731 707 3 3 7
1067 706 1 1 1
49 708 8 7 33
425 708 2 3 6
967 709 1 1 1
1068 709 1 1 1
396 710 7 5 23
447 711 4 3 11
1022 710 1 1 1
1686 711 2 3 5
1746 710 1 1 1
862 713 1 1 1
903 713 1 2 2
378 715 4 2 6
869 714 2 2 4
940 714 7 9 53
1020 714 20 15 54
810 716 1 1 1
698 719 18 27 326
971 719 1 2 2
994 719 18 12 81
762 721 1 1 1
1518 721 1 1 1
91 723 4 3 4
516 722 6 14 29
667 722 16 7 45
1088 722 2 2 4
339 725 8 9 51
580 724 2 2 2
846 724 13 3 16
889 724 1 2 2
968 725 1 1 1
1051 724 5 4 14
1068 724 2 2 3
894 727 2 1 2
321 728 7 4 20
450 728 2 1 2
900 728 1 1 1
433 731 4 4 14
657 730 9 11 74
901 730 1 1 1
629 732 1 1 1
819 733 3 4 10
902 732 7 6 19
973 733 2 2 4
980 733 7 9 24
872 735 2 3 5
929 737 1 1 1
583 739 3 3 7
1315 739 1 1 1
621 741 1 1 1
1483 741 1 1 1
781 743 1 1 1
201 745 2 3 4
1014 744 5 5 16
1032 744 1 1 1
154 747 5 4 14
736 747 1 1 1
745 747 10 14 107
835 746 3 3 8
915 747 2 3 6
944 746 24 22 253
977 747 1 1 1
1080 746 1 3 3
1098 746 21 25 346
1350 747 3 4 6
1693 746 2 2 2
733 749 2 1 2
846 748 13 8 47
1591 749 1 1 1
1797 749 2 2 3
1599 750 1 1 1
1830 751 1 1 1
525 753 1 1 1
553 752 14 4 25
675 752 4 1 4
979 753 2 2 3
1063 753 10 4 19
726 755 1 1 1
668 757 5 4 15
996 757 3 3 7
293 759 6 5 28
523 759 1 1 1
1016 758 9 6 14
1086 759 1 1 1
1689 758 1 1 1
147 760 12 11 95
833 760 11 3 24
931 761 1 1 1
1079 762 1 2 2
823 764 1 1 1
1755 765 14 8 73
287 767 6 10 28
640 766 7 8 41
913 767 2 2 3
456 769 4 9 16
932 769 1 1 1
1049 769 1 1 1
1304 768 11 10 80
239 770 5 2 7
585 771 5 5 14
714 770 1 1 1
1012 770 1 2 2
655 773 1 1 1
757 773 4 4 9
899 773 1 2 2
996 773 1 2 2
1073 772 2 2 3
1341 772 2 2 4
179 775 1 1 1
564 775 4 3 10
657 775 17 10 90
830 774 12 25 107
852 774 1 1 1
1008 775 14 14 60
1551 775 18 15 207
498 776 1 1 1
1070 776 1 5 5
1078 776 17 20 250
1291 777 1 3 3
1465 777 1 2 2
891 781 1 1 1
982 781 1 1 1
1612 781 1 1 1
305 785 2 1 2
527 785 12 15 127
928 787 1 1 1
1206 786 14 30 231
1412 789 1 1 1
561 790 5 6 26
696 790 2 3 5
760 791 10 11 80
906 791 2 2 3
1043 791 1 1 1
1244 790 11 11 68
416 792 5 1 5
999 793 1 1 1
1433 792 1 1 1
1773 792 28 20 419
397 795 5 3 11
483 795 1 1 1
1006 795 1 2 2
1027 795 11 13 121
288 797 1 1 1
723 797 6 7 28
1403 797 2 3 3
1497 797 29 28 604
613 798 2 3 4
968 799 1 1 1
1014 801 2 2 4
1311 800 1 1 1
607 803 3 2 5
1001 803 1 1 1
1065 803 2 4 5
633 805 9 8 53
788 807 3 4 11
139 808 9 8 50
904 808 1 2 2
1019 809 2 2 4
582 810 3 2 4
690 810 1 1 1
766 810 1 1 1
1409 810 1 1 1
1464 810 1 2 2
1532 811 19 16 223
1804 810 1 1 1
687 812 1 1 1
726 812 4 5 17
906 812 2 2 4
925 813 1 1 1
939 813 1 1 1
674 814 2 2 3
909 815 1 1 1
1725 814 29 22 452
745 819 8 9 50
1008 818 10 16 35
293 820 4 3 11
541 820 1 1 1
1079 821 1 2 2
1086 820 1 1 1
975 822 8 10 65
1066 822 1 2 2
1092 822 3 5 11
1363 822 3 2 4
462 824 2 3 6
805 824 9 12 76
496 827 4 4 14
432 828 3 2 6
993 829 1 1 1
1265 828 12 22 167
657 831 1 1 1
996 830 1 1 1
1056 831 9 4 12
1307 830 3 10 14
735 833 4 3 8
579 834 1 1 1
1016 835 1 1 1
1105 835 14 15 160
204 837 13 9 76
710 837 1 1 1
1065 836 1 2 2
1570 839 1 1 1
507 841 1 1 1
822 840 1 1 1
979 840 22 26 249
1083 840 3 12 21
498 843 5 5 22
553 843 3 2 5
612 842 1 1 1
1218 843 2 2 3
819 844 1 1 1
1290 844 9 2 10
1832 845 1 1 1
393 846 19 4 55
608 846 15 10 65
670 846 1 2 2
790 847 3 5 11
324 848 1 1 1
1032 848 1 2 2
1674 848 26 22 377
738 850 1 1 1
772 850 3 7 12
801 851 1 1 1
573 852 5 6 24
684 852 6 4 18
960 853 1 1 1
1042 853 1 1 1
1041 852 59 36 653
418 854 2 1 2
1009 855 1 1 1
1191 854 12 13 102
1589 854 6 5 22
1623 856 2 2 3
521 859 2 1 2
1280 859 1 1 1
1408 859 2 2 3
660 860 6 8 17
755 862 3 4 8
1015 862 1 8 8
365 864 1 1 1
1028 865 1 2 2
1503 865 5 10 26
789 867 1 1 1
1299 867 11 13 99
559 868 2 1 2
477 875 4 12 16
566 874 1 1 1
1782 876 44 26 841
721 878 3 2 4
1008 878 1 1 1
504 880 8 3 21
663 881 1 1 1
782 880 9 12 89
1212 881 1 1 1
1683 880 25 20 342
643 883 1 2 2
1018 882 9 9 65
1361 882 1 1 1
412 884 2 10 12
712 884 1 2 2
1218 884 1 1 1
347 887 2 2 2
485 887 1 1 1
735 887 1 1 1
800 889 1 2 2
1374 889 16 18 184
561 890 6 5 22
1015 891 1 1 1
275 892 4 2 5
728 893 2 2 3
1238 893 10 10 67
1496 895 3 3 4
204 897 1 1 1
535 899 1 1 1
1282 899 2 1 2
195 900 5 4 15
623 900 4 7 11
799 903 1 2 2
1452 905 16 10 116
797 907 1 2 2
1323 907 14 19 157
561 908 3 1 3
1626 909 20 17 218
1723 910 26 19 331
1827 911 2 2 3
1251 912 1 1 1
1285 912 17 9 59
1408 915 1 1 1
472 916 1 1 1
1549 916 22 18 249
681 918 2 1 2
692 921 1 1 1
713 921 12 13 94
1582 921 1 1 1
439 922 1 1 1
660 922 4 5 12
263 925 1 1 1
498 927 4 12 30
639 927 9 3 19
444 928 2 2 3
807 930 2 3 4
338 932 4 1 4
667 932 12 14 122
698 933 5 1 5
1589 933 13 10 56
803 934 2 3 5
1207 934 20 15 105
596 936 4 5 13
786 936 1 1 1
534 938 1 2 2
583 939 1 1 1
649 938 7 3 11
844 940 6 9 41
586 943 1 1 1
762 942 1 1 1
775 942 1 1 1
1623 943 30 23 420
540 944 1 2 2
554 944 1 1 1
773 944 1 1 1
1508 944 1 2 2
1473 946 29 22 456
656 949 1 2 2
1227 949 14 9 68
1725 951 26 21 326
536 952 1 2 2
1803 953 2 2 3
1352 954 1 1 1
1382 955 17 16 190
329 957 7 8 41
698 956 1 2 2
1821 957 1 1 1
552 958 1 1 1
627 959 2 1 2
1603 959 1 1 1
646 960 2 3 6
772 960 1 1 1
452 962 13 12 57
1544 963 1 2 2
210 964 5 3 14
705 964 6 7 30
785 964 6 6 15
568 969 2 2 3
431 971 1 2 2
564 971 1 1 1
666 970 7 8 51
849 970 21 15 150
588 973 2 2 3
1431 972 1 1 1
1215 974 2 1 2
123 976 1 1 1
277 977 1 2 2
992 976 1 1 1
613 979 1 2 2
1272 979 1 1 1
1821 978 1 1 1
994 980 1 1 1
1280 981 11 10 85
374 984 4 4 14
453 985 3 3 6
769 984 7 3 12
914 985 7 8 40
465 986 1 1 1
482 986 1 1 1
731 986 3 1 3
560 989 2 2 4
726 989 1 1 1
1035 990 7 9 56
1426 990 1 1 1
407 993 1 2 2
580 993 18 13 81
646 992 1 1 1
850 993 1 2 2
1596 992 19 17 224
1667 993 22 19 266
1007 994 1 1 1
1293 994 2 2 4
1578 994 1 1 1
446 996 9 9 56
471 996 4 7 19
831 997 1 2 2
1354 996 14 14 137
1736 996 1 1 1
432 999 1 1 1
762 998 1 1 1
1330 998 1 1 1
547 1000 5 7 18
955 1000 7 6 31
374 1002 2 2 3
430 1003 2 2 3
814 1003 7 9 40
1549 1003 5 5 16
1759 1002 1 2 2
1524 1004 4 3 6
537 1006 3 2 4
1298 1007 10 12 77
1171 1008 1 1 1
406 1010 1 1 1
751 1010 1 1 1
924 1010 1 2 2
1185 1011 5 5 16
1701 1011 2 1 2
1728 1011 1 1 1
1755 1011 1 1 1
708 1012 7 6 33
1499 1012 23 28 381
448 1014 7 3 12
631 1014 3 2 4
883 1014 15 19 217
1469 1015 1 1 1
545 1018 7 7 39
803 1019 4 14 24
1197 1018 1 1 1
579 1021 1 2 2
814 1021 2 2 2
998 1020 10 10 71
1597 1021 33 17 267
366 1023 3 3 6
673 1022 1 1 1
1087 1023 1 1 1
1560 1023 2 1 2
562 1025 4 10 22
616 1024 1 1 1
676 1025 1 1 1
749 1025 3 4 10
758 1024 1 1 1
658 1026 6 5 24
778 1026 6 8 38
1691 1027 1 1 1
1069 1029 13 13 130
1632 1028 1 1 1
1141 1030 5 6 27
1352 1030 19 19 251
1423 1030 28 35 539
1290 1032 1 1 1
370 1035 1 1 1
374 1034 1 1 1
524 1035 2 2 3
550 1035 6 7 38
581 1034 1 1 1
1636 1034 7 7 27
1134 1037 2 2 4
676 1039 1 1 1
986 1039 1 1 1
1093 1039 10 11 78
1476 1039 1 1 1
501 1041 6 6 22
747 1040 4 4 13
761 1040 3 3 8
556 1045 1 1 1
839 1044 7 7 36
874 1045 1 5 5
893 1045 1 2 2
1141 1045 1 1 1
1378 1045 11 10 82
1222 1046 1 1 1
440 1049 1 1 1
718 1049 2 2 3
1315 1049 2 2 3
553 1051 1 1 1
585 1051 1 1 1
794 1051 1 1 1
1160 1051 1 1 1
1228 1050 2 2 2
1040 1053 5 5 21
1741 1053 1 1 1
605 1054 6 4 15
1325 1054 1 1 1
658 1057 3 4 11
631 1059 5 5 16
781 1059 1 1 1
1055 1058 9 9 54
1136 1059 6 6 23
428 1061 4 8 19
926 1063 1 1 1
1171 1063 1 1 1
1185 1063 1 1 1
1506 1062 1 1 1
340 1065 1 1 1
343 1064 1 1 1
1151 1064 2 2 3
564 1066 4 3 8
647 1067 1 1 1
669 1067 1 1 1
1187 1066 1 1 1
531 1068 3 3 6
685 1068 6 6 22
895 1068 2 2 4
616 1070 1 1 1
732 1070 1 1 1
892 1070 2 2 3
930 1071 12 20 175
1162 1070 9 8 42
1766 1070 1 1 1
709 1073 1 1 1
1148 1072 1 1 1
284 1075 1 1 1
889 1074 2 2 4
993 1074 1 1 1
1073 1074 4 6 23
701 1076 2 3 5
771 1076 1 1 1
968 1077 1 1 1
1024 1077 1 1 1
1365 1077 1 1 1
1069 1081 1 1 1
1466 1080 1 2 2
1653 1080 64 56 1343
1147 1083 1 1 1
573 1084 2 3 4
610 1084 2 2 3
1056 1085 1 1 1
1123 1084 6 5 15
1243 1084 3 4 7
1286 1085 20 23 245
1614 1084 12 16 91
1824 1085 2 5 6
622 1087 2 2 3
1079 1087 7 8 43
401 1088 3 3 5
539 1089 1 1 1
670 1089 1 1 1
820 1089 3 2 4
1263 1089 5 4 15
1431 1088 1 1 1
1393 1091 1 1 1
631 1093 3 3 8
727 1092 5 3 8
824 1092 1 1 1
1603 1092 2 2 2
834 1095 7 13 48
1170 1094 2 2 3
1255 1095 4 4 11
1528 1094 20 27 380
424 1097 3 3 8
784 1097 2 2 3
1078 1097 1 2 2
1147 1097 9 7 35
1377 1096 5 4 12
1415 1097 1 2 2
811 1098 4 3 10
351 1100 1 1 1
677 1100 2 1 2
758 1100 1 1 1
1640 1100 1 1 1
406 1102 10 12 66
561 1102 16 12 79
788 1103 1 1 1
975 1104 1 1 1
1096 1104 1 1 1
665 1107 2 1 2
922 1106 1 1 1
1834 1106 1 1 1
348 1108 1 1 1
627 1108 5 4 14
1273 1109 1 1 1
250 1111 6 6 21
761 1112 1 2 2
447 1115 1 1 1
1482 1114 17 15 180
460 1117 1 1 1
1035 1116 1 1 1
812 1121 1 1 1
904 1121 6 6 26
1567 1121 2 2 2
592 1122 5 5 18
791 1123 1 3 3
1323 1122 2 1 2
1345 1122 1 1 1
1677 1122 3 3 5
849 1124 6 6 25
1232 1124 2 2 3
1250 1124 1 1 1
30 1127 9 5 17
414 1126 1 1 1
1227 1127 1 1 1
1298 1127 1 1 1
1118 1128 6 7 27
1511 1129 8 5 31
1315 1130 4 2 5
1472 1130 1 1 1
1670 1132 1 1 1
496 1135 1 7 7
715 1135 3 3 8
899 1135 1 2 2
1230 1136 1 1 1
460 1138 1 1 1
608 1140 1 1 1
720 1141 7 10 37
843 1141 2 1 2
1403 1140 1 1 1
115 1145 1 1 1
703 1145 1 1 1
1311 1144 5 2 6
1347 1145 10 3 12
452 1147 1 1 1
840 1146 1 1 1
1753 1147 1 1 1
48 1149 1 1 1
575 1149 4 3 9
1762 1149 1 1 1
55 1150 1 1 1
707 1150 1 1 1
743 1150 1 1 1
876 1150 1 1 1
772 1152 1 1 1
730 1154 1 1 1
1314 1154 1 1 1
658 1156 6 7 25
1243 1156 13 3 20
1532 1156 5 5 15
1805 1156 7 11 25
700 1159 1 1 1
1020 1158 2 3 4
1281 1158 10 10 78
1354 1159 14 14 108
763 1160 1 1 1
859 1160 1 1 1
904 1161 1 1 1
957 1161 1 1 1
1108 1161 1 1 1
1516 1160 1 1 1
529 1163 1 1 1
627 1162 5 6 26
781 1163 1 1 1
1110 1162 4 5 16
1217 1162 2 1 2
1237 1163 1 1 1
1837 1162 3 1 3
392 1165 1 1 1
643 1165 5 7 23
936 1165 1 1 1
1421 1164 1 1 1
1698 1164 1 1 1
107 1167 5 4 16
1482 1167 11 13 75
509 1168 1 1 1
678 1169 1 1 1
835 1169 5 5 17
944 1168 1 1 1
948 1169 1 1 1
1158 1168 1 1 1
285 1171 1 1 1
335 1171 2 2 3
1298 1170 1 1 1
1517 1171 1 1 1
1814 1171 1 1 1
863 1173 1 1 1
886 1172 1 2 2
358 1175 1 1 1
431 1175 3 7 12
730 1174 2 1 2
801 1174 2 2 3
845 1174 1 1 1
332 1176 2 1 2
1101 1176 1 1 1
1407 1177 2 1 2
1473 1177 1 1 1
395 1179 2 6 7
1041 1181 4 3 9
670 1182 2 2 3
1109 1182 7 1 7
1259 1182 1 2 2
1563 1182 4 3 10
1719 1182 1 1 1
1270 1185 1 1 1
292 1187 1 1 1
1056 1187 1 1 1
1181 1186 1 2 2
1288 1187 1 1 1
507 1188 1 1 1
569 1188 4 4 12
1522 1188 1 1 1
387 1190 1 1 1
556 1191 1 1 1
644 1191 1 1 1
637 1193 1 1 1
663 1193 1 1 1
1096 1193 1 2 2
1194 1193 2 1 2
1567 1192 1 1 1
1638 1193 1 1 1
552 1195 1 1 1
1267 1195 1 2 2
1340 1197 4 6 13
1788 1196 1 1 1
1196 1199 1 1 1
1302 1201 2 2 3
1310 1200 1 1 1
1375 1201 1 1 1
1201 1203 1 1 1
1242 1203 1 1 1
1459 1203 12 15 98
261 1204 1 2 2
1476 1205 1 1 1
1478 1204 1 1 1
1511 1204 5 7 24
704 1206 1 2 2
847 1206 1 1 1
888 1206 1 1 1
1473 1207 1 1 1
65 1210 1 1 1
388 1211 1 1 1
886 1211 1 1 1
1523 1211 1 1 1
253 1213 1 1 1
751 1212 1 1 1
1119 1212 1 1 1
1328 1212 1 1 1
545 1214 1 1 1
1434 1214 1 1 1
1706 1214 1 1 1
615 1217 1 1 1
812 1217 1 1 1
1185 1216 1 1 1
1257 1216 1 1 1
1437 1217 5 11 36
1458 1217 1 2 2
1683 1217 2 1 2
1366 1218 11 10 59
578 1221 5 7 16
1708 1220 1 1 1
547 1223 1 5 5
683 1223 1 5 5
1091 1223 9 5 13
1226 1222 2 6 7
1344 1223 1 5 5
740 1225 1 3 3
874 1224 1 4 4
614 1226 1 2 2
823 1226 1 2 2
1160 1227 1 1 1
