0 0 1840 1228 2207570
990 0 6 38 96
1074 0 7 19 91
1161 0 6 4 19
1688 0 9 3 19
1004 5 3 5 12
1549 5 2 2 3
1056 15 6 10 39
1111 20 7 6 32
490 23 4 5 13
1720 22 17 18 188
819 28 4 7 21
1187 29 2 5 7
837 31 3 5 12
920 30 12 29 140
778 33 1 2 2
958 34 2 1 2
1186 36 1 4 4
907 38 4 5 15
1378 39 11 21 117
751 42 4 6 20
1077 43 4 8 22
440 44 10 24 109
508 56 1 1 1
1116 62 2 7 11
1224 62 3 10 17
1338 64 9 12 86
1600 64 10 16 126
893 66 4 10 25
1650 69 9 15 101
798 77 2 2 4
850 77 2 2 3
1333 80 2 4 7
1373 83 1 3 3
1438 84 8 8 38
878 86 1 4 4
1365 88 5 1 5
1646 96 19 38 593
1408 101 3 12 24
764 103 2 3 6
1336 103 2 11 17
1150 106 7 10 56
1238 107 4 8 19
348 109 1 3 3
1021 112 1 1 1
1167 115 2 2 4
1440 121 2 3 5
1817 120 12 11 86
1194 125 12 36 287
869 127 6 11 57
616 129 4 8 21
925 128 25 42 359
884 131 4 5 14
1093 134 1 1 1
1292 137 6 6 25
1383 153 4 13 31
1147 155 3 3 5
1088 159 3 3 7
1102 159 2 4 7
545 163 2 11 12
1762 163 1 3 3
1293 169 1 1 1
863 170 3 3 8
1352 176 1 2 2
1271 180 11 14 120
545 183 2 4 4
1233 184 2 1 2
757 189 4 7 21
544 198 3 6 8
835 200 6 15 67
1334 200 20 35 318
930 202 8 16 99
1212 207 1 6 6
1380 211 20 13 110
1696 210 18 22 277
905 218 3 6 15
1662 219 6 7 27
798 220 4 5 17
1082 225 10 29 114
651 227 5 12 49
1014 229 2 3 6
1173 229 12 30 227
783 230 2 3 4
1042 232 4 5 13
519 235 1 1 1
885 234 3 6 14
1212 242 6 7 36
792 246 6 10 52
1248 247 4 2 7
980 248 3 6 14
411 251 4 3 6
960 262 3 2 4
981 267 5 3 10
1073 267 1 1 1
873 268 3 1 3
1011 270 6 5 29
1320 270 10 5 16
1347 270 2 1 2
1112 274 13 14 75
959 277 7 9 56
1343 277 15 17 145
1087 281 6 4 23
1670 280 20 24 361
939 282 2 3 5
298 289 8 9 62
1284 289 15 25 226
978 292 1 3 3
1018 296 2 3 4
1106 302 2 2 4
1332 304 14 15 137
1121 306 9 15 105
893 314 6 7 33
826 318 6 11 45
1037 318 1 1 1
1065 325 1 1 1
1354 324 14 13 84
685 338 9 12 51
996 339 4 5 16
1256 341 4 3 10
1085 344 3 6 15
822 347 3 5 11
1348 346 2 3 5
1107 357 1 1 1
1095 358 1 1 1
842 363 2 3 5
787 365 3 2 5
684 366 1 1 1
739 367 3 2 4
1063 367 4 7 21
1146 371 6 9 44
1598 374 6 4 18
1179 386 2 4 7
979 388 1 1 1
981 389 1 1 1
1178 395 1 1 1
722 396 1 1 1
1144 396 3 2 5
1328 400 2 2 4
1706 403 8 8 33
1050 406 11 5 23
1683 409 9 7 46
1047 411 1 1 1
1078 415 2 2 2
708 418 3 4 8
1084 422 1 1 1
1218 422 2 2 4
1085 424 1 1 1
1086 426 1 2 2
1225 426 6 5 23
1762 428 17 26 357
1087 430 1 2 2
1048 434 4 6 13
1255 447 11 14 93
737 450 3 2 6
1071 451 2 2 2
1029 452 9 4 13
959 455 1 2 2
1049 455 2 2 2
651 459 4 8 26
1034 460 22 30 259
1337 462 7 8 38
980 465 1 2 2
1159 466 12 30 207
1459 471 6 9 44
1092 474 2 2 4
715 479 4 9 24
758 480 6 19 62
1392 481 5 6 21
736 484 2 2 3
1323 485 1 1 1
1277 487 5 5 15
1067 490 1 1 1
665 505 3 4 12
795 512 11 20 107
835 513 1 1 1
1491 513 2 2 4
271 515 6 5 23
828 514 4 4 14
943 515 3 7 18
1042 514 2 1 2
1059 516 12 12 62
872 518 2 3 5
401 522 1 2 2
1174 522 1 1 1
1322 524 7 10 54
574 526 3 8 19
682 526 3 4 10
1098 533 2 2 3
744 535 3 5 11
594 540 5 7 26
867 541 3 7 17
1209 543 5 4 18
1331 544 12 21 184
951 548 2 3 6
1023 561 1 1 1
1007 571 2 1 2
1388 571 1 1 1
1012 573 1 1 1
1014 574 5 3 7
1384 574 3 3 6
404 578 4 4 14
671 578 5 5 19
1019 578 1 1 1
936 581 1 2 2
762 584 3 2 5
875 587 5 5 17
1630 591 1 2 2
710 593 1 1 1
916 595 2 6 10
1166 595 2 1 2
1353 594 5 7 25
859 596 2 5 8
1320 598 1 2 2
607 604 3 3 8
929 604 4 8 22
487 607 18 17 172
873 608 1 1 1
1125 611 7 16 82
846 612 2 2 4
475 622 1 10 10
793 622 7 8 40
920 622 2 4 7
957 623 4 20 40
716 625 7 9 37
1009 628 2 2 3
1648 629 11 13 114
781 634 7 11 66
932 636 1 3 3
558 639 1 2 2
967 640 4 32 44
1182 640 24 22 410
1233 642 11 13 85
982 644 1 2 2
842 647 2 2 3
930 646 1 1 1
995 649 1 1 1
897 651 4 6 21
908 656 21 33 229
929 657 1 1 1
982 656 1 3 3
1000 657 1 1 1
498 659 6 4 20
986 659 18 21 158
567 662 2 2 4
907 662 1 1 1
956 662 1 2 2
1008 662 1 3 3
831 669 7 10 55
945 671 11 17 75
1118 674 9 25 132
894 680 1 1 1
1108 683 1 1 1
1139 682 4 9 34
920 686 1 1 1
1000 687 1 1 1
1307 686 11 15 106
892 691 2 2 3
1033 691 1 1 1
1147 691 5 5 21
495 692 6 8 40
927 696 1 1 1
949 696 1 1 1
975 699 1 1 1
919 705 1 1 1
973 705 1 2 2
921 707 1 1 1
1098 715 3 4 8
939 716 1 1 1
938 718 1 1 1
1110 718 1 1 1
936 721 1 1 1
960 720 9 18 83
910 722 2 2 3
1107 723 1 2 2
494 725 11 8 76
900 724 8 7 23
932 725 2 2 2
1658 725 15 14 130
785 730 5 6 23
894 731 1 1 1
1105 735 2 6 10
401 738 9 12 76
1310 738 7 12 61
1021 741 1 2 2
533 742 1 1 1
914 743 1 1 1
997 742 2 4 5
1104 743 1 1 1
945 746 1 1 1
1102 749 1 2 2
1001 753 36 34 454
422 754 4 4 14
986 761 4 12 29
882 762 1 1 1
907 765 1 1 1
904 766 2 2 2
898 768 5 3 5
929 770 1 1 1
921 773 4 3 4
1147 773 5 11 18
915 777 3 2 4
1344 797 6 12 57
1189 800 1 4 4
1010 808 1 1 1
1401 808 5 6 18
1000 810 1 1 1
1365 814 2 6 10
972 852 1 1 1
978 855 6 6 21
1383 857 7 9 39
995 858 1 1 1
1006 862 1 1 1
1008 863 1 1 1
1354 865 8 14 82
1005 872 1 1 1
1086 882 1 1 1
947 884 10 11 96
1060 884 22 8 93
1217 884 1 1 1
1283 889 7 10 54
959 895 1 1 1
1198 894 1 1 1
1316 895 10 11 79
961 898 9 5 23
1079 899 1 1 1
1024 902 2 2 2
1337 914 1 1 1
586 919 1 1 1
1277 920 4 3 6
1039 925 1 1 1
1240 934 18 15 123
1269 935 11 10 56
1267 936 1 1 1
1050 938 1 1 1
1052 941 3 4 5
957 946 1 1 1
1056 947 1 1 1
1288 946 1 1 1
955 953 30 38 620
1271 959 3 3 5
939 961 1 1 1
1011 962 1 2 2
1262 965 1 1 1
1220 966 3 5 9
1246 969 12 6 27
730 975 6 3 12
784 975 650 208 37170
867 974 1 1 1
1218 974 1 1 1
1244 975 1 1 1
1241 977 2 2 3
1135 981 1 1 1
1234 980 1 1 1
990 994 1 2 2
797 998 3 3 5
1311 1000 73 42 1111
782 1002 1 1 1
785 1005 1 1 1
1060 1004 26 33 368
1108 1004 1 1 1
787 1006 22 21 94
811 1011 1 1 1
1100 1010 1 1 1
828 1022 1 1 1
1305 1024 2 1 2
1114 1027 1 1 1
1097 1028 10 8 55
1367 1029 1 1 1
799 1031 2 4 5
1289 1032 1 1 1
1292 1033 2 4 6
1322 1035 2 2 4
1331 1034 1 1 1
1162 1036 1 2 2
1307 1037 1 1 1
803 1038 2 4 6
1312 1038 1 1 1
1112 1040 4 8 11
1054 1045 2 2 3
976 1065 1 1 1
998 1072 1 3 3
872 1110 1 1 1
863 1114 1 1 1
1591 1122 2 1 2
1195 1127 1 1 1
1191 1128 1 1 1
1112 1147 6 5 25
614 1220 2 2 2
1474 1224 9 4 27
