0 0 1840 1228 2153570
147 0 29 34 779
242 0 27 43 748
319 0 10 13 97
465 0 11 4 32
621 0 19 14 219
652 0 28 33 667
742 0 6 7 28
801 0 8 10 64
830 0 16 10 103
973 0 37 55 548
1029 0 2 6 12
1096 0 1 1 1
1131 0 52 80 1965
1381 0 21 47 495
1409 0 19 5 71
1511 0 38 37 984
1666 0 25 25 386
1705 0 55 19 439
780 5 5 7 23
342 6 13 17 165
296 9 26 56 738
1062 9 27 64 804
402 10 11 16 116
1767 10 73 38 727
464 13 13 26 237
794 13 15 17 78
580 14 8 14 76
1038 15 3 3 8
1608 15 13 15 137
839 20 7 16 75
1023 23 1 1 1
1034 25 3 3 9
772 27 5 11 45
742 29 5 8 35
821 29 4 5 15
1804 30 9 1 9
1817 31 23 7 49
440 33 12 15 131
571 33 7 14 85
1022 36 35 38 526
1372 37 1 1 1
374 38 17 32 403
1628 39 27 65 233
1250 40 19 39 561
919 42 4 7 18
1090 43 11 15 77
1364 44 6 5 18
784 46 4 6 18
834 49 9 10 63
646 51 23 37 451
1677 50 34 33 425
194 55 17 25 315
1712 54 13 19 57
249 56 14 18 174
753 59 5 8 34
1405 58 12 12 89
446 60 12 20 169
1509 63 21 22 323
1016 64 4 9 32
976 67 3 7 19
1476 67 14 13 116
1600 67 14 20 206
619 70 7 10 55
880 73 6 14 59
925 72 7 10 45
1360 72 5 6 22
330 74 9 8 42
819 75 5 7 24
1036 75 32 39 614
1081 80 2 3 6
733 82 4 3 8
804 82 5 12 50
842 82 4 7 24
995 82 1 1 1
186 88 17 21 264
685 89 20 26 323
886 88 8 19 120
266 92 11 15 118
1212 93 7 10 48
986 94 19 29 345
1335 94 11 23 185
765 97 8 20 100
950 97 3 7 19
507 98 10 17 124
919 98 3 7 16
1105 98 12 17 158
782 100 10 31 157
1241 101 13 25 253
1143 103 6 11 50
1484 102 50 79 1019
462 105 12 20 167
1278 108 12 18 140
231 110 24 24 350
1393 115 10 14 97
1373 116 3 3 6
842 118 5 12 55
307 123 10 12 75
761 123 1 1 1
948 122 5 10 41
971 123 2 2 4
1585 123 39 41 606
1429 124 3 4 9
904 127 2 2 3
1009 126 2 3 6
1122 127 4 6 16
447 128 2 1 2
795 129 15 10 76
847 131 12 12 100
1019 131 3 7 21
326 133 32 29 579
1106 132 7 14 73
999 134 3 6 15
1066 134 3 13 29
1608 135 48 83 1393
687 137 8 18 115
731 136 5 8 26
955 136 21 18 150
1026 139 24 60 663
472 141 16 23 201
1323 141 8 12 78
202 143 18 19 242
233 142 1 1 1
927 142 4 16 46
234 144 1 1 1
384 145 19 22 294
780 149 5 7 24
1075 148 3 7 18
1356 148 9 14 83
284 151 7 6 33
961 151 47 95 882
1013 152 2 3 5
580 154 8 26 93
837 154 5 8 33
1102 155 6 10 44
916 159 15 27 84
318 161 10 9 62
507 160 9 15 102
636 161 27 28 234
1022 163 6 9 48
953 164 18 11 74
792 166 4 10 35
858 168 5 10 37
940 168 1 1 1
1057 169 1 1 1
1658 168 3 2 6
1347 171 9 15 105
1407 170 8 11 56
271 173 26 52 721
1673 173 2 1 2
769 175 1 1 1
941 175 9 11 59
951 174 1 1 1
239 177 9 7 43
605 180 6 8 36
759 180 6 14 71
903 181 1 1 1
1056 180 2 5 10
689 182 8 15 79
1097 182 5 13 46
956 186 3 2 4
1141 186 5 11 50
627 190 19 33 383
928 190 1 1 1
1012 192 3 5 14
496 195 9 15 97
923 195 1 3 3
793 196 7 19 64
965 196 2 1 2
1337 196 10 17 119
180 198 1 2 2
1445 199 16 28 318
851 200 7 5 29
894 200 1 1 1
1060 200 4 7 20
939 203 21 23 131
1567 202 4 4 10
372 205 27 35 310
882 205 1 1 1
1127 204 34 55 744
1275 204 14 20 179
1358 205 2 1 2
1518 205 7 6 31
698 212 7 11 57
1042 212 3 6 13
1317 213 11 17 136
320 215 13 20 79
1017 215 52 73 836
882 216 1 1 1
647 218 7 10 43
706 219 17 13 104
1033 218 1 3 3
232 221 13 16 153
893 220 2 1 2
773 224 4 8 28
1052 224 2 4 7
1561 224 14 21 159
797 229 2 1 2
864 231 4 3 5
875 231 10 5 14
920 231 25 37 289
837 233 3 2 5
910 232 9 1 9
1229 235 8 13 64
987 236 14 23 93
899 239 1 1 1
1513 239 15 18 203
304 240 12 19 171
800 242 2 2 4
285 244 4 4 13
730 245 15 11 107
906 244 5 2 6
1430 244 9 11 73
957 247 1 1 1
849 249 3 6 17
396 250 3 4 9
785 251 3 4 11
1094 250 17 25 291
263 252 16 26 308
658 253 19 27 328
1166 252 18 31 236
867 255 1 1 1
1216 254 1 1 1
750 256 3 4 7
1486 257 2 2 4
349 258 8 11 60
507 259 9 12 82
778 259 5 11 43
918 259 2 4 6
954 259 10 4 24
426 261 10 18 130
691 263 12 35 185
1494 263 24 27 293
984 264 1 1 1
1031 265 3 4 11
1350 265 4 6 14
1467 264 16 25 243
224 267 31 21 489
972 266 3 5 10
901 269 1 1 1
933 269 1 1 1
755 270 4 9 27
990 270 1 1 1
1038 271 4 4 12
836 272 3 4 10
998 273 27 42 544
596 275 9 16 105
449 279 10 24 200
920 278 4 19 29
1562 278 12 14 109
797 280 3 6 14
908 280 1 1 1
932 282 1 1 1
972 282 1 3 3
742 284 5 5 17
910 284 1 1 1
778 287 3 4 9
383 290 21 24 328
938 290 1 1 1
1070 290 3 3 8
1122 291 5 8 26
764 293 3 4 9
1047 293 1 2 2
271 294 2 3 4
1051 295 2 3 5
665 296 29 50 818
1300 299 7 11 60
1432 299 61 57 1091
342 300 21 26 318
798 302 4 6 16
916 303 7 29 115
931 303 33 35 316
1134 302 28 28 571
930 304 2 3 5
1371 307 6 7 34
1032 309 8 8 49
699 310 6 13 59
804 310 4 11 35
435 313 21 42 304
1075 312 4 6 15
307 314 8 8 47
502 314 9 13 86
1051 314 4 3 12
399 316 6 6 26
977 317 11 56 394
989 316 10 10 55
823 318 2 3 4
1547 320 35 27 464
788 322 3 6 17
1065 324 5 4 17
267 327 6 6 28
814 326 5 16 61
1038 327 14 29 229
600 328 6 8 31
952 328 1 1 1
1011 328 4 5 16
1500 328 14 17 166
779 330 2 2 2
1059 331 2 4 5
247 332 15 33 278
1283 334 21 18 234
517 339 9 14 86
908 339 2 4 7
315 341 30 25 320
1140 340 1 1 1
629 343 5 6 27
879 344 4 5 16
1151 346 5 8 31
1023 352 2 4 8
1035 352 1 2 2
1126 352 13 25 171
1350 352 2 2 3
762 355 3 5 13
1312 354 2 2 3
658 359 6 7 32
791 358 16 11 84
1054 359 2 3 6
747 362 3 6 12
931 362 12 5 24
696 365 8 10 58
1057 365 6 7 36
308 367 14 23 243
1042 366 6 9 49
713 369 7 11 54
990 371 3 4 10
1460 370 10 16 118
1527 373 15 18 152
976 375 58 72 1045
911 377 1 4 4
925 377 8 15 42
1211 377 11 22 187
979 381 1 3 3
1293 381 2 2 3
359 384 7 7 31
611 384 16 9 89
1345 385 11 49 396
540 386 1 2 2
700 387 5 11 47
902 386 3 8 10
964 386 1 3 3
982 386 6 11 38
1043 387 25 33 239
962 389 1 5 5
1301 389 5 7 30
400 391 14 40 331
765 391 1 1 1
1035 390 4 7 19
1114 391 9 17 121
917 393 12 18 57
1279 393 7 10 46
1240 396 6 8 34
1509 397 12 18 156
544 398 1 1 1
453 400 8 12 53
774 401 11 7 33
1025 401 3 4 9
1064 400 1 1 1
486 407 13 32 293
513 408 7 15 77
1562 411 12 14 119
696 412 16 16 152
876 413 1 1 1
1469 412 14 18 184
764 414 4 8 25
1278 414 4 4 13
680 417 4 7 21
800 416 2 4 7
858 417 1 2 2
917 416 12 14 67
1036 416 1 1 1
1094 417 7 8 45
362 418 12 20 131
601 418 5 9 38
1284 420 7 14 64
1449 420 7 6 34
878 422 2 2 4
968 422 10 26 71
1060 422 2 2 3
638 424 4 3 7
764 424 17 27 104
1104 425 4 10 38
798 428 2 3 5
810 428 19 19 123
1392 429 22 26 241
319 430 11 18 151
570 430 5 4 12
843 431 2 4 8
961 430 2 5 7
1078 431 3 7 20
1302 430 22 22 197
472 435 7 8 40
871 435 2 2 4
351 438 9 15 108
692 438 20 25 284
953 438 2 4 7
1066 439 3 3 8
1437 439 17 18 166
985 440 4 11 20
1421 443 14 28 182
1498 443 6 9 30
670 444 1 1 1
1091 444 19 30 204
963 449 1 4 4
999 449 2 2 4
1010 450 1 1 1
1375 451 1 3 3
656 453 6 12 47
944 453 15 4 18
910 455 2 2 4
973 454 1 3 3
989 454 8 14 76
619 456 7 8 41
1044 456 2 2 4
324 459 13 13 110
768 458 2 4 6
793 459 2 3 4
1028 459 15 21 172
1346 459 23 19 162
752 461 5 6 21
900 460 10 4 16
880 463 8 17 91
1288 463 5 11 43
1395 464 18 16 151
132 466 1 1 1
844 467 1 1 1
1084 467 3 4 10
950 468 4 4 10
966 468 1 3 3
977 468 3 3 8
918 470 3 3 6
1055 470 1 3 3
1247 471 11 13 69
1516 470 10 16 118
848 473 1 1 1
1472 473 7 7 34
433 474 11 18 152
815 474 5 15 60
1016 474 19 46 397
982 479 1 5 5
1325 478 6 6 25
1420 478 3 8 12
508 481 7 11 61
801 481 2 2 4
698 484 11 8 64
887 485 4 7 19
947 485 1 2 2
992 485 7 4 12
1296 486 5 17 47
364 489 7 7 36
1098 488 14 16 131
1254 489 4 8 23
1369 489 7 9 53
381 491 6 5 20
1475 491 8 11 62
718 493 5 9 34
782 492 4 10 31
796 492 3 5 12
809 492 2 2 4
1200 492 4 3 8
1408 493 23 32 517
350 494 2 1 2
498 497 11 13 111
329 499 23 32 405
621 498 6 11 48
802 499 3 15 43
967 499 1 2 2
1046 499 15 7 34
827 502 2 1 2
860 502 1 3 3
936 502 10 12 28
1362 502 37 29 534
548 504 1 1 1
814 505 2 1 2
896 504 1 3 3
569 507 6 5 20
1002 507 10 14 56
1239 506 4 6 19
1342 506 8 10 61
916 508 1 1 1
976 509 15 10 50
452 511 7 9 54
407 512 5 5 16
678 513 7 10 53
886 512 2 3 4
914 514 1 3 3
1162 515 2 2 3
513 517 6 6 23
1133 516 9 24 130
738 519 14 14 100
1244 519 2 2 4
476 521 9 16 94
566 520 9 15 71
1043 520 1 1 1
1276 525 6 10 39
781 526 1 2 2
922 527 1 1 1
953 527 20 20 262
1034 526 1 3 3
696 528 4 7 23
878 528 1 1 1
945 529 1 5 5
1087 528 3 5 13
1292 528 4 5 12
994 531 6 11 45
1311 530 7 11 55
802 533 4 11 32
813 532 2 1 2
914 533 1 3 3
1050 532 1 1 1
1243 533 3 1 3
1257 532 1 1 1
1339 533 8 10 55
683 534 4 9 33
1039 535 1 3 3
1068 535 1 1 1
1079 535 3 2 4
1091 535 1 1 1
523 536 3 4 6
760 536 7 24 90
815 537 3 5 10
941 536 1 3 3
1026 536 2 3 5
262 538 10 9 64
704 539 14 10 89
730 539 7 10 52
829 538 1 4 4
935 539 1 1 1
560 540 10 14 88
622 540 11 19 91
1035 541 3 12 28
1108 540 9 13 91
1014 544 2 2 3
1280 545 12 31 208
673 546 5 8 34
849 547 1 2 2
906 548 2 5 10
988 549 1 1 1
1236 548 6 12 64
432 550 8 8 51
783 550 2 3 4
871 550 1 1 1
943 550 2 4 5
1351 551 6 6 26
779 553 2 2 2
391 554 4 5 18
483 555 9 11 71
713 554 5 9 35
996 557 1 2 2
1044 556 6 11 58
1063 557 18 12 98
920 558 14 10 35
967 559 67 54 826
1377 559 6 7 28
408 561 1 2 2
945 560 15 12 123
970 560 1 4 4
1169 561 9 15 95
1258 560 2 2 3
855 563 11 4 17
1264 562 13 7 36
1405 562 21 12 78
425 565 9 13 79
876 564 1 1 1
365 567 4 2 7
984 569 2 7 8
1324 569 6 7 32
1325 569 43 42 501
351 571 28 39 322
897 570 2 3 4
849 573 8 10 50
1089 572 3 2 6
799 575 1 1 1
327 576 19 17 122
667 576 7 10 53
938 577 2 3 5
767 578 6 10 17
1451 581 29 30 260
441 583 6 5 23
701 583 5 7 27
1266 582 7 9 52
950 585 3 4 12
1447 584 6 8 38
469 586 5 6 26
918 587 1 2 2
630 588 3 5 11
810 589 2 8 14
887 588 1 3 3
1172 588 7 16 90
714 591 6 10 36
779 592 15 13 69
877 593 1 3 3
927 592 1 3 3
953 593 3 4 10
1254 592 2 1 2
1406 593 7 8 43
762 595 1 1 1
1041 595 2 1 2
763 597 2 2 2
815 597 12 17 54
306 598 10 8 63
524 599 7 8 39
860 599 1 3 3
912 598 1 2 2
933 598 1 2 2
707 601 3 5 14
947 601 1 4 4
262 602 11 11 83
768 603 1 1 1
1054 602 2 3 6
628 604 1 2 2
944 605 1 1 1
1000 605 5 12 50
690 607 457 241 26676
774 607 4 3 6
806 606 2 3 6
918 606 1 3 3
1358 607 4 6 13
1528 607 7 5 24
692 609 13 16 73
706 608 1 1 1
930 609 10 2 11
1291 609 5 9 33
422 611 1 2 2
854 611 2 6 11
794 613 4 11 31
1368 612 18 32 151
378 615 4 4 10
436 615 2 1 2
810 615 6 5 25
987 614 1 2 2
1014 615 13 27 153
536 617 6 8 39
833 616 1 1 1
880 617 2 2 4
963 617 1 1 1
1098 616 2 2 4
309 618 9 5 28
557 619 4 1 4
627 618 7 10 34
902 619 1 2 2
923 619 2 2 4
486 621 1 1 1
1246 621 2 3 5
495 623 4 3 7
841 622 2 5 8
927 623 3 5 11
950 623 1 1 1
1092 623 2 2 3
1121 622 6 10 46
463 625 7 5 24
829 625 1 2 2
897 624 23 16 70
952 625 13 23 101
775 626 1 2 2
886 627 2 5 8
1139 626 2 1 2
1245 627 1 2 2
565 629 12 16 134
1274 629 1 1 1
530 633 6 12 58
986 633 1 3 3
422 634 8 9 52
1219 635 4 7 20
1264 635 7 8 40
602 637 1 1 1
878 637 12 10 26
1314 637 5 5 17
366 638 5 5 16
1348 638 5 9 36
463 641 1 1 1
482 641 6 11 59
946 641 1 1 1
1247 640 5 11 32
516 643 2 2 3
923 643 2 5 9
1150 642 14 15 131
985 645 5 11 42
1002 644 2 3 5
1297 644 14 23 144
445 649 6 5 26
824 650 1 2 2
841 651 1 1 1
947 650 1 2 2
961 650 1 2 2
1258 650 5 7 28
502 653 4 3 9
42 654 1 1 1
320 655 9 7 54
331 654 2 1 2
811 654 1 2 2
969 655 1 1 1
1229 655 6 10 45
40 656 1 1 1
861 656 1 1 1
1360 656 3 3 6
907 658 1 4 4
1332 658 7 14 82
516 660 7 9 53
581 661 6 9 38
628 661 9 5 31
1198 660 7 9 44
708 662 3 8 20
910 663 1 3 3
945 663 1 3 3
813 664 1 2 2
960 665 7 10 55
973 664 28 33 322
1009 664 2 2 3
328 667 24 24 217
380 666 11 12 89
470 667 1 1 1
944 667 1 1 1
451 669 6 8 36
856 668 3 13 17
1223 668 3 2 6
1267 668 3 3 8
1380 669 30 21 213
283 671 2 2 3
424 671 11 12 65
821 671 1 1 1
1016 671 5 17 45
565 673 2 2 4
653 672 3 4 10
906 673 1 1 1
1359 672 7 7 34
473 675 3 2 6
672 674 2 2 3
356 677 1 1 1
833 677 2 4 6
927 676 3 1 3
1227 678 1 1 1
1279 679 3 4 10
109 680 8 4 11
944 680 5 6 18
1325 680 8 11 59
517 682 1 2 2
689 683 3 3 7
727 682 5 23 40
861 682 1 1 1
1260 683 3 2 6
1313 682 3 3 8
463 684 4 2 7
669 684 2 4 8
708 684 5 7 24
901 684 1 2 2
1462 685 8 9 47
957 687 1 1 1
1169 686 5 6 20
1240 687 3 4 9
422 688 3 2 6
658 688 3 2 6
925 689 1 2 2
960 688 4 8 17
1254 689 3 4 11
676 693 6 10 54
1290 692 4 5 18
358 694 5 4 18
535 695 2 2 3
696 694 5 7 24
939 695 8 3 10
1257 694 4 6 22
451 697 1 1 1
515 696 14 10 84
445 699 3 2 5
997 698 1 2 2
1345 698 5 4 13
316 701 8 10 47
885 700 3 2 4
1176 700 3 2 4
1261 701 1 2 2
1369 700 5 4 15
410 703 2 2 4
763 703 3 3 6
943 702 26 26 241
1224 703 20 15 145
828 705 1 4 4
1444 705 3 3 9
377 707 4 3 8
417 708 18 9 65
695 708 20 41 301
840 708 2 5 9
988 709 1 2 2
1432 708 7 8 30
484 711 1 1 1
856 710 2 3 4
929 711 1 5 5
486 712 2 1 2
630 712 2 1 2
861 713 2 6 10
1154 713 5 5 10
1409 712 5 7 30
451 715 1 1 1
527 715 7 5 25
611 717 1 1 1
327 718 26 22 184
1214 719 1 1 1
927 720 1 1 1
1177 721 5 8 36
1318 722 12 27 131
717 724 11 10 46
771 725 2 3 6
423 727 2 1 2
729 727 2 2 3
787 726 2 7 9
922 726 4 2 8
1273 727 5 6 24
1288 728 5 6 23
738 731 2 2 4
1187 730 6 6 24
1210 730 3 4 9
401 733 31 11 196
503 732 4 4 7
665 732 2 2 4
549 735 13 12 62
765 735 1 5 5
794 735 2 5 9
777 736 8 6 31
939 737 1 1 1
943 736 1 1 1
1087 736 4 6 18
1739 737 2 2 3
1301 739 7 12 64
745 740 1 1 1
1361 741 6 8 31
460 743 3 2 4
1213 743 1 1 1
492 745 1 1 1
617 744 1 1 1
313 746 8 8 48
516 747 5 2 6
522 746 1 1 1
594 746 7 4 16
803 747 1 2 2
1287 746 4 4 10
1325 746 16 23 144
937 750 1 2 2
1131 750 5 8 34
1208 751 1 1 1
557 753 6 8 40
922 753 1 1 1
610 754 1 1 1
713 754 13 29 155
1307 755 5 4 12
225 757 2 2 3
460 757 5 2 8
669 757 9 10 54
482 759 21 13 98
611 758 3 2 6
263 760 2 1 2
434 761 4 6 16
545 760 1 1 1
763 761 1 1 1
788 760 1 1 1
1191 761 1 1 1
1245 763 4 7 19
1056 765 7 10 50
793 767 1 1 1
516 768 5 9 34
685 769 2 2 4
775 768 1 2 2
795 769 2 3 5
290 771 1 1 1
342 771 7 7 37
288 773 2 2 4
1389 775 5 5 17
1448 774 6 4 21
413 777 4 3 6
536 777 14 19 165
1216 776 6 8 29
1284 776 4 6 22
284 779 1 1 1
566 779 8 11 46
1441 778 4 2 8
310 780 10 15 116
850 781 1 2 2
1604 780 1 1 1
504 782 6 6 34
586 783 5 7 27
755 782 1 3 3
814 783 1 1 1
830 783 1 2 2
1152 782 14 13 81
1191 783 1 1 1
120 784 1 1 1
131 784 3 1 3
374 785 5 3 10
688 784 5 7 24
1289 785 6 10 46
769 787 1 1 1
785 786 2 4 7
1027 787 2 7 9
1240 786 3 5 14
525 789 4 4 13
1057 788 5 9 37
1256 788 4 6 22
1354 789 11 22 142
717 791 5 8 34
1041 790 1 1 1
1394 790 5 7 29
497 793 3 3 7
624 793 2 3 3
745 792 1 1 1
779 793 1 1 1
796 792 1 1 1
1375 793 3 3 6
1084 795 6 10 43
1187 796 3 3 8
460 798 6 7 29
789 798 1 2 2
1025 798 1 1 1
340 800 9 9 53
658 800 11 4 27
829 801 1 2 2
851 800 1 1 1
1224 801 3 4 9
1323 800 9 8 37
1455 801 1 1 1
1015 803 1 1 1
1282 803 1 1 1
203 804 2 2 4
378 804 8 12 64
696 805 4 4 13
437 806 13 14 83
472 807 2 1 2
483 807 11 17 63
595 806 4 5 14
711 806 5 13 36
742 806 1 2 2
410 809 1 2 2
575 809 1 1 1
610 809 3 2 6
1070 808 5 8 35
623 810 5 5 17
733 810 11 13 54
774 810 1 1 1
1022 810 1 3 3
1312 811 6 8 39
778 813 5 6 10
998 813 1 1 1
1012 813 1 1 1
1026 813 1 1 1
1249 813 2 3 5
464 814 4 5 11
676 814 10 11 64
396 820 9 10 72
585 820 3 3 7
628 821 1 2 2
731 821 1 2 2
1213 820 3 7 21
1332 821 4 8 20
1371 820 6 5 23
192 822 4 2 5
331 822 1 1 1
1109 822 4 8 30
1246 823 2 2 4
1284 823 6 10 38
550 824 5 10 37
658 824 1 1 1
728 824 2 2 4
867 824 1 2 2
1045 825 1 1 1
1347 827 13 14 112
801 829 1 1 1
986 828 1 1 1
1014 828 2 3 4
499 830 4 5 8
524 830 4 4 9
725 831 3 12 20
905 831 1 1 1
1319 831 5 6 23
481 833 1 1 1
670 833 2 3 5
348 835 6 5 20
379 834 7 9 45
678 834 11 20 43
806 834 1 3 3
1064 835 4 2 7
1179 834 1 1 1
1202 834 3 2 4
659 837 1 1 1
1178 836 1 2 2
23 839 1 1 1
141 838 1 1 1
785 839 2 2 3
1004 838 1 2 2
1206 839 3 3 8
538 840 12 12 78
702 840 11 8 34
991 841 1 3 3
1263 840 4 13 40
1311 840 2 1 2
1344 843 3 3 6
487 845 2 2 2
623 845 1 1 1
981 844 1 1 1
1134 844 8 10 63
1457 844 1 1 1
120 846 4 4 7
520 846 1 1 1
522 847 4 4 14
765 846 1 1 1
1037 847 3 5 14
597 849 1 1 1
1454 848 2 1 2
593 851 1 1 1
790 851 1 2 2
893 850 3 7 17
993 850 1 1 1
1229 850 3 15 22
1276 850 6 11 45
794 853 1 3 3
959 853 22 26 181
1087 853 5 7 27
1208 852 5 11 19
1013 854 1 3 3
1124 855 5 11 50
1183 854 2 4 7
457 856 4 6 18
1144 856 1 1 1
1306 856 25 14 143
1586 856 1 1 1
1025 859 1 1 1
1343 859 4 5 17
1372 859 4 6 19
1446 858 1 1 1
718 860 12 34 125
779 860 1 1 1
1290 860 4 11 34
565 862 4 6 17
611 863 3 3 7
942 863 4 6 15
996 863 1 2 2
437 864 11 2 12
652 864 1 1 1
672 864 2 2 3
901 865 1 2 2
101 866 1 1 1
462 867 4 5 15
580 867 3 3 7
737 867 10 15 79
369 868 1 1 1
390 869 8 7 41
417 869 23 27 228
541 868 2 2 4
1062 869 7 11 42
499 871 4 3 9
596 871 8 5 23
839 871 1 1 1
785 872 1 1 1
866 872 1 1 1
586 875 3 2 6
627 875 1 1 1
919 875 3 4 8
354 876 6 3 12
525 876 2 2 3
689 877 5 11 30
776 876 2 6 9
948 877 1 1 1
982 878 2 2 3
1201 879 1 1 1
1260 879 4 6 18
994 881 7 2 8
1141 880 6 10 44
1290 880 5 8 32
1313 880 6 9 28
485 882 9 2 10
735 882 1 3 3
979 883 3 4 12
1243 882 2 1 2
133 884 1 1 1
307 884 1 1 1
405 884 4 7 17
447 884 2 3 4
501 884 3 3 5
1204 885 13 19 97
1378 884 8 20 61
1442 884 3 2 4
450 887 2 2 3
481 887 2 3 6
552 887 2 3 4
361 888 7 8 45
900 889 1 1 1
1114 889 2 1 2
1174 889 3 5 11
1339 888 4 4 10
1604 889 1 1 1
461 890 15 6 60
520 890 15 6 46
1161 890 3 3 4
607 893 2 2 4
643 893 1 1 1
904 893 1 2 2
1233 893 4 5 16
1305 893 4 6 23
1797 893 1 2 2
646 894 2 2 4
341 896 1 1 1
956 896 3 4 11
1293 899 11 10 56
1779 899 1 1 1
670 901 1 1 1
1026 901 4 7 19
1230 901 2 3 6
236 902 6 4 13
720 903 8 17 57
777 902 1 1 1
788 902 1 3 3
898 902 3 5 14
1054 903 3 4 11
496 905 2 3 5
516 904 3 2 5
574 905 11 5 16
697 905 2 2 3
745 904 11 6 28
1610 904 3 1 3
511 907 1 1 1
604 907 7 13 49
456 908 4 5 17
586 908 1 1 1
1227 908 3 3 9
1241 908 2 3 5
1268 908 4 3 9
489 911 4 4 13
821 910 1 3 3
14 912 1 1 1
340 912 2 1 2
292 914 1 1 1
378 914 5 6 24
1194 914 1 1 1
1260 915 3 2 5
1370 915 4 4 13
136 916 1 1 1
755 916 4 7 20
786 916 1 1 1
1340 916 2 4 7
244 918 1 1 1
406 918 2 2 3
552 919 3 5 13
982 919 4 8 24
502 921 3 3 6
569 921 1 1 1
662 920 2 1 2
713 920 2 3 6
965 920 1 1 1
997 920 1 2 2
461 922 15 9 51
600 922 1 1 1
1168 923 6 2 7
1314 923 2 3 5
400 925 1 2 2
403 924 1 1 1
672 924 2 1 2
1081 924 3 6 16
709 926 3 4 9
1046 926 7 14 49
1182 926 1 3 3
1208 927 7 4 23
1684 926 1 1 1
555 929 1 1 1
640 928 1 1 1
688 928 1 1 1
743 928 3 4 9
1006 928 2 6 8
770 931 3 1 3
799 931 2 2 3
1234 931 2 2 2
419 932 3 3 8
494 933 2 2 3
734 933 2 3 6
943 932 1 1 1
680 934 1 3 3
798 935 1 2 2
592 937 1 1 1
748 936 1 1 1
1014 936 1 1 1
409 938 5 5 21
551 939 1 1 1
991 939 1 1 1
1384 938 2 2 2
197 942 1 2 2
685 942 2 2 3
1344 943 4 4 13
740 944 1 3 3
776 944 1 1 1
1034 945 2 4 8
262 947 1 1 1
453 947 3 2 5
605 946 5 8 29
631 947 2 2 3
1229 946 3 4 10
833 949 1 2 2
964 948 8 9 33
1337 949 3 2 5
564 950 1 2 2
735 951 2 4 5
1205 951 2 6 7
1633 950 3 3 6
513 953 2 1 2
592 953 1 1 1
619 953 2 2 4
760 953 1 2 2
996 952 2 4 7
1064 952 9 7 21
1175 952 1 1 1
285 955 1 1 1
557 954 8 14 49
691 955 1 1 1
1780 955 1 1 1
46 956 3 3 7
419 957 17 9 102
752 957 1 1 1
949 957 2 5 10
1309 957 2 2 3
531 958 12 2 14
657 958 5 4 10
1223 958 2 1 2
689 960 1 1 1
735 961 10 12 58
964 961 4 5 13
1188 961 1 3 3
1278 960 1 1 1
1285 960 7 4 16
624 963 3 4 8
875 963 4 5 16
1088 962 1 1 1
99 964 10 5 34
489 965 1 1 1
1207 964 2 3 5
1256 965 2 4 8
1300 965 5 12 39
479 966 3 4 10
1077 966 7 8 42
1098 967 3 5 12
1141 967 3 3 5
1205 967 1 2 2
1235 966 2 2 3
1331 966 11 9 38
459 968 1 1 1
695 968 1 2 2
839 968 2 4 7
978 968 1 1 1
492 971 3 4 11
688 970 3 4 9
929 970 1 1 1
1044 971 5 7 29
1185 970 1 3 3
398 973 1 2 2
467 973 1 1 1
513 973 2 2 2
524 972 1 1 1
702 973 8 4 22
940 973 2 3 5
1222 973 3 3 4
439 975 13 10 76
550 975 6 13 44
745 974 1 2 2
993 975 4 6 17
1187 975 2 1 2
1250 975 3 4 10
383 976 1 1 1
685 977 3 5 11
974 977 3 3 7
526 979 1 1 1
1021 979 3 2 4
1055 978 3 4 10
1175 979 2 2 3
420 981 15 27 185
1284 980 4 3 10
1630 980 1 1 1
1084 982 16 19 81
513 984 2 2 4
626 985 1 1 1
1062 985 1 1 1
1171 985 2 3 6
1279 985 1 1 1
1392 985 1 1 1
371 986 1 1 1
1039 987 3 8 21
1272 986 2 2 4
143 989 3 2 3
490 989 1 1 1
603 988 2 3 5
726 988 6 4 19
948 989 4 6 14
1161 988 1 1 1
1242 988 1 1 1
1339 988 3 4 9
391 991 5 6 21
707 991 1 1 1
777 990 1 1 1
1014 990 1 2 2
1305 990 2 2 3
1629 990 3 3 4
141 992 1 1 1
592 992 2 2 4
692 993 3 12 16
709 992 1 1 1
1167 993 1 1 1
1346 993 10 6 46
339 995 1 1 1
668 995 1 1 1
747 994 2 3 6
962 994 2 4 8
1311 994 3 3 5
521 996 2 2 3
461 998 1 1 1
596 999 3 3 7
735 998 8 6 25
836 998 1 1 1
1176 998 1 1 1
1390 999 1 1 1
1474 998 1 1 1
1688 998 1 1 1
284 1001 1 1 1
437 1000 23 12 137
1157 1000 1 2 2
564 1002 6 6 26
984 1002 8 4 13
1389 1002 1 1 1
508 1004 10 5 33
553 1005 3 4 10
815 1004 1 1 1
973 1005 1 1 1
692 1006 1 1 1
1172 1006 1 3 3
1208 1006 1 1 1
1325 1007 5 12 38
663 1008 1 1 1
945 1008 13 6 25
665 1011 2 6 7
1213 1010 7 6 21
1268 1011 1 3 3
1293 1013 1 1 1
1464 1013 3 2 3
712 1015 8 18 45
1187 1014 1 3 3
1831 1014 1 1 1
895 1016 1 1 1
968 1017 2 3 5
996 1017 2 3 5
1143 1016 12 6 18
1258 1017 1 1 1
370 1019 1 1 1
527 1019 1 1 1
942 1018 1 1 1
1349 1019 3 3 7
512 1020 2 5 7
592 1021 1 1 1
738 1020 1 2 2
1037 1020 3 4 10
1136 1021 1 2 2
409 1022 1 1 1
476 1022 2 3 4
639 1022 1 1 1
700 1022 2 4 8
1078 1022 1 1 1
661 1025 15 5 21
1088 1024 1 1 1
1200 1024 1 1 1
1254 1024 3 3 9
1323 1025 1 1 1
1015 1027 3 5 12
1307 1026 1 1 1
1518 1027 1 1 1
418 1029 2 2 4
916 1029 1 3 3
1280 1028 1 2 2
580 1030 2 2 3
731 1030 1 3 3
966 1031 2 2 4
1285 1030 2 2 3
409 1033 1 4 4
625 1032 2 2 3
468 1034 2 2 2
532 1034 3 4 8
564 1035 2 2 4
582 1035 2 2 4
637 1034 3 3 6
705 1035 2 4 7
1109 1034 4 7 16
1184 1035 2 3 6
1221 1035 2 2 4
502 1036 1 1 1
1000 1037 2 3 6
1214 1037 2 3 6
481 1039 2 2 3
515 1038 3 2 5
609 1038 4 6 16
377 1041 1 1 1
449 1040 1 1 1
800 1042 1 1 1
890 1042 1 1 1
1340 1042 1 1 1
604 1045 1 1 1
673 1045 1 1 1
803 1045 2 2 2
939 1045 2 4 7
1060 1044 3 6 11
1265 1044 2 3 5
969 1047 2 4 6
1185 1047 1 1 1
1236 1046 2 3 6
1309 1047 11 18 82
1494 1046 1 1 1
1826 1047 1 1 1
340 1048 2 2 3
499 1049 1 1 1
527 1048 2 2 3
564 1049 2 3 4
647 1049 1 2 2
720 1048 1 1 1
1080 1049 1 1 1
1514 1049 2 2 2
1828 1048 2 3 4
1036 1050 1 8 8
1213 1050 7 8 26
501 1052 1 1 1
536 1052 3 6 12
685 1053 3 4 9
698 1053 1 2 2
717 1052 1 1 1
886 1052 2 4 7
506 1054 1 2 2
1094 1055 1 3 3
1132 1055 2 5 7
1345 1055 2 2 3
716 1057 1 1 1
785 1057 1 1 1
1158 1057 1 1 1
485 1059 9 22 74
508 1059 2 2 4
1026 1058 2 5 9
1350 1058 1 1 1
611 1061 1 1 1
669 1060 1 1 1
734 1060 1 1 1
1256 1060 1 2 2
1374 1061 1 1 1
472 1063 7 6 26
711 1063 2 5 10
1190 1063 2 1 2
1279 1062 1 1 1
1389 1063 2 1 2
431 1065 1 2 2
513 1065 6 5 24
738 1065 7 5 18
959 1064 1 4 4
1064 1065 3 7 16
1455 1064 1 1 1
1641 1064 5 6 15
1663 1064 2 2 2
555 1066 5 5 19
582 1066 3 3 8
696 1067 2 3 4
973 1067 1 1 1
1262 1066 2 2 3
707 1069 1 2 2
1480 1068 2 1 2
680 1071 1 1 1
907 1070 1 1 1
1302 1070 3 4 11
533 1073 2 3 5
970 1073 1 6 6
1116 1073 1 1 1
1132 1073 2 1 2
937 1075 2 2 3
953 1074 2 3 6
1166 1075 1 1 1
1177 1074 1 2 2
1267 1075 2 2 4
1321 1074 1 1 1
1344 1075 1 1 1
1472 1074 1 2 2
1511 1074 1 1 1
690 1076 2 1 2
1096 1076 1 1 1
1219 1077 3 4 9
1278 1076 9 9 29
702 1079 1 1 1
748 1078 1 3 3
1020 1078 2 4 7
1192 1078 1 1 1
145 1081 1 1 1
496 1081 1 2 2
1138 1081 1 1 1
1254 1081 2 1 2
665 1083 8 5 12
703 1082 2 3 5
1223 1083 2 3 5
1410 1082 4 4 13
1656 1083 4 3 7
276 1084 1 1 1
371 1084 1 2 2
929 1085 1 1 1
1026 1085 2 3 6
1111 1084 1 1 1
1243 1084 1 2 2
738 1087 1 1 1
896 1086 1 1 1
1230 1086 1 2 2
434 1089 5 6 23
720 1089 7 4 25
729 1088 1 1 1
771 1088 1 1 1
807 1089 2 1 2
810 1088 1 1 1
830 1089 1 1 1
956 1088 2 4 7
1081 1089 8 2 10
1131 1088 1 2 2
451 1091 4 5 15
551 1091 2 2 4
580 1091 3 3 7
940 1090 1 4 4
976 1091 8 3 10
1207 1091 8 4 13
84 1092 1 1 1
470 1092 2 4 7
506 1092 2 9 11
521 1093 1 1 1
603 1092 3 4 11
1166 1092 1 1 1
1404 1092 1 1 1
129 1094 9 3 17
924 1094 1 1 1
1134 1094 1 1 1
438 1096 11 13 55
546 1096 3 5 12
744 1097 2 2 3
914 1096 1 1 1
947 1096 1 3 3
1000 1097 4 8 18
1186 1096 1 2 2
1438 1096 1 2 2
322 1099 1 1 1
473 1099 1 1 1
616 1098 2 4 5
1262 1098 3 3 8
1501 1098 1 1 1
490 1101 5 5 17
1154 1101 1 1 1
1473 1101 2 2 4
1692 1100 1 1 1
267 1102 1 2 2
342 1103 2 2 3
857 1102 1 3 3
988 1102 3 3 7
1329 1102 1 1 1
237 1104 3 3 7
265 1105 1 1 1
952 1104 1 3 3
1051 1105 1 1 1
1071 1105 1 1 1
1220 1105 2 4 6
1327 1104 1 1 1
1423 1104 1 1 1
1434 1104 1 1 1
98 1107 5 4 11
338 1106 2 2 4
862 1107 1 1 1
1464 1106 4 5 15
337 1109 1 1 1
586 1109 2 2 2
650 1109 1 1 1
706 1109 3 3 5
890 1108 8 17 51
931 1109 1 1 1
998 1109 2 4 8
1192 1108 1 9 9
477 1110 1 2 2
604 1110 1 2 2
763 1111 1 1 1
1125 1110 2 1 2
1355 1111 1 1 1
284 1112 4 11 15
475 1112 1 1 1
609 1113 1 2 2
633 1112 2 2 3
769 1113 1 1 1
919 1112 2 1 2
935 1113 2 9 13
1110 1112 1 1 1
1232 1112 7 5 29
515 1114 4 7 17
705 1114 1 2 2
1348 1114 1 1 1
1059 1116 7 5 14
1131 1117 13 11 23
1732 1116 1 1 1
915 1119 3 4 10
1096 1119 2 2 2
1501 1118 1 1 1
339 1120 11 8 44
803 1121 1 1 1
1120 1120 1 2 2
1242 1120 1 1 1
1504 1120 1 1 1
497 1123 2 2 4
826 1123 1 1 1
843 1122 1 1 1
932 1123 1 3 3
991 1122 2 4 6
1110 1123 1 1 1
1222 1123 3 5 13
1315 1122 1 2 2
1416 1122 14 10 48
401 1124 2 2 3
531 1124 2 3 6
746 1124 1 2 2
901 1125 1 1 1
952 1125 1 1 1
1036 1124 8 4 11
283 1126 1 1 1
549 1126 1 1 1
709 1126 13 15 56
961 1127 8 8 33
984 1126 1 4 4
1250 1126 1 1 1
476 1129 2 8 10
1005 1128 2 4 6
1035 1129 1 1 1
1365 1129 1 1 1
1737 1128 2 1 2
1207 1130 8 4 16
1357 1131 1 1 1
1253 1132 2 3 5
1303 1132 1 1 1
521 1134 1 2 2
594 1134 1 1 1
633 1134 1 2 2
839 1135 2 1 2
944 1134 1 4 4
1322 1135 1 1 1
878 1136 2 2 3
1301 1136 1 2 2
1492 1137 1 2 2
469 1139 4 6 21
873 1138 1 1 1
1135 1138 1 1 1
1312 1138 1 1 1
614 1141 1 2 2
649 1140 1 1 1
740 1140 1 1 1
852 1141 1 1 1
979 1141 1 3 3
1113 1141 1 1 1
1276 1141 1 2 2
1830 1140 4 3 6
936 1142 1 4 4
1116 1142 7 4 10
1242 1143 2 3 4
1302 1143 1 1 1
379 1145 1 1 1
814 1144 1 1 1
1345 1145 1 1 1
1551 1145 1 1 1
1666 1145 6 5 17
353 1147 1 1 1
656 1146 2 4 7
1085 1146 2 3 4
1164 1146 1 2 2
1231 1147 3 4 9
1285 1147 1 1 1
1328 1146 1 1 1
1495 1146 1 1 1
630 1148 1 1 1
937 1149 1 2 2
1130 1148 1 1 1
1163 1149 1 1 1
1550 1148 1 1 1
535 1150 4 3 7
590 1150 1 1 1
734 1151 1 2 2
836 1150 1 2 2
870 1150 1 1 1
1160 1151 1 1 1
1734 1151 3 3 8
710 1153 1 1 1
1764 1152 2 1 2
596 1155 1 1 1
651 1154 1 1 1
991 1155 5 4 12
1214 1154 1 1 1
900 1157 1 1 1
1009 1156 1 1 1
1310 1157 1 3 3
875 1158 1 1 1
942 1159 5 7 22
1122 1158 2 2 2
1201 1158 2 2 3
1449 1158 1 1 1
167 1160 1 1 1
479 1161 2 3 4
630 1161 1 1 1
680 1161 1 2 2
914 1160 3 2 3
1027 1160 1 1 1
1181 1160 1 1 1
168 1162 1 1 1
495 1163 3 4 9
499 1162 1 1 1
967 1163 2 2 4
987 1163 2 1 2
1053 1163 1 5 5
1191 1162 5 1 5
1215 1162 1 1 1
1779 1163 4 7 16
608 1165 1 2 2
621 1165 1 1 1
623 1164 1 1 1
662 1164 1 3 3
760 1165 1 2 2
1233 1165 14 6 43
1259 1164 12 12 33
0 1166 3 1 3
778 1166 1 1 1
793 1166 1 1 1
971 1167 1 4 4
1034 1167 1 4 4
1225 1166 2 2 3
205 1168 1 1 1
603 1168 1 1 1
1018 1169 1 3 3
1055 1168 1 2 2
1132 1169 1 1 1
1801 1169 2 2 2
816 1171 1 1 1
863 1171 1 1 1
1067 1170 1 1 1
513 1173 3 3 4
539 1172 1 1 1
568 1172 3 3 4
633 1172 1 1 1
867 1173 1 1 1
1253 1172 1 2 2
1389 1172 1 1 1
1442 1173 1 1 1
235 1174 1 1 1
650 1175 6 4 17
989 1174 1 2 2
1041 1174 2 1 2
1122 1175 1 1 1
396 1177 4 6 21
1098 1176 1 1 1
1198 1176 1 2 2
1231 1177 2 3 6
1302 1176 1 1 1
529 1178 1 2 2
817 1178 9 3 11
876 1178 8 2 10
917 1178 7 3 9
949 1178 5 4 16
1212 1178 1 1 1
1292 1178 1 1 1
1397 1179 1 1 1
1481 1179 1 1 1
162 1180 1 1 1
465 1180 3 4 8
792 1181 1 1 1
1044 1181 1 2 2
1216 1180 6 6 11
530 1182 1 2 2
718 1183 2 3 5
645 1184 1 1 1
802 1184 13 3 19
929 1185 1 3 3
1099 1185 1 1 1
1263 1185 1 1 1
1354 1185 1 1 1
592 1186 26 20 202
625 1187 1 1 1
705 1186 4 1 4
884 1187 1 1 1
902 1187 10 4 13
954 1187 1 1 1
1262 1187 1 1 1
1545 1187 2 3 5
752 1188 2 3 4
785 1189 1 2 2
862 1189 1 1 1
1348 1189 1 1 1
525 1190 1 2 2
560 1190 1 1 1
681 1190 1 1 1
722 1191 1 1 1
939 1191 1 1 1
1048 1190 5 1 5
1243 1190 1 1 1
1272 1191 1 1 1
1313 1190 1 2 2
146 1192 1 1 1
334 1193 1 2 2
760 1193 1 1 1
795 1193 1 1 1
876 1192 1 1 1
1224 1193 5 7 27
1303 1193 1 1 1
420 1194 4 6 16
960 1194 1 1 1
1130 1195 1 1 1
697 1197 1 1 1
730 1196 1 1 1
838 1197 1 1 1
949 1197 1 1 1
475 1198 4 6 16
535 1199 2 2 4
976 1199 6 13 33
1107 1198 5 2 7
1138 1198 1 1 1
1245 1199 1 1 1
1558 1199 1 2 2
500 1200 9 7 25
634 1200 1 1 1
829 1201 1 1 1
865 1200 1 1 1
884 1201 2 2 2
923 1200 10 8 21
963 1201 1 2 2
1143 1200 1 1 1
743 1202 1 1 1
1183 1203 4 3 7
248 1205 1 1 1
938 1205 1 2 2
943 1204 1 1 1
1198 1205 1 1 1
1231 1204 1 1 1
438 1207 1 1 1
881 1207 2 3 5
1206 1207 1 1 1
546 1208 3 2 4
750 1209 1 1 1
757 1208 1 1 1
782 1208 4 5 10
1276 1208 1 1 1
70 1211 2 9 16
99 1210 1 1 1
492 1211 3 4 7
626 1210 1 1 1
834 1211 3 1 3
861 1210 1 1 1
1125 1210 1 2 2
1219 1210 2 3 4
1637 1211 2 2 2
249 1212 1 1 1
563 1212 1 1 1
716 1212 1 1 1
760 1213 1 1 1
1044 1213 1 2 2
1146 1212 1 1 1
1278 1213 1 1 1
1016 1215 1 8 8
1106 1215 2 1 2
1282 1215 10 4 17
1210 1217 1 1 1
443 1218 1 1 1
503 1219 1 2 2
880 1218 1 1 1
1043 1219 1 4 4
1533 1221 2 2 3
648 1222 1 1 1
763 1222 1 1 1
1074 1222 1 1 1
1590 1222 1 1 1
596 1224 2 4 6
754 1225 4 3 6
1252 1224 8 4 25
1464 1225 1 3 3
370 1226 1 2 2
523 1227 1 1 1
550 1226 1 2 2
637 1227 2 1 2
724 1226 1 2 2
805 1226 1 2 2
963 1226 1 2 2
1039 1227 1 1 1
1071 1227 1 1 1
1566 1226 1 2 2
