0 0 1840 1228 2128076
0 0 60 174 2962
334 0 199 179 10506
546 0 18 39 469
854 0 248 142 10807
1177 0 7 6 32
1208 0 10 13 92
1401 0 4 9 35
1468 0 262 131 8596
1237 5 9 17 116
1338 5 12 21 202
1728 5 15 32 314
1424 12 18 44 463
1140 14 1 1 1
788 23 4 4 13
1116 23 9 20 114
1269 22 6 8 32
1138 25 13 39 296
1223 26 6 11 44
885 31 4 6 23
1550 33 9 11 62
653 37 22 23 216
699 37 5 9 34
881 37 3 2 6
1389 38 21 28 229
585 41 7 9 48
611 40 12 23 169
1741 44 13 16 134
975 48 1 1 1
1195 49 13 38 352
1225 52 24 40 435
807 55 8 16 92
1120 58 5 12 51
552 61 7 17 99
1150 61 9 18 70
963 63 2 3 4
1058 62 2 3 4
1101 69 10 55 324
1279 68 11 24 175
956 74 3 3 7
539 78 7 16 86
738 81 4 5 12
1122 81 16 12 126
671 85 7 23 71
658 88 5 8 32
877 93 5 16 56
1168 93 2 3 6
994 95 3 3 6
1231 97 19 17 248
620 101 7 11 52
704 100 4 8 27
980 100 4 9 31
1136 102 3 8 19
1118 107 4 8 27
1373 107 8 19 84
1411 109 8 12 66
1798 108 19 21 276
1682 122 11 14 116
796 130 11 26 193
846 133 2 2 2
1104 137 2 4 7
1458 142 8 10 56
778 144 3 5 12
988 144 3 3 8
1310 147 8 10 62
1072 148 1 1 1
1111 148 3 5 10
995 153 2 2 4
665 154 5 7 25
1249 155 8 9 52
1014 157 4 12 41
1033 156 1 4 4
1735 158 11 13 78
966 161 2 6 12
1142 163 3 8 14
1491 163 13 15 119
562 164 6 9 44
975 166 21 33 338
785 171 8 10 55
1678 171 14 12 134
501 175 5 7 27
739 174 9 13 93
1005 175 3 15 34
356 178 24 50 808
1200 179 11 22 169
833 183 6 12 62
895 182 6 12 45
1078 182 4 9 25
1409 183 1 1 1
1399 185 2 2 2
1434 185 10 20 146
447 187 11 19 164
587 189 5 8 30
1167 189 8 12 70
1223 188 6 11 49
512 191 8 9 46
1682 194 14 18 187
1036 199 1 2 2
1073 199 3 4 9
781 201 12 31 204
826 201 4 4 12
885 201 27 31 520
673 202 10 18 124
963 203 11 11 83
1482 202 5 8 28
805 207 4 5 15
1737 207 16 23 219
926 208 5 12 31
432 211 13 18 186
982 210 2 7 12
1113 214 2 4 6
1221 216 11 23 183
1410 219 8 12 82
922 221 1 1 1
485 222 8 8 47
656 225 5 6 25
982 225 12 13 95
1096 227 4 6 15
461 229 14 23 237
556 229 16 29 186
601 229 6 9 42
1597 231 11 24 146
668 233 14 25 201
777 235 4 9 30
885 236 2 5 5
805 238 9 19 131
1125 238 13 12 79
406 243 17 14 185
901 242 14 14 70
931 242 1 5 5
999 245 2 4 7
1272 244 11 21 165
860 249 13 33 201
920 248 1 1 1
1103 248 2 2 4
945 251 2 2 3
1060 250 4 6 16
1111 251 2 7 14
380 254 12 20 155
925 255 1 1 1
943 255 2 2 4
957 257 1 1 1
727 258 3 5 11
970 258 1 1 1
1117 259 2 4 8
497 261 8 12 66
768 261 6 10 40
956 260 1 1 1
1386 260 7 13 71
841 263 4 7 24
897 263 13 14 89
955 262 1 3 3
1320 265 8 27 119
1055 266 3 9 18
1110 267 3 7 14
886 268 1 1 1
966 268 1 1 1
977 269 1 1 1
1195 269 9 16 118
312 271 13 17 158
667 271 8 25 125
1675 271 4 3 9
698 272 7 16 74
1542 274 12 19 191
620 276 5 7 26
880 281 73 62 1243
954 282 8 9 31
771 285 30 39 312
427 286 11 25 179
483 286 1 2 2
1358 291 3 3 6
1667 290 9 7 39
1100 293 2 4 5
1066 294 3 5 10
1682 295 23 27 469
1557 296 37 69 978
1007 299 2 5 7
849 300 4 13 29
981 300 1 1 1
868 302 4 8 25
814 304 10 23 171
956 308 7 22 113
1416 311 12 16 131
881 312 5 9 33
1105 314 2 3 6
1291 315 22 12 216
474 316 8 16 86
861 316 4 5 14
1082 317 2 5 9
981 320 1 1 1
1101 322 3 5 14
1448 322 6 7 23
387 326 10 13 104
927 330 20 19 85
323 335 8 6 38
1182 334 5 11 44
978 339 7 18 66
513 340 6 7 25
1658 341 45 30 606
455 343 10 15 115
724 346 1 5 5
1354 347 2 1 2
892 349 3 7 18
863 352 7 18 95
762 354 8 21 113
926 354 17 34 273
816 357 5 11 38
829 356 10 24 166
1021 356 1 4 4
1407 357 13 13 87
1032 360 2 5 8
1146 361 16 33 364
745 364 5 8 30
501 367 10 19 147
433 368 4 15 40
1337 369 8 10 49
49 370 15 15 174
275 371 19 38 482
905 370 5 5 15
967 371 2 4 7
1103 371 12 15 92
1390 370 10 30 202
845 373 13 24 229
1073 373 7 13 42
1678 372 27 56 665
1173 377 6 11 51
874 381 3 2 6
970 385 5 6 15
651 387 4 3 9
911 387 1 2 2
394 391 3 3 7
600 392 4 6 22
871 393 1 2 2
1079 393 7 4 17
1198 393 12 23 190
559 395 9 17 114
476 397 8 10 54
905 396 5 1 5
1180 397 9 19 139
387 398 7 8 34
726 399 2 3 5
905 399 10 31 135
981 398 4 9 28
1052 398 3 11 18
947 403 8 23 93
1012 402 5 6 24
732 405 9 25 124
1726 404 10 12 47
326 407 5 7 25
1082 407 2 2 3
1041 409 4 6 20
689 412 5 7 24
1233 413 12 24 212
753 415 4 8 24
932 417 1 1 1
1097 420 6 6 27
1189 423 24 35 219
875 424 3 4 10
838 427 2 7 11
957 427 30 62 496
1058 426 5 14 47
1106 426 3 8 20
638 431 4 11 34
1045 437 1 2 2
1561 436 9 39 199
1649 436 10 16 127
335 442 23 29 368
470 443 4 6 17
701 443 6 12 42
1131 443 2 3 5
798 446 4 3 11
1314 447 2 1 2
1032 448 3 10 20
806 450 2 21 32
1081 451 2 5 7
898 453 32 25 263
937 453 4 9 30
995 452 3 10 15
611 455 5 6 21
386 456 114 136 2423
681 458 15 12 136
778 459 9 15 68
415 461 8 13 75
1069 460 6 37 139
863 466 1 1 1
845 469 1 2 2
1665 469 9 13 76
154 473 17 26 324
829 473 1 1 1
1231 472 7 15 71
1358 474 7 11 67
1010 476 4 5 17
1036 478 13 35 268
1101 480 7 15 65
1136 482 12 23 192
1330 484 3 4 10
701 486 12 11 74
980 487 1 5 5
1085 487 3 8 18
852 488 8 14 75
1351 488 2 1 2
889 490 4 13 35
920 491 1 3 3
1018 493 2 8 13
929 495 2 4 8
714 498 7 13 65
797 498 40 52 715
792 501 3 6 15
899 503 3 10 23
1335 503 8 14 82
1544 502 17 114 1089
966 505 8 7 16
1445 505 10 23 164
691 508 2 2 4
879 508 2 5 8
850 512 12 21 168
984 513 24 47 430
1203 512 14 40 241
1369 513 8 16 87
1530 513 16 1 16
871 514 117 73 2842
1414 515 9 16 117
734 516 7 13 69
673 519 1 2 2
1096 519 3 9 20
1691 518 11 11 87
424 522 13 31 240
538 523 2 1 2
1071 524 2 6 12
758 526 2 3 5
1076 530 2 18 25
768 534 7 14 63
715 537 13 9 58
1002 536 1 2 2
1090 537 5 10 23
1117 539 9 23 142
1058 541 2 4 6
879 542 2 3 4
682 545 4 5 15
1156 544 13 34 299
795 547 1 1 1
973 551 1 2 2
1083 551 2 4 7
1304 551 3 2 5
1014 552 1 1 1
1190 552 5 10 38
989 555 1 1 1
1044 557 1 1 1
1645 557 7 7 34
1045 559 1 2 2
890 563 113 129 4142
1625 565 8 36 160
753 567 5 14 45
1028 567 4 12 31
850 568 3 5 13
397 571 23 38 265
737 571 4 12 39
912 570 1 1 1
1042 572 2 9 9
1175 573 10 30 228
651 576 8 20 113
873 577 2 6 9
1382 580 21 12 112
808 582 3 4 9
1082 582 6 11 55
1604 584 10 11 69
108 586 17 24 314
1054 586 2 4 7
1111 586 1 2 2
1036 588 8 21 58
375 594 6 6 22
767 600 2 2 3
1121 601 8 15 81
454 603 7 10 54
1021 604 20 31 194
181 609 10 7 43
830 608 3 5 15
1166 611 9 17 92
1048 615 2 3 6
886 623 2 4 8
1064 625 8 8 25
1307 625 13 23 186
1006 626 2 4 5
1660 630 13 14 146
1047 633 2 9 16
395 636 10 9 60
1753 636 5 5 21
228 638 5 3 11
1012 638 1 2 2
1222 641 1 1 1
812 643 1 1 1
804 644 1 3 3
1009 645 6 17 31
133 647 15 15 182
1734 647 13 18 172
582 648 3 4 10
816 648 2 3 5
1362 649 2 2 4
784 650 3 8 12
1159 651 10 16 121
1599 652 1 7 7
1022 657 2 2 3
654 659 7 13 75
706 659 4 4 13
1048 659 2 3 5
929 661 2 4 8
724 664 2 3 5
823 666 2 4 6
1358 666 12 11 52
1389 669 1 2 2
1220 670 3 2 6
699 673 1 1 1
953 672 17 20 77
1082 672 7 24 87
1147 673 1 2 2
1002 675 1 1 1
455 676 9 6 32
1018 676 26 32 369
769 680 2 3 5
870 682 2 6 11
701 684 3 3 6
1054 687 1 5 5
1682 687 12 14 129
580 688 7 10 53
1532 689 30 16 205
793 690 2 2 3
942 691 10 2 11
1006 692 3 3 9
1056 695 2 3 4
918 697 22 21 182
997 696 1 1 1
994 698 1 1 1
788 700 2 1 2
339 703 2 3 5
380 704 3 4 9
236 706 13 13 105
426 706 11 26 137
796 706 1 1 1
932 709 61 84 1298
1074 708 1 1 1
884 711 6 5 25
1002 711 26 8 78
36 712 17 12 127
830 712 1 2 2
497 714 6 10 43
617 714 10 16 122
1556 717 8 7 38
1633 716 2 5 8
808 719 1 1 1
905 719 1 3 3
357 721 8 10 70
873 720 2 3 6
992 720 10 21 51
904 723 1 4 4
844 726 52 28 598
768 728 3 4 10
1312 728 1 1 1
306 731 10 10 64
628 731 6 6 28
643 732 6 10 48
788 732 3 6 15
1211 735 8 16 98
1692 735 14 13 136
801 738 2 5 8
1069 739 51 97 1907
735 740 13 8 42
626 743 2 3 4
842 745 112 53 1135
1038 744 2 9 12
786 747 1 1 1
905 746 2 1 2
787 749 4 14 29
1293 749 15 27 246
663 750 4 5 14
321 753 7 6 30
749 753 1 1 1
766 753 1 1 1
716 755 47 79 1289
775 754 1 4 4
1243 754 9 15 105
1028 759 1 1 1
1044 758 18 6 72
1066 758 1 1 1
1017 761 10 7 32
896 762 1 1 1
1333 763 7 12 61
1626 765 5 5 25
742 766 2 3 5
895 767 1 1 1
788 769 4 6 17
1011 768 4 6 19
1037 772 1 4 4
1064 773 1 1 1
1417 772 5 2 7
1061 774 1 1 1
1055 777 1 1 1
703 778 9 9 31
1002 779 21 23 130
797 782 1 1 1
776 784 14 9 49
1216 785 2 1 2
1348 787 1 4 4
415 788 2 2 3
683 788 4 5 18
990 789 4 15 26
1052 790 2 10 12
1121 791 1 9 9
953 793 2 1 2
943 794 9 3 16
1597 795 24 26 377
801 796 1 1 1
979 797 1 1 1
232 798 7 10 45
370 799 3 10 12
820 798 10 24 97
938 799 1 1 1
941 798 1 1 1
1647 799 3 5 10
934 801 1 1 1
1117 800 2 1 2
920 804 1 1 1
1000 804 2 6 7
1343 804 6 11 35
764 807 1 2 2
844 806 1 1 1
899 806 4 2 6
913 807 1 2 2
433 810 15 4 24
840 815 2 5 6
945 814 1 1 1
975 815 21 19 164
893 817 8 12 27
1294 816 3 4 10
1030 818 1 3 3
1695 819 11 10 64
1014 820 4 4 9
1121 821 1 1 1
832 822 1 1 1
861 823 4 1 4
818 824 8 12 29
843 824 3 9 9
1013 825 1 1 1
464 827 8 8 45
791 830 2 2 4
899 831 47 55 975
1045 831 1 3 3
1427 830 3 5 12
860 832 1 3 3
879 832 20 10 63
620 836 6 8 36
706 837 3 3 7
826 837 10 19 76
984 837 5 6 14
1626 837 5 4 15
851 839 4 6 16
771 840 2 3 6
1162 841 8 12 76
723 842 15 37 207
664 845 2 3 4
956 845 2 6 7
981 844 2 2 3
624 846 568 145 36265
745 849 1 1 1
547 851 12 19 151
849 851 2 13 14
973 850 1 1 1
590 853 12 11 73
990 852 2 2 3
1014 852 5 11 48
426 854 1 2 2
875 855 2 11 16
782 857 8 10 55
943 857 1 1 1
829 858 1 1 1
1062 858 6 6 27
937 861 2 8 9
965 861 3 12 21
1037 860 1 2 2
202 863 2 1 2
1021 863 1 2 2
1248 863 3 4 7
1367 864 9 10 66
882 868 6 19 88
1282 869 9 23 149
286 870 13 18 155
809 871 2 4 6
157 872 1 1 1
25 880 2 2 3
232 880 12 14 114
514 881 3 3 6
859 881 22 26 209
814 884 3 3 5
1316 887 5 20 62
371 888 9 8 50
515 893 2 2 2
1260 894 6 10 52
988 899 1 3 3
403 903 2 2 3
1072 902 1 1 1
900 905 19 5 34
883 907 6 2 7
1605 915 13 10 70
1692 914 11 12 94
1381 917 8 14 77
1629 925 10 13 113
537 926 6 12 42
1467 928 14 16 153
1594 935 3 5 8
1272 936 1 2 2
480 944 5 12 21
422 957 1 1 1
640 959 1 1 1
687 963 5 4 14
1769 962 2 2 2
1361 966 13 24 194
177 968 4 2 8
390 968 22 19 177
1808 973 4 2 7
1002 976 1 2 2
1216 978 8 9 45
1781 979 1 1 1
493 985 4 2 6
1013 984 14 29 177
772 987 1 1 1
336 988 1 1 1
359 995 2 3 4
102 996 2 1 2
1254 998 4 3 8
979 1000 1 3 3
568 1005 1 1 1
171 1007 10 7 37
652 1007 2 1 2
1420 1011 1 1 1
51 1013 12 6 23
635 1013 1 1 1
634 1015 1 1 1
958 1015 14 19 83
263 1016 3 1 3
784 1016 3 10 16
1698 1016 1 1 1
319 1018 6 5 19
843 1018 1 3 3
1736 1018 2 1 2
1236 1021 14 12 70
999 1023 1 4 4
1033 1028 4 6 22
49 1031 1 1 1
1009 1030 1 2 2
787 1032 1 3 3
827 1033 1 1 1
1281 1032 3 3 6
610 1034 3 11 25
764 1034 3 6 17
855 1036 4 4 12
990 1036 1 4 4
1415 1039 6 12 50
584 1041 1 2 2
729 1045 1 1 1
1261 1044 5 11 49
1674 1044 1 1 1
706 1047 10 15 59
804 1047 2 1 2
1116 1047 9 13 80
542 1048 3 5 9
813 1048 1 3 3
1340 1049 1 1 1
589 1050 2 1 2
1524 1051 2 2 3
538 1053 1 1 1
727 1054 2 4 7
797 1057 1 1 1
855 1056 1 1 1
873 1057 1 1 1
616 1059 1 2 2
948 1061 4 6 12
232 1062 1 1 1
479 1064 3 2 4
549 1067 1 1 1
808 1068 1 2 2
111 1071 5 3 7
326 1071 3 1 3
1763 1070 1 1 1
1558 1075 2 2 3
602 1077 7 6 34
733 1076 1 3 3
694 1078 5 5 16
878 1078 4 8 26
1371 1078 1 1 1
6 1080 2 1 2
767 1080 2 3 4
1181 1080 1 1 1
1191 1080 1 1 1
920 1085 9 12 87
708 1087 4 6 18
866 1086 1 1 1
782 1089 1 1 1
1762 1090 2 2 3
1796 1090 2 1 2
189 1092 1 1 1
848 1093 3 7 17
966 1092 1 2 2
1813 1092 1 1 1
391 1094 1 1 1
525 1094 3 9 15
746 1095 1 1 1
915 1094 119 53 530
102 1098 2 2 2
1249 1099 2 2 3
1698 1101 4 3 9
484 1103 5 3 11
1301 1105 2 3 4
1397 1105 1 1 1
707 1107 3 3 7
1456 1106 2 1 2
1528 1110 1 1 1
1713 1110 1 1 1
1634 1112 3 2 3
568 1114 6 14 55
1111 1115 5 9 17
1250 1114 1 1 1
1726 1115 2 1 2
245 1117 2 2 4
1638 1116 1 1 1
1784 1116 1 1 1
919 1119 1 2 2
1658 1118 3 2 5
1756 1118 2 2 3
459 1120 3 3 5
1470 1121 5 10 26
1771 1120 7 3 11
1732 1125 1 1 1
352 1127 1 1 1
376 1126 1 1 1
709 1126 2 1 2
911 1127 1 1 1
643 1129 1 1 1
905 1129 1 2 2
1748 1129 4 2 5
359 1131 1 1 1
1622 1135 1 2 2
671 1136 6 9 38
866 1140 1 1 1
543 1146 1 1 1
794 1147 1 1 1
191 1148 2 1 2
316 1149 2 2 2
718 1148 3 2 4
534 1150 2 2 4
1491 1150 1 1 1
1724 1151 6 3 11
383 1153 4 3 11
560 1152 5 10 20
667 1152 3 5 9
1190 1152 4 2 7
847 1156 1 2 2
392 1159 6 4 11
585 1159 6 3 13
941 1159 2 1 2
1504 1158 2 1 2
1559 1159 6 15 42
1781 1159 1 1 1
913 1161 7 7 25
1500 1161 1 1 1
1783 1161 1 2 2
511 1163 1 1 1
1240 1163 1 1 1
1378 1163 3 1 3
1793 1163 5 3 10
1297 1165 2 2 3
237 1166 2 2 2
1788 1166 2 1 2
730 1168 1 3 3
1110 1169 1 1 1
103 1170 1 1 1
234 1171 2 2 4
382 1170 3 2 5
740 1171 1 1 1
1259 1171 2 2 3
468 1173 6 1 6
836 1173 1 2 2
894 1172 1 2 2
1161 1173 1 1 1
292 1174 1 1 1
320 1174 1 1 1
773 1174 1 4 4
1460 1174 4 4 5
1663 1174 1 1 1
537 1176 1 1 1
746 1176 1 1 1
1294 1176 1 1 1
1374 1177 1 1 1
794 1181 1 1 1
1577 1180 2 1 2
339 1182 2 1 2
663 1183 1 3 3
727 1183 1 1 1
556 1187 5 2 6
1144 1187 8 6 10
1742 1186 1 1 1
217 1189 1 1 1
358 1189 3 3 6
653 1188 1 1 1
371 1191 2 11 12
972 1191 1 2 2
1255 1191 5 11 45
1561 1190 3 1 3
652 1194 1 1 1
1655 1194 1 1 1
1592 1196 1 1 1
0 1198 3 2 4
457 1198 1 1 1
1641 1199 2 1 2
361 1200 1 1 1
1688 1200 6 4 11
327 1204 1 1 1
796 1205 1 2 2
1645 1205 1 1 1
1786 1205 2 1 2
775 1206 2 2 3
1610 1206 3 1 3
873 1208 1 1 1
52 1211 2 1 2
371 1211 2 1 2
56 1212 1 1 1
1311 1213 2 2 3
1397 1213 1 1 1
1613 1213 6 8 17
414 1215 1 2 2
1174 1214 3 2 5
164 1216 14 12 93
1276 1220 2 1 2
1531 1220 2 2 3
1591 1221 2 1 2
1714 1220 5 2 8
551 1222 2 1 2
598 1222 1 1 1
1561 1223 6 5 28
1659 1223 2 5 10
1355 1224 1 4 4
1316 1227 3 1 3
