0 0 1840 1228 2112558
648 0 14 14 136
783 0 15 18 217
856 0 18 11 117
1093 0 8 18 104
1110 0 10 10 77
1121 0 35 43 718
1188 0 13 7 48
1446 0 7 5 29
1501 0 9 10 65
1648 0 31 21 450
1531 9 1 1 1
843 10 10 20 169
550 12 30 23 392
1075 14 8 15 90
1408 16 40 43 1000
497 19 10 16 132
1555 20 6 5 23
1523 24 8 8 38
682 26 24 43 766
1537 27 13 13 74
1456 32 29 17 253
1356 36 5 7 24
1067 41 10 17 132
722 43 15 26 322
461 44 9 13 92
1035 45 20 48 385
1622 44 11 10 67
1793 45 11 9 27
1349 46 49 59 721
1134 51 10 16 115
1781 50 5 1 5
1271 57 7 11 39
1474 59 26 25 488
812 61 13 21 197
384 64 16 29 369
1198 64 7 12 57
1405 65 49 50 1055
1609 69 42 46 786
1351 70 6 10 36
1402 71 8 11 49
835 73 11 22 200
1282 75 6 8 35
1505 78 11 7 52
1093 82 23 26 329
1264 85 5 9 31
748 87 24 32 556
728 88 9 18 134
443 92 18 26 297
1490 92 10 12 98
1197 99 11 14 65
1169 101 7 11 59
1645 100 17 18 208
1033 102 5 7 31
996 105 3 2 4
1083 105 11 18 141
1358 105 6 8 31
181 107 45 27 871
1278 107 4 7 20
1322 108 5 7 27
502 115 13 21 218
820 116 13 22 212
398 118 16 60 589
1137 118 5 6 26
1227 119 6 6 23
1340 118 5 9 35
1381 118 4 6 17
536 121 14 25 289
1153 123 13 30 208
581 125 12 18 176
1513 125 5 3 12
1198 129 5 9 34
1341 130 82 88 2214
1591 133 24 28 291
952 145 5 4 10
1201 146 7 9 45
1476 147 14 15 140
782 151 9 15 113
185 155 56 39 1293
644 155 7 12 73
1059 154 9 15 90
1430 159 21 29 393
1503 160 6 5 19
1177 162 5 8 26
450 164 13 20 201
1189 171 5 7 23
542 173 42 34 546
614 178 13 20 203
874 178 12 20 179
703 180 13 22 233
995 183 12 25 155
1030 183 49 35 447
1105 183 4 7 24
1292 183 22 32 483
1482 182 9 13 88
1185 187 7 11 56
1495 199 23 16 219
1657 198 36 34 848
805 201 20 24 304
1455 201 4 5 15
305 204 17 23 311
728 204 8 15 97
1082 204 7 12 64
1159 204 11 9 71
1382 205 10 14 67
447 210 8 13 91
1241 213 5 8 29
1264 213 3 5 13
709 214 10 19 146
1096 214 5 6 25
1170 214 9 11 85
557 216 13 22 149
1403 216 4 4 13
1291 220 26 33 289
671 223 12 19 173
747 223 11 19 170
1235 225 4 8 22
1414 224 23 32 516
1108 226 4 9 29
1395 229 4 4 12
1329 232 3 2 6
1573 235 11 11 79
765 237 14 26 228
1081 237 10 14 103
449 238 12 18 167
1049 240 8 11 68
1361 241 18 14 129
989 242 6 11 55
1128 242 8 14 70
1169 245 23 39 397
1394 244 11 25 92
554 246 6 8 37
1091 247 18 18 143
1638 249 46 53 1555
1270 250 22 25 336
472 252 10 15 121
381 255 7 8 48
896 254 3 2 6
565 259 5 9 41
736 258 7 13 66
1246 258 2 1 2
1350 258 4 5 12
805 261 8 12 81
675 263 13 17 155
755 264 1 1 1
1113 264 18 12 95
1302 264 32 36 610
1374 269 12 12 102
1292 271 3 4 10
1336 271 26 44 344
359 275 8 9 52
1531 274 12 13 113
1197 276 5 3 12
1415 279 4 5 14
609 280 5 11 42
1012 282 10 25 109
802 285 10 29 218
1110 285 5 7 26
731 286 13 29 225
383 288 7 8 41
445 289 7 7 35
652 289 10 9 55
692 291 24 22 306
1162 291 5 11 38
1287 294 4 7 16
1433 295 4 5 15
1140 298 5 9 34
1214 299 53 54 1312
1394 298 16 20 191
1445 299 5 8 30
1658 300 70 80 1681
972 303 8 15 75
611 306 7 12 59
771 306 25 26 367
1097 306 5 7 24
1381 308 5 5 18
1513 312 10 11 73
863 315 2 1 2
935 314 116 189 6047
1186 315 15 26 276
1092 317 5 8 30
1155 322 3 5 12
1053 325 4 9 28
1070 324 6 9 46
1312 325 4 5 15
1344 327 3 3 7
1420 326 2 1 2
655 329 31 55 682
1313 330 25 34 589
214 335 16 17 205
333 334 32 36 856
1577 335 20 18 249
816 340 1 1 1
891 340 4 8 25
954 340 1 2 2
1389 341 3 4 9
427 342 31 25 436
1366 342 2 1 2
822 344 1 1 1
1400 345 5 6 18
563 346 7 10 51
693 346 16 46 370
765 347 8 15 97
1297 346 4 5 13
1201 349 4 11 31
592 350 21 18 179
1272 350 2 1 2
1369 350 3 4 11
1441 351 2 1 2
1174 352 11 12 77
1268 353 1 1 1
1560 353 1 1 1
1457 354 9 6 25
1094 356 19 13 125
1122 358 4 6 18
1228 359 5 5 11
911 360 1 1 1
926 360 26 33 324
1042 361 53 60 1313
1287 362 4 4 8
515 367 10 15 114
1018 367 1 1 1
727 368 10 17 151
1021 368 3 2 5
1166 368 6 9 23
1815 368 10 4 28
913 371 1 1 1
957 371 5 5 13
1240 371 4 5 16
1761 370 2 1 2
1031 373 5 3 15
1323 372 4 4 10
1372 377 2 1 2
1399 376 4 4 10
502 378 5 4 18
908 378 24 57 294
963 379 1 1 1
1010 380 4 2 4
1024 380 2 2 2
1308 380 3 4 9
594 382 6 8 33
1023 383 1 1 1
1149 383 2 3 4
1319 383 23 23 225
1792 383 2 2 4
1831 383 9 7 49
1001 385 2 1 2
1484 384 61 44 1179
737 386 2 1 2
1358 386 3 4 9
1462 386 12 20 127
420 388 7 8 43
761 389 32 34 323
1006 390 2 2 4
1005 390 14 30 115
1366 390 23 27 349
436 393 6 9 42
1025 393 10 16 61
1112 392 15 23 272
942 394 3 3 5
1256 394 5 6 21
1283 394 4 5 14
1417 395 2 1 2
1673 397 29 32 602
997 401 4 5 14
1192 400 3 4 8
1421 400 5 4 15
1230 405 4 5 13
934 406 1 1 1
1247 409 17 17 122
1558 409 32 34 719
383 411 15 19 227
1161 411 2 3 6
1799 410 41 76 1740
207 412 16 18 228
942 412 1 2 2
1043 413 3 3 5
1459 413 1 1 1
478 414 10 14 108
517 414 1 1 1
607 414 14 7 43
688 415 14 16 170
990 414 3 4 8
742 416 8 12 81
928 417 1 1 1
1024 416 3 5 7
1061 418 2 1 2
1300 418 20 31 200
1098 421 4 11 28
1352 420 5 4 13
1421 421 3 7 9
1166 423 3 4 12
543 424 10 15 127
926 425 22 25 228
1035 425 1 1 1
1049 425 1 1 1
1367 425 7 8 25
1037 427 1 1 1
1079 427 1 1 1
1382 427 2 2 3
892 429 1 1 1
1341 429 5 13 34
582 431 1 1 1
808 431 9 12 83
1169 430 14 13 74
766 433 22 26 293
1019 433 9 2 9
1044 433 22 16 102
1280 432 1 1 1
631 435 1 1 1
1011 434 3 4 6
270 438 14 16 179
911 438 2 2 4
1066 438 1 1 1
1069 439 4 1 4
1075 441 2 1 2
1193 440 3 4 8
1275 440 4 5 11
1400 440 4 7 22
239 443 9 4 28
526 442 5 6 25
694 444 6 10 55
1082 444 5 20 55
1256 444 6 5 22
1528 444 3 2 4
503 446 1 1 1
578 446 1 1 1
1000 446 1 1 1
1032 447 9 2 11
1198 446 1 1 1
734 449 7 12 61
1380 448 20 11 106
356 451 27 38 512
1064 452 1 1 1
1068 453 1 1 1
1299 453 2 2 3
1495 453 12 15 90
689 454 1 1 1
703 454 6 10 51
925 455 4 2 5
940 455 1 1 1
1736 456 9 9 46
911 458 1 1 1
1043 459 1 1 1
1053 459 2 2 3
1056 458 1 1 1
1295 458 4 5 16
1758 458 6 6 11
1020 460 2 3 4
1273 461 5 5 11
1610 464 2 2 3
1037 467 1 1 1
621 468 2 2 3
1727 469 3 2 4
1322 470 3 4 8
409 472 6 9 40
1018 472 14 19 134
1119 473 3 4 7
1183 472 1 2 2
1285 473 14 13 137
1650 472 15 11 110
592 475 2 1 2
1227 474 13 4 18
914 476 14 7 31
1345 477 7 12 51
1002 479 1 1 1
1317 479 5 6 18
1332 478 4 5 15
1445 478 2 1 2
840 481 1 1 1
1132 480 18 22 206
1047 482 1 1 1
312 485 14 14 164
798 484 1 1 1
1271 484 5 7 23
487 486 8 8 51
511 486 5 6 27
927 486 20 16 81
1033 488 1 1 1
1310 488 2 2 4
719 491 1 1 1
793 491 1 1 1
642 492 2 2 3
741 492 10 13 98
1038 493 7 5 17
1114 492 4 1 4
1261 493 3 4 7
1301 493 3 4 11
1729 495 3 2 4
1090 496 2 1 2
447 499 11 15 129
469 499 1 1 1
887 499 2 1 2
1188 498 4 6 17
1456 498 3 3 7
1213 501 2 6 11
1218 501 25 19 311
1460 501 3 3 4
1831 500 9 18 99
929 503 6 4 12
1103 503 3 5 11
954 504 1 1 1
667 506 8 11 69
1372 507 1 1 1
1335 508 8 9 51
325 511 1 1 1
1296 511 1 2 2
333 512 15 18 227
420 512 5 6 24
727 512 2 1 2
760 513 1 1 1
938 512 3 2 6
540 516 4 4 15
935 517 36 82 819
465 518 6 8 41
880 518 19 22 72
1139 518 1 2 2
1346 519 2 3 5
613 520 9 13 94
719 521 11 8 56
1125 521 3 3 6
1247 520 3 3 8
1297 521 2 3 6
440 523 2 1 2
1274 523 2 3 4
967 525 2 11 12
1046 524 4 5 14
1184 524 31 32 517
275 527 11 11 108
518 526 4 5 17
793 527 7 11 52
1298 528 10 9 27
664 531 13 27 221
928 531 4 7 22
1226 531 10 7 49
704 533 7 6 33
844 533 2 2 3
576 535 2 2 3
654 535 4 3 10
1127 535 26 14 149
534 537 4 5 16
980 536 4 7 24
1027 536 9 15 67
556 541 3 3 9
689 541 1 1 1
750 540 8 7 14
878 541 2 3 3
649 544 1 1 1
874 545 4 7 9
935 545 2 2 3
1169 545 2 4 7
1295 544 2 3 5
502 547 8 9 55
726 546 6 9 46
1229 546 2 3 4
1266 547 15 11 75
1317 547 5 6 24
617 549 6 6 28
806 548 1 1 1
1078 548 20 18 133
1488 548 2 1 2
240 550 13 15 160
433 551 1 2 2
845 550 2 2 3
916 550 7 8 39
385 552 5 4 17
1670 552 4 2 7
1249 554 2 3 5
1292 555 2 3 5
872 556 1 2 2
1044 556 1 2 2
743 558 1 1 1
871 559 1 1 1
1235 558 2 4 6
675 560 19 19 147
757 560 8 7 34
1063 560 2 4 5
1011 562 4 5 17
1225 562 3 4 8
456 565 9 11 72
1146 564 9 14 80
1257 565 2 3 5
547 566 2 1 2
556 567 1 1 1
581 566 1 1 1
656 566 10 13 103
869 566 1 1 1
431 569 1 1 1
1245 569 2 3 4
1266 569 7 7 38
1496 568 1 1 1
1671 568 7 6 30
397 571 8 16 93
420 571 4 6 19
531 570 4 4 12
587 571 3 8 11
868 570 1 4 4
1004 570 3 3 7
1027 570 2 4 7
1366 570 3 3 7
1392 570 6 7 35
1624 570 2 4 5
1801 570 19 15 211
1058 572 3 5 10
1657 572 6 6 24
638 574 9 12 82
1022 575 1 1 1
1119 574 2 3 5
1159 574 8 9 62
1769 574 18 13 170
809 577 1 1 1
867 576 1 2 2
535 579 8 8 50
829 579 2 1 2
731 580 20 17 202
786 581 6 9 48
1203 581 3 4 7
1250 580 1 3 3
1470 580 4 5 12
866 582 1 3 3
909 582 18 15 163
1282 583 3 2 5
601 584 2 1 2
1018 585 2 1 2
1095 584 5 6 21
1214 585 36 51 463
1506 585 4 1 4
1741 584 17 12 140
993 587 5 9 37
481 589 11 9 59
584 588 3 4 12
1268 588 2 3 4
1482 588 3 2 4
1501 589 1 1 1
764 591 4 6 22
794 590 1 1 1
1049 590 11 7 30
1293 591 2 3 5
272 593 15 17 185
345 592 4 2 4
708 592 6 8 35
893 593 3 6 15
1191 593 3 3 7
1283 595 3 2 5
690 596 17 14 120
967 596 1 1 1
991 597 1 1 1
1190 597 1 1 1
630 599 3 2 5
775 598 1 3 3
1035 599 5 7 26
1492 601 2 3 4
554 603 4 6 18
614 602 7 9 47
799 602 1 2 2
1096 603 2 3 6
1131 602 16 19 180
351 605 2 2 3
471 605 5 15 70
964 605 2 1 2
1211 605 1 2 2
1638 604 5 4 15
142 607 1 1 1
436 607 14 9 62
531 607 8 12 72
937 606 60 80 1841
974 606 9 11 64
1010 606 3 5 12
1286 606 10 4 27
1372 607 7 8 37
717 609 2 7 8
741 610 1 1 1
1053 610 3 7 14
1098 612 2 3 6
655 614 8 11 75
1724 615 37 56 903
1022 617 2 2 3
1096 616 2 3 4
594 619 2 7 14
623 619 1 1 1
1265 618 13 10 47
539 621 3 3 9
908 620 18 32 146
1034 620 15 24 100
1128 621 2 3 4
1475 622 2 1 2
489 624 6 6 22
673 624 15 12 87
690 625 3 2 4
805 625 5 8 36
1197 625 4 4 10
1177 626 2 2 3
423 628 9 7 50
587 628 6 2 8
1091 628 1 1 1
983 631 1 1 1
1277 633 2 2 3
722 634 7 10 49
1063 634 3 7 16
1147 636 1 3 3
1169 637 2 3 5
1681 637 14 11 104
995 638 6 6 23
1327 638 1 1 1
844 640 3 2 4
1192 641 2 3 4
701 643 14 17 90
1107 643 54 52 1667
1202 642 3 5 12
1268 643 5 14 30
614 644 5 4 11
668 644 20 12 112
753 645 1 1 1
1177 644 12 11 66
1471 644 1 1 1
1655 644 12 10 98
351 647 2 1 2
1362 647 6 7 29
482 648 4 4 14
1291 648 2 3 4
367 650 1 1 1
798 650 2 1 2
1077 650 4 12 15
1052 653 2 5 8
1208 653 6 7 32
1231 652 1 2 2
1333 652 7 7 38
535 655 7 20 85
1002 655 3 6 15
1026 655 11 13 43
1671 654 2 2 4
1388 657 17 21 265
819 659 5 9 39
317 661 10 12 98
743 661 9 4 19
1169 660 2 1 2
355 662 2 2 4
1067 663 102 139 2332
1235 663 2 4 4
1349 663 1 1 1
938 664 2 4 7
1194 664 2 3 5
1302 665 7 5 16
450 666 1 1 1
494 667 2 3 4
234 668 2 2 4
249 668 22 21 258
682 668 1 1 1
1054 668 4 5 13
1198 669 7 7 22
1227 668 2 3 3
1252 668 2 3 4
611 670 1 1 1
1168 670 1 2 2
1214 670 1 1 1
1263 671 1 2 2
632 673 1 1 1
1050 673 2 3 3
221 674 1 1 1
945 674 9 5 45
1274 676 1 2 2
1644 677 23 36 471
1802 677 38 20 434
596 679 1 1 1
729 679 18 16 153
1510 678 1 1 1
1625 678 15 7 49
613 681 2 11 21
708 681 2 1 2
1185 680 1 3 3
1265 681 3 4 7
379 683 1 1 1
804 683 409 339 32755
1763 682 27 23 361
1494 684 41 38 658
534 687 3 1 3
936 686 4 6 18
1172 687 1 2 2
548 688 7 8 45
576 689 3 4 11
897 689 6 10 30
918 691 4 6 21
1184 691 13 16 82
1209 691 6 6 24
1224 692 5 4 9
1612 692 23 23 303
747 695 4 6 22
1061 695 3 11 12
469 697 3 4 7
1048 696 3 8 17
1675 697 42 33 648
668 698 10 19 88
980 698 10 8 29
1037 698 2 3 5
1237 698 1 2 2
928 701 2 3 6
1001 700 4 7 21
1245 700 3 3 7
1343 700 12 10 66
903 703 3 4 11
1148 703 15 21 225
1040 705 4 9 24
459 707 2 1 2
1219 706 1 2 2
1139 709 1 3 3
1264 708 2 2 3
1399 708 2 2 2
627 711 1 1 1
695 710 1 1 1
877 711 1 1 1
931 710 2 3 5
1194 711 1 1 1
1215 711 1 2 2
1273 710 2 1 2
387 713 11 23 219
519 712 1 1 1
575 713 5 7 23
1057 713 2 6 8
1814 712 3 3 7
595 715 3 2 4
1228 715 10 3 21
599 717 8 6 39
1203 716 1 1 1
424 718 6 6 33
684 718 19 17 112
723 719 5 7 29
1026 719 1 2 2
924 720 3 6 15
442 723 4 3 10
1188 722 1 2 2
1052 725 1 1 1
1144 724 1 2 2
534 727 10 4 16
565 727 3 4 10
789 726 1 1 1
1049 727 1 2 2
1168 726 8 6 13
324 729 13 14 136
653 729 25 33 280
709 728 5 7 32
897 728 3 5 10
1193 729 2 3 5
1250 730 2 3 6
1525 730 1 1 1
469 732 6 6 29
1014 735 11 9 56
1040 735 2 4 7
588 737 3 6 14
178 739 3 2 4
422 739 6 7 39
971 739 15 12 54
1213 738 1 1 1
491 740 7 7 37
939 740 6 9 22
1172 740 1 2 2
346 743 8 9 55
1327 742 10 21 106
450 744 1 3 3
1197 744 1 1 1
1223 745 1 3 3
894 747 10 9 36
1027 746 12 37 68
682 749 1 1 1
716 748 5 7 26
1179 748 1 1 1
1202 749 1 1 1
702 751 4 6 19
1566 751 4 2 7
556 753 15 13 74
1167 752 5 5 19
1179 752 16 20 163
1366 753 1 1 1
280 754 12 11 101
1055 754 1 4 4
1372 754 1 1 1
1403 755 4 3 11
573 756 5 6 29
916 757 16 13 84
478 759 5 14 36
1415 758 3 7 18
519 761 2 6 7
645 761 12 8 48
687 761 2 4 5
435 764 3 2 4
706 765 3 2 4
723 764 5 6 25
1313 764 5 7 25
1345 767 12 7 50
869 771 2 4 6
945 771 1 3 3
966 770 2 5 8
1114 771 1 1 1
613 775 9 5 18
669 775 3 6 13
816 774 1 1 1
177 776 10 8 57
532 777 1 1 1
727 777 5 7 28
765 776 1 1 1
933 776 3 5 11
1589 777 19 11 113
1735 777 16 12 129
419 779 7 8 46
516 779 3 2 6
358 781 1 2 2
477 780 2 2 4
509 781 1 1 1
947 781 1 1 1
1086 781 7 9 46
1117 780 1 1 1
1340 780 4 2 6
508 783 1 1 1
592 783 11 3 21
672 782 13 7 39
769 783 4 7 21
867 785 1 3 3
1153 784 2 3 5
1460 785 13 14 133
459 787 5 5 22
755 786 2 2 3
1013 786 2 10 11
1227 787 5 9 27
1548 786 3 2 5
652 788 3 4 10
989 788 2 4 6
732 790 6 9 46
747 790 1 1 1
1801 790 24 29 506
277 792 9 8 62
658 792 2 2 4
1206 793 2 2 3
1308 793 27 15 229
1660 792 20 17 263
667 795 5 10 45
774 795 3 2 5
786 795 2 2 3
878 795 2 3 4
932 794 2 4 7
979 794 2 3 5
1244 794 1 1 1
917 796 5 10 21
962 797 4 3 4
1196 796 1 1 1
450 798 5 5 19
759 798 2 2 3
1184 799 1 1 1
1257 799 12 15 130
782 800 3 7 19
968 801 1 1 1
1084 800 25 33 253
1478 800 2 1 2
632 802 1 1 1
1123 803 1 1 1
1578 803 34 27 408
972 804 6 5 19
467 806 6 6 24
987 807 2 5 8
1061 807 1 1 1
1211 807 1 1 1
1472 807 2 1 2
510 809 5 4 16
579 808 5 4 17
716 808 7 21 62
888 808 28 22 200
1166 809 1 1 1
932 810 4 7 12
1047 810 1 2 2
1206 811 5 10 29
636 813 13 26 116
662 813 5 7 33
1128 812 5 6 20
1560 812 3 3 5
481 816 4 13 31
747 816 1 2 2
1000 817 7 6 15
1116 816 1 3 3
688 818 3 5 13
1031 818 6 10 49
1072 818 1 1 1
1105 818 2 1 2
1161 818 1 1 1
668 821 4 6 21
943 823 8 17 84
977 822 1 1 1
979 823 1 1 1
1019 822 1 3 3
1054 823 1 1 1
506 826 5 11 32
691 826 3 5 11
752 827 5 6 24
1346 826 15 16 172
1693 827 1 1 1
1752 827 2 3 5
433 829 20 15 136
1114 829 1 1 1
1191 829 2 2 2
1476 828 20 21 274
1544 828 5 4 13
1698 829 1 1 1
631 831 1 1 1
1026 831 2 4 7
1059 831 1 1 1
1080 830 2 4 6
1187 831 2 2 4
1002 833 138 56 2627
1838 832 2 3 4
730 835 2 2 4
1175 834 1 1 1
609 837 6 4 13
878 836 1 4 4
724 838 5 7 28
791 838 2 1 2
1183 838 3 3 7
1256 839 3 4 11
780 841 1 3 3
329 843 1 1 1
828 843 5 8 34
896 842 9 6 22
992 842 2 3 4
691 845 3 4 9
1154 845 6 12 31
1585 844 2 1 2
961 846 1 3 3
1251 847 1 1 1
1359 849 1 1 1
1416 848 2 1 2
369 851 1 1 1
485 851 3 3 8
705 851 3 4 11
980 851 1 3 3
1314 850 12 6 51
1538 851 16 16 179
292 854 7 6 27
464 855 3 2 3
557 855 2 3 6
721 854 6 8 36
948 854 2 4 8
607 856 4 6 19
963 856 1 4 4
1274 856 5 6 21
459 858 3 1 3
502 859 4 3 11
577 858 1 1 1
794 858 1 1 1
1145 858 1 1 1
1295 858 22 16 198
1573 858 11 9 66
1236 861 11 10 75
547 863 1 1 1
678 863 2 3 6
739 862 3 5 11
769 862 2 4 5
790 863 2 3 6
970 862 1 4 4
1156 862 1 1 1
579 865 14 20 98
1495 864 13 23 129
366 867 1 1 1
757 866 1 1 1
1720 867 3 4 11
1197 868 2 1 2
702 870 9 15 52
1483 870 2 2 3
787 873 3 2 6
1125 873 7 7 18
1144 872 1 1 1
988 875 2 4 6
1109 874 1 1 1
1391 875 6 4 17
506 877 5 5 21
653 877 4 4 13
976 877 2 3 5
1206 876 1 1 1
1456 876 2 2 3
1211 878 1 1 1
1789 878 1 1 1
723 881 15 9 60
1214 880 5 6 17
1254 880 8 9 51
811 882 4 4 7
844 883 3 3 9
1341 883 13 21 220
1373 883 1 1 1
565 884 1 2 2
972 884 1 1 1
1076 886 1 1 1
1135 887 2 2 3
1148 887 1 1 1
1415 886 3 4 11
1519 886 1 1 1
397 889 9 11 74
640 888 12 7 46
671 889 6 6 15
472 890 4 3 11
266 893 8 7 38
514 893 2 4 8
763 892 6 9 25
1323 893 1 1 1
1443 892 1 1 1
478 895 2 3 5
818 895 5 5 15
1491 895 4 14 31
1411 897 1 1 1
633 899 3 1 3
1070 899 1 1 1
1401 899 1 1 1
1504 898 1 1 1
1543 898 11 11 106
1584 899 11 11 90
1726 899 13 11 97
1816 899 2 2 2
489 900 3 2 5
717 900 1 1 1
728 901 9 5 37
1083 900 1 1 1
325 903 7 7 37
775 902 2 4 8
1418 903 2 2 2
706 904 9 12 37
1212 904 1 1 1
1449 905 8 7 37
446 906 4 3 11
482 906 2 2 4
622 906 1 1 1
685 906 4 4 11
1327 907 1 1 1
1644 907 1 1 1
1300 909 3 2 4
1528 908 9 9 57
1559 909 8 7 47
224 911 2 2 3
1682 910 1 1 1
570 912 1 2 2
1290 913 1 1 1
744 914 1 1 1
1424 914 1 1 1
501 917 4 4 12
736 916 7 11 41
791 916 1 1 1
845 917 2 3 5
1410 917 12 12 118
648 919 5 7 29
547 920 4 3 8
1655 920 13 11 90
318 922 7 7 32
1445 923 28 38 335
476 925 4 4 13
726 924 3 4 11
1497 924 4 3 8
595 926 5 7 25
609 927 1 1 1
1393 926 1 1 1
1482 926 5 5 18
761 929 1 1 1
1353 928 1 1 1
1426 929 3 5 12
1548 928 9 8 50
785 930 2 1 2
814 930 1 1 1
1349 930 1 1 1
482 932 4 8 16
536 932 5 6 25
669 932 11 7 48
688 933 5 6 23
834 933 1 2 2
577 934 8 2 9
1638 934 1 1 1
779 937 1 1 1
376 939 8 16 66
717 939 12 10 54
749 938 1 1 1
702 942 3 3 7
854 942 1 2 2
1243 943 13 7 39
1798 943 4 3 5
683 944 1 1 1
1406 944 2 2 3
1624 945 2 5 6
578 948 2 1 2
843 949 4 8 27
678 951 2 3 5
1281 952 1 1 1
495 955 5 4 16
661 954 6 15 43
734 954 1 1 1
1226 955 5 11 28
1597 955 1 1 1
766 956 1 1 1
800 956 1 2 2
1327 956 11 11 92
461 959 5 6 25
639 958 10 14 69
866 959 2 2 2
1506 959 11 6 28
482 960 6 3 13
610 961 3 4 10
1212 961 3 2 4
1307 960 1 1 1
1472 961 2 3 4
1566 960 14 12 119
560 963 1 1 1
675 962 17 6 26
787 963 1 2 2
1280 962 1 2 2
303 965 7 6 25
723 965 2 3 4
847 965 9 4 25
788 966 1 1 1
1491 967 2 1 2
357 969 1 1 1
558 968 1 1 1
717 969 5 10 28
1443 968 1 1 1
1667 968 2 1 2
232 971 1 1 1
480 970 1 2 2
498 971 2 3 4
514 971 3 4 9
546 970 3 3 8
836 971 2 4 6
1204 971 10 10 59
1393 971 5 5 14
1484 970 2 2 3
1521 970 1 1 1
318 974 9 9 60
672 975 1 3 3
1123 974 2 3 4
1165 974 1 1 1
1286 974 2 1 2
656 977 4 3 10
816 976 1 1 1
1233 976 3 3 8
633 978 1 1 1
469 981 3 2 5
649 980 6 9 43
753 981 1 1 1
852 981 1 1 1
1133 980 1 1 1
1169 981 1 3 3
1399 981 3 3 7
846 982 1 1 1
1516 983 8 7 45
345 985 6 6 28
361 984 6 6 25
453 984 1 1 1
1370 985 1 1 1
1669 985 16 16 167
1055 986 1 1 1
1117 987 1 2 2
498 988 3 4 10
535 988 1 1 1
677 989 3 4 9
810 989 1 1 1
1430 988 6 5 20
1474 988 7 6 26
1541 989 8 5 27
1627 989 1 1 1
78 990 2 2 3
431 990 1 2 2
533 990 1 1 1
716 990 1 1 1
762 991 1 1 1
1062 991 6 11 47
1069 990 2 1 2
549 993 2 3 3
643 993 2 4 7
824 993 4 5 15
855 994 5 6 28
1097 995 1 1 1
1136 995 1 1 1
1365 994 2 2 3
1552 995 17 16 198
119 997 2 3 5
1087 996 1 1 1
1091 997 3 9 11
1197 997 9 20 61
1255 997 1 1 1
1270 996 12 13 117
1394 996 4 3 9
451 998 1 1 1
1045 998 1 2 2
1226 998 1 1 1
1442 999 1 1 1
1716 999 124 90 7605
536 1001 1 1 1
758 1001 1 1 1
864 1001 1 1 1
469 1002 1 1 1
695 1003 1 1 1
1079 1002 1 1 1
1134 1002 2 10 13
1466 1003 35 22 373
515 1004 1 2 2
646 1005 18 16 164
701 1004 3 3 7
847 1007 2 1 2
865 1007 4 7 16
1117 1006 1 1 1
1230 1007 1 1 1
1353 1006 2 1 2
389 1008 3 1 3
454 1008 3 4 9
516 1008 2 2 4
547 1009 4 5 14
1224 1008 1 1 1
713 1010 9 12 42
976 1011 2 1 2
126 1012 2 2 2
806 1013 1 1 1
1163 1013 1 1 1
1254 1012 4 3 8
1511 1013 8 9 54
1600 1012 1 1 1
497 1015 3 4 9
812 1015 2 4 7
993 1014 4 5 16
304 1017 1 2 2
590 1016 1 1 1
598 1017 1 2 2
739 1017 1 1 1
859 1017 1 2 2
1059 1016 1 1 1
1073 1016 6 4 12
1173 1016 23 13 153
1372 1017 2 2 3
1126 1018 1 1 1
1328 1018 1 1 1
382 1021 20 13 171
474 1020 4 7 18
697 1020 2 3 5
1045 1020 1 1 1
1111 1020 2 1 2
1306 1021 3 2 4
1574 1020 1 1 1
626 1023 12 9 27
757 1023 3 4 11
1008 1023 1 1 1
423 1025 10 24 99
489 1025 1 2 2
524 1024 9 13 35
851 1024 1 1 1
1046 1024 1 1 1
1384 1025 2 2 3
1528 1024 9 8 56
467 1027 1 2 2
607 1026 3 5 13
660 1027 2 3 6
842 1027 12 11 66
864 1026 1 2 2
1010 1026 4 5 16
1050 1027 11 7 43
1130 1026 2 2 2
1247 1027 1 1 1
1398 1027 10 8 27
578 1028 1 1 1
692 1028 2 4 7
805 1028 1 1 1
917 1028 6 6 26
953 1029 1 1 1
1270 1028 2 2 2
497 1030 2 3 6
707 1030 9 14 56
1203 1031 8 4 13
1292 1030 1 1 1
658 1033 2 5 10
1091 1032 1 2 2
1112 1032 1 1 1
1362 1032 5 5 16
1610 1033 1 1 1
1653 1032 13 8 70
1010 1035 32 39 308
1280 1034 2 1 2
485 1036 3 3 8
504 1037 2 2 3
557 1037 1 1 1
1094 1037 1 1 1
1426 1036 1 1 1
1449 1036 2 2 3
1519 1037 35 18 258
541 1039 2 2 4
928 1038 1 1 1
1045 1038 5 7 31
1186 1038 5 8 29
1347 1038 1 1 1
1628 1039 1 1 1
554 1041 3 9 20
673 1041 1 2 2
821 1040 1 1 1
859 1041 1 1 1
870 1041 2 2 3
955 1041 1 1 1
1007 1040 1 1 1
543 1043 1 1 1
1586 1042 9 9 55
271 1044 12 12 80
946 1045 2 1 2
1396 1045 1 2 2
1504 1044 2 3 4
1331 1047 2 3 4
458 1049 1 2 2
531 1048 1 1 1
811 1049 1 3 3
991 1049 3 7 18
1248 1049 1 1 1
1494 1049 5 4 12
539 1051 3 4 10
661 1050 1 10 10
683 1051 1 1 1
707 1050 1 1 1
847 1051 1 1 1
1100 1050 1 1 1
1656 1050 3 2 5
550 1053 1 1 1
690 1052 12 14 46
887 1052 1 1 1
1302 1053 1 1 1
1391 1052 1 1 1
462 1054 1 1 1
817 1054 1 1 1
831 1055 1 1 1
1571 1054 8 9 46
357 1057 5 5 19
378 1056 2 2 3
731 1056 1 1 1
879 1057 1 1 1
1082 1057 1 2 2
1128 1056 2 3 5
1320 1057 1 1 1
1429 1057 1 1 1
384 1058 1 1 1
422 1058 6 8 32
439 1058 5 6 24
519 1059 1 1 1
714 1059 1 3 3
730 1059 1 1 1
1003 1058 1 1 1
1097 1058 1 1 1
1185 1058 6 7 31
1243 1059 1 1 1
594 1061 1 1 1
628 1061 14 10 55
663 1061 6 2 7
917 1061 1 10 10
934 1061 1 1 1
1357 1061 11 12 96
1395 1060 1 1 1
401 1063 1 1 1
1458 1062 1 1 1
846 1065 10 20 47
1377 1065 3 8 20
1626 1064 2 2 3
445 1066 9 7 33
603 1067 2 8 9
779 1066 6 9 27
1323 1066 2 3 3
1391 1067 1 2 2
1468 1066 13 25 177
364 1068 4 5 18
511 1068 2 4 7
533 1069 1 1 1
558 1069 1 1 1
662 1069 1 1 1
809 1069 3 3 5
884 1068 1 1 1
1054 1068 1 1 1
1237 1069 1 2 2
1490 1069 7 7 32
90 1071 12 13 120
491 1071 2 3 4
933 1070 1 1 1
1119 1070 2 1 2
1398 1071 5 5 18
734 1072 1 1 1
1220 1073 1 3 3
1225 1072 1 1 1
544 1075 2 4 6
653 1075 9 12 56
843 1074 2 1 2
924 1075 1 1 1
964 1074 3 1 3
1173 1075 1 1 1
1269 1075 1 1 1
1290 1075 20 21 183
343 1076 1 1 1
557 1077 1 2 2
832 1077 1 1 1
1000 1076 7 8 42
1537 1077 17 14 127
1600 1076 1 1 1
586 1080 21 17 112
686 1080 5 6 10
1197 1081 1 1 1
1384 1081 1 1 1
344 1083 1 1 1
669 1082 1 1 1
904 1083 2 3 3
947 1083 1 1 1
1028 1083 2 1 2
1122 1082 1 1 1
1154 1083 1 3 3
1379 1082 1 1 1
1586 1082 11 10 83
558 1085 1 1 1
701 1085 12 11 23
725 1084 2 3 5
749 1084 1 1 1
1281 1085 1 1 1
1314 1084 1 1 1
1368 1084 1 1 1
1432 1084 1 1 1
470 1087 1 2 2
489 1087 3 4 9
1162 1087 2 1 2
1376 1086 1 1 1
427 1089 3 2 4
1068 1089 1 4 4
68 1090 1 1 1
649 1090 3 5 13
722 1090 1 1 1
965 1091 5 15 33
1015 1091 16 14 97
1343 1090 1 1 1
1421 1090 5 8 21
283 1093 5 6 26
663 1093 2 3 5
692 1092 2 2 4
1210 1093 11 15 70
1351 1093 16 14 40
1733 1092 1 1 1
95 1095 1 1 1
394 1094 1 1 1
885 1094 9 12 36
1044 1095 6 9 40
1084 1094 1 1 1
757 1097 1 4 4
666 1098 4 5 8
979 1099 3 8 19
1110 1098 1 1 1
1119 1099 12 22 71
1136 1098 1 3 3
1280 1098 1 1 1
1326 1099 1 1 1
1374 1099 1 1 1
1398 1098 2 1 2
507 1101 1 2 2
677 1101 3 2 4
849 1101 2 6 7
451 1103 1 1 1
528 1103 2 2 3
582 1102 2 1 2
1802 1103 5 2 9
464 1105 1 1 1
503 1105 3 2 6
557 1104 1 2 2
698 1104 10 6 21
1305 1104 1 1 1
1311 1105 8 9 56
1330 1105 3 6 14
1446 1105 40 18 353
427 1106 5 6 22
637 1106 1 2 2
684 1107 1 2 2
716 1107 1 1 1
982 1107 29 31 212
1070 1106 1 3 3
1196 1106 1 1 1
1389 1107 3 3 8
1410 1107 22 21 177
919 1108 1 1 1
602 1111 1 1 1
840 1111 1 1 1
1167 1110 1 1 1
1372 1110 2 1 2
460 1113 2 3 3
486 1112 2 3 5
963 1112 10 9 36
1025 1113 1 3 3
1048 1113 1 3 3
1250 1113 1 1 1
1290 1113 1 1 1
483 1115 1 1 1
671 1115 1 2 2
938 1115 1 1 1
1233 1115 1 1 1
1346 1115 1 1 1
1619 1114 1 1 1
287 1116 1 1 1
361 1116 3 3 5
517 1117 10 11 35
705 1117 1 2 2
878 1116 2 6 11
916 1116 1 1 1
1031 1117 5 11 24
1258 1116 1 1 1
1301 1116 1 1 1
477 1118 1 1 1
768 1119 1 1 1
791 1119 2 4 8
821 1119 1 1 1
1529 1118 9 12 53
1806 1119 20 11 134
831 1120 3 4 10
1635 1120 1 1 1
267 1122 1 1 1
417 1123 2 5 6
685 1123 1 5 5
1111 1123 1 3 3
1787 1123 4 3 9
638 1125 2 4 7
661 1125 3 13 20
716 1124 1 2 2
817 1125 3 5 13
902 1124 3 8 9
1068 1125 2 2 3
1184 1124 2 2 3
1197 1125 1 1 1
1252 1124 1 1 1
1281 1124 2 2 4
1294 1125 1 1 1
388 1127 5 5 20
550 1126 1 1 1
1401 1127 4 3 6
133 1128 1 1 1
316 1129 7 14 37
736 1129 1 1 1
799 1128 1 1 1
1173 1128 1 1 1
1422 1128 6 6 27
1019 1130 1 2 2
1598 1130 8 7 34
727 1132 1 1 1
756 1132 1 1 1
838 1133 1 1 1
1015 1132 1 1 1
1398 1133 2 1 2
1460 1132 8 6 36
394 1134 22 5 51
493 1134 4 2 5
812 1134 1 1 1
952 1135 1 1 1
1153 1134 1 1 1
1656 1135 3 2 4
676 1137 2 2 4
1006 1136 1 1 1
1126 1136 1 2 2
1140 1137 3 4 7
1322 1137 1 2 2
377 1138 3 3 8
628 1138 2 3 5
647 1139 1 1 1
765 1139 1 1 1
941 1139 1 1 1
1152 1138 1 1 1
1218 1139 4 5 17
1377 1139 1 1 1
648 1141 2 5 8
964 1141 2 2 4
1654 1141 2 2 3
1743 1141 1 1 1
578 1143 2 3 3
1205 1143 9 15 106
1416 1143 1 1 1
1450 1142 9 6 44
1778 1142 7 6 23
469 1145 1 2 2
489 1144 1 2 2
695 1144 1 1 1
961 1145 3 4 9
1115 1144 1 1 1
1323 1144 8 5 32
1357 1144 1 1 1
392 1147 4 4 8
684 1146 2 1 2
1191 1147 2 3 4
1331 1147 20 23 141
1366 1146 1 2 2
1380 1146 9 11 71
1720 1146 5 4 9
471 1149 1 1 1
531 1149 1 1 1
677 1149 3 2 6
701 1148 2 10 12
952 1149 2 9 18
1225 1149 2 2 3
1281 1149 3 2 5
566 1151 8 10 17
713 1151 1 2 2
1309 1151 1 2 2
272 1152 1 1 1
550 1153 6 2 7
676 1152 1 1 1
691 1152 1 2 2
732 1153 1 1 1
1090 1152 1 2 2
1570 1153 2 2 3
488 1155 1 1 1
613 1155 3 4 7
633 1154 7 4 17
654 1155 1 3 3
675 1154 1 1 1
741 1155 1 6 6
753 1155 1 1 1
1099 1154 15 17 80
1134 1154 1 2 2
1645 1155 1 1 1
1228 1156 1 1 1
1490 1156 1 1 1
419 1159 1 1 1
493 1158 9 2 10
602 1159 1 2 2
689 1159 1 2 2
717 1159 1 1 1
939 1159 4 6 18
1199 1158 1 1 1
1240 1159 11 14 41
470 1160 9 20 62
507 1161 3 2 4
660 1161 6 6 32
718 1161 14 12 72
756 1160 1 1 1
401 1163 1 1 1
492 1165 1 2 2
745 1165 4 3 9
886 1165 1 2 2
908 1164 2 5 8
976 1164 2 3 4
1232 1164 1 1 1
1268 1165 1 1 1
1321 1165 1 1 1
1366 1165 5 5 20
400 1166 1 1 1
546 1166 2 3 4
642 1167 1 1 1
698 1166 1 1 1
949 1167 2 4 8
1183 1167 1 2 2
1281 1167 4 3 9
1302 1166 1 1 1
1689 1166 18 18 184
435 1168 2 2 3
588 1169 2 3 5
1383 1168 17 18 196
1745 1169 12 10 89
1785 1169 17 18 176
682 1170 1 1 1
933 1171 1 1 1
1158 1170 1 1 1
1311 1170 1 1 1
1465 1170 2 2 4
1610 1170 1 1 1
994 1172 4 16 31
1048 1173 1 1 1
555 1175 1 1 1
625 1174 1 1 1
650 1174 1 1 1
926 1175 19 27 131
1193 1175 2 1 2
1237 1175 4 5 17
1315 1175 12 16 103
1331 1174 1 1 1
1447 1174 5 5 18
631 1177 1 1 1
827 1176 1 1 1
921 1177 2 2 4
1494 1177 1 1 1
327 1178 1 1 1
607 1179 1 1 1
761 1179 1 1 1
852 1179 1 1 1
1118 1178 1 1 1
1733 1178 7 6 33
493 1180 5 6 24
566 1180 1 1 1
1268 1181 1 1 1
1410 1180 1 2 2
635 1183 7 11 24
970 1182 25 29 187
1481 1182 4 4 7
1575 1183 8 8 30
563 1185 1 1 1
647 1184 1 1 1
1032 1184 11 4 36
1235 1185 1 1 1
550 1186 1 1 1
961 1186 2 4 7
1257 1187 2 1 2
1402 1187 2 1 2
1442 1186 16 10 59
1495 1186 7 6 29
1520 1187 8 8 44
1564 1186 1 1 1
1659 1186 1 1 1
1725 1186 6 7 25
1815 1187 13 16 89
461 1188 2 2 3
482 1189 9 2 10
606 1188 1 1 1
656 1188 1 1 1
703 1188 1 2 2
789 1188 7 5 22
1185 1188 2 1 2
1342 1189 1 1 1
73 1191 2 3 4
573 1191 1 1 1
729 1190 2 3 5
925 1190 1 1 1
1123 1190 8 2 9
1281 1191 1 1 1
1303 1191 1 1 1
1336 1190 2 5 10
414 1193 1 1 1
539 1192 2 3 5
620 1193 1 3 3
853 1192 1 3 3
903 1195 1 1 1
1090 1195 2 1 2
1137 1195 1 1 1
1208 1195 7 4 21
1362 1195 30 25 98
1395 1195 10 11 73
1707 1195 1 1 1
229 1196 9 5 17
496 1196 1 2 2
542 1196 1 1 1
1033 1197 1 1 1
1383 1197 1 1 1
1709 1196 5 6 23
576 1198 1 1 1
953 1199 1 1 1
997 1198 1 1 1
1333 1198 1 1 1
1429 1199 1 1 1
1675 1198 2 3 4
317 1200 3 3 8
658 1200 15 9 45
959 1201 1 1 1
1275 1200 4 3 9
56 1202 2 2 2
649 1203 2 3 5
699 1202 1 1 1
912 1202 1 1 1
1003 1203 3 1 3
1166 1202 4 3 11
1476 1202 24 15 224
1528 1202 10 14 49
1206 1205 4 7 11
1323 1204 2 1 2
1585 1204 1 2 2
434 1207 1 1 1
525 1207 1 1 1
569 1206 2 2 3
903 1207 9 6 14
1022 1206 3 4 10
1262 1207 2 1 2
1284 1206 14 4 22
1417 1207 1 1 1
648 1208 1 3 3
1142 1209 2 1 2
1254 1209 5 5 19
1309 1209 1 1 1
1338 1208 2 1 2
575 1210 1 2 2
620 1211 3 7 11
855 1211 13 8 43
892 1210 12 18 79
930 1210 1 1 1
1124 1210 1 1 1
1220 1210 29 18 228
1768 1210 11 10 56
448 1213 1 1 1
874 1213 2 1 2
959 1213 1 2 2
983 1212 1 1 1
1018 1213 3 2 5
1102 1213 2 4 7
1141 1212 1 1 1
1174 1213 2 3 5
1302 1213 1 1 1
687 1214 1 1 1
1438 1215 2 2 3
1565 1214 1 2 2
639 1216 5 12 38
913 1217 2 11 12
169 1218 1 1 1
370 1218 6 5 15
438 1218 1 1 1
477 1218 1 1 1
712 1218 1 2 2
800 1219 1 1 1
936 1218 1 1 1
1064 1219 1 1 1
1155 1218 16 10 67
1359 1218 1 1 1
1427 1219 11 9 78
414 1221 2 2 2
481 1221 5 2 6
824 1220 8 2 11
924 1220 1 1 1
1008 1221 1 1 1
1093 1220 4 2 8
1556 1221 2 7 8
352 1223 5 5 20
563 1223 4 5 13
799 1222 1 1 1
931 1222 1 1 1
941 1222 3 6 8
973 1223 8 5 23
1081 1223 7 5 34
1507 1223 10 5 23
1585 1222 1 1 1
458 1224 1 4 4
515 1224 1 4 4
700 1225 4 3 8
761 1225 2 3 5
820 1225 1 3 3
832 1224 1 4 4
875 1225 8 3 10
1351 1225 4 3 11
1467 1224 15 4 23
1706 1225 1 3 3
1029 1226 1 2 2
