0 0 1840 1228 2087832
459 0 18 42 488
537 0 13 31 227
620 0 16 44 465
682 0 4 2 8
812 0 22 39 454
926 0 20 33 234
958 0 18 14 162
1071 0 88 193 6055
1172 0 19 37 375
1324 0 4 3 11
1353 0 29 36 560
1386 0 8 9 56
1405 0 7 9 55
1431 0 7 7 42
1517 0 23 22 368
1621 0 25 24 424
1646 0 67 124 3463
1716 0 94 153 7100
680 6 23 31 350
1286 7 3 2 5
715 13 3 8 21
1476 12 6 5 21
853 17 41 81 1730
1294 19 10 15 99
1266 20 9 15 78
567 24 13 41 393
992 25 16 32 323
409 27 13 26 256
120 28 14 24 248
1018 31 7 13 66
497 33 9 23 145
547 33 4 5 11
372 39 10 13 98
595 38 16 54 406
522 41 9 15 104
1282 45 3 3 7
1406 44 32 34 637
953 49 9 15 109
791 54 9 19 116
394 57 12 9 64
736 56 13 29 276
937 57 6 7 33
1284 57 15 46 323
480 73 5 2 7
537 75 14 51 333
1334 74 36 62 812
1461 74 8 10 50
455 77 6 7 26
695 77 22 35 425
224 79 17 32 389
1214 79 7 11 48
422 81 14 25 255
1057 80 2 1 2
1381 85 7 14 69
1238 87 4 4 13
1604 87 26 27 428
0 88 9 25 60
570 89 9 14 91
492 91 7 13 68
1428 94 16 22 189
443 101 12 24 218
725 102 8 14 90
1476 102 4 4 12
852 106 10 20 147
1028 106 8 16 93
1199 107 4 6 17
1519 106 24 32 552
1682 106 27 33 637
1229 108 88 127 5623
1821 111 19 52 712
10 117 2 5 5
736 117 21 50 647
611 118 9 15 102
759 118 35 57 1221
48 120 23 32 525
1448 121 5 6 20
12 123 3 7 9
890 127 4 8 21
15 131 10 27 37
1379 131 11 17 129
310 134 3 2 4
1005 136 15 33 325
1175 144 7 11 49
133 147 14 15 173
529 146 8 18 125
506 151 9 17 111
1035 151 9 22 113
1193 150 7 9 38
886 152 4 6 15
1313 152 49 71 1357
424 154 18 38 527
1400 157 1 1 1
25 159 1 1 1
1639 158 6 3 10
931 161 16 42 416
26 162 2 4 5
1044 162 38 56 951
538 164 4 5 15
28 167 1 1 1
120 170 18 54 399
30 173 1 1 1
545 179 4 2 4
536 182 19 32 209
488 187 20 11 64
510 186 3 1 3
705 186 3 5 13
912 188 5 5 21
996 191 9 17 104
1418 193 12 9 71
239 201 8 7 39
511 202 19 11 152
1209 203 5 4 17
1072 205 33 63 1050
784 209 6 8 36
650 215 41 54 1310
554 219 8 11 65
703 221 9 14 96
1365 221 22 18 235
1194 222 17 13 80
83 231 22 25 353
140 230 1 1 1
1031 231 4 4 10
1398 230 42 105 2342
315 233 15 19 195
1665 234 36 50 945
543 237 33 38 478
1031 241 38 79 1242
1229 240 9 14 84
1456 243 14 15 151
241 244 13 20 204
835 245 5 6 27
729 246 52 89 2284
1031 247 5 8 31
1180 246 6 6 27
1208 247 12 15 104
124 254 70 21 610
1316 254 1 1 1
880 258 13 22 200
939 258 9 20 125
327 261 11 17 129
1022 262 4 5 16
1326 263 4 3 10
1338 262 29 25 448
797 264 8 17 97
835 269 5 8 29
1491 269 35 51 1235
1015 275 7 9 49
1176 278 14 2 28
336 283 10 13 101
1305 282 4 4 13
831 284 6 17 73
945 285 22 18 274
1100 284 8 11 68
1255 287 26 40 722
490 289 7 9 46
977 289 31 72 1509
1543 291 12 7 61
385 293 1 1 1
1289 293 22 25 340
1027 296 6 8 33
521 299 18 41 342
1660 298 39 31 889
451 301 1 1 1
502 304 10 15 109
904 307 9 10 66
698 309 10 17 124
1317 309 5 5 20
1231 311 8 12 65
1185 312 23 53 727
1379 313 3 4 8
209 319 11 9 76
441 318 3 5 13
829 320 13 20 94
1463 322 26 46 778
1725 326 46 47 1204
762 329 19 38 541
1825 332 15 37 489
1021 334 5 16 41
1145 334 4 6 18
710 336 9 19 132
1229 337 10 18 113
379 341 23 15 178
492 341 35 22 303
1038 340 5 5 22
1378 340 3 1 3
1333 344 14 21 104
1499 344 59 71 2030
1053 347 14 12 73
344 351 6 9 34
1278 350 5 7 23
877 353 2 3 6
1295 354 3 3 7
1313 354 3 2 6
803 356 23 48 476
1087 359 1 1 1
96 360 2 3 6
84 363 12 15 91
904 363 22 19 165
110 366 2 2 3
959 370 13 25 231
992 373 6 14 43
548 376 7 9 49
1175 376 9 16 92
1590 377 50 77 2189
724 379 42 48 1029
1030 379 5 6 25
1060 379 15 29 317
710 380 6 11 57
1316 385 27 43 653
1124 388 14 19 125
703 391 6 6 29
1228 394 6 4 18
443 399 6 7 36
781 402 6 9 37
880 403 4 5 15
565 405 5 5 18
847 404 4 8 28
492 409 34 52 664
800 410 2 2 3
1352 410 1 1 1
1366 412 1 1 1
391 415 6 13 58
857 414 7 9 44
1095 416 7 8 40
556 418 8 12 77
1128 419 4 3 7
910 420 3 3 7
1148 420 18 31 355
1649 420 8 4 16
1028 422 14 22 175
692 424 10 14 97
1189 424 3 2 4
1730 424 11 7 49
960 427 11 17 131
1287 426 10 8 66
1200 429 51 97 1759
808 430 5 6 24
846 432 21 36 361
1356 433 33 43 891
100 437 8 7 40
461 439 4 4 12
576 440 6 7 38
1241 443 4 4 13
718 444 15 38 395
744 444 13 25 256
1043 447 6 10 38
814 449 11 17 131
1012 449 5 7 30
1434 448 24 38 576
531 450 7 7 37
1747 450 11 15 105
991 453 3 4 9
1335 454 6 16 58
1019 456 5 9 37
1701 456 7 7 36
477 465 6 7 38
569 466 4 2 6
688 467 14 29 288
831 470 9 26 176
762 473 25 40 632
1290 475 4 2 8
946 476 17 30 343
511 479 8 16 86
590 478 6 8 40
534 482 1 1 1
1002 482 5 7 21
1033 483 26 32 299
1484 484 38 66 1411
365 486 21 14 99
1649 486 36 53 1225
1021 489 5 10 40
918 493 19 43 513
1271 492 3 2 4
1162 494 3 3 5
1333 496 4 8 13
306 499 1 1 1
1281 499 4 6 21
867 501 2 2 4
1309 500 4 3 11
51 503 14 22 237
1103 503 4 5 13
345 504 3 4 8
1316 504 2 2 3
1126 507 6 2 8
838 508 16 15 138
470 512 11 11 97
724 513 2 1 2
800 512 4 4 10
316 515 10 10 59
1146 514 18 21 205
523 520 4 4 9
1270 521 6 15 38
397 523 1 1 1
952 522 22 49 535
501 524 2 1 2
803 524 2 2 3
983 524 11 12 87
823 527 5 9 35
1044 529 4 6 19
1256 529 5 7 25
390 530 1 1 1
409 531 2 4 5
413 530 1 1 1
1022 530 4 7 20
1199 537 4 6 19
1676 538 13 12 128
1119 540 1 1 1
1066 542 1 1 1
1224 543 2 2 3
375 544 7 6 32
1040 544 4 9 18
1557 545 25 46 764
535 547 7 13 75
708 547 27 24 217
795 547 10 17 105
1068 547 3 1 3
1023 550 3 3 5
1689 551 1 2 2
1340 552 23 45 621
149 554 11 12 84
838 554 2 2 3
497 556 1 1 1
900 557 2 1 2
1439 556 26 36 640
1153 558 7 7 29
1094 560 3 5 12
1167 561 40 70 1201
1331 560 3 3 7
643 562 30 16 267
1073 565 18 27 255
1637 565 2 2 4
578 567 1 1 1
595 567 1 1 1
197 569 9 9 60
391 568 6 7 22
984 569 18 11 134
1688 569 3 4 6
580 571 1 1 1
252 579 2 1 2
906 579 1 1 1
1171 579 3 3 7
1232 579 1 5 5
1093 581 6 8 32
1589 583 21 20 286
923 584 1 1 1
915 586 6 10 34
1486 586 24 39 646
473 588 7 6 24
1243 588 29 58 884
806 591 24 20 246
626 593 15 23 255
652 593 1 1 1
847 593 1 3 3
1239 592 1 1 1
1574 592 1 1 1
735 594 5 6 20
930 595 1 1 1
962 594 17 17 126
133 596 4 3 9
496 596 1 3 3
556 597 2 2 3
586 597 6 8 33
1220 596 5 6 26
706 600 17 14 108
928 601 1 1 1
499 602 30 15 189
472 605 4 4 9
652 605 11 16 144
530 607 1 1 1
532 606 1 1 1
858 607 3 3 7
1106 607 4 6 16
552 611 2 2 3
1390 611 23 49 699
1009 612 2 2 3
385 614 16 14 79
607 617 2 1 2
323 618 2 1 2
1088 619 4 4 10
1748 618 27 24 382
770 621 5 6 17
1203 620 1 1 1
1649 620 10 9 65
734 623 8 11 69
794 624 6 13 63
903 626 1 3 3
988 627 9 14 91
1118 626 8 22 115
1276 627 25 42 589
1534 627 17 16 209
459 629 21 20 176
658 629 3 1 3
1212 628 3 5 14
593 630 3 1 3
944 631 1 1 1
952 630 8 23 94
885 635 1 1 1
439 636 4 2 7
514 636 1 1 1
970 636 1 1 1
544 638 5 7 21
596 639 1 1 1
1654 638 2 2 3
704 640 14 27 228
883 640 1 1 1
941 640 1 2 2
930 642 1 1 1
497 645 5 4 12
973 645 1 3 3
564 646 3 2 4
581 646 1 1 1
173 648 1 1 1
1135 649 1 1 1
1213 648 32 55 993
1321 648 18 25 284
974 650 1 2 2
1765 651 1 1 1
927 652 1 1 1
962 653 1 2 2
1089 652 4 5 13
1752 652 7 4 15
523 657 1 2 2
802 657 1 1 1
1052 657 32 44 618
1151 657 8 8 52
1188 657 2 4 5
582 658 2 2 3
804 658 1 1 1
975 660 7 10 58
588 662 1 1 1
948 662 5 6 23
722 665 1 1 1
1431 665 15 16 173
784 667 11 11 71
934 667 1 1 1
1621 667 34 30 734
1592 668 9 10 71
405 671 1 1 1
1108 670 3 5 13
1274 670 1 1 1
1285 670 1 1 1
1499 671 4 2 8
1169 672 3 1 3
1262 673 4 3 8
1785 672 47 57 1555
575 674 1 1 1
807 675 15 28 188
1310 675 3 2 3
1489 675 7 14 48
685 677 19 21 303
753 676 5 8 37
987 676 1 1 1
545 679 2 2 4
566 680 2 1 2
648 680 2 1 2
1208 680 3 3 8
482 683 2 2 4
966 683 5 5 15
1088 682 2 2 4
548 684 2 5 6
762 685 3 3 7
486 687 5 6 23
1176 686 5 7 30
459 689 1 1 1
631 691 12 29 284
894 690 53 61 734
740 692 4 6 17
664 695 4 2 7
1400 696 30 79 1506
727 699 4 4 9
408 700 7 8 28
847 700 5 8 34
1191 703 6 5 18
702 705 1 1 1
948 705 1 1 1
459 707 1 3 3
520 707 8 11 64
537 706 1 1 1
750 706 1 1 1
1061 706 12 26 207
1137 706 3 3 7
1273 706 40 57 1063
538 708 4 4 12
769 709 2 2 2
1174 709 1 2 2
1092 710 1 1 1
895 715 7 7 39
996 715 7 11 33
1242 715 3 2 6
761 718 8 17 47
1148 718 8 2 15
1188 719 49 115 1981
506 723 1 1 1
816 723 1 1 1
1177 723 3 2 5
1016 725 1 1 1
1249 727 13 20 190
1136 731 1 2 2
997 735 1 1 1
1541 734 29 64 1235
549 736 4 3 7
581 736 7 11 47
936 737 11 13 75
1666 737 2 1 2
1833 736 7 20 100
454 738 1 1 1
1436 738 26 32 606
93 740 2 1 2
1147 741 10 10 47
1644 741 56 59 1243
502 742 1 1 1
843 743 7 13 56
976 743 9 6 19
1063 742 5 10 34
314 746 1 1 1
561 749 1 1 1
688 748 7 11 43
1131 749 1 1 1
744 751 4 6 19
767 751 4 8 26
1122 750 6 7 24
1389 750 1 1 1
1034 752 2 2 2
1239 753 11 13 107
1094 754 2 1 2
1221 755 9 8 53
474 758 8 7 29
195 761 7 6 27
821 761 6 6 23
856 762 4 6 17
1113 762 5 11 16
1174 763 2 3 5
404 764 7 10 48
874 765 78 73 1952
1138 765 1 1 1
340 767 3 3 7
663 766 6 8 34
624 768 12 18 147
1081 768 1 2 2
600 770 1 1 1
1087 770 1 2 2
1155 771 2 1 2
1265 771 15 20 228
483 773 5 8 38
753 773 6 15 33
1160 773 1 1 1
1339 773 2 2 3
1767 774 34 31 723
1239 781 3 5 13
301 783 2 2 3
337 783 4 3 7
995 782 19 48 435
305 785 1 1 1
466 785 1 1 1
1127 785 1 1 1
1451 785 4 3 9
519 786 2 2 4
844 787 8 21 62
1129 789 2 3 4
642 790 12 32 222
1310 791 20 38 462
494 793 13 10 44
966 793 2 2 4
1262 792 3 2 5
575 795 7 9 39
1724 800 3 2 4
1107 802 56 84 1361
1497 803 44 36 763
464 805 5 4 12
745 804 13 28 245
1744 804 2 1 2
1176 808 3 4 10
484 810 2 1 2
868 811 1 1 1
450 813 6 7 29
660 812 12 18 143
1194 813 3 4 8
1765 812 1 1 1
816 815 6 11 50
842 817 1 2 2
955 817 4 4 12
1401 818 4 2 4
1782 818 1 1 1
443 821 1 1 1
736 821 1 1 1
1127 820 1 1 1
843 822 1 1 1
1065 822 1 1 1
480 824 4 5 12
1015 825 1 1 1
1046 825 4 5 14
199 826 1 2 2
241 827 7 6 22
381 827 7 8 41
557 827 15 18 176
814 826 1 2 2
844 827 1 1 1
1094 826 3 5 11
165 833 11 12 91
514 832 4 4 7
528 833 1 1 1
1126 833 3 3 8
1534 833 17 15 163
736 834 4 3 8
784 835 1 1 1
1289 835 6 3 12
1775 836 1 1 1
701 839 2 1 2
1116 838 1 1 1
537 841 5 8 31
1217 841 3 4 10
1725 840 3 3 5
1320 842 13 28 189
723 844 1 1 1
477 846 4 5 10
848 846 1 1 1
981 848 1 1 1
1009 848 3 4 10
1498 849 1 1 1
529 850 3 4 9
781 850 5 9 30
913 851 2 2 4
1076 850 4 6 17
466 853 2 1 2
1192 852 1 1 1
917 854 2 2 4
1675 857 25 34 469
1002 858 16 39 336
1064 858 16 37 343
539 861 1 1 1
603 860 10 11 65
1151 861 20 26 288
1822 863 3 2 5
451 865 7 3 12
1521 865 1 1 1
1826 865 8 2 9
1398 867 1 1 1
1524 867 4 3 8
1297 868 13 17 134
926 871 2 4 7
1271 870 2 1 2
1744 871 1 1 1
472 872 3 2 5
504 872 3 3 8
1102 872 1 1 1
479 874 3 2 6
751 874 14 22 153
902 876 2 2 4
951 877 18 23 198
1091 877 1 1 1
629 878 4 6 17
731 878 3 3 9
1033 879 1 1 1
1620 879 20 18 202
1783 878 1 1 1
870 880 3 3 7
441 885 2 2 3
920 887 9 18 65
1107 887 3 6 10
1452 886 1 1 1
1467 887 1 1 1
385 889 3 9 11
723 889 2 2 3
872 888 30 21 288
1127 889 1 1 1
100 890 3 3 5
1291 891 2 3 5
355 894 1 1 1
350 896 3 1 3
576 897 1 1 1
699 897 3 1 3
1126 896 9 10 29
1337 897 1 1 1
279 899 3 2 3
1160 899 10 24 134
81 901 8 6 36
1397 900 1 1 1
789 905 2 3 6
1148 904 2 3 5
1701 905 3 2 4
1218 906 4 5 11
1316 907 28 32 592
56 908 11 7 53
450 908 2 2 2
483 909 1 1 1
1260 908 1 1 1
1413 908 1 1 1
1610 909 17 7 36
1661 908 1 2 2
708 911 418 264 33177
1183 911 3 3 7
508 913 1 1 1
396 914 3 3 6
681 914 1 1 1
1106 914 2 1 2
1284 915 22 46 599
1530 914 22 27 374
604 917 8 10 50
1467 917 2 1 2
501 918 1 2 2
890 919 1 1 1
978 918 4 10 24
1190 918 1 2 2
1230 918 12 18 156
467 920 12 5 21
565 920 1 2 2
757 920 3 3 6
913 921 1 2 2
690 922 3 4 12
1161 924 22 20 197
1252 931 2 2 2
688 932 2 11 12
790 933 2 2 3
929 932 2 2 3
1207 932 4 10 20
1462 933 2 1 2
1495 933 35 30 455
1623 932 1 1 1
751 934 2 1 2
1120 935 10 20 144
594 937 9 11 65
1793 937 1 1 1
395 938 2 1 2
509 938 1 1 1
909 939 5 13 40
1057 939 1 4 4
1686 940 20 20 233
444 942 13 18 179
502 943 6 4 14
1265 942 1 1 1
1312 945 4 2 5
1369 945 18 26 350
1398 945 1 1 1
55 946 7 10 40
1073 946 1 1 1
1219 947 1 1 1
404 949 2 4 5
556 948 7 6 29
1153 948 1 1 1
1442 948 1 1 1
1277 950 3 2 5
862 953 4 5 15
1412 953 4 3 5
718 955 4 7 22
890 954 2 1 2
473 958 2 2 3
922 958 3 3 8
1248 959 7 5 26
548 960 6 8 24
1569 960 1 1 1
1607 961 31 36 805
331 964 6 8 38
939 967 1 2 2
528 968 1 1 1
641 968 9 15 91
993 969 1 2 2
1218 968 16 15 98
1421 968 20 29 405
661 971 1 2 2
735 970 1 1 1
1542 970 19 18 211
875 972 1 1 1
981 975 1 3 3
1372 975 1 1 1
127 977 8 8 46
854 976 5 4 12
983 979 1 1 1
1063 978 3 3 8
1157 978 2 2 3
1167 979 27 27 220
1206 978 3 5 7
986 980 1 1 1
1235 982 1 1 1
199 984 1 1 1
485 984 2 2 3
574 986 36 27 321
396 988 1 3 3
457 989 3 2 5
482 988 3 2 6
847 989 9 15 94
1459 989 2 2 3
446 991 1 1 1
940 990 5 5 19
723 993 3 2 5
1217 992 1 1 1
1515 993 9 7 40
494 994 2 1 2
694 994 1 1 1
1043 995 1 2 2
1151 994 1 1 1
1452 995 1 1 1
1541 996 2 2 3
1650 996 1 1 1
538 999 5 3 9
898 998 2 3 5
1601 999 2 1 2
361 1001 3 3 9
1042 1000 1 3 3
1221 1001 4 3 6
1326 1000 1 1 1
655 1003 3 3 6
144 1005 1 1 1
667 1007 1 1 1
1633 1006 19 18 222
669 1008 1 1 1
1297 1008 1 1 1
1178 1012 1 1 1
828 1014 3 6 13
876 1014 1 2 2
1207 1014 3 5 7
1225 1014 1 1 1
1424 1016 1 1 1
1509 1016 1 1 1
1826 1016 3 2 4
80 1019 2 1 2
1288 1018 5 2 8
1477 1018 2 2 4
1539 1019 1 1 1
1693 1020 1 1 1
519 1022 14 10 72
1124 1023 1 1 1
1514 1022 3 2 5
1540 1022 1 1 1
1001 1025 1 2 2
1175 1026 3 3 7
1210 1027 2 2 2
1635 1027 1 1 1
414 1029 1 1 1
574 1029 1 1 1
1164 1031 1 2 2
1259 1031 13 13 86
106 1032 1 1 1
1169 1033 1 1 1
1247 1032 1 1 1
1408 1032 1 1 1
128 1034 1 1 1
1618 1035 2 1 2
375 1037 4 6 13
625 1037 1 1 1
1222 1037 3 3 7
111 1039 1 1 1
470 1038 6 11 48
823 1038 2 5 8
863 1038 1 2 2
618 1040 4 4 7
856 1040 3 6 13
1126 1041 1 1 1
1177 1041 1 1 1
1401 1040 1 1 1
1426 1040 1 1 1
1508 1040 17 13 125
276 1042 2 1 2
1281 1042 4 4 11
1142 1044 1 1 1
1153 1045 2 3 5
489 1046 1 1 1
1547 1046 5 5 15
284 1048 4 3 5
1141 1048 1 1 1
1210 1049 1 1 1
1157 1050 2 2 3
1232 1051 1 2 2
1324 1052 6 4 16
544 1055 21 18 227
1290 1055 21 60 569
1362 1055 16 22 226
161 1057 1 1 1
249 1057 2 2 3
330 1058 1 1 1
429 1059 3 2 5
1701 1059 2 2 4
419 1061 3 4 7
867 1061 1 2 2
1414 1061 2 1 2
1511 1061 3 2 4
1162 1062 3 1 3
201 1064 1 1 1
291 1064 1 1 1
1119 1065 1 1 1
1258 1064 4 1 4
487 1067 1 2 2
907 1067 1 1 1
1282 1069 1 1 1
122 1071 2 1 2
194 1072 1 1 1
1137 1073 1 1 1
1481 1073 1 1 1
1219 1074 1 2 2
986 1076 11 3 15
461 1079 1 1 1
1390 1080 2 1 2
117 1082 1 1 1
1247 1084 4 2 6
1329 1084 2 2 2
563 1087 5 8 35
1395 1086 7 3 14
512 1090 1 1 1
1255 1093 1 1 1
162 1095 2 1 2
623 1094 5 5 13
1195 1095 2 2 2
1172 1097 2 2 4
1252 1098 1 1 1
1519 1099 1 1 1
398 1101 3 1 3
450 1101 3 3 6
1419 1100 2 1 2
337 1102 1 1 1
690 1103 2 2 3
1348 1103 4 3 8
1554 1102 4 14 20
580 1106 3 2 4
424 1108 1 1 1
1364 1109 7 6 33
1201 1110 6 7 23
1476 1111 2 2 4
1483 1110 1 1 1
1487 1111 1 2 2
1334 1113 1 1 1
1385 1113 1 1 1
630 1114 4 9 27
1489 1114 2 2 3
107 1116 1 1 1
317 1116 3 3 5
1304 1117 1 1 1
1316 1116 1 1 1
301 1119 2 1 2
428 1120 1 12 12
1331 1120 1 1 1
1432 1120 1 1 1
296 1122 1 1 1
1226 1122 1 1 1
1309 1123 9 9 37
374 1124 3 3 7
1185 1127 2 3 4
454 1128 7 15 88
493 1128 1 1 1
1171 1129 10 10 36
1279 1129 7 6 26
1429 1128 4 4 6
1362 1130 1 1 1
1397 1130 1 1 1
1403 1133 1 1 1
1685 1133 3 4 9
128 1135 1 1 1
282 1134 3 3 5
1367 1134 1 1 1
1159 1137 1 1 1
1349 1136 2 2 2
130 1139 1 1 1
326 1139 1 2 2
559 1138 1 1 1
1310 1139 4 3 7
557 1140 1 1 1
1515 1142 1 1 1
111 1145 3 2 4
128 1145 2 1 2
693 1145 2 2 2
1273 1144 13 10 86
1380 1144 1 1 1
646 1146 1 1 1
1381 1147 2 2 2
1497 1146 2 2 2
35 1148 3 3 5
375 1149 3 2 4
738 1148 2 4 6
1760 1149 1 1 1
347 1151 1 1 1
472 1150 1 1 1
1226 1150 2 2 3
1439 1151 1 2 2
266 1153 1 1 1
450 1153 2 2 4
1139 1152 2 1 2
115 1155 3 3 6
457 1155 1 2 2
719 1154 1 1 1
665 1160 1 1 1
1495 1160 6 2 11
391 1162 4 4 8
416 1163 4 12 15
586 1162 1 1 1
1263 1163 3 1 3
1391 1163 2 2 3
694 1165 1 1 1
766 1165 4 6 13
1316 1164 2 2 3
453 1166 4 4 9
679 1166 1 1 1
1666 1167 1 1 1
1414 1169 9 4 25
308 1171 3 2 4
1037 1170 1 2 2
1478 1170 4 4 13
5 1172 2 2 2
1236 1173 1 1 1
1310 1173 6 11 30
1570 1172 3 2 5
69 1174 2 1 2
479 1174 2 3 6
552 1174 1 1 1
1358 1174 1 1 1
1286 1176 1 1 1
230 1179 4 2 5
472 1178 3 3 7
1249 1179 1 1 1
1627 1179 1 1 1
724 1180 1 1 1
198 1183 1 1 1
187 1184 3 3 6
834 1184 2 9 10
966 1184 1 2 2
1488 1185 3 1 3
1308 1186 2 1 2
62 1188 2 2 3
1564 1189 1 1 1
418 1191 3 3 4
1156 1191 1 1 1
1551 1191 3 2 5
282 1193 2 2 3
1050 1193 1 1 1
1101 1193 1 2 2
342 1194 1 1 1
1544 1195 1 1 1
1100 1197 1 1 1
1173 1197 2 5 6
1545 1196 15 14 113
495 1198 3 2 3
849 1198 3 4 8
278 1201 1 1 1
968 1200 1 1 1
1474 1200 18 28 326
524 1202 1 2 2
701 1203 2 4 7
842 1203 1 1 1
983 1203 2 4 7
1025 1202 1 2 2
1360 1203 11 6 36
1622 1203 5 3 9
91 1205 1 1 1
521 1204 1 1 1
675 1204 1 1 1
839 1205 1 1 1
1524 1205 9 4 14
692 1207 2 1 2
759 1207 1 2 2
1035 1206 1 2 2
659 1208 1 1 1
733 1208 2 2 4
1264 1208 1 1 1
1081 1210 1 1 1
1188 1211 1 1 1
1520 1211 4 7 17
106 1213 3 3 7
689 1212 1 2 2
1767 1212 1 1 1
1066 1215 1 1 1
1017 1219 1 2 2
1359 1219 1 1 1
1670 1218 1 1 1
275 1221 1 1 1
287 1220 1 1 1
307 1222 8 6 17
1583 1222 2 6 11
1071 1224 10 4 31
1315 1225 1 3 3
360 1227 3 1 3
