0 0 1840 1228 1897562
218 0 2 1 2
251 0 31 25 371
300 0 8 3 12
426 0 2 2 4
464 0 9 3 17
563 0 8 13 90
594 0 11 22 201
766 0 5 2 9
846 0 31 43 709
916 0 6 13 65
959 0 3 1 3
1045 0 6 5 26
1061 0 3 3 7
1124 0 16 12 136
1237 0 15 8 87
1346 0 19 24 355
1492 0 14 10 100
323 5 1 1 1
886 5 4 6 21
186 7 25 35 640
1102 6 15 37 272
348 8 11 2 12
368 8 2 1 2
773 8 6 11 52
1150 8 4 10 21
1563 9 14 12 113
723 10 2 2 3
1032 11 7 12 72
1640 11 18 22 278
316 12 2 2 4
725 15 2 1 2
490 16 34 17 309
998 17 5 9 33
921 18 12 33 161
1747 19 18 20 228
1053 23 28 22 228
1512 23 22 29 447
650 25 4 2 4
461 28 2 9 10
817 28 17 21 244
881 29 5 7 29
952 29 3 5 11
555 31 1 1 1
965 34 3 2 3
1414 34 20 18 248
391 36 1 1 1
1031 38 5 8 32
1204 39 7 10 51
1446 38 24 28 396
337 40 24 24 158
630 41 1 1 1
713 40 1 1 1
1076 40 4 8 26
1684 41 33 27 460
733 44 2 1 2
967 44 19 26 289
1127 45 16 8 81
1272 45 28 39 590
566 47 4 1 4
635 47 14 13 100
685 47 1 1 1
758 47 6 11 54
692 49 1 1 1
803 48 5 6 22
383 53 1 2 2
655 52 1 1 1
946 52 1 1 1
472 55 5 6 16
487 55 26 38 289
530 55 14 15 153
576 56 6 13 33
274 59 47 32 804
681 59 2 1 2
813 59 15 9 104
1533 59 18 32 423
1130 61 4 7 21
562 62 2 1 2
368 65 2 1 2
465 64 5 2 6
1565 65 39 23 439
413 67 2 1 2
1056 67 4 7 17
1149 66 5 7 21
524 68 1 1 1
177 71 2 1 2
353 70 1 1 1
616 70 1 1 1
662 70 9 10 40
1056 70 32 25 269
1490 70 6 6 22
565 73 4 2 5
591 76 6 3 12
608 76 1 1 1
618 77 1 1 1
1184 76 7 10 49
599 79 2 2 3
647 78 9 12 86
686 79 1 1 1
346 80 2 5 6
1006 81 15 12 157
357 83 2 2 4
426 82 1 1 1
476 82 1 1 1
756 83 2 2 3
782 82 1 1 1
902 82 2 1 2
945 83 7 12 57
205 84 15 19 221
425 84 1 2 2
435 84 1 1 1
774 84 1 1 1
864 85 2 1 2
1305 85 15 22 234
1422 84 10 11 79
634 86 1 1 1
739 86 1 1 1
986 86 4 7 23
1116 86 4 7 21
0 88 18 27 362
472 89 1 1 1
586 88 2 1 2
1190 89 21 20 250
94 90 1 1 1
318 90 1 1 1
332 91 22 15 77
371 91 2 1 2
599 91 29 32 175
698 91 1 1 1
870 91 1 1 1
118 92 2 1 2
422 92 1 9 9
669 93 1 1 1
805 93 1 1 1
547 95 13 11 81
588 95 2 1 2
1004 95 47 51 450
139 97 1 1 1
393 97 2 2 3
439 96 13 9 29
836 97 1 1 1
930 97 1 1 1
1002 96 6 13 36
1449 96 21 18 213
238 99 48 23 344
834 99 1 1 1
1129 99 13 17 67
375 101 7 4 10
403 100 3 2 4
488 101 2 2 4
561 100 37 23 299
675 101 1 1 1
720 100 1 1 1
726 101 1 1 1
854 101 1 1 1
1620 100 1 1 1
1639 100 42 20 440
1822 101 3 1 3
299 102 3 1 3
418 103 1 1 1
461 103 4 2 7
514 102 2 2 3
665 103 2 1 2
786 102 1 1 1
1042 102 1 1 1
1622 102 7 6 24
1719 102 20 19 264
81 105 2 1 2
128 105 1 1 1
168 104 2 1 2
190 104 2 3 4
319 104 5 2 7
411 105 4 9 15
455 105 2 2 3
495 105 1 1 1
845 104 2 1 2
918 104 4 4 12
923 105 14 11 74
374 106 1 1 1
484 106 2 1 2
888 107 11 8 37
1165 106 1 1 1
1361 106 1 1 1
505 108 1 1 1
732 109 2 1 2
757 109 2 1 2
1116 109 1 1 1
1178 109 5 6 26
355 110 3 1 3
947 110 3 1 3
1067 110 11 17 119
1221 110 1 1 1
202 113 1 1 1
720 112 9 2 9
958 113 2 1 2
323 115 3 2 5
484 117 2 1 2
675 117 19 19 169
917 117 6 9 50
1442 117 1 1 1
31 119 23 27 417
648 118 1 1 1
876 118 2 1 2
1142 118 27 8 77
1506 119 16 20 208
64 121 26 25 443
450 120 1 1 1
531 120 1 1 1
641 121 2 1 2
703 121 13 9 79
764 121 18 8 50
833 120 15 14 103
940 120 4 3 6
808 123 8 4 12
851 123 2 1 2
1117 122 1 1 1
1204 122 25 31 314
276 125 22 24 224
453 124 2 2 3
654 124 10 20 103
736 125 1 1 1
1641 125 27 31 555
534 126 2 1 2
909 126 1 1 1
1258 126 2 2 3
1424 126 19 25 327
1595 126 15 15 150
1699 126 19 18 230
222 128 26 18 193
423 129 6 5 10
750 129 2 1 2
881 129 1 1 1
985 129 2 1 2
1055 128 9 15 81
1241 128 1 1 1
1387 129 21 27 363
1736 128 19 18 239
210 130 4 5 10
448 130 1 1 1
484 131 1 1 1
526 131 2 1 2
1103 131 1 1 1
354 132 5 3 10
784 133 8 11 70
820 132 1 1 1
828 133 2 9 18
945 133 7 2 9
1101 133 1 1 1
1281 133 2 1 2
431 135 1 1 1
470 134 3 2 5
506 134 1 1 1
704 134 1 1 1
851 135 1 1 1
1030 135 2 1 2
1089 135 1 1 1
1136 134 13 6 23
413 137 2 1 2
555 136 6 1 6
579 137 57 51 676
741 137 1 1 1
766 137 1 1 1
911 136 1 1 1
128 139 1 1 1
160 139 1 1 1
249 139 3 9 12
561 138 1 1 1
1072 138 25 22 184
122 140 1 1 1
462 140 1 1 1
627 141 2 1 2
674 141 1 1 1
755 140 1 1 1
760 141 3 5 11
982 141 2 2 3
1036 140 2 2 4
1254 140 2 1 2
55 143 1 1 1
132 143 1 1 1
690 143 1 1 1
706 142 1 1 1
819 143 5 8 34
836 142 1 1 1
1023 143 28 47 478
204 145 9 9 33
214 144 1 1 1
964 145 1 1 1
1297 144 1 1 1
1305 144 32 25 449
1481 144 3 2 5
410 147 2 1 2
446 146 14 11 34
730 147 25 31 245
977 146 1 1 1
178 149 2 1 2
238 148 1 1 1
533 149 23 21 264
630 148 3 2 6
675 148 4 7 11
874 148 5 20 69
901 148 5 8 16
1099 149 2 1 2
1237 148 2 2 3
1804 149 1 1 1
123 151 2 1 2
347 151 6 1 6
408 150 1 1 1
638 150 1 2 2
780 151 2 1 2
854 151 271 281 12369
973 150 3 5 14
1021 151 1 1 1
1109 150 7 14 50
1492 151 1 1 1
1805 151 1 1 1
34 153 3 1 3
160 152 1 1 1
167 152 12 15 115
433 152 2 2 4
528 153 1 1 1
1222 153 19 17 129
1253 152 1 1 1
1366 153 4 1 4
272 155 1 1 1
398 154 1 1 1
484 155 10 1 10
498 155 22 17 190
692 154 2 1 2
991 155 1 1 1
1144 154 2 1 2
1448 155 37 23 398
1586 155 2 1 2
681 157 1 7 7
982 157 3 2 5
1130 156 1 1 1
1166 156 1 1 1
1269 157 1 1 1
1624 157 22 22 328
1833 156 2 2 3
216 158 2 3 4
529 159 1 1 1
662 158 11 14 72
839 158 5 6 22
1176 158 12 9 53
1796 159 1 1 1
138 161 1 1 1
243 160 44 54 878
461 161 13 17 150
477 160 1 1 1
560 160 8 13 24
633 160 2 1 2
777 160 2 1 2
1017 161 1 1 1
1208 161 2 1 2
1257 161 6 4 18
1752 160 2 1 2
7 163 21 20 329
264 163 1 1 1
323 163 16 17 174
763 163 2 1 2
810 162 8 7 42
1160 162 2 1 2
639 164 1 1 1
1058 165 11 25 176
1089 165 22 15 111
1116 164 14 26 114
48 167 1 1 1
68 166 1 1 1
77 167 1 1 1
161 166 2 2 3
390 167 1 1 1
439 166 2 1 2
678 166 41 70 485
708 166 1 1 1
889 166 2 2 4
1158 166 1 1 1
1201 167 2 1 2
1276 166 3 2 3
182 169 5 3 9
354 168 1 1 1
368 168 4 2 5
523 169 2 1 2
649 168 2 1 2
716 168 2 6 8
1301 169 1 1 1
1754 169 15 14 139
655 171 2 1 2
785 171 6 9 46
819 170 6 15 44
1427 171 3 1 3
1682 171 17 16 130
1705 170 3 4 6
1825 170 1 1 1
287 173 1 1 1
582 172 4 1 4
1141 172 2 1 2
1426 173 19 14 79
208 175 1 1 1
1088 175 1 1 1
1192 175 2 1 2
1296 175 4 2 6
1388 174 1 1 1
1653 174 20 43 557
72 177 20 22 281
144 176 1 1 1
178 177 1 1 1
199 176 7 17 27
380 177 1 1 1
426 176 1 1 1
804 176 2 1 2
987 176 10 24 150
1273 177 1 1 1
299 179 1 4 4
439 179 3 2 6
569 178 1 1 1
660 178 7 12 34
1024 179 1 1 1
1228 178 1 2 2
1261 179 2 1 2
1488 179 2 1 2
164 180 1 1 1
273 180 1 1 1
446 181 1 1 1
808 180 1 1 1
1367 180 2 1 2
1818 181 2 1 2
496 182 10 14 62
557 183 3 1 3
576 183 3 2 5
728 183 2 1 2
1281 183 6 2 8
1565 183 1 1 1
1704 183 24 26 415
1835 183 5 2 10
7 184 1 1 1
231 185 2 1 2
447 185 2 1 2
454 185 13 22 187
644 185 1 1 1
646 184 2 1 2
746 185 17 16 117
811 185 1 1 1
1181 185 2 1 2
1253 185 1 1 1
122 186 2 2 3
354 186 1 2 2
548 187 2 1 2
715 186 1 1 1
813 186 8 10 17
861 186 1 1 1
1799 186 2 2 2
284 189 3 1 3
484 189 1 1 1
532 188 13 15 82
560 188 3 1 3
717 188 1 1 1
1028 188 2 6 11
1084 189 2 1 2
1093 189 19 35 281
1165 188 2 1 2
1277 188 2 1 2
1289 189 9 3 15
1357 188 2 1 2
1381 188 1 1 1
1472 189 17 15 151
1495 188 2 1 2
1581 189 1 1 1
1595 189 23 24 331
219 190 1 1 1
362 191 1 2 2
739 190 2 1 2
1143 190 4 4 8
1452 190 2 2 3
626 193 1 1 1
720 193 1 1 1
792 193 9 7 15
1010 193 1 1 1
1125 193 3 2 4
1159 192 4 2 6
1423 192 17 11 80
1518 192 1 1 1
1689 193 1 1 1
1824 193 2 2 4
1831 192 3 1 3
39 194 1 1 1
234 195 1 1 1
351 194 2 2 3
520 194 3 8 10
688 195 3 3 5
1337 194 2 1 2
1465 194 1 1 1
31 197 3 2 5
145 197 4 10 13
208 196 3 7 16
272 197 72 93 2355
353 197 9 12 79
387 197 1 2 2
604 196 7 1 7
613 197 1 2 2
627 197 24 39 306
785 197 2 1 2
831 197 1 1 1
1174 197 11 1 11
1203 197 2 1 2
159 198 1 1 1
306 198 1 2 2
428 199 1 1 1
484 199 2 2 4
860 198 2 1 2
1258 198 2 1 2
1327 199 1 1 1
1353 199 1 1 1
1403 199 1 1 1
1459 198 3 3 9
1781 198 22 17 206
98 200 4 1 4
557 201 16 35 111
586 201 1 9 9
841 200 2 1 2
1118 200 1 1 1
1200 200 2 1 2
1394 200 7 4 26
372 202 2 1 2
616 203 9 8 28
672 202 2 1 2
808 202 1 1 1
1071 203 1 1 1
1211 202 1 1 1
1301 203 2 1 2
1458 202 1 1 1
1514 203 10 10 52
190 205 1 1 1
445 205 2 2 3
530 205 1 1 1
681 205 9 10 21
730 204 7 4 10
767 205 35 37 282
812 205 1 1 1
1306 205 2 1 2
1755 205 1 1 1
500 206 21 27 247
610 206 1 1 1
1182 207 1 1 1
1237 206 11 9 41
1374 206 1 1 1
1563 207 3 1 3
224 209 5 2 8
660 208 27 25 247
1245 209 34 69 751
1333 209 17 21 179
10 210 2 1 2
136 211 4 10 16
374 211 3 2 3
385 210 1 1 1
427 211 1 1 1
603 211 1 1 1
652 211 1 1 1
844 211 3 2 4
920 211 10 8 57
1291 210 3 3 7
1426 211 2 2 3
180 213 36 33 550
699 213 1 1 1
726 213 2 1 2
760 213 5 7 29
813 212 1 1 1
1183 213 1 1 1
1204 213 1 1 1
1414 212 6 5 14
1441 212 4 3 8
1460 213 4 3 9
1829 213 1 1 1
210 214 6 2 9
416 215 2 1 2
479 214 3 2 6
820 215 1 1 1
827 214 2 1 2
85 217 4 2 7
108 216 14 5 34
161 216 5 2 9
529 217 1 10 10
585 216 1 1 1
1132 216 1 1 1
1154 216 1 2 2
1202 216 1 1 1
1836 217 4 1 4
54 218 2 1 2
256 218 2 2 4
439 219 1 1 1
463 218 2 1 2
488 218 1 2 2
582 218 2 2 4
605 219 9 13 37
691 219 1 1 1
1081 219 1 1 1
1216 219 1 1 1
1406 219 2 1 2
1445 219 3 1 3
1468 219 2 1 2
1546 218 1 1 1
443 221 1 2 2
550 221 1 1 1
623 221 1 1 1
752 220 5 7 34
1166 221 4 6 8
1190 220 2 2 3
1378 220 16 18 109
1404 220 1 1 1
1493 221 13 26 203
1671 221 1 1 1
252 222 1 1 1
311 222 2 1 2
346 222 2 2 3
383 222 11 16 98
476 222 3 2 6
739 223 9 11 26
837 222 1 1 1
425 224 9 1 9
457 224 15 10 94
528 224 95 69 1560
1236 224 2 1 2
1357 224 2 1 2
1632 225 2 1 2
1638 225 13 13 129
42 226 3 1 3
104 226 4 3 6
1223 227 4 2 7
1295 226 1 1 1
1485 227 1 1 1
1531 227 2 1 2
1765 226 2 1 2
1773 227 19 18 214
1835 227 5 1 5
444 228 9 5 13
487 229 1 1 1
625 229 1 1 1
658 229 2 8 9
810 229 10 13 59
1197 228 1 1 1
1618 229 1 1 1
1824 228 1 1 1
79 230 1 1 1
731 230 1 1 1
759 230 1 1 1
1075 230 47 30 521
1367 231 1 1 1
1544 231 1 1 1
23 233 2 1 2
144 232 5 4 12
481 233 2 1 2
514 233 12 17 110
576 233 2 1 2
1133 232 4 2 6
1272 233 26 11 81
1457 233 32 64 875
1816 233 1 1 1
124 235 10 4 21
164 235 2 1 2
417 234 67 93 1285
474 234 4 2 8
618 234 1 1 1
727 234 2 1 2
1166 234 10 14 60
1710 234 1 1 1
49 237 2 1 2
160 237 2 1 2
343 237 4 1 4
633 237 2 1 2
754 236 1 1 1
766 237 1 1 1
1148 236 4 3 8
1204 237 1 1 1
1332 236 1 1 1
1574 236 3 1 3
122 239 1 1 1
368 239 10 11 87
653 238 3 3 8
688 239 6 8 13
713 238 1 1 1
1372 238 1 1 1
1406 239 1 1 1
1432 238 13 16 147
1521 238 1 1 1
1568 239 3 11 14
1738 238 1 1 1
1752 239 2 1 2
211 241 3 2 4
731 241 2 2 3
1218 240 1 1 1
1222 241 22 37 276
1242 241 1 1 1
56 243 2 1 2
410 243 1 1 1
576 243 1 1 1
747 243 1 1 1
757 242 1 1 1
832 242 1 1 1
1062 242 2 2 3
1129 242 13 6 40
1155 242 2 1 2
1180 242 23 22 151
466 245 1 1 1
727 244 1 1 1
772 245 20 20 98
1268 245 2 1 2
1417 245 6 10 37
1743 244 2 1 2
1768 245 1 1 1
1834 245 1 2 2
277 246 3 1 3
392 247 2 1 2
663 247 1 1 1
702 247 4 6 17
731 246 38 29 314
899 246 13 17 80
1662 246 22 31 408
467 249 3 2 5
805 249 3 1 3
859 248 15 27 105
883 249 8 6 22
922 249 3 4 9
934 249 6 7 26
1144 248 1 1 1
1159 248 1 1 1
74 250 1 1 1
165 251 1 1 1
229 251 1 1 1
505 250 2 1 2
620 250 3 1 3
722 251 1 1 1
815 251 21 31 219
1582 250 4 3 11
1826 251 1 1 1
43 253 1 1 1
98 252 2 1 2
479 252 2 2 3
641 252 25 28 112
1542 252 2 2 3
1568 253 50 45 672
389 255 3 2 5
695 254 2 1 2
715 254 4 17 27
839 255 15 11 61
244 256 2 2 4
664 256 19 7 49
1133 257 4 2 5
1156 257 2 2 4
1213 257 1 1 1
1256 256 53 62 774
1539 256 2 2 4
23 259 12 5 16
76 258 2 1 2
122 258 8 1 8
202 258 48 48 797
386 258 36 48 524
463 258 2 1 2
485 259 2 1 2
625 259 1 1 1
1326 258 1 1 1
1330 259 1 1 1
1498 259 2 2 3
1534 258 2 1 2
1631 259 14 8 63
65 260 1 1 1
344 260 1 1 1
370 260 1 1 1
491 260 7 2 14
893 260 1 1 1
1064 261 1 1 1
1115 261 2 1 2
1179 261 3 4 6
1724 261 4 2 7
1739 261 2 2 3
1766 261 2 2 2
159 262 3 3 6
508 262 3 2 4
920 263 2 2 2
1144 262 1 2 2
1755 262 3 1 3
1836 262 4 2 6
49 265 1 1 1
799 265 7 9 18
878 265 1 1 1
896 264 8 10 45
932 264 3 1 3
944 265 5 4 10
1147 265 1 1 1
1366 264 1 1 1
1501 265 1 1 1
1743 265 3 1 3
1811 264 3 2 4
501 267 1 1 1
769 267 1 1 1
1073 266 1 1 1
1089 267 50 13 126
1168 267 1 1 1
1214 267 1 1 1
175 268 1 1 1
381 269 1 1 1
695 269 14 20 59
1080 269 1 1 1
1413 268 33 71 949
1572 268 2 1 2
1695 268 3 3 4
101 270 1 2 2
521 270 3 6 12
626 270 66 56 604
720 270 26 24 168
1185 270 3 1 3
1781 270 9 14 42
105 273 1 1 1
138 272 3 3 6
374 272 1 1 1
505 273 1 1 1
762 272 36 50 447
793 273 1 1 1
886 273 3 2 4
916 273 12 18 73
1315 272 1 1 1
1625 272 1 1 1
1737 272 1 1 1
426 274 2 2 4
634 275 27 16 136
970 275 1 1 1
1063 274 8 4 13
1206 274 10 10 28
1335 275 1 2 2
1336 274 38 38 463
1407 274 1 1 1
1505 274 5 5 16
1521 275 1 1 1
1644 275 6 2 8
1707 275 4 5 12
1720 275 11 5 20
39 277 1 1 1
471 277 4 2 8
789 276 4 2 5
940 276 1 2 2
954 276 1 1 1
1495 276 1 1 1
1659 277 2 2 4
1743 276 2 1 2
1807 277 6 5 19
1822 276 4 2 5
369 278 3 2 4
835 278 10 8 42
854 278 16 10 44
1142 279 3 1 3
129 280 2 1 2
309 281 2 2 4
479 280 1 1 1
882 280 3 3 5
891 281 9 12 50
1075 280 1 1 1
1160 281 1 1 1
1185 280 3 2 5
1336 280 7 7 19
1397 280 1 1 1
1502 281 1 1 1
1759 281 1 1 1
1839 280 1 3 3
155 282 2 1 2
505 282 6 4 19
528 282 12 13 52
751 282 3 6 13
801 283 2 1 2
968 282 16 24 161
1515 283 3 2 5
1679 282 3 2 5
1719 283 1 1 1
1746 283 1 1 1
240 285 1 1 1
388 285 1 1 1
804 284 20 13 83
909 284 1 1 1
935 285 1 1 1
1112 285 4 6 13
1133 285 15 10 75
1792 285 10 2 11
259 287 1 2 2
499 286 3 1 3
1076 286 1 1 1
1623 287 1 1 1
1778 287 1 2 2
1827 287 1 1 1
102 289 1 1 1
712 289 18 27 159
948 288 1 1 1
1053 289 2 1 2
1094 289 6 9 22
1493 288 1 1 1
1693 289 4 2 7
1809 289 22 37 294
178 290 2 2 3
246 291 1 1 1
373 291 24 22 192
480 290 14 21 195
1207 291 2 1 2
1252 291 1 1 1
1304 290 2 2 4
1322 290 1 1 1
1339 290 1 1 1
1380 291 27 44 518
1519 290 1 1 1
1542 290 2 1 2
398 293 1 1 1
455 292 2 2 3
594 292 2 1 2
616 292 4 1 4
902 293 11 5 29
1170 293 5 2 9
1496 293 2 1 2
1672 293 2 1 2
1838 293 2 2 3
235 295 1 1 1
603 294 2 2 4
1520 294 2 2 4
1617 295 3 2 5
1731 294 1 1 1
78 296 1 1 1
287 297 1 1 1
365 296 6 5 25
514 296 53 33 668
736 296 17 22 137
802 297 1 1 1
825 296 1 1 1
1123 297 7 6 33
1206 296 1 1 1
1676 296 1 1 1
1704 297 2 1 2
268 298 1 1 1
463 298 2 3 6
504 299 11 11 57
522 298 1 1 1
609 298 2 1 2
698 298 2 1 2
808 299 2 2 4
844 299 4 1 4
1029 298 1 1 1
1110 299 1 2 2
1153 299 1 1 1
1303 299 1 1 1
1598 298 55 75 1065
1788 298 17 26 139
352 301 14 31 172
915 301 19 23 229
1030 300 3 7 9
1177 300 37 21 181
1415 300 4 2 5
0 303 20 18 300
892 303 1 1 1
1311 303 2 2 3
1423 302 1 1 1
1488 303 1 1 1
1491 302 3 1 3
1552 303 1 1 1
1749 302 1 1 1
1767 303 4 3 8
465 304 1 1 1
826 304 2 2 3
1225 304 13 26 83
1459 304 2 2 3
1510 304 1 1 1
1697 304 12 5 19
58 306 3 2 5
812 306 43 31 284
961 307 8 4 25
979 307 1 1 1
1116 307 3 2 6
1135 306 1 1 1
1322 306 2 2 4
1511 306 8 16 51
1544 307 30 30 403
194 309 1 1 1
206 308 2 6 7
586 308 28 19 192
686 308 79 79 1099
815 308 2 1 2
1136 309 1 1 1
1304 309 6 4 12
1537 309 4 3 9
395 311 29 15 76
886 311 1 1 1
958 311 1 1 1
990 310 1 1 1
1121 311 3 5 10
1159 310 1 1 1
1161 311 1 1 1
1656 310 3 2 6
1669 310 3 1 3
1676 311 3 5 11
1777 311 3 1 3
371 312 2 1 2
891 313 1 1 1
1104 313 1 1 1
1469 312 4 2 7
1722 312 1 1 1
1831 313 4 1 4
41 315 1 1 1
87 314 2 1 2
157 315 2 2 3
1024 315 2 1 2
1319 314 1 1 1
559 317 15 9 42
801 317 2 2 4
821 316 1 2 2
978 317 2 5 10
1221 317 1 1 1
1409 317 1 1 1
1525 316 9 18 40
1713 316 2 1 2
322 319 12 5 19
754 319 13 10 51
875 318 5 7 29
901 318 1 1 1
1192 318 1 1 1
1355 318 2 2 2
1369 319 1 1 1
1582 318 14 14 84
1753 318 1 2 2
203 320 2 3 6
806 320 6 10 35
1132 320 2 1 2
1150 320 6 2 7
1725 321 12 12 35
1774 320 1 1 1
302 322 3 1 3
681 323 4 3 8
959 322 1 1 1
1155 323 34 19 319
1345 322 1 1 1
1503 322 18 19 144
1668 322 1 2 2
22 324 23 24 377
349 325 1 1 1
1112 325 1 1 1
1208 325 1 1 1
1308 325 1 1 1
1332 324 3 1 3
1691 324 3 2 5
1810 325 3 1 3
387 326 3 1 3
492 327 1 1 1
498 327 21 18 109
786 327 1 1 1
904 327 1 1 1
1283 327 1 1 1
1749 327 1 1 1
1765 327 2 1 2
1777 327 3 2 6
238 329 1 2 2
435 329 2 1 2
552 328 1 1 1
582 329 1 1 1
608 329 1 1 1
781 329 1 1 1
929 328 11 23 84
1104 329 1 1 1
1119 329 2 1 2
1136 328 10 5 14
1324 329 2 2 4
1694 329 1 1 1
438 330 4 8 11
591 331 1 1 1
637 330 1 1 1
742 331 1 1 1
796 330 4 7 13
914 330 2 3 6
1093 331 1 1 1
1202 330 3 9 11
1291 330 2 7 8
1683 330 2 1 2
1743 330 2 1 2
174 333 1 1 1
228 332 1 1 1
268 333 1 1 1
399 333 3 3 8
1211 333 13 21 158
1243 333 15 21 77
1445 333 1 2 2
1454 332 41 33 459
1647 333 3 2 6
1716 333 1 1 1
1769 332 7 2 10
1830 332 10 2 12
352 335 1 1 1
527 334 2 1 2
647 334 2 2 3
749 335 2 1 2
947 335 4 6 20
962 335 6 9 40
1274 334 1 1 1
1756 335 4 1 4
256 337 2 1 2
342 336 2 1 2
557 336 7 6 12
765 337 16 19 140
1091 337 1 1 1
1410 336 2 3 5
1576 337 1 2 2
1665 336 12 13 47
1690 336 6 8 23
67 338 1 1 1
155 339 2 2 3
194 339 1 1 1
356 339 1 1 1
403 339 10 15 105
543 338 1 1 1
586 338 24 36 312
670 339 7 9 17
907 338 2 4 7
996 338 8 5 16
1142 338 1 1 1
1264 338 1 1 1
1322 339 2 1 2
1789 339 1 1 1
335 340 2 2 3
367 341 3 2 6
860 340 1 1 1
889 341 5 6 22
1105 341 2 3 5
1271 340 1 1 1
1342 340 16 7 23
1552 341 2 1 2
1710 340 4 2 7
1817 341 1 2 2
0 342 2 1 2
100 343 1 2 2
177 342 1 1 1
372 343 1 2 2
431 343 2 2 3
797 342 41 30 238
841 343 2 1 2
969 343 28 52 443
1013 342 1 1 1
1118 342 1 1 1
1138 343 1 1 1
1286 342 1 4 4
1437 342 1 1 1
1580 343 1 1 1
1779 342 10 16 77
1825 343 15 8 57
102 345 31 50 570
193 345 34 26 340
569 344 1 1 1
581 344 4 16 33
1113 344 1 1 1
1148 344 8 13 37
1309 344 1 1 1
1362 344 6 8 41
1529 344 8 4 21
1583 344 1 1 1
1706 344 21 14 98
276 347 16 17 137
421 346 8 6 23
526 346 1 1 1
553 347 1 1 1
624 346 2 1 2
621 346 18 28 256
924 346 1 1 1
1281 347 1 1 1
1298 347 18 14 72
1319 346 1 1 1
1330 346 3 2 5
1546 346 1 1 1
1584 347 2 9 17
1800 347 1 1 1
1811 347 1 1 1
242 349 12 14 119
527 349 2 2 3
544 349 1 1 1
896 349 5 6 21
1384 349 3 1 3
1420 349 4 2 5
1638 349 5 6 15
1742 349 1 1 1
163 351 3 2 5
341 351 1 1 1
439 350 1 1 1
647 350 1 1 1
660 351 1 1 1
847 350 18 10 30
1003 351 1 1 1
1499 351 3 2 5
1683 350 4 2 7
1762 351 1 1 1
1801 351 1 1 1
142 352 2 2 3
474 352 2 1 2
875 352 3 5 13
1125 352 1 1 1
1326 353 2 2 4
1431 352 20 21 222
1537 352 6 6 22
1740 352 1 1 1
1804 353 12 9 22
0 354 1 1 1
343 355 1 1 1
1129 355 4 3 8
1199 355 12 6 42
1222 354 1 1 1
1226 355 4 10 23
953 356 5 6 22
968 356 1 1 1
995 356 1 1 1
1005 357 3 4 6
1260 356 6 5 10
1352 356 59 54 808
1408 357 3 2 4
1511 356 20 21 128
1591 357 3 2 5
1704 356 2 2 4
1734 356 1 1 1
1758 357 40 55 653
424 358 2 1 2
470 358 1 1 1
538 358 8 4 13
1827 358 4 3 9
335 361 1 1 1
362 360 1 1 1
652 360 3 1 3
780 360 1 1 1
1218 360 48 71 816
1398 361 2 2 2
176 362 2 1 2
233 362 1 1 1
483 362 1 1 1
677 363 1 1 1
724 362 50 69 665
1183 363 5 3 7
1552 362 4 2 8
1695 362 2 2 4
1712 362 2 4 6
1744 362 11 4 14
1819 362 1 1 1
182 365 5 2 6
512 364 3 1 3
612 364 1 1 1
658 364 2 2 3
1142 364 10 9 73
1334 365 3 2 5
1428 364 2 2 4
1632 364 1 1 1
1682 365 1 1 1
159 367 1 1 1
240 366 1 1 1
353 367 2 1 2
498 366 1 2 2
547 367 1 1 1
779 367 22 19 168
901 366 1 1 1
1274 366 1 1 1
1348 366 2 1 2
1592 367 129 119 4474
446 368 2 1 2
497 369 1 1 1
676 369 1 1 1
688 368 2 1 2
911 368 1 1 1
1134 369 1 1 1
1167 368 12 4 26
1271 369 3 3 9
1414 369 14 17 85
1541 369 24 19 212
1585 368 1 2 2
1731 368 2 2 4
493 370 2 1 2
551 370 3 5 11
828 370 236 112 10207
1016 370 1 1 1
1190 371 1 1 1
1486 370 4 5 6
1625 371 2 1 2
296 373 2 2 4
309 372 18 14 185
412 373 4 2 7
613 373 1 1 1
748 373 1 1 1
837 372 17 21 124
1132 373 2 1 2
1202 372 1 1 1
1331 372 1 1 1
1498 372 1 1 1
1601 372 1 1 1
1807 372 1 1 1
403 375 2 1 2
488 374 1 1 1
528 375 1 1 1
573 374 8 3 10
608 375 1 1 1
802 375 17 18 80
1152 374 3 3 9
1205 375 1 1 1
1230 374 5 3 7
1747 374 2 1 2
298 377 1 1 1
372 376 8 9 44
671 376 1 1 1
856 377 1 1 1
1005 377 1 1 1
1275 377 4 10 29
1312 376 2 3 4
1452 377 21 33 274
1739 376 2 1 2
425 379 1 1 1
475 378 1 1 1
541 378 18 24 133
572 378 1 1 1
598 379 4 2 6
685 378 1 1 1
896 378 1 3 3
1355 379 1 2 2
1438 378 1 1 1
1503 378 2 2 2
1589 379 1 1 1
0 380 1 1 1
225 380 6 2 8
350 381 1 2 2
442 381 1 1 1
489 380 11 14 43
665 381 1 1 1
687 380 5 4 11
825 380 2 3 4
1078 381 2 6 7
1165 381 25 10 73
1535 380 71 96 1872
1825 381 2 2 3
460 383 3 1 3
1124 383 51 29 480
1202 383 22 26 230
1347 383 1 1 1
1801 382 1 1 1
100 384 3 1 3
242 385 32 32 459
512 384 18 18 130
628 385 1 1 1
650 385 10 9 71
662 384 1 1 1
1736 385 2 1 2
1810 385 2 1 2
830 387 2 3 6
1326 387 19 29 211
1537 386 1 1 1
1829 387 5 3 6
160 388 3 2 5
467 388 1 1 1
618 389 2 2 2
1232 389 1 1 1
1300 389 2 1 2
104 391 3 2 5
327 391 1 2 2
571 391 2 1 2
775 391 1 1 1
292 393 3 1 3
796 393 3 3 8
1274 393 1 1 1
1516 393 17 16 147
5 395 1 1 1
143 395 5 4 14
282 395 3 1 3
696 394 17 24 74
722 394 2 1 2
1074 395 5 7 34
1271 395 1 1 1
1284 395 1 1 1
1756 395 1 1 1
1815 395 11 13 47
208 397 8 5 29
476 396 1 1 1
500 396 1 1 1
583 396 2 1 2
587 397 1 1 1
632 397 1 1 1
818 397 2 1 2
1182 396 1 1 1
1196 396 1 1 1
1311 396 4 4 9
590 398 1 1 1
682 399 3 3 8
691 398 1 1 1
754 399 4 2 5
828 398 2 1 2
955 398 1 1 1
1365 398 5 3 11
1427 398 6 3 15
1487 399 11 11 87
75 400 1 1 1
118 400 4 2 8
165 400 1 1 1
592 400 8 7 32
611 400 1 1 1
767 400 28 18 182
839 401 1 1 1
1413 401 1 1 1
1743 401 1 1 1
166 402 2 1 2
533 403 1 1 1
633 403 3 12 14
670 402 8 5 33
808 402 1 1 1
847 402 1 1 1
1191 403 1 1 1
1423 403 1 1 1
1723 403 17 11 63
421 405 1 1 1
464 404 5 2 6
657 405 2 1 2
798 405 1 1 1
1068 405 3 5 11
1073 404 15 12 48
1298 404 7 5 23
428 407 1 1 1
455 407 1 1 1
573 407 1 1 1
603 406 1 1 1
645 407 1 1 1
1141 407 6 3 14
1281 406 1 1 1
1419 407 1 1 1
1441 407 3 5 7
40 409 1 1 1
296 408 23 14 139
473 409 10 3 21
551 408 1 1 1
651 408 18 18 104
687 408 1 1 1
1184 408 1 1 1
1263 409 6 4 9
1615 408 1 2 2
1730 408 41 53 358
132 410 19 15 170
171 410 11 9 75
489 411 1 1 1
617 410 1 1 1
650 410 1 1 1
825 411 2 1 2
1197 410 3 1 3
1310 411 3 1 3
1395 410 11 4 14
1390 411 25 24 261
1476 410 3 3 5
1502 410 18 16 118
84 413 1 1 1
111 413 2 1 2
434 412 12 12 106
564 413 1 1 1
722 413 7 12 18
1130 413 79 122 2280
1343 412 24 19 158
236 415 1 1 1
532 414 6 12 63
621 415 1 1 1
1213 415 2 1 2
1292 415 2 2 4
1315 414 2 3 6
1373 415 13 10 52
1429 414 1 1 1
1540 414 3 2 5
1725 415 1 2 2
1825 414 2 2 4
113 417 3 19 23
155 416 1 1 1
160 417 1 1 1
368 416 5 4 13
463 416 9 7 25
513 417 7 3 10
695 417 2 1 2
813 416 8 5 21
1153 417 1 1 1
1188 417 4 2 7
1252 417 5 9 28
13 419 2 1 2
278 418 9 10 72
600 418 16 19 192
643 419 2 1 2
806 419 3 2 3
1273 418 1 1 1
1323 418 1 1 1
1334 418 1 1 1
1315 419 265 360 11351
1620 419 8 15 36
1643 419 4 5 13
1779 419 12 14 52
1808 419 9 8 24
1830 419 3 1 3
408 421 7 2 9
1062 420 3 2 4
1192 421 1 1 1
1281 420 2 2 2
1325 421 2 2 3
1519 421 18 17 80
1769 420 1 1 1
39 422 3 1 3
54 423 3 1 3
566 423 1 1 1
683 423 7 3 11
1607 422 2 3 5
1760 422 1 1 1
336 425 1 1 1
379 425 12 13 93
587 424 2 3 6
710 425 9 6 28
1125 425 1 1 1
1268 424 2 2 4
1309 425 4 3 7
1438 425 4 4 15
1541 425 1 1 1
242 427 1 1 1
262 426 7 5 27
447 426 13 2 15
493 426 3 2 3
538 427 10 4 35
560 427 5 5 13
1089 426 2 2 4
1212 426 1 1 1
1259 427 1 2 2
1811 427 19 15 73
1834 426 6 1 6
7 428 1 1 1
168 428 2 1 2
179 429 7 9 23
419 428 3 4 9
692 428 9 2 12
774 429 1 1 1
1078 429 3 3 8
1500 428 4 4 10
344 431 2 1 2
511 430 1 1 1
666 430 2 3 6
1058 431 2 3 6
1272 430 5 2 9
1331 431 3 5 12
1424 431 9 7 39
1550 431 3 4 5
1771 430 2 2 4
32 432 4 3 5
124 432 2 1 2
156 433 4 7 12
412 432 1 1 1
567 432 14 9 29
792 432 1 1 1
798 433 3 4 11
1202 433 1 1 1
1292 432 1 2 2
1299 432 20 19 114
1356 433 3 2 6
1382 433 2 1 2
1646 433 1 1 1
64 435 1 1 1
470 435 1 1 1
527 435 1 1 1
702 435 5 1 5
719 435 5 5 9
1193 435 1 1 1
1232 434 1 1 1
1373 434 2 2 3
140 436 1 1 1
216 437 1 1 1
240 437 3 3 6
394 437 14 15 133
420 437 18 17 70
461 436 1 1 1
665 437 1 1 1
770 437 2 1 2
782 437 1 1 1
1235 437 2 1 2
1322 436 1 1 1
1629 436 11 5 31
1709 437 3 3 4
19 439 2 1 2
490 438 1 1 1
548 439 1 1 1
1067 439 11 7 28
1418 438 5 4 19
1443 439 1 1 1
1538 438 2 1 2
1802 438 3 1 3
82 441 2 2 2
339 440 4 2 5
367 441 1 1 1
451 441 2 1 2
483 440 4 3 8
518 441 4 2 6
712 440 1 1 1
736 440 3 2 5
787 441 2 1 2
1084 441 25 40 279
1205 441 27 36 259
1346 441 11 6 46
1780 441 15 6 39
93 443 2 2 2
220 443 1 1 1
268 442 27 9 112
502 443 11 8 51
658 442 23 7 60
817 443 3 6 16
1515 443 8 14 63
1825 443 15 15 97
66 444 1 1 1
106 444 2 1 2
151 444 1 1 1
552 445 2 1 2
639 444 2 5 10
761 444 2 8 10
1256 445 7 2 9
1647 444 5 2 10
1723 444 1 2 2
377 447 4 3 9
470 447 13 17 102
554 446 26 22 196
705 446 1 1 1
1112 446 24 18 158
1281 447 1 1 1
457 448 3 3 9
544 449 1 1 1
1343 449 3 2 4
1368 449 2 1 2
1725 449 1 1 1
347 451 3 7 15
590 451 1 1 1
600 451 2 1 2
725 450 4 5 14
1241 451 1 1 1
1264 450 1 1 1
1326 450 1 1 1
1393 450 1 1 1
1481 451 19 25 177
1804 451 9 14 70
373 452 2 1 2
445 452 1 1 1
492 453 4 3 10
606 453 1 1 1
638 452 1 2 2
644 452 12 20 152
703 452 7 11 48
739 452 3 11 23
833 452 1 2 2
1289 453 1 1 1
1406 453 2 1 2
48 454 4 3 7
82 454 1 9 9
101 454 1 1 1
179 454 1 1 1
367 454 1 1 1
863 454 1 1 1
1068 455 9 13 34
1242 455 25 24 221
199 457 3 2 5
315 457 2 1 2
630 457 1 1 1
1277 456 2 2 4
1366 456 33 21 202
1400 456 2 1 2
461 458 1 1 1
489 458 1 1 1
535 459 1 1 1
851 459 1 2 2
1290 459 8 2 16
1305 458 3 1 3
1355 458 8 13 29
1736 459 7 8 20
113 461 5 5 13
339 460 7 5 32
410 461 1 1 1
623 460 3 1 3
690 461 1 1 1
1276 460 1 1 1
1340 461 1 1 1
1775 460 9 4 19
508 462 1 1 1
540 462 1 1 1
582 462 1 2 2
596 463 1 2 2
712 463 4 13 34
761 463 1 1 1
852 462 1 1 1
1007 462 2 3 4
1286 463 4 3 9
1824 463 1 1 1
72 465 1 1 1
83 464 2 1 2
209 464 18 10 123
244 464 34 32 377
517 465 1 1 1
778 465 9 7 47
880 464 2 5 9
1754 465 12 10 28
1830 465 10 21 59
104 466 1 1 1
377 467 16 27 103
430 467 1 3 3
587 466 30 41 378
836 466 1 1 1
854 467 1 2 2
1035 467 3 4 9
1401 466 2 5 6
1471 466 1 1 1
1512 467 11 9 41
1709 466 2 3 5
1796 467 4 1 4
1815 467 1 1 1
172 468 1 1 1
489 468 2 2 3
632 468 1 1 1
676 469 1 1 1
747 468 1 1 1
837 469 1 2 2
1074 469 79 64 1545
1525 468 8 3 17
1594 469 2 1 2
151 470 1 1 1
319 470 6 6 26
725 471 11 7 43
855 471 1 1 1
875 470 1 3 3
1109 471 10 8 55
1210 471 3 7 10
1346 471 6 8 20
1600 470 13 9 53
1675 471 2 1 2
1725 471 5 2 9
344 472 10 11 20
424 473 4 3 11
465 472 1 1 1
537 473 1 1 1
693 473 2 6 7
838 473 1 2 2
1292 473 24 10 95
1528 472 16 22 140
1675 473 41 82 1039
1772 473 3 2 3
91 474 2 2 3
159 475 2 1 2
163 474 1 1 1
175 474 1 1 1
363 474 1 1 1
405 475 2 1 2
471 475 9 10 26
508 475 1 1 1
566 474 2 1 2
1733 475 4 2 8
1789 475 24 40 196
1822 475 1 1 1
119 477 1 1 1
330 476 1 1 1
438 477 27 48 435
760 476 21 16 127
924 477 1 1 1
1497 476 15 17 75
27 478 1 1 1
280 478 1 1 1
416 478 2 1 2
514 479 1 1 1
643 478 1 1 1
672 479 1 1 1
811 479 2 4 8
1238 479 5 3 9
155 481 1 1 1
413 480 1 1 1
484 480 4 2 5
546 481 1 1 1
560 480 5 6 27
674 481 9 15 48
736 480 11 16 88
1591 481 4 4 11
1618 481 2 1 2
1732 481 40 41 698
1773 480 20 19 134
183 483 1 1 1
221 483 5 6 10
534 482 3 1 3
882 483 7 3 17
971 483 2 4 7
1284 482 3 12 25
1563 483 6 2 11
312 484 1 1 1
341 485 3 20 27
496 484 3 1 3
548 485 2 1 2
623 485 1 1 1
632 484 21 26 227
1225 484 1 1 1
1245 485 15 8 46
1728 484 1 1 1
94 486 1 1 1
171 487 2 1 2
326 486 3 4 7
353 486 3 1 3
526 487 1 2 2
783 486 5 6 23
977 487 10 6 21
1616 487 1 1 1
1628 487 13 8 53
1671 486 3 2 4
13 489 1 1 1
116 488 27 17 210
422 489 1 1 1
465 488 1 1 1
574 488 7 1 7
693 489 4 2 8
704 489 13 13 63
964 488 2 4 7
1263 489 2 4 5
1708 488 21 43 255
1822 489 1 1 1
1838 488 2 1 2
46 491 3 3 6
56 490 1 1 1
165 491 1 1 1
544 491 2 1 2
661 491 2 1 2
1212 490 70 63 1036
1517 490 1 1 1
1547 490 1 1 1
225 492 34 39 435
365 492 2 1 2
414 492 3 2 4
525 492 1 1 1
997 492 34 27 461
1064 492 4 4 14
1655 492 4 7 23
278 494 1 2 2
474 495 1 2 2
667 494 1 1 1
760 495 2 1 2
900 494 19 14 113
1273 495 43 49 824
1700 495 1 1 1
175 496 2 1 2
191 497 1 1 1
262 497 50 43 502
499 496 14 30 160
757 496 1 1 1
1482 497 5 6 14
1609 497 3 7 14
1812 497 5 5 9
156 498 9 7 56
352 499 1 1 1
487 499 2 2 4
698 498 1 1 1
779 498 1 1 1
951 498 37 57 739
1459 498 13 8 49
1574 498 1 1 1
20 500 3 2 4
201 501 1 1 1
330 501 2 1 2
466 500 6 6 33
481 501 1 1 1
821 501 3 5 13
855 501 10 7 29
893 501 1 3 3
1244 501 6 5 14
1591 500 2 2 3
39 502 1 1 1
110 503 2 1 2
309 503 1 1 1
404 502 2 1 2
722 502 2 2 3
1440 503 1 1 1
1768 502 2 2 4
1818 503 4 5 17
9 505 2 1 2
64 505 6 2 6
520 505 1 1 1
615 504 1 8 8
664 504 7 4 15
731 504 3 5 13
1545 505 1 1 1
48 506 1 1 1
91 506 4 2 8
531 506 2 1 2
559 506 1 1 1
568 507 1 1 1
1525 506 9 6 20
1579 506 12 4 38
432 509 2 2 3
463 509 3 5 15
558 508 1 1 1
697 508 5 1 5
750 508 1 1 1
753 508 16 14 107
1451 509 1 1 1
1502 508 13 18 93
1824 509 16 8 51
49 510 1 1 1
153 511 2 2 3
257 511 1 1 1
347 510 1 1 1
362 510 18 11 110
421 511 15 21 110
543 511 1 1 1
718 510 2 1 2
899 511 4 6 19
1339 511 1 1 1
1289 510 92 52 1176
1473 510 1 1 1
1495 511 1 1 1
214 513 2 2 2
524 513 1 1 1
887 512 1 3 3
930 513 2 2 4
1142 512 2 2 4
1149 512 23 16 141
1482 513 1 1 1
124 514 2 1 2
553 514 3 2 4
638 514 9 10 73
619 514 71 60 880
708 515 2 2 2
1485 515 3 2 5
1636 515 3 2 4
468 517 24 47 330
536 516 6 6 35
626 517 1 1 1
720 517 19 13 71
800 517 3 5 11
1327 517 1 1 1
1553 517 15 9 40
36 519 1 1 1
114 519 4 2 7
572 519 2 2 4
578 518 1 1 1
597 519 22 20 141
832 518 3 5 12
1218 518 1 2 2
1444 519 41 42 619
1582 518 95 52 1535
1663 518 6 3 13
1768 518 27 47 299
1809 518 4 3 10
47 520 8 10 29
75 521 1 2 2
492 521 1 1 1
583 521 9 6 30
625 520 1 1 1
682 521 1 1 1
1033 520 5 6 30
1055 521 2 5 10
1133 520 1 1 1
89 523 3 4 6
366 523 1 1 1
408 523 2 1 2
567 522 1 2 2
710 522 2 2 4
1130 522 3 2 5
1709 522 1 1 1
29 524 1 6 6
361 524 3 2 4
394 525 5 2 9
694 524 2 1 2
776 525 1 1 1
881 524 1 2 2
1511 524 34 29 430
1739 524 3 7 11
1816 525 1 1 1
0 526 6 2 12
140 527 29 26 333
497 527 1 1 1
515 527 22 19 154
544 526 1 1 1
706 526 4 1 4
714 526 737 421 75009
1804 526 6 10 41
9 528 8 4 25
631 529 2 1 2
703 528 2 1 2
743 528 10 9 24
814 529 7 9 28
844 529 1 3 3
993 528 2 3 6
1042 529 2 4 7
1278 529 3 2 6
1752 529 5 7 11
306 531 18 12 137
336 531 15 16 84
636 531 1 1 1
876 530 2 2 4
1179 531 1 1 1
21 533 1 1 1
196 532 10 1 10
357 533 1 1 1
405 533 21 34 97
542 533 26 8 52
1004 533 1 2 2
1147 532 1 1 1
1172 532 3 2 6
1493 532 5 3 12
769 535 2 4 8
1422 534 8 10 33
1559 534 2 1 2
1580 535 2 2 4
443 537 8 6 48
505 537 1 1 1
723 537 1 1 1
871 537 2 3 5
1385 536 1 1 1
1503 536 1 1 1
1574 537 2 2 3
1725 537 4 2 8
1799 536 4 2 5
1816 537 3 2 6
229 538 7 3 8
369 538 1 1 1
1202 538 1 1 1
1231 539 12 10 44
1505 539 1 1 1
64 541 20 22 192
99 541 4 1 4
295 540 9 10 69
714 540 2 2 3
731 541 14 14 71
822 541 11 6 23
892 540 1 2 2
1443 541 1 1 1
1558 540 8 12 35
1792 540 1 1 1
498 542 5 6 26
569 543 1 1 1
1473 543 4 3 12
1591 543 3 3 7
1720 543 6 8 15
1740 543 17 22 93
54 545 1 1 1
217 545 13 14 132
273 545 1 1 1
1147 545 1 1 1
1199 544 1 2 2
1285 544 3 8 17
1458 544 118 80 2481
1733 544 4 2 8
1821 545 3 3 7
16 547 4 2 4
50 546 3 1 3
442 546 1 1 1
1026 547 2 3 4
1161 547 1 1 1
1442 547 1 1 1
1543 547 2 2 3
598 549 1 1 1
765 549 1 1 1
805 548 5 6 26
1040 549 2 3 5
1053 549 1 2 2
1479 549 1 1 1
1738 549 2 1 2
1806 548 4 9 25
32 551 1 1 1
103 550 1 5 5
237 551 13 8 34
465 551 1 2 2
510 550 1 1 1
532 550 32 20 180
594 550 26 27 241
686 551 14 26 157
7 553 2 3 4
174 552 26 24 250
439 552 8 15 68
451 553 10 2 11
700 552 1 1 1
1247 552 26 17 98
1433 552 1 1 1
101 555 1 1 1
419 555 1 1 1
708 554 1 1 1
749 555 12 16 79
802 555 2 2 3
1156 554 4 7 10
1587 554 6 9 14
1602 555 1 1 1
120 556 7 7 21
154 556 1 1 1
709 557 1 1 1
826 557 5 16 49
899 556 2 2 4
965 557 2 3 4
1277 556 2 2 3
1421 557 1 1 1
1521 557 64 18 287
1692 557 1 1 1
1813 557 27 16 129
143 558 2 2 3
418 559 1 1 1
506 559 2 2 2
574 559 1 1 1
729 559 12 14 62
912 558 4 5 18
976 559 2 2 3
1005 558 2 3 5
1026 559 2 2 3
1236 559 5 3 13
1342 559 1 1 1
1423 558 10 11 56
1706 558 9 21 64
0 561 2 1 2
238 561 4 4 8
331 561 1 1 1
502 561 3 3 6
672 561 6 10 38
1142 561 2 4 5
118 563 1 1 1
255 563 2 2 3
329 562 1 1 1
935 562 8 4 19
1008 562 3 5 15
1344 562 2 2 3
1472 562 9 3 27
1598 563 22 35 214
1723 562 1 1 1
1739 563 6 8 21
31 564 9 6 14
108 564 1 1 1
158 564 1 1 1
424 565 1 1 1
520 564 3 2 6
1291 564 6 8 31
60 567 2 1 2
321 567 1 2 2
461 567 2 2 3
530 567 2 1 2
996 567 2 3 6
1152 566 1 1 1
1321 566 5 3 8
1333 566 1 1 1
1678 567 9 3 11
101 568 3 2 5
282 568 1 1 1
372 568 1 1 1
395 569 8 1 8
711 568 1 1 1
982 569 2 2 4
1448 569 11 4 28
62 570 1 1 1
86 571 2 1 2
291 570 4 2 7
430 571 1 2 2
515 571 3 2 5
548 570 4 3 6
555 570 17 53 326
571 571 1 1 1
1012 571 5 5 14
1179 571 4 5 11
1419 570 3 2 4
1688 570 1 1 1
22 572 3 2 4
65 572 4 4 11
78 572 3 7 21
139 573 1 1 1
233 573 1 1 1
278 572 3 11 14
311 573 3 2 4
359 573 1 1 1
708 572 1 1 1
1131 572 2 2 4
1225 572 19 15 97
1303 572 1 1 1
1586 572 1 1 1
1643 572 1 10 10
1735 573 1 1 1
18 575 1 1 1
94 575 2 1 2
155 575 2 7 8
353 574 3 1 3
447 574 17 6 55
475 575 40 48 344
500 575 7 7 28
650 575 10 12 80
945 574 4 5 11
1028 574 1 2 2
1045 574 2 2 4
1428 574 16 13 76
1587 574 7 14 33
1659 575 2 2 3
1670 575 2 1 2
296 577 2 1 2
410 577 32 22 231
611 576 9 18 50
749 577 4 3 11
1330 576 5 2 7
1343 576 1 1 1
1789 576 1 1 1
186 579 38 23 400
519 578 12 8 19
598 579 2 1 2
629 578 1 1 1
792 579 7 6 34
972 578 7 3 15
1663 579 1 1 1
1693 578 12 12 42
1778 578 7 13 48
234 581 1 1 1
241 581 5 6 12
331 581 5 4 18
402 581 1 1 1
464 581 1 1 1
1577 581 1 2 2
1744 580 1 2 2
1832 580 1 1 1
43 582 1 1 1
151 583 2 8 9
256 583 20 13 109
400 582 1 1 1
540 582 10 12 67
1448 582 1 1 1
1455 583 1 1 1
1625 583 1 1 1
1681 583 3 2 6
45 584 9 2 11
139 585 1 1 1
722 584 5 2 8
952 584 28 53 500
984 585 15 8 66
1197 585 1 1 1
1243 585 1 1 1
1634 585 3 1 3
1722 585 8 3 11
20 586 1 1 1
56 586 2 2 3
93 587 2 1 2
303 587 2 4 5
337 587 8 5 29
354 587 15 11 85
509 587 6 3 8
685 587 9 17 71
734 586 3 3 7
845 586 14 19 102
1190 587 5 10 14
1646 586 1 1 1
1737 587 6 4 19
96 589 19 19 280
392 589 1 1 1
706 588 2 1 2
891 589 4 4 11
1173 589 1 1 1
467 591 1 1 1
1712 591 3 1 3
281 593 1 1 1
501 592 4 2 8
582 592 26 33 318
656 592 38 39 408
1012 593 2 3 5
1837 593 3 2 6
124 594 2 1 2
143 594 6 12 31
165 595 3 2 5
378 594 1 1 1
590 595 1 1 1
703 594 1 1 1
936 595 2 2 4
1053 595 1 1 1
1688 594 2 2 2
1748 594 8 2 9
86 596 1 1 1
234 596 3 1 3
393 596 4 3 8
1018 597 3 3 8
1629 596 1 1 1
1626 597 31 19 194
1693 596 1 1 1
1820 597 14 17 86
130 598 1 1 1
369 599 1 9 9
1239 599 2 3 6
1600 599 7 2 14
1698 599 21 30 175
1723 599 22 23 202
173 601 3 2 6
245 600 9 8 55
286 600 1 1 1
298 600 6 2 12
383 600 12 18 76
708 601 2 1 2
841 601 1 2 2
1771 600 1 1 1
1813 601 2 2 3
266 603 1 1 1
623 602 27 43 305
715 603 6 7 32
1595 602 5 3 7
226 604 7 4 17
268 605 10 20 98
313 604 3 4 8
330 604 7 5 22
514 604 4 1 4
526 604 18 14 93
649 604 1 1 1
696 605 2 2 3
11 606 3 2 5
157 606 3 2 4
619 607 1 1 1
731 606 1 1 1
913 607 2 3 4
1761 606 9 4 24
407 608 1 1 1
739 608 6 5 17
880 609 1 2 2
1033 609 2 4 7
1154 608 1 1 1
1658 609 15 4 26
1681 609 3 2 6
9 610 1 1 1
114 611 19 29 288
417 610 3 3 6
831 611 1 2 2
1499 610 1 1 1
1588 610 1 1 1
1592 611 22 21 127
1781 611 12 7 18
30 612 1 1 1
92 612 2 2 2
238 612 2 1 2
422 613 9 8 38
1549 612 1 1 1
1596 612 1 1 1
110 615 1 1 1
1043 615 1 2 2
1688 615 2 2 4
1698 614 1 1 1
1836 615 4 2 8
202 616 12 19 100
219 616 4 2 5
288 616 13 8 64
574 616 2 1 2
653 617 1 1 1
701 616 10 8 25
834 616 3 4 11
926 616 7 18 38
1543 617 42 40 509
320 618 17 11 69
404 618 4 3 5
465 618 1 1 1
1749 618 3 2 5
53 621 1 1 1
164 620 1 1 1
172 621 2 2 4
231 621 26 13 125
439 621 2 1 2
458 621 14 16 84
1514 620 1 1 1
1650 620 1 1 1
1653 621 4 1 4
1673 621 11 16 71
1801 620 22 25 135
68 623 25 21 298
177 623 4 3 7
192 622 1 1 1
362 623 8 1 8
723 623 1 1 1
873 623 2 1 2
1413 622 2 2 4
1747 623 13 21 87
1762 622 11 11 88
262 624 2 2 3
994 625 2 2 3
1417 625 1 1 1
1699 625 1 1 1
349 627 11 15 89
556 626 1 1 1
717 626 2 3 6
1337 627 1 5 5
1825 626 4 2 7
45 628 1 1 1
394 628 1 1 1
578 628 2 2 2
732 628 2 1 2
851 628 1 2 2
893 628 2 1 2
904 628 3 4 10
945 628 3 4 10
1023 628 1 2 2
1035 628 1 3 3
1469 629 4 3 9
1505 628 3 6 10
1523 629 4 3 9
1586 629 4 3 10
1598 628 35 21 320
403 630 2 2 2
429 630 1 1 1
606 630 15 3 31
653 631 1 8 8
1013 630 1 1 1
1418 630 1 1 1
1649 631 13 8 38
43 632 2 2 3
295 633 3 2 4
427 632 1 1 1
483 632 4 3 10
501 632 45 36 394
703 632 3 9 16
842 633 3 4 10
992 632 1 2 2
1017 633 2 4 6
1301 632 2 2 4
1484 632 3 4 8
1779 632 15 12 64
26 634 2 3 4
158 634 5 8 15
211 635 18 35 230
263 635 29 21 201
307 635 20 15 165
370 634 3 2 3
420 635 5 2 7
669 635 1 1 1
718 634 3 7 16
53 637 4 2 5
108 636 1 1 1
225 637 1 1 1
623 636 6 3 13
979 636 41 32 493
1689 637 1 8 8
546 639 1 1 1
957 639 1 2 2
1503 638 1 1 1
1667 639 8 5 19
399 641 1 1 1
472 641 3 2 6
656 640 5 2 6
915 640 1 13 13
950 641 2 3 5
1796 640 3 1 3
132 643 24 23 168
251 642 1 2 2
573 642 3 1 3
691 643 1 1 1
1304 642 3 1 3
1708 643 2 2 3
366 645 14 7 19
438 645 3 3 5
457 645 1 1 1
714 645 6 15 26
1296 644 2 1 2
1631 645 5 16 26
95 646 3 3 6
423 646 4 7 16
476 646 1 1 1
581 646 1 1 1
932 646 6 11 43
1684 647 3 3 6
1696 647 19 13 74
46 648 2 2 2
341 648 10 5 18
612 648 20 13 150
1790 649 8 7 21
169 650 3 5 8
396 651 1 1 1
461 650 1 2 2
601 650 3 3 6
693 651 13 15 79
955 651 10 6 19
1575 651 36 23 201
496 653 2 1 2
549 652 1 1 1
560 652 1 2 2
1658 653 42 25 309
114 654 2 1 2
402 655 19 13 136
429 654 1 1 1
857 655 9 3 11
1295 654 12 10 33
1745 655 1 2 2
1756 654 1 1 1
1782 655 1 1 1
318 657 10 9 53
467 657 3 1 3
556 656 1 1 1
571 657 2 2 3
1824 656 1 1 1
34 659 3 2 4
67 658 1 1 1
69 659 15 2 21
310 658 3 2 5
1722 659 12 12 48
1804 658 3 2 4
1820 659 20 21 159
257 660 13 5 39
599 661 2 5 9
637 660 15 20 107
660 661 21 27 250
1571 661 1 1 1
1754 661 1 1 1
481 662 1 1 1
1633 662 14 16 89
1772 663 3 3 5
50 664 1 1 1
102 665 1 1 1
360 665 11 15 51
454 664 28 14 208
536 664 31 21 257
563 665 1 1 1
610 664 1 1 1
1552 665 1 1 1
1793 665 3 2 4
9 667 1 1 1
200 667 1 1 1
342 666 3 3 7
523 666 4 4 16
692 667 1 1 1
949 666 2 3 5
1559 666 1 1 1
1812 666 5 3 8
12 668 1 1 1
30 668 25 25 66
140 668 2 1 2
178 669 3 1 3
232 668 1 1 1
287 669 15 8 70
585 669 1 1 1
709 668 2 1 2
857 669 1 4 4
203 670 3 2 6
579 671 3 2 6
621 671 3 1 3
718 670 1 1 1
1741 671 6 2 9
381 673 4 2 5
632 672 1 1 1
1703 673 1 1 1
1712 672 1 1 1
23 675 2 1 2
87 675 1 1 1
510 675 1 1 1
694 675 13 13 111
905 674 4 6 17
0 677 6 3 15
153 677 1 1 1
189 677 1 1 1
242 676 4 3 6
302 676 10 8 51
328 677 1 2 2
339 677 1 1 1
493 676 1 1 1
600 677 6 3 8
851 676 1 2 2
880 677 1 1 1
926 677 1 1 1
1192 676 1 1 1
1617 676 13 8 53
1758 676 1 1 1
83 679 1 1 1
200 678 1 1 1
507 678 1 2 2
717 678 1 1 1
1784 678 5 6 15
122 681 2 4 6
348 680 8 4 22
341 681 48 31 415
403 681 1 1 1
658 680 1 1 1
990 680 6 10 14
1010 680 1 2 2
1686 681 1 1 1
1732 681 18 24 129
150 683 2 1 2
170 682 4 2 4
238 683 5 13 31
332 683 1 1 1
442 683 19 25 98
502 683 1 2 2
723 683 1 2 2
1012 682 3 4 12
1599 683 12 22 66
1607 682 1 1 1
1614 683 1 1 1
1711 683 7 11 37
1753 683 1 1 1
1793 682 27 26 85
105 685 1 1 1
193 684 1 2 2
213 685 2 1 2
257 685 2 1 2
519 685 14 11 61
610 684 1 1 1
952 685 2 2 4
1775 684 7 9 20
407 687 1 1 1
634 686 1 2 2
1582 687 8 9 22
1624 686 13 19 70
1684 686 2 1 2
1759 686 1 1 1
0 689 2 1 2
79 689 1 1 1
158 688 1 1 1
215 688 4 4 13
567 688 4 8 27
627 688 1 1 1
683 688 1 1 1
686 689 1 2 2
1662 688 9 8 54
1819 688 5 8 20
123 690 19 18 165
432 690 1 2 2
489 690 2 2 3
580 691 54 90 1123
615 690 8 5 30
669 690 1 1 1
997 691 1 2 2
168 692 2 2 3
286 693 8 8 45
1621 692 1 1 1
1649 693 1 1 1
398 694 6 5 22
429 695 3 1 3
582 694 2 3 5
40 697 2 1 2
182 696 2 5 6
211 696 15 11 29
251 697 1 1 1
898 697 4 5 18
960 696 1 2 2
1659 697 1 1 1
1775 696 2 7 8
172 699 2 1 2
196 699 11 5 15
475 698 19 15 117
536 699 14 3 20
1116 699 1 1 1
1592 699 1 1 1
1647 698 16 19 96
1681 699 5 4 12
1697 698 3 2 5
1720 699 1 1 1
52 701 3 1 3
410 700 2 1 2
420 701 1 1 1
496 701 4 3 9
664 700 7 2 13
697 701 1 1 1
951 701 1 2 2
966 700 1 3 3
1155 701 20 20 116
1671 700 1 1 1
1721 701 1 1 1
1833 700 2 1 2
303 703 1 1 1
511 703 1 1 1
557 702 10 7 18
627 703 10 7 39
652 702 30 38 317
240 705 45 57 756
644 705 4 3 12
1430 705 1 4 4
1752 704 12 10 25
1791 705 1 1 1
188 707 7 4 24
323 706 4 3 9
390 707 1 1 1
458 707 8 11 18
1703 707 1 1 1
391 709 9 19 68
407 708 6 4 11
424 709 12 13 73
503 709 4 3 12
520 708 13 9 48
1619 709 2 2 4
1695 709 3 3 7
1790 708 1 1 1
9 710 6 9 27
37 711 4 1 4
573 711 6 8 13
1485 711 3 10 22
1555 710 12 15 99
1608 710 40 31 319
1751 710 1 1 1
36 713 1 1 1
97 713 2 1 2
107 713 2 2 2
216 713 18 20 151
469 712 1 1 1
652 712 1 1 1
711 712 2 1 2
1360 712 1 1 1
1439 712 1 1 1
1526 713 16 19 108
25 715 1 1 1
635 715 4 3 10
699 715 2 2 3
1474 714 1 2 2
1633 715 5 1 5
513 717 4 3 12
620 717 3 5 15
1698 717 11 6 16
1727 717 17 20 96
1826 717 2 2 3
329 719 11 8 53
543 719 17 28 143
1457 719 2 1 2
1788 719 2 2 3
86 720 1 1 1
165 721 2 2 3
497 720 2 2 3
1173 721 3 2 4
1437 721 60 62 1127
1580 720 12 2 16
1816 720 5 6 18
29 722 1 1 1
189 722 6 2 7
353 722 10 9 35
413 722 4 10 24
501 722 2 3 5
1423 722 2 2 3
1705 723 13 19 51
1776 722 1 1 1
1800 722 1 1 1
153 725 1 1 1
619 724 1 1 1
686 724 3 3 7
713 725 1 1 1
1470 724 1 1 1
1573 725 5 6 14
1602 725 1 1 1
60 726 1 1 1
84 727 2 2 2
341 727 2 1 2
641 726 4 9 15
1426 726 9 2 10
1686 726 1 1 1
124 728 13 12 117
196 729 1 1 1
401 728 1 1 1
574 729 3 1 3
1160 728 2 2 3
1649 729 11 13 68
1809 728 3 2 4
290 730 6 4 15
426 730 2 1 2
528 731 4 7 20
1593 730 5 2 10
154 733 39 15 365
370 733 3 6 9
504 733 1 1 1
703 733 1 2 2
1836 732 4 8 32
232 734 1 1 1
299 735 4 10 22
432 734 1 1 1
1547 735 8 2 11
1580 734 2 2 4
1684 734 1 1 1
1761 735 2 2 2
1781 734 26 26 144
101 736 1 1 1
329 737 13 10 32
692 737 18 16 70
1420 736 11 9 29
88 738 1 1 1
1772 739 3 2 4
60 741 2 2 3
89 740 12 3 16
122 741 1 1 1
480 740 3 2 5
522 741 6 4 9
1488 740 9 8 40
1571 741 5 2 9
1834 741 1 1 1
71 743 1 1 1
224 742 3 2 5
313 742 2 2 4
344 743 1 1 1
374 743 1 1 1
479 742 26 28 174
652 742 46 24 218
1585 742 5 4 19
1602 743 4 3 9
210 744 6 3 11
506 745 27 31 154
105 747 5 4 18
315 746 18 18 94
376 746 13 13 37
563 747 3 2 6
635 746 5 5 18
778 747 1 2 2
229 748 5 4 15
284 749 7 6 27
346 748 3 3 5
356 748 1 1 1
415 749 40 52 531
440 749 1 1 1
576 748 7 9 60
1562 749 2 2 4
1625 749 23 9 102
1739 748 2 1 2
1752 748 2 1 2
84 751 2 1 2
136 751 22 33 322
391 751 3 3 7
759 750 1 1 1
777 751 1 1 1
800 751 3 2 5
1285 751 6 5 18
1737 751 3 8 10
114 753 1 1 1
470 752 2 1 2
726 752 3 3 5
1433 753 8 14 57
1577 753 3 1 3
1575 752 26 31 215
179 754 4 8 17
536 755 1 1 1
721 755 4 4 13
740 754 3 2 4
821 755 2 2 3
1650 754 1 1 1
1669 755 2 1 2
366 756 1 2 2
572 757 1 1 1
655 756 4 2 7
848 756 1 1 1
1300 756 5 6 29
1616 757 1 1 1
1769 757 6 6 12
1812 757 5 3 10
1833 756 1 1 1
29 759 2 2 3
565 758 1 1 1
664 758 1 1 1
1169 758 1 1 1
1510 759 2 11 12
1688 758 15 12 40
222 760 1 1 1
237 760 2 1 2
433 761 13 5 26
454 760 12 14 79
643 761 1 2 2
653 760 1 1 1
667 760 1 1 1
1614 760 1 1 1
10 763 2 3 4
226 762 4 4 13
296 762 8 9 65
1295 762 1 1 1
1663 763 5 4 14
1704 763 19 20 123
1760 763 4 1 4
62 765 2 2 3
313 764 1 8 8
386 764 1 1 1
460 764 21 26 150
642 764 1 1 1
733 764 1 1 1
777 764 1 1 1
43 766 2 2 3
82 767 3 3 6
397 766 1 1 1
599 766 1 2 2
710 766 17 17 149
801 767 15 16 123
99 768 1 1 1
101 769 3 5 14
249 768 1 1 1
358 768 3 7 14
388 768 9 9 26
741 768 1 1 1
795 768 2 1 2
869 768 28 21 211
912 768 34 34 297
1778 768 8 8 26
1795 768 22 14 96
1832 769 8 14 66
25 771 1 1 1
239 771 1 1 1
241 771 23 14 94
315 770 16 22 117
373 770 3 2 4
746 770 3 8 23
851 770 3 4 11
1119 771 1 1 1
1516 770 17 25 190
1656 770 6 5 21
49 772 5 7 14
169 772 3 2 3
304 772 1 1 1
371 772 1 1 1
506 772 13 5 29
565 773 2 2 2
582 772 2 2 4
1017 772 2 2 3
1033 773 1 1 1
1628 773 3 2 4
1641 772 1 1 1
1767 773 1 1 1
87 774 1 1 1
283 774 10 15 90
693 775 2 3 6
774 774 1 1 1
1255 775 1 1 1
1339 774 1 1 1
1575 775 1 1 1
1811 775 19 24 143
19 776 1 1 1
104 777 4 4 13
679 776 3 2 4
1730 777 1 1 1
1736 776 31 19 199
351 778 3 2 4
637 779 1 1 1
742 779 2 2 3
968 778 6 8 41
1023 778 1 1 1
1044 779 1 1 1
1108 778 11 9 59
1602 778 13 10 53
1668 778 3 2 5
1690 778 4 1 4
225 781 4 3 8
376 781 1 1 1
551 780 1 1 1
575 780 4 2 8
649 781 8 13 29
766 781 1 1 1
775 780 18 22 181
1507 781 6 5 10
36 783 10 5 39
112 783 4 2 8
591 782 11 15 74
760 783 7 18 44
837 783 1 1 1
1037 782 2 3 6
1502 782 1 1 1
1586 783 2 2 3
1682 783 6 12 32
391 784 4 13 21
690 785 2 1 2
945 784 6 5 14
1026 784 2 3 4
1661 784 1 1 1
6 786 1 1 1
75 787 11 2 13
224 787 1 1 1
323 787 28 11 103
686 786 3 3 5
847 787 32 14 200
955 786 2 4 6
1051 787 1 1 1
1472 786 10 9 48
1537 787 40 31 295
1557 786 19 6 66
1694 786 13 15 128
51 789 2 1 2
1063 788 2 2 2
1087 788 2 1 2
1500 788 1 2 2
1619 788 1 1 1
1641 789 5 7 17
1720 788 9 3 18
60 790 2 1 2
73 790 1 1 1
87 791 1 1 1
107 791 1 1 1
127 790 2 2 3
239 791 12 12 106
272 790 7 11 55
379 790 2 3 4
540 790 1 1 1
552 790 25 17 157
992 790 1 1 1
1075 791 1 1 1
1318 790 6 6 33
1372 790 1 1 1
21 792 5 3 6
95 793 1 1 1
308 793 1 1 1
407 793 2 1 2
908 793 1 1 1
987 793 1 1 1
1042 792 1 1 1
1460 793 1 1 1
66 795 2 1 2
166 795 4 2 6
361 795 1 2 2
614 795 4 2 5
1078 795 2 2 4
652 796 35 17 94
1057 797 1 1 1
1087 797 11 15 67
1111 796 17 13 73
1383 797 1 1 1
1514 796 1 1 1
1589 796 3 3 9
1708 796 10 9 20
103 799 1 2 2
226 799 1 1 1
604 799 5 5 21
693 798 6 5 14
707 799 24 20 237
801 799 1 1 1
952 798 4 3 7
964 799 10 13 80
1013 799 2 4 5
1026 798 2 2 4
1487 798 21 15 61
1625 799 7 11 24
1675 798 4 5 14
1768 799 3 2 6
85 800 1 1 1
137 801 3 2 6
179 801 7 3 14
288 801 2 2 3
425 800 40 57 525
731 801 45 58 239
837 801 1 1 1
1036 800 1 1 1
1376 801 1 1 1
1653 800 1 1 1
1689 800 4 6 23
1774 800 11 4 20
1832 800 1 1 1
316 802 3 2 4
397 802 4 2 8
544 803 4 1 4
832 802 2 2 4
912 803 1 1 1
1011 803 1 1 1
1661 803 1 1 1
357 805 15 11 68
447 805 1 1 1
491 804 1 1 1
578 805 6 7 37
829 805 1 1 1
864 804 15 15 66
897 804 1 1 1
1047 804 2 7 8
1146 804 1 1 1
1311 805 1 2 2
1327 805 10 3 19
1347 805 29 26 250
1733 804 1 1 1
255 807 2 1 2
333 807 14 4 30
388 806 22 16 138
432 806 1 1 1
493 806 15 19 47
598 806 6 5 25
803 807 2 6 9
900 807 8 3 17
1384 806 8 8 48
1468 807 15 24 214
1721 807 3 2 5
30 808 1 1 1
89 809 1 1 1
233 809 1 1 1
522 808 1 2 2
825 809 4 11 32
1017 808 16 18 112
1754 808 1 1 1
487 811 1 1 1
523 811 2 1 2
548 810 5 6 22
615 810 9 8 37
789 810 3 3 7
842 811 10 13 38
1074 811 12 11 66
1250 811 2 2 3
1300 810 1 1 1
1305 811 6 6 27
1664 810 3 5 11
1804 811 5 6 13
1820 811 11 3 13
137 813 1 2 2
200 812 2 1 2
417 812 1 1 1
526 812 7 6 32
669 812 1 2 2
680 812 24 33 325
793 813 1 1 1
930 813 2 1 2
1041 812 15 25 208
1099 813 67 42 606
1322 812 4 8 18
1410 813 1 1 1
1741 812 1 1 1
20 814 1 1 1
213 814 26 19 245
262 814 1 1 1
373 814 1 1 1
643 814 2 9 17
909 815 1 1 1
923 815 5 8 38
945 814 18 17 141
987 815 7 12 42
1626 815 25 11 87
1778 815 2 1 2
5 816 2 1 2
165 816 1 1 1
203 817 2 1 2
467 816 17 15 103
559 817 2 2 2
1150 816 4 1 4
1338 816 1 1 1
1683 817 17 16 100
1752 816 1 1 1
148 819 1 1 1
185 818 2 1 2
350 818 1 1 1
421 818 4 3 7
589 818 4 5 20
883 818 13 11 99
906 819 1 2 2
976 818 1 1 1
1006 818 1 1 1
1602 819 6 5 26
1719 819 27 29 144
1765 819 5 6 10
1772 818 1 1 1
1819 818 21 32 188
545 821 39 40 336
730 821 3 5 13
820 821 1 1 1
1004 821 1 1 1
1115 821 1 1 1
1415 821 1 1 1
1519 820 10 6 22
1657 821 1 1 1
0 822 3 1 3
240 822 18 25 146
755 822 1 1 1
770 823 1 2 2
1064 823 1 1 1
1575 822 4 2 6
179 825 3 3 7
277 824 1 1 1
320 824 30 54 548
354 825 7 4 17
378 825 1 1 1
593 824 9 2 18
858 824 1 1 1
910 825 13 2 26
934 824 1 1 1
1803 825 1 1 1
1812 824 3 10 12
87 826 1 1 1
118 826 1 1 1
275 826 32 37 327
419 827 1 1 1
512 827 16 18 99
624 827 7 8 36
762 826 1 1 1
1090 827 1 1 1
1492 827 1 1 1
1510 826 4 6 21
1600 826 2 1 2
1654 826 17 24 132
1680 827 1 3 3
1746 827 2 2 3
96 829 5 7 21
204 829 4 10 33
262 829 10 6 31
388 828 1 1 1
669 828 1 1 1
1098 829 2 3 4
36 830 4 2 6
69 831 1 1 1
157 830 1 1 1
175 831 1 1 1
642 830 1 1 1
663 830 1 2 2
808 831 1 1 1
874 830 3 7 16
966 831 1 1 1
1562 831 16 13 73
1620 831 2 1 2
1800 831 3 12 15
77 832 1 1 1
367 833 8 5 27
409 832 6 8 27
643 832 1 1 1
796 832 7 5 19
821 833 1 1 1
990 832 1 1 1
1061 833 1 1 1
1070 832 8 5 16
1465 833 1 1 1
1503 833 3 1 3
1533 832 1 2 2
1781 832 1 2 2
18 834 3 6 8
63 834 3 4 6
351 834 1 1 1
585 834 8 21 67
694 834 27 21 173
825 835 2 3 6
842 835 1 1 1
924 834 1 1 1
968 835 1 2 2
1605 834 1 2 2
1627 834 8 19 39
1691 835 2 2 3
40 837 6 4 24
143 836 5 3 11
496 837 1 1 1
612 836 12 6 35
934 836 7 3 10
989 837 1 1 1
1451 836 1 1 1
1457 836 7 11 57
1543 837 2 1 2
1787 836 5 3 8
664 839 1 2 2
789 838 8 13 25
1484 838 1 1 1
1516 839 3 3 4
1580 838 1 1 1
1698 838 16 30 136
35 841 1 1 1
49 841 1 1 1
112 840 2 1 2
149 840 5 11 16
175 840 10 11 85
200 841 3 4 9
379 840 3 3 8
472 841 16 15 92
645 841 1 1 1
755 840 1 1 1
918 841 4 1 4
975 840 1 1 1
1015 841 1 1 1
1173 840 1 1 1
1598 840 1 1 1
0 843 1 1 1
81 843 31 23 266
1520 842 1 1 1
1838 843 2 12 14
531 845 1 2 2
893 845 1 1 1
993 845 2 3 5
1042 845 1 1 1
1129 844 2 1 2
1136 845 6 10 15
1498 844 1 1 1
1536 845 3 2 6
1549 845 3 9 11
1582 844 1 1 1
349 847 1 1 1
416 846 2 2 4
499 846 1 1 1
608 847 4 5 15
639 847 1 1 1
873 846 2 5 6
950 846 15 5 20
980 846 2 7 8
1034 847 3 2 4
1056 847 2 2 3
1480 846 3 2 6
1527 847 13 19 85
1715 847 19 30 152
13 849 1 10 10
186 848 10 5 17
316 849 1 1 1
458 849 1 1 1
628 848 1 1 1
761 849 23 29 74
823 848 2 1 2
905 849 6 4 11
1163 848 1 1 1
1225 849 1 2 2
52 850 1 1 1
64 851 2 2 3
368 850 1 1 1
405 851 2 2 3
649 850 20 19 158
745 850 1 2 2
1581 851 1 1 1
1678 850 8 13 39
1696 850 1 2 2
1806 851 1 1 1
71 853 2 2 4
508 852 1 1 1
777 853 2 3 5
801 852 1 1 1
851 852 1 1 1
1568 852 1 1 1
1591 852 1 2 2
1600 852 30 16 107
1632 853 24 11 155
59 855 3 4 11
239 855 3 3 7
516 854 27 55 409
575 854 5 5 20
685 855 1 1 1
852 854 1 1 1
886 854 1 1 1
975 855 3 4 8
1124 855 7 2 14
1442 855 1 1 1
1463 854 24 12 128
1497 854 1 1 1
1546 854 1 1 1
1749 854 24 13 72
157 856 13 17 124
215 856 1 1 1
359 857 16 25 191
389 856 1 1 1
598 856 2 1 2
630 857 11 21 63
786 857 55 56 429
894 856 1 1 1
1039 856 70 28 379
1399 856 50 40 351
1794 856 1 1 1
1833 856 1 2 2
218 859 2 3 5
269 858 5 3 13
391 858 2 2 4
393 858 65 78 836
753 859 1 2 2
788 859 6 8 23
1062 859 3 4 7
1146 859 4 2 5
1218 858 2 1 2
0 860 11 4 24
190 861 1 1 1
243 860 2 1 2
394 861 1 1 1
462 861 1 1 1
468 860 2 1 2
499 860 1 1 1
613 861 1 1 1
901 860 2 3 4
921 861 1 1 1
939 860 1 1 1
995 860 1 1 1
1511 860 3 2 5
446 863 1 1 1
498 862 1 2 2
931 863 5 2 6
1029 863 4 4 10
1142 863 14 11 60
1320 862 6 6 26
1574 863 24 33 200
1661 863 19 20 106
286 864 2 1 2
540 865 5 7 13
740 865 2 5 10
848 864 7 12 26
879 864 1 1 1
964 865 2 2 3
1013 864 1 1 1
1109 864 1 1 1
1306 864 1 1 1
555 866 7 14 34
566 867 1 1 1
575 867 9 3 11
686 866 2 2 4
704 866 1 1 1
720 866 15 18 52
1496 866 2 2 4
1515 867 3 3 6
1548 866 2 2 4
1825 866 1 2 2
77 869 2 1 2
89 869 1 1 1
254 869 5 4 8
481 868 6 5 12
511 868 1 8 8
603 869 4 4 15
952 868 1 1 1
1131 868 1 1 1
1186 868 1 1 1
1203 868 17 7 46
1454 869 7 7 42
87 870 1 1 1
112 871 24 24 317
501 871 1 2 2
923 870 5 8 35
939 870 2 1 2
1015 871 11 8 42
1529 870 1 1 1
1778 871 3 4 9
491 872 1 1 1
585 872 2 3 4
1109 872 16 9 37
1375 872 5 4 17
1424 873 3 2 5
19 875 2 4 4
22 874 1 1 1
616 875 2 2 3
800 874 9 6 22
982 874 1 1 1
1176 874 2 3 6
1513 875 1 1 1
1689 875 4 4 7
32 876 3 4 7
52 876 6 10 23
297 877 25 27 260
393 877 2 2 3
703 877 1 1 1
752 876 5 4 13
838 877 3 4 9
1466 876 3 3 9
1478 876 66 60 1013
1709 877 3 2 5
1737 876 16 16 48
15 879 2 1 2
184 878 1 1 1
216 878 3 1 3
441 878 1 1 1
469 879 2 3 6
607 878 1 1 1
618 878 1 1 1
671 879 8 13 34
690 878 5 3 11
767 878 11 5 15
907 879 1 1 1
970 878 1 2 2
1139 878 2 2 3
1380 879 10 12 76
1545 879 3 2 4
1627 878 1 1 1
1632 878 33 29 221
1783 879 3 2 6
66 881 2 1 2
293 881 1 1 1
495 881 1 1 1
951 881 1 2 2
1009 881 1 2 2
1169 880 1 1 1
1184 881 1 1 1
1696 880 2 2 4
1806 880 2 1 2
1808 881 32 24 258
96 882 1 2 2
378 882 8 3 16
402 883 4 3 9
444 883 1 1 1
467 883 1 1 1
479 883 15 17 106
604 883 1 1 1
627 882 3 3 7
640 883 2 1 2
939 883 18 24 114
975 883 1 1 1
1143 883 36 25 356
212 885 3 3 8
352 885 2 2 3
452 884 1 1 1
566 885 28 27 131
582 884 18 14 160
841 884 1 1 1
862 884 16 14 97
932 884 1 3 3
1001 884 1 2 2
1217 884 2 1 2
1558 885 1 2 2
1617 884 17 17 59
49 886 1 1 1
70 886 2 2 3
170 887 1 1 1
228 887 3 5 11
285 886 7 7 21
730 887 9 11 19
755 887 11 3 24
1186 886 43 36 353
1436 886 71 89 1403
1786 887 1 1 1
22 889 3 4 9
159 888 2 1 2
365 888 2 2 3
453 889 15 10 97
513 889 1 1 1
616 889 6 6 21
1113 888 1 1 1
1117 889 2 1 2
1664 888 3 2 6
1705 889 1 1 1
1767 889 10 11 40
1788 889 2 2 3
37 890 1 1 1
98 891 4 4 13
158 891 1 1 1
545 891 3 6 13
643 890 1 1 1
698 891 1 1 1
716 890 1 1 1
986 891 1 1 1
1133 891 3 4 11
1437 890 1 1 1
1597 891 6 4 17
270 892 4 3 9
376 892 1 1 1
441 892 1 1 1
667 893 3 5 10
850 893 2 3 4
964 892 6 3 10
1031 893 16 18 155
1395 892 1 1 1
1667 893 7 4 13
1722 892 1 1 1
1783 892 23 37 203
139 895 3 2 5
151 894 7 3 18
261 895 2 2 2
425 895 3 8 10
709 895 1 1 1
1090 895 1 1 1
1107 894 1 1 1
1691 895 1 1 1
52 897 1 1 1
66 896 1 7 7
278 897 3 1 3
354 896 1 1 1
766 897 1 1 1
839 897 6 14 56
1050 896 33 23 256
1129 896 1 1 1
1225 896 6 1 6
1750 896 1 1 1
42 899 2 5 9
337 899 1 1 1
600 898 15 9 62
648 898 18 11 49
781 898 8 11 24
918 899 1 1 1
998 898 1 1 1
1022 898 3 3 9
1114 899 21 20 197
1571 899 1 1 1
1703 898 2 2 2
53 901 1 1 1
107 901 4 3 11
162 901 3 1 3
193 900 4 4 10
291 901 5 10 31
637 900 2 2 3
897 901 29 29 240
979 900 11 25 84
1017 901 2 3 5
1565 900 5 13 56
178 903 12 3 21
232 903 3 2 3
476 903 41 28 316
1690 902 1 1 1
271 904 1 1 1
365 905 7 3 14
434 905 4 4 13
679 904 4 9 22
1110 904 1 1 1
1421 904 3 2 4
1479 905 1 1 1
1513 904 2 1 2
1545 905 8 10 49
1599 905 3 3 5
50 907 16 11 39
124 907 1 1 1
964 906 1 1 1
1098 907 2 1 2
1229 907 2 2 4
1404 906 13 8 49
1711 906 5 5 20
257 908 11 6 37
540 909 16 26 94
669 909 3 3 4
743 909 1 1 1
769 909 1 1 1
823 909 1 1 1
1148 908 1 1 1
1621 908 7 2 9
1755 908 1 1 1
1779 909 1 1 1
1825 908 7 5 23
94 911 6 5 17
119 910 1 1 1
138 911 1 3 3
335 910 11 3 14
521 910 1 1 1
625 910 12 10 49
698 910 1 1 1
703 911 1 1 1
729 910 1 2 2
752 911 1 1 1
775 910 1 1 1
870 910 1 1 1
882 911 6 10 47
1023 910 1 1 1
1095 910 277 274 18979
1586 910 8 3 11
1656 910 19 20 131
15 913 4 3 4
311 913 4 3 9
354 912 1 1 1
391 912 1 1 1
457 912 1 1 1
578 912 5 6 22
690 913 1 1 1
722 912 6 18 66
863 912 2 1 2
948 913 1 7 7
1686 912 1 1 1
1725 912 2 3 4
1819 913 3 2 6
151 915 22 20 224
206 915 5 3 9
638 914 2 2 3
859 915 1 2 2
1420 915 14 8 41
295 916 7 4 18
581 917 22 32 204
960 916 2 3 6
1094 917 7 4 10
1701 917 10 5 37
1722 916 2 6 7
1813 917 4 3 7
1826 916 14 12 92
10 918 1 1 1
113 919 16 16 137
370 918 1 1 1
352 918 35 30 399
527 919 4 4 9
742 919 13 6 30
811 919 2 3 6
832 919 1 1 1
849 918 2 2 4
1136 919 2 3 5
1774 918 3 1 3
30 921 2 2 2
326 920 6 3 9
546 921 107 114 1776
836 920 2 2 4
968 920 1 1 1
1017 921 1 2 2
1027 920 30 20 163
1072 920 5 5 18
1108 921 2 2 4
1564 920 1 1 1
1644 921 1 2 2
359 922 1 2 2
504 923 26 49 546
542 922 1 1 1
678 922 33 51 324
767 923 2 1 2
898 922 1 1 1
1140 923 1 1 1
1569 923 1 1 1
1589 923 2 5 6
257 924 1 1 1
274 924 1 1 1
701 924 27 24 159
1456 924 1 1 1
1571 925 3 3 9
1731 925 3 2 4
1760 924 10 3 22
236 926 2 3 3
251 926 1 2 2
663 926 3 2 5
696 926 2 3 5
781 926 1 1 1
803 926 1 2 2
820 927 6 13 28
845 927 12 14 57
874 927 1 1 1
903 927 2 2 4
969 926 1 2 2
1219 927 3 8 17
1610 926 13 13 70
1676 926 7 5 14
1713 926 5 6 10
0 928 1 1 1
462 928 1 5 5
639 928 1 1 1
1330 929 3 5 9
1440 928 14 19 53
566 930 2 1 2
762 930 1 1 1
794 931 1 2 2
1070 931 2 1 2
1550 930 3 3 7
1593 930 1 2 2
1696 930 4 8 21
33 932 3 5 6
102 932 7 7 30
303 933 30 33 268
345 933 5 2 9
556 933 10 8 43
642 932 6 4 15
895 933 1 1 1
1407 933 1 1 1
1684 932 1 2 2
1807 932 3 2 5
136 934 3 2 4
287 935 4 3 9
477 935 2 2 3
485 935 16 15 99
666 934 4 7 25
769 934 2 10 15
946 935 13 16 71
1109 935 13 7 40
1433 935 2 5 9
215 936 2 1 2
237 936 17 20 144
652 936 1 1 1
802 937 1 1 1
835 937 1 2 2
910 936 1 1 1
929 936 1 1 1
1063 936 1 1 1
1070 936 14 13 84
1564 937 8 16 54
1727 937 8 5 30
1767 936 3 3 7
30 939 1 1 1
61 938 3 2 3
130 939 3 2 5
340 939 2 2 4
707 939 55 46 437
961 939 3 1 3
1466 938 3 8 20
1583 939 1 1 1
1596 938 9 8 30
1794 939 4 4 11
1816 938 15 21 148
404 941 16 21 123
924 941 3 4 6
1030 940 31 24 211
1372 940 53 72 1528
1532 941 4 7 17
1713 941 1 1 1
204 943 14 14 35
19 944 1 1 1
387 944 1 1 1
432 945 2 2 3
655 944 13 11 88
999 944 1 2 2
1555 945 4 2 5
1700 945 1 1 1
1746 944 13 9 51
1787 944 2 2 2
112 946 4 3 8
190 947 1 3 3
441 947 1 1 1
814 946 1 1 1
927 946 2 3 4
1093 946 1 2 2
1459 947 1 1 1
1470 946 1 1 1
1519 947 1 1 1
1605 947 10 5 29
1783 947 1 1 1
7 949 2 1 2
22 949 2 1 2
82 948 2 2 2
605 948 1 1 1
676 948 1 2 2
800 949 2 3 5
829 948 1 1 1
864 948 1 1 1
976 949 1 1 1
1086 949 1 1 1
1140 948 4 4 8
1716 949 2 1 2
1799 948 1 1 1
42 950 1 1 1
80 951 2 1 2
300 951 1 1 1
347 951 4 6 15
377 950 14 10 61
560 950 16 18 125
852 950 6 6 34
897 951 1 1 1
1108 950 1 1 1
1526 950 1 1 1
1667 951 1 1 1
1685 950 35 42 166
1778 951 4 4 12
78 952 1 1 1
297 952 1 1 1
447 952 5 3 12
472 953 1 1 1
769 952 1 2 2
822 952 1 2 2
834 952 1 1 1
1364 952 6 9 28
1656 952 1 1 1
1737 953 6 5 14
271 954 1 1 1
608 954 1 1 1
960 954 9 5 33
993 954 3 7 9
1071 955 1 1 1
1432 955 8 13 47
1730 954 1 8 8
1805 955 2 1 2
244 956 2 3 5
876 956 1 1 1
888 956 8 13 25
1007 957 6 9 26
1619 956 5 5 22
1660 957 3 4 12
151 958 1 1 1
342 958 4 5 16
425 958 2 1 2
501 959 1 1 1
786 958 9 5 20
831 958 3 2 5
872 959 2 3 6
929 958 1 1 1
977 959 1 1 1
1076 958 1 1 1
1356 958 1 1 1
1417 958 55 57 811
1543 958 16 10 63
1830 958 10 7 46
85 961 4 12 30
200 960 1 1 1
1525 961 5 5 17
1600 961 5 2 9
1808 960 3 5 7
52 962 8 2 9
103 962 15 14 48
285 963 24 35 192
364 963 11 5 26
396 962 4 1 4
552 963 1 1 1
778 962 1 2 2
676 963 153 111 2722
912 962 1 1 1
1113 962 5 5 13
1336 963 1 4 4
178 964 15 8 103
259 964 5 11 34
424 964 34 26 224
476 964 17 19 116
715 964 1 1 1
985 964 1 1 1
1028 964 1 1 1
1047 964 1 1 1
1643 965 1 1 1
1646 964 14 20 82
1828 965 1 1 1
348 967 16 15 110
386 966 1 6 6
530 966 10 15 62
766 966 1 1 1
866 967 2 3 5
1013 966 15 16 163
1052 967 3 3 5
1079 967 28 23 241
1167 966 6 7 28
1579 966 2 2 3
1610 967 1 1 1
1640 966 2 2 4
1756 967 9 5 21
1788 966 20 10 41
38 969 4 4 10
233 969 2 2 3
325 969 40 44 366
577 969 1 1 1
670 968 2 4 6
1038 968 2 2 4
1597 968 2 3 6
1681 968 3 1 3
1743 968 1 1 1
1777 969 1 1 1
1823 968 1 1 1
214 970 6 4 10
656 971 1 1 1
774 971 2 6 7
948 971 2 6 7
1074 970 1 1 1
1354 971 19 28 178
1479 970 1 2 2
1630 971 10 6 20
1690 970 4 3 8
170 972 7 2 9
500 973 1 1 1
644 972 1 1 1
861 972 3 6 12
1004 972 2 2 4
1279 972 4 4 10
1558 973 1 1 1
119 975 37 39 381
152 975 1 1 1
282 975 3 2 5
520 975 1 2 2
830 974 4 6 9
929 974 6 9 41
983 974 3 2 5
1674 974 7 3 17
373 977 3 8 23
611 977 1 1 1
663 976 3 3 9
1001 977 1 10 10
1066 976 2 2 3
1117 976 1 1 1
1259 976 6 1 6
1267 977 12 10 55
1483 976 1 1 1
1579 977 10 12 48
168 979 1 1 1
318 978 1 1 1
892 978 2 4 6
1533 978 2 2 3
1564 979 1 1 1
1622 978 12 19 71
1782 978 2 2 3
0 980 4 2 8
100 980 1 1 1
188 981 14 35 181
276 980 1 1 1
506 981 2 1 2
640 980 2 5 7
1051 981 3 3 8
1485 980 2 3 4
1766 981 4 6 12
1821 980 1 2 2
473 983 1 1 1
684 982 1 3 3
834 982 1 1 1
902 982 25 13 111
939 983 2 3 6
977 982 1 1 1
988 983 1 2 2
1790 983 10 8 40
406 985 1 2 2
412 985 23 13 119
440 985 1 1 1
854 985 2 1 2
866 985 2 1 2
954 985 1 2 2
1241 984 26 19 106
1529 984 27 16 118
1825 984 1 1 1
101 987 2 2 3
462 987 1 2 2
476 987 23 19 128
670 986 1 2 2
824 987 1 2 2
872 986 2 3 4
888 987 1 1 1
975 986 1 1 1
1033 986 1 1 1
1108 986 21 15 131
1412 986 1 1 1
1590 986 17 15 41
1674 986 1 1 1
1684 986 7 6 28
1727 987 9 9 31
215 988 22 43 200
679 988 5 5 9
883 989 1 2 2
958 988 17 15 130
998 988 2 2 2
1010 989 4 15 34
1508 989 8 7 36
1699 989 4 3 6
111 991 2 1 2
452 991 7 10 24
506 991 1 2 2
730 990 4 4 16
993 990 4 1 4
1417 991 1 1 1
1785 990 3 2 5
1815 990 2 2 2
275 993 2 1 2
819 993 1 3 3
1716 993 1 1 1
1753 992 1 1 1
169 994 1 1 1
173 995 1 1 1
537 994 1 1 1
804 994 3 1 3
859 994 1 1 1
890 994 10 16 54
1446 995 1 1 1
1480 995 1 1 1
1565 995 1 1 1
1828 994 12 25 177
326 996 3 2 6
376 996 6 5 22
404 996 3 4 8
508 997 16 13 108
542 996 2 2 4
802 997 1 2 2
818 997 1 1 1
936 996 2 2 3
1036 996 15 15 53
1092 996 1 1 1
1482 997 2 10 11
1608 997 17 14 94
37 998 1 1 1
1061 998 13 6 26
1231 998 7 4 19
1496 999 1 1 1
1736 998 3 5 14
396 1000 2 6 7
427 1001 3 7 9
445 1000 1 1 1
865 1000 1 1 1
1106 1000 8 12 39
1126 1001 2 3 6
1200 1001 12 11 103
1498 1000 8 21 74
1516 1000 1 2 2
1682 1000 2 1 2
1754 1000 13 11 72
1783 1001 13 4 29
22 1002 1 1 1
211 1003 3 2 4
307 1002 1 1 1
466 1002 1 1 1
649 1002 1 1 1
833 1003 2 3 5
993 1002 10 7 35
1078 1003 3 2 5
1095 1002 2 2 3
1260 1003 5 4 16
1599 1003 1 1 1
1699 1002 5 3 10
1724 1003 2 2 3
1810 1003 1 1 1
0 1004 1 1 1
50 1005 1 1 1
88 1005 14 10 42
318 1005 1 1 1
505 1005 1 2 2
634 1004 1 1 1
654 1004 13 7 38
847 1005 8 8 52
1517 1004 1 1 1
1657 1004 12 30 107
1676 1004 5 10 19
1743 1005 2 2 3
112 1007 2 1 2
264 1006 21 6 39
393 1007 3 2 5
447 1006 1 1 1
977 1006 4 5 18
1349 1007 1 1 1
1362 1007 10 23 53
1470 1007 4 5 17
1533 1007 17 6 38
1647 1007 5 6 22
1707 1007 1 1 1
1780 1006 3 2 5
1818 1007 4 2 6
75 1008 4 2 6
251 1008 1 1 1
253 1009 1 1 1
285 1009 17 11 65
472 1008 6 3 9
624 1009 5 2 6
642 1008 1 1 1
679 1008 1 1 1
921 1008 8 8 42
1057 1008 1 1 1
1709 1008 1 1 1
495 1011 5 2 10
535 1010 9 12 60
887 1011 3 6 15
1442 1011 1 1 1
1543 1011 58 60 499
1797 1011 2 2 2
321 1013 2 2 3
411 1012 5 1 5
436 1013 11 17 72
754 1013 39 17 221
798 1012 1 2 2
904 1012 6 1 6
1032 1013 5 12 30
1214 1013 20 24 174
1238 1013 1 1 1
1635 1012 1 1 1
1735 1013 4 5 11
60 1014 1 1 1
392 1014 1 1 1
454 1014 4 2 5
665 1014 10 13 47
821 1014 47 20 221
1460 1014 10 10 22
1489 1015 2 2 4
1805 1014 4 4 8
56 1016 2 9 10
467 1017 1 1 1
494 1016 1 1 1
521 1017 9 13 48
607 1017 2 4 5
621 1017 1 1 1
812 1017 1 1 1
997 1017 19 44 344
1102 1016 2 6 7
1402 1016 8 8 49
1687 1017 1 1 1
122 1019 11 12 43
416 1018 2 2 2
929 1019 6 11 24
972 1018 4 2 5
1089 1019 2 2 3
1358 1018 2 4 8
1419 1018 1 1 1
1431 1018 1 1 1
1482 1019 2 2 4
1689 1018 2 2 2
1715 1019 1 1 1
1739 1019 1 1 1
209 1021 1 1 1
378 1021 1 1 1
424 1020 7 12 45
490 1021 24 39 202
876 1021 1 2 2
963 1020 2 3 4
1068 1021 1 1 1
1431 1020 10 14 59
1510 1021 1 2 2
1636 1021 6 6 24
268 1023 26 36 187
391 1023 17 13 96
1357 1023 1 1 1
1478 1023 1 1 1
1713 1023 1 1 1
96 1024 1 2 2
582 1024 42 24 421
896 1025 1 1 1
1085 1024 16 11 45
1280 1025 5 3 9
1465 1025 11 14 86
166 1027 17 13 116
241 1027 3 2 5
326 1026 3 2 6
363 1027 2 8 9
471 1026 5 2 7
744 1026 1 1 1
882 1027 1 1 1
1082 1027 1 2 2
1355 1026 78 72 1647
1498 1027 14 16 85
1584 1026 13 7 39
1605 1026 1 2 2
465 1029 3 2 6
585 1028 1 1 1
746 1029 2 5 6
987 1028 2 2 3
1035 1029 17 22 81
1060 1028 8 3 22
1443 1029 9 11 34
1514 1028 6 5 25
1542 1028 6 4 9
1722 1029 1 10 10
0 1030 13 10 70
483 1031 3 7 13
1376 1031 1 1 1
1629 1030 4 6 19
1645 1031 9 14 49
1733 1031 10 13 66
31 1032 14 13 64
79 1032 2 1 2
136 1033 7 4 16
185 1032 39 43 449
254 1032 5 3 8
378 1032 1 1 1
420 1033 3 3 4
437 1032 44 24 259
515 1032 84 101 1940
817 1032 1 1 1
1262 1032 15 12 80
1582 1033 1 1 1
1669 1033 1 2 2
1755 1033 2 3 4
1807 1033 3 3 6
159 1034 1 1 1
344 1034 3 2 4
656 1034 10 5 14
839 1034 7 18 80
976 1034 9 24 100
1352 1035 2 2 3
1621 1035 1 1 1
62 1036 3 1 3
81 1037 23 24 216
153 1037 2 1 2
297 1036 12 20 88
435 1037 1 2 2
645 1036 1 1 1
760 1037 23 12 140
805 1036 20 17 100
948 1037 1 1 1
962 1037 2 2 4
1539 1036 2 1 2
1578 1036 4 7 17
25 1038 1 1 1
869 1038 1 1 1
1474 1039 3 3 8
1489 1039 8 2 10
1788 1039 2 1 2
942 1040 3 3 9
1067 1041 21 32 206
1461 1040 2 1 2
1523 1040 2 3 6
1601 1041 1 1 1
1674 1040 11 31 113
1714 1041 7 4 10
1815 1040 2 3 3
15 1043 6 7 21
317 1043 31 22 195
387 1043 1 1 1
405 1043 1 2 2
831 1043 82 58 941
951 1042 15 18 47
1533 1043 6 3 10
1608 1043 5 7 15
1827 1043 3 3 9
49 1045 22 10 77
913 1045 10 2 11
1509 1044 29 38 238
1591 1045 1 1 1
1760 1045 1 1 1
114 1047 1 1 1
412 1046 5 12 24
609 1047 10 17 67
627 1047 21 45 414
995 1047 1 1 1
1345 1046 8 8 25
1503 1047 1 1 1
1742 1046 1 1 1
1780 1047 1 1 1
1820 1046 2 2 4
148 1048 1 1 1
381 1048 5 3 8
924 1049 5 8 32
1702 1048 25 24 190
1752 1049 1 1 1
133 1050 2 5 10
253 1051 1 2 2
669 1051 15 16 65
754 1050 5 1 5
854 1050 2 3 4
908 1051 1 1 1
1057 1051 1 1 1
11 1053 7 9 34
119 1052 12 12 57
354 1052 6 6 15
385 1053 18 11 100
780 1053 14 23 118
837 1052 2 1 2
942 1052 2 1 2
1060 1053 6 9 21
1128 1053 1 2 2
1618 1053 1 1 1
1662 1053 1 1 1
1697 1052 1 1 1
1794 1052 2 3 3
29 1054 1 2 2
233 1055 1 1 1
759 1055 8 4 23
1097 1054 14 8 44
1455 1055 1 1 1
149 1056 11 5 30
168 1057 4 3 8
365 1056 1 1 1
432 1057 2 1 2
449 1057 4 8 11
1091 1056 5 2 5
1650 1056 1 1 1
1764 1056 1 1 1
1825 1056 5 6 18
511 1059 23 20 226
656 1058 2 2 3
803 1059 23 31 166
1326 1059 19 14 125
1486 1058 1 1 1
1626 1059 4 4 10
247 1060 2 1 2
416 1061 1 1 1
463 1061 1 8 8
984 1061 3 6 8
1654 1060 3 4 6
1769 1060 8 3 11
96 1062 3 3 6
277 1062 35 15 125
342 1062 25 38 371
418 1062 1 1 1
727 1062 5 2 7
1020 1062 12 2 14
1050 1063 3 4 8
1446 1063 4 3 12
1467 1062 6 9 32
1485 1062 8 13 24
1737 1062 1 1 1
59 1064 1 1 1
77 1064 12 14 61
172 1064 9 26 126
225 1065 47 11 167
920 1065 18 30 175
954 1064 1 1 1
1570 1065 1 1 1
1566 1065 27 38 373
1594 1064 16 6 34
1642 1065 2 3 5
1743 1064 1 1 1
1777 1065 1 2 2
161 1067 2 3 5
217 1066 1 1 1
366 1066 1 1 1
453 1066 1 1 1
538 1066 1 1 1
750 1066 6 2 9
1092 1067 1 1 1
1793 1067 1 1 1
0 1069 2 1 2
18 1069 1 1 1
371 1068 1 1 1
395 1069 4 2 5
432 1068 4 5 8
484 1069 2 5 6
987 1068 17 9 80
1814 1068 5 4 11
109 1071 1 1 1
339 1071 5 8 12
658 1071 2 2 3
734 1070 3 2 5
1032 1071 8 9 22
1076 1070 15 8 52
1094 1071 55 72 1123
1435 1071 5 10 39
1453 1070 1 1 1
1759 1070 1 1 1
105 1072 3 3 6
145 1073 1 1 1
423 1073 1 1 1
440 1073 4 2 8
505 1073 1 1 1
714 1073 1 1 1
1059 1073 1 1 1
1831 1072 1 1 1
380 1075 1 1 1
489 1075 7 10 32
590 1075 15 22 97
681 1075 1 1 1
698 1074 45 37 411
801 1074 1 1 1
1023 1074 2 2 3
1619 1074 1 1 1
1689 1075 1 1 1
9 1076 3 4 11
319 1076 4 5 8
449 1076 8 24 64
762 1077 10 1 10
1008 1077 5 7 31
1657 1076 45 19 180
1779 1076 1 1 1
46 1079 5 2 7
367 1078 1 1 1
604 1078 113 138 3080
746 1078 50 48 577
973 1079 14 6 44
1324 1079 2 2 4
1331 1078 1 1 1
1626 1078 3 2 6
1714 1078 1 1 1
1744 1079 1 1 1
1440 1081 9 13 41
1486 1080 1 2 2
1549 1080 2 1 2
1812 1080 11 5 20
21 1083 19 15 90
115 1082 3 2 4
150 1083 18 24 86
197 1082 3 8 11
290 1083 1 1 1
408 1083 4 10 18
507 1083 2 2 2
650 1083 1 1 1
782 1082 1 1 1
1317 1083 7 7 29
1343 1082 38 54 852
1467 1083 11 17 64
1507 1082 12 10 42
1745 1083 1 1 1
1798 1083 5 6 9
6 1085 1 1 1
100 1085 1 1 1
216 1085 1 1 1
242 1085 10 10 33
270 1084 1 1 1
304 1085 15 17 85
427 1084 1 1 1
676 1084 1 1 1
791 1085 9 4 16
1030 1084 22 18 150
1534 1084 1 1 1
1711 1084 1 1 1
1715 1085 26 29 226
1835 1084 5 1 5
416 1086 18 12 63
462 1086 2 1 2
510 1086 5 3 12
957 1086 46 101 1042
1062 1086 7 11 27
1079 1087 1 1 1
1642 1086 2 2 3
55 1088 2 2 4
232 1089 2 4 5
274 1089 4 2 6
474 1088 32 36 333
684 1089 7 2 9
995 1089 1 1 1
1530 1089 2 3 5
1559 1088 1 1 1
1616 1088 1 1 1
0 1090 5 3 12
57 1091 9 8 51
879 1091 1 2 2
998 1091 3 4 12
1610 1091 1 1 1
1808 1090 1 1 1
832 1092 1 1 1
1491 1093 2 2 3
1770 1092 3 3 4
145 1094 2 1 2
208 1095 1 1 1
328 1095 1 1 1
654 1095 1 1 1
807 1094 11 5 16
939 1095 6 6 21
1003 1095 19 11 103
1401 1095 1 1 1
1629 1094 1 1 1
1631 1095 3 6 15
1774 1095 1 1 1
88 1097 3 3 5
98 1097 22 24 153
217 1097 14 28 165
396 1096 2 2 2
619 1097 21 27 212
827 1096 2 2 3
891 1096 2 5 7
1069 1096 30 34 218
1520 1096 1 1 1
1606 1096 4 4 9
1648 1096 1 1 1
1785 1096 1 1 1
1816 1097 1 1 1
1839 1097 1 2 2
32 1098 4 3 10
522 1098 4 5 8
643 1098 1 4 4
1093 1098 1 2 2
1389 1099 8 13 65
1557 1098 1 1 1
1669 1099 1 1 1
269 1101 1 1 1
437 1101 9 17 70
511 1100 1 1 1
870 1101 20 24 191
921 1101 2 2 4
1450 1100 1 1 1
1454 1101 2 2 3
1681 1101 22 28 174
13 1103 1 1 1
69 1102 2 2 4
283 1103 1 2 2
531 1102 12 10 49
688 1103 1 1 1
866 1102 1 1 1
904 1102 1 1 1
989 1103 1 1 1
1099 1102 7 6 26
1461 1103 1 1 1
1668 1102 1 1 1
0 1105 5 3 11
162 1104 51 35 444
246 1104 4 4 7
270 1104 4 10 15
549 1104 5 2 6
833 1105 1 1 1
947 1105 1 1 1
993 1104 2 3 6
1060 1105 1 1 1
1469 1104 22 25 96
1529 1104 14 15 70
1610 1104 4 5 15
1618 1105 11 16 80
1756 1104 1 1 1
233 1106 1 1 1
408 1107 1 1 1
424 1107 1 2 2
737 1107 7 6 37
824 1107 3 3 9
899 1106 15 13 74
1063 1107 1 1 1
1372 1106 50 85 733
1503 1106 18 16 112
1573 1106 1 1 1
1575 1106 17 15 118
1771 1106 27 15 184
420 1109 1 2 2
698 1109 1 1 1
806 1108 1 1 1
1438 1109 1 2 2
85 1110 1 1 1
353 1111 28 24 246
403 1110 1 1 1
601 1111 1 2 2
801 1111 3 3 9
809 1110 74 76 1274
934 1111 26 22 116
1031 1111 2 1 2
1424 1111 11 3 13
1492 1110 1 2 2
56 1112 1 1 1
149 1112 2 2 3
245 1112 1 2 2
288 1113 2 1 2
306 1113 1 1 1
320 1113 9 11 37
402 1112 1 2 2
530 1113 1 1 1
591 1113 1 2 2
886 1113 16 22 70
1051 1112 1 1 1
1487 1112 2 2 4
1834 1113 1 1 1
60 1115 1 1 1
299 1115 2 8 9
413 1114 13 20 99
604 1115 10 21 80
721 1114 22 47 284
1004 1115 19 9 54
1035 1114 8 9 62
1142 1115 7 8 42
1553 1114 2 3 5
1728 1115 20 18 143
7 1117 2 1 2
80 1116 1 1 1
264 1116 5 3 6
388 1116 2 1 2
467 1117 1 1 1
792 1116 2 2 4
1053 1117 1 1 1
1210 1117 1 1 1
1559 1117 5 3 9
1623 1116 46 62 648
1650 1117 1 1 1
616 1118 1 2 2
1454 1119 3 2 4
1658 1119 8 4 17
18 1120 1 1 1
38 1120 3 1 3
544 1120 10 14 62
1160 1121 1 1 1
1468 1120 1 1 1
1523 1121 15 10 34
1805 1121 1 1 1
54 1123 8 15 38
474 1122 1 1 1
512 1123 2 4 7
697 1122 1 1 1
701 1123 1 2 2
788 1123 2 1 2
923 1123 6 2 8
969 1122 2 3 4
1547 1123 14 11 45
1602 1123 9 7 27
92 1124 5 3 10
239 1124 6 2 6
477 1124 1 1 1
778 1125 1 1 1
1516 1124 6 4 22
1673 1125 2 2 2
1713 1124 1 7 7
1763 1125 3 3 7
1816 1125 1 1 1
47 1127 2 5 7
215 1127 2 2 3
334 1127 2 2 4
461 1127 1 2 2
903 1126 25 16 200
1027 1126 1 1 1
1156 1127 1 1 1
137 1128 20 12 96
160 1128 2 2 3
478 1128 5 2 8
494 1129 45 21 221
584 1129 5 6 23
1077 1128 5 3 7
1140 1128 1 8 8
1425 1128 9 7 49
1497 1129 1 2 2
1614 1128 6 5 18
1837 1128 3 2 6
422 1130 27 18 138
702 1131 16 11 47
1068 1131 1 1 1
1151 1130 3 9 13
1479 1131 1 1 1
1492 1131 24 24 176
1594 1131 5 6 10
1671 1131 7 15 54
1790 1131 8 3 9
114 1133 3 4 10
271 1132 3 8 10
720 1132 2 1 2
779 1132 1 1 1
796 1133 1 1 1
1031 1133 19 17 102
1066 1133 1 1 1
1449 1133 7 11 48
1784 1133 2 2 4
29 1134 1 1 1
180 1134 3 3 5
386 1134 51 49 638
751 1135 10 15 77
805 1134 3 4 8
932 1135 1 1 1
939 1134 11 8 43
1105 1134 1 3 3
1564 1134 1 2 2
1819 1135 1 1 1
168 1137 1 1 1
253 1136 10 16 62
457 1137 7 9 32
1435 1136 4 8 22
1458 1137 16 20 74
1778 1136 4 3 7
1825 1137 1 1 1
98 1138 2 2 4
129 1138 5 6 22
235 1138 7 11 29
563 1139 4 7 19
788 1139 1 2 2
1704 1138 23 31 228
1830 1139 10 4 22
37 1140 1 1 1
278 1141 1 1 1
338 1141 3 4 6
377 1141 7 5 20
839 1141 1 1 1
869 1141 37 68 503
1091 1141 59 37 478
1395 1140 4 4 11
1542 1140 1 1 1
1565 1141 1 1 1
1628 1140 1 1 1
189 1143 11 9 34
217 1143 1 1 1
760 1142 45 45 563
837 1142 1 2 2
1010 1142 1 1 1
1752 1143 7 5 11
21 1144 1 5 5
103 1145 5 2 10
287 1145 9 7 40
321 1145 1 1 1
830 1144 6 11 18
996 1145 1 1 1
1083 1144 1 10 10
1101 1144 2 2 4
1429 1144 4 3 8
1552 1145 9 5 17
150 1146 4 3 11
178 1147 1 1 1
242 1147 11 18 39
331 1147 13 25 73
454 1147 2 2 3
486 1147 1 1 1
547 1147 10 12 59
555 1146 42 34 292
984 1147 1 1 1
987 1146 1 1 1
1537 1146 5 15 54
91 1149 8 4 13
169 1148 1 1 1
648 1148 2 1 2
700 1149 1 1 1
935 1148 14 12 94
1383 1149 6 5 18
1528 1148 1 1 1
1678 1149 6 8 24
1746 1149 2 2 4
6 1150 2 2 3
77 1151 6 7 23
119 1151 27 19 148
216 1151 13 16 117
449 1150 4 6 19
501 1151 1 1 1
917 1151 1 1 1
1023 1150 30 28 164
1151 1150 3 2 4
1613 1150 1 1 1
113 1152 5 3 11
159 1153 1 1 1
290 1152 22 27 153
956 1152 1 1 1
1048 1153 32 36 348
1694 1152 2 1 2
1759 1152 5 4 9
384 1155 4 4 13
477 1155 1 1 1
657 1155 1 2 2
709 1154 3 1 3
872 1155 2 2 2
1010 1154 1 1 1
1433 1155 7 10 35
1489 1155 1 2 2
1808 1154 2 7 9
514 1157 1 1 1
723 1156 1 11 11
906 1157 3 9 12
1081 1156 1 2 2
1311 1156 1 1 1
1377 1156 3 3 9
1582 1156 35 28 362
1689 1157 1 1 1
1739 1157 2 5 9
72 1159 2 4 4
457 1159 1 1 1
533 1158 10 10 38
749 1159 5 2 10
1005 1158 1 1 1
1309 1159 1 1 1
1753 1159 1 1 1
8 1160 1 1 1
37 1160 2 1 2
347 1160 2 1 2
358 1160 11 9 36
444 1160 2 5 10
458 1161 2 4 5
478 1161 9 2 11
832 1160 3 7 10
1306 1161 2 2 4
1452 1160 6 5 14
1470 1161 1 1 1
1764 1160 1 1 1
108 1163 3 8 11
173 1162 13 12 36
1150 1162 15 14 77
1409 1163 29 38 322
1477 1163 1 1 1
481 1165 17 15 53
736 1164 15 10 66
960 1164 6 6 11
1247 1164 5 2 9
1261 1165 2 1 2
42 1167 10 16 57
264 1166 3 8 14
509 1166 5 2 7
840 1167 5 4 13
1053 1166 1 1 1
1205 1167 3 1 3
1266 1166 18 17 154
1339 1166 1 1 1
1534 1167 10 13 34
1562 1167 2 1 2
1786 1166 35 31 338
439 1169 1 2 2
477 1168 1 1 1
584 1168 14 12 55
903 1169 99 59 1414
994 1168 1 1 1
1055 1169 1 1 1
1503 1169 7 2 8
1826 1168 14 16 157
71 1171 5 5 16
206 1170 1 1 1
462 1171 3 7 10
1004 1171 6 11 24
1281 1170 98 52 1675
1567 1171 3 3 6
156 1172 2 2 3
507 1172 2 8 9
727 1173 3 4 8
921 1172 1 1 1
1350 1173 2 1 2
1489 1172 2 1 2
1684 1173 7 2 8
194 1175 6 2 7
258 1174 1 2 2
450 1174 1 1 1
521 1174 8 3 9
551 1174 1 1 1
1727 1174 1 2 2
1739 1174 3 6 11
128 1176 5 4 16
253 1176 4 4 7
431 1177 1 2 2
442 1176 1 1 1
812 1176 1 1 1
929 1177 2 1 2
10 1179 6 3 8
173 1179 1 1 1
272 1179 11 16 54
373 1178 1 2 2
723 1179 95 49 1790
862 1179 6 11 55
1022 1178 2 2 4
1132 1179 4 6 18
1170 1178 1 1 1
1399 1179 1 1 1
1512 1178 1 1 1
1616 1178 13 8 53
1714 1179 1 1 1
1789 1179 2 2 3
168 1180 4 6 9
217 1181 1 2 2
231 1180 1 2 2
419 1180 5 5 20
650 1180 1 2 2
914 1180 1 1 1
1036 1181 9 8 27
1239 1180 32 20 160
1456 1181 1 1 1
1492 1181 21 13 134
1516 1181 2 1 2
1675 1180 1 1 1
1699 1181 10 12 45
84 1182 1 1 1
150 1182 3 2 5
460 1182 1 1 1
550 1183 9 4 16
572 1182 14 11 64
718 1182 15 8 31
978 1182 20 13 90
1460 1182 6 3 10
1476 1182 2 1 2
1562 1182 1 1 1
1644 1183 4 12 18
291 1184 1 1 1
439 1185 2 3 6
475 1185 10 3 14
514 1184 1 1 1
530 1185 2 7 9
614 1185 2 2 3
627 1185 1 2 2
829 1184 20 14 164
1443 1184 2 1 2
1564 1185 11 8 25
1581 1185 7 16 43
1681 1184 2 3 4
207 1186 8 9 39
229 1187 2 4 5
308 1186 40 22 179
784 1187 1 1 1
1007 1186 1 1 1
1084 1186 87 42 859
1225 1187 1 1 1
1781 1186 1 1 1
137 1188 1 1 1
293 1189 11 6 28
446 1188 7 8 32
563 1188 1 3 3
935 1188 3 3 7
1081 1188 1 1 1
1137 1189 3 4 10
1163 1188 19 7 73
1209 1189 1 2 2
1528 1188 2 2 3
107 1190 2 3 4
373 1190 1 1 1
376 1191 1 1 1
648 1191 1 2 2
1011 1191 1 1 1
1159 1191 92 37 978
1272 1191 2 1 2
1488 1190 1 1 1
59 1193 1 1 1
250 1192 13 19 82
425 1193 1 2 2
521 1192 2 1 2
597 1193 2 2 3
1047 1192 7 5 19
1461 1193 5 2 6
1482 1192 5 10 21
1556 1193 17 23 152
1830 1193 1 1 1
65 1194 3 5 15
84 1194 1 1 1
397 1194 10 9 26
600 1195 1 1 1
1037 1194 1 1 1
1201 1194 2 1 2
1543 1195 2 1 2
1594 1194 28 25 244
28 1197 4 2 4
151 1196 13 5 19
265 1197 2 1 2
288 1196 1 1 1
432 1196 6 5 17
454 1196 9 7 58
496 1196 1 1 1
556 1196 4 2 8
720 1197 2 1 2
872 1197 8 11 56
1090 1196 1 1 1
1453 1197 8 13 73
1649 1197 39 24 514
1772 1196 1 1 1
237 1198 2 2 3
361 1198 2 3 4
507 1198 5 12 24
855 1199 12 17 90
1032 1198 1 1 1
1085 1198 2 1 2
1391 1198 28 22 203
297 1201 1 1 1
338 1200 1 2 2
536 1200 5 2 6
577 1201 27 27 191
631 1200 10 11 56
719 1200 1 1 1
1042 1201 45 27 350
1264 1201 3 3 6
1269 1200 1 1 1
1500 1201 1 1 1
1510 1201 10 7 16
1540 1200 1 1 1
1590 1201 1 1 1
1639 1200 1 1 1
279 1202 1 2 2
365 1202 17 13 115
484 1202 3 9 14
608 1203 1 1 1
1265 1202 22 26 143
1523 1202 2 3 4
1633 1203 2 2 4
1636 1202 1 1 1
1708 1202 20 26 94
1724 1203 1 1 1
1749 1202 1 1 1
1781 1203 2 2 4
27 1204 1 1 1
70 1204 9 6 37
125 1205 1 1 1
169 1204 1 1 1
175 1205 8 6 31
200 1205 2 1 2
436 1204 36 24 128
545 1205 1 1 1
683 1204 10 8 25
730 1205 1 1 1
1028 1205 1 1 1
1107 1205 1 2 2
1465 1205 27 23 208
87 1207 3 2 4
451 1206 1 1 1
1381 1207 2 2 3
1437 1206 2 2 3
1544 1206 1 1 1
1623 1207 1 2 2
1696 1206 1 1 1
115 1209 2 2 3
223 1209 3 10 16
323 1209 9 1 9
347 1209 10 6 21
418 1209 7 3 10
434 1209 1 1 1
830 1209 25 19 122
992 1209 2 1 2
1031 1208 7 7 18
1288 1208 1 1 1
66 1211 1 1 1
199 1210 1 2 2
269 1210 13 18 91
1462 1210 1 1 1
1694 1210 1 1 1
1728 1210 10 12 29
1765 1211 1 1 1
1810 1210 2 2 4
58 1213 2 3 5
138 1213 2 4 4
415 1212 1 2 2
503 1212 1 1 1
500 1213 35 15 251
882 1213 6 5 25
1004 1213 1 1 1
1349 1212 10 16 72
1442 1212 5 3 7
1530 1213 6 3 10
1741 1213 1 1 1
302 1214 1 1 1
315 1215 1 1 1
389 1214 10 14 44
488 1215 10 13 57
617 1214 13 14 77
643 1214 1 1 1
691 1214 9 14 70
1308 1215 2 2 3
1370 1214 16 14 129
1518 1214 3 5 11
40 1217 1 1 1
202 1216 2 2 4
574 1216 2 3 6
667 1216 2 2 3
872 1217 1 1 1
939 1216 1 1 1
1428 1217 1 1 1
1538 1216 2 2 4
1818 1216 4 3 5
206 1218 3 3 6
546 1218 11 2 12
654 1219 2 1 2
1007 1219 1 2 2
1011 1218 23 10 104
1311 1219 6 9 29
1575 1219 1 1 1
1625 1219 2 2 3
15 1220 1 1 1
24 1220 7 8 17
71 1220 4 8 28
136 1220 1 1 1
166 1221 8 7 45
247 1221 2 1 2
338 1220 8 1 8
362 1221 1 1 1
408 1220 1 1 1
1287 1220 12 8 51
1430 1220 6 8 44
1504 1220 1 1 1
1512 1221 1 1 1
1787 1221 1 1 1
150 1223 1 5 5
184 1222 6 6 27
300 1222 1 6 6
323 1222 1 1 1
423 1223 2 5 9
578 1222 8 6 20
645 1222 3 6 8
943 1222 4 6 24
1688 1222 15 6 38
1742 1223 2 5 10
1756 1223 1 5 5
45 1224 6 4 21
347 1224 1 4 4
402 1225 1 3 3
711 1224 1 4 4
1496 1224 7 4 16
1647 1224 8 4 25
1781 1225 1 3 3
243 1226 2 2 4
631 1226 3 2 6
687 1226 1 2 2
1594 1226 15 2 21
1623 1227 1 1 1
1815 1227 1 1 1
