0 0 1840 1228 2135772
255 0 16 9 106
345 0 6 2 9
650 0 7 4 23
954 0 2 6 7
985 0 3 5 13
1007 0 6 5 22
1027 0 4 4 13
1159 0 12 13 113
1239 0 6 7 32
1279 0 22 38 504
1337 0 28 35 699
900 5 9 17 108
1440 5 2 2 3
288 7 11 11 75
1265 6 5 5 17
107 12 20 20 256
830 14 10 34 210
1764 16 43 48 1025
582 18 7 15 86
1425 21 69 113 2389
533 23 12 18 134
1038 27 19 25 261
1423 26 7 12 58
483 28 22 28 463
1158 28 22 31 395
913 35 47 74 1506
363 36 10 13 96
564 36 9 23 181
1240 40 2 2 4
1011 46 6 8 33
1399 47 32 32 586
1133 49 4 9 28
410 51 24 27 361
894 51 5 7 28
1187 50 30 49 948
37 52 15 14 132
988 54 3 3 5
385 58 12 18 167
1325 58 10 15 92
539 60 13 36 263
461 63 10 18 127
1119 62 19 41 478
1087 65 13 25 241
974 67 3 2 4
506 69 11 15 112
1013 69 9 13 83
1070 70 3 3 8
846 73 12 33 307
1252 72 13 19 134
1255 72 57 116 2367
1581 73 23 31 488
783 75 5 6 17
1031 78 7 12 53
1618 80 33 45 824
1233 83 1 2 2
1763 84 6 6 18
885 91 4 7 23
1166 91 6 9 35
1661 90 23 29 403
901 92 3 4 7
1320 92 20 14 163
767 100 10 24 195
792 101 29 42 413
1049 101 7 13 67
411 103 13 45 402
957 103 3 7 10
1262 104 3 4 10
253 109 6 4 12
859 111 5 10 45
1203 110 4 5 15
446 113 13 14 120
1108 112 74 114 1698
1146 115 5 7 28
1313 114 13 22 118
556 116 8 16 93
837 116 5 6 18
1101 117 10 17 102
104 119 14 19 217
929 120 7 12 53
1023 120 5 9 29
961 123 31 34 433
732 124 14 26 277
958 125 3 4 11
684 128 7 11 55
1223 129 18 29 156
506 131 9 17 104
828 133 6 9 46
999 132 4 7 21
1055 132 4 4 10
1581 133 25 29 415
871 139 23 26 205
1047 139 4 6 16
1241 138 4 2 7
530 140 7 17 75
826 152 18 15 124
200 157 16 39 357
418 156 7 7 32
858 156 1 2 2
255 159 10 11 59
796 159 5 9 37
1721 159 12 14 97
588 160 7 14 84
340 162 3 3 8
896 163 20 21 160
1034 162 12 16 124
1176 162 4 7 17
1202 162 11 13 87
1082 165 11 9 38
845 169 1 2 2
862 168 1 1 1
950 171 3 5 11
534 172 9 25 187
565 173 8 3 16
671 172 6 11 46
878 173 2 3 5
418 175 20 30 261
812 174 6 8 34
851 175 1 2 2
861 175 1 2 2
1536 176 33 61 991
976 179 3 3 6
1073 179 5 10 23
473 180 6 10 44
497 181 9 16 112
890 181 2 1 2
863 183 4 2 5
975 185 8 17 62
1715 184 13 14 112
901 186 2 2 3
877 189 18 38 410
1154 189 1 1 1
843 190 2 2 4
858 190 2 2 4
908 190 29 25 198
450 193 8 10 65
1170 194 23 37 508
862 196 5 4 7
941 197 1 1 1
892 199 97 109 1813
1463 199 9 10 49
34 200 7 2 11
622 201 1 1 1
833 202 1 2 2
904 202 1 1 1
1269 202 1 1 1
637 206 6 11 54
839 207 9 10 30
178 210 1 1 1
181 211 1 2 2
775 211 58 115 1724
826 212 2 1 2
1147 214 1 2 2
77 217 19 23 311
864 216 1 2 2
1301 216 8 9 61
840 218 18 19 107
867 218 1 1 1
920 218 2 1 2
818 223 1 1 1
293 225 8 6 33
685 225 9 19 137
830 225 8 4 12
915 226 1 2 2
1154 226 3 3 8
1298 226 22 41 508
867 228 2 2 2
1077 228 19 31 379
561 231 17 19 107
872 230 14 20 116
1007 232 2 1 2
424 234 6 12 57
630 234 7 8 43
809 235 1 1 1
1248 234 2 2 4
925 237 1 1 1
860 240 1 2 2
1021 243 12 22 190
1172 243 1 1 1
53 246 16 16 166
492 249 6 7 32
599 248 5 15 39
182 251 9 6 30
733 250 1 1 1
200 252 7 5 30
847 253 3 3 6
954 252 1 2 2
1709 253 3 2 3
834 254 2 2 4
865 255 3 5 12
1145 255 4 9 23
965 257 5 3 9
442 258 7 12 65
837 259 3 6 18
887 259 16 12 77
873 260 1 2 2
974 261 2 1 2
835 265 1 2 2
1043 265 4 8 23
1139 264 3 6 14
1241 265 7 12 43
309 267 9 10 73
577 267 6 7 31
905 269 9 7 29
951 269 5 4 8
467 270 5 9 37
827 271 1 1 1
875 270 3 3 9
1225 270 5 5 18
848 273 2 2 2
890 274 1 2 2
862 276 2 2 2
891 277 31 56 704
1154 277 5 15 38
1322 277 24 36 477
743 279 2 4 8
811 280 10 5 26
833 281 3 2 3
1014 280 1 1 1
292 282 8 10 53
1007 282 3 5 13
1172 283 4 6 16
1442 283 17 27 234
881 284 2 2 2
954 285 18 14 99
1115 285 3 4 9
1622 284 4 2 5
844 289 9 4 13
477 290 7 7 32
1015 290 2 2 3
1194 290 5 6 20
1564 291 3 3 8
745 292 22 25 403
826 292 1 1 1
837 292 4 5 19
459 295 4 3 7
497 294 8 14 88
878 294 1 1 1
1277 295 3 4 10
410 297 8 14 79
887 296 2 2 3
1305 297 2 1 2
816 299 1 1 1
141 301 1 1 1
729 300 7 12 69
828 301 5 3 13
848 300 33 35 470
1017 301 3 4 7
1068 301 14 26 197
856 303 1 1 1
983 303 5 16 41
1410 303 23 30 454
826 304 1 1 1
387 306 6 11 37
667 308 1 1 1
1007 308 1 1 1
1149 311 3 5 11
124 312 14 17 183
964 313 8 11 50
1166 312 24 28 306
1572 313 13 12 104
285 317 3 2 3
1012 316 7 10 52
463 318 6 8 34
807 318 32 17 87
1206 318 19 15 117
1368 321 23 31 476
584 322 1 1 1
1113 323 11 11 39
884 328 1 1 1
1599 328 25 32 460
141 333 10 9 77
762 333 3 3 6
1036 332 1 1 1
303 334 6 5 17
420 335 7 7 33
583 334 1 2 2
905 335 3 7 17
921 334 8 12 73
1045 334 2 2 3
612 337 5 8 32
1070 337 4 3 8
1643 338 1 1 1
532 340 6 15 81
770 341 5 4 13
1152 341 2 1 2
743 342 7 11 61
1012 342 1 1 1
975 344 8 9 54
1496 345 13 12 105
152 347 9 8 39
877 347 1 1 1
1159 347 5 3 10
1729 347 4 3 11
1750 346 1 1 1
1186 348 5 3 13
1202 348 7 10 45
1258 348 3 2 4
793 351 18 14 145
958 351 1 3 3
1126 350 5 4 18
716 352 8 17 109
1403 352 1 1 1
257 356 6 3 15
555 358 6 7 34
776 358 9 22 96
887 359 3 6 13
1007 358 1 1 1
506 365 6 7 35
826 365 14 34 356
1075 364 5 12 31
1626 365 3 2 4
817 367 3 2 6
991 367 16 13 112
1170 367 6 8 30
1611 366 5 7 27
339 368 26 33 366
390 369 2 2 3
566 369 2 1 2
690 369 7 15 68
1014 369 33 51 624
1153 370 2 2 4
627 372 1 1 1
762 372 3 3 6
1384 374 12 15 138
476 377 3 2 5
629 376 5 8 35
875 376 9 19 134
765 379 3 4 10
1644 379 1 1 1
1090 381 2 1 2
235 384 8 5 34
942 387 2 1 2
982 386 1 1 1
1005 387 1 1 1
1084 387 1 2 2
1100 386 3 2 4
1174 386 4 5 11
1631 386 1 1 1
719 388 3 5 11
1098 391 24 60 619
1233 392 5 7 15
859 395 1 1 1
743 397 2 2 3
1006 397 1 1 1
931 398 2 3 6
985 399 7 10 43
1264 398 6 6 25
396 401 3 3 5
483 401 8 16 79
557 400 6 7 30
412 402 2 1 2
749 405 9 14 100
904 405 9 17 111
1085 404 1 1 1
1040 407 14 19 188
1693 406 2 2 3
453 408 5 4 14
612 409 4 12 26
766 408 1 2 2
631 410 1 1 1
883 411 3 7 15
925 411 36 48 603
1704 412 1 1 1
1728 413 4 2 5
462 416 7 11 60
1227 417 3 5 10
866 419 2 3 6
82 421 1 1 1
1136 423 34 49 547
1256 422 2 2 3
1037 425 2 4 6
1382 425 57 43 1020
1589 425 56 56 1430
500 427 8 17 77
703 426 3 1 3
760 427 3 6 14
1085 427 2 3 6
1457 427 1 1 1
991 429 1 2 2
196 431 7 5 30
409 430 3 2 6
824 430 2 2 3
1061 430 16 21 212
1712 434 53 57 1587
248 436 10 10 80
473 437 3 4 11
873 437 3 7 14
1022 437 3 6 13
1088 437 2 3 4
184 438 11 8 59
774 439 52 29 449
822 439 1 1 1
116 440 11 9 58
634 441 1 2 2
1649 441 26 27 446
1301 442 2 1 2
819 445 1 1 1
827 444 56 50 712
1329 445 25 27 354
382 447 10 16 97
924 447 2 2 2
60 449 3 7 10
902 449 3 4 11
951 452 1 1 1
1043 453 13 23 223
1194 452 3 5 10
425 454 5 3 12
746 454 3 3 6
999 454 1 1 1
1691 454 3 1 3
1524 457 1 1 1
242 459 2 2 3
1778 459 6 2 10
451 463 4 5 16
1031 463 2 2 4
607 465 5 8 32
803 464 3 2 4
826 465 2 1 2
941 464 4 7 22
1114 465 4 5 11
665 467 1 1 1
994 467 1 3 3
1260 469 18 23 274
1472 468 2 2 3
1078 470 10 6 21
798 472 2 1 2
1023 472 2 3 5
1627 473 66 66 1646
687 474 1 1 1
1057 475 3 6 15
1326 475 2 2 3
792 477 37 61 1060
1139 477 1 2 2
1810 477 30 31 707
633 478 6 11 60
751 479 2 5 9
1003 478 1 1 1
1096 479 1 2 2
418 481 2 2 3
518 480 1 2 2
689 480 3 3 5
875 480 1 2 2
997 480 3 4 10
1120 480 1 2 2
1761 480 4 3 6
656 483 6 9 44
936 483 6 11 41
1012 482 2 1 2
1454 482 13 23 225
1063 485 42 46 891
1546 485 58 61 1005
1546 486 10 11 67
905 488 2 3 5
440 491 1 1 1
457 491 10 11 75
548 490 9 9 64
749 491 14 16 80
1105 490 1 1 1
699 493 1 1 1
1169 493 15 19 85
869 494 2 2 4
926 495 14 24 186
999 494 1 1 1
1127 494 2 2 2
704 498 2 3 5
393 500 3 3 7
989 500 2 5 5
470 503 5 10 45
495 503 6 8 41
873 503 2 2 4
967 502 9 18 105
1000 503 5 3 11
1243 502 1 1 1
408 507 1 2 2
526 506 6 16 69
895 506 1 3 3
1012 506 1 1 1
416 511 5 5 18
990 511 4 5 14
1015 511 3 3 6
436 512 6 7 33
1037 512 2 4 5
1348 515 10 12 72
481 517 5 7 25
866 517 2 4 7
1248 517 1 1 1
1495 517 1 1 1
675 521 2 1 2
901 520 4 4 14
1090 521 44 51 839
1293 520 19 25 300
501 522 5 4 20
634 522 2 2 2
694 523 2 2 3
1188 523 17 21 237
647 525 1 1 1
883 524 2 3 4
1000 525 11 18 64
1130 524 4 4 12
135 527 7 5 15
952 529 39 39 363
1045 528 2 5 7
496 530 4 9 19
1230 531 3 3 5
1530 531 2 1 2
860 533 2 3 4
1066 533 1 2 2
718 534 10 14 93
1056 534 1 2 2
1434 534 1 1 1
850 537 10 18 140
411 538 1 1 1
817 540 1 1 1
1220 540 1 1 1
824 542 3 3 7
871 543 4 10 30
1075 542 2 4 6
592 547 1 1 1
914 546 3 6 15
72 549 2 1 2
450 549 2 2 3
571 549 2 6 7
700 548 377 327 31191
1392 548 10 12 72
697 550 29 28 284
899 551 4 5 15
1452 550 18 27 283
342 553 5 6 24
990 552 1 1 1
1731 552 26 26 418
823 555 3 5 14
1219 555 8 11 64
1657 554 1 1 1
917 556 1 1 1
1382 557 2 1 2
672 559 6 16 41
980 559 1 2 2
748 561 2 3 6
1168 560 2 2 3
1184 560 7 4 15
1310 560 10 13 95
352 563 3 3 9
1661 563 1 1 1
841 565 3 5 9
1418 566 4 4 12
363 572 20 10 109
1469 572 11 11 106
453 575 5 4 13
739 575 1 2 2
1033 574 1 2 2
1557 574 15 12 118
1757 574 83 55 1835
771 576 5 9 31
801 576 8 16 99
205 578 23 17 131
665 578 6 20 89
1324 579 10 13 80
985 581 1 1 1
1406 581 2 2 3
954 583 1 2 2
1268 582 26 22 349
877 584 9 10 64
912 584 4 6 18
1023 585 1 2 2
1161 584 3 12 16
979 588 3 3 5
1533 589 17 17 188
900 593 8 8 32
950 593 1 2 2
967 592 2 4 5
1673 593 18 17 211
712 594 8 11 45
852 595 25 57 643
825 596 4 12 19
1160 597 2 3 5
1005 598 1 1 1
1403 599 3 2 4
500 600 15 34 276
682 600 1 2 2
235 603 7 3 18
897 603 1 2 2
702 607 1 1 1
891 606 6 13 36
956 607 2 3 4
979 607 1 1 1
1015 607 2 4 5
1176 607 1 1 1
399 608 4 4 13
589 608 3 3 8
1337 609 14 18 163
426 611 3 2 6
708 610 2 2 3
1466 610 41 29 531
308 612 4 3 10
565 612 1 2 2
971 612 1 2 2
829 615 3 2 6
556 618 6 7 30
464 620 3 3 5
833 621 5 7 11
1270 622 2 1 2
1273 623 1 1 1
403 624 5 8 37
732 624 1 1 1
764 625 21 18 179
1129 624 1 2 2
1219 624 2 1 2
245 627 8 8 46
708 626 18 11 84
991 627 1 2 2
46 629 1 1 1
1752 628 1 2 2
998 630 2 4 8
836 633 4 4 16
1082 632 1 1 1
1286 632 1 1 1
1713 632 22 24 311
689 635 3 5 10
979 635 1 2 2
1132 635 1 2 2
1400 635 4 2 6
427 636 8 16 51
955 637 1 3 3
661 638 2 3 6
830 638 5 4 10
1005 639 1 3 3
964 641 14 16 121
1278 641 2 2 3
1317 640 19 11 95
348 643 5 4 15
827 642 1 1 1
844 642 1 1 1
1486 643 17 19 219
415 645 4 1 4
608 644 24 10 97
816 644 24 18 107
950 645 2 4 6
1797 645 20 17 244
663 647 7 30 61
1753 646 24 14 167
465 649 12 7 64
1433 649 26 24 329
865 652 1 3 3
886 652 2 6 11
978 653 10 20 113
1232 652 16 23 250
1838 652 2 1 2
1011 655 1 1 1
739 656 2 2 4
170 658 2 1 2
279 658 5 3 9
691 659 2 1 2
714 659 1 1 1
1025 658 8 5 18
1080 659 4 5 15
1390 658 1 1 1
557 663 5 8 31
949 662 10 13 74
768 665 5 5 20
837 665 10 4 14
322 667 6 3 16
815 667 1 2 2
1075 667 2 2 4
691 669 10 16 75
1033 671 1 1 1
1383 671 5 4 10
1724 670 24 16 206
1305 672 6 5 18
610 677 1 1 1
716 677 2 4 6
732 677 1 1 1
385 678 3 2 6
1111 678 1 1 1
1499 679 22 22 304
784 680 6 14 55
853 680 9 14 46
877 681 5 3 7
985 682 1 1 1
994 683 21 11 60
1070 683 3 7 19
644 685 2 2 3
482 687 2 1 2
960 686 1 2 2
680 688 3 3 7
808 688 1 1 1
1438 688 13 12 97
1713 688 3 3 6
1811 689 2 1 2
363 690 2 2 4
822 690 3 2 5
1329 691 2 2 4
1756 690 34 41 829
1747 695 6 4 8
808 696 5 12 39
492 698 13 15 139
903 699 1 2 2
937 699 1 1 1
976 698 6 8 16
1070 699 1 1 1
1117 699 2 3 4
1176 698 8 1 8
1287 699 2 2 3
1738 698 1 1 1
310 700 7 6 34
443 701 7 7 36
541 700 4 4 10
577 701 3 5 12
426 704 4 4 14
857 705 1 1 1
866 704 1 1 1
1108 705 1 1 1
901 706 1 1 1
932 707 3 7 17
719 708 1 1 1
1148 709 10 17 118
947 711 1 2 2
957 711 2 4 5
1668 710 18 14 161
714 712 1 2 2
905 712 1 1 1
920 713 2 4 6
440 715 1 2 2
787 715 2 4 7
856 715 1 1 1
962 715 14 8 27
995 714 1 1 1
1410 714 14 16 145
829 717 8 3 12
1478 716 11 8 57
346 718 4 7 20
436 719 3 3 8
894 719 3 2 4
891 723 1 1 1
1822 722 18 14 71
317 725 5 5 18
545 725 3 12 17
846 724 6 10 45
902 725 1 1 1
1231 725 15 19 122
372 727 5 3 13
701 726 8 5 28
1002 729 3 5 13
1361 728 2 1 2
1258 730 11 16 99
988 735 12 3 28
451 737 1 2 2
700 736 1 2 2
932 736 2 4 5
1447 737 1 1 1
884 739 6 7 19
1428 739 11 11 76
1093 740 1 2 2
1641 741 1 1 1
670 742 1 1 1
950 742 49 22 436
1655 742 2 1 2
856 745 1 2 2
1000 744 1 2 2
272 746 5 3 10
919 747 1 3 3
1454 747 12 8 65
1466 746 1 1 1
246 749 1 1 1
486 748 3 4 9
521 748 2 2 3
651 748 4 5 16
1204 749 18 22 225
685 751 5 6 20
698 751 2 1 2
1092 750 1 1 1
1707 750 13 9 90
438 753 1 1 1
616 753 1 1 1
142 755 1 1 1
290 754 1 1 1
449 754 4 3 9
632 754 1 1 1
325 757 1 1 1
523 756 3 3 8
996 757 10 9 24
467 758 4 3 11
1794 758 12 11 88
424 761 5 7 34
1088 760 13 26 184
1508 760 16 18 197
1724 760 14 18 160
617 762 4 4 10
931 762 9 16 77
91 765 1 1 1
921 767 1 2 2
1144 767 1 1 1
444 772 2 2 3
461 772 1 1 1
495 773 12 9 56
561 772 2 2 4
1326 773 1 2 2
1390 773 7 6 25
627 776 2 2 4
1254 777 1 1 1
1475 777 13 14 95
988 778 4 7 11
587 781 2 2 4
1316 780 1 1 1
1415 780 2 2 2
642 782 19 32 201
976 782 1 2 2
686 784 2 3 5
323 786 6 5 22
1083 787 5 8 27
1364 786 12 12 107
932 788 1 1 1
947 789 3 3 8
1283 789 1 1 1
454 791 3 3 9
954 795 1 1 1
1241 794 1 1 1
1310 794 2 2 4
423 797 3 3 6
1779 797 13 10 98
596 798 3 5 13
667 799 1 1 1
1200 801 15 18 198
1314 801 1 1 1
1066 803 1 1 1
533 805 3 4 10
612 805 5 8 22
1556 805 1 1 1
1124 806 2 2 2
1583 806 2 1 2
1368 808 10 10 75
490 811 2 3 4
1243 813 10 11 69
1754 814 13 5 57
298 817 1 1 1
1157 816 7 10 54
1277 817 1 1 1
1381 817 1 1 1
1408 816 23 37 436
1600 817 13 12 112
424 818 2 2 4
628 818 1 1 1
1661 818 12 9 69
1750 819 1 1 1
462 820 2 3 5
1399 820 4 2 6
636 823 1 1 1
1363 822 1 2 2
291 824 3 3 6
483 825 3 4 11
665 825 3 3 8
1490 824 4 4 10
221 827 1 1 1
1168 827 1 1 1
59 829 15 10 93
471 829 1 1 1
592 829 2 1 2
1064 829 1 1 1
1835 829 5 8 12
697 831 1 1 1
1122 830 19 11 95
1286 831 1 1 1
672 832 6 5 14
1498 833 12 26 149
324 835 3 2 4
524 836 2 3 4
704 836 3 6 18
728 837 2 4 7
625 838 11 7 25
1189 838 2 3 4
436 840 2 3 6
490 842 2 2 3
652 844 1 1 1
707 844 4 4 13
1669 844 12 13 101
429 847 1 1 1
296 848 1 1 1
689 849 4 5 15
723 848 4 5 17
1077 851 1 2 2
1251 853 2 3 5
612 854 4 3 10
658 855 3 5 13
1199 855 4 5 8
1414 855 4 2 5
604 857 1 1 1
683 856 1 1 1
715 857 3 3 6
801 857 2 3 4
1221 857 1 1 1
1662 857 1 3 3
440 859 1 1 1
1435 858 1 1 1
366 863 6 3 14
601 863 1 2 2
829 862 1 2 2
927 863 1 1 1
453 865 1 1 1
597 865 1 1 1
1049 864 18 25 311
1173 864 1 1 1
587 866 2 3 6
684 867 6 10 46
1076 867 1 1 1
1104 866 2 1 2
1518 866 19 9 112
642 869 1 2 2
808 869 3 5 10
912 869 1 1 1
1232 869 5 6 22
1695 869 3 3 5
1759 869 1 1 1
627 870 8 9 47
825 870 1 2 2
881 872 9 22 99
803 874 2 2 4
1312 875 1 1 1
1325 875 12 10 57
575 876 1 1 1
817 876 1 3 3
975 876 3 5 10
797 879 1 3 3
1350 878 15 19 146
503 880 4 8 13
1182 883 1 1 1
1101 885 1 1 1
1805 884 1 1 1
812 887 1 2 2
1214 887 1 1 1
315 889 4 5 16
677 888 10 23 87
844 889 1 1 1
1387 888 37 23 404
1474 889 1 1 1
394 891 3 4 9
800 890 1 3 3
1676 890 13 11 96
68 892 1 1 1
454 893 1 1 1
534 893 1 1 1
654 892 1 1 1
857 893 6 8 34
1490 892 1 2 2
873 895 1 3 3
1007 895 1 1 1
1600 895 11 9 66
408 896 2 2 3
419 897 1 1 1
1143 897 13 14 140
1172 897 5 6 23
740 898 1 1 1
844 899 4 4 15
1043 899 2 2 4
1133 899 1 1 1
1257 898 2 4 5
662 900 4 4 14
912 900 1 1 1
529 902 1 1 1
805 903 1 2 2
825 903 4 5 16
644 904 3 2 3
766 905 2 4 5
365 907 2 2 3
704 907 3 5 12
916 907 3 1 3
1093 906 21 14 109
1237 906 9 12 75
963 909 1 2 2
1069 909 1 1 1
1219 909 6 6 21
1539 908 1 1 1
479 911 9 6 17
724 911 4 6 18
1259 911 5 5 20
370 912 4 2 7
674 912 3 4 9
782 912 1 2 2
636 915 6 11 16
774 917 4 7 18
811 917 1 2 2
1030 917 2 1 2
1533 916 1 1 1
551 918 1 2 2
670 919 1 1 1
693 919 2 3 5
1195 919 1 1 1
1307 918 1 1 1
1611 919 1 1 1
276 921 4 4 8
351 921 5 4 7
449 921 1 1 1
599 921 1 1 1
941 920 1 1 1
1025 920 4 3 10
1122 921 6 7 29
1444 920 1 1 1
1674 921 1 1 1
1063 923 1 1 1
1273 922 1 2 2
1647 925 6 3 11
631 926 1 1 1
672 926 2 3 5
731 927 6 13 41
1150 929 2 2 3
1197 929 1 1 1
1364 928 1 1 1
1547 929 8 8 36
483 931 1 1 1
651 930 2 1 2
886 930 1 1 1
1168 930 5 3 13
956 933 1 2 2
1199 933 3 5 10
1370 932 1 1 1
529 934 1 1 1
580 934 1 1 1
660 935 5 4 14
1394 934 7 4 23
417 936 13 3 16
843 936 12 16 126
1162 937 3 3 7
1218 936 4 4 9
1417 937 10 10 69
666 939 3 4 11
827 940 6 10 37
1030 941 1 1 1
1360 940 1 1 1
355 943 3 3 6
873 942 4 6 20
1606 943 9 10 65
715 944 2 4 8
394 947 2 1 2
478 946 1 1 1
1356 947 20 23 261
1730 946 5 3 10
341 949 1 1 1
371 948 2 1 2
493 949 6 7 26
986 949 1 1 1
1120 948 5 6 21
1434 948 8 7 37
455 951 1 1 1
612 950 5 8 29
796 950 10 10 53
1035 950 1 1 1
1770 951 9 6 40
339 952 1 1 1
386 953 2 2 4
576 953 5 7 22
910 953 1 1 1
931 952 1 1 1
1225 952 1 1 1
337 954 1 1 1
677 954 2 4 8
778 954 1 3 3
972 954 2 1 2
1198 954 1 1 1
1414 955 10 5 27
1462 954 9 11 60
1002 957 12 13 89
1128 957 12 5 29
1403 956 1 1 1
645 958 2 2 4
689 958 2 3 5
888 959 1 1 1
1214 959 6 16 31
1767 961 2 1 2
574 962 1 2 2
834 962 4 6 17
938 963 1 1 1
1241 963 1 1 1
333 964 1 2 2
415 965 1 1 1
1159 964 1 1 1
500 966 1 1 1
706 967 6 5 17
891 967 2 3 4
1142 966 2 2 3
1233 967 1 1 1
1247 967 12 17 130
726 969 1 2 2
966 968 1 1 1
1067 968 8 11 69
1537 968 1 1 1
749 970 4 7 21
921 970 1 3 3
1490 970 11 10 67
273 972 2 1 2
532 972 15 10 77
584 972 3 2 4
737 972 1 2 2
1594 972 26 26 413
774 974 1 1 1
880 974 1 1 1
979 974 1 2 2
1199 974 1 1 1
1281 974 27 18 172
1443 974 2 2 3
1779 974 1 1 1
768 977 1 2 2
1141 977 1 1 1
782 979 1 2 2
849 979 1 2 2
925 979 3 5 14
939 978 5 9 33
1117 978 3 3 8
1213 979 1 1 1
616 981 2 2 3
911 981 1 1 1
1363 981 15 8 55
438 982 1 1 1
759 982 3 6 17
810 982 1 1 1
862 982 1 1 1
992 982 12 7 34
1668 982 2 3 4
632 984 1 2 2
643 985 3 5 13
694 985 12 13 74
711 985 1 1 1
839 985 1 1 1
881 984 1 1 1
476 986 2 1 2
455 988 1 1 1
485 989 2 1 2
541 988 4 5 12
581 989 1 2 2
654 988 8 8 25
800 989 4 5 16
957 988 1 2 2
1468 989 1 1 1
1568 988 1 1 1
590 991 2 1 2
1429 990 10 10 62
1103 992 5 5 14
1162 993 4 3 12
1195 992 1 2 2
1232 992 1 1 1
1337 993 1 1 1
1067 995 4 5 14
401 996 1 1 1
955 997 1 1 1
1154 996 2 1 2
594 998 1 1 1
743 998 14 18 115
905 999 1 2 2
974 999 1 1 1
1259 998 1 1 1
710 1001 4 4 10
966 1000 1 1 1
1078 1001 2 4 6
1144 1001 6 8 31
1167 1001 1 1 1
1207 1000 1 1 1
1371 1001 42 39 419
1645 1000 1 1 1
1653 1001 2 2 4
1038 1003 1 1 1
1131 1003 1 1 1
1173 1003 11 9 74
1227 1003 15 31 198
1550 1002 1 1 1
494 1004 2 3 5
705 1005 2 2 4
875 1004 1 1 1
1369 1005 1 1 1
652 1006 4 4 10
1539 1007 1 1 1
1096 1010 7 6 28
1255 1010 10 12 85
443 1013 8 2 15
923 1013 1 2 2
947 1013 1 1 1
384 1014 1 1 1
701 1015 2 2 3
827 1015 4 4 11
1171 1015 1 2 2
567 1016 1 1 1
583 1017 2 2 4
1068 1016 15 27 190
1206 1016 14 12 103
1277 1017 1 1 1
379 1019 1 1 1
796 1018 1 1 1
814 1018 1 1 1
936 1018 1 1 1
970 1018 6 7 30
1327 1019 12 21 164
1513 1019 1 1 1
579 1021 1 3 3
783 1020 1 1 1
1496 1021 1 1 1
937 1023 1 1 1
1140 1023 1 1 1
472 1025 1 6 6
1056 1024 7 13 58
399 1027 2 2 3
571 1026 1 1 1
649 1026 2 3 6
919 1027 1 1 1
1148 1026 4 4 11
1174 1026 24 17 210
1431 1026 10 7 40
1466 1027 5 6 22
370 1028 1 1 1
731 1028 1 3 3
1124 1028 1 1 1
1664 1029 1 1 1
592 1030 1 1 1
876 1031 1 1 1
815 1033 3 5 11
845 1033 9 12 55
1292 1032 1 1 1
1112 1034 2 2 3
1141 1035 2 1 2
585 1036 1 1 1
902 1036 1 1 1
1274 1037 1 1 1
577 1038 1 1 1
1111 1039 1 1 1
671 1041 2 2 3
957 1040 1 1 1
1256 1040 1 1 1
1535 1040 5 6 14
932 1042 1 1 1
800 1045 1 1 1
874 1045 3 5 11
1300 1045 1 1 1
892 1046 6 9 37
981 1046 3 3 4
1052 1047 15 11 68
1171 1046 1 1 1
1319 1047 5 3 11
1440 1046 1 1 1
604 1048 1 1 1
658 1048 1 1 1
750 1048 1 1 1
934 1048 1 1 1
1150 1049 1 1 1
696 1051 1 2 2
727 1051 1 8 8
1187 1051 2 4 5
280 1052 1 1 1
533 1052 6 8 34
652 1053 5 2 6
672 1052 1 3 3
745 1053 2 4 5
848 1052 2 3 6
1093 1053 3 4 8
343 1054 1 1 1
592 1055 1 1 1
1234 1054 6 8 24
275 1057 1 1 1
456 1056 1 1 1
598 1057 1 1 1
949 1056 9 14 87
1013 1056 1 1 1
1032 1057 1 1 1
1144 1056 2 2 4
1212 1057 1 2 2
1364 1057 6 6 30
661 1059 1 1 1
1025 1058 1 1 1
1167 1058 1 1 1
1278 1058 14 15 128
1309 1059 1 1 1
666 1060 3 8 18
837 1060 8 7 33
995 1061 1 1 1
1160 1060 1 1 1
1178 1061 7 7 36
1379 1060 6 9 25
1426 1060 6 8 32
1467 1060 9 15 64
468 1063 1 1 1
1140 1062 1 2 2
1149 1063 9 11 75
1203 1063 1 1 1
1250 1063 17 12 76
720 1065 1 1 1
865 1065 1 1 1
1331 1064 5 6 20
1549 1065 20 19 254
743 1067 1 3 3
920 1067 1 1 1
1127 1067 1 1 1
228 1069 1 1 1
526 1069 1 1 1
1360 1068 1 1 1
1402 1069 6 7 26
1449 1069 2 2 2
548 1070 4 6 19
800 1071 3 3 7
942 1070 1 1 1
1168 1071 10 9 36
752 1073 1 2 2
907 1072 1 1 1
1199 1073 3 3 5
1727 1073 1 1 1
436 1075 1 1 1
651 1074 1 1 1
767 1075 1 1 1
812 1075 3 1 3
537 1077 6 6 30
579 1076 1 1 1
708 1077 1 7 7
880 1076 1 2 2
1304 1077 5 6 26
1479 1077 3 3 6
647 1079 1 1 1
723 1078 1 1 1
966 1079 5 5 15
1025 1078 2 2 2
1082 1078 1 1 1
1416 1079 1 1 1
1449 1079 13 10 72
834 1080 1 1 1
844 1081 1 1 1
1139 1080 1 1 1
1184 1080 1 1 1
1205 1080 4 4 12
1255 1080 21 23 180
573 1082 1 2 2
605 1083 1 1 1
730 1083 1 1 1
816 1083 1 2 2
941 1082 3 1 3
1055 1085 3 4 9
1107 1085 1 1 1
1137 1085 1 1 1
611 1086 1 1 1
764 1087 1 1 1
1113 1086 23 42 260
1167 1087 8 4 23
1193 1086 1 1 1
1213 1086 3 4 8
1232 1086 11 25 99
1464 1087 9 9 63
324 1088 5 3 8
381 1089 1 1 1
964 1088 1 1 1
977 1089 3 3 7
1002 1088 1 1 1
1096 1088 1 1 1
1225 1088 5 7 31
1357 1088 5 6 22
703 1091 1 1 1
783 1091 2 3 6
807 1091 1 2 2
1049 1091 1 1 1
1496 1090 1 2 2
565 1093 5 4 10
685 1092 1 1 1
734 1094 1 1 1
789 1094 1 1 1
1060 1095 1 1 1
1140 1094 4 5 15
1173 1094 20 35 213
1281 1094 9 2 16
793 1096 3 10 29
818 1096 15 20 87
1682 1096 2 1 2
697 1098 1 1 1
765 1099 12 13 56
1105 1098 1 1 1
1806 1098 1 1 1
609 1100 2 2 3
624 1100 1 1 1
735 1101 1 2 2
1817 1101 4 4 14
750 1102 1 1 1
813 1103 1 1 1
837 1102 5 5 16
870 1103 32 17 236
983 1103 5 6 25
1071 1103 1 1 1
1099 1103 1 1 1
669 1105 1 1 1
708 1105 1 2 2
919 1105 2 3 4
1137 1105 1 4 4
1254 1105 3 2 6
1280 1104 1 1 1
1412 1105 8 8 27
687 1106 1 1 1
935 1107 1 1 1
670 1108 6 7 12
911 1109 4 6 19
968 1108 1 1 1
954 1109 26 16 96
1064 1112 2 2 2
710 1114 1 1 1
859 1114 2 4 7
1025 1114 5 13 32
1095 1114 3 8 16
1250 1114 1 1 1
1654 1114 1 6 6
789 1117 1 1 1
804 1117 3 4 9
943 1117 1 1 1
990 1117 2 2 3
1067 1117 1 1 1
1221 1116 1 1 1
1227 1117 2 1 2
1492 1117 11 9 50
1578 1116 1 1 1
504 1119 1 1 1
703 1119 1 1 1
744 1118 1 1 1
867 1118 1 1 1
909 1119 1 1 1
1208 1119 9 9 61
637 1121 1 1 1
667 1120 1 1 1
999 1120 3 1 3
1324 1120 2 1 2
1434 1120 1 1 1
1599 1120 1 1 1
720 1122 1 2 2
757 1123 1 1 1
834 1123 1 2 2
918 1122 23 9 62
1054 1123 10 7 34
1077 1122 1 1 1
1627 1122 3 2 5
379 1124 1 1 1
705 1124 5 6 14
755 1124 1 2 2
881 1124 1 1 1
1007 1125 31 35 317
1154 1125 12 6 40
1170 1125 1 1 1
1282 1124 4 5 12
819 1126 9 6 44
944 1127 1 1 1
1216 1126 12 17 95
589 1128 1 1 1
648 1128 1 2 2
852 1129 1 1 1
995 1128 1 1 1
487 1130 5 8 26
973 1130 1 1 1
1047 1131 1 1 1
1078 1130 5 6 21
1193 1130 5 5 22
686 1133 1 1 1
778 1133 1 10 10
860 1132 5 6 21
1110 1133 3 3 9
1148 1132 3 3 6
1360 1132 7 7 34
223 1135 2 3 4
829 1134 7 3 9
905 1134 2 4 6
943 1134 1 1 1
983 1134 2 1 2
1068 1134 1 1 1
281 1136 1 1 1
620 1136 2 6 9
632 1136 2 2 3
805 1137 1 2 2
606 1138 1 1 1
853 1139 1 2 2
904 1139 1 1 1
954 1138 1 1 1
1038 1138 1 1 1
1095 1139 12 17 50
1154 1139 8 7 25
1260 1138 6 2 7
1507 1139 5 3 10
1540 1138 1 2 2
1822 1139 1 1 1
321 1141 2 3 3
510 1140 1 1 1
557 1140 1 1 1
655 1141 2 2 2
879 1140 1 1 1
1237 1141 12 18 100
1272 1140 1 1 1
1494 1141 1 3 3
1766 1140 2 2 4
485 1143 1 2 2
738 1142 1 1 1
1128 1143 1 1 1
1293 1143 5 4 10
1397 1142 9 10 31
626 1145 10 5 29
653 1145 1 1 1
776 1144 1 2 2
920 1145 1 1 1
967 1144 7 2 9
1069 1145 1 1 1
1176 1145 2 2 4
1306 1144 1 1 1
1333 1145 4 8 11
1628 1145 1 1 1
367 1146 1 1 1
461 1147 8 11 39
515 1146 1 1 1
700 1147 1 1 1
827 1146 2 4 6
899 1147 5 8 31
1085 1146 1 1 1
1671 1149 1 1 1
1707 1149 1 1 1
690 1151 2 6 8
793 1151 1 3 3
835 1150 3 8 10
663 1153 1 1 1
1181 1152 1 1 1
1369 1152 3 4 6
185 1155 1 1 1
816 1154 2 1 2
873 1155 5 6 24
1148 1155 19 18 106
623 1157 2 2 3
850 1157 11 11 48
935 1156 11 7 33
966 1156 7 8 16
981 1157 1 1 1
1055 1156 14 10 47
1814 1156 7 8 30
503 1158 6 9 24
666 1159 1 2 2
807 1159 1 1 1
887 1158 1 1 1
1049 1158 1 1 1
1123 1159 16 27 144
588 1160 8 4 14
637 1160 1 1 1
710 1160 1 1 1
802 1160 2 3 5
838 1161 1 1 1
924 1161 1 1 1
1042 1160 1 1 1
1089 1161 1 1 1
565 1163 10 18 53
1077 1163 1 2 2
1173 1162 1 1 1
1373 1163 1 1 1
1465 1163 1 2 2
1510 1163 2 1 2
1597 1162 4 4 11
819 1165 1 2 2
872 1165 6 10 20
1084 1165 2 2 4
1215 1165 1 1 1
214 1166 1 1 1
309 1166 1 1 1
577 1166 1 1 1
689 1167 1 1 1
826 1167 5 2 7
841 1167 1 2 2
927 1167 1 1 1
1001 1166 1 1 1
1021 1167 20 32 136
1104 1166 10 3 13
1279 1167 1 1 1
1605 1167 2 1 2
126 1168 1 1 1
772 1169 1 1 1
887 1168 15 8 49
988 1168 1 1 1
1067 1168 1 1 1
1547 1168 1 1 1
1665 1168 3 3 6
995 1171 3 4 12
1068 1171 5 7 17
1548 1170 7 7 18
492 1172 1 1 1
580 1173 1 1 1
641 1173 1 1 1
721 1172 1 1 1
812 1172 2 1 2
982 1173 1 1 1
1090 1173 2 1 2
1213 1173 3 4 9
1293 1173 3 5 11
1442 1172 1 1 1
224 1174 1 1 1
634 1174 6 5 10
662 1175 2 1 2
774 1175 1 2 2
917 1174 4 3 8
952 1175 1 1 1
1177 1174 1 1 1
447 1176 1 1 1
831 1177 1 2 2
869 1176 2 1 2
943 1176 1 1 1
988 1177 13 15 32
1185 1177 8 14 51
8 1178 3 4 10
1157 1179 1 1 1
1245 1178 1 1 1
1251 1179 15 19 81
628 1181 1 1 1
880 1181 14 10 37
978 1180 1 1 1
1066 1180 31 21 159
1140 1181 11 8 46
667 1182 1 1 1
701 1182 1 1 1
809 1182 1 1 1
964 1183 1 2 2
1369 1182 1 1 1
1548 1183 1 1 1
407 1184 1 3 3
652 1184 1 1 1
812 1184 7 10 32
1051 1184 1 1 1
458 1186 1 1 1
680 1186 1 1 1
847 1186 6 15 59
925 1187 1 1 1
1019 1187 1 1 1
183 1188 2 1 2
598 1188 1 1 1
655 1188 2 3 4
684 1189 4 2 5
897 1189 4 3 5
961 1188 1 2 2
1063 1188 1 1 1
1134 1189 1 1 1
1166 1188 7 6 29
23 1191 1 1 1
187 1191 1 1 1
624 1190 1 1 1
635 1191 1 7 7
724 1191 1 1 1
927 1191 1 1 1
975 1190 1 1 1
1208 1190 16 10 50
775 1192 1 1 1
957 1192 1 1 1
726 1195 5 2 6
798 1195 1 1 1
951 1195 2 6 12
1687 1195 1 1 1
599 1197 3 5 12
875 1196 8 15 40
374 1199 7 13 53
810 1198 1 2 2
962 1198 12 18 41
982 1199 1 1 1
1044 1198 16 8 68
1328 1198 1 1 1
432 1200 1 1 1
660 1200 1 1 1
708 1200 1 1 1
899 1200 1 2 2
936 1201 5 1 5
1161 1200 2 2 3
1441 1201 3 5 13
1479 1200 2 2 3
1791 1201 2 2 3
907 1203 1 1 1
928 1203 2 2 4
953 1203 1 2 2
1007 1202 1 1 1
1193 1202 7 12 38
1458 1202 1 1 1
822 1205 6 7 20
1170 1205 1 1 1
529 1206 1 1 1
1173 1207 3 4 10
603 1209 2 2 4
921 1208 1 1 1
1563 1209 4 5 11
408 1211 2 3 4
664 1210 1 1 1
950 1211 1 1 1
984 1210 1 1 1
1038 1211 1 1 1
755 1212 2 1 2
790 1212 11 5 15
994 1212 1 1 1
1018 1213 1 1 1
1025 1212 1 1 1
506 1214 2 1 2
528 1214 1 1 1
700 1215 1 1 1
777 1214 1 1 1
860 1214 10 14 23
996 1214 6 3 14
1149 1214 1 1 1
1222 1215 2 1 2
1556 1214 5 2 6
605 1217 1 1 1
639 1216 1 2 2
825 1217 16 11 33
923 1216 1 1 1
936 1217 1 1 1
1030 1216 3 3 5
1588 1217 1 1 1
382 1219 1 2 2
474 1218 1 1 1
706 1218 1 1 1
897 1219 1 1 1
911 1218 10 10 37
1132 1219 2 1 2
1279 1219 1 1 1
1011 1221 1 2 2
845 1223 2 5 10
910 1222 1 1 1
1086 1223 1 5 5
1168 1223 2 5 9
300 1225 1 3 3
721 1225 1 3 3
901 1224 1 4 4
959 1225 2 3 6
1042 1225 1 3 3
1056 1225 2 3 6
1466 1225 4 3 10
523 1226 1 2 2
536 1227 1 1 1
778 1227 1 1 1
936 1227 6 1 6
1314 1226 1 2 2
1552 1226 1 2 2
1676 1226 2 2 3
