0 0 1840 1228 2144087
10 0 10 44 186
146 0 10 43 245
201 0 6 43 70
283 0 8 43 196
338 0 18 179 612
578 0 1 1 1
732 0 15 19 230
837 0 6 6 29
991 0 14 6 56
1208 0 14 5 56
1231 0 1 1 1
1276 0 13 10 94
1382 0 12 7 62
1378 0 67 200 2706
1584 0 55 112 2712
1672 0 11 36 209
1204 6 4 9 29
949 9 4 8 25
770 11 2 5 6
1508 13 4 5 16
619 14 6 9 35
1172 14 3 7 14
855 19 27 46 812
1072 20 22 24 429
1207 21 3 4 9
665 22 3 4 8
1305 23 4 4 9
902 24 3 8 23
686 27 7 12 60
836 27 8 16 105
1555 26 5 9 36
704 28 2 6 11
966 28 46 39 948
1159 30 2 4 8
1379 31 4 8 25
607 33 13 19 147
923 33 3 7 19
642 34 4 9 26
1162 35 3 8 23
1256 35 7 11 53
535 37 4 6 20
1807 36 12 6 33
909 38 8 10 21
928 42 3 1 3
898 44 4 2 4
939 45 4 10 22
1487 45 4 6 18
1351 47 11 21 184
590 49 5 7 23
154 52 16 124 562
289 52 14 124 541
911 53 1 1 1
929 55 9 18 95
1130 54 6 13 61
1244 55 19 35 514
19 57 12 55 246
1180 57 6 12 54
1536 57 5 6 19
751 58 4 10 34
1100 58 1 1 1
208 61 7 64 80
1516 61 6 28 85
842 62 4 11 39
826 65 7 17 95
885 66 1 1 1
949 66 1 1 1
1304 70 6 32 96
862 73 38 26 374
941 74 2 1 2
1147 74 5 11 45
1448 75 3 5 9
562 76 13 17 94
954 76 1 8 8
1060 76 4 7 25
1112 77 5 10 39
999 79 6 10 48
1094 79 5 7 29
1376 78 4 7 20
1686 78 9 10 57
926 83 14 15 89
913 85 2 2 2
1533 85 5 7 21
650 89 4 12 41
915 88 1 1 1
1125 88 3 9 22
1440 90 4 8 23
723 98 2 6 12
708 101 4 11 39
935 102 1 2 2
532 104 5 10 31
674 104 6 12 61
1651 104 27 20 144
800 107 9 17 117
883 106 11 24 209
940 108 1 1 1
930 110 1 1 1
998 111 17 36 408
1283 110 2 5 9
1290 111 25 136 1401
835 112 6 16 43
948 113 5 1 5
1102 112 3 5 11
1171 112 5 7 26
1202 112 28 36 436
499 114 5 12 50
695 116 4 6 20
1471 116 2 2 3
1110 118 11 13 56
1497 118 2 3 5
655 121 13 11 92
944 120 3 7 15
1195 121 1 1 1
1273 123 2 4 8
615 124 5 6 21
932 125 1 1 1
215 127 2 17 17
752 128 1 4 4
907 128 1 1 1
1126 128 3 9 24
715 130 2 4 7
792 133 3 5 13
954 133 1 1 1
921 134 1 1 1
641 137 9 44 157
747 137 5 13 53
1098 139 5 13 39
861 140 7 16 65
1120 141 3 4 7
982 142 1 1 1
687 145 4 4 15
840 144 4 10 30
926 144 11 5 16
217 147 1 5 5
1113 146 48 121 950
1246 146 12 6 43
885 150 3 5 12
897 150 9 19 144
671 153 4 8 25
1130 152 3 7 15
831 156 3 9 22
856 157 3 8 18
916 156 4 1 4
218 159 1 4 4
915 158 1 1 1
963 158 9 14 79
569 161 4 8 29
795 160 14 25 148
219 165 1 6 6
941 164 8 14 47
1827 164 13 7 52
986 167 1 2 2
1170 166 4 8 24
1350 167 12 7 28
1542 167 1 2 2
874 168 2 2 3
922 168 7 6 19
784 170 3 7 19
883 174 2 3 6
930 175 16 34 215
1011 174 2 6 11
1202 175 13 25 253
1626 179 6 10 41
865 181 1 1 1
876 180 4 10 37
861 184 1 1 1
667 186 12 31 176
859 187 1 1 1
895 186 1 2 2
1023 188 11 13 40
1161 189 3 3 7
1362 191 3 7 17
1509 191 3 7 16
852 195 74 76 2925
912 194 1 1 1
544 199 4 6 22
959 201 1 1 1
1329 201 4 7 22
1568 200 1 3 3
965 203 3 8 21
1067 203 2 6 11
1556 202 1 5 5
1008 210 22 21 352
587 216 3 6 15
708 216 3 7 17
774 218 2 7 13
1517 219 2 8 12
1726 222 10 12 71
670 224 13 12 53
955 224 1 1 1
932 226 28 62 387
602 228 4 9 27
692 234 2 2 3
546 236 4 8 28
571 237 3 5 14
659 237 9 12 99
954 237 2 2 2
307 241 9 86 211
814 241 2 2 3
973 241 1 1 1
977 240 1 1 1
1014 240 4 7 16
359 245 14 78 223
771 244 5 12 44
817 247 5 21 53
928 246 2 3 4
454 248 5 8 31
539 249 4 10 37
1192 249 2 1 2
694 250 2 3 4
603 256 4 7 27
1145 259 1 6 6
1277 259 2 5 8
1488 259 3 7 17
678 260 6 13 65
957 261 8 16 102
794 262 3 6 13
637 264 9 12 39
698 264 4 9 25
742 265 3 9 25
227 267 10 78 196
985 267 10 20 155
594 268 3 8 23
1173 268 24 31 462
1089 270 5 3 13
1481 271 4 6 19
543 273 5 8 28
1442 274 3 5 10
489 277 3 5 10
1064 276 8 12 65
598 279 3 5 14
526 281 4 6 22
1135 281 3 5 9
634 282 3 8 21
1369 282 3 7 16
1535 285 1 3 3
859 286 4 10 34
467 289 4 7 23
732 289 18 13 158
908 290 7 9 41
1126 291 5 10 40
621 294 3 6 16
1374 298 3 4 10
960 302 8 30 99
1301 302 4 6 21
1439 302 1 1 1
800 305 3 7 17
1309 309 1 2 2
692 311 2 3 4
1133 313 5 11 44
1165 315 3 5 12
875 316 9 14 72
1069 316 4 9 30
505 318 2 2 4
1218 323 12 21 211
1490 324 4 7 21
677 327 3 5 12
982 327 3 5 12
367 329 1 1 1
892 328 3 4 10
330 330 4 1 4
1002 333 7 14 79
1179 333 23 32 473
716 335 6 11 50
504 337 3 5 13
937 337 15 15 166
1110 336 13 9 77
354 339 35 119 353
1434 338 5 8 27
743 343 4 8 27
315 344 13 109 254
1060 345 1 2 2
1353 345 2 3 5
1477 344 3 3 9
1503 344 3 6 15
512 347 5 9 38
646 346 3 3 9
886 347 3 7 20
392 348 5 6 19
624 349 3 7 18
859 348 4 10 37
898 349 12 43 217
929 349 1 1 1
653 351 8 11 50
827 350 2 6 10
638 352 3 6 17
1064 353 2 5 10
1614 352 7 10 55
689 355 2 2 3
891 357 4 8 31
921 359 2 2 2
765 360 5 8 30
779 361 2 4 6
972 361 1 1 1
1571 360 26 40 812
983 363 1 1 1
973 364 1 1 1
1048 365 11 16 64
914 371 2 2 3
646 373 2 4 6
684 375 3 5 13
956 375 40 147 2310
240 377 1 1 1
1372 376 1 4 4
1348 378 3 6 15
597 380 3 5 13
1094 380 2 5 8
1282 380 3 4 10
1108 382 1 2 2
920 385 2 6 11
949 384 2 6 10
522 386 10 14 124
708 386 2 3 4
748 386 3 7 18
772 386 8 7 32
933 389 4 10 31
1056 389 8 16 102
241 392 1 3 3
1109 393 5 13 57
1201 392 2 3 6
904 394 1 2 2
1338 395 15 11 58
242 396 1 7 7
885 396 20 67 562
1176 396 2 3 4
1328 398 2 3 5
907 400 3 5 7
948 403 2 6 12
1005 405 14 23 196
1133 405 3 8 18
1369 404 2 7 12
1031 406 3 5 13
1243 406 2 8 13
1495 406 19 26 397
243 409 1 6 6
919 410 1 1 1
650 412 3 5 14
739 415 4 5 14
1086 415 5 11 43
1169 415 2 3 5
605 416 3 4 9
919 417 18 25 186
244 421 1 5 5
1585 420 28 45 813
626 423 2 3 6
1340 423 10 11 39
1119 425 2 4 6
1209 425 2 3 6
1045 428 3 6 12
854 432 5 10 34
1299 433 2 5 7
1382 432 2 5 8
245 435 1 1 1
745 436 14 17 101
1104 437 3 7 16
1048 439 12 10 77
1368 439 2 6 10
1688 438 9 9 66
634 440 7 11 40
929 443 3 13 20
918 451 2 1 2
1116 451 3 5 9
344 452 1 1 1
791 452 4 7 23
843 453 5 9 35
1147 453 5 10 39
1460 452 2 6 9
1353 455 2 5 7
524 459 4 8 26
717 458 2 4 6
276 460 5 4 16
299 462 2 1 2
313 462 6 1 6
330 462 23 1 23
363 462 8 1 8
687 463 4 4 9
884 463 120 183 4858
1241 462 2 2 3
700 464 7 13 82
852 466 6 12 71
1431 467 4 12 20
627 469 2 3 5
1050 468 2 5 7
1069 468 4 7 21
1134 468 4 7 24
1013 471 5 13 39
593 472 5 10 43
710 479 3 8 21
843 478 5 10 47
668 480 4 7 21
863 480 3 2 6
889 480 12 11 82
1142 481 3 7 19
1031 483 2 6 9
543 485 4 4 11
1221 486 1 2 2
1233 488 9 15 112
1052 490 3 7 18
655 493 3 7 19
1065 493 3 6 16
1280 493 2 3 4
509 495 3 7 18
1208 497 17 28 362
1358 497 3 4 8
1578 497 7 1 7
692 498 19 16 142
921 498 3 8 18
1653 498 1 1 1
1423 500 20 30 284
1098 502 4 7 19
1485 505 1 4 4
1017 508 28 69 1119
1070 508 2 5 8
1456 511 4 7 16
1243 518 2 4 5
635 520 5 9 44
708 523 4 8 29
760 523 5 8 34
940 523 8 9 56
1260 523 16 21 238
1394 523 2 2 3
688 526 12 10 45
871 530 2 6 11
603 537 3 7 19
1075 537 13 10 75
946 541 1 5 5
1144 541 22 23 279
527 542 3 6 15
670 551 3 7 17
626 552 3 6 15
690 552 2 5 9
1416 553 3 7 11
1615 552 7 7 33
476 556 4 6 18
582 556 2 5 10
808 557 20 23 313
1388 556 11 6 56
924 559 13 12 112
1078 561 2 5 7
565 563 3 5 11
1343 563 2 3 5
632 567 28 18 132
1210 567 1 3 3
1402 566 4 8 20
850 573 1 1 1
1218 573 1 3 3
1228 572 9 16 107
530 574 13 12 54
769 575 1 4 4
904 574 3 8 21
1067 575 2 5 10
1309 575 3 7 17
1395 575 2 3 5
1109 577 3 6 14
1131 576 3 5 12
578 578 3 7 20
705 578 3 4 10
837 580 1 1 1
871 580 2 5 8
548 587 1 1 1
384 589 3 5 12
671 589 11 10 55
793 588 35 30 575
588 590 3 5 14
1006 591 8 9 30
563 593 3 5 13
849 593 26 29 153
1356 593 2 2 3
710 594 3 7 18
1045 595 2 6 9
1248 596 10 15 120
1076 600 4 7 21
1312 601 1 4 4
1322 600 2 5 9
561 607 26 40 324
1059 607 1 1 1
511 608 4 8 28
1220 611 1 5 5
1334 611 3 5 11
1291 614 14 20 213
829 618 1 1 1
1096 619 11 28 96
697 621 18 44 493
832 621 1 1 1
834 622 5 5 5
1116 623 1 2 2
652 624 4 7 24
807 626 18 29 225
840 627 6 3 8
1404 626 3 6 14
491 628 3 6 18
549 629 3 3 7
601 629 7 3 21
935 629 1 1 1
1620 628 6 8 35
850 631 1 1 1
905 631 1 3 3
1418 631 1 2 2
750 632 25 33 325
1077 632 1 2 2
1194 635 42 39 830
863 636 1 1 1
865 637 1 1 1
949 639 4 7 26
1124 639 2 3 6
932 641 1 1 1
372 642 15 8 64
1424 642 4 6 16
489 645 4 4 11
681 644 5 10 45
1632 644 4 6 15
781 647 1 1 1
860 649 1 1 1
611 651 5 9 42
793 651 13 17 135
1067 651 1 1 1
1289 650 2 3 6
1392 653 2 5 9
857 654 38 30 642
967 655 6 11 50
1353 654 15 19 214
929 657 2 6 11
545 659 3 5 11
1111 659 3 5 8
1142 659 2 4 8
467 663 3 4 10
662 664 5 8 36
823 665 9 20 135
841 664 2 7 14
727 669 28 20 179
1091 668 2 4 6
1246 670 13 27 233
536 673 3 4 11
796 672 1 1 1
977 673 6 8 17
1562 673 2 2 4
763 675 25 11 122
1042 674 2 5 8
1101 675 1 2 2
1391 675 4 5 13
502 676 4 8 32
1208 676 1 1 1
705 679 3 8 21
529 683 2 5 8
806 683 1 1 1
1219 683 2 2 4
566 685 2 4 5
853 685 1 1 1
889 685 87 53 2328
840 687 74 101 1889
1334 687 1 3 3
1099 688 4 7 25
985 693 12 21 158
799 695 13 22 217
550 697 2 3 5
710 696 16 28 129
749 696 1 1 1
976 697 1 1 1
634 699 15 9 97
1046 699 1 3 3
1555 700 20 26 415
1229 702 1 4 4
740 707 1 1 1
1027 706 6 12 59
314 709 3 4 10
1202 713 2 3 5
587 715 2 2 4
1111 715 13 23 249
1394 714 1 2 2
823 716 1 2 2
826 721 1 1 1
827 723 17 39 132
907 723 1 1 1
916 723 14 11 56
1084 722 4 8 27
1242 722 1 2 2
1404 722 2 4 7
558 724 3 5 12
578 725 1 3 3
704 724 3 2 5
540 726 2 5 10
710 726 62 48 1783
499 729 1 1 1
842 729 1 1 1
696 731 2 2 3
815 733 4 9 31
932 732 1 1 1
847 735 1 1 1
999 735 15 15 122
1198 735 1 1 1
1396 734 2 3 5
488 737 2 2 3
551 737 1 2 2
1287 736 1 3 3
784 738 8 24 93
939 739 1 1 1
600 745 3 5 12
1413 747 11 5 28
558 748 10 13 59
1236 748 6 6 19
806 753 2 7 13
412 757 3 1 3
453 756 3 5 14
494 757 3 3 7
778 756 1 1 1
1034 757 1 4 4
1580 757 4 1 4
1646 757 2 4 6
986 758 1 5 5
1144 759 1 1 1
1586 758 1 1 1
965 760 2 5 7
1149 761 8 12 77
1193 761 8 11 63
1403 761 2 5 8
777 762 1 1 1
805 762 1 1 1
1229 762 5 5 18
395 765 4 7 24
648 768 5 13 40
769 768 2 5 6
847 769 1 1 1
819 770 3 7 15
1385 770 2 3 6
965 773 3 8 21
1060 773 1 2 2
768 775 1 1 1
1394 776 2 3 5
779 778 1 1 1
843 779 9 9 49
1078 778 1 1 1
1205 778 6 8 33
582 782 563 168 47584
483 785 1 3 3
600 786 3 5 13
917 787 2 5 9
568 791 2 4 5
745 790 25 44 489
804 790 6 11 47
646 792 2 5 10
1025 792 2 6 10
673 795 3 7 21
726 794 2 3 6
353 796 6 13 52
606 796 4 6 24
730 797 2 5 10
1108 797 12 20 178
965 798 1 5 5
1213 799 14 13 95
60 800 4 1 4
786 803 1 4 4
1080 803 1 1 1
1163 802 1 2 2
468 805 3 1 3
1082 806 1 1 1
725 809 1 1 1
791 810 2 3 4
1030 811 1 1 1
1163 813 1 1 1
1179 812 2 3 6
1292 812 1 2 2
1087 814 3 4 5
1164 815 1 3 3
349 817 1 1 1
953 817 3 7 18
825 819 3 6 13
596 823 9 8 46
1224 823 1 3 3
1377 823 2 4 7
530 825 3 3 6
457 826 1 2 2
416 828 1 2 2
338 831 3 1 3
468 831 4 19 39
1107 831 1 3 3
1343 830 2 4 7
323 833 2 2 3
718 832 4 7 25
1401 833 5 7 30
773 834 7 7 29
491 836 4 5 16
1549 837 18 23 319
561 839 8 14 56
401 840 3 6 12
1406 841 2 2 4
214 843 5 5 14
1299 843 15 22 266
1171 846 8 12 71
1382 846 1 3 3
583 853 3 1 3
1352 853 1 1 1
1143 857 8 13 73
483 859 2 4 6
576 858 2 3 4
1245 859 2 3 4
1584 858 3 4 9
1632 866 4 3 8
455 873 2 3 5
1270 873 2 4 6
247 875 4 2 7
533 885 2 1 2
572 885 4 5 15
329 887 3 2 5
504 887 1 5 5
1277 890 1 1 1
455 892 2 4 8
473 894 2 1 2
490 895 4 4 13
1264 895 3 6 11
1226 896 2 3 6
463 900 2 5 10
1557 911 4 4 9
478 912 2 1 2
564 912 2 3 4
1321 913 1 2 2
473 914 1 1 1
1360 918 2 5 8
472 921 1 2 2
520 920 2 3 5
204 922 1 1 1
1229 922 1 4 4
1256 925 1 2 2
495 927 2 2 3
1567 927 1 1 1
1151 929 1 2 2
448 935 1 1 1
452 934 1 1 1
211 943 6 4 19
535 942 3 6 13
994 944 1 2 2
1394 944 22 23 319
1437 944 18 25 336
435 946 3 1 3
1234 947 1 3 3
857 948 5 8 32
323 951 5 2 9
592 952 6 2 7
691 952 2 5 10
414 955 4 7 24
1162 955 1 2 2
500 956 2 4 7
915 957 1 4 4
1071 957 2 3 3
529 958 11 23 70
649 958 15 12 96
681 958 2 5 5
781 958 2 4 6
992 958 1 1 1
1024 961 2 6 12
266 962 2 3 5
1050 963 7 8 48
774 966 2 3 5
853 967 1 5 5
348 968 1 1 1
670 968 9 11 67
688 968 2 5 7
917 973 2 3 5
1305 973 2 3 3
338 975 3 2 5
891 975 1 6 6
570 976 6 3 11
1059 977 3 5 14
1338 979 7 12 49
816 980 4 21 46
1214 980 2 3 6
379 983 2 1 2
525 982 2 6 10
626 982 1 1 1
690 983 5 4 14
768 983 6 7 29
978 982 1 2 2
447 985 2 1 2
464 985 1 1 1
991 984 3 6 14
427 986 10 4 26
458 986 4 6 20
543 987 2 1 2
603 988 2 1 2
655 989 3 5 11
707 989 6 9 41
944 989 1 3 3
557 990 6 8 27
739 991 15 28 198
1208 990 1 1 1
27 993 1 1 1
362 992 2 2 4
598 993 1 1 1
1256 993 1 3 3
798 995 2 5 9
1229 995 1 2 2
546 999 6 2 8
553 998 2 1 2
592 998 1 3 3
682 999 8 13 83
862 998 3 7 15
626 1000 2 3 4
760 1001 6 7 27
843 1003 1 3 3
984 1003 2 5 6
1034 1003 1 4 4
1236 1002 1 4 4
442 1005 3 4 10
648 1005 1 2 2
778 1005 13 11 78
1371 1005 15 22 259
458 1009 2 1 2
367 1010 2 1 2
973 1011 8 9 46
1038 1011 9 16 74
1074 1010 1 5 5
445 1013 6 9 19
483 1013 1 2 2
551 1013 3 3 8
575 1017 2 1 2
728 1019 1 1 1
982 1019 12 15 115
532 1021 3 1 3
924 1020 2 6 12
1201 1020 8 10 61
1297 1020 1 2 2
65 1023 3 2 5
507 1023 10 1 10
256 1025 4 2 5
828 1024 1 3 3
89 1026 8 4 19
1089 1029 1 3 3
543 1031 1 1 1
614 1030 4 9 33
661 1030 5 8 29
315 1032 3 3 5
442 1033 1 1 1
470 1032 2 2 3
463 1034 5 3 12
635 1035 3 2 4
965 1034 3 6 14
683 1036 1 1 1
178 1041 1 1 1
437 1040 4 2 6
387 1042 1 1 1
652 1042 2 3 5
749 1042 6 10 40
806 1042 2 4 7
1030 1043 3 7 15
1286 1042 1 3 3
1337 1042 1 2 2
267 1045 1 1 1
414 1044 1 1 1
498 1044 1 1 1
1312 1044 2 5 6
1322 1044 1 2 2
521 1047 3 2 4
590 1050 1 3 3
1256 1050 1 2 2
637 1053 1 1 1
681 1052 13 16 116
730 1053 2 5 7
856 1052 3 4 8
839 1057 2 5 9
855 1057 1 1 1
564 1058 1 1 1
578 1059 2 1 2
775 1058 1 1 1
539 1060 1 3 3
563 1060 1 2 2
854 1060 1 2 2
1004 1060 1 2 2
739 1063 1 2 2
1352 1063 27 37 446
894 1065 2 6 9
476 1066 2 5 7
498 1066 3 4 10
544 1066 8 12 42
645 1066 13 11 58
768 1067 2 1 2
865 1066 6 13 34
990 1067 1 6 6
1230 1066 1 3 3
167 1068 3 2 5
428 1069 2 4 7
599 1068 10 13 80
741 1069 1 1 1
766 1068 1 1 1
1036 1069 1 3 3
113 1071 3 3 7
711 1070 11 9 32
938 1073 1 3 3
671 1074 13 15 84
689 1076 2 1 2
254 1078 3 2 4
739 1078 1 1 1
814 1078 1 2 2
642 1081 3 2 5
929 1081 1 2 2
1171 1081 12 22 166
211 1083 2 2 3
349 1082 3 4 7
487 1083 11 9 42
1107 1083 1 2 2
464 1085 2 5 8
436 1087 1 2 2
447 1086 4 3 6
526 1087 1 1 1
993 1087 3 6 11
1102 1086 1 1 1
782 1089 1 1 1
370 1095 2 3 5
477 1095 2 1 2
573 1095 3 7 9
311 1097 1 1 1
651 1096 2 2 3
808 1097 7 11 53
854 1096 2 6 7
1452 1096 4 3 10
272 1098 2 3 6
506 1098 4 3 8
1141 1099 3 4 8
1342 1099 1 2 2
245 1101 9 4 14
461 1100 1 1 1
480 1101 1 2 2
557 1100 1 1 1
606 1100 1 1 1
114 1103 7 3 10
166 1102 2 3 4
1007 1103 3 3 6
327 1105 1 1 1
773 1105 1 3 3
517 1107 7 5 16
784 1107 2 1 2
1023 1106 10 6 18
1164 1107 1 1 1
105 1110 2 1 2
144 1111 2 1 2
795 1111 1 1 1
1072 1110 1 1 1
1351 1110 1 3 3
100 1112 2 1 2
234 1112 1 1 1
422 1112 3 2 4
498 1112 1 1 1
553 1112 1 1 1
764 1112 2 1 2
1333 1113 2 2 4
418 1116 2 1 2
463 1117 2 3 6
964 1116 1 3 3
1171 1117 1 3 3
391 1118 1 1 1
491 1119 5 10 15
507 1118 10 4 30
1158 1119 1 1 1
1214 1119 1 4 4
774 1120 1 2 2
26 1122 2 2 3
138 1123 10 4 23
267 1123 1 1 1
386 1122 2 4 8
430 1122 4 3 9
1113 1123 7 10 61
650 1125 1 1 1
677 1124 6 6 24
475 1126 2 2 3
633 1126 1 1 1
351 1129 2 2 3
380 1129 1 1 1
412 1128 1 1 1
455 1129 1 2 2
932 1129 1 3 3
580 1130 3 4 9
785 1131 5 9 33
998 1131 1 2 2
673 1132 4 5 17
399 1134 2 3 4
470 1134 1 1 1
771 1135 2 4 6
815 1134 5 5 17
247 1137 2 1 2
118 1138 11 8 38
342 1138 7 5 24
485 1138 1 4 4
914 1139 2 4 7
575 1141 2 1 2
1367 1140 1 1 1
389 1142 7 5 13
1240 1143 1 3 3
844 1144 2 2 3
1080 1145 1 1 1
1335 1144 1 2 2
10 1146 10 1 10
357 1146 6 3 12
468 1147 1 3 3
535 1146 1 3 3
835 1146 8 3 18
82 1149 2 1 2
429 1148 1 1 1
548 1148 12 12 58
653 1149 1 1 1
682 1148 1 1 1
725 1149 1 2 2
1375 1149 1 1 1
796 1150 2 1 2
813 1151 2 5 9
875 1151 3 5 14
627 1152 1 2 2
733 1153 1 1 1
1357 1152 7 12 47
483 1155 9 10 64
1040 1154 3 1 3
1191 1157 1 1 1
1311 1156 1 2 2
820 1158 1 1 1
473 1161 1 1 1
319 1163 1 1 1
341 1162 2 2 3
864 1162 4 6 19
247 1164 7 5 28
412 1164 3 2 4
303 1166 5 3 10
405 1167 3 1 3
463 1166 7 5 30
924 1166 2 4 7
998 1167 1 1 1
1301 1166 4 2 5
1127 1169 1 2 2
108 1170 1 1 1
141 1171 2 2 3
751 1170 14 11 71
423 1172 1 2 2
263 1174 1 1 1
472 1175 1 2 2
518 1175 1 1 1
455 1176 1 3 3
564 1176 2 1 2
641 1177 4 7 14
106 1178 2 1 2
181 1179 2 1 2
272 1179 5 3 9
1289 1179 1 1 1
926 1180 1 3 3
9 1185 2 2 2
12 1184 1 1 1
149 1185 1 1 1
750 1185 3 1 3
234 1186 2 2 4
255 1187 1 1 1
493 1186 5 2 9
1184 1186 1 1 1
264 1189 6 5 19
437 1188 1 1 1
572 1188 6 4 18
867 1190 2 4 8
209 1192 1 1 1
660 1192 1 2 2
785 1192 2 5 8
726 1194 2 5 6
479 1196 9 12 87
736 1196 1 1 1
21 1198 4 3 5
520 1199 3 4 6
707 1200 1 4 4
299 1204 1 1 1
515 1206 2 2 4
1234 1206 1 2 2
1321 1207 1 1 1
906 1208 1 3 3
1136 1209 1 1 1
1150 1208 4 4 13
663 1211 1 1 1
1059 1211 4 2 8
66 1212 8 5 28
462 1212 1 3 3
617 1213 4 1 4
219 1215 2 1 2
638 1215 4 3 6
659 1214 2 1 2
235 1216 1 1 1
285 1217 2 1 2
817 1216 1 1 1
712 1218 2 10 14
1787 1218 1 1 1
1321 1220 1 2 2
146 1225 5 3 11
819 1224 1 4 4
433 1226 1 2 2
