0 0 1840 1228 2109241
409 0 2 1 2
426 0 3 10 24
572 0 22 15 155
623 0 33 57 604
878 0 19 32 346
908 0 3 1 3
917 0 121 221 6614
1036 0 4 5 18
1135 0 359 121 16404
1536 0 13 4 30
1588 0 107 122 5225
923 5 1 10 10
268 19 8 9 44
418 22 7 7 18
1045 24 8 31 143
1097 24 13 11 92
607 28 6 7 35
165 30 13 24 158
524 30 9 16 105
511 39 6 16 43
830 38 6 7 28
614 40 14 12 84
869 44 15 34 375
1035 46 1 26 26
556 50 6 4 15
758 50 4 4 13
1067 50 4 7 19
60 54 15 14 147
572 57 5 5 14
784 57 5 9 27
955 63 6 6 28
1080 63 4 6 19
1501 62 7 7 28
1806 63 9 36 203
891 64 34 95 649
41 67 11 9 53
700 71 17 39 515
1753 70 35 37 994
563 72 22 19 100
643 77 8 12 66
808 82 19 43 590
1065 83 20 25 256
209 85 11 11 84
1276 84 3 4 9
1099 87 19 33 354
1048 88 3 7 10
1293 88 6 9 44
1187 90 2 2 3
1259 91 3 6 14
520 92 1 1 1
1547 93 65 109 1649
727 94 7 15 85
628 97 5 9 37
1176 99 3 5 13
871 101 3 4 9
753 105 4 4 10
774 104 6 13 47
842 105 5 6 25
1161 104 1 1 1
581 107 5 7 27
1262 107 14 24 256
400 108 8 7 35
166 116 11 11 78
1226 122 3 3 7
572 127 8 13 77
447 129 15 21 146
479 131 9 13 86
547 130 6 9 39
876 131 4 7 23
1289 132 1 1 1
1341 133 50 77 2046
677 135 11 22 163
767 136 7 9 42
506 139 8 12 80
730 139 18 21 188
914 138 12 35 146
1235 143 4 8 26
581 145 6 8 34
1308 144 4 8 23
702 146 6 8 33
802 146 1 12 12
1151 146 4 4 11
365 148 9 17 89
1417 149 28 65 967
1181 151 3 5 15
1455 150 21 44 719
196 153 3 3 6
546 156 23 25 180
498 162 15 16 141
1292 163 7 16 61
422 164 6 6 23
470 169 1 1 1
778 169 8 16 89
570 171 22 25 255
857 171 14 13 139
234 172 6 13 63
738 173 3 4 10
1131 173 35 68 705
1203 174 9 9 53
1522 177 2 5 7
1029 180 9 12 49
940 183 7 17 98
649 184 8 19 117
889 185 6 9 44
892 184 24 99 428
1220 185 34 49 558
1390 186 14 31 343
715 188 7 13 67
556 194 6 7 30
820 195 13 26 256
273 199 8 11 60
419 201 1 1 1
846 201 5 6 22
1273 200 4 6 15
421 202 2 1 2
868 202 15 37 425
1291 207 4 8 22
525 209 1 1 1
527 210 2 4 8
450 212 4 6 16
738 212 8 11 56
1256 216 2 1 2
388 219 9 8 51
1175 221 1 1 1
1314 221 24 52 973
602 223 6 10 50
658 224 6 9 44
1633 224 68 131 4672
1042 229 2 8 8
359 235 5 11 41
971 234 1 27 27
980 235 20 95 582
1223 235 2 5 10
736 237 21 49 498
1196 236 2 4 7
449 240 8 10 57
1131 242 3 1 3
668 250 25 27 248
1263 251 4 3 9
703 256 5 6 22
361 258 8 15 79
797 258 10 18 136
824 258 4 3 9
491 260 9 14 90
429 262 8 10 51
954 262 2 25 26
460 266 8 9 47
870 269 5 6 23
919 273 15 30 270
1712 273 42 43 1454
1244 275 3 3 6
1452 275 50 71 2254
1162 278 3 4 8
516 280 6 8 34
640 281 26 25 260
1011 281 10 21 103
1089 281 27 49 352
123 282 16 20 236
757 283 28 54 715
1071 285 7 12 62
1298 288 14 27 294
819 292 3 3 5
841 295 5 9 31
24 298 10 10 62
1227 299 5 5 19
1760 301 28 67 1343
1151 305 1 1 1
821 307 67 129 1511
1274 308 5 8 32
1385 310 11 21 157
239 313 1 1 1
247 315 2 1 2
251 316 1 1 1
254 317 3 1 3
814 316 5 6 20
971 317 1 3 3
258 318 2 1 2
262 319 3 1 3
999 318 7 20 93
941 320 5 7 29
1317 321 16 37 471
570 323 6 7 36
593 325 12 30 259
846 324 8 11 52
642 327 1 8 8
1175 331 1 1 1
1230 330 3 4 10
726 332 17 26 284
1173 332 1 1 1
1138 335 25 25 348
1196 337 3 4 12
558 339 7 8 41
829 341 9 8 56
695 344 5 5 20
819 344 1 9 9
780 347 4 9 11
1225 346 3 3 8
495 349 1 1 1
904 354 16 51 577
792 356 7 7 35
1350 357 12 22 209
222 359 9 8 60
604 359 6 6 25
961 358 6 6 28
1459 359 36 111 2606
355 361 9 24 128
1256 363 3 3 7
1404 363 17 29 357
827 365 4 5 16
243 368 38 11 80
598 370 1 5 5
1093 370 18 14 158
1215 371 8 9 47
438 373 5 7 24
501 373 6 15 83
980 376 14 27 255
1069 376 21 27 286
291 379 6 1 6
672 383 5 8 24
827 385 2 6 10
1279 384 3 4 12
455 390 10 24 156
1543 390 6 14 42
51 394 15 14 138
474 394 7 12 71
600 394 15 12 91
1265 395 6 13 64
579 397 2 1 2
584 398 1 1 1
807 398 3 3 8
293 403 8 12 71
786 402 1 1 1
783 404 1 1 1
1192 405 4 2 6
338 407 5 5 12
619 407 2 1 2
706 407 6 10 47
623 408 1 1 1
627 409 1 1 1
971 408 5 19 53
631 410 1 1 1
879 412 2 1 2
1286 413 3 4 11
776 416 6 8 28
395 418 7 7 40
1016 419 6 11 47
922 422 6 12 38
848 425 1 1 1
1125 426 38 63 1734
1338 427 25 58 1204
304 428 9 10 51
599 431 10 20 145
759 431 24 36 414
871 432 8 17 79
705 436 35 42 843
584 439 3 1 3
1228 438 3 8 24
1032 441 4 11 36
853 443 7 9 40
314 445 1 1 1
824 444 1 1 1
317 446 2 3 5
812 447 5 5 18
1182 447 2 1 2
954 448 7 18 83
1089 448 5 8 24
174 451 12 12 112
644 450 3 4 12
1108 451 6 4 15
1015 457 13 31 319
392 458 6 6 30
861 459 9 23 109
925 459 2 15 26
798 461 1 3 3
56 462 2 2 3
793 464 2 2 3
601 472 7 10 57
1057 472 5 6 22
1259 473 10 14 122
781 475 19 23 241
428 476 5 5 12
1106 476 10 19 129
1531 481 10 16 125
1391 486 7 31 180
525 490 8 16 105
990 490 1 1 1
826 492 11 4 19
1322 493 15 33 400
811 495 5 7 21
989 501 3 4 8
1133 500 14 27 272
1560 501 22 48 911
824 503 1 2 2
1058 502 4 7 24
776 507 6 8 35
830 506 6 12 61
1213 506 12 27 80
1435 510 23 44 793
896 512 9 29 182
859 515 1 3 3
1403 519 3 2 5
860 521 2 18 20
490 523 7 14 36
1092 522 10 19 144
1258 525 4 8 27
557 527 7 13 79
943 527 20 43 457
1177 526 8 7 28
1274 526 3 3 5
1189 533 4 4 15
1236 532 1 1 1
1051 535 4 5 17
1108 535 17 18 139
1152 534 4 4 11
406 537 10 14 114
920 537 16 10 102
813 541 2 1 2
279 543 5 3 9
346 543 4 8 17
543 542 9 30 177
816 542 2 1 2
1062 546 5 6 20
897 550 14 31 322
627 556 6 10 52
1223 557 5 12 47
1142 558 13 37 336
443 562 2 4 6
23 564 8 6 32
1272 564 3 3 6
1460 564 1 1 1
1171 566 2 1 2
117 573 5 5 13
1216 579 5 5 23
807 583 13 15 113
663 585 13 22 216
1489 586 29 50 1016
1126 588 2 2 4
1208 589 5 9 42
437 591 5 4 15
781 591 9 14 83
1394 590 10 10 67
64 594 7 5 26
165 596 9 10 69
1322 597 11 10 78
1219 599 3 3 8
1234 599 13 30 311
750 602 6 14 53
900 603 1 1 1
1368 602 18 36 506
450 605 10 11 76
819 604 8 17 110
1003 607 1 1 1
1588 612 20 30 471
271 614 2 3 6
354 615 1 1 1
904 616 1 1 1
630 621 31 38 678
717 620 1 1 1
852 620 1 1 1
888 620 1 1 1
826 622 2 9 10
745 626 3 2 5
866 627 52 104 2443
559 628 9 19 127
814 631 4 5 18
374 632 3 2 5
280 634 1 1 1
325 635 7 14 75
1272 635 2 2 3
439 637 12 17 99
1187 636 3 5 14
595 638 6 9 43
786 641 79 298 7828
1241 640 21 41 702
704 643 32 44 740
930 647 9 5 31
948 647 8 11 60
487 648 7 8 42
863 651 1 1 1
535 653 6 6 27
402 654 7 8 41
850 655 5 6 12
760 656 16 46 451
583 659 3 3 9
703 659 1 2 2
1077 662 4 5 18
30 665 5 3 14
955 667 3 4 9
974 667 1 1 1
852 668 1 3 3
437 673 9 10 62
171 675 2 3 5
990 675 2 2 3
792 677 6 9 36
598 681 4 6 19
734 684 1 3 3
1695 685 21 29 447
1192 689 9 11 80
1246 690 4 4 15
575 694 5 6 20
1052 695 2 2 2
396 698 6 8 35
686 699 1 3 3
1069 699 13 28 281
863 700 24 34 122
1255 701 4 7 24
748 703 2 3 4
1119 702 3 2 5
722 705 1 9 9
541 706 9 19 102
700 707 4 3 9
319 709 9 15 89
292 711 7 13 45
834 711 1 3 3
711 713 1 1 1
848 712 16 26 239
1114 712 2 2 3
1187 712 4 6 21
563 714 12 36 259
929 716 4 10 33
723 719 4 25 46
1258 720 11 19 157
782 723 1 1 1
907 732 1 1 1
1493 732 21 35 590
1656 733 35 61 1048
742 734 1 3 3
887 735 2 2 2
744 738 7 21 66
917 740 1 1 1
1556 740 8 8 50
871 744 6 5 10
904 745 7 12 51
725 746 6 31 98
1526 747 18 37 521
877 750 1 1 1
571 755 7 11 61
615 757 4 3 11
1082 756 11 18 150
888 761 4 4 4
919 761 1 1 1
1167 761 3 1 3
526 762 8 12 69
862 763 2 2 4
921 762 1 1 1
923 763 1 1 1
748 765 1 1 1
865 765 1 1 1
331 767 4 3 8
895 766 15 9 41
1236 766 16 19 189
1279 767 10 18 143
943 768 3 3 8
740 770 26 68 838
868 770 4 4 9
709 774 2 8 9
884 775 1 1 1
911 775 1 1 1
924 775 3 6 14
875 777 18 27 212
1039 777 2 3 4
978 780 4 6 21
1308 781 20 48 574
923 782 1 1 1
1450 792 64 92 3159
1533 793 19 27 387
353 795 4 2 6
933 795 1 1 1
1403 795 16 22 275
438 797 3 2 5
902 796 37 11 65
5 799 2 4 4
708 798 2 31 36
838 798 2 1 2
956 798 6 12 53
588 803 6 6 27
732 803 1 2 2
510 806 4 4 10
1023 807 5 7 28
1175 808 1 1 1
1098 810 2 3 6
1118 811 1 1 1
724 812 29 117 784
1043 813 4 2 6
1064 813 5 5 16
547 817 7 8 44
972 821 5 14 50
431 823 1 1 1
680 824 8 9 53
423 826 7 8 38
584 826 6 6 19
1025 828 6 12 46
361 831 12 12 65
633 830 14 22 216
707 831 1 12 12
898 831 4 8 19
1633 833 17 16 173
591 838 4 3 6
762 843 1 1 1
1039 843 6 6 23
1243 850 4 5 16
922 852 3 5 13
769 857 2 5 9
607 859 6 6 28
1134 860 4 9 31
1189 861 2 1 2
767 866 1 3 3
982 866 4 3 10
1678 868 21 27 437
705 872 1 1 1
1064 877 6 9 43
768 882 12 26 217
137 891 3 3 5
1259 890 14 42 463
984 892 4 8 25
1041 897 4 3 9
1104 898 11 12 97
1538 900 28 49 1083
1013 905 10 19 150
411 909 3 3 8
523 911 7 8 39
870 910 1 2 2
1087 922 3 3 7
473 929 1 1 1
546 933 557 159 31758
741 933 1 1 1
882 934 1 1 1
299 937 4 7 18
782 938 4 6 21
859 939 1 1 1
1337 939 19 37 524
860 946 3 3 8
1538 946 1 1 1
768 951 10 16 130
1488 952 21 32 509
1421 954 18 26 337
1127 956 1 1 1
292 958 6 5 17
835 963 2 1 2
1140 963 2 2 3
397 971 8 10 55
467 976 6 9 44
1197 978 2 2 4
1359 988 16 30 360
1226 1007 2 4 6
1184 1008 1 2 2
359 1013 2 3 5
422 1013 1 1 1
1088 1015 3 6 16
1070 1016 3 7 18
1320 1026 16 23 261
1508 1026 15 14 109
1231 1036 2 1 2
1094 1038 1 1 1
1368 1044 22 31 516
1527 1048 17 16 158
521 1054 8 15 96
332 1058 7 10 47
1161 1060 1 1 1
633 1065 1 1 1
1001 1069 3 3 4
1287 1095 4 4 7
415 1097 2 1 2
897 1101 3 4 8
1188 1104 4 7 21
709 1112 8 5 28
1008 1113 3 5 8
942 1117 4 3 7
1682 1117 1 1 1
239 1125 5 4 13
1682 1129 1 1 1
1121 1130 6 12 49
1334 1130 1 1 1
154 1137 1 1 1
1539 1141 17 20 213
933 1143 4 8 27
1331 1147 2 1 2
1132 1148 3 1 3
822 1151 4 12 40
945 1150 1 1 1
982 1162 2 2 2
1027 1165 1 1 1
769 1168 1 1 1
1765 1170 1 1 1
569 1173 1 1 1
1263 1173 4 3 5
498 1174 2 1 2
1179 1176 3 1 3
1518 1176 1 1 1
1197 1179 3 3 5
833 1180 6 9 43
1147 1182 1 1 1
705 1188 1 3 3
1166 1194 1 1 1
1201 1199 4 4 10
1523 1199 1 1 1
914 1206 2 1 2
1221 1206 3 5 9
