0 0 1840 1228 2156721
648 0 3 8 22
809 0 2 2 3
943 0 3 1 3
957 0 133 311 11845
1027 0 2 7 14
1204 0 23 66 1002
1237 0 3 2 4
1254 0 4 9 34
1411 0 139 197 7653
1574 0 42 159 3453
1678 0 6 97 460
1324 5 16 30 353
779 10 2 4 6
426 13 1 2 2
709 12 6 8 34
662 15 5 7 22
937 14 20 57 459
1275 14 1 1 1
1124 16 3 1 3
814 21 7 16 82
588 24 3 3 8
1353 27 16 32 354
871 31 5 5 20
529 32 2 3 5
577 35 2 2 3
1488 37 37 61 1165
1073 38 4 3 8
714 41 3 2 4
646 44 5 9 30
886 45 7 20 77
1260 49 15 29 329
1096 50 18 30 375
843 52 15 23 190
1231 54 22 75 735
910 62 6 18 83
817 67 4 4 13
638 72 1 1 1
662 72 5 9 33
715 74 20 48 492
799 77 4 5 14
1162 76 4 3 9
778 79 12 25 223
863 81 1 2 2
1187 81 3 3 6
1013 83 13 25 250
1347 84 14 26 288
1090 90 5 6 25
1270 90 3 6 11
737 93 12 57 408
692 95 1 1 1
949 96 5 11 42
1433 97 9 10 62
927 99 6 12 60
1095 99 3 5 14
482 100 7 7 41
1170 100 4 7 24
1288 100 11 11 86
829 107 11 24 209
1200 107 3 5 11
1312 107 4 4 10
952 113 9 40 189
763 117 6 16 39
854 119 4 8 24
1191 122 17 42 407
797 124 4 5 11
552 128 6 8 25
779 128 5 7 22
1013 131 3 6 15
1621 130 52 16 254
1266 134 9 18 106
702 136 25 116 697
865 137 8 16 87
757 138 13 26 125
882 141 17 20 110
1320 140 16 33 339
776 142 6 10 45
909 142 5 7 24
622 148 10 17 128
643 149 7 8 37
847 148 7 7 41
798 151 1 2 2
573 153 9 40 231
742 165 21 75 421
610 176 8 12 61
1201 179 1 1 1
864 182 3 4 7
1226 187 4 5 18
953 189 3 12 29
1181 189 1 2 2
1187 189 16 13 56
1091 192 3 3 6
657 197 22 49 392
528 205 7 10 49
1308 204 1 1 1
776 207 8 13 77
439 211 7 11 57
572 211 6 9 43
697 212 7 21 75
959 212 2 3 6
1500 215 8 11 58
920 219 9 26 180
890 220 4 7 22
1344 223 14 22 251
768 228 5 9 34
1156 239 33 76 989
1088 245 5 4 14
533 249 6 17 67
562 250 6 10 38
1454 252 6 7 25
1219 254 4 5 17
898 257 16 23 209
666 259 7 16 60
753 259 6 18 73
947 264 6 18 81
718 271 1 1 1
735 273 1 1 1
712 276 7 40 173
724 276 6 5 28
1228 277 25 66 717
801 279 9 10 59
855 278 15 17 191
1093 278 2 3 4
1192 278 4 10 24
1113 282 19 39 430
567 286 8 15 78
1518 292 33 30 574
913 294 3 6 15
1357 294 19 40 572
1416 295 35 44 722
693 300 6 41 127
545 302 4 10 29
1318 309 11 16 132
1201 313 3 6 16
507 314 6 5 21
752 316 22 37 412
250 322 4 4 13
653 325 4 3 8
638 326 6 6 31
713 327 30 43 188
1291 329 2 2 3
1196 333 6 9 40
672 335 7 12 58
836 334 2 2 3
921 343 10 18 147
1172 343 14 35 363
530 344 7 17 78
639 345 26 39 510
985 345 4 4 14
1127 344 3 5 11
1084 347 3 4 10
871 348 7 9 46
459 360 3 3 5
792 367 3 3 6
1053 366 2 3 5
1529 366 16 33 426
825 371 4 5 15
901 371 4 7 19
1239 371 14 27 300
703 372 1 1 1
626 375 11 17 150
856 375 6 9 40
1037 378 5 8 34
879 384 6 11 51
991 385 7 15 89
760 389 5 5 14
1216 392 3 3 6
661 397 13 37 199
571 400 13 37 236
737 402 1 2 2
803 402 1 1 1
637 405 10 20 160
739 404 1 1 1
1080 404 6 12 60
1227 413 12 21 182
911 418 4 4 15
950 420 16 28 356
542 423 6 8 37
556 423 1 2 2
815 423 1 1 1
1071 422 4 5 15
778 425 11 14 59
915 425 15 37 288
793 427 1 1 1
762 431 8 14 94
1123 430 6 4 10
1182 430 3 5 11
1469 436 4 6 16
815 439 15 12 77
688 442 3 7 16
792 442 1 1 1
180 444 4 3 11
869 444 9 22 156
1055 444 1 1 1
733 446 23 14 157
774 449 8 6 16
1074 453 11 20 187
844 457 1 1 1
981 458 8 8 43
790 460 15 43 370
684 464 9 15 99
1242 469 4 4 13
621 471 9 11 60
1265 471 4 5 16
841 473 25 61 490
1241 483 2 2 3
992 485 4 4 15
1213 485 16 47 460
1287 484 14 26 293
967 487 9 16 117
732 488 17 25 247
1053 488 4 4 11
523 490 6 6 25
703 498 7 13 69
1120 499 6 11 52
936 503 3 2 4
1083 503 24 34 405
1200 504 3 5 13
434 509 7 17 55
756 510 2 1 2
1205 511 4 7 25
496 512 10 10 66
824 514 8 14 98
795 516 9 10 75
1164 521 4 6 18
654 524 9 12 90
977 526 9 23 85
754 529 4 3 10
572 535 6 9 39
851 535 2 1 2
1221 534 15 20 250
1263 535 13 24 232
483 536 5 8 26
1131 537 16 45 548
968 538 4 7 21
1012 538 5 3 13
933 544 3 3 5
614 547 4 3 10
815 546 9 13 86
883 549 4 7 24
1057 550 6 9 41
1183 554 9 28 168
537 556 2 3 4
635 561 6 16 67
862 563 9 18 116
1094 562 2 2 4
1309 567 1 2 2
924 568 8 25 125
1043 577 3 3 6
1250 577 1 1 1
670 578 8 14 82
1078 578 15 42 469
771 582 10 21 165
609 587 10 10 60
965 586 6 15 35
999 591 2 2 3
1263 592 2 2 3
1126 594 1 1 1
1137 598 4 6 21
1293 601 4 10 40
1498 600 13 2 15
430 603 1 2 2
1213 607 1 1 1
585 610 5 7 29
1010 613 5 5 18
639 614 3 3 7
596 619 3 3 6
851 621 1 1 1
912 621 4 7 26
729 622 4 6 17
853 623 2 2 2
766 625 11 29 199
464 631 6 7 32
618 631 3 2 4
633 630 6 5 21
799 631 9 25 138
598 632 1 3 3
861 636 1 2 2
825 641 1 1 1
860 640 1 3 3
884 641 1 1 1
898 641 1 7 7
911 643 3 4 12
945 643 1 1 1
859 645 1 2 2
1168 645 4 5 15
836 648 56 68 1516
858 649 1 2 2
896 653 1 2 2
964 653 4 7 22
821 657 1 1 1
946 656 1 1 1
752 661 9 16 105
910 664 16 52 468
943 677 13 35 155
1245 683 13 41 385
1431 689 15 27 315
1196 690 16 42 441
737 692 6 5 17
980 697 3 2 4
841 700 9 13 74
1223 701 12 15 130
1584 700 15 14 164
548 703 2 3 5
330 712 10 10 74
405 713 10 16 109
675 718 5 8 28
725 719 6 6 31
1040 718 7 7 31
1504 719 17 22 301
826 723 4 3 9
865 723 1 1 1
1625 722 7 7 24
935 732 1 1 1
922 734 11 8 25
504 737 5 3 7
882 736 4 3 7
1425 738 18 34 491
804 745 12 18 128
601 750 4 6 18
1050 751 13 23 222
1235 753 14 28 283
1141 754 3 3 8
649 757 6 8 37
918 757 4 3 5
829 760 1 2 2
923 760 2 2 2
908 762 3 3 7
927 763 7 10 11
934 774 1 1 1
876 777 15 27 213
1266 778 34 48 670
694 783 1 1 1
937 783 3 17 31
775 791 7 15 61
849 791 15 23 184
402 793 8 9 58
680 793 8 12 67
537 798 11 12 86
1149 798 4 9 28
956 803 2 4 6
482 809 6 5 20
911 808 4 16 55
508 811 6 7 33
700 815 8 13 80
895 817 1 1 1
594 819 18 34 437
845 818 14 14 59
1503 823 17 20 282
727 826 4 4 12
1203 833 11 32 200
632 835 7 11 44
1023 843 8 16 118
1275 843 5 11 47
739 851 6 8 34
764 850 28 10 161
855 852 1 1 1
863 856 1 1 1
865 857 2 2 3
870 861 1 1 1
1015 861 6 10 49
1053 860 1 1 1
568 863 7 11 53
804 865 19 24 208
776 868 4 8 25
427 871 1 2 2
528 871 5 7 27
836 873 1 2 2
902 874 4 4 12
741 879 12 37 271
1018 878 3 5 9
477 885 1 3 3
476 889 1 2 2
565 890 2 2 3
603 891 2 1 2
684 890 8 9 46
764 895 1 1 1
1188 894 12 7 66
731 897 1 1 1
1228 901 10 13 95
588 909 1 1 1
1290 910 14 18 174
930 913 4 8 18
596 915 1 1 1
787 914 8 15 86
859 914 7 9 48
602 919 1 1 1
698 919 10 26 191
738 920 1 1 1
762 921 6 5 23
613 923 4 3 5
803 923 25 31 386
935 932 1 1 1
629 937 2 6 7
492 942 588 188 37744
837 947 1 1 1
731 957 11 6 35
783 960 4 4 9
834 970 7 4 22
757 977 11 18 134
461 983 12 12 63
680 982 1 1 1
883 988 5 13 44
701 990 1 1 1
713 991 1 1 1
8 998 2 1 2
496 1019 7 10 49
1213 1021 12 11 84
1344 1026 7 2 13
1495 1029 18 25 338
1049 1045 4 3 11
544 1065 7 6 21
1377 1077 14 12 107
1145 1081 3 2 4
1383 1099 11 4 32
415 1110 9 12 79
504 1111 3 6 14
1330 1111 2 1 2
1010 1130 2 2 4
422 1150 1 1 1
1430 1197 1 1 1
771 1222 1 1 1
106 1227 1 1 1
