0 0 1840 1228 2142576
264 0 7 18 25
398 0 17 15 160
449 0 15 21 210
513 0 5 3 8
530 0 6 8 39
594 0 2 1 2
575 0 177 84 4551
706 0 3 2 4
728 0 5 16 39
749 0 4 4 14
758 0 23 18 195
787 0 3 5 15
803 0 6 17 52
830 0 19 21 214
863 0 4 16 37
959 0 18 19 124
1073 0 22 14 185
1149 0 8 12 56
1270 0 10 16 94
1316 0 9 13 87
1326 0 37 47 921
1376 0 15 26 216
1429 0 6 3 15
1482 0 13 19 159
1457 9 10 17 113
1026 11 8 19 99
350 12 22 24 272
937 12 3 10 27
875 15 3 11 26
485 16 7 12 57
271 19 1 1 1
733 18 2 3 4
796 20 6 11 55
860 21 3 8 15
273 25 1 1 1
817 24 3 5 13
520 26 6 12 63
1130 28 15 22 159
1167 29 9 26 139
1428 28 6 3 12
275 31 1 1 1
449 31 8 13 87
849 30 3 5 13
778 32 28 33 324
818 32 20 26 309
967 33 3 5 11
1233 32 4 1 4
1457 34 3 4 8
1784 34 1 1 1
1800 35 2 1 2
1807 34 5 1 5
1837 34 3 4 6
1376 36 11 15 122
1788 37 9 4 19
995 40 6 26 128
1410 41 8 10 55
1773 40 4 11 18
1279 43 1 1 1
905 44 5 21 75
936 45 2 3 5
1183 46 10 24 163
1323 46 2 2 3
429 52 17 27 237
0 57 11 9 73
863 56 23 36 218
975 56 3 17 37
1330 57 9 15 92
1787 59 3 2 4
1791 58 1 1 1
842 62 3 5 12
1597 65 1 1 1
792 67 2 5 10
825 71 3 8 23
943 71 4 7 23
772 72 2 8 15
948 73 22 33 198
1017 72 10 16 97
1607 73 1 1 1
11 75 4 3 7
571 77 7 15 84
796 76 6 25 100
469 79 26 49 579
976 79 14 28 265
1040 80 5 9 33
1103 81 12 20 158
1606 81 11 15 41
678 82 2 5 9
1590 83 1 1 1
1418 84 7 10 49
503 86 24 25 240
617 87 7 27 124
1467 86 8 7 33
681 88 15 23 74
1007 90 5 7 27
1588 90 1 1 1
1174 93 6 9 39
1274 95 8 15 88
535 97 15 44 274
710 96 12 13 59
1359 98 10 17 110
1678 98 41 11 266
414 101 9 24 176
1248 100 13 5 42
1605 100 1 1 1
780 103 14 37 118
819 102 3 5 11
1132 103 8 19 102
1310 105 8 13 71
910 106 2 2 3
1581 107 10 6 25
768 108 1 2 2
875 110 1 1 1
453 112 4 4 10
921 117 4 12 30
705 118 2 2 3
1115 120 5 7 29
739 122 6 7 20
888 123 3 9 24
1322 123 13 21 156
817 124 3 10 26
495 130 6 11 54
664 130 4 10 31
724 131 5 2 8
705 137 39 25 333
416 139 14 36 272
948 139 4 16 46
1060 139 7 20 111
527 142 6 12 61
1043 142 6 11 50
763 144 3 5 11
808 146 2 8 15
923 146 2 2 4
984 147 9 12 82
1142 146 7 13 66
909 148 3 7 19
864 151 2 7 14
777 153 2 7 14
876 153 3 13 17
1388 153 11 24 102
611 155 4 8 27
1078 156 19 18 204
1272 156 7 6 29
463 158 7 13 80
646 158 3 4 6
729 158 10 30 159
937 159 4 7 21
907 160 2 4 7
1110 160 5 12 44
503 163 7 14 84
691 163 23 35 251
746 163 29 40 227
559 166 6 5 24
595 168 3 4 10
541 170 11 14 77
623 175 5 14 63
648 176 1 1 1
653 178 1 1 1
788 178 28 54 512
899 179 2 1 2
951 178 6 13 54
1349 178 14 33 196
425 183 8 10 61
847 183 2 3 5
1420 182 8 12 72
465 185 8 15 89
830 187 2 2 3
520 191 5 10 47
724 191 1 1 1
1149 192 7 14 61
869 194 2 5 9
1178 194 7 14 70
1392 194 9 16 93
889 197 5 4 14
1024 196 4 6 18
949 199 5 7 26
907 201 1 3 3
921 200 10 8 25
1093 200 8 37 189
768 203 2 3 5
651 204 13 15 141
987 204 4 7 24
1038 207 6 16 49
289 208 5 3 7
366 208 7 13 64
385 209 7 13 65
675 209 4 8 18
479 210 4 5 16
733 210 1 4 4
854 213 1 2 2
1128 214 23 34 474
1186 214 6 12 57
1170 216 5 8 31
1223 217 7 11 62
418 218 6 12 55
494 218 7 16 88
581 219 6 10 47
762 219 4 10 27
1019 221 3 8 22
566 223 5 5 15
625 222 4 9 33
449 224 10 26 157
688 225 4 5 16
729 224 3 4 10
836 225 2 6 12
743 227 2 6 11
876 226 3 13 23
1044 227 14 23 123
1311 228 9 16 109
908 231 1 2 2
945 231 13 27 239
1029 230 3 2 5
1243 230 8 15 78
774 232 9 10 52
614 239 10 21 78
1103 238 4 8 27
417 241 6 9 44
871 241 2 1 2
895 241 2 4 5
966 240 6 24 58
1072 241 9 31 142
670 242 3 2 4
814 242 3 5 12
563 244 4 5 17
677 244 2 4 7
857 244 3 4 9
156 249 1 1 1
500 248 11 23 173
1121 248 5 8 29
692 251 2 4 7
783 250 16 8 91
915 250 12 10 76
991 254 4 8 23
697 257 3 5 13
725 257 2 4 7
810 256 6 14 49
892 256 3 1 3
597 259 5 12 52
650 258 1 1 1
660 258 6 12 46
731 259 25 33 204
1101 258 11 22 135
524 261 12 22 116
645 260 3 5 13
832 261 1 1 1
436 264 7 12 61
620 266 4 11 39
1162 267 5 3 10
825 269 9 11 48
715 273 1 2 2
853 274 1 1 1
979 274 11 28 208
687 277 3 5 12
702 277 10 15 60
889 277 3 7 20
653 278 4 9 32
760 279 4 6 21
964 278 5 11 39
564 281 6 12 59
1239 280 1 1 1
729 283 2 4 8
865 283 1 3 3
475 284 12 18 130
808 285 5 7 18
1056 285 5 10 39
883 286 4 11 40
615 289 6 14 66
1161 289 7 15 68
1256 289 18 21 210
641 290 5 12 47
733 293 1 1 1
1104 293 6 11 52
1071 296 7 12 61
1272 296 28 42 336
571 299 6 33 114
718 299 1 1 1
845 299 2 6 8
874 300 4 10 35
774 304 1 2 2
799 305 3 5 12
464 307 6 11 53
1050 308 3 8 18
1228 308 27 38 436
710 310 2 2 3
522 313 7 14 72
804 313 5 7 27
905 312 2 6 12
970 313 3 6 15
775 315 4 11 33
1189 315 5 7 27
505 317 6 13 61
729 316 26 16 217
893 316 2 5 8
981 317 3 6 16
589 320 6 12 62
1045 320 4 9 28
609 323 3 7 17
1209 325 5 8 30
834 327 1 1 1
834 326 164 198 17042
1101 328 5 10 39
1057 332 5 12 56
472 334 20 23 207
724 334 2 4 7
819 335 4 9 30
598 337 5 9 33
517 341 6 12 54
789 340 5 9 23
1065 341 13 23 126
748 347 2 3 6
802 346 11 9 34
732 349 2 5 9
768 349 3 5 11
1020 348 3 5 13
1364 349 7 14 55
569 350 3 5 12
780 350 13 11 68
1038 351 5 13 47
608 353 4 5 18
1238 354 19 23 283
533 356 5 7 30
676 357 2 3 6
1125 357 6 7 34
755 358 15 33 172
454 361 6 12 60
726 360 7 19 47
642 363 42 56 397
797 363 2 3 5
1075 362 16 34 158
624 367 4 5 15
803 367 8 25 85
705 369 1 2 2
548 370 13 43 235
444 373 5 8 36
610 372 4 8 22
839 372 1 1 1
489 378 17 18 158
1011 378 3 4 8
822 380 2 6 11
1699 381 1 1 1
743 383 2 6 10
474 384 4 3 6
616 385 6 13 63
1009 384 1 1 1
690 386 6 21 70
1311 386 38 50 442
528 388 7 25 129
1132 388 6 8 30
775 393 4 16 44
1279 393 4 4 14
732 395 2 2 3
792 396 3 5 12
812 397 4 6 24
1212 397 6 11 45
1234 396 7 11 51
1294 396 8 18 37
707 401 9 4 12
819 403 1 1 1
1069 402 6 14 53
1277 403 1 1 1
296 404 7 8 46
611 404 3 5 13
744 404 3 7 18
759 407 1 1 1
595 411 9 6 31
471 412 13 9 66
773 415 3 2 4
1011 415 4 9 23
535 416 3 2 4
695 416 3 7 17
1112 417 6 10 44
604 419 4 10 36
715 418 15 16 96
819 419 2 3 5
1254 419 7 16 68
548 422 7 18 67
1223 422 7 13 64
764 424 3 5 12
821 427 2 4 6
595 429 4 8 26
733 429 3 5 15
740 430 63 63 632
1019 430 33 27 295
1072 431 7 15 60
675 433 3 5 14
776 432 4 6 17
527 435 6 11 49
640 434 1 2 2
627 436 3 3 5
707 437 3 6 18
1574 436 2 2 2
731 438 1 4 4
763 439 8 7 19
685 441 9 24 79
807 441 1 3 3
1135 440 6 9 38
232 443 1 1 1
710 445 6 16 82
634 446 3 5 12
830 446 1 1 1
1115 446 1 1 1
514 448 6 16 71
727 448 2 4 7
1186 449 4 3 11
1492 449 7 5 22
1241 451 14 28 193
546 452 3 7 18
466 455 16 14 115
600 454 4 4 9
642 454 3 3 7
1279 454 1 1 1
817 457 2 5 10
1055 461 14 22 156
826 462 2 3 5
725 464 1 2 2
460 470 4 5 18
601 470 18 15 95
829 473 1 3 3
555 475 5 11 48
854 476 1 1 1
443 478 1 1 1
654 478 3 3 7
706 479 23 29 119
841 478 2 6 12
178 481 18 11 75
409 480 7 9 46
577 480 4 4 16
658 483 3 6 16
808 483 2 6 7
1264 482 6 9 38
463 485 5 7 30
777 484 144 123 5504
691 489 3 6 16
780 489 1 1 1
1202 489 7 15 70
596 490 3 2 6
773 491 3 7 18
1283 492 5 7 24
94 494 3 2 4
505 495 18 14 101
794 494 1 3 3
1011 494 2 2 3
666 496 2 5 10
696 497 1 1 1
811 497 1 3 3
565 499 4 7 28
627 498 3 5 14
738 498 3 19 34
755 498 1 4 4
1028 498 7 20 58
1252 499 5 8 30
817 501 10 7 54
673 502 2 5 9
784 503 2 3 6
944 502 4 10 34
1156 503 1 1 1
541 505 17 10 67
763 504 2 9 17
789 507 2 5 7
775 508 3 7 18
804 509 12 20 135
455 511 5 6 23
701 510 7 8 32
1198 511 1 1 1
1209 510 6 11 39
1230 510 2 2 3
675 512 2 6 12
746 513 20 37 187
608 514 6 5 14
1431 514 2 1 2
466 516 14 11 108
730 517 2 5 9
665 518 3 4 9
838 519 3 4 7
868 521 3 6 18
710 522 2 2 4
590 525 3 5 13
497 527 5 10 40
531 527 14 22 142
614 526 2 3 6
799 527 1 2 2
877 526 7 10 32
960 527 48 71 1007
1084 527 4 8 24
629 528 2 2 4
671 529 2 6 10
1223 531 9 33 145
1437 533 1 1 1
934 535 2 2 2
746 536 1 4 4
891 536 1 4 4
1020 536 4 10 33
655 541 2 4 5
484 542 16 11 113
559 542 4 7 25
719 543 7 6 25
741 542 2 2 3
1152 542 2 2 3
1184 543 8 10 47
405 545 6 10 44
590 545 8 13 53
1056 544 13 9 78
694 546 1 2 2
1080 546 1 1 1
1205 546 4 8 22
1332 547 3 1 3
653 549 2 5 9
1026 548 4 8 26
736 550 1 2 2
765 551 2 5 9
299 553 1 1 1
704 552 3 4 7
747 553 4 8 31
784 552 1 4 4
1318 552 2 2 3
1504 554 1 1 1
670 557 2 2 3
728 557 5 7 20
955 556 9 14 74
1052 558 3 5 13
446 560 2 2 3
457 563 5 6 22
742 563 1 4 4
753 563 4 6 21
1204 563 19 19 156
1271 563 2 1 2
1034 564 15 25 137
1376 564 2 1 2
640 566 4 7 27
675 568 1 1 1
1253 568 3 1 3
681 570 1 3 3
1284 573 4 4 13
928 574 2 4 5
401 577 1 1 1
687 577 1 1 1
1187 576 26 16 141
647 578 2 3 5
217 580 1 1 1
553 580 4 2 4
580 580 4 4 13
949 580 2 1 2
744 582 2 2 4
1167 582 4 5 18
782 586 7 14 33
1407 586 2 1 2
1552 587 1 1 1
666 589 6 19 59
1383 589 1 1 1
542 590 5 8 32
600 592 4 11 21
1189 593 5 8 33
436 595 6 7 28
1131 594 2 1 2
1230 596 7 12 48
1394 596 1 1 1
1305 598 1 2 2
526 601 3 2 5
542 600 14 28 162
723 600 2 6 11
790 603 8 9 32
946 603 3 7 16
1162 602 16 13 103
696 605 9 5 23
909 605 7 15 50
972 605 1 1 1
986 605 4 3 7
994 604 35 30 332
1596 605 2 2 3
343 606 1 1 1
608 606 3 1 3
1660 607 2 2 3
473 609 6 9 40
506 608 1 3 3
515 609 8 15 97
729 609 13 14 97
1095 609 17 13 62
840 610 11 7 40
1330 610 1 1 1
630 612 2 2 4
955 612 12 34 186
659 615 3 4 12
760 615 1 3 3
928 615 14 42 141
1308 615 1 1 1
147 617 2 1 2
720 616 1 1 1
821 616 1 2 2
861 616 4 13 32
638 619 2 3 4
682 619 1 1 1
1078 618 4 8 27
164 621 2 1 2
654 620 1 2 2
839 620 1 1 1
769 622 4 12 23
827 622 1 4 4
1036 622 9 26 43
1265 622 2 1 2
501 624 4 7 25
703 625 10 5 15
752 624 1 2 2
1367 625 2 1 2
526 627 7 12 62
1141 627 6 10 35
338 630 1 1 1
693 630 2 3 5
737 630 1 3 3
1177 631 23 16 148
1325 631 1 1 1
451 632 4 5 16
578 632 4 3 11
972 633 1 1 1
740 634 6 7 22
921 634 4 10 37
507 636 15 9 57
1006 637 11 10 83
909 638 1 1 1
1284 638 3 4 10
538 640 4 4 12
721 641 3 5 13
817 641 3 4 11
1230 640 4 2 6
572 642 3 2 5
772 642 1 3 3
1421 643 2 1 2
620 644 1 1 1
453 647 4 5 16
476 646 6 9 42
685 647 3 4 10
785 646 5 31 68
1162 647 15 38 155
635 648 1 3 3
767 648 2 4 7
861 649 6 11 30
1204 649 5 8 31
813 651 1 3 3
897 651 17 15 104
666 652 3 5 12
983 652 3 6 13
1033 653 1 1 1
1269 653 9 10 34
731 655 3 6 15
747 654 12 19 66
820 655 1 2 2
1014 654 18 31 198
824 657 1 1 1
1129 656 5 7 30
1152 656 6 10 40
229 658 1 1 1
595 658 2 3 6
529 661 2 2 2
704 660 1 1 1
935 661 7 29 97
995 661 6 12 54
1065 660 1 1 1
1440 660 1 1 1
220 663 1 1 1
501 662 10 22 161
581 662 5 10 28
711 662 1 1 1
726 662 1 2 2
773 663 1 4 4
801 663 3 6 12
1067 663 1 1 1
1632 663 2 1 2
1663 662 2 2 3
519 664 10 9 49
665 664 1 1 1
1287 665 1 1 1
1420 665 1 1 1
697 667 1 1 1
718 667 2 5 10
1345 667 1 1 1
556 668 2 4 8
879 668 2 4 7
1101 668 1 1 1
733 671 1 4 4
968 670 2 5 10
1061 671 3 7 12
1238 670 1 1 1
1421 671 1 1 1
762 673 1 4 4
1292 675 3 3 4
422 676 1 1 1
549 677 3 4 10
573 677 6 5 24
696 676 1 4 4
1142 676 4 2 5
615 679 3 4 10
1254 678 2 2 2
1624 678 1 1 1
481 681 5 4 14
669 680 1 1 1
709 681 1 2 2
869 680 1 2 2
1147 681 2 2 4
1476 680 4 2 6
1586 680 2 2 4
1703 680 7 4 10
6 683 2 1 2
827 683 5 24 49
589 684 1 1 1
597 685 15 8 47
959 685 3 6 16
730 687 2 3 5
801 686 7 6 12
1059 687 43 116 1369
625 689 2 3 4
659 689 1 2 2
1431 689 1 1 1
255 691 1 2 2
294 690 2 1 2
338 690 4 3 7
907 690 2 6 9
1008 690 33 95 1429
1151 690 1 2 2
1181 691 5 13 38
544 692 3 5 13
684 695 16 12 28
921 695 1 3 3
1161 695 1 1 1
1415 695 13 2 26
216 697 1 1 1
736 697 21 33 182
866 697 2 6 11
1346 697 1 1 1
1398 696 1 1 1
1810 697 1 1 1
715 698 10 3 14
894 699 1 4 4
250 700 1 1 1
328 700 1 1 1
760 701 14 18 113
1372 700 7 2 8
611 702 3 3 8
655 703 1 4 4
878 703 2 5 10
916 703 88 98 2011
1613 703 2 2 4
1169 705 12 6 31
1342 705 2 3 4
423 707 6 9 41
669 706 1 5 5
805 707 1 4 4
855 707 7 6 24
1410 707 2 2 3
256 708 1 1 1
702 708 2 13 15
1080 709 4 7 20
1213 708 2 1 2
1345 708 1 1 1
1357 708 2 2 4
528 710 6 15 43
716 711 1 1 1
811 711 1 2 2
835 711 2 5 9
871 710 33 75 701
187 712 1 1 1
407 712 1 1 1
662 712 2 6 10
898 713 10 5 32
921 712 24 22 100
265 715 2 3 4
380 714 2 2 4
556 714 14 52 172
1182 714 4 6 18
1237 715 3 4 11
636 717 2 5 6
782 717 1 2 2
800 717 1 4 4
1138 716 5 12 37
1277 719 1 1 1
798 721 132 115 1900
834 720 1 1 1
1236 721 1 1 1
263 723 1 2 2
618 722 4 14 22
817 722 1 5 5
579 725 7 9 46
1230 724 2 2 3
1579 725 4 3 9
783 727 1 4 4
1163 726 20 16 170
1470 726 1 1 1
208 729 1 1 1
707 729 1 1 1
728 729 1 1 1
1220 728 6 12 42
1291 728 1 1 1
318 731 3 3 7
676 731 1 1 1
1365 730 2 2 3
474 733 7 7 27
1321 733 1 1 1
1395 733 4 2 6
1837 733 3 2 5
106 734 2 1 2
589 735 2 2 4
629 735 1 2 2
1762 734 2 1 2
23 737 1 1 1
156 737 1 2 2
706 737 462 275 31317
961 737 1 1 1
1150 736 2 2 3
275 738 4 3 6
290 738 2 1 2
849 738 1 4 4
1490 739 1 1 1
1670 738 2 1 2
671 740 2 5 9
108 743 1 2 2
386 743 2 1 2
533 742 10 8 36
724 742 1 3 3
1197 742 4 6 21
1504 742 6 15 66
511 745 14 18 77
601 744 3 3 5
1275 745 1 1 1
1291 744 1 1 1
44 747 1 1 1
77 746 1 1 1
492 747 1 1 1
851 747 1 2 2
343 748 4 2 5
379 748 1 2 2
861 749 1 5 5
307 751 2 3 4
577 751 8 7 46
843 751 2 4 7
414 753 6 4 17
710 752 3 8 18
790 752 1 1 1
1335 752 1 1 1
1534 753 1 1 1
321 757 5 4 11
408 757 1 1 1
473 757 4 4 11
644 756 2 3 5
670 757 2 1 2
841 757 1 1 1
1305 756 1 2 2
1339 756 1 1 1
1373 757 1 1 1
660 759 3 4 7
1133 759 1 1 1
569 761 1 1 1
638 761 1 2 2
673 761 1 1 1
861 761 8 17 36
1340 760 1 1 1
488 763 16 11 62
517 763 3 2 5
537 763 2 3 5
690 762 13 25 77
1680 762 3 2 5
372 765 1 1 1
900 764 1 2 2
1116 764 1 1 1
1189 765 1 1 1
1298 765 1 1 1
1483 764 2 2 4
285 767 3 2 5
1183 766 3 8 22
188 768 1 1 1
647 768 1 1 1
1237 769 3 4 11
283 770 1 2 2
552 770 3 4 10
1523 771 1 2 2
293 772 1 1 1
582 772 3 5 12
1216 773 3 4 11
872 774 1 3 3
1126 775 16 17 143
1457 775 3 1 3
1488 775 2 1 2
1512 774 1 1 1
423 777 3 3 7
518 777 1 1 1
714 777 1 2 2
1146 776 2 2 3
1311 779 1 1 1
1674 779 2 1 2
219 781 1 1 1
274 780 2 1 2
670 780 3 2 4
876 781 1 3 3
903 780 2 7 12
1340 780 1 1 1
1345 781 1 1 1
1480 780 2 1 2
509 782 4 13 39
717 782 1 3 3
1206 782 1 1 1
1255 783 1 3 3
1310 782 1 1 1
572 784 1 1 1
1373 785 4 3 8
431 786 4 10 39
564 787 2 2 4
1110 786 1 1 1
1113 787 2 3 6
1167 787 11 5 29
1667 786 1 1 1
592 789 2 2 3
785 788 1 3 3
1044 788 1 1 1
793 791 2 1 2
894 791 3 5 12
1201 790 1 1 1
1228 791 1 1 1
534 793 14 17 73
625 793 1 2 2
870 793 2 5 8
1015 792 1 1 1
1483 793 1 1 1
1531 792 3 3 5
650 795 2 5 9
795 795 1 2 2
931 795 78 35 719
1158 795 1 1 1
1238 794 3 3 5
1318 795 1 1 1
1617 794 4 2 6
385 796 1 1 1
484 797 1 1 1
1011 797 106 54 1960
1116 796 4 9 35
1142 796 5 9 35
1183 796 5 1 5
1254 797 2 2 3
1346 796 3 1 3
1472 796 1 1 1
1779 797 1 2 2
181 798 1 1 1
582 798 1 1 1
893 798 1 2 2
965 799 6 3 16
1285 799 1 1 1
1488 799 3 1 3
207 800 1 2 2
616 800 1 1 1
1329 801 5 14 21
1388 800 2 1 2
155 802 1 1 1
663 802 1 1 1
561 804 3 4 12
630 804 2 2 3
1178 804 3 3 9
774 806 75 47 939
1297 806 1 1 1
1398 807 12 2 13
1584 806 2 2 4
1120 809 4 8 29
1539 809 1 1 1
425 811 3 2 4
525 810 12 14 81
635 810 8 8 43
699 811 1 1 1
794 810 1 1 1
1133 810 3 13 18
1184 810 2 3 4
1156 812 3 7 16
1469 813 1 1 1
504 814 9 4 28
551 817 3 2 4
565 817 15 7 44
631 819 1 1 1
1001 819 3 5 13
1317 818 2 1 2
1540 818 1 1 1
687 820 1 3 3
1050 821 1 1 1
847 822 1 1 1
1051 823 8 5 15
1545 823 1 1 1
164 824 1 2 2
629 824 2 4 6
672 825 1 1 1
1301 824 4 4 13
1737 825 2 2 4
428 826 2 2 2
610 826 1 1 1
1274 826 1 1 1
1283 827 2 2 3
1505 826 1 1 1
368 828 1 1 1
599 829 9 18 69
662 828 1 2 2
674 829 2 3 5
1319 829 1 1 1
1415 829 1 1 1
517 830 1 1 1
930 831 54 35 507
104 832 1 1 1
507 833 7 13 53
658 832 1 2 2
723 833 1 1 1
1149 832 4 6 15
1177 832 1 1 1
1532 832 2 2 4
576 835 8 4 19
1064 834 1 1 1
1200 835 3 4 10
1306 834 2 1 2
1331 835 8 8 27
1467 834 4 1 4
545 836 1 1 1
1534 836 13 5 22
1691 837 1 1 1
1720 837 2 2 3
523 838 4 8 26
588 839 2 3 6
1600 839 5 2 7
625 841 5 4 15
698 841 1 1 1
1430 840 1 1 1
1499 840 8 2 9
1621 840 1 1 1
719 843 1 1 1
854 843 1 6 6
1361 842 2 1 2
1660 842 2 2 4
888 844 1 4 4
1159 844 1 1 1
1658 844 1 1 1
300 846 1 1 1
559 846 3 4 8
773 847 1 3 3
785 846 1 1 1
988 847 1 1 1
212 849 4 3 8
446 848 1 1 1
500 848 3 3 7
681 849 1 2 2
986 848 1 1 1
645 851 1 1 1
709 850 2 3 6
1163 851 1 1 1
1248 850 1 2 2
1779 851 2 2 3
575 853 2 3 5
852 853 5 7 11
916 853 64 38 342
1204 852 3 4 9
1271 853 1 2 2
1674 852 2 1 2
248 855 2 2 3
714 854 1 1 1
1149 855 2 2 3
1443 855 11 6 17
800 857 1 4 4
831 857 1 2 2
899 857 16 13 79
1234 856 1 1 1
1281 857 1 1 1
463 859 4 4 10
766 859 11 10 33
816 858 1 1 1
879 859 4 9 31
1143 858 2 3 6
1732 858 3 2 4
519 860 7 4 13
860 860 1 1 1
981 861 3 3 5
15 863 3 3 5
775 862 40 42 673
1206 863 3 4 11
1228 863 1 1 1
556 865 3 3 7
698 864 2 1 2
711 867 4 3 6
1154 867 3 3 5
1595 867 1 1 1
868 869 2 6 9
938 868 2 5 8
1421 868 1 1 1
339 870 2 3 5
619 873 1 1 1
642 872 9 12 27
692 872 3 2 6
912 872 1 1 1
1042 873 2 7 12
1665 873 4 3 7
14 875 2 2 3
516 875 4 4 9
1199 874 3 5 12
1578 875 3 3 6
660 877 1 10 10
833 877 1 2 2
1155 877 2 4 7
709 879 2 4 6
770 878 1 2 2
1250 879 2 1 2
1469 879 1 2 2
1683 879 3 2 4
528 880 1 4 4
617 881 1 2 2
684 881 1 1 1
844 881 2 11 13
235 883 2 2 3
541 882 2 2 2
713 883 4 19 35
906 883 1 4 4
1379 882 1 1 1
1619 882 1 1 1
559 884 3 6 13
1360 884 9 11 34
1446 885 5 1 5
1452 884 2 1 2
481 887 2 3 6
828 886 1 1 1
515 888 3 3 6
578 888 14 23 147
605 888 3 6 12
626 889 2 3 5
1495 889 1 1 1
822 890 2 2 3
1553 890 2 3 6
1687 891 2 1 2
1499 895 2 1 2
645 896 1 1 1
1512 896 2 1 2
630 898 2 2 4
672 899 1 1 1
1370 898 1 1 1
1547 898 1 1 1
1650 899 1 1 1
1731 899 3 2 4
561 901 10 30 88
618 901 3 4 10
896 900 1 4 4
281 902 1 1 1
496 903 5 4 15
603 902 2 3 4
649 902 11 16 51
1187 903 2 2 3
1602 902 1 1 1
670 904 1 1 1
693 905 5 3 15
817 904 1 1 1
1299 907 1 1 1
689 909 2 2 4
791 909 10 7 44
825 909 1 2 2
980 909 3 6 17
1292 908 1 1 1
148 911 1 1 1
235 911 1 1 1
388 910 1 1 1
664 911 1 3 3
1455 910 1 2 2
589 912 1 1 1
1360 912 1 1 1
405 915 2 2 3
608 915 2 1 2
674 914 6 6 20
702 914 1 2 2
725 914 1 2 2
575 916 3 4 11
1504 916 2 3 5
1171 919 2 3 5
1260 919 5 4 14
1560 918 1 1 1
821 920 1 1 1
1685 920 5 2 8
1807 921 1 1 1
441 922 4 4 16
685 922 2 3 5
536 925 2 2 4
641 925 1 3 3
706 924 1 1 1
1242 925 1 1 1
1442 924 2 2 4
1478 924 1 1 1
654 927 8 13 29
1778 927 3 1 3
378 930 1 1 1
587 931 14 12 72
613 931 1 1 1
698 930 2 3 5
1397 931 2 5 8
1616 931 1 1 1
1722 931 3 1 3
1745 930 1 1 1
1812 931 1 2 2
292 932 1 1 1
471 933 1 1 1
1567 933 5 4 10
268 935 1 1 1
462 934 1 1 1
628 935 1 2 2
718 935 2 1 2
1218 935 1 1 1
436 937 1 1 1
571 936 3 3 5
730 937 2 10 13
1216 937 1 1 1
153 938 2 2 3
261 938 1 1 1
629 938 1 1 1
1795 938 1 2 2
1241 943 1 1 1
1727 943 1 1 1
242 944 2 2 3
617 945 1 2 2
1253 944 4 2 7
1412 945 6 3 8
1446 945 5 4 11
137 946 1 1 1
263 947 1 2 2
443 946 1 1 1
520 946 2 2 3
531 946 2 2 3
543 947 11 6 19
251 948 3 2 6
700 950 1 3 3
1427 951 5 6 9
1577 950 1 1 1
80 952 1 1 1
463 953 1 1 1
1303 952 5 9 15
1476 952 3 2 4
1655 953 1 2 2
114 955 6 6 22
417 954 1 2 2
589 954 3 5 9
699 955 1 2 2
1131 954 3 16 33
434 956 3 6 16
721 956 1 1 1
1363 957 10 8 21
394 959 4 4 9
736 958 1 4 4
1158 958 2 1 2
524 960 1 1 1
537 960 2 2 4
576 961 1 1 1
612 960 1 3 3
680 960 1 1 1
1390 960 1 1 1
1393 961 4 4 8
1565 961 1 1 1
1735 960 1 1 1
212 962 2 3 4
527 962 8 11 63
544 962 13 4 16
639 962 1 1 1
1155 962 2 3 6
1737 962 1 1 1
1790 963 1 1 1
698 966 1 1 1
584 968 2 2 4
1743 969 3 2 3
1151 971 1 1 1
1507 971 5 4 10
1088 972 1 1 1
288 975 5 3 11
606 974 5 5 12
663 975 3 3 6
734 974 1 2 2
1275 974 1 2 2
586 977 1 2 2
641 976 1 1 1
174 978 1 1 1
593 979 2 5 10
946 979 2 5 8
1012 978 1 1 1
1029 979 2 3 6
172 981 2 1 2
443 980 3 2 3
527 981 2 1 2
1202 980 1 1 1
1204 981 1 1 1
1396 980 2 3 5
35 982 1 1 1
440 983 3 4 6
561 982 2 2 4
623 983 2 3 4
1061 983 1 3 3
1553 983 3 2 3
1622 982 3 1 3
716 985 1 3 3
934 985 2 3 4
1304 985 2 2 3
637 987 1 1 1
997 988 2 4 7
1184 989 1 1 1
1806 989 1 2 2
133 991 1 2 2
573 991 2 2 3
1075 991 1 1 1
1089 991 1 1 1
1117 990 7 3 10
1425 990 1 1 1
1584 990 1 1 1
1713 991 5 4 11
211 993 3 1 3
380 993 4 2 5
927 992 2 2 4
969 992 1 4 4
991 992 1 1 1
1070 993 3 9 25
1103 992 2 11 14
1218 992 1 1 1
1586 993 1 1 1
12 995 3 2 4
67 995 2 2 2
201 994 2 2 3
465 994 3 4 9
547 994 1 1 1
584 994 1 1 1
627 994 1 2 2
1042 994 2 4 5
496 997 3 3 7
509 996 2 3 5
524 997 1 1 1
667 996 1 3 3
1173 997 1 1 1
453 998 4 4 10
650 998 1 2 2
1260 999 2 2 2
1666 999 2 1 2
304 1000 2 1 2
898 1001 1 4 4
1155 1000 2 1 2
1299 1000 1 1 1
1517 1001 4 3 10
350 1002 1 1 1
564 1002 2 4 7
683 1002 3 2 4
966 1002 1 1 1
981 1003 3 9 18
1011 1003 2 4 6
1487 1003 1 1 1
1641 1003 2 1 2
156 1004 4 2 7
604 1005 2 3 5
742 1005 6 11 45
947 1004 2 7 12
1325 1005 1 1 1
1554 1004 1 1 1
1835 1005 5 2 10
523 1007 11 4 15
622 1007 2 4 6
713 1006 13 9 38
1348 1007 2 2 4
375 1008 1 2 2
1093 1009 5 12 40
1512 1009 1 1 1
933 1010 1 2 2
1024 1010 3 10 14
1190 1011 1 1 1
1336 1011 1 1 1
1399 1011 2 2 3
1696 1011 4 5 10
647 1012 1 2 2
875 1012 1 1 1
709 1015 2 7 12
1053 1015 1 1 1
1295 1015 1 1 1
1514 1015 1 1 1
403 1017 1 1 1
444 1017 1 1 1
851 1016 1 1 1
893 1017 1 3 3
1332 1017 4 4 15
1367 1017 2 1 2
1471 1017 2 3 5
1670 1017 4 2 5
1717 1016 2 2 3
810 1019 2 2 3
919 1018 9 20 35
1106 1018 1 1 1
1578 1018 1 1 1
1643 1019 2 4 6
553 1020 2 3 5
653 1020 1 1 1
664 1020 1 1 1
1122 1021 1 2 2
267 1022 1 1 1
426 1023 1 1 1
459 1023 1 1 1
552 1023 36 28 333
7 1025 2 1 2
337 1025 2 2 3
378 1024 2 1 2
454 1024 3 2 4
652 1024 9 8 42
687 1025 1 2 2
748 1024 1 2 2
962 1025 9 6 18
407 1026 5 3 6
719 1026 3 3 5
799 1026 1 1 1
845 1026 1 2 2
886 1026 1 5 5
983 1027 1 1 1
1086 1026 2 2 2
1316 1027 2 2 3
1381 1026 1 1 1
528 1029 2 3 6
631 1028 2 2 2
1108 1029 3 13 20
1829 1028 3 2 3
1212 1030 6 7 18
1532 1031 2 2 2
487 1033 2 1 2
667 1032 1 4 4
729 1032 1 7 7
784 1033 1 2 2
848 1032 1 1 1
865 1032 1 1 1
1392 1032 1 1 1
1803 1032 2 1 2
183 1035 1 1 1
326 1035 2 2 2
509 1035 1 1 1
591 1035 2 3 6
598 1034 1 1 1
1140 1035 1 4 4
464 1036 1 1 1
1379 1036 1 1 1
533 1039 3 5 13
822 1038 1 1 1
952 1038 1 3 3
1183 1038 2 2 3
1343 1038 1 1 1
1453 1038 2 1 2
1543 1038 1 1 1
1701 1039 4 4 8
90 1041 1 1 1
375 1041 3 2 4
472 1041 2 2 4
724 1040 1 2 2
880 1040 1 1 1
934 1041 2 5 8
1062 1040 4 9 17
1244 1041 1 1 1
698 1043 1 1 1
752 1042 1 3 3
794 1042 1 1 1
858 1042 1 1 1
53 1044 1 1 1
293 1045 2 1 2
431 1045 1 1 1
537 1045 1 3 3
869 1044 1 1 1
950 1045 2 2 3
992 1044 2 2 2
1136 1045 1 2 2
1492 1045 2 2 4
106 1047 1 1 1
282 1047 2 1 2
757 1046 2 9 11
770 1047 1 4 4
846 1046 1 1 1
1103 1046 1 2 2
389 1049 5 6 12
825 1049 1 1 1
929 1048 2 3 4
1021 1048 1 1 1
1045 1049 1 1 1
1075 1048 1 3 3
1146 1049 1 2 2
115 1051 3 2 3
673 1050 2 2 4
697 1050 1 1 1
989 1050 1 1 1
1012 1051 4 7 23
218 1052 1 1 1
621 1053 20 5 32
709 1052 4 2 6
1231 1052 1 1 1
1423 1053 2 1 2
1430 1052 2 1 2
1548 1052 5 7 22
325 1055 4 1 4
533 1054 1 1 1
592 1055 1 3 3
957 1054 1 1 1
977 1055 1 4 4
1089 1054 3 5 12
1117 1055 2 3 5
333 1056 1 1 1
527 1057 2 2 4
567 1057 2 6 12
666 1056 2 6 8
692 1057 1 1 1
914 1057 1 2 2
1394 1056 1 1 1
1420 1056 3 3 5
1632 1057 1 1 1
850 1058 2 7 8
996 1058 1 1 1
1000 1059 5 4 8
1071 1059 16 9 70
582 1061 2 4 7
225 1062 1 1 1
347 1062 1 1 1
467 1062 6 5 17
983 1063 1 2 2
1042 1063 1 1 1
1111 1063 1 2 2
1165 1063 1 2 2
500 1064 1 1 1
545 1065 7 7 25
558 1064 2 2 4
633 1065 1 1 1
717 1065 8 14 35
877 1064 1 1 1
885 1065 21 25 121
941 1065 1 2 2
1096 1065 2 3 6
1144 1065 1 1 1
1230 1065 2 2 2
203 1067 2 5 6
570 1067 1 2 2
592 1066 2 2 2
961 1067 1 3 3
1355 1066 4 4 6
375 1068 1 1 1
743 1068 1 1 1
1021 1069 1 1 1
1261 1068 4 4 6
1564 1069 1 2 2
145 1071 4 2 5
440 1071 2 2 3
746 1070 1 3 3
1310 1071 1 2 2
1541 1071 1 1 1
839 1072 14 14 58
1543 1073 1 1 1
1623 1073 2 2 4
500 1074 1 1 1
794 1074 7 4 14
1079 1074 3 2 4
1125 1074 1 1 1
1201 1075 1 1 1
1734 1075 1 3 3
275 1077 1 1 1
562 1076 3 2 4
1030 1077 1 1 1
1150 1076 1 1 1
1162 1077 18 12 61
1453 1077 3 2 4
517 1078 1 1 1
520 1079 4 6 18
614 1078 1 3 3
805 1078 1 1 1
958 1079 1 4 4
970 1079 1 4 4
1630 1079 1 1 1
489 1081 2 2 3
508 1080 1 1 1
1416 1081 1 1 1
346 1082 2 2 2
866 1083 4 3 6
1063 1082 2 4 6
1108 1082 2 5 7
1437 1082 1 1 1
1448 1082 1 1 1
1571 1082 1 1 1
328 1085 3 7 19
442 1085 1 1 1
688 1084 1 2 2
717 1085 1 3 3
742 1085 1 1 1
1046 1085 1 1 1
1078 1084 1 1 1
1613 1084 2 2 4
438 1087 3 1 3
555 1086 2 8 10
569 1086 8 7 18
1150 1086 1 1 1
1197 1086 3 4 8
168 1089 2 2 3
610 1089 2 2 4
653 1089 1 1 1
705 1089 1 1 1
734 1089 2 4 8
872 1089 5 5 12
923 1089 1 1 1
1048 1088 3 2 5
1060 1088 1 3 3
1374 1088 1 1 1
425 1090 1 1 1
581 1090 12 6 34
850 1091 1 1 1
996 1091 2 1 2
1025 1090 9 17 31
1116 1091 1 3 3
622 1093 1 1 1
1184 1093 2 2 4
1313 1092 3 2 4
1467 1092 1 2 2
1681 1092 1 2 2
321 1094 2 1 2
615 1095 1 4 4
709 1095 1 1 1
831 1095 1 1 1
1071 1095 3 6 9
1469 1094 1 2 2
1516 1094 1 1 1
212 1096 1 1 1
522 1098 2 1 2
626 1098 2 5 7
714 1098 1 1 1
771 1099 1 2 2
821 1098 1 1 1
1195 1099 1 1 1
528 1100 1 3 3
544 1101 10 7 26
598 1100 1 1 1
605 1101 1 2 2
913 1100 1 1 1
925 1100 1 2 2
935 1101 8 9 24
1055 1100 1 1 1
1121 1100 1 1 1
1215 1101 1 1 1
577 1103 1 2 2
727 1103 1 2 2
842 1102 2 2 2
978 1102 1 1 1
996 1102 1 2 2
1150 1103 1 1 1
1174 1102 1 1 1
1251 1103 1 1 1
484 1105 1 1 1
529 1104 9 6 15
794 1104 1 1 1
1008 1104 1 1 1
1053 1104 17 15 73
1137 1104 1 1 1
1166 1105 1 1 1
1478 1105 1 1 1
129 1107 1 1 1
450 1106 2 2 2
573 1106 1 1 1
866 1107 1 2 2
954 1106 1 1 1
961 1107 1 3 3
1158 1107 1 2 2
1733 1106 1 1 1
27 1108 2 2 2
181 1108 3 2 5
701 1109 11 10 23
870 1109 2 1 2
1012 1108 1 1 1
1077 1108 1 1 1
1185 1109 1 1 1
1207 1109 2 2 3
1396 1109 2 2 3
1548 1109 1 2 2
1700 1109 1 1 1
337 1110 1 1 1
566 1110 1 2 2
1196 1110 1 1 1
1458 1111 1 1 1
889 1113 1 2 2
1378 1112 2 1 2
826 1114 1 1 1
938 1115 1 1 1
118 1116 1 1 1
231 1117 1 1 1
347 1116 2 3 5
969 1117 5 6 10
995 1117 2 1 2
1028 1116 3 2 4
1156 1116 2 1 2
1426 1116 1 1 1
189 1118 13 3 15
838 1118 6 4 9
909 1118 2 5 8
950 1118 1 1 1
987 1118 8 11 30
1096 1119 1 3 3
134 1120 3 3 3
264 1121 1 1 1
383 1121 1 1 1
505 1120 15 17 52
657 1120 1 1 1
868 1120 1 1 1
979 1120 1 1 1
1036 1120 1 1 1
1746 1121 2 3 4
538 1122 2 2 4
570 1123 8 3 17
587 1122 1 1 1
848 1123 2 1 2
1046 1123 2 7 14
1662 1123 2 2 2
285 1125 1 1 1
295 1125 1 1 1
384 1124 2 4 5
413 1124 1 1 1
475 1125 2 1 2
693 1124 1 1 1
756 1124 2 2 3
935 1124 1 1 1
1022 1125 1 1 1
1070 1124 10 13 35
1099 1125 1 1 1
1114 1124 2 2 2
1202 1125 1 1 1
5 1127 1 1 1
333 1126 1 1 1
373 1127 1 1 1
558 1126 1 3 3
648 1126 1 1 1
780 1127 1 1 1
782 1126 3 1 3
963 1126 1 3 3
1172 1126 1 1 1
303 1128 1 1 1
418 1128 2 2 4
478 1128 3 3 8
627 1128 6 5 15
703 1129 2 2 3
866 1129 1 1 1
897 1128 1 2 2
945 1129 1 1 1
1128 1128 1 1 1
1213 1128 1 4 4
1703 1128 7 5 12
269 1131 1 1 1
642 1130 1 1 1
777 1131 1 1 1
881 1130 1 1 1
974 1130 1 1 1
1019 1130 15 20 75
1294 1131 1 1 1
1418 1131 1 3 3
173 1133 2 1 2
536 1132 1 2 2
694 1133 8 19 39
749 1133 3 3 7
849 1133 3 3 8
856 1132 1 1 1
957 1132 1 2 2
1048 1132 2 1 2
1332 1133 1 1 1
1797 1132 2 2 4
421 1135 4 3 9
560 1135 5 3 7
621 1134 1 2 2
652 1134 1 1 1
924 1134 2 2 3
956 1135 1 1 1
1003 1134 14 7 34
1169 1134 1 1 1
798 1136 1 1 1
863 1137 1 1 1
1180 1137 1 1 1
1823 1137 2 2 2
376 1138 1 1 1
616 1138 1 2 2
1186 1139 7 1 7
254 1141 3 2 4
559 1141 15 14 76
1329 1141 1 1 1
1331 1140 1 1 1
1764 1141 2 2 2
321 1142 1 5 5
445 1143 4 3 9
666 1142 1 1 1
864 1142 2 8 10
953 1142 1 3 3
1055 1143 13 15 46
1158 1142 1 1 1
1168 1142 1 1 1
1279 1142 1 1 1
536 1145 6 3 14
972 1145 3 3 6
1134 1145 1 1 1
1212 1144 3 3 6
1228 1145 1 2 2
1379 1145 1 1 1
728 1146 1 1 1
736 1147 1 2 2
878 1146 1 2 2
1090 1147 10 4 13
1468 1146 1 1 1
289 1149 1 1 1
507 1148 1 2 2
602 1149 1 2 2
760 1149 1 2 2
802 1148 1 1 1
885 1149 1 1 1
1746 1149 1 1 1
1806 1148 1 1 1
36 1150 1 1 1
459 1150 3 3 5
493 1150 1 2 2
1006 1150 1 1 1
1030 1151 6 6 19
1748 1151 1 1 1
210 1153 2 1 2
227 1152 1 1 1
899 1152 1 3 3
1132 1152 1 1 1
1173 1153 1 1 1
1598 1152 2 1 2
256 1155 5 3 11
341 1155 4 4 11
887 1154 1 2 2
938 1154 1 1 1
962 1155 1 5 5
1373 1155 1 1 1
1433 1154 4 1 4
188 1156 2 2 2
274 1157 3 9 13
491 1156 1 1 1
536 1156 15 13 89
676 1157 4 12 17
894 1156 2 8 16
1018 1157 1 2 2
1293 1157 1 1 1
597 1158 1 3 3
720 1158 1 1 1
733 1159 1 1 1
848 1159 2 2 2
933 1158 1 1 1
996 1159 1 1 1
1106 1159 1 3 3
1124 1159 10 4 16
1207 1159 3 1 3
1254 1158 1 1 1
867 1160 8 11 25
927 1160 4 7 11
1080 1160 1 1 1
1095 1161 1 1 1
1239 1161 1 1 1
493 1163 1 2 2
512 1163 4 4 5
1000 1163 8 21 44
1017 1163 1 1 1
1039 1163 1 1 1
1173 1162 3 4 8
1186 1163 1 1 1
305 1165 2 1 2
774 1165 1 1 1
917 1164 3 12 16
1076 1164 1 1 1
263 1166 1 1 1
428 1166 12 3 14
612 1166 5 6 10
946 1166 2 1 2
987 1166 1 1 1
1053 1166 10 8 18
1147 1166 1 1 1
1251 1166 1 1 1
1591 1167 5 4 12
25 1169 10 5 24
256 1168 1 1 1
551 1169 3 11 22
629 1169 1 1 1
1036 1169 3 7 11
1199 1169 1 1 1
496 1171 1 1 1
601 1171 3 5 10
900 1171 1 3 3
1179 1171 1 1 1
1208 1171 1 1 1
1613 1170 10 11 45
241 1172 2 2 3
526 1172 2 3 5
625 1172 1 1 1
686 1173 1 1 1
729 1173 1 1 1
794 1172 1 2 2
884 1173 1 1 1
1160 1172 1 2 2
1185 1173 1 2 2
1244 1172 1 1 1
1347 1173 1 1 1
1510 1172 1 1 1
1633 1173 1 1 1
208 1174 2 3 4
398 1175 3 3 4
413 1175 4 2 5
655 1174 1 1 1
758 1175 4 5 10
827 1174 1 1 1
1233 1175 2 1 2
1275 1175 1 2 2
1288 1175 1 1 1
1299 1175 2 3 3
635 1176 11 2 13
706 1177 1 4 4
989 1179 2 2 2
1107 1179 2 1 2
1135 1178 1 1 1
1167 1178 1 1 1
1212 1179 7 4 11
1495 1178 3 3 4
94 1181 1 1 1
178 1180 2 1 2
563 1181 1 3 3
574 1181 3 2 5
668 1180 1 1 1
789 1181 4 7 26
1371 1181 1 1 1
1783 1181 1 1 1
594 1183 12 15 54
952 1183 1 1 1
1015 1183 3 2 4
1047 1183 9 10 29
1197 1182 1 1 1
1660 1182 2 2 3
186 1184 1 1 1
294 1185 15 12 51
666 1184 1 1 1
861 1184 1 2 2
907 1184 19 8 39
934 1185 5 5 18
1250 1184 1 1 1
1255 1185 2 1 2
1456 1184 4 3 6
79 1186 6 4 16
158 1186 1 1 1
215 1186 1 1 1
348 1186 7 17 38
540 1186 9 18 46
735 1186 1 1 1
965 1187 1 4 4
1079 1186 1 2 2
1131 1187 2 1 2
1485 1187 1 1 1
1748 1187 1 2 2
1779 1186 1 1 1
155 1188 2 2 2
678 1188 1 1 1
695 1188 4 5 20
851 1189 8 4 11
1230 1189 1 1 1
1652 1188 4 1 4
488 1191 3 10 12
531 1190 1 1 1
831 1191 1 1 1
971 1190 12 18 74
1101 1190 1 1 1
1152 1191 1 1 1
391 1192 2 2 3
570 1193 3 7 12
583 1192 2 2 3
613 1193 1 1 1
868 1193 1 1 1
1041 1192 1 3 3
1098 1193 1 2 2
1164 1192 2 19 21
1199 1192 1 1 1
1829 1192 1 1 1
421 1194 3 3 7
467 1195 5 5 15
514 1195 10 7 28
616 1194 2 12 21
680 1194 9 3 23
877 1195 1 1 1
888 1194 4 3 6
946 1195 4 9 12
1443 1194 4 2 5
1677 1194 12 13 24
1820 1194 2 1 2
641 1197 1 2 2
703 1196 12 9 24
751 1196 1 1 1
995 1196 1 2 2
1005 1196 4 11 13
1075 1196 1 1 1
1128 1196 1 1 1
1288 1197 2 1 2
1298 1196 2 1 2
1450 1196 1 1 1
129 1199 1 2 2
632 1199 2 1 2
1031 1198 1 1 1
1112 1198 1 1 1
1301 1198 1 2 2
1314 1199 4 5 11
1522 1198 1 1 1
16 1200 1 1 1
285 1200 1 1 1
375 1200 6 11 31
530 1201 1 1 1
1197 1201 2 2 3
1211 1200 1 1 1
1255 1200 1 1 1
1744 1201 3 5 9
762 1202 1 1 1
925 1202 3 7 12
1218 1202 1 1 1
356 1204 4 3 8
541 1204 1 1 1
574 1204 1 1 1
655 1204 4 2 5
683 1205 1 1 1
742 1204 1 1 1
902 1205 1 1 1
1052 1204 18 24 94
87 1206 6 4 12
538 1206 1 1 1
546 1207 10 15 55
607 1207 1 1 1
938 1206 1 2 2
1141 1207 4 3 4
1750 1207 6 6 16
1821 1206 6 6 20
202 1208 1 1 1
512 1208 1 2 2
569 1209 1 1 1
582 1209 1 1 1
604 1208 2 2 3
812 1209 1 1 1
856 1208 1 1 1
908 1208 7 5 11
1262 1208 2 2 4
1728 1209 4 2 4
413 1210 8 7 21
565 1211 1 3 3
893 1210 3 3 7
1447 1210 1 1 1
145 1212 6 5 14
325 1213 1 1 1
587 1212 7 7 31
636 1212 1 2 2
918 1213 2 5 10
1078 1213 1 1 1
1196 1212 1 1 1
1416 1213 1 1 1
1507 1212 12 16 88
616 1215 1 2 2
1168 1214 1 1 1
209 1216 1 5 5
459 1216 2 2 4
680 1216 1 1 1
863 1217 1 1 1
929 1217 10 6 19
1039 1217 1 1 1
1113 1217 9 1 9
1647 1216 1 2 2
82 1218 1 1 1
444 1218 1 1 1
806 1219 1 1 1
951 1219 1 1 1
963 1218 2 2 3
1156 1218 1 1 1
1255 1219 1 1 1
1266 1219 1 1 1
1312 1219 2 3 4
1454 1219 1 1 1
707 1221 1 1 1
988 1220 10 2 11
1032 1220 1 2 2
1496 1220 2 2 3
513 1223 3 5 11
584 1222 1 6 6
613 1223 12 5 28
786 1223 1 5 5
1016 1222 1 1 1
1205 1222 1 1 1
1422 1223 3 5 14
252 1224 1 4 4
553 1224 1 4 4
600 1225 1 3 3
873 1224 1 4 4
922 1224 1 4 4
1251 1225 1 3 3
1329 1224 1 4 4
77 1226 2 2 4
645 1227 1 1 1
686 1226 2 2 4
710 1227 1 1 1
805 1226 1 2 2
1133 1227 1 1 1
1466 1226 2 2 4
1604 1226 3 2 4
