0 0 1840 1228 1973162
0 0 24 190 924
46 0 112 288 7500
153 0 1 1 1
179 0 27 47 311
223 0 1367 194 117871
1112 0 6 13 66
1420 0 11 7 58
1593 0 46 214 2852
1635 0 31 204 1501
1676 0 114 179 7371
1759 0 1 4 4
1807 0 33 119 1160
1573 36 13 193 1089
178 44 5 23 81
1369 57 10 11 81
181 95 6 116 225
1376 99 5 7 29
48 114 1 2 2
1602 114 1 1 1
49 124 1 1 1
51 125 1 1 1
200 127 1 7 7
893 129 2 2 3
193 144 8 175 337
253 146 80 152 3086
912 146 3 6 15
1816 146 24 258 2079
416 158 79 134 4238
789 158 5 8 29
1788 159 1 1 1
571 171 75 77 2259
1526 172 42 134 2070
1071 176 8 16 93
1098 176 18 28 409
1785 176 6 103 198
855 178 78 122 6700
799 181 6 10 36
1296 181 8 28 130
715 182 29 40 737
1359 182 4 5 16
456 184 1 1 1
1153 185 5 7 29
457 186 7 3 9
752 187 36 59 1191
1709 190 41 228 2240
846 195 2 3 4
1451 194 9 14 83
1277 198 5 7 29
1715 198 4 9 29
1132 203 5 7 26
982 205 1 1 1
1092 205 4 7 23
1661 204 3 27 38
997 209 6 40 225
1027 211 6 45 237
1174 212 7 10 54
1686 213 24 217 1307
1043 215 4 44 159
1317 215 20 27 316
1427 214 57 130 3007
1593 214 22 11 36
1251 216 8 5 33
1105 221 62 63 1233
744 223 10 4 13
1281 223 4 6 18
1363 222 15 22 254
1226 227 53 83 1597
1411 229 8 10 63
1620 233 15 211 1436
1073 235 4 5 16
180 238 1 11 11
1094 242 5 7 28
1175 244 6 9 40
1343 244 4 7 26
1321 249 8 19 55
984 256 3 5 14
1386 256 5 6 23
179 259 6 11 26
1103 259 1 2 2
996 260 4 6 15
1577 261 25 192 1385
1222 262 1 1 1
1351 262 4 6 20
1289 271 5 16 47
1377 270 9 12 89
1663 270 12 13 116
682 277 5 1 5
1357 282 5 7 25
1320 287 1 1 1
1129 288 9 12 88
1189 290 4 6 20
0 292 12 8 35
1790 293 4 74 98
50 298 98 122 691
957 307 14 16 172
1724 306 2 1 2
1127 309 4 6 21
1341 316 4 5 13
1480 316 34 32 502
11 322 1 11 11
1357 325 5 5 19
875 328 5 9 38
1332 330 3 4 11
1232 334 10 19 99
988 336 5 3 6
1004 336 1 1 1
1058 336 5 9 34
1015 338 3 5 6
977 340 8 3 15
1186 341 7 11 59
1660 341 18 18 211
1025 345 2 1 2
1131 348 22 26 217
10 355 1 12 12
1361 355 4 4 13
976 356 4 8 28
960 358 1 1 1
1033 358 3 1 3
1614 359 1 3 3
997 363 1 1 1
106 364 1 1 1
1020 365 2 8 9
1041 365 1 1 1
970 367 2 7 11
959 369 1 1 1
1233 368 8 12 82
955 370 1 1 1
984 370 1 1 1
1377 370 20 14 225
1425 371 33 43 1002
1050 372 2 1 2
1794 373 1 11 11
992 374 6 10 47
954 377 1 1 1
1025 376 10 21 78
1046 377 1 1 1
1074 377 6 9 42
974 380 1 1 1
1161 381 5 7 26
127 382 2 54 57
1359 382 4 5 18
1518 383 23 22 349
1716 382 2 9 10
1274 386 4 4 11
1315 388 20 18 256
0 391 8 5 23
968 391 2 1 2
146 400 2 23 26
925 401 1 1 1
1371 401 4 5 17
0 403 9 88 162
985 403 1 1 1
991 402 1 1 1
1006 403 9 14 92
1211 402 4 6 18
1072 404 1 1 1
995 406 1 5 5
1717 409 1 3 3
1122 410 5 7 29
1782 411 11 3 12
1774 415 1 1 1
1779 414 1 1 1
105 417 1 10 10
1754 417 13 3 15
731 418 6 34 160
748 419 37 42 364
1198 420 4 5 17
46 423 23 84 159
1260 423 14 19 221
1710 425 21 5 27
1732 424 2 1 2
1006 430 2 1 2
1026 430 1 1 1
1044 437 9 11 69
144 441 2 8 9
1223 441 8 9 57
1371 440 4 4 14
1071 443 9 7 42
1029 445 1 1 1
1096 445 4 6 20
1120 444 8 9 57
1328 447 4 4 12
1023 449 1 1 1
1465 449 21 18 275
1269 451 23 23 212
1216 452 5 6 24
1042 454 3 4 11
1830 455 10 237 1153
1004 456 1 1 1
69 459 1 8 8
860 458 4 5 17
944 462 2 2 3
1794 462 12 227 759
1049 464 1 2 2
1306 464 8 10 67
144 468 2 4 4
929 468 1 1 1
1142 468 4 5 15
1229 469 12 31 184
1008 471 2 2 2
1029 470 1 2 2
1115 471 4 6 18
947 472 1 3 3
1444 473 8 8 51
1053 475 1 1 1
1326 474 4 5 17
1405 474 25 14 228
1698 475 10 124 750
948 476 1 1 1
982 476 1 1 1
1082 477 2 4 4
920 479 1 1 1
983 478 1 1 1
1183 479 13 15 147
932 481 1 1 1
1030 482 3 3 8
1607 482 31 94 685
933 485 1 1 1
1078 484 3 6 9
1125 485 6 8 41
1366 485 8 9 51
959 486 2 1 2
1048 486 4 2 8
144 488 1 2 2
958 493 1 1 1
1054 492 1 1 1
1263 492 9 11 83
587 495 18 52 222
952 494 1 6 6
1592 495 6 79 285
937 497 1 10 10
1441 496 4 4 13
1748 496 2 40 40
963 498 2 2 2
1043 498 5 3 9
1073 503 2 2 2
1460 503 26 37 761
988 504 29 44 476
1034 504 5 6 22
1024 507 1 1 1
1298 506 4 3 9
957 509 1 1 1
1091 508 4 6 17
730 510 4 5 18
1168 514 5 6 26
1073 516 4 4 13
1242 516 4 5 15
135 523 9 3 17
1068 522 4 6 17
1157 525 6 17 71
1280 524 15 19 180
1330 524 4 4 16
863 527 19 30 358
986 526 1 1 1
1042 529 4 6 19
1750 540 1 18 18
634 542 3 5 14
964 542 7 9 48
1572 547 3 5 10
1130 551 5 3 8
1317 556 3 4 12
1009 558 1 1 1
1196 559 10 23 136
1524 565 14 19 143
1026 567 1 1 1
1108 567 4 5 18
1008 569 11 15 135
1245 568 4 6 19
1772 569 11 13 120
944 572 2 1 2
1039 575 4 7 25
1063 574 1 1 1
1144 575 4 6 18
1323 575 25 32 620
927 577 9 6 27
1081 579 1 1 1
1264 578 3 4 10
1087 580 30 20 213
1054 583 1 1 1
1281 582 15 17 212
1751 583 1 1 1
893 584 33 20 200
1205 586 10 5 42
1540 586 26 32 613
1634 589 25 94 516
1440 591 9 10 70
1595 591 1 5 5
1118 592 12 7 15
1596 598 5 74 197
1752 599 1 8 8
997 601 1 1 1
1010 601 1 1 1
882 603 167 383 26535
1130 603 1 1 1
1173 603 7 8 46
1303 608 18 20 304
947 613 3 1 3
978 612 1 1 1
1072 613 8 9 43
1093 616 14 12 134
1238 616 10 15 125
844 618 18 27 390
1037 618 4 6 20
1148 622 9 7 50
1443 622 28 29 545
929 626 1 1 1
922 630 2 1 2
1214 630 5 7 30
43 633 11 54 118
1032 639 1 1 1
1348 642 10 9 55
1398 642 9 10 76
1301 647 5 7 29
1113 648 1 4 4
1079 655 17 16 138
1109 655 8 32 61
1322 656 8 15 109
1373 659 6 6 28
1406 663 9 6 46
1485 663 11 13 114
1051 669 1 1 1
1290 672 6 6 30
1315 672 3 4 11
1183 674 22 12 189
1706 675 1 1 1
1330 677 4 4 13
1117 691 1 5 5
1292 690 4 3 11
1597 693 20 2 23
1735 693 12 5 39
1765 693 34 11 247
1627 694 4 1 4
1643 694 30 3 48
1118 698 2 9 10
1287 701 5 5 23
1347 701 4 5 14
1833 701 7 2 11
1193 704 3 4 12
1808 705 20 19 257
1045 707 2 3 3
1158 714 2 5 6
1211 721 15 18 209
1090 723 6 8 42
1053 729 4 3 6
1287 729 7 13 48
863 730 3 5 14
1343 731 8 10 64
1419 732 7 8 45
1565 735 23 23 431
955 739 1 1 1
1372 739 4 4 16
1054 743 2 4 4
1092 748 3 5 15
1297 749 13 13 136
1599 748 28 38 540
1046 753 4 3 8
1131 753 4 6 22
1096 754 5 7 29
1424 755 67 28 692
1291 771 3 3 9
1285 774 4 3 10
1352 775 4 4 16
1182 778 9 12 97
1328 782 4 4 12
1263 785 4 5 15
869 787 1 2 2
1213 786 4 6 23
1386 787 15 10 83
1101 796 6 8 41
1223 797 4 4 15
1364 797 4 5 16
1201 799 3 4 11
1784 799 3 2 6
1322 800 17 8 59
1563 804 10 9 73
1297 810 4 5 15
846 812 3 5 15
1560 824 21 20 332
1230 826 5 4 15
1206 833 4 4 12
1312 833 4 4 12
1641 833 11 11 99
1358 835 3 4 12
1241 838 15 15 142
1472 840 48 25 718
1102 845 47 25 572
874 848 5 4 13
1746 850 15 10 116
791 853 16 7 82
1056 852 3 5 14
1170 854 1 1 1
1174 857 5 7 31
960 860 1 1 1
1702 865 36 34 775
905 870 5 7 31
1069 871 12 15 132
766 876 15 9 38
914 877 7 9 54
1047 878 4 8 19
1089 879 3 5 12
1834 880 1 1 1
1027 884 1 1 1
1042 888 3 14 26
1235 888 5 7 29
905 891 1 1 1
951 892 1 2 2
1030 892 1 1 1
1082 892 5 7 33
1100 892 4 5 17
1015 897 5 3 7
1201 898 5 6 20
1348 900 4 5 19
1028 902 1 1 1
1184 904 4 5 15
765 915 6 7 36
1068 914 7 9 49
1044 917 1 1 1
1385 917 4 5 17
999 919 7 13 30
1168 922 5 6 21
1683 925 12 10 88
1129 927 1 1 1
1131 929 1 1 1
1345 929 5 5 19
1525 928 10 10 79
828 931 5 7 24
1002 930 36 39 557
1258 930 14 16 177
1387 932 12 12 114
1075 937 1 1 1
1181 936 25 47 398
1419 948 6 6 28
1117 953 5 5 21
826 957 4 6 18
927 958 6 11 50
1091 974 11 11 46
701 976 612 189 49136
1060 983 5 7 30
1232 983 10 12 98
1400 983 5 5 15
1257 988 4 4 13
925 991 4 5 13
1124 990 4 6 20
1048 995 3 5 11
1340 994 6 13 43
1469 997 7 8 44
1831 996 2 1 2
974 1002 5 7 29
1024 1003 3 6 15
1277 1004 13 16 171
1494 1006 4 2 6
1512 1007 10 6 45
621 1009 10 11 88
1255 1009 3 2 4
65 1011 2 1 2
1108 1010 3 4 11
862 1013 6 9 46
1390 1016 11 13 102
1318 1032 4 13 22
136 1036 3 2 5
1017 1043 4 6 17
180 1046 1 1 1
711 1046 1 2 2
1517 1048 1 1 1
66 1051 4 2 7
969 1060 2 4 8
1060 1061 3 5 14
1460 1063 6 2 10
146 1065 3 2 4
109 1069 3 2 4
990 1069 3 5 15
1022 1073 2 1 2
1508 1078 11 11 90
1413 1081 3 3 9
1459 1081 18 17 222
1344 1091 2 1 2
1334 1094 6 6 30
1495 1097 9 10 78
1350 1102 1 1 1
1313 1106 4 6 18
1537 1113 1 1 1
674 1114 5 6 23
1255 1123 9 10 66
1148 1125 5 7 29
1321 1125 1 1 1
1318 1127 9 21 117
1395 1127 1 1 1
1782 1128 2 1 2
1148 1138 22 13 140
223 1142 2 1 2
655 1143 18 4 35
1282 1142 5 5 17
1539 1143 1 2 2
1379 1148 1 1 1
1423 1149 7 8 40
1469 1149 3 2 5
991 1153 1 1 1
990 1155 1 2 2
1451 1155 2 1 2
1640 1158 11 11 91
647 1163 3 2 3
1170 1162 7 4 20
544 1165 8 9 47
1494 1166 4 3 6
1231 1170 5 9 26
1423 1171 7 7 37
875 1172 2 1 2
1405 1175 9 11 74
667 1177 3 2 4
1271 1177 1 1 1
79 1179 4 2 6
1236 1180 4 5 13
1221 1182 4 6 19
1159 1185 4 5 15
678 1186 2 2 3
1138 1186 5 2 7
1417 1186 2 2 3
1366 1191 3 1 3
920 1195 4 2 6
931 1194 1 1 1
32 1197 1 1 1
1113 1196 4 4 12
1416 1197 4 2 5
948 1199 2 2 4
1247 1199 4 2 7
1656 1199 7 3 9
1064 1202 1 1 1
1129 1202 7 6 16
1171 1203 1 1 1
1539 1205 3 2 5
1108 1207 3 4 11
1540 1210 20 18 224
552 1212 2 1 2
11 1215 6 3 11
767 1216 6 4 13
889 1217 2 4 6
300 1218 2 2 3
1164 1219 3 1 3
1184 1219 3 3 6
1304 1218 6 4 18
167 1220 2 1 2
695 1220 1 1 1
1063 1220 3 2 5
1214 1221 18 7 43
1255 1221 5 7 27
991 1223 2 5 10
1357 1224 1 4 4
1384 1225 2 3 6
1173 1226 3 2 6
1398 1227 1 1 1
1485 1226 7 2 13
1580 1226 5 2 9
