0 0 1840 1228 2152177
119 0 7 12 24
688 0 12 11 83
710 0 155 76 4239
882 0 9 28 182
943 0 27 36 573
1069 0 7 7 34
1151 0 1 1 1
1132 0 58 71 1207
1196 0 58 140 2340
1268 0 8 10 60
1311 0 14 17 162
1345 0 9 9 63
1413 0 7 10 38
1482 0 31 49 1081
1597 0 28 35 571
1744 5 16 17 184
718 8 3 3 5
126 13 1 1 1
978 18 21 57 714
429 20 12 27 239
1362 20 2 2 3
636 23 23 21 320
1105 22 5 8 23
1647 27 32 40 739
690 31 10 18 143
1047 32 5 7 27
57 35 97 21 1092
161 36 22 6 103
1055 37 20 46 502
1248 39 9 17 100
1396 39 1 1 1
1276 40 4 4 11
1594 43 23 38 427
1752 42 9 7 31
1375 44 6 9 34
663 47 15 33 276
946 49 3 5 12
1799 53 1 1 1
1104 71 11 21 118
1497 74 14 16 148
419 76 11 21 172
1452 78 36 65 1185
822 81 19 17 184
1010 81 16 22 191
779 84 12 19 167
948 85 15 42 422
742 87 6 15 71
990 92 4 7 17
1727 98 32 46 793
1033 102 21 34 306
1133 103 2 2 4
1402 102 5 5 14
1778 102 2 2 3
1777 106 1 1 1
891 109 6 9 42
1335 110 18 20 235
1379 110 13 4 35
1248 112 13 24 218
669 115 8 18 107
843 122 7 6 28
1151 125 3 5 11
883 126 4 4 8
1396 129 4 5 15
954 133 10 21 158
1263 137 5 7 17
769 144 10 13 65
993 147 24 51 710
923 150 15 28 245
1331 150 3 4 9
655 152 7 10 56
697 153 8 12 74
1087 152 4 9 23
1389 153 2 3 6
1322 161 7 10 36
806 163 9 16 95
876 162 25 27 222
853 164 5 8 36
1104 165 5 8 25
1124 164 19 40 240
1283 167 6 14 39
471 168 14 21 203
774 168 2 1 2
1401 168 7 6 22
956 171 5 8 34
1031 171 1 2 2
1025 171 26 44 523
1065 173 12 26 200
558 174 2 2 3
783 175 6 11 57
1088 184 5 9 23
1259 185 11 19 140
1416 184 10 7 52
776 187 6 12 57
1175 191 4 6 12
869 193 7 13 60
1304 193 1 1 1
1176 195 35 90 931
747 196 7 27 98
722 200 4 8 22
838 200 9 18 129
1251 206 8 9 57
1301 206 2 2 4
1333 207 1 1 1
656 214 7 11 60
911 218 5 6 22
1648 218 1 1 1
674 221 5 6 24
1274 221 4 3 7
1315 224 9 19 62
1712 225 24 32 418
933 229 2 1 2
1287 229 3 3 4
1816 233 24 102 1432
1004 235 4 7 21
985 239 1 1 1
1238 238 3 3 8
1485 241 18 25 271
1100 243 4 5 12
580 244 8 14 91
1363 244 1 2 2
920 246 10 25 163
1082 246 3 4 11
599 248 7 12 68
689 248 7 12 62
798 249 5 7 23
644 251 7 15 89
1118 251 5 8 26
1061 252 3 4 9
1001 255 6 11 53
1033 254 9 13 77
1318 254 1 2 2
1324 254 35 70 1108
613 259 13 28 180
1278 261 2 2 3
1422 263 16 22 227
577 265 3 3 6
1068 265 8 14 81
1631 265 1 2 2
1464 267 66 120 1464
762 269 3 4 8
883 271 5 5 17
912 272 3 6 18
651 279 6 9 43
805 278 6 15 69
1279 278 4 2 6
760 280 21 31 298
1307 281 3 4 6
1259 284 4 6 13
694 288 7 11 60
729 288 5 7 24
716 295 20 28 242
863 294 7 16 81
907 294 17 21 225
552 296 8 12 79
1029 296 11 2 21
654 299 7 9 41
681 300 5 7 24
973 303 15 40 258
1150 303 4 9 30
838 305 10 27 138
1134 304 4 4 14
935 306 1 1 1
1077 306 3 5 10
588 309 7 10 55
1005 308 6 9 36
614 313 5 7 29
926 315 6 10 41
1126 314 4 14 24
1214 314 11 7 36
1261 314 2 2 3
1186 319 10 17 117
823 321 5 8 30
907 324 15 22 148
1021 327 4 5 12
1361 326 30 50 674
1618 331 9 8 47
1273 332 7 18 39
964 335 140 138 5863
769 336 5 7 24
832 338 5 7 30
1057 338 3 2 4
1152 339 6 8 34
1422 339 16 20 206
723 349 8 13 76
881 348 24 45 426
662 352 6 10 49
701 354 4 7 23
1622 354 9 7 45
853 357 10 18 132
1178 357 5 6 14
1261 358 3 2 3
924 360 7 12 66
1318 360 4 7 18
1802 361 38 39 996
1217 362 4 5 12
758 365 6 12 54
973 365 1 1 1
1083 365 1 1 1
531 367 7 13 77
953 367 1 1 1
965 375 1 2 2
1716 374 40 49 1001
710 377 9 15 96
894 379 21 24 186
1260 378 27 34 530
1202 380 2 2 3
1156 383 6 5 19
541 384 8 10 61
606 384 6 11 54
1339 385 1 1 1
769 386 12 14 95
955 386 19 19 65
724 389 2 2 3
1115 389 1 1 1
1192 388 2 3 5
653 391 23 16 246
1230 392 1 2 2
1832 392 8 27 129
864 395 8 15 88
1332 394 5 7 21
729 398 16 33 125
881 401 1 1 1
1571 402 7 7 34
695 404 5 8 30
780 405 1 1 1
925 405 8 17 110
1237 404 2 2 3
751 406 10 13 83
1122 407 5 7 23
1360 407 3 4 8
950 409 3 2 4
635 413 5 7 25
1175 412 2 3 6
598 415 4 6 22
1199 414 4 4 9
822 417 6 9 31
951 421 2 2 4
778 422 7 30 144
1237 425 2 3 4
589 427 6 7 36
964 427 8 7 16
683 430 2 4 6
1009 430 2 2 2
1534 430 5 4 16
1746 431 24 23 371
997 433 8 12 61
1282 435 25 38 570
960 440 1 1 1
309 442 15 9 43
809 443 33 28 372
698 444 1 1 1
950 447 3 11 23
904 449 4 6 20
1205 450 1 1 1
972 452 1 1 1
964 454 24 46 572
593 457 11 16 62
721 457 9 11 66
698 460 4 6 20
1617 460 27 30 441
865 462 3 5 12
1161 464 13 19 145
900 467 15 22 197
759 469 6 9 44
1042 468 14 16 52
1108 468 12 24 158
733 471 13 17 108
1220 470 29 51 822
933 472 2 1 2
686 476 4 3 11
754 480 5 8 29
1191 481 3 3 6
1412 481 16 21 198
1720 481 42 29 855
679 482 5 14 63
919 482 12 20 183
787 484 8 18 107
1145 484 12 17 149
1275 484 13 6 36
625 486 4 2 6
553 489 7 7 32
704 489 10 7 53
818 492 5 3 7
1005 493 8 7 48
1795 492 14 13 88
770 495 6 8 35
833 496 4 7 22
1025 501 3 2 5
548 503 7 7 39
1119 502 2 1 2
1064 504 11 25 171
1199 504 2 1 2
587 506 5 3 8
897 506 22 29 327
1190 506 2 2 4
738 508 1 1 1
1020 509 1 1 1
1474 508 15 20 169
794 511 4 7 21
1012 510 2 1 2
1163 510 2 5 7
1044 512 2 4 6
660 515 5 7 25
683 518 2 3 5
699 519 1 1 1
1089 518 13 46 188
1178 518 15 13 100
1261 521 2 3 5
782 525 4 7 25
1019 524 2 2 3
928 528 4 4 7
912 528 92 95 2932
1051 531 2 4 8
1371 530 11 14 106
724 532 3 3 8
734 532 11 15 104
817 532 6 6 26
778 534 4 4 9
1154 535 13 17 145
990 537 2 2 4
1039 537 4 17 28
1059 539 7 6 31
1636 538 34 46 735
1118 540 2 2 3
565 542 5 7 16
1000 542 2 3 5
1212 543 1 2 2
663 544 4 7 24
892 545 3 7 20
1549 545 1 1 1
582 548 5 4 19
721 548 5 10 26
846 548 2 3 4
1080 550 1 2 2
1197 551 20 18 185
655 553 6 10 46
701 552 8 23 88
765 552 3 9 24
905 553 2 1 2
1274 553 7 9 34
902 556 2 7 13
1234 557 1 2 2
1029 559 4 5 17
1046 559 35 31 497
1162 562 13 19 176
876 565 7 9 53
1152 564 2 4 7
899 571 1 1 1
1146 573 1 1 1
290 574 1 1 1
804 574 7 10 51
627 577 3 2 3
743 577 4 7 22
771 576 7 10 48
863 578 3 2 4
1426 578 1 1 1
1157 581 1 1 1
1021 582 2 2 3
698 584 3 4 11
1006 585 1 1 1
1086 584 5 5 17
1248 584 2 3 6
831 586 4 5 16
903 587 2 3 5
1007 587 1 1 1
1150 588 2 2 3
1222 589 2 3 4
1358 590 1 1 1
555 593 4 4 14
668 595 2 4 7
692 595 1 1 1
802 594 6 11 41
843 594 4 6 20
1028 594 3 4 10
671 599 6 9 45
741 598 2 3 5
1233 599 1 2 2
713 600 2 3 5
775 600 3 5 7
821 601 4 8 22
1038 600 11 22 146
1720 604 15 11 102
938 607 2 5 9
697 609 3 4 9
1183 609 3 4 9
897 611 6 10 42
1095 613 1 1 1
1055 615 36 51 701
1284 614 13 18 135
619 616 2 2 3
993 616 21 27 271
1140 616 2 3 4
1695 617 20 40 577
1828 616 12 21 192
756 618 4 7 21
1519 619 1 1 1
1343 620 15 20 165
720 625 2 2 3
777 625 2 2 4
815 624 2 3 6
738 628 6 19 70
857 628 4 6 17
934 629 10 28 150
1135 629 1 1 1
876 631 13 30 195
1129 630 1 2 2
1207 630 15 24 222
1142 632 1 1 1
124 635 3 4 4
1109 634 4 6 17
960 636 3 5 12
695 639 3 4 10
1023 638 2 2 3
904 641 11 3 22
575 642 5 7 33
616 642 4 7 23
686 643 4 5 18
757 643 4 5 12
1378 642 9 10 58
642 645 1 1 1
715 644 3 5 10
1187 644 7 8 42
1757 644 10 6 24
446 651 2 2 2
990 650 4 6 17
1306 651 13 15 126
1537 651 22 24 361
800 652 3 6 11
967 652 6 7 32
1163 652 14 20 173
649 654 5 6 24
1039 654 2 2 3
1473 655 2 2 3
760 656 7 20 85
858 658 7 12 63
721 660 3 5 12
946 660 6 5 13
1113 660 1 2 2
897 663 1 1 1
1114 663 12 15 106
1282 662 15 14 137
1330 662 1 1 1
1641 663 38 24 524
1008 665 3 6 13
1183 665 1 2 2
982 668 1 3 3
810 672 13 5 23
893 673 3 5 13
957 672 2 3 6
483 677 2 1 2
663 677 1 1 1
972 677 1 1 1
1003 677 3 5 9
665 678 1 2 2
1384 678 12 27 200
1530 678 2 2 4
737 680 5 6 23
868 680 1 5 5
1081 680 3 3 7
680 682 3 3 6
1064 685 1 1 1
1115 685 1 3 3
1534 684 1 1 1
1095 686 1 1 1
1173 686 8 14 49
424 689 3 2 5
655 689 1 1 1
774 689 1 1 1
779 691 1 2 2
876 690 13 26 215
956 691 13 29 156
988 690 32 42 443
385 693 2 2 2
631 693 4 16 36
742 692 3 3 8
791 693 1 2 2
833 693 2 2 3
852 693 4 8 23
1077 695 1 1 1
674 699 5 6 26
732 699 1 1 1
735 698 1 1 1
1239 698 1 1 1
586 701 3 4 10
1356 700 22 35 262
1528 701 1 2 2
605 702 6 6 23
817 703 2 3 3
1351 703 1 1 1
755 705 3 9 17
976 704 2 2 3
449 707 1 1 1
1105 707 27 33 311
1081 708 2 4 7
1152 708 26 62 475
1063 710 11 19 130
1143 711 1 1 1
698 713 3 3 8
785 713 4 4 12
426 714 3 3 6
1171 715 1 1 1
1759 715 2 1 2
514 717 3 3 7
614 716 1 1 1
771 716 3 4 10
1087 716 1 1 1
1305 717 9 14 51
1795 717 1 1 1
663 718 2 3 6
869 718 3 7 20
1134 719 1 1 1
1174 718 1 1 1
1588 721 2 1 2
691 722 2 2 3
1261 724 2 2 3
399 726 1 1 1
558 726 1 1 1
751 727 4 10 33
588 729 8 7 27
928 729 21 33 247
112 730 2 3 5
788 730 3 8 15
810 730 434 263 28767
1707 730 2 1 2
381 733 1 1 1
692 733 13 7 56
900 733 2 3 4
957 732 1 2 2
1025 733 35 49 647
1520 732 1 2 2
1530 733 4 2 5
659 734 10 2 11
1189 734 1 1 1
1442 737 1 2 2
877 739 2 2 4
904 739 35 56 462
1838 739 2 1 2
997 741 1 2 2
1444 740 1 1 1
1457 741 2 2 4
770 744 2 2 4
1071 745 1 1 1
1321 745 12 16 129
1514 744 2 2 2
609 747 1 1 1
993 749 27 49 317
1070 749 1 2 2
715 751 2 3 4
772 750 10 4 31
1151 751 1 1 1
1402 751 6 7 29
634 752 5 5 16
1086 752 33 36 442
1238 753 2 2 3
708 756 2 2 3
1735 756 2 2 3
630 758 1 1 1
664 760 4 5 15
611 763 4 6 20
751 762 1 1 1
1319 763 2 2 2
1658 764 15 13 121
716 767 1 1 1
743 767 2 2 3
778 766 1 1 1
780 769 3 1 3
1496 769 4 3 6
547 771 1 1 1
1178 771 1 1 1
1385 773 1 1 1
1179 775 8 11 28
803 777 1 1 1
1066 776 8 12 81
1112 777 8 2 12
1697 776 3 3 6
1201 779 1 1 1
872 781 2 4 8
1247 783 14 16 141
1584 783 17 28 226
653 784 3 6 8
1021 785 4 2 5
881 786 2 5 9
944 786 13 26 118
1031 787 10 5 18
1125 787 2 3 3
1137 786 1 1 1
594 789 3 5 12
1078 789 2 3 4
1106 788 1 1 1
1166 789 6 11 19
1613 788 6 15 61
623 791 3 4 10
974 791 1 2 2
145 793 1 1 1
321 794 3 2 3
863 794 1 2 2
1155 795 1 1 1
1232 794 1 1 1
940 796 1 1 1
1026 797 1 1 1
941 798 1 1 1
738 801 1 1 1
906 801 3 5 10
1124 800 8 10 20
687 802 3 3 7
713 802 3 5 13
803 803 2 3 6
535 804 2 2 3
924 804 8 2 15
1148 805 1 1 1
650 806 3 3 7
662 807 7 5 23
1009 806 14 11 48
1079 807 5 4 15
569 809 3 5 9
630 809 9 6 29
807 809 2 3 5
1166 809 7 5 21
759 811 1 1 1
1056 811 17 9 61
1141 813 5 4 10
1402 813 1 1 1
742 814 4 4 10
784 814 2 6 9
900 815 8 4 10
967 815 32 17 154
1029 814 8 18 89
1243 814 1 1 1
1107 816 10 20 85
1272 817 1 1 1
681 819 2 4 8
793 819 9 28 118
1138 818 1 1 1
1560 818 1 1 1
1326 820 1 1 1
1632 820 1 1 1
554 823 2 3 5
857 823 2 3 6
1620 822 1 1 1
437 824 1 1 1
878 824 18 21 92
1133 825 2 2 4
1585 825 1 1 1
1808 824 2 2 3
526 826 3 2 4
1008 826 3 11 14
1076 827 1 1 1
1338 829 10 11 65
931 831 1 1 1
1440 831 1 1 1
659 832 2 1 2
665 833 1 2 2
917 832 7 15 23
976 832 1 2 2
1167 832 28 31 520
1269 832 1 1 1
952 834 1 1 1
1054 837 6 3 14
1061 836 1 1 1
1152 836 1 1 1
907 839 1 1 1
1411 839 15 11 93
1022 840 28 16 132
1369 841 9 8 44
773 842 1 3 3
962 842 1 1 1
654 845 3 4 11
260 847 1 2 2
810 846 1 1 1
924 847 1 3 3
1128 846 4 9 23
1205 846 5 7 27
1495 846 2 3 4
1790 847 1 1 1
550 850 4 6 13
626 851 1 1 1
645 850 1 2 2
947 851 4 1 4
1408 851 2 1 2
1542 851 32 43 684
737 853 1 1 1
969 853 8 21 74
1629 853 6 2 11
1050 854 24 22 308
1115 855 1 2 2
679 856 2 2 3
805 857 1 1 1
1089 856 2 3 5
1372 857 1 1 1
617 860 2 2 3
776 860 7 9 28
856 861 37 29 439
1126 861 1 2 2
1501 861 12 10 65
1647 860 1 1 1
666 862 2 2 3
1230 862 18 18 177
1697 862 2 1 2
649 865 2 2 3
1396 866 1 1 1
581 868 5 3 12
752 868 4 4 13
937 869 1 2 2
1090 869 1 1 1
735 871 2 4 5
1422 870 7 8 20
57 872 1 1 1
496 872 1 1 1
787 874 14 14 113
630 876 3 4 8
1052 877 1 1 1
1336 877 1 1 1
1653 876 1 1 1
669 879 1 2 2
1454 879 1 1 1
934 880 1 1 1
1042 881 5 3 14
1092 882 1 1 1
1121 882 2 2 2
566 885 3 2 5
1639 884 1 2 2
705 886 2 2 3
895 887 1 2 2
956 886 3 6 10
1049 887 1 2 2
1234 887 3 1 3
227 888 3 4 8
529 888 1 1 1
1087 888 2 3 4
352 891 1 2 2
723 890 1 1 1
731 891 1 3 3
746 890 1 3 3
1602 890 1 1 1
1640 891 4 2 5
1653 891 1 1 1
755 895 2 3 3
947 894 1 2 2
979 895 6 9 35
968 896 1 2 2
1235 897 2 2 3
736 898 1 3 3
1059 899 1 2 2
1712 898 3 2 4
316 901 1 1 1
940 900 1 1 1
1540 900 12 7 18
930 902 1 1 1
691 905 2 1 2
894 904 7 10 35
1334 907 1 1 1
596 909 1 1 1
648 909 4 8 21
504 911 1 1 1
779 913 1 2 2
1559 913 14 15 119
484 914 1 2 2
624 914 2 3 4
135 916 2 1 2
734 917 1 4 4
708 918 1 2 2
1796 918 1 1 1
384 920 3 3 7
732 922 2 4 5
661 924 1 3 3
752 926 2 2 3
1267 926 1 1 1
1322 926 7 5 27
1542 928 15 14 125
779 931 1 1 1
1480 935 14 14 131
1686 934 2 2 3
771 939 3 2 5
1783 940 3 2 3
129 943 1 1 1
397 945 1 1 1
469 945 2 1 2
607 946 2 5 8
686 947 1 1 1
801 946 8 13 36
1599 947 1 1 1
1657 947 3 2 5
1343 949 2 4 5
1803 948 2 2 3
665 950 4 5 7
15 953 2 2 2
536 956 3 3 5
635 956 1 1 1
12 958 1 1 1
738 958 1 1 1
780 959 1 1 1
620 961 2 2 4
625 960 1 1 1
362 963 1 1 1
804 963 1 2 2
503 965 2 2 2
576 965 2 2 3
598 965 2 3 5
722 964 1 1 1
677 969 2 2 3
1603 969 1 2 2
593 971 1 1 1
30 972 8 4 10
426 972 1 1 1
611 972 1 1 1
692 972 2 1 2
1240 973 5 4 8
1535 972 1 1 1
465 974 1 1 1
620 977 2 3 5
744 978 2 3 4
733 980 2 2 3
756 981 1 1 1
1088 980 15 35 280
1433 981 21 28 400
98 983 1 1 1
615 984 5 3 8
642 984 2 1 2
757 984 1 1 1
764 987 3 3 6
1138 986 8 10 63
636 989 2 4 6
966 989 2 2 3
1579 988 6 4 14
421 990 1 1 1
1501 991 1 1 1
1804 991 1 1 1
1053 993 1 1 1
585 995 1 1 1
997 995 5 6 23
1015 995 4 3 9
674 996 1 4 4
705 996 1 1 1
1540 996 2 2 4
1672 996 3 1 3
250 999 1 1 1
552 999 1 1 1
698 998 1 2 2
302 1000 1 1 1
577 1001 2 2 2
727 1000 4 4 13
825 1001 3 3 8
847 1001 1 2 2
1266 1001 1 1 1
1479 1000 22 28 298
475 1004 1 1 1
775 1005 3 9 12
791 1004 5 6 23
1569 1004 3 1 3
648 1007 1 2 2
433 1008 1 1 1
709 1008 1 1 1
879 1009 1 1 1
621 1012 1 1 1
630 1013 2 2 3
98 1017 1 1 1
953 1016 6 8 33
891 1018 1 2 2
1154 1018 14 42 217
546 1020 3 3 6
836 1021 10 8 52
1383 1021 2 1 2
1505 1020 21 21 272
29 1023 1 1 1
144 1022 1 1 1
930 1022 1 2 2
607 1025 1 1 1
893 1024 5 12 44
1015 1025 3 3 8
432 1027 1 1 1
710 1026 1 1 1
743 1026 1 2 2
1602 1027 3 3 7
588 1029 1 2 2
619 1029 1 2 2
652 1030 1 1 1
818 1031 1 3 3
995 1032 4 9 26
664 1035 1 1 1
917 1034 4 3 10
951 1034 1 2 2
280 1037 1 1 1
1127 1037 3 4 8
222 1038 1 1 1
623 1038 1 2 2
841 1038 1 1 1
950 1038 1 3 3
566 1040 1 1 1
690 1041 1 1 1
871 1041 5 4 16
504 1042 1 1 1
568 1042 2 3 6
758 1043 1 1 1
1652 1044 1 1 1
620 1046 1 1 1
664 1047 1 3 3
712 1046 1 2 2
766 1047 1 2 2
823 1047 3 3 8
947 1046 1 1 1
924 1049 1 1 1
615 1050 2 5 9
639 1050 1 2 2
711 1050 1 1 1
995 1050 2 1 2
1042 1051 18 17 82
1372 1050 1 1 1
821 1055 1 1 1
950 1055 1 1 1
761 1057 2 10 12
898 1057 1 1 1
960 1057 1 1 1
1004 1056 6 6 25
914 1058 4 8 19
1223 1059 7 10 52
1414 1059 1 1 1
1611 1059 4 2 6
528 1061 1 1 1
659 1060 1 1 1
844 1061 1 2 2
994 1060 1 1 1
1079 1061 2 3 5
1109 1061 1 1 1
1129 1061 1 1 1
1448 1060 1 1 1
559 1062 1 1 1
862 1062 2 2 2
1287 1062 1 1 1
699 1065 1 3 3
1421 1064 12 17 94
990 1068 1 1 1
1089 1068 1 1 1
612 1070 2 3 5
623 1070 1 1 1
828 1070 1 2 2
921 1071 3 6 18
1831 1070 1 1 1
748 1073 1 2 2
946 1073 3 3 4
1776 1072 2 1 2
593 1074 1 1 1
732 1077 1 1 1
917 1077 1 3 3
931 1076 3 7 19
965 1076 3 3 7
1194 1079 8 9 49
138 1081 8 3 16
901 1082 4 6 19
668 1084 3 13 18
1438 1085 34 14 205
498 1086 2 2 3
617 1087 1 1 1
936 1086 1 1 1
938 1087 1 1 1
1233 1087 1 1 1
345 1088 1 2 2
584 1089 7 5 16
655 1088 1 1 1
685 1089 3 5 11
1809 1088 4 5 10
1147 1090 1 1 1
1749 1091 2 2 2
745 1092 27 31 326
1779 1092 2 1 2
940 1094 1 1 1
1097 1094 3 4 9
424 1097 2 3 5
521 1096 2 2 4
867 1097 1 2 2
1833 1096 1 1 1
641 1098 1 1 1
1144 1100 1 1 1
1158 1100 1 2 2
1231 1101 2 2 4
331 1103 1 1 1
533 1103 1 1 1
578 1102 1 10 10
1270 1102 1 1 1
1410 1102 3 5 9
1514 1102 1 1 1
1581 1102 2 2 4
273 1104 1 1 1
806 1105 1 1 1
1336 1104 1 1 1
609 1106 2 2 4
851 1107 2 4 7
686 1109 1 1 1
1217 1108 1 1 1
252 1110 1 1 1
670 1110 1 1 1
1246 1111 1 1 1
932 1112 1 1 1
910 1115 1 1 1
1147 1114 1 1 1
1267 1114 1 1 1
505 1116 1 1 1
899 1116 1 1 1
937 1116 11 16 79
1218 1117 3 4 8
1266 1116 1 1 1
1185 1118 2 2 2
1642 1118 4 4 12
193 1120 2 1 2
733 1120 2 3 6
793 1121 1 3 3
813 1120 1 2 2
1815 1121 1 1 1
378 1123 13 8 29
580 1122 5 1 5
670 1122 1 2 2
859 1123 1 1 1
1113 1124 2 4 6
778 1127 1 2 2
910 1126 2 1 2
431 1128 1 1 1
1158 1129 1 1 1
740 1131 2 3 4
1182 1130 4 6 8
1315 1130 1 2 2
243 1133 3 1 3
595 1132 1 1 1
1103 1133 1 1 1
1451 1133 1 1 1
985 1134 1 1 1
1314 1134 1 1 1
467 1137 1 1 1
637 1136 14 11 25
679 1136 1 7 7
794 1137 1 1 1
1274 1137 1 1 1
1356 1136 5 6 12
1635 1136 1 1 1
428 1139 1 2 2
1221 1139 2 1 2
627 1142 1 1 1
759 1142 2 4 6
845 1142 3 3 7
1162 1142 1 1 1
434 1145 3 2 5
582 1144 2 2 3
865 1144 2 5 8
707 1146 1 1 1
731 1146 3 4 9
954 1146 3 4 6
1126 1147 1 1 1
538 1148 4 4 8
608 1149 3 2 4
795 1149 1 3 3
1070 1148 1 1 1
1191 1149 1 1 1
1381 1149 2 2 3
730 1153 1 1 1
779 1153 1 1 1
1083 1155 2 2 2
1255 1155 9 6 24
1457 1154 1 1 1
507 1156 1 1 1
848 1157 3 5 9
864 1157 1 2 2
1211 1156 1 1 1
1712 1156 1 1 1
67 1159 1 1 1
489 1158 4 3 5
586 1158 1 1 1
745 1159 14 15 78
1110 1158 1 2 2
1187 1159 5 2 7
1351 1158 4 6 15
1454 1158 2 2 4
255 1160 1 1 1
672 1161 9 4 12
958 1161 2 4 7
1065 1161 1 1 1
1279 1160 2 1 2
734 1164 2 2 4
529 1167 2 1 2
646 1167 1 7 7
781 1166 1 2 2
1163 1167 1 1 1
1232 1167 1 1 1
683 1173 1 1 1
780 1172 1 2 2
667 1174 1 2 2
873 1175 1 1 1
662 1177 1 1 1
853 1177 2 4 7
1186 1176 1 4 4
475 1179 1 1 1
656 1179 1 1 1
659 1178 1 1 1
723 1178 2 3 5
306 1181 2 2 3
352 1181 3 3 5
611 1180 1 1 1
957 1180 2 1 2
576 1182 5 6 11
612 1183 1 1 1
239 1185 1 1 1
347 1185 5 6 19
688 1187 1 1 1
993 1186 2 2 4
1121 1186 1 1 1
1346 1188 7 4 12
19 1190 2 2 2
617 1190 1 2 2
747 1191 1 3 3
962 1191 1 1 1
126 1193 1 1 1
545 1192 13 17 96
1001 1192 1 1 1
1168 1192 10 6 25
1192 1193 1 1 1
886 1195 1 2 2
573 1196 3 2 4
621 1197 1 1 1
1222 1197 1 1 1
1316 1198 9 6 22
113 1200 2 5 7
434 1201 1 2 2
626 1200 2 1 2
915 1201 2 4 5
1219 1200 1 1 1
1271 1200 1 1 1
834 1203 1 2 2
967 1202 1 1 1
400 1204 4 5 13
463 1204 1 1 1
1279 1204 11 9 47
1548 1204 1 1 1
532 1207 1 1 1
921 1207 1 2 2
818 1208 2 1 2
1192 1209 1 1 1
563 1210 2 3 5
712 1210 1 2 2
416 1213 1 1 1
674 1213 1 1 1
748 1213 1 1 1
967 1213 1 1 1
1064 1212 1 1 1
1810 1212 6 5 12
850 1215 1 1 1
973 1214 1 1 1
314 1219 2 1 2
721 1218 14 10 67
992 1218 1 1 1
437 1221 1 1 1
597 1220 19 8 46
214 1223 4 5 17
355 1222 1 1 1
361 1223 3 5 13
440 1224 7 4 25
1054 1224 1 4 4
1691 1225 1 3 3
497 1227 1 1 1
651 1227 1 1 1
1225 1226 1 2 2
1297 1227 1 1 1
