0 0 1840 1228 1872855
58 0 14 17 110
80 0 28 34 428
129 0 83 59 2424
271 0 124 68 3848
552 0 824 726 164271
1469 0 23 41 522
1502 0 117 36 2445
1760 0 19 10 134
423 6 116 89 3268
840 19 5 9 37
1419 29 10 36 161
564 36 1 4 4
555 47 179 253 8634
1505 54 42 32 775
1832 74 2 2 2
427 76 9 11 72
284 89 7 15 66
331 91 3 3 7
829 92 1 1 1
1394 92 7 9 47
1564 97 21 21 329
348 105 6 15 48
275 108 7 13 31
1105 113 1 1 1
317 116 4 19 46
1227 117 2 6 7
1417 119 29 24 411
1748 120 92 230 5073
1539 130 18 20 215
1469 132 25 54 719
1600 133 19 17 207
511 136 3 7 18
509 151 3 3 5
1757 152 3 7 17
506 163 5 11 27
1495 163 108 211 6325
611 169 2 5 7
538 177 10 4 15
653 179 4 16 41
671 180 8 11 70
625 183 6 7 29
554 191 2 2 4
1333 190 18 169 1067
497 194 8 30 87
1606 197 1 6 6
583 198 25 59 531
676 203 4 3 7
74 205 107 95 3046
534 204 20 66 450
1753 205 4 27 85
730 211 3 7 10
8 213 14 21 227
639 212 1 1 1
911 222 5 2 10
1806 224 9 7 32
1604 229 2 2 4
1414 235 7 8 43
473 236 8 9 55
510 236 1 1 1
725 237 3 5 10
832 236 17 46 185
757 240 8 11 69
912 241 2 10 14
1752 241 3 5 12
1359 243 17 22 258
1455 242 16 20 229
1603 242 2 24 31
741 244 6 25 96
1133 244 1 1 1
863 249 2 1 2
507 253 2 3 4
885 253 1 2 2
625 254 17 36 348
894 256 1 1 1
871 261 12 13 87
724 263 13 42 176
1348 263 1 1 1
580 266 18 15 119
858 269 1 1 1
552 272 1 1 1
894 273 1 1 1
1421 273 17 17 207
547 276 5 6 22
956 277 11 5 18
361 278 42 47 1242
868 280 2 11 12
881 282 1 1 1
656 287 1 1 1
880 287 1 1 1
435 288 15 15 143
834 289 23 27 181
822 291 3 5 15
899 290 1 1 1
874 293 2 2 3
956 292 5 6 15
886 295 4 2 5
1092 295 3 4 10
1131 294 3 3 7
902 299 2 2 3
869 301 17 18 85
680 303 5 3 12
1370 303 7 7 38
706 305 13 9 66
1601 312 1 15 15
754 314 3 4 10
766 315 4 6 20
813 314 2 2 3
902 314 2 3 3
937 314 3 6 15
1376 314 16 20 233
407 317 59 55 902
596 317 16 13 126
810 316 1 1 1
1748 317 2 5 9
528 319 4 5 18
662 318 3 4 10
950 319 1 1 1
914 320 4 4 10
866 322 18 18 110
744 324 5 6 25
822 324 4 5 17
843 324 4 21 64
897 324 1 1 1
721 326 3 5 14
933 331 1 1 1
751 335 4 7 24
901 334 1 1 1
918 334 1 1 1
934 334 1 2 2
920 336 1 1 1
895 341 1 1 1
947 341 3 4 11
927 343 13 32 247
858 344 1 3 3
915 347 7 8 44
885 350 1 1 1
859 355 1 2 2
892 354 1 1 1
1361 354 7 7 38
709 359 5 6 21
949 359 6 18 54
1206 359 2 3 6
787 361 9 12 85
890 360 1 1 1
652 363 3 4 8
860 363 3 15 27
1592 363 1 1 1
143 364 42 40 629
1226 365 12 82 266
897 366 4 5 16
1433 366 19 24 312
571 369 5 5 20
828 369 11 6 28
1004 373 4 3 8
733 376 4 5 16
772 377 15 7 79
913 377 2 3 3
666 380 5 6 24
568 382 4 6 22
814 383 4 7 22
1138 383 3 3 7
1268 383 1 3 3
1355 382 17 19 261
1288 385 1 2 2
882 387 8 9 55
1379 389 15 18 200
858 390 12 14 66
574 392 7 6 36
946 395 4 1 4
1136 395 4 5 15
496 398 22 37 406
789 398 3 5 15
1476 398 15 19 214
526 401 1 1 1
924 400 1 1 1
825 403 15 14 73
923 402 1 1 1
1132 404 2 2 4
743 407 16 13 67
1288 411 1 3 3
719 412 3 5 13
1097 415 2 3 4
465 416 5 4 18
810 417 2 1 2
1139 417 3 3 8
772 423 17 10 91
611 425 5 9 33
850 426 4 6 21
1478 427 17 23 271
793 433 5 6 23
769 443 5 6 23
980 446 2 4 8
1356 451 22 21 296
647 452 6 6 30
1307 453 6 6 20
742 455 10 13 102
812 454 4 5 16
989 455 4 4 12
571 456 7 8 48
495 462 6 8 38
632 462 5 6 27
1207 463 8 80 227
963 469 1 1 1
976 468 1 1 1
725 471 6 7 34
775 470 5 11 40
796 472 4 6 18
1231 472 2 2 4
1129 477 3 5 14
497 481 7 10 53
656 480 2 4 8
949 481 1 4 4
1227 481 2 3 6
954 485 1 1 1
933 486 48 21 217
1231 487 4 67 134
956 489 1 1 1
672 493 5 9 33
715 492 9 9 43
958 493 1 1 1
1801 493 5 15 29
540 495 5 5 22
653 497 9 12 69
1034 500 1 3 3
1018 502 4 8 19
307 504 6 7 31
786 505 3 3 9
1035 504 1 4 4
1286 506 5 4 17
619 509 3 3 9
796 508 7 7 33
1028 510 11 30 80
959 513 1 1 1
1269 512 6 5 22
758 515 4 6 19
734 516 6 9 37
959 521 13 25 142
579 522 8 5 25
605 522 13 8 59
1396 523 5 4 19
1097 525 2 3 6
395 527 5 4 15
1017 527 3 5 12
948 530 3 5 13
592 532 4 5 17
685 532 6 7 33
1404 533 5 4 19
155 534 27 41 291
930 535 5 6 22
1194 539 2 3 4
423 542 5 5 21
912 543 3 2 6
988 544 4 4 13
438 546 4 4 15
736 548 7 6 24
1211 552 1 2 2
910 555 3 4 8
965 557 2 3 5
1207 558 3 2 5
672 561 6 7 27
1284 563 4 4 13
1228 565 18 22 303
1330 567 19 23 315
788 569 5 6 25
953 568 8 9 57
996 569 2 2 3
543 573 7 19 72
934 577 4 4 15
944 577 6 15 66
667 585 19 16 143
887 585 1 2 2
745 596 5 5 23
771 597 17 12 96
1118 596 4 3 8
1098 598 4 5 17
1402 601 1 2 2
936 602 1 1 1
1169 603 3 4 8
1021 604 15 13 67
440 607 8 7 43
730 606 11 25 160
951 607 14 30 153
1090 607 3 3 8
1102 608 3 2 5
596 611 4 4 13
1161 611 3 2 4
903 612 2 2 4
924 616 16 33 186
1149 616 5 10 20
909 618 1 1 1
1047 618 3 4 9
638 623 2 3 5
894 625 3 5 13
1064 625 1 1 1
1223 626 3 2 6
695 629 6 5 23
950 630 1 1 1
1002 630 5 6 24
1085 630 4 4 14
1038 630 343 116 15009
1194 630 2 3 6
1091 633 14 13 124
560 635 5 4 17
878 634 12 14 49
515 636 6 4 18
1013 637 2 3 5
1060 636 18 10 69
1079 643 1 6 6
345 649 6 4 20
872 651 1 1 1
886 652 1 4 4
975 652 1 1 1
578 654 5 6 24
775 654 17 23 183
858 655 97 222 9797
973 655 2 2 3
661 657 5 5 22
1361 657 15 16 181
1007 660 4 3 12
559 663 12 5 33
963 667 1 1 1
1046 673 2 1 2
574 675 6 6 30
654 677 7 5 26
711 677 8 8 36
1402 677 3 3 8
1430 679 3 2 6
760 681 1 2 2
882 682 14 12 62
962 682 1 1 1
1010 682 4 5 19
767 685 5 8 34
1402 693 2 2 4
601 697 3 3 9
735 697 21 11 79
529 698 5 5 18
1016 699 2 2 3
1440 698 2 3 5
564 703 4 3 11
670 703 6 4 21
625 709 3 2 5
677 709 4 6 21
453 711 6 5 25
966 710 11 10 86
1385 711 2 3 5
1106 717 13 20 68
896 719 2 7 9
575 720 155 124 5297
266 722 6 4 18
552 723 3 3 9
835 722 2 1 2
839 723 1 1 1
676 724 3 3 7
765 725 5 6 22
1213 725 2 3 5
857 726 4 13 33
1542 727 4 4 12
971 728 2 2 3
1342 733 5 4 18
1411 733 2 3 6
892 734 5 3 10
1155 734 3 3 7
1007 736 2 2 3
1028 737 3 5 12
1138 736 3 3 6
1001 738 4 4 15
1161 739 5 3 7
853 742 1 1 1
959 743 2 3 6
992 744 3 5 7
1042 745 3 2 4
1107 744 2 1 2
1180 746 4 3 6
759 749 4 5 16
1021 748 3 3 7
1062 748 1 1 1
1282 749 14 9 48
811 750 13 17 112
1360 751 4 3 11
843 753 13 31 130
1191 752 2 2 4
1036 755 2 2 4
1111 757 1 1 1
1060 758 12 12 55
1373 758 2 2 4
1050 761 3 5 10
1115 761 13 16 178
1318 763 34 44 1097
492 764 11 7 52
967 765 2 2 4
1189 764 3 5 8
397 766 11 12 84
997 767 2 3 6
1079 767 13 14 143
1603 766 19 16 243
1292 768 2 1 2
946 771 8 5 11
1158 770 2 3 5
581 773 1 2 2
1139 774 30 22 289
1510 774 3 2 4
1017 777 1 1 1
1106 778 3 2 6
552 780 2 2 4
579 782 2 2 4
827 783 3 3 8
1067 783 1 1 1
1187 783 1 1 1
1281 782 2 1 2
1443 784 5 3 13
438 786 5 5 21
734 787 4 4 13
999 786 16 11 108
558 788 2 2 3
822 789 3 4 12
746 791 4 4 13
1059 790 2 1 2
1207 791 3 3 6
705 795 3 3 6
214 797 15 5 41
373 796 7 3 17
1026 798 2 3 6
1150 800 2 2 4
1515 800 1 1 1
1556 801 1 1 1
415 803 1 2 2
1305 802 1 1 1
1104 807 8 16 40
714 809 4 2 5
448 812 6 5 19
1129 812 2 1 2
1185 812 2 1 2
1282 812 2 1 2
1273 815 2 2 4
1567 816 3 3 7
732 819 5 4 14
947 820 23 19 191
1276 821 21 27 341
1144 823 1 1 1
1755 822 1 1 1
405 826 2 1 2
533 826 5 4 13
812 826 3 4 11
1030 826 2 2 4
1180 826 1 2 2
184 828 8 3 17
456 828 2 4 7
467 828 1 1 1
470 829 1 1 1
486 828 5 5 20
773 828 4 5 14
1064 828 7 23 61
435 831 10 3 14
591 830 3 3 9
1184 830 2 1 2
506 833 20 10 75
640 833 2 7 8
1080 832 3 2 6
1216 833 11 14 107
1422 833 2 3 5
495 834 1 2 2
1025 835 4 6 19
1196 834 3 2 5
1247 834 5 2 7
818 837 30 26 283
199 838 1 1 1
397 838 4 2 7
451 839 3 2 6
602 838 3 3 9
1163 838 2 2 4
1420 838 1 1 1
163 840 1 1 1
482 841 2 2 3
941 841 2 3 5
215 842 1 2 2
231 843 3 2 6
1349 843 5 4 14
416 844 11 5 37
657 847 1 3 3
1079 847 8 8 27
1247 847 2 1 2
0 848 5 1 5
536 848 1 1 1
717 849 5 10 16
753 848 3 4 9
935 849 1 1 1
994 849 2 2 4
1021 849 2 2 3
1032 848 1 3 3
1114 849 3 2 4
670 850 2 3 6
667 850 30 43 396
1260 851 3 2 5
545 853 6 3 11
674 853 1 1 1
935 853 27 28 224
1161 852 3 3 6
996 855 3 4 12
1379 854 3 2 4
391 857 2 2 3
431 856 1 1 1
1167 856 3 2 4
368 858 4 3 11
403 859 2 3 5
537 859 1 1 1
1135 858 1 1 1
532 860 3 3 7
1202 860 1 1 1
1093 862 3 3 8
1131 863 2 1 2
220 864 3 1 3
324 864 5 2 8
400 865 2 1 2
830 865 4 4 14
1103 865 1 1 1
1304 864 1 1 1
300 867 2 2 4
290 866 902 362 99875
1262 867 4 5 17
1298 866 1 1 1
1729 866 3 2 5
1828 866 2 2 3
512 868 5 5 15
759 869 3 3 6
165 871 16 6 47
245 871 4 3 9
928 870 1 4 4
353 873 2 3 5
1267 872 5 6 22
1428 872 3 2 6
1284 875 1 1 1
268 876 1 2 2
456 877 4 5 8
481 876 2 2 2
528 876 1 1 1
551 877 2 2 3
1213 877 1 1 1
1587 877 2 2 3
1746 877 2 1 2
288 878 5 6 15
477 878 2 1 2
960 879 11 14 54
1193 878 2 2 4
1250 878 1 9 9
1800 878 1 1 1
1809 879 2 2 4
343 880 2 2 3
496 881 2 2 2
1010 880 7 10 50
1207 880 4 4 13
1231 880 3 2 4
1775 880 3 3 8
273 883 2 1 2
504 883 2 1 2
738 882 3 5 13
1225 883 1 1 1
437 884 13 8 65
464 884 4 2 7
875 885 1 1 1
909 884 5 4 18
1368 885 5 3 13
1461 884 4 2 6
404 887 7 7 42
832 886 5 6 25
1262 887 2 3 5
348 888 4 3 9
421 889 5 3 11
903 889 1 1 1
1495 889 2 2 4
1531 889 4 14 22
360 890 3 2 5
476 890 1 1 1
565 890 2 3 6
1212 891 2 2 4
244 892 2 1 2
278 892 1 1 1
719 892 3 4 11
1191 893 2 2 3
1222 893 1 1 1
1253 893 1 1 1
1275 892 1 1 1
1412 892 2 8 10
96 894 2 1 2
320 894 16 5 41
374 895 8 15 47
432 895 3 2 6
1665 894 2 2 4
479 897 3 2 5
506 897 12 19 57
850 897 2 2 4
877 896 5 6 23
945 897 1 3 3
1006 897 2 3 6
1224 897 6 13 33
1308 897 1 1 1
1566 896 1 1 1
1239 899 12 8 33
1337 900 22 16 219
1430 900 2 1 2
304 902 2 2 4
530 903 2 1 2
790 903 7 9 52
924 902 5 11 27
952 903 4 3 9
1182 903 5 4 15
1706 903 2 2 4
1602 905 2 1 2
334 907 3 1 3
355 906 20 13 125
438 908 11 7 26
1299 908 2 2 2
1746 908 1 1 1
425 910 2 2 4
774 911 6 7 30
1210 911 11 7 43
106 912 1 2 2
309 912 2 2 3
457 913 2 1 2
1194 912 1 1 1
175 914 1 1 1
342 914 2 1 2
1322 915 7 9 40
1450 914 4 2 7
391 917 2 2 4
1280 917 1 1 1
149 921 1 2 2
727 920 4 4 13
1190 920 11 19 72
1208 920 1 2 2
1751 920 1 1 1
45 922 1 1 1
319 922 6 5 26
423 923 1 2 2
1258 923 5 2 8
1578 923 3 2 5
1664 922 4 3 8
82 924 1 2 2
1409 924 3 3 6
1454 924 1 1 1
1747 925 2 1 2
1776 924 1 1 1
386 927 2 1 2
446 926 20 16 105
717 926 4 5 14
912 926 5 6 21
970 927 3 4 8
1372 927 2 3 5
490 928 5 3 13
871 929 4 5 17
1248 929 1 1 1
1283 929 2 2 3
1341 929 26 30 348
1404 929 2 1 2
1558 929 1 2 2
201 931 3 2 5
276 931 2 2 3
661 930 4 5 16
698 931 6 11 56
1232 930 2 2 3
1494 930 3 2 6
1574 930 1 1 1
293 933 1 1 1
810 932 4 5 17
1269 933 3 2 5
429 935 1 1 1
891 935 6 8 40
960 934 2 3 5
1467 934 1 2 2
1514 934 1 1 1
1818 934 2 2 3
284 937 3 2 5
328 937 4 4 11
356 937 8 2 10
383 937 14 5 26
9 938 6 10 29
312 939 1 1 1
416 938 27 32 218
986 939 4 4 15
1181 939 3 1 3
1492 939 1 1 1
1503 939 2 1 2
272 941 2 2 4
718 941 6 8 37
1304 941 21 15 203
1418 940 3 2 6
1602 940 7 11 71
1784 941 7 3 9
1479 942 6 2 11
167 945 2 1 2
410 944 2 4 6
447 944 4 4 7
773 944 8 9 50
1442 944 3 2 5
1722 945 2 2 3
92 947 4 2 7
395 946 4 6 14
733 947 5 7 25
882 947 2 3 5
349 948 4 2 6
375 948 3 10 22
791 948 4 5 14
1504 949 2 2 4
1816 948 3 3 8
183 950 1 2 2
320 950 2 2 4
1148 951 9 3 21
1398 950 2 2 3
331 952 7 5 25
1451 953 2 1 2
1613 952 2 1 2
19 955 6 2 11
400 955 8 3 17
1509 955 3 3 9
272 957 1 1 1
1116 956 13 13 43
1278 956 13 16 134
1417 957 1 1 1
1549 956 21 18 242
1687 957 2 2 3
1770 957 2 1 2
95 959 5 3 11
1132 958 2 2 3
1370 959 2 2 4
1224 960 2 2 4
60 962 4 2 6
353 962 5 3 12
379 962 5 4 15
1501 963 1 1 1
1516 963 1 2 2
0 965 7 9 46
115 964 6 3 17
381 967 38 39 308
1189 966 2 1 2
224 969 1 1 1
259 968 2 2 3
416 969 5 4 17
886 969 3 1 3
125 970 3 2 6
360 971 2 2 4
879 970 2 2 2
1105 971 3 2 5
1132 970 8 1 8
1151 970 9 7 21
1166 970 4 2 8
873 972 3 3 6
1174 973 1 1 1
1361 972 1 1 1
1428 973 1 2 2
1511 973 2 1 2
149 975 2 2 3
291 974 19 13 77
426 974 30 23 247
1514 974 2 1 2
133 977 1 1 1
1236 976 4 3 6
1485 976 4 4 10
94 978 7 12 36
200 979 3 3 6
260 981 3 9 11
276 980 2 2 3
321 981 1 1 1
351 981 13 18 82
1240 981 3 2 4
223 984 4 4 11
242 984 6 3 11
1112 984 11 5 29
1176 984 3 2 4
35 986 10 18 49
126 987 6 3 13
272 986 3 3 7
313 986 62 71 867
1117 986 31 17 139
1164 986 3 3 6
1222 987 3 1 3
1433 987 1 1 1
6 988 4 3 8
70 988 2 2 4
380 989 1 1 1
456 988 10 6 25
1202 988 6 5 15
1807 989 7 3 12
20 990 1 1 1
160 990 16 9 47
214 991 3 4 11
1784 991 3 1 3
191 993 5 2 8
240 993 2 1 2
268 993 4 2 8
1335 993 4 3 10
1388 993 2 2 4
48 995 7 3 20
1248 994 51 43 699
1622 994 1 1 1
101 996 5 2 10
1101 996 2 1 2
1153 997 6 9 45
1180 996 6 4 18
1300 996 4 12 38
1348 996 3 2 4
1568 996 2 2 4
217 998 2 1 2
253 999 1 1 1
1196 999 3 2 4
482 1001 2 2 3
0 1003 4 10 32
133 1003 2 2 3
183 1003 2 1 2
1238 1003 9 2 10
1484 1004 3 2 4
82 1007 24 16 91
280 1007 7 13 34
414 1006 12 7 32
1288 1007 2 1 2
1586 1007 4 1 4
1611 1006 2 1 2
174 1008 4 2 6
193 1009 1 1 1
302 1008 2 2 4
1051 1009 1 1 1
1450 1008 2 2 3
24 1011 3 2 4
287 1011 21 23 164
369 1010 17 17 118
1806 1010 3 3 7
48 1012 2 1 2
215 1012 4 3 11
1048 1013 1 1 1
1369 1012 2 1 2
1533 1012 1 1 1
14 1014 38 36 300
160 1014 32 19 143
1249 1014 4 3 11
1525 1014 1 1 1
223 1017 2 2 4
394 1017 14 2 16
1000 1016 3 2 4
1692 1016 1 1 1
1804 1016 10 14 35
1833 1017 2 2 3
236 1018 3 2 5
414 1019 9 6 20
1160 1019 1 1 1
1181 1018 4 9 20
1485 1019 1 1 1
1599 1019 2 2 4
1636 1019 4 3 6
149 1020 2 2 4
994 1020 1 1 1
1049 1020 1 1 1
1136 1021 2 2 3
1508 1021 2 1 2
1542 1020 3 2 6
1669 1021 2 2 3
201 1022 8 6 34
545 1023 1 1 1
1147 1022 1 1 1
1354 1022 1 1 1
1588 1023 10 2 19
84 1025 2 1 2
96 1025 1 1 1
123 1024 6 12 31
1226 1025 18 41 433
308 1026 3 1 3
442 1026 1 1 1
1198 1027 11 16 95
1359 1026 2 1 2
1512 1027 2 1 2
249 1028 1 1 1
399 1029 16 12 76
1013 1028 3 2 4
1827 1028 13 5 41
214 1030 1 1 1
250 1031 3 2 4
312 1030 2 1 2
954 1031 21 32 271
467 1032 2 1 2
1426 1032 1 1 1
1707 1032 5 2 10
1780 1033 2 1 2
1792 1033 1 2 2
0 1034 20 15 87
223 1034 14 15 82
387 1034 1 2 2
1578 1034 4 2 6
1726 1034 6 4 16
73 1036 2 1 2
141 1036 20 24 228
286 1036 3 3 7
1165 1037 9 3 22
1713 1036 1 1 1
378 1039 5 1 5
1277 1039 3 2 6
1334 1039 1 1 1
1360 1038 2 2 3
1587 1039 1 1 1
86 1040 1 1 1
133 1040 2 2 4
307 1041 34 26 238
1163 1041 1 1 1
79 1043 6 4 21
198 1042 10 2 13
245 1042 2 3 5
1617 1043 2 2 2
270 1044 7 3 16
612 1044 1 2 2
1137 1044 1 1 1
1152 1045 4 7 17
1702 1045 1 1 1
105 1047 5 10 41
385 1047 3 7 18
467 1047 2 1 2
615 1047 1 1 1
1116 1047 8 7 37
1493 1047 2 1 2
1544 1047 14 14 55
436 1049 61 41 713
1002 1049 2 3 6
1560 1049 2 2 2
1598 1049 2 2 4
58 1051 4 5 13
118 1051 4 10 21
179 1051 4 2 8
248 1051 4 2 8
433 1050 2 1 2
1250 1051 3 2 4
1680 1051 4 2 8
0 1053 10 6 27
254 1053 3 2 6
408 1053 3 3 6
1266 1053 4 2 5
1466 1052 4 2 7
1771 1052 1 1 1
285 1054 10 6 28
978 1055 1 1 1
1162 1054 1 1 1
1195 1054 8 6 25
1736 1054 2 2 2
49 1057 4 2 7
70 1057 1 2 2
184 1056 3 2 6
419 1056 1 1 1
73 1059 1 1 1
97 1058 1 2 2
130 1059 2 2 3
210 1058 5 10 19
329 1059 65 48 778
391 1058 2 1 2
422 1058 5 4 19
507 1058 55 40 769
609 1059 2 1 2
1155 1058 13 13 93
1270 1058 4 2 7
1381 1059 2 2 3
193 1061 1 1 1
214 1061 88 74 1144
1282 1060 2 1 2
161 1062 8 7 24
1146 1063 1 1 1
1416 1062 2 1 2
1493 1062 5 2 7
15 1065 18 4 42
125 1064 2 1 2
283 1064 2 2 3
306 1064 4 4 15
433 1064 2 1 2
1103 1065 1 1 1
1560 1064 6 6 23
84 1067 3 2 5
104 1066 2 2 3
1215 1066 4 4 16
1460 1067 3 1 3
1691 1067 3 2 4
276 1069 3 3 6
301 1068 1 1 1
494 1068 1 2 2
570 1069 2 2 3
1125 1069 3 4 9
1615 1069 2 3 4
1700 1068 8 6 25
0 1071 5 9 13
1173 1071 3 12 15
1458 1071 1 1 1
57 1073 2 2 3
405 1073 21 7 74
1140 1073 4 3 9
1224 1073 2 2 4
1762 1073 3 3 6
10 1074 9 12 70
501 1075 5 3 15
620 1075 4 3 10
1106 1074 3 3 7
1206 1075 4 2 7
1274 1074 9 5 35
296 1076 4 2 5
1147 1076 2 7 8
68 1078 2 2 3
112 1079 12 3 17
173 1078 1 2 2
443 1079 16 6 52
1500 1078 3 2 4
40 1080 6 2 8
1073 1080 4 6 12
1077 1080 58 64 1133
1259 1080 1 2 2
1356 1081 1 2 2
1515 1080 4 3 9
1710 1081 3 1 3
207 1082 2 2 3
564 1082 4 7 26
1162 1083 2 1 2
1548 1083 2 1 2
133 1084 84 41 912
283 1084 1 1 1
1243 1085 3 2 4
1694 1084 2 1 2
1771 1084 6 4 11
278 1087 3 3 7
311 1086 32 52 436
431 1087 1 1 1
1157 1087 3 3 9
1284 1087 5 2 8
1352 1086 2 1 2
1367 1086 2 1 2
96 1088 1 1 1
460 1088 18 20 115
498 1089 6 5 28
1140 1089 2 2 4
1790 1088 4 3 9
74 1090 1 3 3
1207 1090 1 1 1
1836 1091 4 2 7
55 1093 4 4 8
1143 1092 11 14 49
1321 1092 2 3 4
446 1095 2 1 2
478 1094 1 1 1
507 1094 4 4 14
1214 1095 7 2 10
1236 1095 4 4 13
1346 1094 4 7 17
1513 1095 4 3 9
108 1097 9 5 30
1564 1096 2 2 4
0 1098 29 46 382
78 1098 25 17 86
237 1098 3 1 3
635 1100 2 2 2
1072 1101 2 3 5
1277 1101 1 1 1
1405 1101 11 2 22
1501 1101 2 2 4
1760 1100 5 1 5
1810 1100 1 1 1
155 1103 2 3 6
306 1103 1 1 1
1373 1102 13 14 137
1444 1103 5 2 10
1616 1103 6 11 39
1674 1102 24 20 173
41 1105 7 7 24
61 1105 1 1 1
226 1104 6 4 18
516 1104 6 3 10
537 1104 3 4 9
1182 1105 11 3 14
1199 1105 1 1 1
1247 1105 5 1 5
1573 1104 2 2 4
1768 1105 1 1 1
53 1107 2 1 2
1641 1107 11 3 22
550 1108 2 2 3
1281 1108 2 1 2
369 1111 2 1 2
1139 1111 2 1 2
1158 1111 4 2 8
1417 1110 2 2 2
142 1113 3 3 8
524 1113 2 3 5
1012 1112 1 2 2
1143 1113 5 3 15
1166 1113 1 1 1
1267 1113 11 12 108
1731 1112 1 1 1
1819 1113 4 10 14
159 1114 5 4 13
361 1114 1 2 2
1798 1114 9 4 14
1153 1117 1 3 3
1228 1116 8 5 21
1312 1116 3 2 4
97 1118 3 2 4
115 1118 2 2 4
792 1119 3 13 38
1290 1119 7 2 11
1655 1118 23 11 118
135 1120 3 3 6
303 1120 2 1 2
1600 1121 14 8 36
1702 1121 2 6 8
1775 1120 1 1 1
53 1123 20 25 240
75 1122 2 1 2
92 1123 2 2 4
362 1122 1 2 2
1142 1122 1 2 2
1325 1123 11 1 11
1568 1123 1 2 2
1785 1123 2 2 4
351 1124 1 2 2
1186 1124 1 1 1
1224 1125 1 3 3
1637 1124 3 2 3
152 1127 7 4 18
190 1127 33 18 146
263 1126 2 2 3
599 1126 1 1 1
1155 1127 3 3 8
1167 1126 1 1 1
1177 1126 2 1 2
1357 1126 2 1 2
296 1128 9 6 30
311 1128 1 1 1
356 1128 1 1 1
1737 1129 2 1 2
1796 1128 7 5 26
41 1131 8 23 68
65 1131 37 25 221
109 1131 2 1 2
250 1131 2 2 4
322 1130 1 1 1
362 1130 20 11 112
1238 1130 5 3 9
1300 1131 19 13 58
1766 1130 9 6 29
58 1133 171 90 3046
257 1132 27 19 145
419 1132 4 3 12
1629 1133 1 1 1
1329 1135 1 1 1
1374 1134 2 2 3
1719 1134 2 1 2
1830 1134 4 4 13
238 1137 3 7 11
315 1137 12 11 48
607 1136 5 3 7
1275 1136 4 6 11
24 1139 2 1 2
1026 1138 1 2 2
1723 1138 1 1 1
293 1140 3 11 23
421 1140 8 10 24
1296 1141 1 1 1
1789 1140 10 12 37
1050 1142 33 20 274
1183 1142 1 2 2
1491 1143 4 2 6
1544 1143 2 3 5
1736 1142 7 2 9
233 1145 3 2 5
233 1144 21 18 94
1041 1145 5 4 14
1116 1145 1 3 3
1229 1144 6 4 16
1703 1144 3 2 3
385 1146 20 5 55
417 1146 1 1 1
461 1147 2 2 4
1754 1147 3 4 9
116 1148 9 15 54
146 1148 10 7 28
431 1149 1 1 1
971 1148 17 23 124
1192 1148 14 10 52
1249 1149 1 1 1
1663 1149 20 11 36
1835 1149 5 2 8
304 1151 1 1 1
442 1150 3 2 5
540 1150 3 8 12
1133 1151 29 9 159
1277 1150 18 9 42
1513 1151 1 1 1
1801 1150 18 14 108
102 1152 1 1 1
310 1153 3 5 11
353 1152 3 1 3
377 1152 8 6 26
613 1152 2 2 3
1127 1153 1 1 1
1268 1153 7 4 15
1403 1153 3 2 4
1415 1152 5 4 13
1761 1153 3 2 5
350 1155 1 1 1
946 1154 1 1 1
1255 1154 3 2 5
1744 1155 3 2 5
7 1157 9 4 22
289 1157 2 2 3
1107 1157 1 1 1
1474 1157 1 2 2
1772 1157 3 2 6
332 1159 4 2 7
361 1159 2 5 7
485 1159 47 59 698
91 1160 3 2 3
418 1161 1 2 2
428 1160 3 5 13
936 1160 7 7 29
955 1160 2 1 2
1176 1160 11 2 14
45 1163 17 9 57
136 1162 14 8 46
270 1163 2 1 2
327 1163 4 4 7
1320 1163 12 17 141
1595 1163 9 4 22
1823 1162 3 1 3
29 1164 3 9 12
252 1164 21 12 64
819 1164 2 3 6
1020 1165 1 1 1
1076 1165 1 1 1
1095 1164 1 1 1
1129 1164 2 4 6
1412 1164 3 3 5
1822 1164 1 1 1
0 1167 11 11 36
71 1167 4 4 12
372 1166 4 1 4
537 1167 2 2 4
1051 1167 1 1 1
1082 1166 9 8 44
1356 1166 3 2 5
495 1168 8 12 62
1040 1169 9 10 30
1067 1169 2 1 2
1162 1169 5 1 5
1686 1169 1 1 1
65 1171 4 2 5
282 1171 3 2 6
332 1170 3 3 6
363 1171 2 2 4
481 1170 3 2 5
542 1170 3 2 6
956 1170 2 1 2
1100 1171 15 4 23
1059 1172 9 8 23
1302 1173 1 1 1
1831 1172 4 3 7
283 1174 23 12 153
350 1175 11 10 45
1147 1175 9 8 17
1242 1175 4 2 8
216 1177 2 1 2
712 1177 6 11 23
1027 1176 2 3 5
1116 1176 13 12 65
1179 1177 3 2 4
1194 1176 1 2 2
1375 1177 6 4 15
1414 1176 2 1 2
1468 1176 3 1 3
1484 1176 3 3 7
1514 1176 2 3 5
123 1178 1 1 1
246 1178 2 1 2
1164 1179 1 1 1
1196 1178 3 2 4
39 1180 12 3 16
120 1180 15 12 60
203 1180 3 4 11
310 1180 1 1 1
322 1181 12 13 36
482 1181 4 5 15
1058 1181 1 2 2
1141 1181 2 1 2
1765 1180 1 1 1
1249 1182 1 1 1
0 1185 3 1 3
14 1184 7 6 27
246 1185 37 33 461
1080 1185 4 2 5
1171 1184 3 3 7
1757 1185 3 3 7
478 1187 3 3 7
844 1187 1 1 1
1070 1187 1 1 1
1089 1187 1 1 1
1301 1186 1 1 1
1682 1186 1 5 5
295 1189 12 6 54
703 1189 6 5 25
1047 1188 12 22 112
1206 1188 6 3 12
1305 1189 1 1 1
1496 1188 2 2 3
25 1190 8 3 24
1097 1190 2 1 2
1128 1191 3 5 11
1193 1190 4 3 10
1501 1190 3 3 5
1601 1191 1 1 1
350 1193 1 1 1
1188 1193 5 14 25
344 1194 2 2 3
469 1194 1 2 2
865 1195 2 2 4
1237 1195 2 2 3
1654 1194 4 2 7
1829 1194 1 1 1
49 1196 4 7 17
532 1197 1 2 2
546 1196 5 4 16
912 1196 3 2 4
1080 1196 3 2 6
1136 1196 10 5 26
1227 1197 1 1 1
1420 1197 1 1 1
1762 1196 2 1 2
30 1198 16 13 89
697 1198 38 30 207
786 1198 1 1 1
1069 1199 4 3 11
1216 1199 3 3 6
1261 1198 3 2 4
1321 1199 1 1 1
1550 1198 4 2 7
221 1201 18 10 52
1083 1200 5 6 17
1327 1200 2 2 4
1440 1200 1 1 1
1584 1201 2 1 2
1679 1200 3 4 8
283 1203 3 1 3
523 1202 1 2 2
853 1202 19 17 148
1417 1203 2 1 2
471 1204 1 1 1
532 1205 14 15 141
923 1204 3 7 17
1315 1204 1 1 1
1693 1204 2 1 2
13 1207 6 4 20
436 1207 46 21 525
518 1207 2 2 4
936 1207 3 2 5
1441 1207 1 1 1
1484 1207 4 2 5
1802 1207 1 1 1
580 1209 20 19 122
885 1208 2 4 8
975 1209 4 4 11
1302 1209 5 5 21
1523 1209 1 1 1
1710 1209 2 1 2
394 1210 3 2 5
1078 1210 3 1 3
1704 1210 1 1 1
76 1212 25 16 164
878 1213 3 2 5
930 1213 1 1 1
1067 1212 2 8 9
0 1215 8 2 11
20 1214 2 1 2
62 1215 3 1 3
848 1214 2 5 9
1245 1215 1 1 1
1413 1214 1 1 1
1468 1215 13 5 44
1683 1214 2 1 2
44 1217 20 11 115
179 1217 2 3 6
915 1216 1 1 1
1002 1217 8 3 12
1340 1217 8 6 17
1643 1216 2 1 2
386 1218 19 10 102
1050 1218 1 1 1
1093 1219 3 1 3
1419 1219 4 3 7
1783 1219 2 2 2
36 1220 1 1 1
172 1220 5 8 18
220 1221 1 1 1
232 1220 2 1 2
270 1221 2 2 3
983 1221 16 7 56
1011 1220 4 2 4
1073 1220 3 3 7
1134 1221 2 1 2
1576 1221 3 2 4
11 1223 1 5 5
513 1222 8 6 41
1078 1223 2 5 10
1232 1223 9 5 16
1482 1223 2 5 10
1670 1222 2 6 11
154 1224 6 4 24
192 1224 4 4 13
272 1225 6 3 18
760 1224 3 4 11
887 1224 16 4 35
1128 1225 3 3 8
1551 1225 2 3 6
1582 1224 2 4 8
1593 1224 2 4 8
121 1227 3 1 3
373 1227 1 1 1
574 1227 5 1 5
696 1227 1 1 1
847 1226 1 2 2
971 1226 1 2 2
1563 1226 2 2 4
