0 0 1840 1228 2072254
57 0 53 34 854
218 0 33 12 239
312 0 15 7 74
551 0 19 60 592
668 0 80 100 1331
761 0 13 8 69
813 0 14 16 94
841 0 4 2 6
980 0 16 19 147
1016 0 5 14 62
1039 0 64 49 1946
1158 0 26 76 1001
1214 0 20 15 236
1166 0 185 161 5435
1292 0 41 20 379
1386 0 10 3 20
1452 0 5 2 6
1495 0 14 12 139
1656 0 27 14 222
735 7 12 10 88
262 9 16 21 248
648 8 33 24 445
924 9 8 11 45
1566 8 23 29 464
862 10 19 17 222
1339 17 21 26 382
413 18 19 45 624
794 18 16 14 173
1128 18 16 34 423
1425 19 1 1 1
1535 21 13 17 174
1456 22 50 90 1762
1773 23 24 30 531
121 25 36 81 1693
608 24 15 27 329
759 24 12 18 169
950 29 8 13 78
191 31 63 81 2028
833 35 6 11 51
914 35 45 94 1147
973 35 12 20 142
1005 37 5 10 42
861 39 6 12 58
1199 38 7 13 73
482 40 14 22 245
1586 42 14 14 134
1338 45 1 5 5
236 46 14 17 172
808 49 6 9 43
1337 51 1 3 3
1508 50 16 20 245
1642 50 21 25 389
1042 56 25 15 220
1431 57 15 24 268
747 58 19 18 187
1109 59 8 9 51
822 64 5 9 41
864 65 18 21 165
986 64 5 9 43
1397 65 22 37 596
1333 66 2 8 10
1341 67 38 35 426
1195 68 2 2 3
551 71 14 18 184
1208 73 11 17 146
997 75 4 7 27
339 77 18 26 387
470 77 12 14 126
791 76 13 10 80
1176 76 6 8 37
1332 77 1 1 1
846 79 7 12 70
1032 81 18 14 155
1570 81 18 22 304
86 84 15 16 172
1007 85 4 7 26
1662 87 37 49 1073
1800 87 13 4 29
600 89 21 42 575
905 89 10 16 90
969 89 12 17 77
1066 88 8 14 88
889 91 3 7 21
187 95 18 22 312
1630 98 23 30 513
1771 101 24 28 487
1831 101 9 8 57
1022 103 26 53 460
272 109 28 29 566
659 109 12 21 182
697 111 6 8 38
477 112 16 21 198
766 114 25 26 417
965 115 14 26 263
327 116 25 48 539
891 116 4 8 27
902 116 56 51 763
745 121 6 15 76
1049 120 31 39 649
992 125 16 24 282
1528 125 15 20 235
1579 129 25 57 673
441 130 14 20 228
837 132 5 8 32
1405 134 36 33 550
146 136 12 9 66
716 137 10 12 97
369 141 13 9 75
1710 141 21 23 341
92 145 34 38 991
189 145 35 28 549
1094 144 13 24 262
1621 147 1 3 3
1669 146 26 28 519
657 148 11 20 170
740 148 4 2 5
605 152 13 21 219
846 153 6 10 49
889 153 3 7 19
773 156 17 22 212
1049 157 5 9 38
979 159 5 9 38
1024 161 4 5 15
963 162 4 8 22
167 164 19 24 352
1011 164 4 7 23
1500 166 14 18 195
495 168 14 21 242
832 169 4 8 29
1071 169 4 7 23
528 171 15 19 189
678 171 11 14 106
794 170 7 17 82
1107 171 12 20 205
1613 171 15 16 183
1028 175 27 37 461
1468 176 16 39 455
244 178 12 12 108
273 178 34 39 620
757 178 5 8 29
951 179 13 10 51
975 181 5 16 50
1295 180 18 40 436
599 184 13 21 226
1210 184 53 39 896
730 187 6 10 49
1158 186 52 59 278
1746 187 24 28 472
73 189 32 65 1253
188 189 18 21 309
557 189 10 15 121
865 192 20 30 255
1125 192 9 12 84
1686 193 37 42 699
684 195 2 1 2
854 194 6 9 45
1321 194 6 10 45
687 196 1 2 2
961 198 4 8 25
988 199 4 8 29
632 203 25 17 328
1550 202 15 20 235
433 204 14 20 204
899 205 5 8 29
1001 204 3 6 15
1620 206 23 33 388
112 208 32 51 1003
793 209 4 7 25
824 209 14 26 195
1116 209 5 8 38
1023 210 5 8 33
776 212 4 5 19
1073 212 7 19 93
216 214 12 10 94
743 215 13 21 139
1148 214 7 13 70
1402 214 12 15 132
519 218 18 30 320
993 219 3 5 14
164 221 24 22 385
659 220 33 27 421
769 222 5 7 30
897 223 6 11 52
356 224 40 35 701
1365 225 5 4 13
1533 224 12 15 147
1005 226 4 4 15
1022 227 3 7 19
1110 226 4 4 11
1304 226 20 20 161
1095 229 7 11 60
1237 228 23 30 112
972 231 11 10 57
1438 231 12 18 168
1656 231 15 22 221
866 233 6 9 38
599 234 7 5 30
432 237 15 22 236
1131 236 1 1 1
717 239 14 37 186
915 238 4 7 24
1128 238 2 1 2
946 241 5 5 19
1038 240 4 8 26
848 247 4 7 19
1012 246 18 52 480
1210 246 1 1 1
1388 246 10 16 128
1211 248 8 12 14
506 250 14 20 210
743 251 10 16 104
886 250 16 25 84
1119 251 1 1 1
1478 250 11 11 87
1302 253 15 12 77
943 254 19 35 279
967 254 7 16 73
1123 254 1 1 1
1618 255 19 24 342
1159 258 1 1 1
1531 259 13 16 155
1046 260 3 5 12
1082 263 9 11 73
774 264 9 18 103
795 265 5 8 31
597 267 2 2 2
1219 267 15 5 30
820 269 7 11 55
995 268 3 5 14
336 271 13 15 157
634 270 9 16 123
1433 274 12 32 316
581 276 8 8 50
1139 277 18 15 145
724 278 25 16 159
1047 278 31 61 887
1337 278 8 12 78
1566 278 39 45 860
789 283 4 8 29
928 283 15 13 126
989 287 6 6 24
692 289 22 17 213
969 290 4 6 21
797 292 8 16 68
1274 294 6 9 48
499 297 14 33 318
605 297 16 37 415
858 297 3 5 15
899 297 3 5 12
580 299 1 1 1
874 298 3 5 11
954 300 11 12 75
828 303 26 25 363
538 305 6 5 20
876 306 56 33 791
1293 307 7 8 43
1543 307 19 20 292
993 309 4 4 14
446 310 10 13 102
471 311 17 20 239
1041 313 3 7 18
90 316 14 14 146
984 319 3 6 16
678 320 5 8 35
1093 320 1 1 1
930 322 15 16 77
575 327 13 47 419
1617 327 14 18 194
977 328 3 5 13
69 330 12 7 61
340 330 14 18 199
658 333 14 23 177
986 332 28 53 558
787 334 15 21 127
734 337 9 11 78
1028 338 16 15 139
1446 339 32 24 387
98 341 33 39 1018
1350 340 7 5 29
1156 342 13 14 138
1784 342 8 3 12
157 345 12 12 113
205 346 23 28 511
717 346 5 8 38
1504 346 36 45 838
863 349 5 10 42
1257 348 32 33 564
965 351 6 12 45
1109 354 6 11 56
1679 355 17 16 193
735 356 16 27 330
710 359 5 9 40
1406 359 11 14 116
610 360 7 10 56
822 361 1 1 1
1340 361 1 1 1
257 364 10 9 66
812 364 4 6 11
788 365 102 94 2815
911 365 18 7 71
1360 365 11 11 80
60 367 31 35 867
997 367 51 93 995
373 371 12 16 154
1645 371 17 22 289
769 372 4 3 10
818 374 3 4 12
936 374 4 17 46
971 374 8 19 107
287 377 15 17 203
522 376 9 13 87
795 376 1 1 1
1333 376 9 12 82
958 378 3 8 22
1076 379 12 20 208
1307 378 9 12 81
432 380 26 21 323
700 381 23 33 503
906 381 3 5 11
1471 380 11 14 121
0 385 2 15 23
670 384 5 7 30
1128 387 6 9 40
1294 386 5 5 20
1360 387 43 32 724
215 389 26 22 378
901 390 5 6 28
153 392 16 16 202
1046 393 26 83 831
914 395 5 8 29
793 396 3 2 6
940 397 8 11 43
101 399 12 13 123
409 401 14 17 182
608 400 10 17 126
774 400 1 1 1
970 400 3 4 9
1679 401 21 23 331
365 402 13 12 132
1221 402 1 1 1
1596 402 16 21 244
189 405 9 3 11
747 404 54 50 1041
440 408 1 1 1
455 409 9 11 85
660 408 12 6 36
1031 411 3 5 14
1105 411 12 11 93
950 413 1 1 1
930 419 2 6 12
0 420 4 3 10
440 420 11 15 142
581 421 20 19 145
636 421 1 1 1
962 421 6 22 70
1348 421 20 26 330
517 425 59 34 728
640 425 1 1 1
1191 425 7 10 61
241 427 14 15 162
1086 427 16 17 214
1161 426 11 18 156
642 429 1 1 1
805 429 2 3 4
977 428 3 4 10
56 431 27 30 678
219 430 4 4 9
266 431 13 15 167
722 431 18 10 111
1273 431 1 1 1
337 432 20 36 336
1033 434 10 11 86
1427 434 14 16 142
104 436 10 7 51
701 437 7 3 11
1625 436 12 13 120
807 439 3 2 6
290 440 12 23 167
224 443 11 13 114
801 443 2 2 3
865 442 11 19 148
954 443 3 4 11
323 447 12 21 202
886 447 1 1 1
1497 447 40 36 470
752 449 3 1 3
888 451 1 1 1
1307 450 42 31 438
759 452 1 1 1
953 452 16 42 203
1476 453 19 14 161
980 454 8 7 34
765 456 1 1 1
1032 457 13 20 211
768 458 16 19 91
1385 458 25 29 259
1429 459 9 11 83
83 461 17 17 238
499 461 11 15 131
847 460 2 2 4
430 463 10 13 112
689 462 9 14 107
794 462 1 1 1
848 462 31 51 537
479 464 1 1 1
792 464 1 1 1
804 465 1 1 1
893 465 2 4 6
989 464 5 3 13
1016 464 6 10 28
1658 464 10 9 48
481 466 2 1 2
802 466 30 30 379
1111 466 9 12 98
665 468 7 9 52
998 470 14 14 129
363 472 1 1 1
987 475 1 1 1
780 479 15 20 85
1028 479 3 3 8
1105 479 1 1 1
709 482 7 7 37
1484 483 11 15 128
342 485 2 1 2
973 484 4 6 19
1296 485 4 5 16
942 487 2 1 2
1059 487 5 9 41
1555 487 26 21 366
559 488 11 14 127
751 489 5 16 46
907 488 3 4 11
134 491 15 14 166
449 491 18 23 222
495 490 20 23 261
728 490 5 8 33
843 490 5 8 29
927 491 2 5 10
1140 491 8 6 37
1594 491 7 7 31
971 492 2 4 7
1079 493 1 1 1
1213 495 1 1 1
582 497 22 14 211
818 496 7 15 51
1016 496 3 2 6
715 498 3 1 3
947 499 6 4 24
1024 499 11 6 26
710 500 2 1 2
892 500 5 5 24
1296 501 1 1 1
995 502 10 12 65
1063 502 8 11 75
1186 502 2 1 2
119 505 12 11 109
688 505 6 10 50
483 506 1 1 1
950 507 10 10 57
1192 507 14 24 208
1266 507 1 1 1
979 509 2 5 7
298 510 13 13 135
1076 513 5 8 38
885 515 6 5 24
1382 515 23 19 197
529 517 12 15 136
579 516 8 10 64
808 516 7 8 52
853 518 2 4 7
909 518 1 3 3
283 520 9 11 81
720 521 4 6 22
830 521 1 1 1
561 525 1 2 2
802 525 4 6 21
961 525 38 69 560
1292 525 8 13 81
1323 525 8 9 55
738 527 5 7 28
1132 526 4 4 15
24 529 42 29 853
236 528 16 19 236
863 531 8 9 51
826 532 9 13 49
1007 532 2 3 6
1059 532 3 5 12
1464 533 9 12 77
851 536 2 3 6
935 536 21 45 357
1616 537 11 13 116
607 538 20 20 232
904 539 1 4 4
478 540 16 27 292
877 541 5 8 37
1545 540 10 11 80
468 543 1 1 1
796 542 2 5 8
550 544 11 15 133
681 544 1 1 1
683 545 1 1 1
741 545 7 6 36
423 547 1 1 1
767 548 2 1 2
1284 549 4 3 10
1038 550 3 3 8
1243 550 1 1 1
1243 550 44 45 984
1344 551 7 7 34
659 553 14 22 203
775 553 2 5 8
1167 552 2 2 2
1381 553 37 24 381
1470 552 9 12 89
757 554 4 6 21
811 555 2 5 10
845 555 97 67 2093
962 555 3 5 12
702 557 21 28 258
999 557 2 4 5
430 558 9 11 72
1115 558 10 6 43
582 560 8 8 50
762 562 12 7 33
1297 562 2 2 4
1516 563 10 11 88
1598 563 3 3 5
797 565 3 4 9
1009 565 4 16 36
174 566 1 1 1
342 568 13 14 134
597 571 1 1 1
420 572 1 1 1
775 572 12 10 42
1352 572 7 19 90
822 575 2 4 7
546 577 11 31 248
1031 577 3 4 12
598 578 1 1 1
836 578 2 3 3
1326 579 8 9 57
842 581 1 1 1
1038 581 8 9 59
172 583 13 12 132
496 587 8 11 74
599 586 1 1 1
653 587 3 2 3
883 586 1 1 1
1766 586 1 1 1
639 588 6 9 41
805 589 3 13 28
1463 588 10 12 86
38 590 1 1 1
480 591 7 11 64
981 590 2 4 8
993 590 7 7 16
585 592 8 12 85
763 595 5 7 23
1155 594 4 2 5
1342 596 6 5 25
989 599 2 4 8
1106 599 3 4 9
1556 598 29 13 177
1424 601 9 12 84
128 602 11 11 82
882 602 2 4 7
1303 602 3 17 31
594 604 2 1 2
867 605 3 4 9
990 604 28 50 556
1142 604 1 1 1
886 607 1 1 1
970 607 2 4 7
794 609 3 6 16
621 610 2 2 2
690 610 19 22 252
923 611 3 5 8
1348 611 2 1 2
576 612 8 11 75
1047 613 1 1 1
1280 612 3 3 9
666 615 1 1 1
863 615 1 1 1
950 615 1 4 4
1542 615 9 9 71
541 616 10 13 107
875 619 1 4 4
1372 618 1 2 2
410 621 1 1 1
486 620 8 10 64
606 621 1 1 1
1071 621 18 17 164
775 622 4 6 18
918 623 2 4 8
1133 622 21 30 328
978 625 3 3 6
1455 624 16 25 251
586 626 1 1 1
629 626 10 8 46
856 627 8 17 52
884 626 1 1 1
937 627 12 6 39
611 629 2 2 3
1382 629 9 12 91
233 630 11 8 51
265 631 11 21 164
1048 631 3 4 8
331 632 8 10 66
838 632 4 7 26
897 632 3 4 12
930 633 3 5 12
1307 633 30 13 261
796 635 4 8 28
1161 634 8 4 25
545 637 9 14 98
1233 636 1 1 1
648 638 1 1 1
968 638 34 32 488
1104 638 4 5 17
1760 641 1 1 1
204 642 15 17 195
812 642 13 9 68
894 642 1 3 3
157 645 9 12 88
946 645 3 4 7
681 647 11 22 152
1517 647 10 11 93
1557 647 11 12 100
1702 647 1 1 1
1780 647 1 1 1
715 648 4 5 17
1215 648 3 2 4
1281 649 7 24 90
384 651 10 10 79
864 651 12 4 38
952 650 2 3 6
507 653 6 9 40
667 652 2 3 6
830 654 4 7 25
937 655 5 10 27
1014 654 1 3 3
1024 655 4 5 11
1657 655 3 4 10
648 656 3 3 9
705 657 4 6 23
1038 657 11 17 146
789 658 2 3 5
891 658 1 4 4
903 658 14 11 65
957 659 1 3 3
1464 659 7 7 39
1654 659 1 1 1
599 661 8 9 54
804 661 4 7 25
881 660 1 3 3
1010 663 1 3 3
856 664 7 2 10
1191 667 13 22 191
1664 666 1 1 1
1019 669 1 3 3
900 671 31 24 149
938 670 48 68 660
1650 670 9 1 9
822 673 1 1 1
763 674 2 4 7
810 675 3 4 12
837 674 3 4 12
1468 675 8 10 64
609 676 3 6 8
1072 677 7 10 48
1552 676 8 6 42
186 681 12 12 125
1655 680 2 1 2
226 683 19 12 136
482 683 10 10 71
677 682 2 1 2
1004 682 2 2 3
1521 682 13 12 122
850 684 3 5 11
1585 685 13 13 138
813 686 3 6 18
931 687 5 7 23
980 687 1 4 4
505 689 1 1 1
712 689 31 42 392
792 688 3 6 16
1329 688 3 6 11
1628 688 3 2 4
120 691 43 23 606
515 690 9 13 94
1079 690 1 1 1
46 692 1 1 1
1130 693 1 1 1
1177 692 7 4 22
1540 693 10 10 70
1617 693 1 1 1
0 694 4 18 52
454 695 24 40 389
1018 694 1 3 3
282 696 1 1 1
1264 696 3 3 8
356 699 1 1 1
826 698 2 4 8
927 699 2 4 8
1459 699 5 2 7
1300 701 4 5 14
414 703 3 3 6
445 703 10 10 80
896 703 13 23 122
1365 703 6 7 30
1659 702 3 2 4
574 705 16 11 131
937 704 1 2 2
1095 705 4 7 24
497 707 11 8 46
815 706 3 6 17
1406 707 9 11 79
353 708 10 8 54
761 711 3 4 10
1745 711 1 1 1
281 713 3 1 3
837 713 4 6 20
889 713 5 8 36
1103 713 3 3 8
1273 712 3 5 12
1814 713 1 1 1
520 714 1 1 1
610 715 449 331 31244
1185 714 8 11 74
1382 715 9 10 75
1510 714 21 13 152
7 717 1 1 1
523 716 29 21 338
853 716 1 4 4
1008 717 2 2 3
331 718 8 7 33
664 718 3 4 12
1255 719 3 2 5
1324 719 8 10 70
1347 718 7 7 33
692 720 11 10 43
1016 723 8 7 27
1825 722 3 2 4
223 724 1 1 1
787 727 3 4 10
868 726 2 3 5
1165 726 3 1 3
359 728 9 11 82
843 728 24 31 230
1574 729 1 1 1
69 731 2 1 2
396 731 9 10 72
1025 731 1 1 1
1090 730 1 1 1
1540 730 2 1 2
1087 732 1 1 1
484 735 1 2 2
750 734 5 8 31
943 734 2 3 6
1279 735 3 3 8
683 736 1 1 1
705 736 4 6 19
1006 736 1 2 2
731 739 11 26 119
1077 738 1 1 1
1546 738 2 2 4
1667 738 15 16 177
141 741 4 3 8
184 740 16 17 153
233 741 7 7 42
642 741 2 1 2
880 740 65 78 1542
1003 740 1 3 3
337 743 10 11 93
763 742 3 4 12
951 742 19 14 122
1123 743 1 1 1
1350 743 9 10 73
1429 743 28 23 336
464 744 7 8 50
533 745 7 8 50
792 745 3 5 13
813 744 4 6 18
570 746 7 8 47
778 746 3 4 7
1024 747 2 2 4
1535 746 9 10 79
0 748 19 20 327
444 751 11 12 78
688 751 16 18 104
902 750 5 8 31
1005 751 1 2 2
1302 751 9 11 83
1277 753 1 1 1
1726 752 1 1 1
882 757 1 3 3
1042 756 1 2 2
1197 756 8 13 86
869 758 1 3 3
1017 759 3 4 10
276 760 7 7 40
581 760 1 1 1
602 761 1 1 1
707 760 1 1 1
1258 763 2 1 2
1349 763 27 34 259
1567 762 11 13 122
490 764 2 2 3
785 765 9 19 37
892 765 2 3 4
950 766 2 3 6
1153 766 12 32 286
1653 767 1 1 1
670 769 22 15 206
739 768 1 1 1
842 769 4 6 22
876 769 2 1 2
1020 768 1 3 3
1400 769 7 9 59
500 771 6 6 32
297 773 1 1 1
768 772 4 7 25
1120 774 1 1 1
0 776 5 1 5
602 777 21 17 156
1312 778 1 1 1
51 780 30 26 543
176 781 1 1 1
1060 781 4 6 20
1250 780 2 2 3
129 783 32 23 485
638 782 3 3 8
878 783 2 3 6
1090 782 7 12 73
481 784 7 6 30
854 784 1 3 3
867 784 2 5 9
1407 784 6 5 23
548 787 7 9 56
707 787 1 2 2
1487 786 12 14 118
295 788 5 5 21
805 789 8 5 30
567 790 1 1 1
708 791 11 5 33
846 793 3 4 9
516 794 10 19 84
635 794 8 10 59
755 794 37 20 173
1812 794 3 2 3
200 797 18 18 245
333 796 10 10 82
953 797 1 2 2
1252 797 1 1 1
1293 797 5 7 30
88 798 1 1 1
661 799 5 4 16
827 799 4 6 18
1273 798 2 1 2
1549 799 13 14 147
1571 798 1 1 1
607 801 1 1 1
670 801 54 37 859
720 800 1 5 5
792 800 6 8 33
858 801 2 4 8
930 802 2 3 4
962 803 3 4 12
597 805 7 8 39
291 806 4 2 6
327 807 6 7 35
823 807 50 28 512
1236 807 2 5 6
1256 806 2 3 6
1381 806 7 9 56
1525 806 4 3 6
755 809 19 22 88
812 808 3 4 11
1084 809 1 1 1
1306 809 20 19 220
799 810 12 10 21
1181 811 2 1 2
1781 810 1 1 1
969 813 1 3 3
1244 813 2 4 7
1505 813 9 18 77
381 815 1 1 1
481 814 1 1 1
943 814 10 22 165
1489 815 1 1 1
566 817 13 17 135
1534 817 17 12 97
1288 819 12 21 117
1418 819 9 10 70
1816 819 1 1 1
0 820 20 17 286
163 821 46 40 895
534 820 9 10 74
1338 820 20 22 196
1625 823 4 2 8
345 824 11 10 71
462 824 22 13 128
904 824 1 2 2
1650 824 6 4 11
915 826 18 32 197
503 829 5 7 24
1091 829 3 5 13
1552 829 1 1 1
524 830 7 8 49
806 830 9 21 77
1268 830 1 1 1
1641 830 1 1 1
1660 831 1 1 1
270 832 8 10 59
724 832 26 26 294
777 833 15 14 72
757 834 4 7 13
228 836 1 1 1
1376 837 2 1 2
1831 837 9 7 47
846 838 29 24 186
877 838 2 2 2
1243 838 1 3 3
1247 838 18 17 82
892 841 9 14 50
1368 840 6 6 30
1704 841 1 1 1
761 842 1 1 1
1132 842 12 5 37
302 845 2 2 3
829 845 10 15 41
120 847 2 1 2
460 847 1 1 1
618 846 1 1 1
1653 847 13 11 112
759 848 15 24 155
790 849 2 4 7
1069 848 3 3 9
1530 848 7 7 47
1693 849 1 1 1
283 851 14 11 122
452 850 1 1 1
470 851 1 1 1
1222 850 1 1 1
1315 850 6 7 38
1474 850 1 1 1
420 852 7 7 38
701 853 27 14 202
371 854 5 7 17
409 855 2 2 2
537 854 18 15 121
784 854 4 6 23
1739 854 2 2 3
349 857 1 1 1
526 856 1 1 1
817 857 1 3 3
1307 857 3 9 26
1429 857 2 1 2
1501 857 8 8 51
1521 858 8 9 60
1775 859 1 1 1
14 863 9 5 22
1421 863 6 7 39
1567 863 3 1 3
830 865 38 14 215
902 864 8 14 91
1106 865 3 1 3
1378 864 7 7 37
1496 865 2 2 4
322 867 2 2 3
394 867 1 1 1
1066 866 5 6 20
1439 866 3 2 4
1698 866 3 1 3
1822 866 3 2 4
0 868 1 1 1
1537 868 8 9 58
1325 871 1 1 1
241 873 1 2 2
380 873 1 1 1
1041 872 1 1 1
1358 873 6 7 36
1744 872 1 1 1
324 874 11 8 61
776 874 3 5 13
804 874 15 10 94
1158 874 1 1 1
1305 874 6 17 51
1466 875 6 7 37
231 876 2 1 2
583 876 5 7 31
752 876 1 1 1
1053 877 1 1 1
99 878 1 1 1
399 878 1 1 1
529 879 15 10 85
1097 881 2 4 8
1123 880 1 1 1
1675 881 1 1 1
506 883 1 1 1
882 883 2 2 3
1382 882 16 9 61
1550 882 1 1 1
515 886 1 1 1
1344 887 17 12 83
49 889 2 2 3
317 888 1 1 1
467 888 5 7 27
1080 889 3 4 10
1212 889 20 13 114
1472 889 10 13 108
1590 888 3 1 3
156 891 8 5 30
779 893 1 2 2
849 893 3 3 5
27 894 4 2 6
428 894 8 11 69
803 895 1 3 3
1066 895 2 4 7
572 896 4 5 16
1313 897 3 4 12
1642 896 12 12 111
1685 896 2 2 3
327 898 8 7 38
367 898 8 9 55
499 899 8 15 68
1196 898 2 2 4
1422 898 1 1 1
1581 899 8 9 51
1714 898 2 1 2
167 901 11 10 76
545 901 1 1 1
769 900 1 3 3
1041 901 4 4 12
1381 900 7 8 42
348 902 9 8 54
401 902 5 3 10
599 903 2 1 2
1318 902 6 7 37
1762 903 1 2 2
396 905 1 1 1
877 904 1 3 3
283 907 9 8 54
485 906 1 1 1
889 906 1 1 1
1144 906 1 1 1
1391 907 13 10 65
1566 906 2 2 3
1724 906 2 2 4
452 908 15 11 108
568 908 26 18 149
888 908 1 1 1
1068 908 2 4 8
1370 908 2 1 2
1625 908 7 5 25
797 910 1 1 1
1268 911 7 7 25
1608 911 11 10 77
1695 910 2 1 2
482 912 3 1 3
793 912 1 1 1
1287 913 9 6 28
20 914 1 1 1
40 915 1 1 1
883 915 1 3 3
1187 914 2 2 3
269 916 6 5 13
318 916 2 2 3
334 916 2 2 4
510 916 13 16 119
820 916 1 2 2
945 916 1 2 2
1257 917 1 2 2
1559 916 1 1 1
1837 916 3 1 3
1297 919 8 15 70
92 921 1 1 1
207 920 10 16 113
423 920 2 1 2
905 921 4 9 29
1192 921 1 1 1
1407 920 1 1 1
1487 920 1 1 1
322 923 4 3 8
363 923 6 2 7
1135 922 11 25 214
1208 923 6 3 13
482 924 11 9 72
1514 924 14 13 140
1629 924 5 3 13
1723 924 1 1 1
417 926 3 8 18
531 926 14 21 136
1012 927 2 2 3
1233 927 2 2 3
1272 927 1 1 1
1430 926 7 7 43
1720 927 3 2 4
262 928 15 17 108
452 929 2 1 2
1216 929 1 2 2
1624 928 1 1 1
352 931 7 6 19
612 930 1 1 1
197 932 1 1 1
241 933 1 1 1
1317 933 1 1 1
1473 932 18 10 95
1641 932 1 1 1
472 935 2 1 2
495 935 1 1 1
441 937 1 1 1
558 937 1 1 1
1017 936 1 2 2
1270 937 26 22 241
647 939 2 2 3
1188 939 6 7 22
425 941 5 3 11
565 940 10 14 89
1020 940 2 3 4
1119 941 3 2 6
1754 940 4 2 4
18 942 3 3 6
1050 942 11 13 45
28 945 1 1 1
212 945 27 21 170
323 944 1 1 1
612 944 5 7 32
137 947 6 5 16
596 946 1 2 2
1368 946 3 2 5
369 948 1 1 1
1441 949 2 2 2
271 950 4 1 4
517 950 7 6 32
670 951 2 2 4
720 950 1 1 1
1233 950 3 2 5
1246 950 1 1 1
1541 951 2 3 4
1545 950 1 1 1
163 954 25 19 253
539 954 7 11 40
1562 955 1 1 1
267 956 3 3 8
731 956 2 3 4
745 957 1 3 3
1472 957 10 12 84
442 959 6 2 8
623 958 1 1 1
715 959 2 5 9
1219 959 14 8 55
1294 958 8 15 85
1431 959 6 7 35
261 961 3 3 8
344 961 2 2 3
347 960 2 1 2
372 961 6 7 31
384 960 1 1 1
757 960 2 2 3
1645 960 1 1 1
415 963 1 2 2
620 963 1 1 1
666 963 1 1 1
518 965 2 1 2
637 965 6 5 20
732 964 12 12 49
1052 964 1 1 1
1065 964 19 11 127
1261 964 1 1 1
1507 965 12 13 109
150 967 2 1 2
692 967 3 3 7
1428 967 2 1 2
477 968 3 3 6
1134 969 2 2 3
1195 969 1 1 1
1282 969 6 6 35
1363 969 1 1 1
1544 968 7 6 30
1788 968 1 1 1
312 970 17 8 64
569 970 5 7 29
1012 971 1 2 2
1027 971 3 4 11
1328 971 5 5 18
1443 971 2 3 5
1671 971 1 1 1
1718 971 1 1 1
338 972 4 3 6
369 972 22 21 94
491 973 1 1 1
1232 972 2 3 5
1305 973 4 6 18
1348 973 1 1 1
1364 972 1 1 1
1674 972 1 1 1
293 975 7 14 38
591 975 15 20 112
1196 975 1 1 1
1690 974 4 3 5
496 977 8 15 74
551 977 2 2 3
617 976 8 8 45
749 977 1 3 3
771 976 2 4 8
1008 976 1 1 1
1477 976 1 1 1
459 978 7 16 51
543 979 4 9 15
1153 978 11 12 115
1792 978 1 1 1
697 980 3 4 11
984 981 1 2 2
190 982 25 27 370
365 982 1 1 1
1438 983 2 3 4
1494 983 1 1 1
1185 984 2 1 2
1458 985 1 1 1
1487 984 1 1 1
1523 985 20 21 162
276 987 2 2 4
816 987 6 5 13
982 987 1 3 3
1053 986 1 1 1
1096 987 2 3 6
1106 987 15 16 116
1254 986 10 5 36
355 988 1 1 1
406 988 2 1 2
561 988 1 1 1
689 989 1 1 1
1320 989 6 8 39
1366 989 1 1 1
309 990 6 5 23
482 990 14 6 33
547 990 9 7 53
705 990 8 11 69
1187 991 1 1 1
1343 990 12 8 55
1405 991 2 1 2
520 992 2 2 4
1044 993 1 3 3
1058 992 1 1 1
1282 992 2 1 2
1657 993 1 1 1
132 994 2 2 2
242 994 1 2 2
507 995 1 1 1
637 994 2 2 2
1167 995 1 1 1
1223 994 1 1 1
1301 995 4 5 19
1480 995 7 8 42
285 996 1 1 1
347 996 6 12 27
399 997 14 8 39
1075 996 12 4 27
1435 997 6 5 23
1668 997 3 3 6
270 999 1 1 1
537 999 7 10 53
650 999 11 16 121
730 999 1 1 1
793 999 5 8 24
1041 999 1 2 2
1140 998 2 1 2
1425 999 1 2 2
1498 998 6 7 31
374 1001 1 1 1
765 1000 1 2 2
997 1000 1 1 1
1007 1000 1 1 1
1162 1001 1 1 1
1248 1001 2 4 5
0 1003 12 16 64
458 1002 10 19 88
590 1002 17 9 95
670 1003 1 1 1
720 1003 2 4 8
276 1005 1 1 1
388 1005 20 36 242
482 1004 14 5 48
684 1005 2 2 3
868 1004 1 3 3
1009 1005 14 11 56
1371 1005 1 1 1
1381 1004 3 2 3
1663 1004 3 2 5
1702 1005 3 2 5
106 1007 15 17 123
562 1006 1 3 3
992 1006 1 1 1
1472 1006 1 2 2
1569 1006 1 1 1
1051 1009 4 1 4
1600 1008 1 1 1
283 1011 1 1 1
287 1010 1 1 1
850 1010 2 3 5
864 1010 1 2 2
991 1010 1 2 2
1160 1010 1 1 1
1320 1010 3 10 15
1716 1010 1 1 1
1718 1011 3 4 4
1756 1011 2 2 2
204 1013 25 20 167
496 1013 8 10 67
616 1013 1 1 1
806 1013 8 4 11
1196 1013 13 14 54
149 1014 2 1 2
476 1014 2 2 3
558 1015 2 3 5
561 1014 1 1 1
580 1015 1 1 1
887 1015 1 1 1
1090 1014 1 2 2
1331 1015 21 25 284
1463 1015 11 12 97
1491 1014 6 5 20
260 1016 12 8 34
330 1017 3 5 12
383 1017 1 1 1
423 1017 1 1 1
609 1016 2 1 2
974 1016 1 2 2
1372 1016 7 8 34
1608 1016 2 1 2
406 1018 7 3 17
505 1018 42 31 487
707 1018 3 5 11
1035 1018 2 4 7
1303 1018 1 1 1
1432 1019 1 2 2
1804 1018 4 6 10
445 1021 9 10 68
623 1020 1 1 1
996 1021 1 1 1
1114 1021 1 3 3
1149 1021 1 1 1
351 1022 13 13 60
413 1022 10 9 65
738 1023 3 4 11
764 1022 2 4 7
822 1023 13 6 32
1178 1022 2 2 4
1416 1023 1 1 1
561 1024 2 1 2
1063 1024 1 3 3
1274 1024 4 9 26
1529 1024 1 2 2
1542 1025 7 5 24
1824 1024 6 4 9
319 1026 1 1 1
346 1026 1 1 1
584 1026 2 2 2
975 1027 5 7 27
1032 1027 1 4 4
1480 1026 19 8 93
1632 1026 4 3 11
277 1028 1 1 1
329 1028 1 1 1
614 1028 3 2 5
918 1028 1 1 1
1604 1028 1 1 1
0 1031 3 3 7
85 1031 2 1 2
109 1030 1 1 1
146 1030 20 22 302
300 1030 4 9 31
592 1030 1 1 1
717 1030 5 8 35
750 1030 1 2 2
1532 1030 6 10 17
1646 1031 5 5 12
1662 1030 2 1 2
1810 1031 1 1 1
257 1032 13 23 165
612 1032 1 1 1
731 1032 3 5 12
1667 1032 1 1 1
1204 1035 5 8 31
1289 1035 7 7 39
1614 1035 4 4 8
199 1037 9 10 55
319 1036 1 1 1
324 1037 1 1 1
566 1037 1 1 1
1157 1036 1 1 1
1173 1036 5 3 12
365 1038 1 1 1
576 1039 14 8 42
623 1039 2 2 3
798 1039 2 1 2
1164 1039 2 2 4
100 1041 2 2 3
327 1040 10 8 20
548 1040 4 6 18
643 1041 1 2 2
683 1040 2 1 2
1042 1040 2 3 4
1154 1041 1 1 1
1251 1040 11 10 60
1476 1040 1 1 1
442 1042 5 2 7
475 1042 13 10 75
600 1042 1 1 1
612 1043 1 1 1
622 1042 1 1 1
1311 1042 7 7 39
1425 1043 21 17 145
1460 1043 15 8 53
21 1045 3 4 9
350 1045 1 2 2
462 1045 1 2 2
614 1045 1 1 1
672 1044 3 2 4
734 1045 2 3 4
759 1045 1 3 3
881 1044 1 3 3
1416 1045 5 4 12
72 1046 17 31 230
359 1046 11 16 85
564 1046 1 1 1
968 1047 12 34 161
1033 1047 1 2 2
1196 1046 2 1 2
1228 1046 1 1 1
1354 1046 5 5 22
1567 1047 2 1 2
304 1048 1 1 1
693 1049 2 3 5
776 1048 16 7 38
1359 1048 14 14 80
1703 1049 3 1 3
283 1051 10 15 109
527 1051 22 25 199
822 1050 5 13 41
841 1050 1 1 1
869 1051 2 3 5
938 1050 3 6 16
1739 1050 7 6 18
28 1053 2 2 3
62 1053 3 2 6
209 1052 12 8 35
309 1052 1 1 1
838 1053 1 2 2
1309 1053 1 1 1
1570 1052 5 4 13
103 1055 1 1 1
405 1054 4 2 6
428 1055 2 2 3
891 1055 6 8 40
39 1057 3 2 4
455 1057 25 14 118
568 1056 7 8 28
763 1056 1 2 2
1623 1056 1 1 1
109 1059 8 6 30
143 1058 1 1 1
349 1058 2 2 4
395 1059 3 4 10
498 1058 15 7 57
599 1058 12 4 38
806 1058 1 1 1
1018 1058 2 3 6
1047 1059 1 3 3
1397 1059 4 4 13
135 1061 25 18 229
481 1061 1 1 1
652 1061 4 5 13
670 1060 2 1 2
721 1060 2 4 4
754 1060 2 2 4
1170 1060 3 5 13
1183 1061 1 1 1
1444 1061 1 1 1
1495 1060 2 1 2
290 1062 20 17 69
411 1063 1 2 2
585 1062 9 9 41
942 1062 9 5 31
1071 1063 10 14 89
1282 1063 10 1 10
1335 1063 8 7 38
1381 1063 2 1 2
1519 1062 2 1 2
181 1064 2 2 4
248 1065 4 3 4
1223 1064 1 1 1
1415 1065 1 1 1
370 1067 1 1 1
416 1067 1 1 1
426 1066 1 1 1
804 1066 1 2 2
869 1066 1 1 1
1188 1067 9 15 119
1442 1066 1 1 1
1457 1066 6 4 11
403 1068 4 4 13
497 1069 1 1 1
719 1069 1 1 1
733 1069 4 5 14
783 1069 2 5 9
185 1070 2 1 2
314 1071 1 1 1
362 1071 3 2 5
1095 1070 8 14 74
1242 1070 4 6 20
1264 1070 1 1 1
384 1072 1 1 1
433 1072 1 1 1
520 1073 10 11 43
1268 1072 1 1 1
1359 1073 2 1 2
123 1074 1 1 1
343 1075 5 1 5
469 1074 39 15 286
1252 1074 21 17 92
1347 1074 8 13 52
1571 1075 1 1 1
1599 1075 9 9 62
1718 1074 1 1 1
374 1076 4 4 7
427 1076 3 3 5
659 1077 22 19 142
895 1077 1 3 3
954 1076 1 1 1
1065 1077 1 2 2
1233 1077 9 31 170
1443 1077 6 4 18
1471 1077 1 2 2
1530 1076 5 4 11
1767 1077 1 1 1
112 1079 2 2 4
278 1078 1 1 1
602 1079 1 1 1
655 1078 3 5 10
959 1078 1 1 1
1151 1079 2 3 6
1419 1078 9 13 47
446 1081 1 1 1
542 1081 40 30 450
608 1080 2 2 3
921 1080 18 30 166
998 1081 17 10 63
1169 1080 15 9 65
1369 1081 6 15 35
49 1082 1 2 2
225 1083 10 1 10
709 1083 6 10 45
763 1082 2 5 9
803 1082 2 2 4
1275 1082 6 6 27
1312 1083 16 34 134
108 1084 2 2 4
249 1084 13 9 53
464 1084 1 2 2
818 1084 3 4 10
1450 1084 2 1 2
1453 1085 1 1 1
77 1086 1 1 1
429 1086 5 6 24
1218 1087 1 1 1
1396 1086 2 10 19
1469 1087 11 6 35
294 1088 27 12 141
357 1089 11 9 40
380 1089 2 3 6
533 1088 2 1 2
732 1089 1 2 2
775 1088 1 2 2
832 1089 1 3 3
1061 1088 10 9 37
1586 1089 1 1 1
64 1090 11 11 60
92 1090 15 16 150
194 1090 7 5 18
278 1090 1 1 1
414 1090 5 7 16
806 1090 1 1 1
861 1091 1 3 3
970 1090 10 7 26
1131 1090 2 2 2
1488 1090 16 12 70
594 1093 4 5 11
739 1092 3 4 12
1418 1092 1 2 2
226 1095 6 3 8
290 1094 1 1 1
461 1095 2 6 7
825 1094 1 2 2
376 1097 3 1 3
401 1096 2 3 4
814 1097 6 4 23
1217 1097 1 1 1
216 1098 2 1 2
502 1098 24 28 172
531 1098 7 8 48
615 1098 4 6 16
786 1098 1 2 2
1139 1098 4 3 10
1390 1098 1 1 1
1415 1099 1 1 1
1287 1101 4 6 18
1405 1100 1 2 2
1588 1100 1 1 1
1657 1100 7 6 29
1810 1101 1 2 2
323 1102 5 4 13
451 1103 4 6 14
780 1103 3 11 16
887 1103 12 7 48
1428 1103 11 6 46
66 1105 13 11 25
158 1105 5 5 12
395 1105 2 1 2
420 1104 1 1 1
551 1104 36 47 570
701 1104 12 8 43
811 1105 1 2 2
1135 1104 1 1 1
1380 1104 9 8 62
1451 1104 2 2 3
1614 1104 1 1 1
1834 1105 1 1 1
41 1107 1 2 2
435 1107 17 15 84
1012 1106 2 3 4
1692 1106 1 1 1
1836 1106 4 1 4
403 1108 1 1 1
614 1108 1 2 2
851 1109 4 6 21
1228 1108 3 4 11
1492 1108 1 1 1
0 1111 1 2 2
88 1111 2 2 3
190 1110 1 1 1
271 1110 16 11 91
301 1111 1 1 1
465 1111 2 2 3
478 1110 1 1 1
821 1111 1 1 1
988 1111 2 4 8
1107 1110 5 2 10
1266 1111 1 1 1
91 1113 2 2 4
127 1112 3 2 4
143 1113 1 1 1
187 1112 1 2 2
732 1112 1 1 1
825 1112 1 3 3
900 1113 1 1 1
942 1113 11 15 67
966 1113 2 6 10
1208 1113 2 3 6
1454 1112 5 2 5
1469 1113 1 1 1
1595 1112 2 1 2
174 1115 3 2 3
207 1115 1 1 1
716 1114 16 15 80
902 1114 2 2 3
912 1114 5 12 56
926 1115 1 1 1
1262 1115 1 1 1
1392 1114 11 12 72
1471 1115 3 1 3
1501 1115 3 2 4
92 1117 15 17 125
340 1117 1 2 2
425 1117 2 3 4
496 1117 3 3 6
755 1117 1 2 2
795 1117 1 2 2
1091 1116 1 1 1
1113 1117 2 2 3
1162 1117 1 1 1
121 1118 4 5 12
139 1118 1 1 1
232 1118 3 4 11
258 1119 6 6 23
293 1119 1 1 1
394 1119 4 6 19
603 1118 4 4 14
1177 1118 1 1 1
1197 1118 1 1 1
1578 1118 3 2 4
355 1121 2 2 3
415 1120 2 2 4
628 1120 4 8 26
787 1120 1 2 2
1183 1121 1 1 1
155 1122 1 1 1
301 1123 9 6 23
762 1122 1 3 3
805 1123 2 3 6
1047 1122 3 7 19
1252 1123 3 5 14
1258 1122 2 1 2
1300 1122 1 1 1
1702 1123 3 3 5
1838 1123 2 2 3
486 1125 5 6 21
1008 1124 7 10 40
1096 1125 1 1 1
1360 1125 3 5 10
39 1126 5 5 15
65 1126 2 1 2
142 1127 3 3 6
212 1126 3 2 5
321 1127 9 6 39
371 1127 3 3 9
389 1126 5 6 13
674 1126 1 1 1
612 1128 1 1 1
622 1128 3 5 14
1051 1129 1 1 1
1069 1129 1 1 1
1200 1129 5 16 40
1337 1129 1 1 1
1501 1129 10 6 40
188 1130 6 7 30
529 1130 3 2 3
595 1131 4 3 10
777 1131 1 5 5
1295 1130 4 6 18
1672 1131 1 1 1
228 1132 1 1 1
338 1133 13 12 51
456 1132 21 16 114
536 1133 8 8 46
996 1133 1 2 2
1160 1133 1 1 1
1462 1132 5 4 12
278 1135 4 7 16
585 1134 14 17 111
603 1135 3 4 11
818 1134 1 1 1
1094 1134 1 2 2
1187 1134 1 1 1
1338 1135 1 1 1
1522 1135 11 4 17
109 1137 1 1 1
248 1137 10 8 46
372 1137 10 5 20
1220 1136 6 17 42
1553 1137 16 16 99
1620 1137 5 3 8
217 1139 2 2 3
383 1139 12 16 49
404 1139 4 4 9
628 1139 8 15 68
908 1138 1 2 2
955 1138 1 3 3
1019 1138 1 1 1
1400 1139 4 6 23
1423 1138 12 14 94
1723 1138 7 7 36
168 1141 2 3 4
360 1141 6 3 14
423 1140 1 1 1
768 1141 2 3 6
1211 1140 2 4 8
1382 1140 1 1 1
431 1142 4 2 7
496 1142 1 1 1
739 1143 2 3 5
881 1143 4 5 20
1272 1142 4 5 18
1299 1142 22 20 91
1352 1143 1 1 1
1248 1145 4 5 16
1261 1145 2 3 5
1668 1144 4 4 12
219 1146 1 1 1
513 1146 2 2 2
645 1146 4 4 11
668 1146 1 1 1
990 1146 1 4 4
1118 1147 26 22 286
1712 1147 8 10 62
548 1149 2 1 2
770 1149 2 2 3
1363 1149 4 6 21
1586 1149 1 1 1
1672 1149 3 2 4
21 1150 1 1 1
208 1150 8 15 53
221 1150 1 1 1
353 1151 8 11 45
411 1151 3 4 6
747 1151 4 2 5
1078 1151 2 2 4
1256 1151 1 1 1
1406 1150 8 12 64
1574 1150 1 1 1
264 1152 1 1 1
466 1152 7 7 41
806 1152 2 2 3
1551 1152 1 1 1
638 1154 1 1 1
789 1154 1 2 2
817 1155 11 6 25
920 1154 1 2 2
981 1154 1 2 2
1293 1155 1 1 1
74 1157 1 1 1
235 1157 2 1 2
534 1157 5 3 8
582 1157 3 5 13
615 1157 3 4 10
658 1157 1 1 1
780 1156 7 5 11
960 1156 1 2 2
1001 1157 5 8 17
1561 1156 1 1 1
1648 1156 21 6 47
38 1158 1 1 1
281 1158 1 1 1
440 1158 2 1 2
485 1159 1 1 1
697 1159 2 3 5
733 1158 1 1 1
942 1158 1 2 2
1439 1159 1 1 1
1454 1158 8 7 37
96 1161 9 8 34
162 1161 15 15 103
490 1161 4 2 7
550 1160 1 1 1
595 1161 4 8 21
1097 1160 2 1 2
77 1162 9 4 34
242 1162 30 21 265
415 1163 1 1 1
748 1162 1 1 1
922 1163 1 1 1
1035 1162 1 2 2
1113 1163 1 1 1
1220 1163 5 4 9
1339 1163 1 1 1
1391 1163 8 11 59
1514 1163 2 2 3
1548 1162 1 1 1
347 1165 2 7 8
367 1165 21 27 285
452 1165 6 9 35
749 1165 1 1 1
796 1164 1 1 1
933 1165 1 1 1
1089 1164 1 2 2
416 1167 3 3 5
508 1167 2 1 2
527 1167 3 5 10
578 1167 1 1 1
623 1167 3 4 12
645 1166 19 19 132
807 1167 1 1 1
1053 1167 1 1 1
1172 1166 2 2 2
1228 1166 15 17 125
1618 1166 2 1 2
316 1168 4 3 7
431 1168 4 3 6
725 1169 5 4 8
1200 1168 2 3 6
1376 1168 1 1 1
1622 1169 2 2 3
19 1170 1 1 1
537 1171 9 10 44
1004 1170 1 1 1
1034 1171 1 1 1
1288 1170 4 7 20
1444 1170 5 6 17
1759 1170 2 3 5
476 1173 12 12 74
630 1173 3 4 12
918 1173 14 12 53
12 1175 1 1 1
23 1175 4 5 18
121 1175 1 1 1
744 1174 1 1 1
766 1174 7 5 27
1037 1174 1 1 1
1130 1175 5 19 51
1640 1174 7 14 21
418 1177 2 4 7
501 1176 13 10 46
713 1176 3 6 16
898 1177 1 1 1
1092 1177 1 2 2
1181 1177 2 2 3
1404 1176 5 6 25
1703 1177 7 11 20
357 1178 1 2 2
461 1179 1 1 1
6 1181 1 1 1
152 1180 1 1 1
351 1181 4 10 17
405 1181 10 13 85
628 1181 1 1 1
782 1180 1 3 3
855 1180 2 2 3
1756 1181 1 3 3
150 1183 18 15 178
233 1183 2 1 2
678 1182 2 1 2
1086 1183 1 1 1
1147 1183 1 1 1
1247 1183 2 3 5
1391 1182 1 1 1
1457 1183 33 14 157
1521 1183 3 2 4
1723 1182 3 2 5
307 1185 11 8 60
522 1185 33 25 307
579 1184 6 8 37
1036 1185 1 1 1
1400 1185 2 1 2
1601 1184 2 4 5
1761 1185 1 1 1
33 1186 2 4 5
331 1187 1 1 1
739 1186 4 3 6
896 1187 4 5 15
1039 1186 3 4 9
1269 1187 2 3 5
1554 1186 1 2 2
1695 1186 1 1 1
1809 1187 2 2 3
190 1189 5 2 8
254 1188 1 1 1
487 1188 1 1 1
614 1189 1 1 1
1194 1189 1 1 1
269 1190 4 5 9
445 1190 7 5 17
604 1191 1 1 1
800 1190 1 2 2
826 1191 1 1 1
951 1190 1 2 2
1009 1190 1 1 1
1149 1191 2 1 2
1175 1190 1 1 1
1211 1190 1 1 1
1312 1190 5 6 21
1373 1190 1 1 1
635 1193 1 1 1
711 1192 1 1 1
724 1192 4 6 20
830 1192 5 8 20
862 1193 9 4 12
969 1193 1 11 11
1105 1192 1 1 1
224 1195 19 16 196
364 1195 6 4 19
749 1195 11 7 19
1395 1194 1 1 1
1529 1195 1 1 1
1686 1195 2 2 2
92 1197 14 7 40
125 1196 2 4 6
288 1196 5 5 9
455 1197 1 1 1
492 1196 5 12 43
631 1196 1 1 1
791 1196 5 3 11
933 1197 2 4 7
1136 1196 2 4 6
1210 1196 1 3 3
1243 1197 1 1 1
1438 1196 1 1 1
1561 1196 1 1 1
76 1199 7 5 22
432 1199 6 4 12
517 1199 3 4 9
1003 1199 4 6 18
1116 1198 2 2 3
1195 1198 1 2 2
1372 1198 1 1 1
1521 1198 8 21 64
141 1201 1 1 1
285 1201 2 2 3
462 1201 2 2 3
614 1200 2 2 4
696 1200 4 6 19
1317 1200 13 7 37
1546 1201 1 1 1
171 1203 16 16 164
262 1202 4 9 14
504 1203 9 10 34
641 1202 1 1 1
652 1202 3 4 10
846 1203 1 1 1
1074 1202 5 2 6
1218 1202 5 9 38
1343 1203 3 1 3
1447 1203 14 13 129
281 1205 3 9 10
407 1205 1 1 1
483 1204 1 1 1
580 1204 1 1 1
800 1205 1 1 1
911 1204 10 7 20
1235 1204 1 1 1
1258 1205 10 10 43
1269 1204 2 1 2
1370 1204 1 1 1
1579 1205 1 1 1
337 1207 1 1 1
408 1207 3 4 10
1036 1206 1 1 1
1581 1206 5 3 9
1836 1207 4 1 4
68 1208 6 4 13
668 1208 6 6 23
798 1209 1 10 10
1141 1209 1 1 1
156 1210 2 1 2
159 1211 2 3 4
422 1210 1 1 1
1042 1211 1 2 2
1153 1210 1 1 1
1661 1211 2 2 3
1715 1210 11 6 23
315 1213 2 2 3
1019 1212 1 1 1
220 1214 1 1 1
279 1215 2 2 4
351 1215 29 13 164
615 1214 1 2 2
652 1215 1 1 1
1109 1215 6 7 18
1373 1214 1 1 1
1395 1215 4 6 19
808 1216 1 1 1
1312 1216 3 3 8
1375 1217 1 1 1
253 1218 11 10 74
395 1218 11 10 58
527 1219 2 4 7
1159 1219 3 2 6
1200 1219 1 1 1
1536 1219 2 3 6
1669 1218 1 1 1
132 1221 1 1 1
462 1221 5 7 29
505 1220 10 8 17
624 1221 1 1 1
1055 1220 6 8 29
1177 1221 2 7 13
1281 1221 3 7 20
1469 1220 1 1 1
81 1223 4 5 17
130 1222 1 1 1
436 1222 13 6 49
485 1223 2 5 9
591 1222 1 1 1
634 1222 2 6 11
735 1222 1 1 1
959 1222 2 6 12
1165 1223 3 5 15
1247 1222 5 6 23
41 1225 3 3 9
142 1224 3 4 11
294 1225 1 3 3
305 1225 7 3 13
582 1224 9 4 36
731 1224 3 4 12
788 1225 1 3 3
941 1225 1 3 3
1344 1225 2 3 5
1653 1224 1 4 4
125 1226 1 2 2
415 1227 1 1 1
1129 1226 8 2 16
1642 1226 1 2 2
