0 0 1840 1228 1711020
0 0 70 435 15232
76 0 143 160 11670
254 0 144 159 15023
418 0 1 3 3
432 0 1408 621 226932
829 0 4 2 7
1397 0 4 2 6
421 22 1 1 1
407 29 2 3 6
1283 101 2 1 2
1411 106 1 1 1
935 125 1 2 2
570 127 18 19 250
657 127 6 15 72
674 128 39 40 738
611 148 2 10 11
958 156 22 35 432
623 160 2 4 4
625 166 1 1 1
987 167 8 24 123
726 168 6 11 40
833 170 13 55 309
857 175 2 2 4
1068 178 4 6 19
920 181 4 6 18
1044 182 13 17 153
1820 183 2 3 5
828 184 176 98 4932
1809 185 1 6 6
822 190 1 9 9
1027 192 79 119 3586
939 194 6 8 42
1032 195 4 6 14
1090 198 73 126 3202
1802 201 7 9 15
760 205 8 14 84
1165 212 24 77 564
725 215 7 9 51
800 220 12 10 41
1202 225 6 16 58
784 229 6 7 34
833 229 1 1 1
809 234 6 9 43
1752 234 1 2 2
689 237 10 11 74
1231 244 22 34 350
1199 247 4 6 19
897 251 5 2 5
521 257 7 8 45
859 257 3 1 3
911 260 3 2 3
1202 260 7 8 43
868 263 2 2 3
893 266 1 1 1
939 266 2 1 2
850 268 1 1 1
936 268 3 2 6
963 269 1 1 1
933 274 3 6 11
1264 275 15 5 49
629 277 1 1 1
1303 276 4 4 10
948 278 4 5 18
1286 278 7 20 74
930 281 1 1 1
654 282 65 74 1782
824 283 2 2 3
853 283 1 4 4
1362 285 24 24 291
1652 285 16 15 179
823 286 1 2 2
899 286 1 1 1
1079 286 6 9 41
1402 286 1 1 1
915 289 1 1 1
1183 291 10 5 20
994 292 5 6 23
637 295 7 40 268
951 295 1 3 3
748 297 24 56 505
828 296 2 1 2
842 296 1 1 1
1166 297 1 1 1
1418 296 4 11 23
902 301 1 1 1
915 302 1 1 1
549 306 9 4 30
942 307 2 2 2
823 309 1 1 1
848 309 1 2 2
949 309 1 1 1
1158 309 9 4 28
917 311 3 4 11
988 311 20 25 254
890 313 7 10 50
828 314 4 8 18
924 317 5 7 29
982 317 1 2 2
1358 316 6 7 36
807 318 7 11 65
941 318 28 30 376
1423 321 6 6 25
1169 322 5 3 8
1074 324 4 5 17
1263 326 20 12 172
1296 327 9 11 72
1380 327 15 12 112
1405 326 5 8 21
1205 329 7 8 32
913 330 1 1 1
1081 333 9 12 88
923 335 1 1 1
851 336 2 1 2
970 337 1 1 1
1245 338 5 6 24
738 341 1 1 1
835 341 1 1 1
1317 341 9 13 63
879 342 7 8 45
836 344 1 1 1
853 345 3 6 7
902 345 1 1 1
938 345 2 2 3
1122 344 20 14 172
866 346 1 1 1
917 346 1 1 1
1213 349 17 30 414
1284 348 2 2 3
838 351 6 10 36
890 350 1 1 1
1424 350 6 6 29
826 353 1 1 1
947 353 15 14 61
1262 353 67 54 1117
1394 352 14 16 144
652 355 13 13 92
919 354 6 8 34
989 355 7 17 58
1101 355 3 4 9
906 357 2 5 10
1008 357 25 32 360
865 359 5 11 38
1064 359 8 11 63
1147 358 5 8 39
0 361 1 1 1
1170 360 18 9 102
1608 360 17 5 41
1439 365 18 35 325
1424 367 5 5 20
717 370 1 1 1
1154 370 7 13 75
830 372 36 22 215
937 372 1 1 1
1243 372 4 3 10
1379 373 1 3 3
871 374 1 1 1
883 374 1 1 1
953 375 1 1 1
485 376 21 58 474
898 376 1 1 1
1361 377 5 6 22
1377 377 2 2 3
1345 379 4 4 14
0 383 1 2 2
917 383 1 1 1
933 383 1 1 1
1133 385 4 4 12
535 386 25 49 927
734 386 9 13 93
875 387 1 1 1
946 387 1 1 1
1092 386 10 13 105
1190 388 3 4 10
1378 389 46 26 721
1161 390 9 9 74
0 395 1 1 1
861 397 1 1 1
909 396 2 3 4
924 397 1 1 1
1247 397 4 5 14
936 398 2 1 2
811 401 7 10 58
959 401 6 7 33
978 400 4 6 10
1116 401 16 6 64
1170 400 6 9 45
672 403 1 2 2
848 403 2 2 3
894 402 1 2 2
923 404 1 1 1
1433 408 5 6 21
925 410 1 1 1
928 411 1 1 1
904 412 18 14 138
1256 412 11 12 106
1380 413 1 5 5
1413 415 20 22 363
937 417 2 1 2
975 417 9 13 77
853 421 9 10 43
1043 421 16 25 104
1119 420 3 4 10
1354 423 4 3 8
1212 425 5 6 21
1277 425 10 11 85
843 428 5 6 28
1376 429 27 24 466
879 431 172 84 4056
1353 432 1 1 1
1163 434 7 9 51
1117 437 13 15 153
1070 439 9 10 59
1305 439 4 3 11
775 441 201 423 34057
1332 443 14 15 134
1430 443 5 5 23
1613 444 5 4 18
711 448 11 14 67
1033 452 9 10 66
1268 453 11 19 137
1176 456 4 4 13
914 465 1 1 1
1103 465 6 6 26
1167 465 7 8 46
1422 467 4 5 17
872 468 2 3 4
1293 470 6 5 25
1355 470 4 4 14
1318 475 31 23 274
879 479 1 1 1
948 481 1 1 1
618 483 7 9 47
1443 483 9 7 53
963 485 1 1 1
1065 484 5 6 24
1294 491 4 4 12
1257 492 21 24 331
982 495 2 1 2
1561 499 10 12 93
1183 501 11 10 46
1361 500 29 23 242
1400 502 11 8 62
1339 509 7 7 35
1151 510 6 7 35
942 513 1 1 1
954 512 6 5 23
1005 513 23 55 456
1422 514 6 6 25
940 519 1 1 1
1320 523 12 5 25
945 524 1 1 1
965 524 4 4 13
1040 525 4 5 16
0 530 5 14 57
1122 532 10 12 100
1240 532 17 24 314
1425 536 25 31 609
520 538 5 5 22
956 539 1 2 2
1095 538 13 8 62
1200 540 4 3 11
959 549 1 1 1
1132 548 10 10 82
1165 553 4 4 11
1376 554 25 32 534
1093 560 11 14 115
1039 565 9 9 63
1284 564 7 6 33
1120 567 4 6 20
1329 566 7 8 45
1025 571 3 21 26
1058 570 12 14 137
1206 570 10 24 112
766 572 5 7 26
1178 573 1 1 1
1176 580 2 3 5
1000 583 5 5 22
970 585 1 1 1
1070 587 9 6 20
1348 586 26 35 463
1010 590 6 9 46
1412 592 22 27 259
1258 594 4 3 8
473 597 6 6 31
1172 598 7 8 43
1025 601 7 17 48
960 606 21 27 308
1318 607 13 14 148
1542 608 5 3 12
1218 612 6 6 29
1234 613 4 3 10
1505 613 11 7 48
1041 614 5 5 19
1061 615 13 13 115
1543 618 14 7 49
1520 620 5 4 16
1138 622 1 1 1
1456 625 15 15 158
957 627 1 3 3
1028 627 18 38 342
947 628 1 2 2
1403 628 8 11 67
1611 632 23 20 373
1230 634 7 8 43
1264 634 1 1 1
1321 638 4 3 9
1687 639 10 7 55
1421 641 17 18 255
1498 640 15 19 224
1159 642 9 9 64
1359 644 13 13 130
1133 647 13 8 53
660 650 13 11 98
1231 655 7 9 46
1398 655 5 3 12
1463 654 5 3 13
1318 659 3 2 6
1405 658 5 5 23
1538 658 23 7 82
1582 659 1 2 2
1153 661 7 8 46
1665 661 1 1 1
1520 663 2 2 3
1413 666 5 5 20
1589 666 2 1 2
1597 667 3 6 11
774 668 3 3 5
1619 668 2 2 3
1575 670 5 2 6
1120 672 5 5 21
1620 672 25 14 180
1466 674 374 132 17118
1563 674 2 1 2
1045 677 9 13 91
1385 676 10 8 61
1476 676 4 4 10
1000 678 9 10 70
1461 679 3 7 10
1565 678 3 7 15
1277 681 7 7 37
1425 681 5 3 13
1690 680 8 8 30
1711 680 1 2 2
1733 680 2 2 3
1589 682 2 3 6
1789 683 6 9 40
745 685 6 6 27
1496 684 1 2 2
1722 684 8 11 47
1749 684 3 2 4
1808 687 8 3 19
1439 689 17 14 153
1582 690 32 18 331
1156 693 1 1 1
1348 692 5 6 27
1623 693 12 10 49
1817 692 23 18 93
1699 697 8 2 9
1409 698 1 1 1
1271 701 9 10 74
1347 701 1 1 1
1425 702 4 4 14
1131 705 9 9 70
1557 704 6 3 18
1743 704 2 1 2
979 707 1 3 3
1398 706 18 31 290
1487 706 2 2 3
1405 708 74 90 1795
1746 709 4 4 7
1431 712 7 2 8
1565 712 1 2 2
1130 718 1 1 1
1424 719 2 2 4
1347 723 10 17 87
848 724 7 9 54
1112 726 9 10 59
1299 728 14 15 167
1548 731 1 1 1
1612 732 1 1 1
1423 734 5 4 17
561 736 8 9 66
660 736 57 45 910
1365 736 16 15 192
1517 739 8 2 9
1249 740 12 12 101
1533 742 1 1 1
806 750 4 4 15
1391 750 1 1 1
1191 753 10 10 73
1330 753 6 6 27
1114 754 6 6 27
1154 758 13 15 156
1343 759 2 2 4
1349 763 1 1 1
1396 762 3 4 9
1390 769 2 1 2
1671 769 3 3 9
1167 772 16 25 85
1274 775 1 2 2
1292 775 3 2 4
1463 774 6 2 8
1328 776 1 1 1
1359 776 1 1 1
1480 776 4 3 11
1123 779 1 1 1
1216 778 6 12 34
1278 779 7 14 51
1491 779 3 2 5
594 781 1 1 1
1121 781 2 1 2
1253 780 1 2 2
1311 781 17 31 171
1838 780 2 3 5
1242 782 2 5 6
1303 782 5 2 7
1134 785 14 11 75
1190 784 12 23 128
1232 784 2 2 3
1350 784 3 1 3
1368 786 3 2 6
1451 787 1 1 1
1477 786 2 2 4
1587 786 1 1 1
534 789 1 1 1
1067 789 13 5 27
1247 788 1 1 1
1300 788 1 1 1
1457 789 13 4 34
1677 789 2 2 3
1733 788 4 4 13
1814 789 3 1 3
574 790 2 2 3
777 790 6 7 33
979 790 6 7 28
1230 791 2 2 3
1364 791 2 2 4
1378 791 10 7 30
1481 791 2 1 2
30 793 4 2 6
71 793 1 1 1
1339 792 9 19 94
1532 795 5 10 18
1574 794 2 1 2
1803 795 12 6 34
1082 797 2 1 2
1242 797 3 2 5
1446 796 10 8 21
255 799 11 3 13
416 798 3 1 3
580 799 1 1 1
1359 799 1 1 1
411 800 1 1 1
1358 801 1 1 1
1704 800 4 3 12
1731 800 8 10 29
1745 800 3 2 4
398 802 1 1 1
1095 803 1 1 1
1210 802 10 3 16
1489 802 2 1 2
1559 802 2 1 2
1754 802 2 3 6
66 805 2 1 2
1099 804 1 1 1
1107 804 12 8 32
1254 804 22 26 264
1392 805 2 1 2
1479 805 1 1 1
1594 805 2 1 2
93 807 3 2 4
247 806 5 7 16
1130 806 1 2 2
1380 807 1 1 1
1459 807 2 1 2
1516 807 9 7 17
1709 806 7 4 17
1728 807 1 1 1
83 809 2 4 5
236 809 2 1 2
1121 808 47 37 500
1373 808 6 9 17
213 810 7 3 14
480 811 2 2 3
1080 811 1 1 1
1436 811 6 10 41
1756 811 22 9 98
704 812 1 1 1
980 813 2 3 3
1071 812 1 1 1
1313 813 8 2 10
1657 812 3 2 5
1681 812 1 2 2
1035 815 9 10 75
1082 814 7 3 11
1224 814 4 9 14
1239 814 5 3 11
1355 814 1 1 1
1396 814 1 1 1
1522 814 17 10 57
1554 814 4 1 4
1586 814 36 14 220
1741 815 2 1 2
31 816 3 2 6
73 816 10 6 24
502 816 3 1 3
785 817 9 11 82
1100 817 1 1 1
1120 817 1 1 1
1181 816 2 2 4
1362 817 1 1 1
25 818 2 2 3
42 819 1 1 1
1187 819 1 2 2
567 821 1 1 1
1167 821 2 2 3
1199 821 24 12 148
1262 820 171 115 5232
1474 820 1 2 2
65 822 2 2 4
178 823 3 2 5
628 822 1 1 1
1077 822 2 1 2
1090 824 2 2 4
1463 825 1 2 2
1478 824 5 4 20
1172 827 87 87 2175
1744 826 4 2 6
1414 829 1 2 2
1423 828 22 13 85
1445 829 2 1 2
517 831 1 1 1
647 830 16 9 66
950 831 16 10 52
1253 831 1 6 6
1501 831 12 21 106
1760 831 2 1 2
46 832 1 1 1
484 832 1 1 1
1107 832 7 3 20
1185 833 1 1 1
1407 832 6 18 35
1462 833 1 4 4
25 835 3 3 6
137 834 2 1 2
1122 835 18 20 87
1474 835 1 1 1
1644 834 1 1 1
1764 834 11 8 70
262 836 1 1 1
296 836 3 3 5
455 836 1 1 1
476 836 3 2 6
212 838 1 1 1
419 839 1 1 1
433 839 1 2 2
1093 838 16 19 91
1450 839 11 13 46
1133 840 2 1 2
1546 841 17 6 51
1586 841 2 2 3
125 844 11 5 28
138 844 30 13 61
319 844 11 7 35
380 844 1 1 1
564 844 3 2 5
789 845 8 8 46
988 844 8 18 76
1151 845 6 4 16
1265 845 1 1 1
60 846 1 1 1
237 847 1 1 1
440 846 2 2 3
646 847 2 1 2
1487 847 3 6 8
1656 847 11 3 16
185 848 10 8 22
1040 848 10 10 72
1375 848 9 4 31
1522 848 2 2 4
212 850 2 1 2
248 850 3 9 27
365 850 2 1 2
561 850 1 1 1
1782 851 1 2 2
11 852 4 3 11
36 852 3 3 5
235 852 1 1 1
385 852 1 2 2
497 853 1 1 1
538 852 2 1 2
1400 853 3 4 7
82 855 2 2 3
99 855 3 3 6
602 855 1027 373 114270
1422 855 4 2 6
1439 854 6 7 33
1473 855 4 5 16
0 857 2 1 2
40 857 1 1 1
65 856 5 2 9
228 857 2 2 3
564 857 2 1 2
85 858 3 2 5
975 858 6 7 31
1113 859 3 8 10
1580 859 6 5 22
1673 859 5 3 13
1718 859 1 1 1
8 860 2 1 2
26 860 5 10 17
255 861 3 3 6
362 861 2 2 4
549 861 3 7 9
1411 861 5 3 12
1533 860 5 4 17
360 863 1 1 1
383 862 1 1 1
1123 862 1 1 1
1446 862 7 3 13
1709 862 3 1 3
57 865 3 2 6
136 865 1 1 1
206 864 2 1 2
1155 865 4 2 6
1505 865 2 2 4
136 866 34 20 174
480 867 3 1 3
582 866 2 1 2
1142 867 4 3 11
103 869 21 26 159
306 868 2 2 4
335 869 1 2 2
408 868 1 1 1
1418 868 3 3 7
1463 869 1 1 1
1529 868 1 1 1
27 871 15 20 56
191 870 10 9 33
230 870 1 4 4
472 870 1 1 1
1477 870 2 2 3
129 872 7 6 38
172 873 6 9 40
266 872 1 1 1
315 872 3 2 3
434 873 3 3 4
512 872 4 16 28
1029 873 8 14 52
1137 873 4 2 5
540 874 2 1 2
1122 875 2 2 4
1445 875 7 3 19
1568 874 3 4 9
1812 874 1 1 1
58 876 1 1 1
467 876 3 2 6
483 877 17 34 183
1732 877 4 2 8
231 878 1 1 1
260 878 5 3 10
449 879 6 4 12
544 878 2 2 3
0 880 2 2 3
207 881 3 2 5
559 880 8 9 21
594 881 3 2 4
1443 881 1 2 2
1554 881 1 1 1
1587 881 1 1 1
289 882 12 9 22
315 883 1 1 1
342 882 14 6 49
927 883 9 12 86
1168 882 3 1 3
190 885 1 2 2
531 885 7 5 26
868 885 13 14 117
1598 885 3 2 5
51 887 2 2 3
236 887 5 8 33
250 886 1 1 1
428 886 3 2 4
1173 886 6 5 29
18 888 91 70 1120
377 889 2 1 2
422 888 4 2 7
1446 888 6 3 13
1631 889 1 1 1
1817 888 23 18 303
310 891 5 5 20
333 891 2 6 7
408 891 1 2 2
523 891 4 2 6
1327 890 8 4 25
1491 891 1 1 1
1605 891 10 14 59
172 893 16 23 82
280 893 1 1 1
357 893 4 2 6
369 892 1 1 1
998 892 4 5 16
1167 893 4 6 24
1413 893 53 94 1343
33 894 15 13 61
130 895 2 1 2
261 894 1 1 1
385 895 10 17 63
591 894 2 2 4
1187 894 4 7 22
1497 894 1 1 1
1681 895 3 2 5
243 896 10 2 12
1733 897 1 1 1
213 899 1 1 1
335 898 8 3 11
370 899 4 2 8
409 899 6 2 9
1260 898 4 2 8
1415 899 1 1 1
1511 898 9 2 12
1530 898 2 1 2
1543 898 1 1 1
1644 898 2 6 8
15 900 1 1 1
62 901 2 2 2
220 901 15 5 35
319 900 1 1 1
435 900 10 15 85
1164 901 2 1 2
1473 900 9 10 45
206 903 5 3 13
285 902 5 3 11
471 902 11 2 12
535 902 10 3 21
582 902 7 2 14
1009 902 11 13 116
1247 902 1 1 1
1264 902 16 5 39
1306 902 1 1 1
1502 902 5 4 17
106 904 19 22 143
344 904 2 1 2
577 905 1 1 1
1332 904 2 1 2
1570 905 14 6 38
1618 905 1 1 1
1628 905 4 11 15
1632 904 1 1 1
1679 905 2 1 2
10 907 5 9 20
134 906 5 3 11
259 907 3 2 4
272 907 2 2 3
308 907 16 11 69
554 906 1 1 1
1277 907 16 15 67
256 909 2 1 2
542 909 6 15 60
1756 908 10 7 47
286 910 18 15 109
341 910 1 1 1
403 911 1 1 1
422 910 1 1 1
1642 910 1 1 1
1648 910 21 23 278
42 913 3 7 10
200 912 6 2 12
378 913 7 1 7
887 912 4 5 15
1725 912 2 1 2
508 914 6 6 14
1466 915 4 3 8
1510 914 3 2 5
1529 914 3 2 5
1552 914 2 2 3
204 917 9 14 36
241 917 5 10 27
274 917 4 3 7
593 917 2 1 2
1248 917 9 3 20
327 918 7 14 48
358 919 1 1 1
444 918 2 2 2
1576 918 1 1 1
517 920 2 2 4
974 920 12 14 125
1474 920 3 3 8
1506 921 2 2 4
1806 921 2 1 2
388 922 2 1 2
419 923 2 2 4
461 922 1 1 1
520 923 7 9 15
1487 923 1 1 1
1523 922 2 1 2
1539 923 2 2 4
1720 923 9 7 15
20 924 2 1 2
304 925 11 13 70
338 925 12 9 49
561 924 4 2 6
1519 925 1 1 1
1575 925 1 2 2
1681 924 5 2 9
1700 925 1 1 1
0 926 14 27 105
142 927 2 2 3
164 926 2 2 2
426 926 3 3 7
546 927 3 2 6
1291 927 2 1 2
1401 926 1 1 1
1511 926 3 2 6
1636 926 2 1 2
1705 927 1 1 1
1732 927 2 1 2
246 929 14 11 101
505 929 2 2 3
99 930 1 1 1
183 931 4 2 8
218 930 8 2 10
237 931 1 1 1
434 930 1 1 1
573 930 2 2 3
1378 930 2 1 2
1610 930 1 1 1
1708 930 8 6 23
277 933 3 6 13
439 933 4 5 14
582 932 18 11 37
1409 933 3 3 7
1479 933 10 1 10
1520 933 22 31 271
405 935 1 1 1
1454 934 1 1 1
1551 934 6 5 29
1757 934 9 4 20
372 936 1 1 1
417 936 5 3 11
508 936 9 7 35
1243 937 10 2 12
1466 936 2 2 3
1815 936 1 1 1
136 939 6 2 11
226 938 2 2 4
807 938 6 1 6
885 939 3 5 13
1573 939 1 1 1
1623 938 1 1 1
155 940 5 2 6
555 940 1 2 2
1609 940 3 2 5
259 943 2 2 3
281 943 2 1 2
374 942 22 16 108
501 943 5 2 7
518 943 8 8 58
567 942 1 1 1
612 942 2 2 4
1379 942 10 2 11
1469 943 1 1 1
1560 942 5 2 9
1730 943 2 2 3
115 944 3 3 6
180 945 6 3 14
314 944 13 17 61
478 945 2 1 2
1490 944 13 35 103
352 946 2 2 3
426 946 31 6 58
543 946 1 1 1
1365 947 63 91 1367
1778 946 2 3 4
1805 947 3 8 12
269 948 15 15 44
301 948 1 1 1
598 948 2 5 10
1679 949 16 15 176
249 950 3 2 5
459 951 6 4 9
1744 951 5 2 9
337 953 6 7 18
396 952 5 5 10
1632 953 3 1 3
1733 953 1 1 1
499 955 10 18 99
530 955 2 1 2
570 954 1 1 1
1664 955 4 2 5
27 957 26 24 165
119 957 9 5 19
357 956 9 8 35
486 956 3 4 7
1551 957 1 1 1
1588 956 2 2 4
1797 957 5 8 21
108 958 4 4 11
403 959 2 1 2
1762 958 9 3 16
328 961 8 5 20
1568 960 10 5 28
1598 960 7 2 9
1607 960 31 23 232
199 962 1 2 2
573 963 37 43 344
623 963 4 9 17
89 965 3 1 3
237 965 6 2 11
297 964 38 47 339
385 964 1 1 1
410 964 16 16 162
442 965 16 15 87
473 965 2 3 5
542 964 2 2 3
556 964 1 1 1
1481 964 6 4 22
291 966 8 2 10
558 966 3 2 4
1459 969 13 9 37
0 971 23 27 260
113 971 1 1 1
396 971 3 5 9
511 970 29 23 210
536 970 1 1 1
1476 971 19 22 110
1549 971 1 1 1
66 972 3 1 3
300 973 1 1 1
1539 973 9 6 29
1824 973 2 2 2
1353 975 13 18 76
1717 974 1 1 1
1769 974 2 1 2
117 977 1 2 2
342 977 4 2 5
385 977 3 2 4
1451 976 4 3 12
1574 977 3 2 6
1667 976 1 2 2
83 978 3 1 3
294 979 1 1 1
484 978 8 13 66
552 979 1 1 1
1422 978 3 9 11
1520 979 1 1 1
1662 978 1 2 2
363 980 11 8 36
438 981 4 2 6
569 980 1 2 2
159 983 2 1 2
1596 983 17 30 168
1653 982 5 3 12
1808 983 26 5 39
30 984 2 1 2
269 985 4 1 4
508 984 1 1 1
563 984 1 1 1
577 984 2 1 2
1457 984 2 1 2
1504 985 6 2 11
1551 985 6 5 19
1688 984 2 1 2
1790 984 5 2 6
209 987 4 2 8
458 986 2 1 2
620 987 1 1 1
1134 987 3 3 9
1678 987 4 2 7
1658 986 50 35 281
1720 987 6 2 8
167 988 4 8 11
217 989 5 2 9
375 988 2 1 2
401 989 23 12 136
1186 989 2 1 2
1335 989 4 4 13
1470 988 4 2 8
1511 989 3 1 3
1531 989 1 1 1
1778 989 4 6 16
66 991 2 1 2
83 991 21 14 130
177 991 3 1 3
258 991 9 9 17
353 990 3 2 5
568 991 13 19 59
1125 991 5 2 6
1453 991 1 1 1
1618 990 3 2 4
50 993 1 1 1
1030 993 10 7 52
1097 992 1 1 1
1182 993 1 1 1
1260 993 1 2 2
1320 993 6 4 16
1434 993 19 21 90
1558 993 2 1 2
1587 993 1 2 2
1622 992 2 1 2
1650 993 6 3 15
41 995 1 1 1
61 994 4 6 9
1637 995 2 1 2
1752 994 1 1 1
159 996 2 2 3
378 996 2 2 3
429 996 14 9 37
481 997 1 1 1
493 996 2 1 2
1344 997 2 1 2
1426 996 2 1 2
1478 997 13 17 94
1507 996 3 2 6
1712 996 6 12 34
270 998 4 2 7
329 999 1 1 1
370 999 1 1 1
1555 999 2 1 2
1737 998 6 4 18
1808 998 5 3 8
1827 998 2 1 2
34 1001 1 1 1
140 1000 3 2 4
462 1001 2 1 2
501 1000 1 1 1
1315 1000 107 106 3684
1499 1000 4 3 9
1647 1001 1 1 1
1217 1003 3 2 6
1318 1002 17 20 186
1457 1002 6 6 16
1561 1003 34 56 744
1619 1003 1 1 1
1732 1002 4 3 9
229 1005 2 1 2
351 1005 1 1 1
443 1004 3 1 3
539 1005 3 4 10
558 1004 3 5 8
588 1005 2 1 2
1043 1005 5 2 10
1515 1004 3 1 3
1759 1004 1 6 6
1530 1006 1 1 1
1774 1007 2 1 2
67 1008 1 1 1
145 1009 1 1 1
480 1008 1 1 1
621 1009 1 1 1
1453 1009 1 1 1
1625 1008 3 2 5
95 1010 7 3 13
341 1010 3 2 6
383 1011 1 1 1
515 1011 77 47 888
1011 1010 4 4 13
1748 1011 4 2 7
115 1013 2 1 2
137 1012 1 1 1
289 1013 2 1 2
368 1012 10 2 11
548 1013 1 1 1
1463 1013 10 28 96
5 1015 3 2 6
12 1015 9 6 19
173 1015 1 1 1
267 1014 6 3 14
441 1015 4 10 29
446 1014 1 1 1
525 1015 2 2 3
597 1014 2 1 2
605 1015 7 2 9
627 1014 6 7 19
992 1015 3 2 6
1067 1015 3 1 3
1438 1015 13 11 58
1547 1015 4 4 8
1822 1014 7 14 25
1600 1017 2 2 4
1630 1016 13 10 93
1657 1016 6 12 29
119 1018 6 2 10
248 1019 1 1 1
484 1019 2 1 2
612 1018 5 5 21
991 1018 1 1 1
1553 1019 1 1 1
1649 1019 1 1 1
1723 1018 2 1 2
24 1021 1 1 1
39 1021 2 2 3
72 1020 3 6 9
86 1020 3 2 4
106 1021 1 2 2
188 1021 2 1 2
316 1021 2 1 2
350 1021 1 1 1
457 1020 1 1 1
511 1021 2 1 2
1759 1020 2 1 2
31 1023 6 4 9
157 1022 2 1 2
642 1023 1 1 1
964 1023 1 3 3
986 1023 1 1 1
1312 1023 7 3 15
1617 1022 8 5 18
1709 1022 3 16 19
1792 1023 8 6 21
226 1025 4 1 4
274 1024 1 1 1
337 1025 5 2 6
345 1024 1 1 1
415 1024 1 1 1
480 1025 3 2 5
622 1024 2 2 3
813 1025 1 1 1
1492 1025 2 2 4
17 1027 1 1 1
292 1026 2 1 2
314 1026 2 1 2
506 1027 1 1 1
815 1027 6 4 21
1734 1026 1 1 1
499 1028 3 2 4
799 1029 3 2 6
822 1029 27 8 92
861 1029 3 3 6
902 1029 7 5 17
949 1029 1 1 1
1482 1029 7 19 59
1546 1029 5 5 20
1613 1028 1 1 1
1723 1028 3 1 3
9 1031 1 1 1
143 1030 1 1 1
145 1031 1 1 1
183 1030 4 2 6
205 1030 4 3 10
388 1031 1 1 1
872 1031 8 26 92
1391 1031 5 6 18
1449 1030 3 8 22
1518 1031 1 1 1
121 1033 12 7 47
215 1033 1 1 1
281 1033 5 4 15
484 1033 5 12 41
1304 1032 2 3 6
1498 1032 15 3 24
232 1035 1 1 1
343 1035 1 2 2
1763 1034 11 9 19
72 1036 3 2 5
107 1037 2 2 3
187 1037 3 2 6
301 1036 2 2 4
365 1036 4 1 4
457 1037 3 2 6
899 1037 125 143 8433
967 1037 35 26 215
1153 1036 1 1 1
1792 1036 3 2 6
95 1038 2 1 2
351 1039 1 1 1
422 1039 1 1 1
781 1039 3 4 11
856 1039 1 1 1
994 1038 2 1 2
1437 1039 1 1 1
1537 1038 1 1 1
1613 1038 1 1 1
1774 1039 9 11 78
11 1041 2 1 2
190 1040 4 2 5
246 1040 10 14 75
309 1041 1 1 1
513 1041 2 2 3
709 1040 1 1 1
816 1041 2 6 7
1409 1041 1 1 1
1428 1040 2 1 2
1677 1040 2 1 2
1668 1041 40 24 234
1731 1040 6 8 17
1747 1041 2 2 3
1791 1041 1 1 1
134 1042 1 1 1
207 1042 2 1 2
224 1043 5 2 7
327 1042 2 1 2
450 1043 6 3 16
499 1042 1 2 2
619 1042 8 12 37
787 1043 6 3 15
1507 1043 16 5 55
1608 1043 2 1 2
1636 1042 2 3 3
1647 1043 3 2 5
1839 1043 1 1 1
26 1045 2 2 3
114 1045 2 1 2
267 1045 1 1 1
363 1044 1 1 1
1451 1044 39 18 214
1643 1045 1 1 1
375 1046 2 2 3
502 1047 2 5 6
760 1047 124 139 5091
1599 1047 4 2 8
18 1048 1 1 1
237 1049 2 2 4
449 1049 1 1 1
597 1048 16 10 68
825 1048 37 24 295
1353 1049 2 1 2
1499 1049 1 1 1
1717 1049 13 19 85
76 1051 3 3 6
147 1050 1 1 1
153 1051 4 3 12
357 1051 1 1 1
574 1051 123 83 1610
717 1051 1 1 1
895 1051 4 5 17
1821 1050 10 1 10
377 1053 2 1 2
440 1052 1 1 1
465 1053 11 5 15
1132 1052 2 1 2
1440 1052 2 2 4
1788 1052 28 20 163
52 1055 2 1 2
273 1055 4 3 6
429 1054 1 1 1
583 1055 4 2 8
959 1055 2 2 4
978 1054 5 10 17
1423 1054 1 1 1
1523 1055 1 1 1
1558 1054 1 1 1
1603 1054 1 2 2
1655 1055 1 1 1
1740 1054 21 15 105
1772 1055 2 2 4
1786 1054 1 1 1
291 1057 1 1 1
383 1056 9 8 58
507 1057 3 2 4
701 1056 4 2 4
628 1059 1 1 1
645 1059 4 2 7
730 1058 1 1 1
1605 1058 2 1 2
34 1060 2 1 2
61 1060 2 1 2
96 1061 2 1 2
145 1060 1 1 1
161 1060 3 1 3
239 1060 3 6 8
254 1061 5 2 9
272 1060 1 1 1
524 1060 1 2 2
538 1060 5 4 17
1526 1060 2 2 4
1615 1060 3 2 4
106 1063 4 2 6
128 1063 1 1 1
180 1063 1 1 1
212 1062 1 1 1
334 1063 7 13 37
349 1063 1 2 2
441 1063 4 2 8
452 1063 8 14 24
480 1063 14 11 89
591 1062 8 8 38
1322 1062 2 1 2
1425 1062 24 40 300
1492 1063 8 9 41
1637 1062 1 1 1
36 1065 1 1 1
250 1065 1 1 1
320 1064 5 2 6
504 1064 15 18 129
688 1065 2 1 2
1595 1065 2 1 2
151 1066 3 3 8
286 1066 2 1 2
428 1066 1 1 1
474 1067 2 1 2
557 1066 2 2 3
694 1066 4 1 4
1507 1067 2 3 6
1550 1067 8 6 22
1631 1067 2 1 2
1648 1067 1 1 1
1738 1066 2 9 10
56 1069 12 12 34
362 1069 3 2 5
629 1069 4 3 6
746 1068 4 2 5
1518 1068 17 20 94
200 1071 10 18 36
712 1071 36 21 344
741 1070 1 1 1
1836 1071 4 11 32
223 1072 1 1 1
350 1073 1 1 1
523 1072 32 32 236
1601 1073 24 15 93
1772 1072 3 2 4
89 1075 7 2 11
254 1075 1 1 1
576 1075 1 1 1
775 1074 1 1 1
1590 1075 1 1 1
1651 1074 17 29 110
1731 1075 1 1 1
694 1076 9 3 10
778 1076 2 2 3
1681 1076 3 3 6
423 1078 1 1 1
1706 1078 1 2 2
27 1081 1 1 1
70 1080 2 1 2
469 1081 1 1 1
781 1081 4 4 11
854 1081 3 2 4
1471 1081 5 2 8
1782 1080 11 6 22
0 1082 4 1 4
82 1083 5 3 9
306 1083 5 1 5
492 1083 2 7 8
793 1082 1 1 1
1553 1082 4 3 5
1748 1083 21 13 111
1824 1082 2 1 2
320 1085 1 1 1
507 1085 2 1 2
1502 1084 4 3 8
1696 1085 2 1 2
9 1086 5 3 8
136 1086 2 1 2
151 1087 38 48 352
369 1086 2 2 3
476 1086 4 2 8
1440 1086 46 33 410
1598 1087 2 2 3
1639 1086 3 3 5
1691 1087 3 4 11
1738 1086 7 5 19
57 1089 16 10 72
179 1088 4 8 12
268 1088 5 2 7
426 1088 18 15 80
460 1088 2 1 2
1566 1088 14 10 30
1584 1088 3 2 4
1643 1089 2 2 2
1710 1089 3 2 5
1807 1088 2 1 2
103 1090 2 1 2
264 1090 2 1 2
277 1090 18 14 74
343 1091 1 1 1
1008 1090 1 1 1
1346 1091 1 1 1
33 1092 2 1 2
98 1093 1 1 1
198 1093 1 1 1
310 1092 7 4 21
467 1092 8 4 24
487 1092 3 1 3
564 1092 2 2 3
736 1092 1 2 2
1720 1093 2 2 4
1800 1093 2 2 4
1813 1092 12 8 30
688 1094 54 41 676
1590 1095 36 40 184
40 1096 4 3 10
94 1097 4 3 9
399 1096 4 1 4
500 1097 2 2 3
664 1096 4 2 7
1503 1097 19 10 86
1690 1097 19 13 67
1774 1096 1 2 2
1775 1097 29 20 125
0 1098 1 1 1
114 1098 1 1 1
121 1099 4 1 4
142 1098 3 5 15
197 1099 1 1 1
338 1099 1 1 1
363 1098 4 1 4
1550 1098 8 7 50
1677 1098 6 10 20
1722 1098 13 14 119
129 1101 3 3 9
219 1100 3 2 4
321 1101 13 2 15
578 1101 1 1 1
617 1100 1 1 1
649 1100 1 1 1
1352 1101 1 1 1
1631 1100 6 5 14
1839 1101 1 1 1
51 1102 2 2 4
223 1102 6 3 12
380 1102 1 1 1
364 1103 27 30 154
408 1102 1 1 1
444 1102 1 1 1
538 1103 17 6 43
627 1102 1 1 1
1575 1102 17 30 85
24 1104 4 2 5
145 1105 7 3 9
492 1104 3 4 7
511 1104 2 1 2
620 1105 4 2 6
1547 1105 1 1 1
1659 1105 1 1 1
23 1107 1 1 1
135 1106 1 1 1
207 1107 7 4 18
231 1106 4 3 10
255 1106 2 2 4
267 1106 4 3 11
360 1106 3 2 5
1543 1107 2 1 2
1752 1106 3 6 13
102 1109 2 1 2
525 1108 2 1 2
571 1109 2 1 2
637 1109 2 1 2
1535 1108 4 7 23
1641 1108 2 2 3
1816 1108 4 2 7
75 1110 2 1 2
203 1111 2 2 4
396 1110 4 8 14
650 1111 1 1 1
663 1110 17 27 178
1567 1110 2 6 7
1601 1110 1 1 1
1675 1111 3 2 6
65 1113 6 5 21
130 1113 1 1 1
280 1113 14 6 26
323 1112 2 2 3
486 1112 3 1 3
618 1112 2 1 2
1648 1113 6 3 8
1663 1113 9 7 30
1825 1113 1 1 1
116 1115 4 10 33
224 1115 21 13 75
276 1114 2 1 2
343 1115 11 11 34
422 1114 2 2 3
506 1114 1 1 1
1624 1114 1 2 2
1718 1114 1 1 1
407 1116 10 8 39
454 1117 2 1 2
536 1117 1 3 3
604 1116 6 5 10
651 1116 1 1 1
1467 1117 12 8 50
1539 1117 17 11 94
1829 1116 1 9 9
18 1118 1 1 1
265 1120 4 4 11
336 1121 1 1 1
458 1121 9 1 9
771 1121 3 2 4
1699 1121 1 1 1
1768 1120 6 8 20
5 1122 1 1 1
73 1123 3 2 6
250 1123 1 1 1
612 1122 1 1 1
867 1122 2 1 2
1754 1122 1 2 2
128 1124 5 3 9
195 1124 1 2 2
206 1124 12 13 46
259 1124 2 1 2
538 1124 6 5 16
553 1124 1 1 1
1654 1124 3 2 4
47 1127 9 5 13
221 1127 1 2 2
273 1127 39 26 251
571 1126 1 1 1
1728 1127 1 1 1
1734 1126 1 1 1
133 1129 3 1 3
324 1129 3 1 3
339 1128 4 4 11
518 1128 1 1 1
554 1129 5 3 13
613 1129 4 1 4
640 1129 2 2 3
1558 1129 7 5 17
1566 1128 2 1 2
1755 1129 4 3 11
1808 1129 15 7 41
0 1131 2 2 4
228 1131 6 8 42
300 1130 3 2 5
403 1131 5 1 5
450 1131 1 1 1
452 1130 1 1 1
485 1130 53 39 408
570 1130 1 1 1
1260 1130 1 1 1
1638 1130 10 5 25
13 1133 2 1 2
82 1132 1 1 1
103 1133 2 2 3
191 1132 2 2 2
636 1133 3 2 6
1539 1133 5 3 9
1630 1132 36 41 412
1720 1133 4 5 8
1768 1133 22 10 32
69 1135 2 2 4
92 1135 1 2 2
602 1134 8 5 23
680 1135 53 44 446
1479 1135 1 2 2
1669 1134 1 1 1
1744 1135 1 1 1
33 1136 7 8 21
145 1136 8 10 41
1420 1136 3 2 5
1580 1137 2 1 2
1627 1137 1 1 1
1827 1136 3 1 3
127 1138 1 1 1
170 1138 5 4 16
364 1138 3 1 3
1546 1139 2 2 3
181 1141 18 7 40
313 1140 1 1 1
334 1141 1 1 1
711 1140 1 1 1
1736 1140 4 2 8
1791 1141 19 8 65
1832 1141 1 1 1
81 1143 1 1 1
162 1142 1 1 1
415 1142 18 3 27
425 1142 24 28 296
553 1142 1 1 1
673 1143 6 6 10
1670 1142 2 2 3
1711 1143 5 4 15
7 1144 6 2 8
71 1144 2 2 4
463 1145 7 7 25
565 1145 14 30 92
580 1145 2 1 2
1616 1145 4 5 14
1817 1144 3 1 3
0 1146 5 2 10
28 1146 5 6 19
105 1146 1 1 1
154 1147 1 12 12
234 1146 1 1 1
546 1147 3 2 4
629 1147 7 10 25
1666 1146 33 62 469
1729 1147 5 6 30
1816 1147 15 30 68
99 1149 5 2 6
225 1148 1 1 1
320 1149 3 2 5
393 1149 1 2 2
406 1148 1 1 1
608 1148 9 7 26
661 1148 1 1 1
1019 1149 1 1 1
1375 1148 1 1 1
1702 1149 1 6 6
1748 1149 7 5 29
598 1151 1 1 1
688 1150 4 2 7
1018 1151 1 1 1
1760 1150 17 21 172
138 1152 1 1 1
242 1153 3 1 3
269 1152 1 1 1
477 1152 8 3 16
126 1154 2 2 3
170 1155 4 3 9
233 1154 23 29 137
319 1154 33 35 508
357 1155 3 2 5
413 1154 5 3 13
583 1155 17 10 73
649 1154 8 4 21
673 1155 3 6 12
683 1154 3 1 3
894 1154 2 1 2
1620 1154 4 3 12
1720 1154 9 6 26
1738 1154 1 1 1
1740 1155 4 6 16
25 1156 2 1 2
183 1157 3 3 9
205 1157 18 19 99
288 1157 1 1 1
457 1156 4 5 11
859 1157 1 1 1
390 1158 2 1 2
1709 1158 8 3 17
1803 1158 1 1 1
63 1161 2 2 2
81 1160 1 1 1
133 1161 3 1 3
160 1160 3 1 3
265 1161 3 2 4
400 1161 4 3 11
1610 1160 3 2 6
115 1162 18 14 40
670 1163 1 1 1
1797 1163 13 11 65
61 1164 2 2 3
147 1165 5 13 21
498 1164 8 9 59
554 1165 1 1 1
776 1164 13 16 68
907 1165 3 8 10
104 1167 3 2 5
165 1167 11 6 31
404 1166 2 1 2
414 1167 2 2 3
1621 1166 1 1 1
25 1169 12 8 51
378 1169 1 1 1
461 1168 19 24 234
593 1169 34 40 266
641 1169 6 2 7
1705 1168 1 1 1
1746 1168 1 1 1
283 1170 9 10 31
364 1170 7 8 32
441 1171 9 9 25
458 1170 1 1 1
729 1171 2 2 3
929 1171 1 1 1
1710 1170 1 2 2
1836 1170 4 6 18
51 1173 7 5 26
91 1172 2 1 2
232 1173 1 1 1
632 1173 2 1 2
650 1173 4 2 6
864 1172 15 28 211
1629 1173 3 2 6
1736 1173 30 25 141
0 1174 6 11 35
77 1174 11 12 34
177 1174 6 3 15
420 1174 5 3 7
492 1175 4 1 4
533 1175 25 18 209
661 1175 17 5 27
761 1175 2 1 2
939 1175 22 14 124
1793 1174 2 2 4
300 1176 4 3 9
395 1177 7 8 20
966 1176 4 6 23
144 1178 2 1 2
191 1178 4 2 7
433 1179 4 2 5
687 1178 2 1 2
924 1179 1 1 1
1696 1179 1 1 1
47 1181 4 1 4
106 1181 2 1 2
206 1180 1 1 1
304 1181 1 1 1
524 1180 1 1 1
770 1180 2 1 2
898 1180 10 22 55
1768 1180 7 6 28
163 1182 1 2 2
414 1182 3 2 5
568 1183 2 1 2
679 1183 6 3 13
828 1182 3 3 7
1038 1183 4 4 9
1645 1182 2 2 3
1787 1183 6 3 11
43 1185 1 1 1
136 1184 1 1 1
260 1185 1 1 1
451 1185 6 10 24
487 1185 2 1 2
570 1185 13 11 90
758 1184 4 5 16
839 1185 2 2 3
1720 1185 1 1 1
129 1186 1 1 1
410 1186 1 1 1
649 1187 3 1 3
691 1186 22 31 159
972 1186 14 12 47
1648 1186 4 3 8
1728 1187 5 3 6
1744 1186 1 1 1
1779 1186 4 2 7
48 1189 39 17 281
124 1189 2 1 2
136 1189 27 20 108
170 1188 1 1 1
177 1188 11 5 22
277 1189 1 1 1
639 1189 2 1 2
694 1189 1 1 1
814 1189 2 1 2
1715 1188 1 1 1
1795 1189 45 39 418
31 1191 4 3 8
259 1190 1 2 2
298 1191 1 1 1
390 1190 1 1 1
517 1190 6 2 12
771 1190 92 38 1026
992 1190 4 2 5
1021 1191 1 2 2
1636 1190 3 2 6
254 1193 1 9 9
367 1193 3 3 8
487 1193 6 11 34
515 1192 1 1 1
527 1192 1 1 1
652 1193 4 3 8
997 1192 1 1 1
1544 1192 1 1 1
188 1194 8 4 21
214 1195 1 1 1
233 1194 5 14 35
295 1195 1 1 1
308 1195 6 2 8
347 1195 7 6 12
434 1195 21 18 167
569 1194 1 1 1
665 1194 2 1 2
1724 1195 32 26 439
16 1196 2 1 2
30 1197 1 1 1
98 1196 18 8 61
459 1196 2 2 3
565 1196 2 2 3
725 1196 1 1 1
784 1196 2 1 2
917 1196 1 2 2
387 1199 2 1 2
619 1198 29 25 114
950 1199 19 13 96
1013 1198 19 21 147
1702 1198 8 5 28
1798 1198 1 1 1
25 1200 9 11 36
89 1200 3 2 6
163 1200 5 5 19
264 1200 10 8 24
541 1201 1 1 1
936 1200 3 4 7
1786 1201 6 3 13
176 1202 11 7 34
345 1202 1 1 1
366 1202 13 13 44
391 1202 1 1 1
523 1202 2 1 2
721 1202 3 4 8
760 1202 21 19 164
919 1202 7 4 10
973 1202 33 26 287
1645 1202 8 4 10
0 1204 9 8 18
124 1204 2 2 4
222 1204 2 2 3
334 1205 7 7 49
417 1204 3 5 10
782 1204 1 1 1
905 1204 1 1 1
1638 1204 1 1 1
1775 1204 8 4 15
205 1207 4 2 5
320 1207 1 1 1
460 1207 24 21 217
561 1207 14 9 22
662 1207 2 3 4
676 1207 1 1 1
1701 1206 1 1 1
15 1209 8 11 43
230 1209 1 1 1
246 1208 1 2 2
274 1209 38 19 242
394 1209 11 12 58
509 1209 1 1 1
552 1208 3 3 7
578 1209 10 8 31
906 1208 13 15 76
1462 1209 2 1 2
1621 1209 1 1 1
1657 1208 5 9 16
1715 1208 1 1 1
1821 1209 19 19 130
43 1210 1 1 1
69 1210 3 2 6
192 1210 1 1 1
494 1211 16 17 76
666 1210 2 2 4
1696 1210 2 1 2
76 1213 4 4 13
94 1213 13 7 34
326 1213 5 2 9
342 1212 2 1 2
431 1213 2 2 2
1615 1212 4 10 18
518 1214 1 1 1
545 1214 1 1 1
169 1216 2 2 3
220 1216 3 3 8
349 1216 11 5 23
536 1217 7 4 12
597 1216 2 1 2
708 1216 13 12 90
919 1216 2 1 2
945 1216 11 12 26
1717 1217 2 1 2
1758 1217 1 1 1
1789 1217 5 1 5
33 1219 1 1 1
121 1218 1 1 1
150 1219 4 2 8
184 1219 1 1 1
197 1219 17 9 86
261 1218 1 1 1
670 1218 4 5 18
687 1219 3 3 8
866 1218 2 2 3
1671 1218 2 2 3
1701 1218 3 4 5
41 1221 17 7 94
256 1221 4 7 19
451 1221 1 1 1
567 1220 1 1 1
588 1220 2 1 2
600 1221 5 7 32
760 1221 1 1 1
962 1221 2 1 2
1632 1221 2 2 2
1720 1221 5 7 11
24 1223 5 5 25
369 1222 1 1 1
927 1222 2 1 2
974 1223 1 5 5
1686 1223 2 5 10
5 1224 9 4 29
238 1225 3 3 9
320 1225 3 3 5
390 1224 1 4 4
874 1225 1 3 3
930 1225 3 3 9
1017 1224 1 4 4
1661 1224 5 4 12
1744 1225 5 3 15
108 1227 2 1 2
365 1226 1 2 2
375 1227 4 1 4
412 1227 1 1 1
440 1227 1 1 1
663 1227 2 1 2
1062 1226 2 2 4
1599 1226 4 2 6
1773 1227 1 1 1
