0 0 1840 1228 2105460
710 0 14 32 316
743 0 11 15 133
791 0 10 20 174
889 0 7 15 89
952 0 5 6 27
1040 0 8 5 28
1027 0 44 169 2555
1121 0 21 60 773
1281 0 13 12 137
1347 0 13 21 205
1450 0 20 42 403
1510 0 12 4 37
1530 0 22 88 1142
1600 0 29 62 974
992 5 5 11 53
571 6 11 20 185
1105 6 5 11 45
908 9 5 7 29
1246 10 21 9 92
1087 13 7 15 83
377 14 64 149 3293
852 15 6 14 64
541 16 27 50 640
647 16 18 22 293
998 19 5 6 20
520 22 11 18 155
1369 24 30 67 1106
781 27 12 23 226
824 27 6 10 54
906 31 8 14 88
1287 32 17 23 281
447 36 39 46 1027
1076 38 32 55 644
867 41 15 17 168
912 42 24 56 515
989 42 4 8 23
1409 45 17 25 287
503 47 11 19 173
701 48 3 5 11
1002 48 4 6 22
301 50 26 41 488
1174 51 8 16 99
1203 53 14 30 326
994 56 2 2 3
696 62 16 24 263
816 65 23 28 450
417 66 13 21 212
727 66 17 60 560
1263 69 12 23 221
485 70 15 43 410
608 71 13 25 263
1111 70 6 13 65
1130 75 13 27 268
880 80 5 12 49
894 81 7 14 81
1582 80 6 6 22
1450 82 12 22 219
1409 87 14 24 276
1350 88 12 18 175
1097 90 30 58 657
1292 92 11 19 178
778 94 7 15 82
1244 94 16 28 350
1001 99 1 2 2
1585 99 19 59 651
1536 102 17 36 488
872 104 12 18 166
983 105 2 3 4
660 108 10 20 159
1072 108 5 20 69
972 111 4 11 41
266 115 18 23 312
907 114 43 53 667
1500 114 13 22 215
692 118 13 23 225
1169 118 14 27 305
764 122 7 12 65
1088 125 3 7 19
1384 126 12 21 194
447 132 15 26 174
1707 132 8 7 30
1324 136 64 115 3469
813 139 7 14 74
968 139 19 17 199
743 141 8 17 114
997 140 8 12 87
1406 140 11 16 140
670 142 28 125 1459
1435 149 15 21 252
794 150 7 13 59
1358 150 4 5 17
552 152 12 22 220
704 152 1 2 2
350 154 22 31 542
500 154 67 68 940
710 156 8 11 69
948 156 4 10 34
1276 156 36 32 881
283 158 10 19 161
1108 160 4 8 27
1570 163 18 29 417
769 171 17 14 91
421 173 24 21 210
969 173 40 38 800
1094 172 13 16 121
712 175 12 31 207
879 175 5 12 48
1176 174 12 20 166
387 178 27 57 812
1401 179 9 15 113
1596 181 17 26 316
910 182 5 6 18
1524 185 39 31 522
1057 186 17 16 216
854 188 12 32 204
939 188 3 1 3
811 191 14 22 174
628 194 25 42 684
754 194 5 10 41
1095 195 4 8 29
1155 195 6 10 45
1017 202 21 21 249
1057 204 114 168 2695
770 207 6 11 55
754 213 7 13 67
1493 212 16 24 300
1187 215 12 31 317
1455 217 10 16 140
266 218 17 25 333
1054 218 3 3 8
534 221 10 19 151
910 225 11 15 115
703 227 4 8 25
353 229 34 66 997
1556 229 16 29 372
570 232 13 19 155
1036 234 10 15 76
961 239 18 15 176
1480 238 13 22 246
1411 241 25 33 379
702 247 10 21 174
777 249 19 25 324
850 249 6 15 74
404 251 10 13 95
457 250 11 20 184
762 252 6 13 63
975 253 71 67 1575
498 260 10 18 158
618 261 8 12 71
1511 260 13 21 219
1292 263 15 50 624
956 264 10 18 137
866 267 44 23 500
1327 267 44 57 736
1539 269 25 25 451
551 275 8 10 25
599 274 21 23 315
694 276 17 34 331
838 277 10 11 91
1615 277 21 21 285
1408 281 10 16 128
808 283 6 13 57
966 283 4 11 43
1238 284 15 28 267
914 286 6 15 80
766 289 6 14 70
1487 289 20 27 327
1741 289 21 2 22
856 291 5 13 62
1453 290 17 22 287
440 293 10 15 121
1771 293 3 2 4
510 299 9 17 125
655 299 31 36 340
795 298 5 11 46
1051 299 6 10 51
623 300 8 14 89
654 300 1 5 5
1130 300 12 24 222
1567 300 21 42 542
897 303 4 9 33
376 305 28 25 461
975 307 4 7 24
776 309 5 10 44
832 309 6 15 79
804 317 8 14 70
344 321 11 16 130
890 321 11 46 274
967 321 15 20 194
1065 320 3 12 17
1006 323 30 48 582
468 326 20 20 292
1430 327 11 19 172
1334 330 12 36 291
366 333 8 11 64
1138 333 11 21 187
672 336 22 56 458
1079 336 4 9 33
977 339 20 28 321
1058 339 6 7 41
401 341 1 1 1
1361 341 10 15 120
1513 341 14 21 240
1761 340 1 1 1
1043 342 6 13 42
1746 343 14 37 206
954 345 2 2 4
493 347 10 15 119
706 346 7 13 69
1067 349 4 4 14
410 352 17 17 219
724 354 7 13 75
956 355 3 4 10
1191 356 10 20 163
585 359 9 1 9
615 358 27 11 110
782 359 22 19 182
847 362 5 9 37
950 363 4 8 29
1056 363 3 7 18
1355 363 6 7 31
1476 363 51 41 982
563 364 17 3 45
595 364 9 8 56
1071 365 4 7 18
1164 365 14 23 253
1019 369 138 64 2165
1373 370 11 19 174
648 373 11 18 160
1015 376 3 7 20
217 379 19 26 393
461 379 9 15 117
492 379 9 11 86
897 378 7 20 97
960 378 9 16 86
1438 379 12 31 295
293 380 9 11 75
410 380 9 10 67
919 381 4 7 25
1293 381 9 17 123
325 382 21 14 185
1216 382 16 27 334
599 387 16 44 320
791 387 9 22 173
824 387 6 8 34
306 395 17 31 423
353 396 11 12 97
742 397 10 20 167
975 397 13 8 66
1007 397 7 15 94
1337 396 5 10 42
938 399 4 8 26
700 402 23 17 274
642 407 12 30 261
944 407 4 9 31
1406 407 11 16 154
521 408 9 15 115
1319 411 9 18 106
393 413 9 10 69
816 412 6 17 92
866 413 5 17 67
1597 413 16 15 172
678 415 8 16 111
1017 414 4 13 33
1052 415 52 57 380
1443 416 22 29 362
353 418 10 13 112
1342 419 18 30 264
775 421 5 11 43
1480 422 16 17 196
842 427 4 8 28
206 429 28 24 523
1018 428 32 59 733
409 430 6 16 70
892 433 4 5 16
978 432 3 7 15
1007 433 4 5 16
912 435 3 12 32
950 434 3 7 18
526 439 10 14 108
1100 438 35 6 100
361 441 7 4 21
702 441 6 11 57
824 440 4 8 25
327 443 5 3 7
876 442 21 21 193
1240 443 11 21 187
939 445 3 4 12
308 446 9 10 72
389 448 7 7 36
997 448 7 13 75
1501 448 13 15 145
683 450 5 6 25
551 452 10 20 177
799 453 4 7 27
751 455 5 7 30
869 454 1 2 2
723 456 4 5 12
1307 457 32 29 374
416 458 18 28 262
925 458 3 5 14
979 458 4 6 20
1065 458 3 5 10
1142 459 2 5 6
480 460 9 15 113
673 461 8 13 80
954 460 8 5 29
768 463 14 16 125
1026 462 2 4 8
1526 462 10 12 89
804 465 4 9 27
1058 465 5 8 34
1199 464 13 21 228
1593 464 16 23 241
705 467 3 3 5
1546 468 20 20 249
995 471 25 28 266
312 472 20 27 425
1487 472 8 7 39
1115 475 30 25 192
569 480 8 15 106
952 480 2 7 13
539 483 21 23 368
628 484 13 36 296
914 489 3 3 8
1507 488 10 13 103
843 491 3 5 14
1063 490 2 2 4
921 492 3 8 23
1307 492 5 5 20
1482 492 13 18 179
686 494 7 9 49
854 495 32 25 314
936 495 9 18 82
1693 495 15 3 35
1055 497 2 3 5
1342 497 21 21 200
1017 498 27 18 105
1101 499 5 9 41
970 503 58 54 1173
912 506 9 9 50
1417 507 47 28 809
505 509 9 16 128
664 509 11 18 135
265 511 12 12 118
733 512 48 55 733
1064 513 3 5 12
1580 512 14 23 208
344 514 7 7 38
809 515 4 7 21
534 516 9 13 86
1135 517 5 8 32
1326 516 7 9 51
575 519 21 36 519
1067 519 3 6 14
323 520 11 9 76
933 521 3 5 12
1045 520 19 25 134
1027 525 3 6 17
366 527 9 12 92
725 529 5 8 38
197 530 20 40 531
232 536 10 14 126
343 536 8 7 43
785 538 5 8 33
922 538 2 5 8
1311 538 3 2 5
1336 538 9 14 107
539 540 9 13 94
941 541 17 13 96
1239 540 10 17 150
1358 542 8 10 66
832 546 12 15 72
1447 547 18 18 166
1282 549 13 8 62
1698 549 7 5 19
1097 551 37 56 724
654 552 17 24 156
1094 555 5 5 19
804 556 19 24 332
1060 557 4 6 18
617 558 8 12 58
867 558 8 14 65
1016 559 6 10 44
705 561 6 12 67
1036 560 3 3 9
370 563 11 15 134
982 563 25 18 224
302 564 15 18 222
1297 564 4 4 15
734 567 9 32 217
834 567 3 7 19
921 567 22 46 184
1050 567 2 2 3
1421 567 10 22 179
1351 568 8 10 48
1485 569 11 14 130
1552 568 9 11 81
256 572 18 42 361
757 576 3 4 8
909 577 1 1 1
944 577 1 3 3
1013 578 18 25 276
994 583 3 5 13
1292 584 4 3 11
1259 586 7 10 53
861 590 6 22 64
942 591 9 10 43
954 591 3 1 3
1041 590 2 3 6
1456 590 15 24 275
582 593 7 11 67
976 593 8 16 96
1308 592 8 14 99
1507 593 9 10 74
308 595 8 6 36
1279 595 4 7 24
1431 596 10 17 149
476 599 9 12 82
1063 598 2 4 8
439 601 9 12 84
345 603 6 3 16
966 603 1 2 2
1035 603 22 11 66
594 605 6 5 24
652 607 11 15 115
809 607 4 8 26
1325 607 4 3 6
494 608 22 16 273
1011 608 3 6 12
1557 608 12 17 160
608 610 9 14 101
892 615 1 1 1
923 615 2 7 14
836 616 4 7 22
950 617 2 1 2
1074 617 8 16 110
850 619 3 5 13
907 618 3 6 8
943 618 51 89 1502
1025 618 9 8 44
422 620 7 10 54
642 621 6 6 32
1220 621 11 19 179
1112 622 4 5 18
1272 623 8 20 119
874 624 3 5 7
902 625 4 8 18
1339 625 8 14 86
559 627 11 19 158
926 627 17 13 83
997 627 2 4 8
1299 626 10 14 106
632 629 3 4 8
703 628 17 17 179
867 629 2 2 2
879 629 3 2 3
952 629 1 1 1
1103 629 5 10 42
526 633 8 11 68
732 634 4 5 17
292 637 8 10 69
333 637 8 9 46
1516 636 4 3 9
620 639 9 10 81
1009 639 3 4 9
1045 638 2 2 4
812 641 4 6 21
1034 641 2 9 17
1036 641 14 17 98
952 642 1 1 1
1096 643 22 25 315
1533 642 14 22 177
469 645 8 5 26
902 644 1 2 2
922 645 1 1 1
1282 644 19 19 185
553 647 1 1 1
826 647 2 3 5
842 646 29 18 178
907 647 1 1 1
946 647 1 1 1
769 648 3 4 11
236 651 16 19 249
603 651 12 24 141
818 651 5 11 50
750 652 4 6 19
1003 653 19 21 135
641 657 7 13 73
896 656 10 1 10
1162 657 1 3 3
578 658 1 1 1
917 658 14 18 107
1160 660 1 1 1
171 664 14 16 181
830 664 4 14 45
333 667 38 22 459
566 666 6 10 45
769 668 3 7 17
1157 673 12 17 162
1279 672 7 12 69
645 675 18 19 163
746 674 4 9 33
1033 674 1 1 1
795 677 13 6 55
406 679 6 8 35
1434 678 26 35 447
864 681 5 7 28
903 681 2 3 4
505 683 7 10 61
1060 682 9 16 122
282 685 25 15 193
1417 687 14 20 216
527 688 25 15 189
742 688 4 5 20
853 688 4 10 38
923 688 2 4 6
1033 688 15 16 48
1126 688 9 15 110
1293 690 8 13 90
1002 695 5 7 32
710 697 4 5 14
866 696 10 27 107
373 698 16 14 125
749 698 10 18 115
1183 699 6 4 17
1477 698 9 13 94
140 701 3 2 5
584 701 29 23 338
843 701 5 7 28
891 700 2 2 4
481 703 11 24 192
1008 703 2 4 7
139 704 1 1 1
230 705 1 1 1
256 705 8 11 72
731 705 4 6 19
1556 704 11 15 132
937 706 2 3 5
1313 707 10 14 109
1535 708 9 10 73
1056 710 7 11 69
189 713 14 17 168
318 712 14 19 200
568 712 5 8 28
769 715 6 10 44
903 715 2 5 8
942 714 2 3 6
271 717 10 9 65
346 717 9 11 75
945 717 26 30 460
983 716 2 3 5
429 718 1 1 1
935 718 2 6 11
974 719 25 25 185
1041 718 3 6 14
401 723 8 11 64
1418 722 41 39 549
1067 724 4 4 16
1302 727 3 3 7
517 729 17 14 126
575 728 6 9 40
845 729 4 8 29
919 729 11 30 181
1017 728 5 8 37
893 731 2 2 3
1225 730 21 29 400
859 733 2 4 8
1034 732 23 21 215
281 737 8 11 67
1532 736 10 18 139
602 739 7 13 79
687 738 8 13 78
1025 739 2 3 6
1309 739 7 11 60
1396 738 9 17 112
637 741 7 14 72
832 741 4 6 21
1368 741 8 13 84
895 743 2 2 3
1008 745 3 6 14
753 747 3 5 13
806 749 4 7 23
869 748 1 1 1
1099 749 4 6 23
1112 748 8 15 94
423 751 6 7 34
718 751 39 31 356
1472 750 8 10 60
504 752 8 12 78
656 752 6 9 39
774 753 5 6 21
167 755 11 12 108
943 754 59 46 1207
1011 754 6 8 27
1070 755 10 5 27
868 756 1 2 2
1283 758 10 13 111
1294 759 49 57 936
927 761 10 4 21
945 761 1 1 1
1058 760 1 1 1
419 762 2 2 3
842 763 1 2 2
783 764 3 5 15
1177 764 1 1 1
561 767 22 8 116
829 767 2 5 10
1064 767 4 8 29
1308 766 2 2 4
904 771 2 8 16
1025 770 2 3 5
1422 771 9 12 97
922 772 1 8 8
587 774 32 29 323
1441 775 12 17 161
343 777 8 11 64
839 777 4 18 60
1277 777 8 10 64
227 778 13 16 162
911 779 1 1 1
1009 779 3 4 9
913 781 7 10 16
1215 783 10 18 145
1022 785 2 7 13
748 787 4 5 14
770 786 4 5 14
1037 787 3 4 10
1050 787 2 2 4
1412 786 5 5 20
855 789 3 5 13
936 789 1 1 1
1261 789 3 4 9
644 793 7 7 28
792 794 1 1 1
998 794 1 4 4
835 796 4 7 24
906 797 2 4 6
1028 796 6 16 44
523 798 10 14 104
931 799 2 5 6
559 800 18 18 116
755 800 7 9 38
805 802 3 6 17
1288 804 6 9 45
985 806 5 18 46
1330 807 9 21 150
801 809 2 3 6
857 809 3 7 18
335 810 16 29 303
398 811 5 3 11
629 813 4 9 21
764 812 4 3 9
886 813 1 4 4
792 815 2 1 2
830 815 3 2 5
940 815 1 5 5
1395 814 20 16 268
453 816 7 11 61
1005 817 1 5 5
950 819 1 4 4
1126 819 11 16 129
310 821 9 9 61
824 822 22 29 307
929 823 14 40 348
520 824 6 5 19
617 825 5 7 29
732 825 9 19 89
803 824 3 5 12
906 824 1 2 2
972 824 11 19 77
1075 824 3 4 11
1096 825 3 2 6
259 827 5 3 11
381 826 1 2 2
1260 826 10 20 177
1423 826 9 10 68
593 828 8 18 118
1031 829 2 5 10
1544 829 1 1 1
633 830 5 7 28
897 831 7 12 42
1178 830 1 1 1
400 833 6 4 12
755 832 3 4 11
1008 832 1 5 5
369 834 8 9 61
961 834 1 9 9
1046 835 2 2 3
1289 834 8 11 65
1387 835 30 29 386
871 837 3 4 9
1024 836 1 2 2
1498 839 16 11 118
242 840 2 2 4
1018 840 2 5 10
211 842 12 11 92
759 844 3 3 8
776 844 4 5 14
646 847 1 1 1
1000 846 4 8 28
410 848 16 17 116
720 848 4 6 19
1027 848 7 7 19
1050 848 1 2 2
1251 848 4 5 17
384 851 8 8 48
1048 851 2 4 4
1262 854 38 32 474
727 856 4 3 9
1021 857 4 10 38
1038 856 10 14 51
1234 856 3 4 6
1337 856 4 5 11
840 859 7 14 83
895 858 12 5 28
980 859 2 3 5
990 861 5 8 23
1111 860 15 36 336
355 863 21 23 148
548 862 8 26 98
699 862 3 4 10
977 863 1 2 2
451 864 1 1 1
733 864 4 6 20
922 864 1 4 4
568 868 5 5 20
883 869 5 4 12
925 869 1 3 3
1139 869 3 5 12
855 871 3 4 9
413 873 3 2 4
633 873 6 13 46
781 872 3 3 8
935 872 11 37 199
1014 872 21 29 194
1397 873 9 12 77
1498 873 8 12 75
977 874 3 6 12
1066 877 3 3 9
1184 877 8 12 79
887 881 1 4 4
1039 880 13 15 120
655 883 2 2 4
820 883 4 8 22
746 884 7 9 47
891 885 1 1 1
1136 884 9 15 95
903 887 1 4 4
1003 887 2 3 5
337 889 18 10 70
585 890 17 18 228
1283 890 5 8 39
784 892 2 6 12
974 893 2 3 3
453 894 7 26 137
334 896 3 5 13
813 896 3 9 22
828 897 13 9 99
893 897 2 3 4
425 898 6 5 18
778 898 3 5 14
960 899 4 9 31
990 900 2 7 13
1003 901 1 4 4
1027 901 1 3 3
754 903 3 5 14
301 904 12 13 127
625 907 6 9 39
1509 906 6 7 35
325 909 7 8 40
1052 908 11 8 20
952 910 11 20 104
1007 911 2 5 9
1424 911 8 8 36
252 913 1 1 1
281 912 7 2 14
580 913 7 12 66
604 912 7 9 51
756 913 13 15 81
796 912 13 17 82
905 913 2 2 4
279 914 1 1 1
660 914 4 4 15
989 914 1 3 3
1025 915 1 2 2
1543 915 8 5 28
556 917 6 19 62
1003 917 4 7 26
387 919 2 2 4
850 918 3 4 10
425 921 6 5 23
677 920 7 12 74
819 920 17 23 230
988 921 1 2 2
1283 923 8 11 75
900 925 1 3 3
998 927 1 4 4
1005 927 10 12 76
1325 926 11 14 99
341 929 7 7 32
704 929 2 2 4
858 929 2 6 12
875 928 2 1 2
1396 928 31 46 492
1471 928 11 10 84
110 931 9 5 20
382 930 5 5 16
690 931 6 11 51
790 931 13 14 57
869 932 2 3 5
1246 933 5 7 28
743 935 2 4 7
970 935 6 9 42
1373 935 8 11 68
421 936 3 2 4
884 937 10 10 28
941 936 1 4 4
1261 936 2 3 5
1291 936 8 19 77
262 938 13 18 193
629 938 7 23 83
947 938 21 22 175
1493 941 6 5 21
985 942 1 2 2
592 944 6 11 55
871 944 1 1 1
932 945 1 1 1
1512 944 1 1 1
1747 945 2 1 2
835 947 3 9 25
878 947 1 2 2
969 947 59 34 437
713 947 398 232 24364
1127 947 4 3 7
1437 947 9 9 53
1597 947 2 1 2
1269 949 2 2 4
1575 948 2 2 3
160 950 11 10 75
313 953 25 23 242
1244 952 8 14 86
1165 955 7 7 28
508 957 8 13 78
1042 957 2 3 4
1216 959 3 4 6
397 960 1 1 1
747 961 3 6 14
345 962 3 3 4
708 962 4 4 12
1277 962 4 5 11
201 965 1 1 1
733 965 2 3 5
960 964 1 4 4
550 968 12 20 135
814 969 18 14 80
910 969 56 46 707
1428 968 9 14 102
500 971 6 8 43
791 970 2 2 4
849 970 2 2 3
1292 970 3 2 5
1468 971 6 5 24
393 973 2 1 2
646 973 1 1 1
728 972 5 7 17
763 972 2 3 6
610 975 7 12 65
1495 974 1 1 1
1347 977 6 9 39
530 979 5 8 35
626 978 5 8 33
308 982 18 22 225
792 983 1 1 1
867 982 29 28 164
1185 983 1 1 1
1221 983 16 16 155
1285 983 2 1 2
478 984 1 1 1
1393 985 9 18 95
190 987 11 13 100
586 987 7 12 64
969 986 1 1 1
992 987 1 2 2
1366 987 1 1 1
278 989 1 1 1
776 988 10 28 120
988 990 1 3 3
1537 990 1 1 1
1014 993 1 3 3
1268 992 1 1 1
663 995 12 11 41
827 995 21 45 289
909 994 1 1 1
1032 995 5 9 19
1292 995 7 11 57
866 997 1 1 1
278 999 1 1 1
795 998 9 5 23
989 999 2 3 6
555 1000 8 11 69
1476 1000 1 1 1
721 1002 9 14 96
764 1002 2 4 7
890 1003 19 15 63
1452 1003 8 7 36
995 1004 3 6 16
1472 1005 4 2 7
230 1006 6 11 41
489 1007 7 8 42
983 1007 1 1 1
1493 1006 1 1 1
704 1008 4 9 30
1399 1008 39 39 361
1644 1008 1 1 1
881 1010 1 1 1
1030 1011 3 5 9
666 1012 6 11 62
809 1013 8 5 27
1300 1013 13 8 75
1678 1013 2 1 2
392 1015 1 1 1
574 1015 6 9 48
650 1014 3 3 6
915 1015 33 47 537
1006 1015 1 1 1
1836 1015 4 1 4
496 1018 7 12 71
614 1019 4 5 10
873 1019 1 3 3
942 1018 1 3 3
549 1020 4 5 16
863 1021 1 1 1
963 1020 3 4 8
1054 1021 3 7 18
990 1023 3 3 7
1288 1027 5 8 32
186 1029 12 18 172
372 1028 8 8 52
579 1028 18 18 151
1312 1029 1 1 1
1324 1028 6 8 33
1002 1031 1 1 1
1233 1030 12 7 47
1017 1033 26 30 315
1466 1033 1 2 2
884 1036 1 3 3
956 1037 2 3 5
1365 1037 7 12 74
1605 1039 2 1 2
513 1041 5 7 28
976 1040 6 10 33
619 1042 5 7 30
834 1043 3 7 19
270 1045 7 7 34
560 1044 6 9 41
1178 1046 1 1 1
1244 1047 9 9 65
367 1048 1 2 2
955 1048 1 2 2
465 1051 5 7 25
498 1050 5 5 12
1326 1050 1 2 2
830 1052 2 4 7
961 1054 2 2 4
987 1055 3 3 6
1430 1055 5 6 22
1485 1055 9 12 57
1356 1057 18 10 129
1242 1059 2 4 6
1409 1058 9 10 76
546 1060 4 6 21
451 1062 5 5 19
380 1065 3 5 9
509 1064 6 8 37
955 1064 11 12 34
998 1064 1 2 2
137 1067 1 1 1
880 1066 1 2 2
912 1066 11 18 56
976 1067 1 2 2
1208 1067 7 12 79
1238 1066 2 2 4
699 1069 3 5 12
984 1069 1 2 2
335 1070 11 11 85
1451 1070 10 11 70
1001 1073 1 3 3
1289 1072 2 2 2
584 1074 1 1 1
628 1074 5 6 25
680 1074 3 4 9
1248 1074 6 5 20
657 1076 11 12 94
1232 1076 6 8 35
860 1078 2 3 6
1257 1079 17 20 186
274 1080 4 2 6
570 1081 6 9 43
949 1081 1 2 2
1145 1080 7 11 63
1215 1080 1 1 1
596 1082 4 6 17
1218 1083 8 10 61
490 1084 5 4 13
620 1085 4 6 18
911 1085 1 2 2
904 1087 1 1 1
1281 1087 4 6 21
1303 1087 6 7 31
527 1089 3 5 10
876 1089 1 3 3
1395 1088 3 4 7
1453 1091 21 18 201
677 1103 4 8 28
1658 1102 1 2 2
1688 1105 2 1 2
1406 1109 6 8 33
431 1110 5 3 10
503 1111 6 8 39
1158 1111 10 6 31
1371 1110 5 4 17
1286 1112 5 7 28
1534 1113 1 3 3
617 1115 5 6 24
1383 1114 7 6 27
347 1117 1 1 1
220 1118 1 1 1
1318 1118 5 6 21
1535 1118 1 1 1
277 1120 22 17 124
1479 1120 22 18 145
519 1123 18 10 80
1551 1122 2 2 4
1279 1124 4 5 17
377 1127 1 1 1
567 1127 1 2 2
1112 1126 2 4 8
1612 1126 1 1 1
226 1129 9 5 31
168 1132 1 1 1
697 1132 9 11 51
1211 1132 2 3 5
1635 1132 2 2 3
1661 1132 1 1 1
722 1135 2 5 7
782 1136 3 5 10
1250 1136 4 7 24
1648 1136 5 4 10
680 1138 6 12 59
302 1140 6 7 37
386 1140 1 1 1
802 1141 2 3 6
1300 1143 3 2 4
1413 1143 2 1 2
1471 1143 6 4 15
1623 1143 2 3 4
1731 1142 5 3 9
499 1144 5 7 25
1701 1145 1 1 1
544 1146 9 7 44
1226 1146 9 13 98
284 1150 14 12 101
727 1150 2 2 4
898 1151 1 1 1
1461 1151 1 2 2
617 1153 1 1 1
1203 1152 1 1 1
567 1154 5 7 26
607 1155 10 17 80
1429 1154 14 23 157
445 1157 7 8 29
769 1157 1 3 3
881 1157 1 1 1
923 1158 1 2 2
940 1161 4 24 65
1239 1162 4 4 9
1362 1162 1 1 1
578 1164 4 7 20
1589 1164 5 4 11
734 1166 2 4 8
1201 1166 7 7 27
1407 1166 9 10 59
416 1169 3 2 3
507 1168 1 1 1
1187 1171 7 10 50
832 1173 2 6 11
1320 1172 7 12 43
1379 1172 11 2 14
331 1174 4 4 11
704 1174 3 4 9
817 1175 1 6 6
1130 1175 2 2 3
1371 1174 6 8 46
877 1176 1 3 3
614 1178 3 3 9
1454 1179 1 2 2
297 1180 2 1 2
453 1181 2 3 3
762 1181 1 1 1
1527 1181 1 1 1
234 1182 2 1 2
716 1183 1 1 1
821 1183 2 2 4
533 1186 8 12 49
571 1186 6 10 28
1233 1186 1 2 2
1421 1186 9 28 124
476 1188 5 4 14
680 1188 3 3 7
818 1190 2 5 10
1111 1190 2 1 2
1402 1190 8 9 61
990 1193 1 4 4
1046 1194 2 5 10
1172 1195 1 1 1
1252 1194 4 5 8
151 1197 23 12 218
380 1197 1 1 1
723 1196 4 4 9
758 1197 1 3 3
440 1198 2 2 3
784 1198 4 8 17
820 1198 2 3 4
1617 1199 2 1 2
1707 1199 1 1 1
1836 1199 4 1 4
771 1201 1 1 1
1212 1200 1 3 3
1232 1200 2 1 2
265 1202 6 7 24
691 1202 1 1 1
371 1205 2 1 2
955 1205 1 2 2
1224 1205 1 2 2
365 1207 4 4 7
450 1206 4 3 11
480 1209 5 5 17
1470 1209 1 1 1
623 1211 1 1 1
1494 1210 1 1 1
1535 1210 1 1 1
581 1213 1 1 1
768 1212 7 8 38
932 1212 1 2 2
1214 1213 1 1 1
1538 1213 1 1 1
1401 1214 1 1 1
1721 1214 2 2 2
1468 1216 3 12 17
816 1219 1 1 1
1424 1220 1 1 1
704 1223 3 5 13
723 1223 3 5 12
780 1223 1 5 5
1271 1223 2 5 9
473 1224 2 4 8
1614 1225 2 3 5
1742 1225 4 3 10
486 1226 5 2 10
565 1227 2 1 2
656 1226 2 2 3
