0 0 1840 1228 2137536
61 0 26 13 190
228 0 23 13 229
421 0 47 24 688
548 0 16 18 229
705 0 53 24 718
942 0 1 1 1
1090 0 8 17 81
1664 0 61 20 834
932 15 14 16 138
132 17 28 28 568
604 23 32 27 548
1067 22 27 35 695
203 25 33 37 934
1130 24 32 6 133
718 29 11 16 124
490 30 22 23 328
1359 37 46 64 1632
668 40 9 11 78
948 43 27 35 724
739 46 1 3 3
801 49 1 1 1
893 52 2 5 9
669 62 10 18 120
1426 64 46 50 1656
15 66 177 51 2953
695 66 9 13 99
500 70 45 73 1513
785 71 12 5 27
809 71 6 6 28
461 74 14 16 176
595 75 8 9 54
878 77 8 9 56
1048 80 8 10 69
606 85 9 11 80
743 90 18 31 354
891 94 10 12 84
648 97 9 20 101
664 96 9 10 72
702 107 1 1 1
944 107 9 12 95
1685 106 24 16 215
480 109 7 6 33
699 109 1 1 1
811 111 7 7 34
1071 116 1 1 1
1682 117 1 2 2
267 118 29 37 832
449 120 2 2 4
838 121 7 5 16
452 123 5 3 7
936 125 1 1 1
1439 124 60 79 3160
41 129 50 60 1020
183 129 40 31 922
643 136 26 19 194
899 139 29 41 923
1054 145 7 9 53
0 148 4 15 48
1071 152 13 21 142
744 154 8 11 72
796 154 39 42 1157
484 156 39 38 747
641 161 8 11 66
440 163 13 13 122
266 171 25 18 254
333 174 16 17 209
358 176 1 1 1
760 177 1 1 1
762 178 1 1 1
12 182 20 13 152
631 186 8 9 57
832 199 12 14 130
426 200 13 13 122
778 204 8 10 64
939 204 8 10 60
241 207 31 33 784
497 208 15 15 173
1234 213 40 41 1237
379 219 3 1 3
985 219 6 6 31
363 220 8 4 19
462 221 32 16 262
1332 221 12 11 98
209 227 1 1 1
753 226 8 11 75
662 228 1 1 1
664 229 1 4 4
1310 228 9 5 36
210 230 1 1 1
863 230 14 15 100
1563 231 41 29 776
541 242 12 15 147
632 245 5 4 9
795 244 7 4 10
928 247 7 10 52
233 248 1 1 1
69 250 24 20 359
248 254 25 24 473
849 258 4 6 22
868 258 7 10 53
726 261 5 5 18
1323 265 12 11 97
558 266 24 25 260
911 266 7 7 42
1152 267 27 36 728
340 269 10 8 54
1463 270 57 82 3178
370 272 15 13 151
669 274 8 10 63
477 277 9 7 41
611 277 8 5 24
129 279 11 7 57
687 288 6 7 19
992 289 5 5 16
736 291 7 7 38
763 290 11 14 126
362 294 15 14 157
841 297 5 5 20
513 299 2 4 5
649 298 9 10 59
811 301 15 18 208
889 301 18 15 102
1011 301 5 4 15
311 306 13 12 123
515 311 1 1 1
691 310 39 61 1335
121 314 15 14 128
999 314 6 5 19
563 319 25 26 436
937 319 6 6 24
1211 322 1 1 1
479 327 9 7 42
518 328 25 32 627
1050 329 6 6 28
620 330 5 5 18
876 330 29 37 847
770 332 36 35 810
337 334 9 6 44
59 337 26 23 454
826 338 6 7 32
922 343 5 8 29
1306 342 12 11 103
479 348 9 9 59
1159 348 6 3 10
192 351 27 27 512
413 354 11 9 81
972 357 23 32 560
92 359 12 10 92
947 365 5 5 22
773 368 1 1 1
657 371 10 11 75
770 370 1 1 1
1041 373 1 1 1
693 377 4 4 9
1259 379 39 58 1523
5 385 23 34 317
513 384 13 14 145
910 388 1 1 1
718 390 1 1 1
603 393 4 5 12
1733 395 1 1 1
337 396 10 8 60
639 398 37 39 733
1306 398 9 10 62
395 402 11 5 37
612 402 23 29 524
876 403 14 16 111
1403 403 46 40 1387
1737 402 1 1 1
1696 404 44 52 1397
499 406 18 21 303
938 406 4 5 11
431 409 22 37 388
721 411 45 38 1031
978 412 4 5 17
1555 412 1 1 1
804 414 1 1 1
995 415 5 5 20
1144 414 1 1 1
595 416 8 6 35
1608 418 1 1 1
694 421 5 5 19
897 420 5 5 19
801 431 40 57 1231
1288 433 34 41 1103
190 441 17 12 156
1013 443 5 6 22
1590 443 38 41 1163
245 444 13 8 68
1341 444 1 1 1
478 446 27 30 657
665 447 4 4 13
875 447 9 10 59
618 450 6 6 31
758 451 1 1 1
73 452 14 13 131
638 453 2 3 4
354 457 1 1 1
641 456 2 1 2
649 459 7 8 46
997 458 4 2 5
357 460 2 3 5
860 460 3 3 8
1011 463 25 29 489
708 469 6 5 23
1433 468 26 26 526
959 474 4 3 6
1734 475 1 1 1
1671 477 8 4 19
1161 481 1 1 1
1144 489 1 1 1
466 492 16 26 199
705 492 1 1 1
1398 492 2 1 2
951 494 1 1 1
350 497 8 6 29
515 496 14 16 169
596 496 4 4 12
973 497 16 19 251
854 499 5 6 23
300 501 14 8 70
892 503 1 1 1
1495 504 3 1 3
366 506 14 11 124
603 507 1 1 1
703 506 41 54 995
824 507 8 8 37
803 509 1 1 1
611 511 45 62 1769
898 514 1 1 1
1453 514 66 57 1936
489 516 12 14 126
766 516 38 43 849
1324 517 2 2 3
293 521 1 1 1
295 522 1 1 1
923 522 4 2 4
1150 523 1 1 1
189 524 20 16 225
1763 526 1 1 1
513 528 5 2 6
349 531 2 1 2
1352 530 1 1 1
11 535 16 17 172
1605 535 1 1 1
979 536 25 27 466
1777 536 2 1 2
1782 537 1 1 1
1193 538 8 6 39
1253 542 1 2 2
1207 544 1 1 1
868 546 1 2 2
1301 546 8 7 34
375 549 1 1 1
943 549 4 4 13
1542 548 2 1 2
379 550 29 30 395
670 550 7 20 92
1340 554 2 2 3
421 556 1 1 1
217 558 7 3 15
331 560 16 21 240
1224 561 2 8 9
1353 560 62 99 2665
1418 560 1 1 1
773 565 18 20 274
1532 565 1 1 1
701 566 5 5 15
835 567 1 1 1
865 570 5 5 18
1217 570 1 2 2
1420 574 1 1 1
1758 574 3 1 3
1778 574 39 33 949
1576 576 40 38 1085
1687 576 1 1 1
818 579 3 2 6
1220 582 1 1 1
805 584 5 4 16
1118 585 1 1 1
616 586 1 1 1
747 587 5 5 20
1285 586 25 27 434
294 588 12 2 18
821 591 1 1 1
840 590 19 31 373
931 591 1 2 2
972 591 19 17 217
589 596 10 7 46
1182 597 1 1 1
926 599 4 7 16
1159 598 18 30 313
189 600 13 6 38
646 600 1 1 1
916 600 2 3 5
1467 600 43 39 1222
1673 600 1 1 1
144 605 1 1 1
620 604 3 2 4
1260 605 8 7 45
1324 605 1 1 1
1220 606 3 2 4
546 609 3 2 5
1318 610 1 1 1
29 620 9 3 19
682 620 3 3 7
866 621 1 1 1
66 623 1 1 1
871 623 6 13 62
70 627 6 1 6
508 626 2 2 4
648 627 6 4 14
1438 626 1 1 1
358 628 1 2 2
627 629 7 6 36
759 629 1 1 1
80 631 1 1 1
355 630 2 1 2
512 631 9 6 46
1349 630 2 2 2
1252 633 48 53 1382
835 634 5 5 17
853 636 4 3 12
1313 636 1 1 1
618 638 6 6 29
1401 639 1 1 1
753 641 30 19 335
939 641 3 2 6
1191 641 1 1 1
1330 640 1 1 1
480 642 22 8 108
974 643 1 2 2
1332 643 13 24 156
426 645 16 15 197
948 648 14 14 139
1467 648 1 1 1
67 653 1 1 1
686 652 33 22 318
792 655 4 7 17
1630 654 2 1 2
1637 654 22 18 235
68 656 19 16 222
481 659 10 7 54
1165 660 1 1 1
1239 660 1 1 1
111 662 1 1 1
1352 663 1 1 1
1668 663 3 1 3
1528 665 1 1 1
1595 664 1 1 1
865 667 4 9 15
11 668 27 18 244
287 668 11 10 58
764 669 1 1 1
1315 669 2 1 2
491 670 1 1 1
585 671 21 9 70
748 670 43 27 532
1520 670 1 1 1
1403 672 1 1 1
1512 673 1 1 1
631 675 5 5 16
648 674 4 3 10
935 674 3 1 3
1665 674 2 2 3
670 676 15 15 106
813 676 2 1 2
1178 676 8 6 34
1508 676 2 2 3
1662 676 1 1 1
517 685 3 6 13
596 684 17 12 93
1515 684 1 1 1
1633 685 1 1 1
692 686 15 15 186
849 687 1 1 1
244 690 1 1 1
340 690 46 19 583
1394 690 1 2 2
486 697 12 13 118
524 696 10 9 72
1311 697 1 1 1
1575 698 1 1 1
852 700 15 18 198
1427 700 1 1 1
951 703 1 1 1
1112 703 19 20 270
1429 704 1 2 2
1629 705 26 24 465
1193 706 6 5 14
738 709 1 1 1
604 710 1 1 1
1223 710 5 4 8
1666 711 1 1 1
841 713 1 1 1
430 715 3 2 6
434 714 1 1 1
1236 715 32 39 942
1325 715 1 1 1
249 718 4 2 5
741 719 2 1 2
1423 721 1 1 1
423 723 7 4 22
527 725 12 8 33
839 727 19 22 299
907 727 1 1 1
772 729 5 6 16
731 730 9 14 61
336 733 3 1 3
1679 732 2 1 2
49 734 20 16 231
342 734 1 1 1
798 736 1 1 1
1504 741 1 1 1
1539 740 1 1 1
1526 742 1 1 1
1572 742 35 29 777
1767 742 1 1 1
526 745 1 1 1
1007 745 1 1 1
502 747 14 12 130
689 747 17 18 244
1714 748 1 1 1
564 752 10 8 64
735 753 1 1 1
180 755 2 3 4
625 759 6 6 29
719 759 5 5 16
824 758 19 24 373
1352 765 1 1 1
1400 765 2 2 3
100 766 8 8 52
178 766 19 17 233
318 767 3 2 3
951 767 6 3 13
449 768 11 7 44
489 770 13 23 196
601 775 24 21 219
795 776 480 270 28011
1166 776 8 5 12
651 779 26 24 453
425 781 1 1 1
707 781 16 23 223
917 781 1 2 2
1308 780 41 45 743
1800 781 1 1 1
426 783 7 4 21
519 783 27 13 144
755 784 19 22 361
1418 785 2 2 3
322 787 1 1 1
996 787 1 1 1
1145 787 1 1 1
1773 786 4 5 6
1818 787 4 3 5
122 790 8 6 36
734 790 6 7 30
1148 790 22 24 437
909 797 2 3 4
244 799 5 4 13
310 798 1 1 1
351 802 1 1 1
735 805 17 26 264
0 807 14 10 107
1186 806 6 4 11
599 809 1 1 1
180 810 4 4 11
339 814 2 2 3
529 814 1 1 1
1459 816 2 2 3
292 818 8 8 43
420 818 10 10 75
529 819 15 17 137
1508 819 1 1 1
1070 821 1 1 1
553 822 1 1 1
1574 825 2 1 2
673 827 1 2 2
1421 827 1 1 1
546 831 41 18 356
660 831 1 2 2
444 832 25 13 227
933 838 2 3 5
1626 846 30 26 544
1663 848 2 1 2
484 850 6 8 25
705 853 1 1 1
729 853 20 21 220
328 855 2 2 3
291 858 2 2 2
1707 860 5 3 10
346 863 18 14 181
705 863 2 1 2
1669 863 32 23 535
799 866 1 1 1
548 869 11 11 98
610 868 4 3 9
996 869 10 4 13
527 870 5 7 24
50 873 1 1 1
1007 872 1 1 1
1073 873 1 3 3
341 875 1 1 1
442 874 1 1 1
656 877 32 27 460
617 879 3 3 8
1591 879 1 1 1
1542 881 3 3 8
217 883 16 12 116
982 883 1 1 1
1548 885 2 2 3
1529 886 2 2 3
510 889 1 1 1
521 889 4 3 8
401 891 1 1 1
787 891 10 9 61
406 893 1 1 1
562 895 1 1 1
1068 895 1 2 2
826 897 1 2 2
950 896 1 1 1
1751 900 1 1 1
382 903 9 8 51
1734 903 1 1 1
697 904 25 26 456
1674 904 1 1 1
1652 906 22 26 290
778 908 11 12 90
989 909 2 3 3
836 911 12 11 109
1756 911 2 2 4
629 914 4 4 10
535 917 1 1 1
528 919 1 1 1
606 918 1 1 1
482 920 1 1 1
655 928 2 1 2
819 930 1 1 1
1623 931 2 1 2
1742 930 1 1 1
674 932 16 17 211
1795 935 5 3 8
858 938 1 1 1
1800 939 2 2 2
243 945 3 2 4
649 945 3 2 4
454 946 1 1 1
1500 946 8 6 18
1673 947 1 1 1
24 949 1 1 1
427 949 1 1 1
702 948 3 3 6
802 950 1 1 1
815 952 1 1 1
128 955 3 1 3
401 956 5 10 30
671 957 10 10 84
1826 957 3 2 5
246 958 1 1 1
1001 958 1 1 1
205 961 3 2 4
1689 966 1 1 1
1171 971 13 15 106
772 974 2 2 3
318 976 1 1 1
721 981 2 2 3
843 981 1 2 2
607 982 13 17 96
1451 982 26 28 420
177 985 1 1 1
893 985 1 1 1
283 986 6 4 14
500 987 1 1 1
774 986 3 3 5
791 989 2 1 2
790 991 1 1 1
111 993 1 1 1
732 993 3 2 4
893 997 1 2 2
625 998 1 1 1
1839 999 1 1 1
0 1003 1 1 1
1487 1002 3 2 4
763 1004 11 11 89
788 1007 2 2 4
291 1009 1 1 1
891 1008 1 2 2
228 1013 1 1 1
363 1013 9 7 32
130 1014 2 7 14
575 1014 12 10 60
0 1016 1 1 1
799 1019 1 1 1
182 1020 1 1 1
498 1020 4 4 13
15 1022 2 1 2
129 1024 1 1 1
625 1025 13 20 147
834 1025 3 3 5
37 1026 1 1 1
963 1028 1 1 1
1303 1028 1 2 2
1798 1029 2 1 2
668 1034 5 4 11
40 1036 1 2 2
342 1039 4 3 6
154 1040 6 5 16
712 1040 1 1 1
129 1042 3 4 5
335 1043 6 8 26
586 1044 8 7 30
72 1047 2 2 2
245 1047 14 11 89
656 1049 3 4 10
686 1048 4 3 9
625 1053 1 1 1
1060 1053 3 3 5
621 1055 1 1 1
623 1054 1 1 1
579 1061 4 5 14
957 1063 7 11 32
752 1065 4 3 6
529 1068 3 3 5
761 1068 10 12 106
1383 1069 2 2 3
66 1071 1 1 1
981 1071 1 1 1
645 1073 1 1 1
425 1075 3 4 7
1390 1074 2 1 2
536 1076 2 3 4
824 1077 1 1 1
880 1077 7 10 58
1361 1077 1 1 1
394 1078 5 5 12
184 1080 1 1 1
287 1080 8 5 30
744 1080 1 1 1
819 1080 1 1 1
182 1083 1 1 1
284 1087 1 1 1
1401 1086 1 1 1
566 1088 1 1 1
401 1091 4 4 9
1773 1090 1 1 1
1486 1092 1 3 3
1522 1092 1 1 1
1468 1098 11 6 36
624 1100 4 5 13
495 1103 5 4 15
937 1102 1 1 1
729 1107 4 4 11
1597 1106 2 1 2
1553 1109 1 1 1
1800 1113 1 1 1
1244 1130 1 1 1
487 1132 2 2 2
745 1135 4 3 9
989 1138 1 1 1
764 1145 3 3 9
1627 1146 1 1 1
635 1152 7 5 17
31 1158 1 1 1
269 1159 1 2 2
1517 1158 1 1 1
1040 1163 1 1 1
1372 1167 1 1 1
390 1168 1 1 1
951 1168 2 2 3
614 1170 1 1 1
1465 1171 1 1 1
1125 1173 1 1 1
401 1175 1 1 1
595 1174 1 1 1
1451 1178 1 1 1
1021 1183 1 3 3
1274 1182 1 1 1
726 1193 1 2 2
591 1200 1 1 1
1006 1201 1 1 1
245 1202 5 4 11
1131 1207 1 1 1
1288 1209 2 2 3
65 1213 5 6 8
786 1216 3 5 13
1183 1220 1 1 1
750 1223 3 5 13
510 1226 2 2 3
543 1227 1 1 1
