0 0 1840 1228 2042717
15 0 287 80 6777
294 0 6 39 102
529 0 235 133 8567
579 0 6 22 97
771 0 30 69 1042
816 0 5 5 21
891 0 286 171 12736
1032 0 12 15 60
1262 0 156 194 9384
1424 0 19 133 775
1432 0 50 197 2588
1542 0 157 200 16639
1714 0 108 289 7227
1813 0 27 127 888
1214 5 3 4 6
883 9 27 17 340
1240 10 28 23 199
979 13 3 7 16
1489 12 10 19 122
1198 17 3 7 16
1526 16 7 10 41
1691 21 2 7 12
739 27 6 9 35
364 28 4 3 9
1030 37 12 25 123
1189 36 2 5 8
491 39 4 4 8
1211 39 3 8 15
1689 45 1 1 1
1165 50 1 2 2
1253 59 3 8 18
463 62 4 6 17
1343 63 3 4 10
1235 64 3 6 16
1661 70 11 76 203
1240 72 3 6 16
787 75 6 14 65
869 74 3 8 20
1191 77 8 13 69
1211 78 2 3 5
1467 85 11 17 140
509 88 20 30 281
1204 89 3 5 11
1681 89 10 22 121
880 92 2 1 2
903 95 1 1 1
975 96 2 5 8
875 100 6 8 25
1180 100 14 13 105
886 108 1 1 1
967 108 4 5 12
980 109 2 1 2
869 111 7 18 49
1038 111 2 6 8
1052 110 5 6 18
1225 112 2 7 12
958 115 1 1 1
1186 117 2 6 12
1194 117 10 19 97
1485 118 5 8 25
1682 119 1 4 4
649 121 4 9 26
946 120 4 7 17
1229 125 2 6 10
1212 126 2 5 7
1239 126 4 6 14
201 128 10 14 101
959 129 1 4 4
1175 129 1 2 2
1007 131 3 6 16
936 135 1 1 1
1427 134 1 1 1
1812 135 1 1 1
930 138 1 4 4
1209 138 3 7 14
883 141 1 1 1
903 141 60 115 2163
867 142 1 1 1
1005 142 1 2 2
1418 142 5 10 46
997 144 4 9 12
1194 145 3 7 15
980 148 1 1 1
990 149 1 1 1
1168 148 5 8 21
1250 153 2 6 9
1685 152 1 2 2
668 154 8 16 98
994 155 1 3 3
889 156 19 30 192
1110 159 19 21 168
1155 159 1 3 3
984 161 2 2 2
626 163 6 11 53
880 163 1 1 1
1012 163 5 11 48
1221 165 10 13 37
757 169 5 10 36
1217 169 1 1 1
545 170 6 12 59
573 170 21 24 308
1156 170 4 9 24
1195 170 10 12 77
1246 170 8 10 60
885 172 2 2 2
982 173 8 4 13
1096 173 10 20 79
875 175 1 1 1
1018 175 4 9 27
1275 175 4 3 6
1671 174 10 17 76
1143 178 2 2 3
978 181 2 3 4
1837 183 3 10 26
1040 185 1 2 2
1435 186 4 3 9
1045 188 15 13 121
1112 189 16 28 194
1164 188 3 7 13
1431 189 3 4 9
1178 190 2 5 6
1230 191 4 9 22
901 193 1 1 1
1082 192 2 6 10
1271 192 2 6 10
887 194 1 3 3
1540 194 10 22 155
723 196 20 21 259
1293 196 16 16 112
1506 197 1 1 1
855 198 5 12 51
907 202 1 1 1
963 202 1 2 2
1067 205 10 13 89
1415 204 8 11 61
1444 205 12 15 112
1718 204 2 2 2
435 206 9 16 109
569 207 12 13 79
892 207 9 4 21
1135 207 2 5 7
1212 207 2 4 6
1218 207 30 250 1277
1323 207 11 45 147
697 211 4 7 21
995 211 6 12 52
1159 212 4 9 30
883 214 5 10 46
963 218 8 1 8
1136 218 3 6 10
1364 219 19 31 215
1014 220 3 4 7
1271 220 18 12 179
796 222 6 13 61
972 222 1 1 1
1057 223 3 7 14
645 225 5 11 40
882 225 1 1 1
1667 225 9 10 69
1125 226 9 33 131
1206 226 2 5 8
1713 227 8 8 47
1826 227 14 13 125
970 229 1 1 1
1181 230 2 6 10
735 233 5 9 29
893 232 1 1 1
1289 233 19 52 345
1041 235 9 22 76
1141 235 6 9 32
1248 234 1 1 1
1019 236 4 8 27
1094 237 13 8 30
1471 236 9 18 108
1217 241 3 6 10
1248 240 25 11 113
1403 242 14 16 159
1658 243 9 12 72
651 246 8 17 110
1008 246 3 8 21
909 249 2 2 3
695 250 13 15 128
1183 253 2 4 8
1159 255 3 21 37
1067 256 18 17 163
904 258 3 1 3
1123 259 2 6 10
1192 259 11 8 69
893 261 5 9 26
1446 261 9 8 49
1705 260 5 7 26
457 263 7 13 68
690 265 3 6 16
1461 267 4 7 24
871 268 5 9 31
899 269 197 257 14029
713 272 4 6 16
776 273 5 9 34
836 272 3 8 22
1417 272 11 23 117
656 276 3 7 18
994 276 3 8 19
609 279 6 11 52
1444 279 11 14 121
1600 280 10 16 120
855 283 1 1 1
1103 282 3 4 10
853 284 1 1 1
849 287 2 2 2
1098 287 4 8 27
1180 286 23 14 120
694 288 7 13 75
845 290 2 2 2
1055 291 3 6 10
1125 290 7 11 56
1246 291 3 6 12
1329 291 3 3 5
446 293 5 5 14
841 295 2 2 2
1068 294 3 5 9
481 297 5 9 34
892 296 1 1 1
1014 297 6 12 56
839 298 2 2 2
987 298 2 3 4
1297 299 125 382 2782
518 300 6 12 59
838 301 1 1 1
1511 300 6 9 41
437 303 2 1 2
1277 303 23 26 152
1341 302 1 1 1
117 305 178 175 8582
835 304 3 4 4
884 305 1 1 1
904 306 1 1 1
1122 306 1 1 1
1189 306 14 26 100
834 309 1 2 2
902 309 1 1 1
1778 308 10 13 93
1048 311 1 4 4
1625 313 7 7 45
603 314 143 171 6918
832 315 1 2 2
914 316 2 5 8
1118 316 3 7 15
831 318 1 2 2
1484 320 55 39 1172
830 323 1 3 3
928 322 1 1 1
1075 323 5 16 58
866 324 12 41 242
1632 325 9 21 109
827 327 3 22 25
783 328 3 5 13
843 329 5 9 33
1060 328 3 5 10
888 331 4 9 32
1260 330 1 1 1
1250 332 6 11 52
1455 333 5 7 29
1310 335 4 2 7
1115 339 28 23 193
1663 338 12 15 138
1443 343 3 5 11
1814 342 12 12 113
638 344 4 7 25
1018 347 2 4 7
1261 346 11 6 41
702 348 4 8 22
1062 349 3 7 16
1416 349 4 6 15
767 351 2 4 8
1545 351 55 78 729
1701 352 48 80 557
715 357 3 5 9
1010 357 2 5 8
1202 356 4 8 22
865 358 3 14 18
1303 358 1 1 1
1630 359 1 2 2
790 360 1 1 1
1165 363 8 13 69
1274 363 1 1 1
828 364 1 3 3
1250 364 10 11 76
755 368 3 14 35
817 371 1 1 1
1512 370 16 7 61
1342 375 5 1 5
1411 374 8 12 67
1449 374 7 18 44
828 377 1 3 3
1128 376 7 6 22
1270 377 1 1 1
1677 376 2 1 2
471 379 11 17 118
1115 379 3 6 11
1272 378 10 2 20
1395 378 5 1 5
1682 380 6 10 46
1237 383 1 2 2
829 385 1 4 4
864 384 3 14 26
1334 385 1 1 1
108 386 1 1 1
1152 389 2 5 8
1435 388 5 8 32
776 393 3 2 4
780 392 2 1 2
830 392 1 4 4
1063 395 6 11 52
1732 394 17 48 197
990 397 5 11 46
1260 396 5 17 49
1300 396 9 8 45
886 399 9 7 27
1520 398 8 11 56
831 400 1 1 1
1199 401 1 2 2
848 402 4 8 24
1764 402 10 13 90
781 404 3 1 3
637 407 3 6 16
784 406 1 1 1
860 407 30 40 250
1005 406 3 6 11
983 409 1 1 1
822 413 2 22 23
833 413 1 2 2
1112 412 13 19 120
908 414 5 5 18
1160 414 3 6 12
1258 414 2 5 5
1145 417 3 5 9
1257 420 1 3 3
1448 421 9 14 95
1006 422 1 5 5
913 425 1 1 1
1256 424 1 2 2
1402 424 5 6 23
914 427 1 1 1
1172 428 7 12 64
1253 428 3 8 8
916 430 11 15 55
1067 430 2 4 6
1152 431 9 7 21
1489 431 14 14 96
823 436 1 1 1
1191 437 105 204 618
1546 438 7 7 35
568 440 11 28 159
775 441 3 5 12
446 443 7 11 61
1613 443 6 7 30
818 444 1 1 1
1163 445 5 10 40
1300 444 15 23 179
1119 447 2 5 7
1591 446 1 2 2
878 449 2 4 5
890 448 1 1 1
931 448 1 1 1
823 450 1 1 1
844 452 1 1 1
494 457 3 4 7
1323 456 6 6 27
1424 456 6 8 35
808 458 19 128 791
881 458 1 1 1
909 458 1 1 1
1113 459 4 5 14
882 461 3 2 5
1825 460 8 6 35
1199 462 2 4 5
851 465 1 1 1
886 465 1 1 1
888 467 1 1 1
1143 467 1 1 1
889 469 1 1 1
1032 470 15 11 69
1110 471 2 5 8
1059 473 9 11 62
1407 472 4 3 10
799 475 5 10 42
1134 475 2 3 4
1281 474 1 2 2
558 477 3 5 14
751 477 3 6 16
914 476 3 5 9
951 476 1 1 1
1089 477 3 5 11
1717 476 6 6 25
862 481 2 2 2
866 485 2 1 2
1123 485 4 12 26
1158 487 3 5 10
1104 488 2 4 5
1260 489 3 6 13
1077 491 4 12 21
1606 490 27 25 153
1208 493 2 5 9
1025 495 4 7 23
1136 495 3 6 17
883 497 2 2 2
1246 497 7 11 57
886 499 1 1 1
1737 498 7 10 62
788 501 3 7 20
891 500 1 4 4
1113 501 1 4 4
1178 500 12 7 48
1141 503 1 3 3
1676 502 7 9 52
938 505 1 1 1
1061 504 2 12 16
1712 505 7 7 42
1805 507 9 8 56
1499 509 4 5 16
880 511 286 163 17223
921 510 1 2 2
986 511 5 3 9
1086 510 11 8 45
1472 510 5 6 21
612 513 7 13 76
954 513 44 27 384
1274 512 6 9 40
634 518 7 11 62
1459 519 7 11 62
1035 520 5 3 7
1054 522 18 15 89
1182 523 1 3 3
1240 523 5 16 47
698 525 3 6 16
557 530 3 6 16
860 531 5 11 46
889 530 1 1 1
1029 531 4 9 24
1130 530 1 3 3
1188 531 3 5 12
1755 531 8 7 43
679 532 4 7 19
710 534 4 7 23
1113 534 9 4 29
1485 535 5 6 22
1255 536 3 6 12
1185 539 2 4 4
648 541 3 6 16
1008 542 1 4 4
1344 542 4 6 21
768 544 4 7 17
986 545 5 9 32
1377 546 4 7 24
1155 549 3 5 11
626 551 3 5 12
1232 550 1 2 2
1024 553 3 8 22
499 556 4 6 21
1712 557 7 6 30
651 561 5 8 32
1177 560 4 7 22
1602 561 6 6 28
1033 563 5 8 31
1194 562 3 4 7
1010 565 3 8 17
1336 566 98 26 516
950 568 7 14 63
678 570 4 8 24
1287 572 1 1 1
978 575 4 17 40
801 576 13 8 43
1157 576 1 1 1
1172 579 2 5 7
1018 580 2 5 6
1294 581 1 1 1
1659 583 10 18 84
738 585 12 15 57
865 584 2 5 7
372 586 7 11 64
506 587 5 8 33
637 587 5 9 33
812 588 1 1 1
1363 588 4 6 22
448 591 3 3 7
1010 590 3 1 3
1177 591 7 13 49
713 592 1 1 1
1736 592 15 16 124
525 594 4 7 26
775 594 5 12 44
825 595 2 21 33
1230 594 3 5 14
1470 595 6 8 36
1509 594 5 7 26
946 596 3 6 13
1355 597 2 3 4
697 598 4 7 25
662 600 4 7 19
1239 600 2 4 7
1377 601 2 1 2
676 602 5 9 35
518 604 1 1 1
577 604 6 9 38
531 606 1 1 1
812 606 1 10 10
1184 607 6 5 15
545 608 2 1 2
634 608 1 1 1
693 609 1 1 1
1691 609 22 16 164
750 610 2 4 5
1167 613 15 26 172
761 614 4 9 25
978 614 16 15 52
1399 616 7 11 56
505 619 1 2 2
704 618 1 1 1
1483 619 4 5 18
653 620 1 1 1
827 621 1 5 5
546 622 3 1 3
813 622 2 20 22
865 627 10 47 138
1713 627 15 9 72
1740 626 8 10 59
580 628 1 1 1
602 628 2 1 2
1143 629 1 1 1
1455 628 7 8 41
502 631 1 1 1
1520 631 5 7 27
647 633 4 4 12
1224 634 3 2 4
548 636 1 1 1
1438 637 1 1 1
397 638 3 1 3
527 638 2 2 4
748 641 498 157 27979
830 640 1 7 7
1247 640 1 2 2
1595 640 2 2 4
1678 641 32 17 279
704 642 3 1 3
710 643 3 5 12
815 643 2 5 6
1161 642 2 4 5
525 645 1 1 1
1175 644 1 3 3
1214 645 2 5 10
1550 644 6 9 45
1624 645 12 11 80
1646 644 1 1 1
549 646 1 1 1
595 647 1 1 1
680 646 3 5 10
524 650 1 1 1
644 651 2 5 10
831 650 1 2 2
1104 651 2 4 7
1116 650 1 1 1
1207 650 1 3 3
1221 651 2 5 6
104 654 2 1 2
1117 655 2 1 2
499 656 7 10 61
833 658 1 4 4
1264 659 4 3 8
83 662 1 1 1
1134 663 9 12 50
357 665 3 3 7
581 665 4 7 22
1022 665 9 6 26
1281 665 7 4 16
1337 664 18 21 119
1376 665 8 14 71
1687 664 11 8 70
836 667 3 8 9
1449 666 1 1 1
519 669 8 10 54
859 668 1 1 1
1179 668 2 4 7
1707 668 7 9 52
1087 670 1 1 1
1327 671 1 1 1
678 672 3 2 4
735 672 10 7 28
1061 673 4 7 21
1215 672 1 3 3
1478 672 2 1 2
895 675 4 9 29
698 676 16 10 79
1091 676 4 7 24
1263 676 2 1 2
1360 676 5 9 38
839 678 1 3 3
916 678 21 10 84
1025 678 2 10 15
1262 679 1 1 1
1409 678 11 9 42
566 682 5 10 41
587 682 2 1 2
654 683 1 1 1
840 683 1 1 1
1280 682 2 1 2
1127 684 1 3 3
1447 687 6 9 41
1591 686 12 8 49
1644 687 6 6 33
1779 686 1 1 1
1789 687 1 1 1
976 688 32 20 229
1031 688 3 6 14
1511 689 2 2 3
515 691 4 6 22
1062 690 1 3 3
1495 691 3 1 3
1084 692 1 4 4
1346 692 1 1 1
1435 693 2 1 2
1315 696 1 1 1
1690 696 6 5 23
581 698 1 1 1
1051 699 1 3 3
1220 698 1 1 1
1374 698 1 1 1
1674 698 6 9 44
1748 699 8 9 60
1443 701 2 4 7
132 702 2 1 2
1350 704 3 2 4
756 708 4 7 20
1367 708 15 16 130
1406 709 2 2 4
1465 709 2 2 3
1835 709 5 6 25
490 713 2 1 2
1243 712 1 1 1
1791 713 11 11 98
668 715 1 1 1
711 715 5 2 8
1253 714 2 4 5
1283 714 5 9 34
1326 717 2 4 8
1343 716 2 3 4
1391 716 2 2 3
1404 716 1 1 1
1469 719 5 2 7
1697 719 1 1 1
699 720 1 1 1
1536 720 1 1 1
1518 722 6 12 42
734 725 1 1 1
502 726 1 1 1
1330 726 4 9 33
1347 727 1 1 1
1459 726 2 2 3
1305 729 8 8 33
1829 729 4 2 4
109 731 11 3 23
761 731 1 1 1
801 730 3 6 15
1426 730 1 1 1
1437 731 15 10 97
1753 731 1 1 1
530 732 2 2 3
677 733 7 6 19
1375 732 1 2 2
717 734 2 1 2
1746 734 1 1 1
498 737 2 1 2
713 737 1 1 1
1349 736 3 4 11
618 739 2 5 9
810 739 1 1 1
1260 738 13 11 72
1409 739 4 1 4
1476 738 4 5 15
1818 742 11 15 136
552 745 1 1 1
627 744 1 2 2
735 745 1 1 1
1248 745 2 1 2
1375 745 4 6 18
1543 745 4 2 6
1577 744 5 11 21
1802 746 2 1 2
1423 749 2 2 4
1514 749 1 1 1
1617 749 4 8 20
515 751 2 2 3
677 751 6 16 62
820 750 1 1 1
1395 751 7 1 7
643 753 2 1 2
1274 752 2 4 6
1671 753 5 2 6
361 755 1 1 1
1254 755 3 3 8
1289 755 1 1 1
738 758 1 1 1
753 759 3 13 23
1194 758 3 5 9
1408 759 1 2 2
1433 758 10 4 26
1689 759 10 11 68
1416 761 3 2 5
713 762 2 1 2
1242 763 5 8 31
623 765 3 5 14
1212 765 1 2 2
193 767 4 3 7
394 766 15 10 63
642 767 1 1 1
716 766 2 5 9
1224 767 3 5 11
1313 767 5 9 35
1474 766 1 2 2
1611 767 2 1 2
119 769 1 1 1
233 769 2 1 2
563 769 17 3 26
668 768 9 4 21
1329 768 4 5 15
1430 768 2 2 4
1766 768 1 1 1
517 770 5 8 30
602 771 1 1 1
727 771 2 1 2
770 770 2 1 2
1372 771 15 29 120
1634 771 1 1 1
1679 770 3 1 3
26 773 1 1 1
477 772 3 2 5
1128 772 6 11 30
1142 772 4 8 29
1208 773 1 4 4
1236 773 1 3 3
1267 772 6 8 33
1410 773 3 3 7
1825 773 1 1 1
263 774 2 2 3
1113 775 3 7 19
1397 775 3 2 5
1815 775 6 2 9
120 777 2 2 3
347 777 6 9 43
1572 777 3 2 5
554 779 5 7 26
588 779 2 2 2
601 779 1 1 1
660 779 1 1 1
1166 778 4 23 42
1641 779 8 8 43
1748 778 3 2 5
1420 780 3 2 5
1779 783 1 1 1
152 784 1 1 1
441 784 1 1 1
1587 784 4 6 20
1663 784 7 4 18
1071 787 1 2 2
1288 786 6 8 34
1438 786 4 8 28
312 788 2 2 3
338 788 4 2 5
754 788 1 1 1
1232 788 2 6 10
1362 788 2 1 2
1620 788 7 9 49
480 791 2 1 2
597 790 2 1 2
643 790 1 1 1
690 790 20 25 142
806 791 3 1 3
833 791 1 1 1
1138 790 4 6 21
76 792 2 1 2
443 792 2 1 2
452 793 1 1 1
667 792 1 2 2
713 793 5 4 8
411 794 1 1 1
485 794 6 5 18
1423 794 1 1 1
616 796 10 6 23
1699 796 1 1 1
260 799 2 1 2
502 799 2 3 4
575 798 1 4 4
989 798 4 8 31
1280 798 1 1 1
1531 799 1 1 1
1634 798 1 1 1
221 800 1 2 2
595 801 1 1 1
662 800 1 1 1
790 800 1 1 1
1130 800 1 4 4
1138 800 10 16 85
1471 801 3 12 17
1513 800 2 3 4
237 802 1 1 1
721 802 3 3 6
1243 802 1 1 1
1306 803 4 8 26
483 805 1 1 1
646 804 5 11 25
678 805 1 1 1
1184 805 1 2 2
1234 805 1 1 1
1523 804 5 2 6
1595 805 2 2 3
1606 805 2 1 2
1817 804 2 1 2
370 807 2 1 2
671 807 2 1 2
851 806 2 1 2
999 806 7 5 21
1192 807 6 8 28
1260 807 2 3 4
1584 807 8 1 8
1668 807 10 12 84
1785 806 1 2 2
557 808 1 1 1
785 808 3 2 5
899 808 2 4 6
1035 809 10 10 42
1085 808 2 6 11
1488 808 3 1 3
1821 809 1 1 1
363 810 2 2 4
534 810 3 1 3
621 811 13 9 61
720 810 1 1 1
761 811 1 1 1
1355 810 1 1 1
1735 810 3 2 3
1440 813 4 6 20
1574 812 1 1 1
484 814 1 1 1
1416 815 2 1 2
1654 814 1 1 1
1697 815 3 2 5
1774 814 5 3 10
699 817 2 9 16
792 816 4 1 4
1595 816 3 3 7
203 818 7 10 18
787 819 2 1 2
1021 819 8 15 67
1055 819 1 2 2
1124 819 7 9 46
1763 819 2 1 2
771 820 13 18 79
886 821 1 1 1
989 820 2 2 3
1092 820 1 4 4
1818 820 1 1 1
217 822 1 1 1
524 822 2 2 4
601 823 3 2 3
660 822 9 9 32
1718 822 12 13 83
311 825 1 1 1
491 824 3 6 17
519 825 1 1 1
862 825 1 3 3
957 824 8 13 49
1181 824 4 9 15
1430 825 1 1 1
1515 824 5 5 14
1590 824 1 1 1
30 826 1 1 1
323 827 1 2 2
416 826 10 1 10
814 827 3 1 3
933 827 4 9 21
1196 827 1 2 2
1681 827 2 2 3
91 828 4 3 6
571 828 1 1 1
591 828 4 10 30
803 828 2 2 2
823 828 3 2 4
852 829 1 1 1
1060 829 1 1 1
1114 829 3 2 4
1434 829 1 1 1
1758 828 1 1 1
483 830 7 2 9
633 831 1 2 2
827 830 1 2 2
1068 830 3 2 5
1295 831 2 1 2
356 832 3 1 3
367 832 6 8 44
672 833 1 1 1
749 832 8 8 16
1164 833 4 14 35
1321 832 18 5 52
1340 832 2 1 2
721 834 15 6 37
983 834 1 1 1
1302 834 1 1 1
1444 834 1 1 1
1501 834 2 2 2
1602 835 1 1 1
557 836 7 2 9
613 836 2 1 2
888 836 1 3 3
1261 836 16 8 90
1576 837 9 2 10
290 839 2 1 2
739 839 1 1 1
599 841 1 1 1
658 840 35 10 97
862 840 1 1 1
980 841 2 5 9
997 840 2 4 6
1228 841 19 9 53
1413 841 6 7 31
1504 841 5 3 8
1649 840 3 3 6
325 842 1 1 1
374 842 1 1 1
619 843 26 12 96
707 842 1 1 1
964 843 4 8 29
1066 843 2 5 8
1813 842 1 1 1
34 845 1 1 1
763 845 1 1 1
915 845 14 7 63
1013 844 1 1 1
1152 845 1 1 1
1281 844 2 1 2
1318 844 1 1 1
1333 844 30 24 487
1469 844 1 1 1
1517 845 1 1 1
1596 845 2 1 2
482 847 1 1 1
1038 847 6 2 12
1096 847 5 9 30
1495 847 2 1 2
1521 846 2 2 4
1720 846 5 2 6
506 849 1 1 1
609 849 2 1 2
853 848 2 1 2
1118 848 2 1 2
1136 848 1 4 4
1377 849 11 8 46
1455 849 2 1 2
586 851 1 1 1
652 851 8 7 20
1148 850 2 5 8
1419 851 2 2 3
422 852 4 2 4
437 852 6 9 41
553 852 1 1 1
591 852 1 1 1
856 853 1 1 1
1009 852 8 12 30
1046 853 4 8 28
1068 853 14 14 45
1170 852 3 2 5
198 855 3 1 3
375 855 7 10 53
865 854 4 1 4
960 855 1 1 1
984 855 1 2 2
1725 854 2 1 2
45 856 1 1 1
216 856 3 2 4
508 857 1 1 1
559 857 4 1 4
564 856 1 1 1
887 857 1 4 4
1144 856 1 1 1
188 859 3 1 3
533 858 1 1 1
642 858 8 10 44
970 859 1 1 1
1433 859 1 1 1
1484 859 1 1 1
1512 859 2 2 3
220 861 1 1 1
871 861 7 8 28
977 860 1 3 3
1303 860 12 9 52
1741 861 2 1 2
315 863 3 2 4
459 862 5 8 37
490 863 10 2 12
584 863 3 5 11
800 863 9 10 28
1193 863 1 1 1
1388 862 1 1 1
1390 863 5 4 14
1485 862 5 7 30
1548 862 1 1 1
1576 863 2 2 2
197 865 6 3 12
610 865 2 1 2
636 865 1 1 1
835 864 2 1 2
843 865 1 2 2
1276 864 9 10 27
1371 865 2 1 2
1603 865 5 3 11
1630 865 1 1 1
19 867 3 2 4
53 867 1 2 2
250 867 2 1 2
530 867 1 1 1
988 866 1 3 3
1028 866 2 2 3
1149 867 2 3 4
1401 867 8 5 28
1534 866 5 3 12
1558 867 2 2 3
193 869 1 1 1
750 868 1 1 1
1043 868 7 8 19
1377 868 2 1 2
1610 869 1 1 1
557 871 1 1 1
688 870 1 1 1
985 871 2 5 8
1112 871 1 1 1
1233 871 2 5 10
1472 873 3 2 4
295 875 2 2 3
561 875 2 1 2
673 875 2 2 2
683 874 1 1 1
747 874 2 5 8
778 874 2 1 2
815 875 14 5 28
1178 874 1 1 1
1546 874 8 4 25
1591 875 2 1 2
44 877 5 2 10
320 877 4 16 26
601 877 2 1 2
621 877 1 1 1
1010 876 1 1 1
1158 877 3 1 3
226 879 1 1 1
584 879 4 2 5
605 879 2 2 4
643 878 3 6 15
693 878 1 2 2
1209 879 3 4 6
1255 879 1 1 1
1344 878 5 3 12
1363 878 7 7 20
1520 878 2 1 2
1557 878 1 1 1
1774 879 2 1 2
25 880 9 3 13
763 881 5 3 12
857 881 1 1 1
1007 881 2 5 6
1018 881 1 1 1
1087 880 1 1 1
1115 881 3 7 20
1182 881 4 1 4
1321 880 1 1 1
1450 880 1 1 1
1544 881 2 1 2
1629 881 1 1 1
335 883 3 4 8
432 882 1 2 2
926 883 1 1 1
1130 883 2 3 4
1394 883 2 5 7
1527 882 1 1 1
249 885 1 1 1
391 884 3 2 5
524 885 1 1 1
1328 884 9 4 19
1418 885 2 1 2
1479 884 18 22 118
1797 885 1 1 1
598 887 5 2 7
793 886 2 7 8
1175 887 1 3 3
399 889 1 1 1
427 889 3 3 7
486 889 4 2 7
517 888 6 9 44
951 888 2 4 5
1054 889 3 8 23
1107 889 4 8 25
1121 888 1 3 3
1219 888 2 2 3
1644 889 5 2 7
1704 888 2 1 2
1770 888 3 3 6
590 890 4 7 25
670 890 1 1 1
771 891 1 1 1
869 890 3 1 3
1090 890 2 1 2
1192 890 1 1 1
1311 891 3 6 12
1357 890 10 7 31
1385 891 1 1 1
1734 890 1 1 1
416 892 2 1 2
645 892 2 1 2
685 892 2 3 4
1466 892 3 2 5
1651 892 9 7 50
386 895 1 1 1
701 894 2 2 3
972 895 37 3 46
1022 895 1 1 1
1036 894 2 1 2
1071 894 1 2 2
1432 894 1 2 2
1450 894 3 2 4
653 897 1 1 1
927 897 1 1 1
1027 897 1 1 1
1152 897 8 9 49
1259 897 8 3 9
1574 896 2 2 3
430 899 1 1 1
601 899 3 5 12
639 899 3 4 7
1061 899 4 7 24
1230 899 5 16 35
1314 899 1 1 1
1558 899 1 1 1
1601 898 6 4 10
1674 898 6 8 37
1783 899 1 1 1
16 901 1 1 1
703 900 1 1 1
716 901 1 3 3
852 900 2 1 2
912 900 3 5 10
1278 900 2 1 2
1353 900 2 3 5
1430 901 2 2 4
1512 901 4 8 16
1582 900 4 9 16
1733 901 4 3 6
321 903 12 13 77
728 902 1 4 4
851 903 1 1 1
1171 903 1 2 2
665 904 8 5 14
788 904 1 1 1
897 904 1 1 1
1035 904 2 1 2
1325 904 1 1 1
1470 905 2 1 2
1749 904 4 2 6
1774 904 1 1 1
95 906 4 3 6
529 906 2 2 2
627 906 1 1 1
701 906 2 5 6
795 906 1 1 1
962 907 5 9 27
1006 906 2 1 2
1053 907 1 1 1
1150 907 2 1 2
1190 907 3 1 3
1490 907 3 2 4
1529 906 11 8 42
1642 907 2 2 3
1655 907 17 13 47
1838 907 2 2 3
549 908 8 2 16
587 908 3 1 3
830 908 1 1 1
840 909 1 1 1
1096 908 1 3 3
1133 909 2 1 2
1275 909 1 1 1
1364 908 3 2 4
1471 909 4 20 34
1688 908 8 4 26
1714 909 4 2 7
1723 908 1 1 1
6 910 3 1 3
137 911 1 1 1
726 911 1 1 1
815 910 1 1 1
845 910 2 1 2
1013 911 2 4 8
1111 911 4 8 25
1141 910 1 6 6
1278 911 2 8 16
1396 910 2 1 2
1427 911 2 4 7
184 913 1 1 1
491 913 2 1 2
526 913 1 1 1
822 912 2 2 3
1185 913 1 1 1
1615 913 8 12 54
547 914 1 1 1
1165 915 1 1 1
1207 915 1 1 1
1504 915 1 1 1
1685 915 1 1 1
33 917 1 1 1
35 916 2 1 2
87 917 3 1 3
121 917 1 1 1
360 916 2 1 2
594 916 3 3 8
1315 917 1 1 1
1336 916 1 1 1
1343 917 5 7 31
1516 917 2 1 2
1574 917 3 3 5
1749 916 18 4 45
1784 916 2 2 3
29 919 1 1 1
50 919 1 1 1
303 918 2 3 4
337 919 1 1 1
543 918 2 2 3
617 918 4 1 4
629 919 1 1 1
739 918 3 8 20
794 918 2 1 2
853 918 3 2 6
941 919 8 15 57
976 918 1 3 3
1367 918 1 1 1
1704 919 4 2 5
1830 919 3 2 5
61 921 3 2 3
437 920 7 10 24
714 921 1 1 1
813 921 5 19 41
1021 920 2 1 2
1032 921 2 5 7
1043 920 1 1 1
1357 921 1 1 1
1393 920 2 4 8
1637 921 1 1 1
352 923 1 1 1
687 922 2 4 5
859 923 6 4 9
1550 923 4 3 8
1674 922 17 9 90
1699 923 6 14 45
17 924 9 3 12
475 925 7 3 10
546 924 1 1 1
562 925 3 2 4
656 925 1 1 1
698 924 5 1 5
722 925 2 1 2
995 924 4 2 6
1263 925 3 5 11
1319 925 22 18 126
1356 924 1 1 1
1378 925 1 5 5
1433 925 15 8 41
1586 924 2 1 2
1714 925 5 3 14
1827 924 1 1 1
732 927 1 2 2
882 926 1 2 2
893 927 1 1 1
1066 926 2 3 4
1107 926 1 1 1
1118 927 5 9 35
1557 926 7 23 81
1578 926 1 2 2
14 928 1 1 1
451 928 1 1 1
542 929 1 1 1
604 928 1 2 2
770 929 16 7 39
981 928 3 1 3
1397 929 4 6 20
1417 929 1 1 1
388 930 2 2 4
414 931 3 2 4
676 930 3 2 5
907 930 7 6 14
1162 930 5 14 30
1180 931 1 1 1
1236 931 5 8 28
1375 931 2 2 3
1544 930 5 5 12
1737 930 3 1 3
503 933 1 2 2
584 932 1 1 1
588 933 4 2 7
665 933 4 1 4
869 933 2 1 2
931 932 1 3 3
1150 933 1 1 1
1488 932 1 1 1
699 934 4 3 8
953 935 1 1 1
1077 935 9 2 11
1143 935 2 1 2
1211 935 2 1 2
1423 934 2 1 2
1593 935 5 15 39
1789 934 2 1 2
241 936 1 1 1
402 937 2 2 4
835 937 1 2 2
844 937 5 8 25
1013 936 1 4 4
1111 937 1 1 1
1182 936 5 6 20
1285 936 4 2 4
1460 936 6 4 13
1515 936 2 1 2
1711 937 8 7 45
487 938 4 2 8
681 938 2 2 3
710 938 1 5 5
830 939 2 4 5
883 939 2 5 5
1131 939 1 5 5
1262 938 2 9 10
1273 939 1 1 1
1509 939 5 9 18
1641 938 10 18 73
1766 938 7 12 33
1827 939 1 1 1
381 940 5 2 8
493 941 1 1 1
557 940 4 2 6
752 940 2 1 2
1293 941 1 1 1
1305 941 1 1 1
1429 940 32 41 200
1607 941 5 2 10
1731 940 2 1 2
1734 941 1 1 1
1822 941 3 1 3
318 942 2 1 2
370 942 5 4 9
510 942 3 6 12
960 942 1 1 1
985 942 1 2 2
1033 942 1 1 1
1103 942 1 2 2
1204 943 10 4 12
143 945 1 1 1
332 945 1 1 1
542 945 4 1 4
925 945 2 13 14
962 945 1 1 1
1042 944 2 2 3
1179 945 3 2 4
1222 945 8 9 15
1792 944 20 15 95
16 947 2 1 2
473 946 11 19 81
1306 947 8 4 11
1735 946 6 7 12
523 949 5 2 6
582 948 20 9 56
631 949 2 1 2
832 948 1 1 1
1267 949 10 13 46
1567 949 7 19 69
1612 948 1 1 1
1697 948 5 3 10
401 950 1 1 1
403 951 1 1 1
677 951 2 2 4
695 950 5 10 21
1010 951 3 1 3
1836 951 4 1 4
176 953 3 2 5
574 952 2 1 2
652 953 5 2 10
666 952 11 14 39
971 953 1 3 3
1362 952 2 2 2
1410 952 3 1 3
418 955 1 1 1
865 955 4 1 4
1084 955 1 1 1
1152 955 1 4 4
1239 955 13 16 53
1351 955 1 1 1
1477 954 15 5 28
1818 955 1 1 1
148 956 3 2 6
431 956 1 1 1
793 956 2 1 2
958 957 1 2 2
973 957 10 21 115
1078 957 1 1 1
1095 956 1 1 1
1125 956 8 4 18
1177 957 1 1 1
1201 956 4 2 5
1421 957 1 1 1
1663 957 2 2 2
404 958 1 2 2
554 959 1 2 2
649 958 1 1 1
825 959 3 4 6
849 958 1 1 1
1015 959 1 1 1
1209 959 7 4 17
1465 958 4 4 12
530 961 2 2 2
618 960 1 1 1
1616 961 1 1 1
1812 961 1 1 1
567 962 8 6 30
862 962 3 8 21
1040 963 1 1 1
1220 963 9 5 24
1344 963 1 1 1
1362 963 7 12 61
1379 962 1 1 1
1408 963 2 2 2
1546 962 13 6 37
1584 962 14 6 41
1785 963 1 1 1
152 964 1 1 1
295 964 1 1 1
315 965 1 1 1
416 964 2 1 2
1163 965 1 3 3
1300 964 3 5 7
1328 965 1 1 1
1350 965 2 1 2
1532 965 1 1 1
1776 964 1 1 1
1824 965 9 9 32
262 967 1 1 1
308 967 3 3 6
497 967 1 1 1
584 966 1 1 1
593 966 7 7 13
632 966 1 1 1
719 966 8 4 19
737 966 1 1 1
1313 967 5 3 7
1720 967 1 1 1
368 969 7 2 8
667 968 3 14 28
1023 969 3 2 4
1159 969 1 1 1
1187 968 3 7 13
1391 968 2 1 2
1509 969 1 1 1
1614 969 9 16 78
1683 969 1 1 1
1705 969 5 2 9
1750 968 5 8 21
204 970 5 1 5
389 971 1 1 1
522 971 1 2 2
538 971 1 2 2
555 970 1 1 1
792 971 2 1 2
1004 971 1 1 1
1102 970 1 1 1
1136 971 9 10 38
1262 971 3 1 3
1380 970 1 1 1
1476 971 8 24 115
1571 971 6 3 10
17 972 1 1 1
613 972 2 2 3
847 973 1 1 1
1229 972 12 15 49
1255 972 6 7 42
1395 973 4 5 8
1439 973 3 2 6
1664 972 1 1 1
1675 973 1 1 1
1724 973 1 2 2
1807 972 4 3 9
333 975 2 2 4
478 975 1 1 1
954 975 5 2 8
1434 975 8 11 38
1534 975 11 6 35
1637 974 3 2 5
1778 975 2 1 2
8 977 7 5 11
103 976 1 1 1
226 977 3 2 4
482 977 1 1 1
528 976 5 3 12
675 976 24 16 110
1072 976 12 5 29
1209 977 2 2 4
1284 977 2 1 2
1314 976 50 78 980
1419 976 1 2 2
1584 977 7 10 54
1653 977 6 6 27
1681 977 19 14 87
1725 976 1 1 1
1802 976 2 2 3
130 978 1 1 1
198 978 1 1 1
572 978 7 6 34
1354 978 1 1 1
1497 978 1 1 1
1817 978 1 1 1
1838 978 2 2 4
496 980 5 2 8
1250 980 1 1 1
1503 980 6 8 44
1738 981 2 2 3
557 983 6 3 10
1028 982 1 2 2
1177 983 1 4 4
1290 983 12 3 16
1604 982 1 1 1
1644 983 6 11 24
1672 983 1 1 1
541 984 1 1 1
1193 985 1 1 1
1396 985 2 1 2
1415 984 1 2 2
1561 985 6 8 28
1632 984 1 1 1
245 987 1 1 1
712 986 2 2 4
725 986 1 1 1
1303 986 1 1 1
1349 987 2 2 3
1807 987 3 6 10
527 989 1 1 1
611 988 28 21 96
742 989 12 14 92
1014 988 2 2 2
1520 989 3 2 4
1561 989 35 20 245
395 991 2 2 4
822 991 1 1 1
1134 991 1 1 1
1163 990 6 1 6
1271 990 5 7 12
1378 991 1 1 1
1496 990 2 2 4
1700 990 1 1 1
1716 990 5 3 11
1747 991 16 8 73
94 993 1 1 1
501 992 1 2 2
574 993 2 2 3
592 992 6 8 28
1188 993 1 1 1
1419 992 1 1 1
1834 992 6 5 23
139 995 2 1 2
716 994 5 2 8
795 995 14 4 30
925 995 2 4 6
1393 995 1 1 1
1417 995 1 1 1
1455 994 9 15 96
1800 994 3 2 5
568 997 2 1 2
886 996 1 1 1
956 997 19 19 107
1033 997 2 4 4
1078 997 15 24 122
1405 997 1 1 1
1539 996 2 1 2
1617 997 1 1 1
1662 996 6 4 19
1775 997 14 3 17
292 999 15 9 67
451 998 1 1 1
892 999 1 2 2
1056 999 13 14 56
1140 999 3 6 12
1173 999 4 3 6
1430 998 4 2 4
1531 999 8 4 32
1642 998 1 1 1
1654 999 1 1 1
1691 998 1 1 1
288 1000 1 1 1
327 1001 9 8 18
440 1000 2 1 2
544 1001 1 1 1
935 1000 1 1 1
944 1001 1 3 3
984 1000 1 1 1
1003 1001 9 5 16
1207 1000 1 1 1
1294 1001 2 1 2
1441 1001 1 1 1
1682 1000 5 6 16
1736 1001 6 18 39
1156 1003 1 1 1
1303 1002 1 2 2
1412 1003 1 1 1
1606 1003 3 2 4
123 1004 2 2 3
461 1004 2 1 2
535 1004 7 2 14
685 1005 13 12 81
724 1005 1 1 1
1237 1004 3 6 12
1260 1004 3 2 3
1276 1004 22 25 177
1701 1004 11 1 11
209 1006 1 1 1
648 1006 2 4 7
951 1007 2 2 3
1018 1006 1 1 1
1159 1007 19 16 81
1220 1007 9 8 31
1375 1007 15 24 115
1490 1007 2 2 3
173 1009 1 1 1
533 1008 1 1 1
1102 1009 1 1 1
1408 1008 3 3 7
1472 1009 1 1 1
1527 1009 3 2 6
1628 1009 54 26 529
1781 1008 14 13 96
792 1010 8 5 17
1031 1011 1 1 1
1187 1010 2 1 2
1194 1010 17 24 143
1608 1011 10 10 59
1717 1010 11 3 27
74 1013 1 1 1
117 1012 4 2 4
822 1013 11 9 23
1008 1013 6 11 20
1050 1013 3 9 17
1424 1013 1 1 1
1469 1013 1 1 1
142 1014 2 2 3
475 1014 4 1 4
524 1015 1 1 1
527 1014 1 1 1
610 1014 1 1 1
746 1014 1 1 1
1032 1015 2 1 2
1483 1015 2 2 3
1808 1014 9 12 63
261 1017 2 2 4
946 1016 1 2 2
1068 1016 2 1 2
1104 1016 1 1 1
1146 1017 4 8 28
1440 1017 1 1 1
1579 1017 1 1 1
1709 1017 1 1 1
346 1019 1 1 1
461 1018 1 1 1
508 1019 17 17 60
642 1018 2 4 5
801 1018 1 1 1
969 1018 5 4 17
997 1018 1 4 4
1243 1018 31 14 125
1449 1018 30 11 94
166 1021 4 3 7
340 1021 1 1 1
599 1021 2 1 2
628 1021 2 1 2
1744 1020 1 1 1
244 1022 2 2 2
470 1023 2 1 2
624 1022 2 3 5
653 1022 1 1 1
804 1022 2 2 3
982 1023 1 1 1
1238 1023 2 2 3
1402 1022 1 1 1
1537 1022 1 1 1
1548 1022 8 3 12
1748 1023 1 1 1
220 1024 1 1 1
293 1025 1 1 1
554 1025 29 17 128
791 1024 1 1 1
870 1024 2 8 16
1016 1025 1 4 4
1626 1025 1 1 1
1723 1024 5 3 7
1753 1024 1 1 1
265 1027 1 1 1
457 1026 1 1 1
614 1026 2 1 2
1196 1027 1 3 3
1500 1027 1 1 1
1622 1027 2 1 2
1686 1027 1 1 1
1819 1026 7 8 45
203 1029 1 1 1
289 1028 1 1 1
829 1028 7 5 25
932 1029 3 9 23
963 1029 2 2 3
1040 1028 1 3 3
1150 1029 2 1 2
1408 1028 3 2 3
1504 1028 8 8 40
1558 1028 29 39 391
1731 1029 1 1 1
208 1031 2 1 2
1356 1031 2 1 2
1701 1031 15 13 44
1796 1031 3 3 8
382 1032 2 1 2
651 1032 10 11 23
875 1032 4 5 8
1000 1033 11 15 96
1114 1032 1 1 1
1367 1032 9 8 47
1394 1033 3 2 3
1663 1033 28 42 294
266 1035 4 2 7
353 1034 3 2 3
504 1034 4 4 13
692 1035 2 1 2
900 1034 3 7 12
939 1035 9 15 37
990 1034 1 3 3
1098 1034 1 1 1
1294 1034 2 2 2
1304 1035 1 1 1
1534 1035 1 1 1
1774 1034 8 11 52
753 1036 1 1 1
769 1037 1 1 1
807 1036 4 7 23
824 1037 1 1 1
1070 1037 1 1 1
1178 1037 1 1 1
1280 1037 1 1 1
1527 1036 29 29 207
1598 1037 1 1 1
156 1039 1 1 1
322 1039 10 6 22
412 1039 4 1 4
498 1038 2 2 3
509 1039 4 2 8
797 1038 1 1 1
839 1039 3 6 14
915 1039 1 2 2
1169 1038 2 4 5
1186 1039 15 10 61
1468 1038 7 3 18
1486 1038 1 1 1
1517 1039 1 1 1
1594 1039 30 50 468
1793 1038 3 3 9
144 1041 3 2 5
262 1041 2 1 2
465 1040 1 1 1
686 1040 5 11 26
714 1041 1 3 3
872 1041 1 1 1
962 1040 5 5 9
1105 1040 1 2 2
1201 1040 1 1 1
1250 1040 7 3 11
1263 1041 20 27 301
1350 1041 2 1 2
1443 1041 34 25 280
1479 1041 1 1 1
182 1042 1 1 1
608 1042 4 7 15
772 1042 1 1 1
1225 1043 3 10 14
1354 1042 2 3 5
1401 1043 1 1 1
1466 1042 2 3 6
1589 1042 1 1 1
1600 1042 2 2 4
1656 1042 1 1 1
470 1044 1 1 1
514 1044 1 1 1
664 1045 1 3 3
1080 1045 1 1 1
1117 1045 1 1 1
1161 1045 6 3 18
1763 1045 3 2 3
1801 1044 12 8 30
1820 1045 2 1 2
517 1046 1 1 1
1306 1047 1 1 1
1422 1046 20 11 101
1736 1046 19 14 109
1782 1046 7 1 7
501 1048 4 7 20
642 1048 9 8 27
722 1049 2 3 5
776 1049 2 1 2
874 1049 11 6 22
1147 1049 1 1 1
1629 1048 17 6 50
236 1050 1 1 1
412 1050 1 1 1
448 1050 15 13 77
471 1050 19 19 151
977 1051 2 2 3
1093 1051 1 1 1
1180 1050 3 3 4
1291 1050 3 3 7
1349 1051 2 2 4
413 1053 1 1 1
577 1053 2 2 4
770 1052 3 1 3
1097 1052 1 1 1
1158 1053 3 1 3
1394 1052 5 4 16
1504 1053 2 1 2
1512 1052 1 1 1
1700 1052 9 4 13
1826 1052 2 1 2
422 1055 1 1 1
561 1055 1 1 1
832 1054 4 2 6
1201 1054 5 9 42
1245 1054 1 1 1
1759 1054 69 66 717
0 1057 4 1 4
224 1057 2 2 2
444 1056 4 2 5
792 1056 2 2 3
810 1056 3 2 6
898 1057 3 6 9
1050 1057 1 1 1
1108 1056 3 7 12
1164 1057 7 3 17
1321 1056 4 6 15
1655 1056 5 3 10
1768 1057 11 10 70
1784 1056 2 2 3
1829 1056 4 2 8
208 1059 5 3 9
680 1058 1 1 1
1231 1058 3 2 5
1305 1058 13 20 109
1399 1058 3 5 12
1662 1059 1 1 1
1834 1059 6 3 16
314 1060 1 1 1
366 1061 1 1 1
386 1061 1 1 1
438 1061 1 1 1
573 1061 1 1 1
651 1060 1 1 1
1054 1060 3 1 3
1252 1060 1 1 1
1380 1060 10 4 19
1411 1060 172 168 5605
1713 1060 15 5 50
1812 1061 1 1 1
241 1063 2 2 3
246 1062 1 1 1
328 1063 4 2 6
352 1063 2 1 2
396 1063 3 1 3
592 1062 1 3 3
685 1062 6 7 34
789 1063 1 1 1
819 1063 1 1 1
864 1062 1 1 1
875 1063 1 1 1
922 1063 1 3 3
959 1063 2 2 3
1157 1063 1 1 1
1178 1063 8 7 14
1737 1063 1 1 1
801 1064 3 3 8
855 1065 1 1 1
964 1065 2 7 14
1038 1064 1 1 1
1083 1064 1 1 1
1115 1064 11 5 20
1443 1065 1 1 1
1625 1065 6 7 32
36 1067 1 1 1
72 1067 2 1 2
217 1067 1 1 1
299 1067 1 1 1
301 1066 1 1 1
410 1066 2 1 2
435 1066 1 1 1
600 1066 1 1 1
874 1066 1 3 3
1147 1066 1 3 3
1283 1067 8 2 9
1333 1066 10 13 44
1376 1066 4 3 10
1506 1067 32 18 94
1557 1067 4 5 19
322 1068 5 3 7
683 1069 1 1 1
714 1068 10 6 40
780 1069 2 4 4
990 1069 2 4 5
1024 1068 1 1 1
1199 1069 2 2 4
1350 1068 2 3 4
1811 1069 1 1 1
74 1070 1 1 1
202 1070 1 1 1
429 1071 1 1 1
947 1070 1 1 1
1356 1071 17 12 130
1436 1070 28 32 224
1652 1070 2 2 3
1692 1070 25 10 61
1780 1071 1 1 1
0 1072 3 5 7
139 1073 2 2 3
263 1073 3 2 4
643 1072 1 1 1
664 1072 1 2 2
817 1072 2 1 2
935 1073 3 6 13
968 1072 1 1 1
978 1072 1 2 2
1138 1073 7 6 18
1189 1072 4 1 4
1549 1072 5 6 25
60 1074 5 2 5
132 1075 4 1 4
152 1075 1 1 1
219 1074 2 1 2
443 1074 2 1 2
613 1075 2 1 2
727 1075 3 5 15
1171 1074 6 5 21
1228 1075 1 1 1
1399 1075 14 22 61
1647 1074 3 2 5
1735 1074 2 2 2
335 1077 1 1 1
380 1077 1 1 1
1048 1077 13 12 79
1210 1076 1 1 1
1384 1077 12 3 24
1419 1076 2 2 4
1574 1077 1 1 1
1671 1077 1 1 1
495 1078 3 7 19
662 1078 2 5 7
957 1078 2 1 2
1153 1079 9 4 13
1247 1078 6 11 22
1424 1079 9 18 53
1463 1079 1 1 1
1661 1078 2 1 2
1737 1078 1 1 1
35 1081 1 1 1
548 1081 15 8 62
579 1081 2 1 2
697 1081 1 1 1
987 1080 1 2 2
1229 1080 1 1 1
1257 1081 1 1 1
1549 1080 40 29 297
1655 1081 3 1 3
31 1083 1 1 1
257 1083 2 1 2
331 1083 1 2 2
595 1083 3 4 6
616 1082 3 4 10
715 1083 2 2 3
759 1082 6 6 17
954 1083 1 4 4
1078 1083 1 2 2
1217 1082 3 3 7
1293 1083 4 3 10
1322 1082 2 3 4
1548 1083 1 1 1
245 1085 2 2 3
316 1084 1 1 1
319 1085 11 2 12
365 1085 3 4 6
492 1085 1 1 1
540 1084 12 12 38
651 1084 7 10 30
735 1084 1 2 2
1095 1085 4 3 6
1270 1084 4 4 8
1627 1084 4 2 5
1678 1084 17 11 58
417 1087 1 1 1
454 1087 1 1 1
532 1086 1 1 1
608 1087 2 2 3
1195 1087 9 15 58
1352 1087 63 102 1354
1707 1086 6 2 7
303 1088 1 1 1
484 1089 8 7 37
883 1089 1 1 1
1166 1089 2 2 4
1182 1088 1 1 1
1288 1089 4 7 22
1339 1089 5 2 7
1518 1088 1 2 2
170 1090 3 2 4
384 1090 1 2 2
527 1090 1 1 1
691 1090 2 5 8
958 1090 1 1 1
1311 1091 18 14 58
1355 1091 1 1 1
1589 1090 2 1 2
1731 1091 12 11 75
1752 1090 3 3 4
22 1093 2 1 2
114 1093 2 9 10
204 1092 1 1 1
290 1092 1 1 1
339 1092 2 2 3
363 1092 1 1 1
463 1093 1 1 1
671 1092 1 4 4
848 1092 3 15 18
1025 1092 1 3 3
1230 1093 13 5 23
1606 1092 2 1 2
1642 1093 1 1 1
133 1095 3 2 4
214 1095 1 1 1
386 1094 1 1 1
420 1095 1 1 1
506 1094 3 3 7
603 1094 1 2 2
656 1094 3 3 5
994 1095 4 9 24
1661 1095 8 8 23
1824 1095 4 2 5
1834 1095 1 1 1
46 1096 1 1 1
162 1096 5 4 12
206 1097 1 1 1
319 1096 1 1 1
324 1097 1 1 1
334 1096 1 2 2
466 1097 1 1 1
667 1097 2 2 4
773 1097 2 6 9
970 1096 1 1 1
1009 1096 2 2 3
1114 1097 1 1 1
1304 1097 2 1 2
1346 1097 1 1 1
1385 1097 43 46 753
1712 1096 2 2 2
1838 1096 2 1 2
494 1098 2 2 4
510 1098 1 1 1
576 1099 1 1 1
975 1098 1 3 3
1013 1099 1 5 5
1103 1098 26 32 221
1431 1098 1 1 1
1651 1099 2 1 2
8 1101 2 1 2
686 1101 5 5 17
762 1101 1 1 1
822 1101 2 2 4
923 1101 1 1 1
1099 1101 1 1 1
1696 1101 3 1 3
1756 1100 8 4 23
469 1103 2 2 4
1101 1102 1 1 1
1210 1103 1 1 1
1257 1102 26 59 351
1286 1102 1 1 1
1445 1103 1 1 1
1597 1102 1 1 1
79 1104 1 1 1
290 1104 1 1 1
540 1104 3 1 3
610 1104 1 1 1
633 1104 2 1 2
644 1105 2 5 7
1047 1104 18 10 63
1275 1104 1 1 1
1713 1105 12 18 137
663 1106 2 4 5
836 1106 11 3 14
999 1106 2 4 6
1082 1107 1 1 1
1299 1106 25 24 197
1602 1107 33 58 534
1623 1107 6 5 10
1683 1106 8 1 8
1837 1107 3 16 42
818 1108 2 2 2
1277 1109 1 1 1
1332 1109 2 2 2
168 1110 5 4 8
252 1111 3 2 4
273 1110 1 1 1
552 1110 1 1 1
679 1111 3 5 13
692 1110 1 1 1
883 1110 1 1 1
1074 1110 2 1 2
1131 1111 13 8 36
1167 1110 5 1 5
1185 1110 1 1 1
1561 1110 5 6 23
285 1112 1 1 1
328 1112 1 1 1
448 1113 1 1 1
483 1112 1 1 1
590 1112 8 11 29
961 1113 1 1 1
970 1112 1 1 1
1208 1112 3 7 14
1340 1113 1 1 1
1439 1112 1 1 1
1540 1112 32 25 106
1573 1113 13 18 92
1644 1113 2 1 2
1652 1112 1 1 1
115 1115 1 1 1
119 1114 1 1 1
234 1115 5 2 6
246 1115 20 20 95
377 1114 3 2 4
429 1115 1 1 1
497 1115 1 1 1
506 1114 1 1 1
609 1114 1 1 1
1194 1114 1 1 1
1343 1114 2 1 2
1428 1115 1 1 1
1455 1115 2 4 5
132 1117 1 1 1
346 1116 1 1 1
547 1116 2 3 5
567 1117 2 8 12
1570 1116 1 5 5
1643 1117 1 1 1
511 1119 2 1 2
769 1118 2 2 2
827 1119 5 8 22
1286 1118 11 7 28
64 1121 1 1 1
397 1121 5 4 10
636 1120 1 1 1
990 1120 1 3 3
1001 1120 7 5 19
1021 1121 2 5 6
1637 1120 31 31 263
1679 1121 17 16 109
1726 1121 57 56 1103
1757 1120 12 7 35
442 1123 1 1 1
787 1122 1 1 1
813 1122 1 1 1
1097 1122 6 10 22
1629 1122 1 1 1
24 1125 4 2 6
43 1125 1 1 1
127 1125 3 2 5
195 1124 1 1 1
376 1125 3 3 6
434 1124 7 2 13
726 1124 1 1 1
937 1125 1 1 1
1046 1124 2 3 4
1151 1124 2 1 2
1699 1124 1 1 1
236 1126 2 2 3
510 1127 30 18 174
676 1127 1 1 1
1059 1126 2 1 2
1324 1127 2 1 2
1595 1126 2 2 4
1792 1127 2 1 2
40 1129 1 1 1
132 1128 7 4 10
289 1129 5 6 23
359 1128 1 1 1
469 1128 1 1 1
475 1129 1 1 1
482 1128 1 1 1
849 1128 1 2 2
1034 1128 1 8 8
1381 1129 3 2 6
1430 1129 1 1 1
182 1131 1 1 1
354 1130 1 1 1
389 1130 1 1 1
704 1130 1 1 1
1011 1130 2 2 3
1061 1131 1 1 1
1123 1130 1 1 1
1707 1130 1 1 1
1771 1130 14 7 62
1807 1130 33 20 317
178 1133 1 1 1
188 1133 7 2 14
348 1132 2 2 2
407 1132 1 1 1
603 1133 1 1 1
620 1133 1 1 1
683 1132 1 1 1
793 1132 2 1 2
822 1133 1 1 1
1169 1132 5 13 40
1276 1132 6 2 12
1305 1133 2 7 8
1719 1132 1 1 1
295 1135 5 8 40
322 1134 1 1 1
347 1135 1 1 1
372 1135 1 1 1
413 1134 2 1 2
463 1134 1 2 2
589 1134 1 1 1
926 1134 2 5 6
1077 1134 4 2 5
1147 1134 3 4 6
1702 1134 12 12 33
32 1136 2 1 2
126 1137 1 1 1
344 1136 2 1 2
394 1136 1 1 1
808 1137 1 1 1
858 1137 1 2 2
1024 1136 1 1 1
1210 1136 5 3 11
1284 1136 3 2 6
1670 1136 8 9 16
106 1138 1 1 1
124 1139 1 1 1
171 1138 1 1 1
211 1138 5 3 8
234 1139 11 3 16
280 1138 3 1 3
478 1138 5 4 11
504 1138 3 3 7
593 1138 1 1 1
736 1138 2 2 3
888 1139 3 15 31
932 1139 1 3 3
944 1138 2 5 7
1142 1138 2 2 3
1228 1139 9 8 23
1337 1139 8 2 11
423 1141 1 2 2
542 1140 6 6 25
628 1141 1 1 1
631 1140 1 1 1
724 1140 1 1 1
818 1140 1 1 1
985 1141 2 1 2
1595 1141 16 6 28
388 1142 5 2 10
492 1142 9 10 53
615 1142 2 2 3
1062 1143 1 1 1
1792 1142 1 1 1
275 1145 1 1 1
290 1145 5 3 13
307 1144 1 1 1
349 1145 12 17 59
621 1145 5 4 20
907 1144 2 2 3
975 1145 2 5 9
1001 1145 2 1 2
1073 1145 15 17 91
1153 1144 1 1 1
1207 1144 1 1 1
1329 1144 6 5 30
1802 1144 1 1 1
173 1147 1 1 1
340 1146 3 6 8
433 1147 2 2 3
444 1147 6 5 23
460 1146 1 1 1
564 1147 2 1 2
1575 1147 1 1 1
143 1149 1 1 1
161 1148 6 2 10
191 1148 1 1 1
240 1149 1 1 1
393 1149 1 1 1
562 1149 1 1 1
592 1149 3 4 8
650 1148 1 1 1
832 1148 2 4 5
963 1149 1 1 1
1099 1148 1 1 1
1138 1148 1 1 1
1585 1149 1 1 1
232 1150 5 5 15
380 1150 4 2 6
651 1150 4 9 22
702 1151 1 4 4
974 1151 1 5 5
1338 1150 35 23 203
1535 1151 58 32 439
1715 1150 5 2 6
88 1153 3 3 7
116 1152 3 2 4
557 1152 2 2 2
692 1153 1 4 4
986 1153 1 1 1
993 1152 3 1 3
1184 1153 26 17 148
1247 1152 1 1 1
1303 1152 72 76 844
193 1154 1 1 1
251 1154 1 1 1
323 1154 15 13 82
1114 1154 2 2 3
1243 1155 1 1 1
1299 1154 5 3 10
1503 1154 2 1 2
1694 1154 18 20 114
81 1156 1 1 1
420 1157 1 1 1
443 1157 1 1 1
528 1156 1 1 1
613 1156 2 2 4
1044 1157 2 2 3
1057 1157 3 1 3
1103 1156 4 3 10
1378 1156 1 1 1
1602 1156 3 8 22
181 1159 2 2 2
802 1158 1 1 1
813 1159 27 20 85
996 1158 2 5 9
1305 1159 1 7 7
364 1161 1 1 1
378 1161 12 5 32
459 1161 2 1 2
644 1161 2 1 2
923 1160 1 1 1
1433 1161 5 4 13
1533 1160 1 1 1
1681 1160 1 2 2
1821 1161 5 3 9
293 1163 3 2 4
317 1163 1 1 1
481 1162 2 1 2
600 1163 1 1 1
675 1162 2 1 2
687 1162 2 4 5
711 1163 11 10 54
757 1163 11 4 20
860 1162 2 2 3
950 1163 4 7 18
1073 1163 2 2 3
1139 1163 3 2 4
1252 1163 1 1 1
1489 1162 1 1 1
1784 1163 33 26 150
93 1165 6 3 7
120 1164 1 1 1
195 1164 1 1 1
286 1165 1 1 1
432 1164 2 1 2
1418 1165 4 5 11
1673 1164 4 3 7
1712 1165 1 1 1
28 1167 7 4 19
244 1166 1 1 1
301 1166 2 2 3
616 1167 1 1 1
896 1166 1 4 4
985 1167 11 7 31
1175 1167 1 1 1
1223 1166 4 7 14
1505 1166 19 14 99
1587 1166 11 9 39
1607 1166 7 13 63
1829 1166 11 6 25
411 1169 1 7 7
627 1168 2 5 5
906 1168 1 1 1
1103 1168 1 1 1
1110 1169 7 2 8
1162 1168 2 2 3
1249 1168 1 1 1
1367 1168 1 1 1
1663 1169 1 1 1
253 1170 2 1 2
280 1170 1 1 1
393 1170 1 5 5
795 1170 1 1 1
1259 1170 6 3 9
1295 1170 2 1 2
82 1172 2 2 2
165 1172 2 2 2
266 1173 1 1 1
269 1172 1 1 1
363 1173 2 1 2
550 1173 27 5 51
602 1173 2 5 6
744 1173 1 1 1
1235 1172 1 1 1
1651 1172 5 5 14
43 1175 1 1 1
395 1175 1 1 1
665 1174 2 1 2
926 1175 1 3 3
1016 1174 1 4 4
1072 1175 6 3 11
1250 1174 2 2 4
1624 1174 25 17 130
1719 1175 2 2 2
1756 1175 28 18 173
1813 1175 10 7 16
59 1177 1 1 1
290 1176 3 3 4
467 1176 1 1 1
654 1176 2 1 2
703 1177 8 3 12
1152 1176 9 9 17
1289 1176 8 15 64
319 1178 3 2 5
517 1179 15 7 48
894 1179 1 2 2
938 1179 3 8 10
968 1178 1 1 1
1092 1178 1 1 1
1368 1178 1 1 1
1679 1178 2 1 2
189 1181 2 2 3
464 1180 2 2 3
587 1181 2 2 4
620 1181 6 6 11
871 1181 2 6 11
1058 1181 8 11 51
1103 1180 1 1 1
1184 1181 11 5 24
1237 1180 8 8 40
1346 1180 5 8 12
1370 1180 3 3 8
1728 1181 3 7 15
227 1183 3 2 4
302 1183 4 4 12
434 1182 1 1 1
512 1183 1 1 1
1079 1182 1 1 1
1138 1183 2 4 7
1204 1183 23 12 60
1665 1183 55 45 1010
1823 1183 2 1 2
46 1184 1 1 1
174 1184 1 1 1
722 1184 3 4 9
922 1185 2 5 7
1001 1185 1 1 1
1270 1185 17 19 83
39 1187 1 1 1
157 1187 19 25 193
200 1187 1 1 1
248 1186 1 1 1
665 1187 1 1 1
818 1187 1 1 1
962 1187 1 1 1
972 1186 8 16 51
1010 1186 1 1 1
1081 1187 10 4 23
1743 1186 7 10 28
1809 1187 1 1 1
1812 1186 1 1 1
1821 1186 19 12 111
84 1189 1 1 1
198 1188 1 1 1
254 1188 21 4 40
332 1188 1 1 1
391 1189 2 1 2
400 1188 1 1 1
417 1189 3 3 6
532 1188 1 2 2
750 1189 1 1 1
762 1188 1 2 2
810 1188 3 2 4
944 1189 5 2 10
1035 1188 2 1 2
1109 1189 1 1 1
1373 1189 14 21 105
1722 1188 1 1 1
68 1191 11 8 21
130 1191 1 1 1
242 1191 1 1 1
363 1191 2 1 2
950 1191 8 13 41
1120 1190 1 1 1
1592 1191 1 1 1
1620 1190 1 1 1
111 1192 1 1 1
184 1192 6 3 12
216 1192 2 3 4
278 1192 1 1 1
312 1192 1 1 1
387 1193 1 1 1
572 1193 3 2 5
588 1192 2 2 3
622 1193 14 13 46
706 1193 1 1 1
769 1192 3 1 3
865 1192 1 1 1
1264 1193 1 1 1
1583 1192 59 36 787
295 1195 2 1 2
480 1194 1 1 1
1154 1195 4 8 11
1259 1194 1 1 1
1298 1195 3 1 3
1668 1194 7 10 20
1788 1195 1 1 1
41 1196 2 2 2
542 1196 1 1 1
606 1196 1 1 1
683 1196 4 5 14
885 1197 17 10 108
915 1197 1 6 6
1067 1196 1 1 1
1073 1197 1 1 1
1117 1196 1 1 1
1234 1196 1 1 1
1302 1197 8 7 38
1755 1197 54 31 470
121 1198 1 1 1
131 1198 11 3 29
582 1198 1 1 1
650 1199 2 4 4
786 1199 1 1 1
875 1199 1 1 1
1035 1199 2 5 9
1084 1199 8 16 35
1253 1198 1 1 1
1818 1199 1 1 1
0 1200 2 1 2
97 1200 2 2 3
218 1200 1 1 1
799 1201 3 3 7
1014 1200 2 1 2
1177 1200 3 2 5
1232 1200 2 2 3
1243 1200 9 2 10
1399 1200 10 8 39
361 1202 3 3 5
489 1202 2 2 2
669 1202 1 1 1
731 1202 1 3 3
866 1203 1 1 1
1050 1203 1 1 1
1122 1202 11 9 26
1718 1202 35 26 290
27 1204 1 1 1
106 1204 2 2 3
303 1204 2 2 2
424 1204 1 1 1
578 1204 2 1 2
922 1205 2 3 3
1198 1205 2 3 5
325 1206 2 2 3
544 1207 1 1 1
819 1206 2 1 2
1171 1206 2 2 4
354 1208 1 1 1
420 1209 1 2 2
433 1209 3 1 3
608 1208 12 20 68
736 1208 1 1 1
859 1209 1 1 1
1051 1208 1 1 1
1146 1209 22 13 72
1292 1209 5 3 15
1813 1209 3 3 7
190 1210 2 2 3
790 1210 1 2 2
904 1210 7 4 16
956 1211 5 4 17
1005 1210 4 13 18
1224 1210 3 2 4
1333 1211 1 1 1
1655 1210 1 1 1
547 1213 18 15 128
598 1212 1 1 1
677 1213 2 2 2
698 1213 2 2 3
816 1213 1 1 1
1116 1213 3 3 5
1181 1213 1 1 1
1301 1213 27 15 209
1662 1212 2 1 2
1819 1212 12 4 23
204 1214 1 1 1
217 1215 1 1 1
448 1214 1 2 2
508 1215 1 2 2
971 1215 1 1 1
992 1214 3 2 5
1239 1214 10 14 31
1298 1215 1 1 1
1391 1215 2 2 3
1412 1214 1 1 1
146 1216 2 1 2
443 1216 2 5 8
803 1217 1 1 1
841 1216 2 2 3
865 1216 2 2 3
944 1216 4 4 7
996 1216 2 1 2
1543 1217 1 2 2
1648 1216 5 4 20
51 1219 3 9 10
61 1218 1 1 1
132 1218 2 2 4
163 1218 3 2 6
181 1218 8 3 17
509 1219 1 1 1
659 1218 6 1 6
831 1218 1 1 1
961 1218 5 10 26
1129 1218 2 1 2
1228 1219 9 9 42
1273 1219 9 2 10
1427 1218 1 1 1
5 1220 5 8 12
160 1220 2 1 2
286 1220 5 8 29
567 1220 1 1 1
888 1221 1 2 2
897 1220 2 2 3
1080 1221 1 1 1
1627 1221 21 7 55
69 1223 3 5 15
679 1223 3 5 15
697 1222 1 6 6
708 1223 1 5 5
808 1222 1 6 6
1135 1223 1 5 5
1185 1222 2 1 2
1214 1223 1 5 5
1218 1222 1 1 1
1224 1223 2 5 10
1378 1222 10 6 46
1547 1223 2 5 10
1571 1222 1 1 1
1768 1222 1 1 1
34 1225 2 3 5
124 1225 1 3 3
198 1225 7 3 15
273 1225 2 3 6
406 1225 1 3 3
764 1225 2 3 6
1115 1225 1 3 3
1269 1225 2 3 6
141 1226 5 2 6
391 1226 2 2 4
455 1227 1 1 1
599 1227 1 1 1
625 1226 1 2 2
1010 1227 1 1 1
1053 1227 1 1 1
1819 1227 1 1 1
