0 0 1840 1228 2084207
477 0 43 27 388
726 0 6 8 39
764 0 3 1 3
834 0 8 9 57
881 0 3 7 20
1004 0 7 3 15
1089 0 11 20 88
1231 0 4 3 10
1451 0 18 22 293
1561 0 27 17 159
1790 0 15 6 67
1056 7 3 3 7
1158 6 2 1 2
1220 6 10 15 61
1308 6 5 7 31
363 8 10 8 51
1029 11 3 6 14
776 14 11 29 162
1006 14 6 12 58
1163 14 15 33 246
1134 19 1 1 1
629 20 8 15 99
1135 21 1 1 1
448 22 22 31 340
1190 22 12 11 78
939 24 3 5 15
888 26 5 11 46
1063 27 14 23 101
1211 26 7 10 49
926 29 4 8 27
1345 28 14 20 201
1031 31 4 9 31
1535 33 12 14 110
803 37 5 7 23
912 37 7 14 83
1585 37 14 23 200
1290 38 6 10 47
366 40 12 15 134
820 43 7 11 65
1321 43 6 7 31
730 44 6 9 45
673 48 9 19 121
699 48 14 18 178
1184 51 5 7 31
1200 51 8 17 58
1217 50 13 7 66
937 53 11 16 69
1271 53 6 2 8
1088 54 12 18 148
1154 55 3 6 13
483 56 8 11 69
1441 56 18 24 305
1762 57 48 55 938
558 58 8 13 90
1546 61 6 6 25
1139 62 36 31 535
1345 63 13 21 207
974 64 3 4 10
1000 65 3 4 9
1010 71 21 15 137
1190 71 8 19 60
1575 72 13 18 170
1728 72 18 19 230
1268 75 11 16 124
384 76 16 13 128
1112 76 1 1 1
971 78 4 7 20
1555 79 12 12 93
883 80 3 1 3
928 81 4 7 23
794 82 1 1 1
631 85 9 24 168
780 84 3 7 20
906 85 2 1 2
945 87 5 7 28
1094 86 30 26 285
880 89 1 2 2
1077 88 1 1 1
537 90 2 1 2
1618 90 10 11 77
1197 93 12 34 203
717 95 5 10 44
1071 94 2 6 11
1238 94 4 6 17
517 96 14 17 165
920 96 9 10 76
1035 96 1 1 1
1136 97 4 7 20
1213 96 8 11 40
839 98 13 22 140
952 99 8 18 110
1173 98 6 10 46
811 101 2 1 2
939 103 4 8 24
1161 103 3 5 11
783 105 1 1 1
986 105 1 1 1
1037 106 12 9 65
1078 106 2 6 12
893 109 4 1 4
1015 108 1 1 1
1230 108 5 9 34
1544 109 6 6 24
415 110 17 27 262
790 115 8 11 71
704 116 8 14 95
868 116 4 8 27
1649 116 9 5 30
1729 117 17 18 208
1134 119 30 26 321
309 123 11 15 99
450 122 9 29 187
758 122 2 1 2
1055 122 6 13 49
1081 122 5 7 26
1102 122 1 1 1
883 124 4 8 28
670 126 2 2 2
1264 127 6 9 43
1538 126 10 9 58
898 128 11 11 90
1006 131 4 9 32
1074 130 1 1 1
541 132 7 12 71
934 133 5 10 39
981 132 3 1 3
1088 133 2 1 2
690 134 2 1 2
918 135 6 10 45
1092 135 7 9 24
1209 134 3 4 9
776 136 1 1 1
794 136 6 10 51
470 138 6 9 39
960 138 1 1 1
814 140 1 1 1
886 141 1 1 1
1170 140 7 7 28
1512 141 13 15 131
978 142 10 17 134
1744 143 26 27 407
763 145 1 1 1
1084 145 2 1 2
1333 144 19 21 285
751 147 1 1 1
1109 146 2 3 6
1121 147 9 6 46
1473 148 16 35 246
689 150 1 1 1
743 151 2 2 3
1443 151 9 10 64
490 153 8 13 83
779 152 10 13 102
1017 152 21 21 156
1112 153 3 5 14
364 156 12 19 168
681 157 1 1 1
738 157 16 33 151
1057 156 3 5 11
850 158 1 2 2
1176 158 3 4 9
1546 159 5 3 9
451 163 12 18 171
1081 163 4 8 23
1185 163 15 18 110
1217 162 9 13 83
706 165 8 20 79
557 167 2 1 2
1171 168 5 6 18
1506 168 14 13 111
935 170 1 1 1
694 173 1 2 2
805 172 13 15 30
1058 173 1 1 1
1118 172 2 6 10
1532 172 9 10 70
1771 172 19 18 235
764 174 7 12 65
1043 174 14 17 95
676 177 2 1 2
867 176 1 1 1
430 179 6 8 35
840 179 1 1 1
1110 179 4 6 15
1808 180 21 23 272
792 182 2 1 2
1635 183 13 14 126
548 184 7 11 68
1137 184 3 4 10
923 186 1 1 1
1088 186 6 9 21
1240 186 4 6 18
878 189 160 203 12529
1178 189 1 1 1
1447 189 12 15 127
1584 188 34 22 298
342 191 12 8 49
716 190 2 1 2
882 191 6 9 44
1024 192 2 5 6
1143 193 3 5 12
1664 193 19 18 231
445 194 16 14 108
780 195 5 12 49
1059 195 1 1 1
1001 196 4 6 15
1039 196 2 2 3
715 198 1 1 1
912 198 1 1 1
984 198 1 1 1
1015 199 3 10 19
1521 198 2 2 3
1090 200 44 33 362
1498 200 22 35 331
420 203 8 10 65
1281 202 7 11 56
1343 202 37 18 394
1761 205 19 18 223
761 206 2 1 2
1725 206 14 14 133
1332 208 1 1 1
788 211 19 14 101
1142 211 8 22 58
1159 211 18 47 322
1233 211 26 19 317
709 212 1 1 1
764 212 6 10 46
1056 213 1 1 1
478 217 4 4 14
1001 217 9 13 32
1029 216 7 8 20
1055 217 1 7 7
1076 216 1 1 1
1482 216 12 14 114
864 218 19 15 61
1124 219 10 16 78
1775 218 36 29 268
391 220 8 10 63
1018 220 1 1 1
1209 221 5 7 25
1023 225 5 11 22
411 227 32 28 343
837 227 3 4 11
1547 227 1 1 1
330 228 12 13 105
1189 229 1 1 1
811 230 2 2 3
1067 230 45 58 679
850 233 2 7 8
1441 233 11 21 160
559 234 8 10 65
1042 235 8 1 8
778 237 5 10 40
882 237 2 1 2
1556 237 2 2 2
864 238 14 22 75
654 241 1 1 1
474 242 6 9 46
705 243 5 4 13
821 242 14 21 128
1425 243 3 1 3
597 245 11 19 151
808 244 1 1 1
1042 245 2 11 14
854 246 1 1 1
1196 247 4 2 6
1705 246 16 28 362
758 248 2 1 2
1214 249 10 13 98
1554 248 11 10 77
531 250 14 16 151
657 251 1 1 1
1508 250 5 6 21
373 253 6 8 37
669 252 21 17 183
52 255 2 1 2
1191 254 2 1 2
1574 254 15 35 254
270 257 2 1 2
432 256 7 8 37
617 256 1 1 1
1612 256 17 18 201
1436 259 1 1 1
796 260 2 1 2
1457 260 26 28 301
768 263 12 21 94
656 264 7 10 51
631 267 10 11 87
825 266 6 1 6
845 267 1 1 1
849 266 1 1 1
1039 266 2 5 10
1056 266 3 6 15
1264 267 1 1 1
620 269 3 2 4
724 268 1 1 1
794 268 1 1 1
842 268 1 1 1
861 268 3 9 11
1122 269 4 2 5
1647 268 14 13 132
1174 271 6 11 45
1354 271 3 1 3
738 273 10 22 142
786 273 1 1 1
918 273 2 2 2
1060 273 5 6 13
242 275 2 1 2
293 274 11 11 88
459 274 21 35 406
1072 274 7 8 21
1224 277 1 1 1
1271 277 1 1 1
417 278 4 3 9
793 278 1 1 1
1128 278 4 8 32
1160 279 1 1 1
1198 278 1 1 1
689 281 18 14 178
819 280 2 1 2
1534 281 1 1 1
1172 282 1 1 1
1194 282 1 1 1
1233 283 17 25 170
387 285 1 1 1
607 285 8 19 80
1051 285 1 1 1
1079 284 3 1 3
1309 285 1 1 1
329 287 19 13 119
728 286 1 1 1
826 286 7 12 75
862 287 7 11 62
1072 286 34 41 318
1135 286 3 4 12
1156 286 2 4 6
1316 287 1 1 1
1771 286 14 16 141
173 289 2 1 2
918 288 1 1 1
1266 289 2 1 2
1287 289 19 36 227
1490 289 10 13 86
1683 289 17 6 52
779 291 1 1 1
1062 290 4 7 16
1140 292 3 3 8
878 294 1 1 1
909 296 1 2 2
1110 297 5 10 25
1342 297 1 1 1
1568 297 24 23 235
208 298 1 1 1
225 298 1 1 1
1047 299 11 12 34
1151 298 2 4 6
176 300 1 1 1
715 300 2 1 2
1181 300 1 1 1
1356 301 17 20 212
850 303 3 5 14
1177 302 1 1 1
1457 302 5 4 14
482 305 11 15 126
824 304 1 1 1
1216 304 2 1 2
377 307 4 3 8
739 307 1 1 1
1213 306 1 1 1
1545 307 5 4 12
1230 309 23 31 223
1600 308 8 3 13
1727 308 12 12 108
1689 311 11 11 93
191 312 2 2 3
755 312 7 12 70
800 313 9 2 10
1066 313 6 4 13
1204 312 2 1 2
193 315 1 1 1
299 314 2 3 5
503 315 6 6 32
666 314 1 1 1
696 315 13 6 31
917 315 1 1 1
1648 314 12 14 119
444 317 15 9 56
521 317 1 1 1
928 316 5 3 12
1116 317 5 3 10
1140 316 1 1 1
1610 316 30 21 282
344 318 51 31 503
709 319 1 1 1
1042 318 4 6 15
100 321 1 1 1
813 321 1 1 1
943 320 2 2 3
1157 321 5 10 35
1184 321 33 16 300
319 323 1 1 1
660 322 1 1 1
869 323 4 6 21
1588 322 2 2 3
216 325 1 1 1
290 325 1 1 1
439 324 2 1 2
590 325 1 1 1
920 324 3 7 17
286 327 2 1 2
625 326 1 1 1
882 327 4 2 6
888 326 21 26 255
1438 327 5 5 19
740 328 17 12 83
768 328 6 9 45
786 328 4 7 25
934 328 2 3 4
1455 329 5 5 14
1696 328 12 10 87
240 331 1 1 1
1057 330 3 2 4
1264 330 2 1 2
23 332 2 1 2
91 333 2 1 2
263 333 2 2 3
460 332 4 7 25
648 332 7 11 62
850 333 1 1 1
1113 332 2 1 2
1173 333 1 1 1
1582 333 1 1 1
237 334 2 1 2
398 335 1 1 1
423 334 4 1 4
724 335 8 14 73
823 335 2 3 5
1102 335 2 3 5
1128 335 5 6 20
1325 334 2 1 2
1356 335 2 2 2
159 337 1 1 1
310 337 1 1 1
344 337 1 1 1
484 336 2 1 2
569 337 7 6 31
684 336 1 1 1
1071 336 5 6 22
66 339 4 2 6
275 339 1 1 1
540 338 1 1 1
839 339 2 6 10
930 338 2 4 7
1584 339 31 39 501
18 340 2 2 4
42 341 2 1 2
100 341 2 1 2
1078 341 56 107 1203
1158 340 5 4 8
265 343 1 1 1
331 343 1 1 1
588 343 1 1 1
640 343 3 2 5
1047 343 1 1 1
1054 343 38 21 176
1178 342 4 4 7
1430 342 7 8 42
471 345 6 7 34
854 345 3 12 27
50 347 1 1 1
417 346 1 1 1
424 347 3 2 6
446 346 44 49 815
1639 347 20 24 216
1746 347 2 2 3
398 349 11 9 55
1153 349 2 1 2
1245 349 32 17 257
1445 348 3 2 4
780 351 1 1 1
1221 351 1 1 1
1317 351 2 2 4
1418 350 1 1 1
96 352 2 1 2
809 352 1 1 1
891 352 1 1 1
821 355 18 20 239
1026 354 17 30 159
1160 354 2 1 2
1300 355 13 14 119
1419 355 39 26 362
19 357 2 2 3
79 359 3 2 4
93 359 1 9 9
711 358 6 9 42
726 359 21 26 174
25 360 1 1 1
192 361 1 1 1
1231 361 1 1 1
252 362 7 7 28
337 363 5 3 12
640 362 1 1 1
870 362 4 7 20
895 362 4 2 5
1063 363 1 1 1
150 365 1 1 1
183 365 3 2 6
529 364 1 1 1
759 365 1 1 1
272 367 1 1 1
621 366 1 2 2
996 367 12 15 40
1759 366 34 10 146
624 369 8 3 10
687 369 4 13 21
894 368 1 1 1
1050 368 2 3 4
1807 368 1 1 1
96 371 5 2 8
1288 370 2 1 2
152 372 3 1 3
213 373 1 1 1
763 372 1 1 1
895 373 20 24 158
1361 372 2 2 2
1363 373 23 15 162
43 374 2 2 4
180 374 1 2 2
382 375 15 15 128
742 375 18 17 188
1268 374 5 5 22
69 376 2 2 3
714 377 1 1 1
781 377 1 1 1
838 377 1 1 1
861 376 2 1 2
1175 377 1 1 1
1227 377 2 1 2
1256 376 3 3 5
1534 377 3 2 5
32 379 2 2 3
162 379 2 2 3
496 378 1 1 1
919 378 3 7 20
1027 379 48 47 841
1626 379 15 14 155
287 381 1 1 1
500 381 15 20 141
982 381 3 6 15
1562 380 12 21 140
131 382 2 2 3
644 383 7 2 12
701 382 2 1 2
1209 382 3 2 5
365 384 1 1 1
530 384 1 1 1
616 385 1 1 1
800 385 2 2 3
1441 385 4 5 19
1503 385 1 1 1
1739 384 13 11 96
709 386 1 1 1
763 386 9 16 91
823 386 2 1 2
869 386 1 1 1
999 386 3 4 11
1215 387 2 1 2
116 388 1 1 1
642 389 1 2 2
919 388 10 18 53
177 391 1 2 2
336 391 1 1 1
1241 390 3 1 3
1266 390 1 1 1
1535 391 2 2 4
624 393 5 10 39
937 392 1 1 1
1082 393 1 1 1
1340 393 3 3 5
1366 393 1 1 1
1456 392 5 5 18
1497 393 1 1 1
68 395 1 1 1
163 394 2 2 4
331 394 2 4 6
397 395 20 17 194
604 394 1 1 1
607 395 1 1 1
933 395 12 14 77
113 397 10 9 18
848 396 2 1 2
1218 396 1 1 1
1318 397 1 1 1
1351 397 9 13 82
124 399 3 2 4
432 398 6 6 27
801 399 8 2 11
823 398 2 2 3
1214 399 2 14 15
1236 398 1 1 1
1254 399 1 1 1
1522 399 32 32 423
1831 398 4 2 4
647 401 5 2 6
1175 401 2 3 6
1382 400 2 1 2
1802 401 4 3 6
789 403 11 14 51
1002 402 15 9 56
1130 403 1 1 1
1604 403 16 31 315
1711 403 17 14 156
49 404 2 1 2
339 405 1 1 1
958 404 1 1 1
63 407 2 1 2
206 407 3 1 3
746 407 2 1 2
981 407 2 3 4
1087 406 1 3 3
1245 407 1 1 1
1648 407 1 2 2
213 408 1 1 1
755 409 7 7 36
812 409 1 1 1
871 408 1 3 3
913 409 124 137 6330
1296 409 2 2 4
1584 409 2 2 3
17 411 1 1 1
47 411 1 1 1
100 410 3 4 9
199 410 3 1 3
470 411 17 14 155
498 410 1 1 1
657 411 1 1 1
778 410 1 1 1
945 410 3 3 5
1149 410 2 1 2
1197 411 1 1 1
1626 411 10 9 71
601 413 1 1 1
1240 412 1 1 1
1313 413 2 2 2
108 414 2 2 4
589 414 10 9 49
1091 415 3 2 4
1279 415 5 3 10
1334 414 1 1 1
1443 415 7 8 40
42 417 1 1 1
680 417 1 1 1
820 417 3 4 8
1232 416 2 1 2
1643 417 19 14 170
573 419 1 1 1
673 419 1 1 1
837 419 32 64 725
1163 418 1 1 1
1230 419 1 1 1
1724 419 3 2 5
6 421 1 1 1
144 420 1 1 1
328 420 4 2 4
342 420 5 5 17
441 420 5 5 20
525 420 2 1 2
949 420 5 8 23
1078 421 11 11 73
1190 421 1 1 1
1675 421 15 13 137
373 423 5 5 20
403 423 2 2 3
744 422 7 6 28
777 422 4 11 15
1388 422 11 9 71
543 425 1 1 1
879 424 2 5 9
1012 424 1 3 3
1293 425 1 1 1
1433 424 4 4 9
1467 425 9 14 105
86 427 1 1 1
110 426 2 2 3
551 427 1 1 1
1179 426 2 1 2
1187 427 3 2 6
1290 427 1 1 1
718 428 2 1 2
960 428 2 3 4
1221 428 2 2 2
1313 428 3 8 10
440 431 1 1 1
590 431 2 1 2
727 430 7 11 70
1059 430 1 2 2
1236 430 1 1 1
1495 430 3 2 4
78 432 1 1 1
291 432 1 1 1
566 433 2 1 2
628 433 2 1 2
642 433 14 9 66
751 433 11 3 13
969 433 2 7 8
1558 433 1 2 2
1576 432 2 2 3
95 435 1 1 1
102 434 1 1 1
659 435 19 31 230
1228 435 4 4 15
1512 435 6 4 10
1794 434 2 2 2
112 437 6 1 6
302 436 1 1 1
454 436 7 7 33
497 437 1 1 1
831 437 1 1 1
1409 436 21 78 447
106 438 1 1 1
1030 438 9 8 49
1067 439 21 16 177
1350 439 1 1 1
1726 439 1 1 1
332 441 1 1 1
535 441 1 3 3
571 441 2 2 4
800 441 3 1 3
830 441 1 4 4
1000 440 1 3 3
1088 440 1 1 1
1149 441 5 7 24
1167 440 1 1 1
1521 440 4 2 7
1741 441 1 1 1
403 443 4 6 18
434 443 7 9 39
574 443 1 1 1
601 443 1 1 1
717 442 5 4 12
1286 442 18 17 215
1317 443 3 2 3
1728 443 3 8 12
519 445 1 1 1
898 445 1 1 1
1541 444 2 1 2
104 446 1 1 1
183 446 2 2 3
194 447 1 1 1
485 447 1 1 1
502 447 17 13 130
613 447 9 13 72
829 447 1 6 6
956 447 2 2 2
967 446 14 13 70
76 449 1 1 1
341 449 2 1 2
575 449 1 1 1
806 449 1 1 1
891 448 4 7 23
1155 448 3 2 6
1167 449 5 7 27
1270 449 2 1 2
1435 448 1 1 1
549 450 7 7 35
1385 450 7 8 43
1545 450 1 1 1
1675 450 4 4 11
131 453 1 1 1
1246 453 1 1 1
1333 452 4 7 16
1619 452 2 2 2
225 455 6 11 22
267 454 1 1 1
289 455 1 1 1
779 454 15 9 54
1092 454 2 6 8
687 456 5 7 22
1446 456 1 1 1
1596 456 14 13 136
45 459 3 1 3
140 459 1 1 1
338 459 2 2 4
1061 459 2 4 8
1338 459 1 1 1
1489 459 1 1 1
354 460 5 7 27
402 461 10 21 96
706 461 3 2 6
734 461 1 1 1
798 461 1 3 3
1034 460 1 1 1
1231 461 1 1 1
1233 460 3 1 3
1370 460 4 4 11
1490 461 8 15 74
1713 461 2 2 4
1762 460 1 1 1
447 463 16 13 95
573 462 2 5 6
1128 463 2 10 13
1260 463 1 1 1
1507 463 4 5 8
1657 462 6 3 9
1733 463 1 1 1
740 465 1 1 1
810 464 4 6 16
1152 465 6 5 10
1203 464 1 1 1
1220 464 3 5 14
1531 464 8 2 12
1772 465 2 1 2
51 467 3 2 4
543 466 18 18 112
756 467 5 16 36
1050 467 2 3 4
1199 466 1 1 1
1777 467 1 1 1
267 469 2 1 2
609 469 7 9 49
909 468 1 1 1
1183 468 2 5 7
1436 469 3 8 11
1071 470 1 4 4
1148 471 1 1 1
1225 471 3 1 3
1266 470 1 3 3
1837 471 3 1 3
840 472 8 6 15
1018 472 1 1 1
1096 473 10 6 42
1354 472 1 1 1
204 474 1 1 1
584 475 1 1 1
706 474 2 2 3
794 475 3 2 4
916 474 2 5 10
1134 474 3 1 3
1263 474 1 1 1
1510 474 9 18 78
1562 475 23 31 219
152 477 7 3 10
224 476 2 1 2
254 477 4 2 6
1117 476 6 10 27
1333 476 1 2 2
194 478 1 1 1
334 479 2 1 2
472 479 14 10 102
824 478 4 4 14
1045 478 2 5 9
1138 479 1 1 1
1329 479 1 1 1
1594 479 11 18 91
439 480 5 6 28
621 480 7 8 38
726 481 2 3 6
1161 481 7 17 63
1188 480 3 2 4
359 482 1 1 1
423 482 4 4 16
504 482 1 1 1
528 483 1 1 1
1021 483 1 4 4
1036 483 2 3 5
1139 483 12 22 136
1197 483 5 1 5
51 485 1 1 1
1051 484 5 7 21
1270 484 2 1 2
1353 484 2 2 3
1729 484 1 1 1
1757 485 3 2 4
62 487 2 1 2
169 486 1 1 1
181 487 1 1 1
671 487 1 1 1
775 486 2 1 2
861 486 12 20 94
887 486 3 4 10
498 488 1 1 1
510 488 19 33 141
545 488 1 1 1
649 489 7 9 47
735 488 1 1 1
850 489 2 4 8
1255 489 4 4 9
914 491 2 5 9
1391 491 3 3 4
418 493 1 1 1
1239 493 1 1 1
1361 493 2 1 2
383 495 1 1 1
738 494 27 32 265
784 494 1 1 1
1048 495 54 47 720
1098 495 1 2 2
354 497 1 1 1
395 497 1 1 1
834 496 2 5 8
904 496 2 5 10
1304 496 1 1 1
1369 497 25 17 188
1402 497 2 2 4
1408 496 1 1 1
356 499 1 1 1
547 498 2 1 2
566 499 22 12 125
688 498 2 3 5
775 498 2 2 2
789 499 6 12 55
1238 499 1 1 1
1355 499 1 1 1
1439 498 25 18 220
1600 499 14 14 145
1767 499 2 2 4
101 501 1 1 1
423 500 18 11 98
542 501 1 1 1
823 501 2 4 7
1032 500 1 1 1
1130 500 1 1 1
1159 500 2 1 2
1199 501 1 1 1
1228 501 1 1 1
1801 500 1 1 1
258 503 2 1 2
335 502 8 9 56
597 503 1 1 1
675 502 1 1 1
1128 502 1 1 1
1172 503 2 1 2
1251 503 1 1 1
1751 502 11 11 45
692 504 1 1 1
885 505 3 7 17
1213 504 4 2 7
1336 505 11 9 41
1482 505 1 1 1
301 507 12 10 69
483 507 1 1 1
620 506 3 2 5
865 507 1 2 2
1114 506 1 2 2
1181 506 1 1 1
1270 508 1 1 1
1498 509 1 1 1
1504 508 21 14 138
1537 509 2 1 2
1730 509 3 3 5
273 510 2 1 2
399 511 2 2 3
538 510 1 1 1
599 510 3 2 4
668 510 2 1 2
772 510 2 1 2
842 510 1 3 3
866 511 1 2 2
1108 511 1 2 2
1285 510 3 1 3
1128 513 11 10 30
1226 512 6 2 9
1322 513 1 1 1
1365 512 1 1 1
867 514 1 2 2
1687 515 1 1 1
401 517 5 6 26
418 517 2 1 2
490 517 4 4 14
545 516 6 9 47
868 517 4 16 26
1352 517 2 3 5
1635 516 6 7 22
1675 517 11 9 70
1728 516 1 1 1
53 519 1 1 1
612 518 2 2 3
678 519 1 1 1
954 518 14 12 92
1214 518 1 1 1
1316 518 25 29 231
1429 518 2 2 4
1551 519 1 1 1
1594 518 1 1 1
773 521 13 4 18
827 520 5 6 28
1210 521 1 1 1
1225 521 1 1 1
1237 521 1 1 1
1471 521 1 1 1
1625 520 1 1 1
1710 520 1 1 1
318 522 8 7 50
357 522 6 5 27
505 522 8 18 81
598 522 1 1 1
797 523 1 1 1
1087 523 51 34 464
1317 523 2 1 2
1799 523 1 1 1
294 525 1 1 1
409 524 5 4 19
488 525 1 1 1
1094 524 7 3 11
1362 525 4 4 10
1500 525 4 3 7
1579 525 2 1 2
1626 524 2 8 9
473 527 13 23 135
529 526 7 7 44
551 526 1 1 1
948 526 1 1 1
1180 526 1 4 4
1209 526 1 1 1
1245 527 27 20 213
1295 526 2 2 3
1393 526 1 1 1
1661 527 2 1 2
1714 527 2 1 2
1743 526 2 1 2
339 528 9 15 84
622 529 2 1 2
657 529 1 2 2
800 528 1 1 1
854 529 2 4 7
575 531 4 6 23
609 531 2 1 2
673 531 2 1 2
684 531 2 3 4
801 531 3 4 8
1389 531 1 1 1
1804 531 2 1 2
738 532 1 1 1
750 532 2 1 2
1071 533 10 26 137
1823 533 4 3 7
449 534 1 1 1
920 534 3 5 13
932 535 3 4 10
1195 534 1 1 1
1408 535 2 2 3
1477 535 10 7 27
1794 534 4 1 4
458 537 5 6 27
907 536 1 3 3
1306 537 1 1 1
1429 537 1 1 1
1466 536 1 1 1
1702 537 2 2 3
1717 536 3 1 3
323 539 13 16 66
710 539 1 1 1
980 539 1 1 1
1181 539 19 11 55
1363 538 1 1 1
1379 538 4 4 13
1641 539 9 9 55
1725 538 2 2 3
597 540 1 1 1
647 541 16 14 95
1414 540 7 6 14
1461 540 1 1 1
205 542 4 3 6
441 542 2 1 2
529 543 2 2 2
602 543 13 11 54
909 542 2 4 7
1054 543 1 1 1
1152 543 4 4 13
358 544 1 2 2
415 544 1 1 1
431 545 1 1 1
1051 545 2 4 7
1535 544 17 11 109
315 547 1 1 1
369 547 1 1 1
397 546 4 3 9
1160 547 14 32 166
1288 547 1 1 1
1704 546 1 1 1
134 549 1 2 2
306 549 1 2 2
1326 549 1 1 1
1574 548 1 1 1
112 551 1 1 1
723 551 10 11 69
1200 550 15 18 92
1363 550 2 1 2
1380 551 3 2 4
1482 550 3 2 4
1731 551 1 1 1
1754 551 3 2 5
1786 550 7 11 39
56 552 1 1 1
233 552 1 1 1
298 552 1 1 1
407 553 5 2 9
549 553 7 10 48
794 552 1 1 1
941 552 2 3 5
1040 553 1 2 2
1224 552 5 5 13
1406 552 2 1 2
1429 552 1 1 1
1452 552 15 10 56
1511 553 3 3 9
432 555 1 1 1
444 554 5 5 19
498 554 2 2 4
579 554 1 1 1
619 554 1 1 1
742 554 1 1 1
757 554 1 1 1
1053 554 15 15 132
1141 555 1 1 1
1252 555 3 3 6
1439 554 1 2 2
1590 555 17 18 114
947 557 2 8 12
1148 556 3 5 14
1230 557 1 2 2
1563 556 2 3 5
374 559 14 7 68
450 559 2 1 2
525 559 1 1 1
639 559 4 6 15
682 559 4 2 5
911 558 7 15 52
1129 558 1 1 1
1347 559 3 1 3
1667 559 1 2 2
1835 559 5 2 9
699 560 12 11 89
801 560 2 4 8
1033 561 1 2 2
1092 560 31 21 258
1257 560 5 6 10
1422 560 2 2 4
1434 561 4 7 20
1530 561 1 1 1
1771 561 6 3 16
179 563 7 8 16
582 562 1 1 1
758 562 6 3 8
1188 563 3 6 8
1296 563 4 2 5
1327 563 2 2 4
1397 562 1 1 1
1449 563 1 1 1
264 564 2 11 12
397 564 2 3 5
523 564 1 1 1
595 565 2 2 3
671 564 2 1 2
839 564 3 5 12
1611 565 6 2 7
203 567 1 1 1
489 567 2 2 3
569 567 2 3 4
621 567 1 1 1
748 567 4 6 19
768 566 5 7 31
883 566 1 2 2
981 567 1 1 1
1241 567 2 2 3
1269 567 1 1 1
1387 566 1 2 2
1417 566 2 2 4
1459 566 9 10 62
455 568 3 2 6
541 568 6 17 63
590 568 1 1 1
669 569 1 1 1
960 569 1 1 1
167 571 1 1 1
368 570 2 2 2
1000 571 1 2 2
1054 571 1 3 3
1071 570 2 2 3
1187 570 12 17 104
1284 571 1 1 1
1385 571 1 2 2
1413 570 1 1 1
1627 570 3 2 4
503 572 3 2 5
556 572 1 1 1
633 572 1 1 1
936 573 1 2 2
1016 572 5 8 34
1358 573 11 4 27
1519 572 2 2 3
148 574 1 1 1
508 574 6 9 45
1278 574 2 1 2
779 577 1 1 1
1046 577 1 1 1
1089 577 1 3 3
1446 577 1 1 1
1665 576 9 1 9
1711 576 11 8 63
1738 576 2 2 3
647 578 16 14 97
825 579 2 2 4
1447 579 4 1 4
1637 578 1 1 1
1791 579 1 1 1
82 580 3 2 5
420 581 2 2 4
450 580 1 1 1
525 581 6 2 11
618 580 1 1 1
707 581 1 1 1
1240 580 1 1 1
1250 581 4 11 18
1281 581 1 1 1
1311 580 1 1 1
1334 581 3 4 8
1394 581 2 2 4
1427 581 10 1 10
68 583 1 1 1
191 583 3 3 6
631 582 1 1 1
695 583 1 1 1
1083 583 5 6 10
751 584 1 1 1
763 584 4 6 16
1058 584 10 5 24
1272 585 1 1 1
127 586 1 1 1
220 586 1 2 2
264 586 3 3 7
548 587 2 2 4
625 587 3 2 6
697 587 515 274 31369
888 587 1 3 3
1145 586 1 1 1
1383 586 10 11 83
1466 586 1 1 1
1475 586 11 7 29
439 588 7 8 41
522 588 1 1 1
713 588 4 5 17
796 588 1 1 1
951 589 1 1 1
994 589 22 35 271
1224 588 1 1 1
1517 588 8 8 55
1594 588 2 2 3
593 590 1 1 1
661 591 1 1 1
785 590 2 5 9
803 590 1 1 1
939 591 1 3 3
1102 590 10 2 11
1124 590 2 2 3
1541 590 1 1 1
734 593 2 1 2
1640 592 1 1 1
1772 592 1 1 1
468 595 10 8 32
680 595 2 1 2
740 595 1 1 1
1020 594 1 1 1
1096 595 3 1 3
1173 594 3 2 6
1266 594 8 11 73
1332 594 2 3 6
1411 594 36 22 332
1507 594 1 1 1
1631 595 4 13 19
1693 595 2 1 2
601 597 1 1 1
719 597 1 1 1
863 596 1 3 3
935 596 4 6 22
1032 596 1 2 2
1220 597 8 15 82
1363 596 3 2 5
1732 597 3 2 4
306 599 5 2 8
379 599 4 3 12
391 598 1 1 1
441 599 13 21 126
548 599 1 1 1
572 598 2 3 4
634 598 3 4 10
703 599 1 1 1
787 598 1 1 1
858 599 2 3 5
1018 599 12 9 43
1074 599 12 5 36
1116 598 1 2 2
1141 598 8 2 9
1195 599 1 1 1
258 601 1 1 1
660 601 3 4 10
1043 601 2 4 7
1078 601 28 22 181
1138 600 1 1 1
485 603 7 15 47
502 602 5 6 21
696 602 1 2 2
887 602 1 3 3
1054 603 12 7 30
1345 602 2 2 3
1478 603 1 1 1
1772 602 3 2 5
52 604 1 1 1
209 605 1 1 1
348 605 2 1 2
374 605 1 1 1
436 604 2 1 2
551 605 2 1 2
618 604 2 2 4
727 604 13 7 38
1532 604 3 2 5
214 606 2 1 2
233 606 3 2 5
723 606 1 1 1
752 607 1 1 1
934 607 1 2 2
1242 607 25 22 205
1325 606 6 2 8
1370 607 28 9 139
1480 607 16 17 175
1507 606 1 1 1
1569 606 3 2 4
1813 607 1 1 1
107 609 1 1 1
231 608 1 1 1
417 609 11 4 25
927 609 1 1 1
1033 609 1 1 1
1125 609 2 7 7
1357 608 1 1 1
1525 608 7 9 46
385 611 1 1 1
563 611 5 5 18
595 610 1 1 1
779 610 2 1 2
1039 611 1 2 2
712 612 1 1 1
891 612 2 3 4
1290 612 1 1 1
247 615 1 1 1
325 614 9 9 65
373 615 2 1 2
612 614 2 2 3
844 614 1 3 3
878 615 2 5 9
1042 614 2 7 9
1200 615 15 4 25
1548 614 29 55 535
469 616 2 2 3
1178 616 1 2 2
1273 616 19 28 157
1304 617 48 58 548
21 619 2 1 2
89 618 6 3 11
362 618 3 2 4
393 619 1 1 1
621 618 7 6 28
683 619 6 7 30
1065 618 2 2 3
1168 618 8 12 44
1308 619 1 2 2
1468 619 1 2 2
1721 619 4 3 9
539 620 1 1 1
587 621 1 1 1
949 620 1 1 1
1032 621 1 1 1
1099 620 37 34 313
1191 620 2 3 6
1349 620 5 3 11
1400 621 4 2 7
1540 620 1 1 1
275 622 1 4 4
384 623 17 12 50
545 623 2 1 2
584 623 1 1 1
1019 622 4 5 15
1154 623 1 1 1
1229 623 1 1 1
1680 622 3 2 4
615 625 30 31 148
993 625 1 2 2
1073 625 1 2 2
1390 625 1 9 9
1448 625 1 1 1
1508 624 9 12 70
1807 625 3 3 5
111 626 1 1 1
505 627 4 2 5
603 626 1 1 1
921 626 1 3 3
977 627 17 32 206
1045 626 2 4 8
1441 627 30 13 134
562 629 1 1 1
714 629 1 1 1
936 628 3 2 3
1354 629 10 6 35
1497 629 1 1 1
1536 628 4 2 8
1771 628 6 5 20
59 631 4 2 6
260 631 1 1 1
356 631 21 16 51
440 631 2 2 3
503 630 1 1 1
556 630 4 5 15
581 631 1 1 1
730 631 1 1 1
875 630 2 4 5
1049 631 1 1 1
1176 631 1 1 1
1257 631 9 10 77
1416 630 11 16 90
98 633 1 1 1
491 633 3 3 6
720 632 1 1 1
903 632 1 3 3
1199 633 16 9 55
1526 632 5 3 10
290 635 1 1 1
433 635 10 20 54
520 635 13 12 71
662 634 20 4 23
960 635 1 2 2
1034 634 22 25 99
1148 635 3 2 4
1392 635 2 2 2
140 637 6 10 22
270 637 1 2 2
409 637 1 2 2
582 636 1 1 1
603 637 1 1 1
891 637 1 3 3
1090 637 1 2 2
1616 637 2 1 2
1783 637 1 1 1
411 639 1 1 1
459 639 5 5 21
466 638 1 1 1
543 639 1 1 1
658 639 2 3 4
959 638 1 1 1
1008 639 1 1 1
1037 638 46 53 604
1397 638 1 2 2
1475 639 3 2 6
1758 638 2 5 6
394 641 4 3 10
414 640 6 2 11
1089 641 1 1 1
1194 640 1 1 1
1651 640 11 8 62
1700 641 4 3 10
509 642 1 1 1
574 642 2 1 2
1000 642 4 6 23
1085 642 1 1 1
1773 642 7 4 28
374 645 1 2 2
838 645 5 16 43
998 644 33 31 255
1131 645 2 3 4
1253 645 2 1 2
1344 644 33 23 223
1585 645 26 17 213
1738 644 1 1 1
369 647 1 1 1
495 646 1 1 1
512 647 6 8 27
568 646 1 1 1
597 646 5 5 23
1167 646 1 1 1
1189 647 1 1 1
1215 646 5 11 17
1461 647 11 15 66
1498 646 1 1 1
1767 646 4 3 10
1816 646 2 2 2
1834 646 6 2 11
59 649 3 6 13
382 648 1 1 1
478 649 5 5 22
664 649 16 6 39
1268 649 3 3 6
548 650 4 9 14
1250 650 1 1 1
1388 650 2 2 4
1431 651 7 7 37
1691 651 2 2 3
1705 650 2 2 2
404 653 11 27 90
500 653 4 4 15
856 653 2 3 5
1191 652 2 1 2
1624 652 3 2 5
273 655 2 1 2
332 654 1 1 1
348 655 1 1 1
418 654 2 2 4
441 655 8 7 32
1047 654 1 1 1
1382 654 2 2 4
1396 655 1 2 2
911 656 3 1 3
1453 656 1 2 2
1653 657 1 1 1
6 659 1 1 1
465 659 1 1 1
615 659 2 2 2
1514 659 4 2 7
211 660 1 1 1
342 661 2 1 2
423 661 7 12 56
573 661 1 1 1
1113 661 1 1 1
1250 660 2 2 2
1610 660 10 11 65
70 663 1 2 2
502 663 5 11 26
613 662 1 2 2
928 663 3 4 11
953 663 1 1 1
1102 662 10 13 26
1735 662 1 1 1
1832 662 2 2 3
370 665 3 3 7
466 664 1 1 1
914 664 1 2 2
1086 665 1 1 1
175 667 6 4 17
519 667 1 1 1
570 667 3 8 10
588 666 50 15 248
870 666 2 3 6
1230 667 1 1 1
152 668 1 1 1
196 669 1 1 1
705 669 3 5 12
1268 668 1 1 1
1355 668 4 3 6
1378 669 2 1 2
1684 669 2 2 4
262 670 5 3 10
395 671 1 1 1
691 670 1 1 1
952 670 1 2 2
1380 671 1 1 1
1397 670 3 2 4
1689 671 2 1 2
1738 671 4 3 10
1759 670 12 13 65
473 672 8 3 17
925 673 1 1 1
1214 673 1 1 1
1459 673 1 1 1
1752 672 2 1 2
1784 672 4 3 4
184 674 7 3 12
577 675 1 2 2
921 674 1 2 2
1256 675 6 6 34
1278 675 1 1 1
1416 674 1 1 1
1542 675 1 1 1
469 676 1 2 2
716 677 1 1 1
731 676 1 1 1
1214 676 8 12 35
1229 676 1 1 1
1296 676 11 2 13
1315 677 14 7 53
1367 676 1 1 1
1678 676 1 1 1
250 678 1 1 1
319 678 3 2 4
461 678 32 24 236
578 679 1 1 1
730 679 1 1 1
902 678 1 1 1
916 679 2 4 6
1004 678 1 2 2
1267 678 22 15 135
1338 679 14 6 42
1492 678 1 2 2
1497 678 13 19 125
1703 679 11 4 21
286 680 1 1 1
411 681 5 5 23
892 680 1 3 3
985 680 10 13 81
1088 681 2 3 3
1416 680 19 39 284
1522 680 1 1 1
1796 681 13 4 22
579 682 6 7 22
646 683 18 13 112
691 683 2 3 5
1015 682 21 27 109
1075 682 1 1 1
1243 682 5 5 15
1398 683 1 1 1
1468 682 8 13 52
1839 683 1 1 1
325 685 10 18 65
529 684 4 5 13
961 684 1 1 1
1833 684 1 2 2
685 686 4 2 8
92 689 3 2 5
209 689 1 1 1
418 689 4 2 6
541 689 1 1 1
897 688 9 5 29
947 689 3 4 9
1223 689 3 3 8
1235 688 1 1 1
1295 688 17 31 256
1441 689 1 1 1
1576 688 16 14 113
1661 689 2 4 7
1721 688 3 2 5
382 691 17 8 59
717 690 6 7 14
567 692 1 1 1
960 693 1 3 3
1320 693 1 3 3
235 695 3 3 6
555 694 12 12 61
617 695 1 1 1
918 695 17 17 75
1343 694 6 10 30
1382 694 1 1 1
1384 695 1 1 1
120 696 2 2 2
400 696 1 1 1
544 697 1 1 1
1392 697 15 5 44
1448 697 1 1 1
1744 696 1 1 1
290 698 4 2 6
291 698 21 29 137
1246 698 7 7 13
1331 699 1 1 1
1373 699 1 1 1
1728 698 5 5 17
514 701 1 1 1
632 700 5 4 10
1064 700 1 1 1
1226 700 4 8 19
1766 700 1 1 1
238 702 2 2 3
531 702 21 18 82
687 702 6 12 47
1317 703 13 6 51
1466 703 8 4 12
1694 703 4 2 6
1711 702 1 1 1
1831 703 1 1 1
330 704 14 13 55
374 704 6 7 23
620 705 3 4 10
1287 704 1 1 1
1814 704 1 1 1
133 706 1 1 1
958 706 2 3 5
1191 706 2 1 2
1263 706 1 1 1
1514 706 13 11 89
1547 707 7 7 40
644 708 1 1 1
1026 709 1 1 1
1265 708 1 1 1
263 711 3 3 6
421 710 9 7 48
914 710 3 4 10
990 710 1 1 1
1220 710 1 1 1
1330 710 8 1 8
1625 711 13 14 74
1717 711 1 1 1
1761 710 4 3 9
315 713 13 11 56
457 713 14 11 46
480 712 26 20 196
875 713 2 3 5
999 713 1 1 1
1230 712 2 1 2
1387 713 3 2 5
1576 713 23 16 183
1664 713 1 1 1
252 714 5 7 14
383 715 1 1 1
509 714 9 6 32
696 715 3 4 10
892 714 11 20 133
984 715 2 4 7
1007 715 4 10 16
1020 715 1 1 1
1278 714 1 1 1
1339 715 1 1 1
1683 714 1 2 2
1731 715 2 1 2
1749 714 6 8 25
1766 714 2 1 2
587 717 1 1 1
757 716 1 1 1
1205 717 16 8 87
1287 716 12 23 81
1465 716 1 1 1
1559 717 3 2 5
183 719 4 4 7
662 719 10 5 31
683 718 2 13 16
971 718 10 11 44
1228 718 58 80 1003
1782 719 2 1 2
356 721 1 1 1
388 721 3 1 3
433 720 1 1 1
552 720 7 6 22
591 721 12 20 185
1269 720 8 14 51
1327 721 2 2 3
1441 721 5 5 23
1467 721 1 1 1
1815 720 1 1 1
210 722 2 3 5
527 723 2 2 3
644 722 4 6 22
1156 722 1 1 1
1468 723 1 1 1
40 725 1 1 1
312 725 1 1 1
381 725 5 3 11
702 724 1 1 1
1149 724 4 8 26
1202 725 1 1 1
1231 724 4 3 11
1465 725 15 21 112
1699 725 1 1 1
771 726 3 12 20
935 727 1 3 3
1189 727 8 15 52
1311 727 1 1 1
1351 727 13 7 45
1389 727 4 3 6
1567 727 1 1 1
1760 727 2 2 2
74 729 3 1 3
118 729 2 2 3
217 729 4 2 7
474 728 1 1 1
541 728 16 14 44
693 728 2 3 5
753 729 1 1 1
788 728 1 1 1
1314 728 7 9 35
379 731 2 2 4
438 731 4 1 4
1439 731 2 1 2
1497 731 17 11 100
1515 730 1 1 1
1641 730 1 1 1
331 733 3 2 4
432 733 2 2 3
642 733 1 1 1
1366 733 30 25 177
1418 732 1 1 1
1451 733 4 4 9
1528 733 8 6 27
1625 733 1 2 2
271 734 1 1 1
816 734 1 1 1
1143 735 2 3 5
1223 735 5 4 14
1341 735 1 1 1
1633 735 1 1 1
1680 735 1 1 1
176 736 1 1 1
727 736 8 5 21
1410 737 1 2 2
1436 736 1 1 1
1676 737 20 10 50
1793 736 10 5 14
1817 736 5 5 20
414 739 1 1 1
446 738 6 19 82
690 739 18 17 152
1133 738 7 8 43
1232 739 3 2 6
1700 739 20 16 72
1776 739 5 6 22
348 740 15 16 64
471 741 13 8 35
519 740 3 2 4
615 740 16 11 71
782 740 4 2 6
1272 741 16 22 100
1408 740 1 1 1
74 743 2 1 2
585 743 2 1 2
817 743 2 4 8
1155 743 3 3 5
1185 743 3 7 9
1564 743 19 14 107
1634 743 2 2 3
1790 743 3 2 5
193 745 1 1 1
224 744 1 1 1
540 745 1 1 1
679 745 8 6 29
1264 745 2 2 4
1698 744 1 1 1
1211 747 1 2 2
1340 746 5 10 15
1609 746 13 9 51
122 748 2 4 5
255 748 2 3 4
795 749 2 2 4
1419 748 8 11 55
1481 749 19 27 244
1736 749 1 1 1
188 750 1 1 1
516 750 10 7 18
1432 750 29 35 302
1748 750 1 1 1
1822 751 1 1 1
116 752 1 1 1
317 753 7 7 35
334 753 1 3 3
403 752 8 8 49
601 753 4 5 16
662 752 4 5 19
676 752 3 3 7
1152 752 1 2 2
1326 752 1 1 1
1409 753 1 1 1
56 754 2 2 2
645 755 4 5 13
735 754 5 7 29
1321 754 3 1 3
1500 754 1 1 1
1721 755 4 3 4
284 757 3 2 6
458 757 7 12 21
568 756 2 2 4
1145 757 12 8 33
1175 757 14 5 29
1192 756 3 3 5
1516 757 2 6 7
1587 756 19 9 87
1750 757 9 10 41
1766 756 3 4 7
23 759 1 2 2
347 758 1 1 1
611 759 1 1 1
787 758 3 5 15
817 758 4 5 17
1337 759 1 2 2
1392 759 12 5 43
1559 758 10 24 126
89 761 3 2 5
693 760 2 2 4
1206 761 3 9 12
1770 761 1 1 1
0 762 1 1 1
398 762 1 1 1
537 763 3 1 3
577 763 1 1 1
1294 763 5 4 14
1300 762 1 1 1
1324 763 4 5 11
1353 762 5 5 16
1697 762 1 1 1
1740 763 1 1 1
1831 763 1 1 1
186 764 13 11 59
480 765 3 3 6
752 764 6 8 33
1164 765 3 9 13
1494 764 22 33 302
1631 765 1 1 1
116 767 2 1 2
363 766 8 10 17
442 766 3 3 8
521 766 4 3 10
662 766 3 3 5
1410 766 2 2 4
1533 766 5 4 15
279 768 2 3 5
396 769 1 1 1
566 769 1 1 1
627 768 5 20 32
668 769 1 1 1
677 769 21 23 141
716 768 16 4 27
834 769 8 11 47
853 769 2 4 6
1629 768 2 3 5
83 770 3 2 5
433 770 2 2 4
525 771 4 2 8
586 770 1 1 1
770 770 7 7 19
1420 770 1 1 1
1681 771 18 17 90
1772 771 5 3 15
1795 771 3 4 12
97 773 2 1 2
270 773 2 9 10
322 772 1 1 1
574 772 3 3 7
703 772 2 2 4
734 772 1 1 1
1195 772 2 1 2
1199 773 1 1 1
1207 772 19 34 209
1469 773 10 20 61
1641 773 5 3 10
1674 772 2 2 3
1743 772 6 4 23
383 775 3 3 5
805 774 4 2 7
1150 774 1 1 1
77 776 1 2 2
290 777 1 1 1
292 776 1 1 1
313 776 2 2 3
407 777 2 3 6
485 777 1 1 1
502 777 8 9 28
588 777 1 1 1
1346 777 1 3 3
1395 777 13 8 30
1710 777 4 8 18
103 779 2 3 5
285 779 1 1 1
492 778 1 1 1
550 778 2 2 3
768 778 1 1 1
1204 779 1 1 1
1363 778 7 8 35
1510 779 39 59 632
1725 778 3 3 4
1766 779 13 10 37
245 780 1 1 1
345 781 2 1 2
362 781 1 1 1
440 781 4 3 10
480 781 1 2 2
582 781 5 3 12
601 780 7 5 18
1122 781 1 1 1
1737 781 1 2 2
1752 780 1 1 1
1813 781 2 2 4
1822 780 1 1 1
16 783 2 2 2
529 782 3 12 24
628 783 44 36 428
796 782 2 1 2
865 783 1 3 3
1431 783 3 2 4
1589 782 1 1 1
1830 782 4 3 8
32 784 2 1 2
333 784 1 1 1
458 784 4 4 15
578 784 2 2 3
1145 784 2 1 2
1187 784 11 11 74
1321 784 2 1 2
1419 785 7 12 63
1597 784 1 1 1
434 787 1 1 1
878 787 1 3 3
1158 787 3 3 6
1295 786 11 9 35
1325 786 1 1 1
1337 787 6 8 18
1606 787 14 13 58
50 788 2 2 4
231 789 8 11 42
291 789 2 2 2
404 789 10 3 15
512 788 4 4 14
179 791 1 1 1
430 790 1 1 1
553 791 2 2 2
575 791 2 3 4
1117 790 7 3 13
1165 791 4 6 24
1234 790 5 10 18
1693 790 11 17 49
1760 790 1 1 1
1816 790 1 1 1
1818 791 1 1 1
397 793 2 2 4
468 792 5 5 24
1155 793 1 1 1
1730 793 3 2 4
87 795 1 1 1
425 794 3 3 5
639 794 2 2 4
688 794 3 3 7
722 795 1 1 1
1087 794 1 3 3
1272 794 1 1 1
1316 795 1 2 2
1359 795 6 2 7
1394 795 1 1 1
1404 794 1 1 1
334 796 2 2 4
752 797 1 1 1
872 797 1 2 2
1174 797 1 1 1
1274 797 1 2 2
1587 797 1 2 2
1636 796 1 2 2
41 799 4 3 11
437 798 1 1 1
481 799 1 1 1
520 798 3 2 6
672 799 2 2 3
1081 799 1 1 1
1365 799 15 7 90
1425 798 75 43 702
1566 798 5 6 23
1654 798 3 2 5
1671 799 1 2 2
1723 798 3 5 15
222 801 1 1 1
500 800 2 2 4
703 801 8 5 21
836 800 1 1 1
882 801 1 1 1
886 800 1 1 1
902 800 2 3 6
1091 800 2 3 6
1240 801 104 80 1903
1396 801 2 2 4
1594 800 1 3 3
1748 800 1 1 1
1792 800 4 2 7
268 802 1 1 1
309 803 8 5 13
368 803 2 2 2
777 802 3 2 5
841 802 1 2 2
1672 802 4 2 8
210 804 5 4 10
525 805 17 18 74
594 805 7 8 27
849 804 1 1 1
1112 805 18 11 35
1262 804 6 1 6
1282 804 1 1 1
1505 804 2 1 2
1657 804 7 11 27
455 807 1 1 1
862 806 2 2 4
1074 807 2 8 10
1085 806 1 2 2
1098 806 1 1 1
1193 807 3 2 4
1402 807 1 1 1
1562 806 4 3 9
1755 806 1 1 1
1815 806 16 7 22
14 808 1 1 1
469 809 7 3 11
570 808 3 3 6
616 808 1 1 1
675 808 4 6 8
895 809 1 1 1
1163 808 2 1 2
1217 809 4 3 12
1273 809 4 5 20
1280 808 1 1 1
1677 809 1 2 2
1716 809 2 1 2
225 810 2 1 2
360 810 1 1 1
781 810 1 2 2
1203 810 2 1 2
1351 811 1 1 1
1361 811 4 3 8
1380 811 2 1 2
1596 810 15 15 92
1791 811 4 2 6
164 813 4 2 5
437 812 1 1 1
554 812 4 11 17
576 812 3 3 6
763 812 4 4 10
1191 812 1 1 1
1626 812 2 3 5
1690 813 2 3 4
18 815 1 2 2
146 814 3 5 10
606 814 5 9 16
871 814 3 1 3
1139 815 1 1 1
1157 814 1 1 1
1215 815 17 17 71
1366 815 11 3 13
1647 815 1 1 1
1738 814 1 1 1
1806 814 8 8 15
1833 815 7 3 12
250 817 1 1 1
295 816 3 2 4
900 817 5 3 15
1095 816 1 1 1
1215 816 2 1 2
1266 817 1 1 1
1394 816 2 3 3
1640 816 4 3 10
1702 817 1 1 1
1775 817 1 2 2
178 818 1 1 1
489 818 1 5 5
1094 819 1 1 1
1154 819 1 1 1
1169 818 1 1 1
1446 818 7 11 23
1664 819 2 2 3
1747 818 1 1 1
62 820 1 2 2
417 820 11 9 31
498 821 32 33 160
905 821 1 1 1
1075 820 2 2 3
1115 821 1 1 1
1188 820 1 1 1
1692 820 1 1 1
193 822 1 1 1
467 823 1 1 1
866 822 1 1 1
898 823 16 19 155
1140 822 1 2 2
1351 822 44 30 308
1408 823 2 2 4
585 825 8 5 19
638 825 1 1 1
673 825 2 1 2
731 824 3 4 11
1190 824 15 9 40
1397 825 10 3 16
1648 825 1 1 1
1700 824 1 1 1
95 827 1 1 1
205 826 4 4 10
338 827 1 1 1
623 826 1 1 1
780 827 2 2 3
852 827 1 2 2
1554 827 2 1 2
1660 826 26 18 207
1785 827 5 5 20
183 828 10 4 24
635 829 26 24 249
716 828 1 1 1
801 828 2 5 6
889 829 1 3 3
931 828 2 10 14
1111 828 1 1 1
1591 828 1 1 1
1704 829 4 2 8
377 830 15 8 76
479 830 1 1 1
484 831 1 1 1
574 830 2 2 3
616 830 1 2 2
684 830 2 3 6
702 831 6 13 40
827 831 5 7 24
861 831 21 13 90
1075 831 1 2 2
1416 830 1 1 1
1419 831 5 5 14
333 833 3 2 4
521 833 1 1 1
538 832 3 6 14
1143 832 1 1 1
439 834 3 3 7
736 835 1 1 1
791 834 1 1 1
1609 835 4 4 7
1701 835 1 1 1
1778 834 7 4 18
266 836 16 10 31
1127 837 1 1 1
1146 836 6 5 10
1205 836 10 18 110
360 838 3 4 6
681 838 1 2 2
737 838 1 1 1
785 839 1 1 1
941 838 8 16 85
1224 838 6 6 20
1546 838 2 2 4
1593 838 2 1 2
144 841 4 3 9
294 841 5 6 25
534 841 3 2 6
560 840 8 3 13
752 841 3 3 6
778 841 7 3 9
1047 841 1 1 1
1079 840 1 1 1
1125 840 1 1 1
1165 841 7 3 10
1312 840 10 6 30
1595 841 3 1 3
1794 841 4 2 5
392 842 1 1 1
550 843 2 1 2
616 843 2 2 4
823 842 12 9 27
849 842 1 1 1
1063 842 4 8 17
1313 842 110 50 1241
1447 842 1 2 2
1559 843 2 1 2
1623 843 1 1 1
9 844 3 2 5
56 845 1 1 1
311 844 7 10 42
598 844 1 2 2
657 844 16 12 60
819 845 1 1 1
1173 845 2 1 2
1183 844 1 1 1
1344 845 1 1 1
1708 844 2 8 10
65 847 1 1 1
577 847 2 2 4
1152 846 5 6 17
1302 846 5 3 11
1434 846 1 1 1
1531 846 8 14 38
1577 846 1 1 1
1743 846 10 9 33
1757 846 3 2 5
228 849 3 3 5
364 849 6 4 15
404 849 2 2 3
732 848 7 2 14
1471 849 4 1 4
1605 849 7 11 47
1636 848 2 1 2
1653 848 1 1 1
1756 849 1 1 1
0 850 8 6 37
24 851 3 2 3
535 850 13 13 61
711 851 5 6 15
837 851 10 11 44
969 850 1 1 1
1052 851 6 2 11
1116 850 2 1 2
1230 850 8 7 40
1584 851 1 2 2
1593 850 1 1 1
1640 851 1 1 1
1674 850 8 8 19
320 853 18 13 146
381 852 8 7 46
452 852 1 1 1
454 853 2 2 3
629 853 13 17 88
693 852 10 14 79
1426 853 1 1 1
1694 853 7 4 13
356 854 2 4 6
576 854 1 2 2
588 855 7 7 18
862 855 1 1 1
936 854 1 1 1
1038 855 19 25 199
1447 855 17 12 61
1494 854 1 1 1
1573 854 1 1 1
1643 854 2 1 2
1657 855 2 1 2
192 856 1 2 2
413 857 1 1 1
749 856 6 5 23
783 857 1 1 1
912 856 2 2 3
950 856 1 1 1
1092 857 16 11 86
1551 856 4 4 16
1733 857 7 8 40
10 859 1 1 1
566 858 1 1 1
645 859 3 2 5
679 858 4 4 11
717 859 9 8 35
802 859 1 2 2
866 859 1 3 3
1071 858 1 2 2
1183 858 20 6 57
1220 858 7 2 14
1317 859 2 2 4
1466 858 3 3 7
1478 859 2 1 2
1489 858 6 8 14
379 860 2 3 3
615 860 1 1 1
776 860 1 1 1
902 861 10 1 10
952 861 1 1 1
1808 861 4 3 8
22 862 5 3 11
181 863 1 1 1
199 863 3 3 4
211 862 2 2 4
672 863 1 2 2
756 862 1 1 1
807 862 1 2 2
1028 863 2 1 2
1533 863 4 4 11
1550 863 1 1 1
1651 862 2 2 3
1770 863 27 15 185
1826 863 1 1 1
39 865 2 1 2
520 864 7 3 21
995 865 1 1 1
1136 864 15 17 100
1155 864 2 2 4
1173 864 8 8 54
1203 864 16 16 141
1295 865 7 6 27
1414 865 1 1 1
1629 864 2 1 2
1797 864 1 1 1
505 867 1 1 1
570 866 2 3 6
613 867 2 2 4
828 867 3 6 13
872 866 1 1 1
894 867 3 10 15
913 867 2 5 9
928 867 4 6 21
985 866 1 2 2
1588 867 2 3 4
37 868 2 1 2
506 869 1 1 1
789 869 1 3 3
879 869 1 1 1
1019 869 2 2 3
1060 869 1 1 1
1079 868 1 1 1
1257 868 1 4 4
1402 868 1 1 1
1473 868 7 8 45
1531 868 1 1 1
1603 869 2 2 4
1635 868 4 3 11
1674 868 10 13 40
488 871 3 3 5
530 870 9 5 16
572 871 10 19 73
735 871 2 1 2
1015 871 2 3 4
1438 870 14 7 22
1482 871 16 15 53
1529 870 1 1 1
1557 870 12 3 14
1614 871 9 6 25
1716 870 2 1 2
1817 871 1 1 1
136 872 2 3 4
235 872 5 9 19
344 872 5 6 27
454 872 7 4 21
591 873 15 10 75
621 873 16 6 47
687 873 2 2 2
1110 873 10 8 41
1760 872 1 2 2
1261 874 28 36 374
1371 874 60 65 969
1745 874 3 3 7
318 876 6 6 24
403 877 22 29 223
656 876 1 2 2
710 877 10 17 77
951 877 12 13 46
1171 877 1 2 2
1423 876 7 4 24
1447 876 18 16 155
1750 877 1 1 1
1833 876 1 1 1
262 879 5 4 16
354 879 1 1 1
390 879 1 1 1
544 879 5 5 13
942 879 1 1 1
1005 879 4 6 21
1082 879 2 2 4
1714 878 3 4 8
1727 879 1 1 1
835 881 14 4 18
1027 881 1 1 1
1163 881 1 1 1
1579 881 5 4 18
1728 881 23 16 135
246 883 1 3 3
278 882 1 1 1
479 882 5 3 10
524 882 5 1 5
559 882 2 1 2
683 883 16 10 82
736 883 1 1 1
1041 883 2 1 2
1307 883 4 4 12
1519 883 13 12 91
1629 883 15 13 85
1667 883 2 1 2
1681 882 6 4 16
116 884 2 1 2
758 885 1 1 1
1001 885 1 1 1
1070 884 7 7 38
1314 885 88 125 1711
1571 885 4 6 13
1616 885 1 1 1
1764 885 7 10 19
1804 885 7 4 16
206 886 11 3 14
792 886 2 2 3
889 887 2 4 8
987 886 1 1 1
1184 886 1 1 1
1418 887 2 2 4
1540 887 1 2 2
1559 886 3 3 8
445 888 1 1 1
782 888 1 1 1
913 888 11 21 95
1086 889 1 1 1
1098 889 1 8 8
1198 889 1 1 1
1201 888 1 1 1
1223 889 2 2 4
1331 889 1 1 1
369 891 1 1 1
426 891 1 1 1
701 890 2 3 5
774 890 3 2 5
795 890 10 19 82
1119 890 17 6 25
1253 890 3 9 17
1478 890 1 1 1
1552 890 4 3 6
1659 891 1 1 1
229 892 2 2 4
541 892 2 3 5
571 893 1 1 1
752 893 1 1 1
833 892 1 1 1
1044 893 2 2 4
29 894 2 2 4
143 895 2 3 4
256 894 3 4 8
481 894 1 2 2
484 895 10 10 58
523 894 3 3 7
650 895 18 13 66
843 894 5 11 33
878 894 4 6 19
1051 895 1 1 1
1161 894 44 55 490
1318 895 2 2 3
1666 895 5 5 9
1684 894 1 1 1
1731 894 1 1 1
1816 895 2 6 7
85 896 3 4 8
442 896 2 1 2
733 896 2 1 2
893 896 1 2 2
964 897 1 1 1
1105 896 7 16 48
1442 896 1 1 1
471 899 1 1 1
546 898 23 14 101
596 898 1 1 1
680 899 27 26 145
820 898 2 2 3
864 898 1 1 1
1001 898 1 1 1
1011 899 1 1 1
1052 899 1 1 1
1194 899 60 25 543
1614 899 3 1 3
1646 898 9 10 76
1705 898 3 3 7
96 901 1 2 2
344 901 1 1 1
473 901 1 1 1
583 901 10 10 76
617 900 1 2 2
643 901 3 3 9
857 901 1 1 1
1026 900 2 3 4
1473 901 3 5 11
60 902 4 4 9
370 902 6 6 28
527 902 1 1 1
742 902 1 1 1
832 902 1 2 2
966 902 1 1 1
1322 903 2 2 4
1436 903 1 1 1
1520 902 2 2 4
1533 902 4 3 11
1577 903 1 1 1
1674 903 4 5 17
1712 903 9 5 23
1776 903 6 9 34
332 904 1 1 1
422 905 1 1 1
620 904 3 8 12
730 904 1 9 9
973 905 9 8 16
1032 904 1 1 1
1094 905 2 2 3
1481 905 12 7 36
1523 905 3 3 5
1689 905 1 1 1
1747 905 1 1 1
36 907 1 1 1
257 907 1 1 1
331 907 1 2 2
543 906 3 3 6
1008 906 1 2 2
1060 907 1 1 1
1298 907 3 1 3
1469 907 1 1 1
515 909 1 1 1
877 908 1 1 1
1120 908 2 2 3
1310 908 1 1 1
1513 909 1 1 1
1549 909 2 11 13
1752 908 7 11 18
1820 909 3 2 4
20 911 4 3 6
344 911 5 4 12
493 910 1 1 1
602 910 8 18 42
950 911 2 3 5
1467 911 1 1 1
1592 911 3 3 6
1644 911 1 1 1
1694 910 2 1 2
54 912 4 4 12
88 913 1 1 1
376 912 7 6 32
572 913 1 2 2
879 912 15 14 50
903 912 2 2 4
1629 913 12 13 90
1703 913 1 1 1
76 915 9 11 51
398 915 3 2 5
645 914 11 20 46
743 914 1 1 1
771 914 1 1 1
846 915 1 7 7
967 915 1 2 2
982 915 1 1 1
1152 914 1 1 1
1272 915 1 1 1
1307 915 1 1 1
1430 915 30 24 224
1609 914 2 5 6
1705 915 1 1 1
1780 915 10 4 13
1805 915 1 1 1
733 917 1 1 1
912 917 1 1 1
962 917 3 8 14
996 917 4 10 22
1055 916 1 1 1
1146 916 1 1 1
1273 917 16 12 87
168 918 2 2 3
331 919 2 2 3
616 918 1 1 1
674 918 1 1 1
765 919 1 1 1
1018 918 1 1 1
1486 919 2 2 4
1569 918 18 17 106
1651 918 1 1 1
95 920 4 3 7
132 920 2 3 4
310 921 1 1 1
516 921 2 2 4
671 920 3 4 10
708 921 11 8 53
1107 920 13 11 57
1255 921 3 3 6
1299 920 1 1 1
1522 920 13 2 18
1725 921 1 1 1
192 923 1 1 1
422 923 1 1 1
531 923 4 4 10
573 922 2 4 8
796 922 1 1 1
832 922 2 6 7
897 922 1 1 1
930 922 5 8 26
1213 923 10 3 22
1513 922 1 1 1
1548 922 2 1 2
1589 923 3 8 9
1682 923 1 9 9
1797 923 1 1 1
357 925 1 1 1
1050 924 6 8 30
1195 924 2 1 2
1473 925 10 8 39
217 926 2 1 2
382 926 5 3 12
509 926 7 6 32
666 926 2 3 4
723 926 7 6 30
886 927 1 1 1
1065 926 1 1 1
1530 926 13 17 60
1806 927 2 1 2
1836 926 4 13 21
87 929 1 1 1
411 929 5 4 10
581 929 10 8 62
758 928 1 1 1
868 929 1 1 1
967 929 1 2 2
978 929 7 5 11
1134 929 16 16 100
1818 929 1 1 1
328 931 1 1 1
774 930 5 7 21
814 930 8 15 52
1018 931 1 1 1
1239 931 15 19 82
1305 931 1 1 1
1451 930 1 1 1
1499 930 5 11 26
1523 930 2 1 2
1553 930 4 3 7
1612 931 3 2 4
274 933 5 5 9
319 933 1 1 1
373 932 14 16 67
437 932 4 5 18
732 932 1 2 2
1152 932 1 1 1
1520 932 1 1 1
1558 933 1 1 1
1710 933 2 2 3
1748 932 2 2 3
7 935 2 1 2
106 934 1 1 1
546 935 1 1 1
627 934 1 1 1
741 934 1 2 2
870 935 1 1 1
976 934 1 1 1
1210 935 1 1 1
1259 934 14 14 50
1442 934 24 19 163
1642 935 1 1 1
1790 934 7 6 22
134 937 1 1 1
455 936 2 1 2
570 937 8 2 10
883 936 1 1 1
1117 937 1 1 1
1282 937 20 10 71
1580 936 1 1 1
1667 937 2 3 4
52 938 2 2 2
424 938 3 1 3
442 938 6 16 52
605 938 2 1 2
758 939 1 2 2
1036 939 1 3 3
1060 938 1 1 1
1075 939 3 4 6
1166 938 4 2 8
1201 938 28 42 426
1639 939 8 15 62
1810 938 1 1 1
512 941 1 1 1
526 940 1 2 2
684 941 2 3 6
928 940 1 1 1
1118 940 1 1 1
1687 940 3 4 6
1715 941 1 1 1
146 943 2 2 2
283 942 1 1 1
711 943 21 9 52
766 942 1 2 2
884 943 1 1 1
897 943 12 5 22
1338 943 3 6 16
1390 942 1 1 1
1396 943 9 10 44
1476 943 2 1 2
1567 942 11 25 114
1669 942 3 6 12
1746 942 2 1 2
1800 943 2 1 2
121 944 4 4 7
648 945 10 4 31
673 945 9 6 21
1124 945 1 1 1
1159 945 6 4 16
1414 945 13 12 94
1517 944 8 1 8
1545 945 2 2 3
1696 944 3 2 4
1721 945 28 16 108
199 947 1 1 1
470 947 5 6 25
587 947 1 1 1
774 946 10 3 14
825 946 10 10 73
1279 947 1 1 1
1556 947 2 3 4
1701 946 1 1 1
1777 946 1 1 1
1831 946 2 1 2
215 948 1 2 2
316 948 1 1 1
409 948 1 2 2
585 949 12 15 38
627 949 20 5 44
659 949 1 1 1
1469 949 5 3 11
1527 949 5 4 20
1807 949 1 1 1
310 950 3 4 6
601 950 3 3 7
954 950 1 2 2
1103 951 1 1 1
1657 951 7 4 18
1824 951 1 1 1
353 952 5 6 23
732 952 8 3 10
1004 952 2 2 4
1144 952 14 11 78
1169 952 14 10 58
1239 953 2 2 4
1310 952 4 6 18
1302 953 64 77 1314
1391 953 2 1 2
1587 952 4 7 21
1705 953 6 4 15
11 955 1 1 1
618 954 1 1 1
717 955 2 2 3
1003 955 1 1 1
1240 955 46 29 320
1552 954 3 3 9
1793 954 7 7 26
123 957 1 1 1
424 956 2 2 3
561 956 1 1 1
931 957 1 2 2
979 957 1 1 1
1029 957 7 5 20
1478 957 1 1 1
1531 957 11 14 87
1750 957 1 1 1
93 958 7 2 8
403 959 10 13 41
508 959 9 2 11
696 958 1 1 1
842 959 2 2 2
1095 958 1 1 1
1459 959 16 16 139
1500 958 6 8 30
1754 959 11 8 60
386 961 8 12 39
672 961 1 1 1
772 961 1 1 1
799 961 1 1 1
1078 960 4 4 11
1132 960 1 1 1
1585 961 1 2 2
1672 961 2 1 2
1717 961 4 6 15
1784 960 1 1 1
523 962 3 7 9
703 962 1 1 1
1409 963 74 75 1296
1675 963 2 2 3
1692 962 1 1 1
1781 963 1 1 1
500 965 3 3 5
731 965 1 1 1
921 965 1 1 1
987 964 1 1 1
1604 965 22 16 100
1689 964 1 1 1
112 966 3 3 8
246 967 1 1 1
300 966 1 1 1
549 966 1 2 2
600 966 3 3 9
612 967 1 1 1
652 967 1 1 1
888 966 1 1 1
924 967 1 1 1
1118 967 5 3 7
1176 966 17 7 46
1402 967 8 8 41
1816 966 2 2 2
580 968 2 1 2
687 969 4 10 17
874 968 10 8 37
976 969 1 1 1
1025 968 2 1 2
1148 969 1 1 1
1165 968 1 1 1
1494 969 2 1 2
1709 969 1 1 1
490 971 1 1 1
632 970 1 1 1
639 970 5 5 12
653 970 8 6 27
758 970 3 15 16
1225 971 28 36 311
1554 970 20 38 303
1743 971 2 3 5
1769 971 10 10 47
557 973 1 1 1
579 973 28 10 98
627 972 1 1 1
704 972 8 3 11
900 972 14 44 148
950 972 1 1 1
1040 973 4 4 10
1123 973 5 10 35
1481 973 27 29 247
1516 972 1 1 1
1652 972 3 2 5
39 974 1 1 1
89 975 4 3 4
183 974 5 2 6
450 974 4 2 6
472 975 1 1 1
609 975 2 3 6
663 974 1 2 2
749 975 1 1 1
777 974 1 1 1
1003 975 11 6 61
1078 974 32 27 249
1154 974 9 14 41
1289 974 10 4 22
1458 975 1 1 1
1546 975 1 1 1
1678 975 10 3 16
41 976 3 3 8
336 977 12 15 69
364 976 15 12 62
536 976 2 2 4
733 976 9 11 39
816 976 1 1 1
1353 977 7 11 24
1472 977 1 1 1
1509 977 2 3 6
1647 976 1 1 1
1794 976 13 14 87
135 979 3 3 6
519 979 1 1 1
552 978 1 1 1
799 978 1 3 3
927 978 1 1 1
974 978 4 3 6
1044 978 1 1 1
1589 979 1 1 1
1725 978 1 2 2
233 980 1 1 1
473 981 1 1 1
951 981 1 1 1
981 981 1 1 1
1531 981 17 15 79
1584 980 2 1 2
1671 980 4 9 18
1733 980 8 4 11
62 983 1 1 1
499 982 1 1 1
540 982 1 3 3
999 982 2 2 4
1054 982 4 6 21
1635 983 5 8 18
1835 982 5 9 37
636 984 10 4 25
693 984 21 19 177
770 984 1 1 1
786 985 1 1 1
832 985 20 5 27
1029 984 3 4 9
1187 985 26 11 87
1644 985 22 26 153
1743 985 2 1 2
323 987 4 2 5
448 987 2 1 2
528 987 1 1 1
659 987 2 3 5
968 987 2 2 4
1468 986 4 4 13
1591 987 8 14 48
1706 987 1 2 2
611 988 16 8 57
811 989 8 1 8
1148 988 2 5 10
1516 989 9 3 18
1580 988 1 1 1
34 990 2 2 3
264 990 1 1 1
552 991 16 13 91
585 991 1 1 1
649 990 2 4 6
684 990 1 1 1
737 991 6 6 12
790 990 1 1 1
948 991 2 3 5
1115 990 1 1 1
1814 990 1 1 1
287 992 2 2 3
356 993 1 1 1
962 993 1 1 1
1161 993 3 6 8
1253 992 23 18 116
1379 992 6 6 28
830 994 2 1 2
1005 995 3 2 5
1015 994 2 1 2
1036 994 2 1 2
1708 995 3 11 24
1793 994 1 1 1
1810 995 3 4 7
35 996 6 8 13
773 997 1 1 1
1017 997 1 1 1
1127 996 1 1 1
1738 996 1 1 1
1824 996 3 2 6
76 998 5 5 14
554 998 35 46 226
588 998 4 2 7
609 999 1 1 1
858 999 3 4 7
1032 999 2 1 2
1165 999 1 1 1
1525 999 8 11 29
1732 999 4 4 14
1779 998 4 4 8
1801 999 2 4 5
660 1001 2 2 3
959 1001 1 1 1
1079 1001 1 2 2
1094 1001 6 5 17
1673 1000 1 1 1
1685 1001 19 28 121
248 1003 1 1 1
295 1003 6 3 12
548 1003 2 2 2
797 1002 1 1 1
824 1003 2 2 3
1002 1003 2 2 3
1109 1002 1 1 1
1153 1003 1 1 1
1194 1003 8 9 24
1281 1003 8 7 46
1399 1003 2 3 4
1827 1003 1 1 1
43 1004 1 1 1
205 1004 7 10 16
647 1004 1 1 1
722 1004 1 1 1
752 1004 1 1 1
768 1005 1 1 1
1475 1005 12 15 86
1490 1004 1 1 1
1725 1005 1 1 1
1790 1004 3 2 5
268 1007 1 2 2
305 1006 1 1 1
542 1007 2 1 2
562 1006 1 1 1
620 1007 1 1 1
702 1007 4 1 4
972 1007 3 1 3
1173 1007 8 3 11
1675 1006 1 1 1
1680 1007 1 1 1
1714 1007 7 10 49
367 1009 1 1 1
405 1008 2 2 3
666 1008 12 16 75
991 1009 1 1 1
1007 1008 1 1 1
1037 1008 2 3 6
1299 1008 1 1 1
1377 1009 19 17 175
1467 1008 4 3 11
1817 1009 2 1 2
22 1011 2 3 5
424 1010 1 1 1
460 1010 1 2 2
651 1011 1 6 6
718 1010 2 9 11
760 1010 1 1 1
802 1011 1 2 2
832 1010 14 17 50
951 1010 4 5 13
1132 1011 1 2 2
1239 1011 6 8 27
1290 1011 8 4 11
1496 1010 33 28 406
1555 1011 4 3 7
1662 1011 6 10 15
1760 1010 6 4 18
48 1012 3 4 6
509 1012 1 1 1
1647 1012 1 1 1
275 1015 1 1 1
284 1014 1 1 1
412 1014 4 5 15
518 1015 4 5 17
747 1015 4 6 9
774 1015 14 21 60
1023 1014 1 1 1
1052 1015 4 5 17
1126 1014 5 6 12
1578 1015 1 1 1
112 1016 2 2 4
454 1017 2 3 4
504 1016 1 1 1
524 1016 15 12 57
897 1017 9 8 16
1017 1017 6 3 15
1156 1017 3 3 5
1212 1017 1 1 1
1224 1017 1 2 2
1538 1016 2 1 2
1672 1016 1 1 1
478 1018 5 5 17
860 1019 1 1 1
995 1019 1 1 1
997 1018 1 1 1
1202 1018 1 1 1
1219 1019 19 27 128
1250 1019 3 5 15
1270 1019 1 1 1
1724 1018 20 24 135
361 1021 23 12 116
436 1021 2 1 2
685 1021 1 1 1
753 1021 10 21 92
936 1020 1 1 1
1140 1021 5 7 29
1155 1021 1 1 1
1214 1021 1 1 1
493 1022 8 6 29
693 1022 1 1 1
704 1022 1 11 11
1275 1023 1 1 1
1286 1023 8 19 33
1401 1023 44 19 188
1754 1023 1 1 1
595 1025 3 4 8
1248 1025 11 12 52
1302 1024 1 1 1
1491 1025 3 2 4
1541 1025 1 1 1
29 1027 12 5 20
188 1026 4 3 7
228 1027 2 2 2
413 1027 3 4 11
430 1027 2 2 3
465 1027 1 1 1
638 1027 8 3 14
849 1026 3 3 7
920 1026 1 1 1
939 1027 1 1 1
1027 1027 3 4 9
1171 1026 1 1 1
1218 1026 1 1 1
1295 1027 32 36 292
1567 1026 1 2 2
1612 1026 11 12 63
1625 1026 2 3 6
1795 1026 14 9 73
730 1029 1 2 2
910 1028 14 26 157
972 1028 8 3 10
1180 1029 24 10 75
1240 1028 3 2 4
1583 1028 5 2 7
1676 1028 8 7 18
238 1030 9 5 22
304 1031 3 4 8
459 1031 2 4 5
606 1031 1 1 1
636 1030 1 1 1
647 1031 1 1 1
686 1031 3 2 5
929 1031 3 7 12
948 1030 3 5 12
964 1031 1 2 2
1110 1030 1 1 1
1121 1031 3 6 9
1360 1031 6 11 54
1565 1030 1 1 1
1633 1030 35 18 155
1699 1030 8 9 34
443 1033 2 3 5
484 1033 1 1 1
812 1033 1 1 1
852 1032 1 1 1
876 1032 1 2 2
1066 1032 1 1 1
1133 1033 2 3 6
1824 1033 2 3 3
16 1034 2 1 2
594 1034 1 2 2
633 1035 1 1 1
671 1034 1 9 9
1046 1034 7 6 27
1098 1035 11 5 32
1147 1034 3 3 5
1162 1034 1 1 1
1605 1034 5 5 22
515 1036 1 1 1
532 1037 8 3 12
607 1037 1 2 2
715 1037 1 1 1
728 1036 1 1 1
982 1037 1 1 1
1032 1037 3 5 12
1070 1036 25 60 273
1260 1036 1 1 1
1387 1036 2 2 3
1434 1036 66 62 884
1587 1036 7 10 30
347 1039 2 1 2
525 1039 1 1 1
589 1038 3 11 21
684 1038 1 1 1
1669 1039 4 2 7
1833 1038 2 1 2
733 1041 12 3 24
788 1040 1 1 1
807 1041 1 1 1
882 1040 1 1 1
955 1041 2 1 2
1414 1041 5 6 25
1504 1041 3 1 3
1625 1041 1 1 1
1693 1040 2 1 2
162 1043 4 1 4
245 1042 2 3 6
332 1043 1 1 1
434 1043 3 3 7
477 1043 5 4 12
604 1042 1 1 1
684 1043 6 14 50
796 1043 1 1 1
801 1042 2 1 2
892 1043 1 1 1
990 1043 1 1 1
1203 1043 2 3 4
1239 1043 1 4 4
1326 1042 22 10 87
185 1044 1 1 1
812 1045 1 1 1
1119 1045 1 1 1
1151 1044 1 1 1
1258 1045 27 22 205
1378 1044 4 6 17
1611 1044 16 9 39
1826 1045 2 1 2
0 1047 10 2 12
166 1047 1 1 1
442 1046 14 10 46
564 1047 7 3 15
662 1046 1 1 1
832 1047 3 4 10
841 1046 1 1 1
897 1046 1 1 1
1007 1047 1 1 1
1470 1047 1 1 1
1544 1046 1 1 1
1839 1047 1 2 2
31 1048 1 1 1
177 1049 2 1 2
410 1049 1 1 1
423 1048 1 1 1
477 1048 20 13 101
648 1048 2 1 2
700 1049 15 11 70
813 1048 1 1 1
1241 1048 1 5 5
1422 1048 8 5 25
1462 1049 2 5 10
1724 1049 2 2 4
1828 1049 3 4 6
392 1051 1 1 1
628 1050 1 6 6
901 1051 2 2 3
939 1050 1 1 1
1063 1050 2 3 6
1392 1050 17 12 64
1540 1050 1 1 1
1552 1051 2 1 2
1663 1050 1 1 1
1667 1050 39 41 304
1725 1051 35 25 183
1770 1050 2 2 4
260 1052 1 1 1
283 1053 3 2 4
344 1052 1 1 1
518 1052 25 28 160
676 1053 1 2 2
727 1052 1 1 1
888 1053 1 2 2
1013 1052 1 1 1
1124 1053 2 2 4
574 1054 1 1 1
726 1054 1 1 1
851 1055 1 1 1
876 1054 2 2 3
1052 1055 5 6 23
1149 1054 3 3 7
1367 1055 3 4 11
1534 1055 1 1 1
1814 1055 4 5 17
752 1056 12 13 69
840 1056 1 1 1
853 1057 2 3 5
930 1056 13 19 63
1129 1057 4 6 17
1328 1057 4 2 8
1334 1056 3 1 3
1501 1056 12 5 28
1555 1057 1 1 1
1706 1056 18 8 63
774 1058 1 1 1
784 1058 4 3 9
1119 1058 1 1 1
1247 1059 1 2 2
1524 1058 1 1 1
1553 1059 45 36 331
1591 1059 1 1 1
1645 1059 1 1 1
1766 1058 1 1 1
28 1060 9 6 26
105 1060 2 2 3
371 1061 1 1 1
793 1061 10 10 35
1099 1061 12 15 54
1154 1060 5 5 23
1233 1061 1 1 1
1279 1060 73 45 816
1360 1060 1 1 1
1420 1060 1 1 1
435 1062 1 9 9
625 1063 1 1 1
696 1063 2 3 6
812 1063 1 2 2
1197 1063 1 1 1
1198 1062 30 15 201
1409 1063 2 3 6
1603 1063 2 1 2
1617 1063 2 4 5
1647 1063 5 5 11
1797 1062 2 2 4
1812 1062 2 3 6
182 1064 1 1 1
253 1065 1 1 1
292 1065 1 2 2
603 1065 1 9 9
626 1065 8 12 23
652 1065 6 17 45
672 1064 1 2 2
728 1064 2 2 3
778 1065 1 1 1
903 1064 1 3 3
918 1064 1 1 1
1388 1064 1 2 2
1424 1064 3 11 13
137 1066 3 3 3
347 1066 1 2 2
465 1066 7 10 37
818 1066 1 1 1
1045 1067 12 5 20
1163 1066 1 1 1
1294 1066 1 1 1
1370 1066 1 1 1
1608 1067 1 1 1
267 1068 2 2 4
342 1068 2 2 2
382 1068 4 9 19
415 1068 3 3 7
508 1069 1 1 1
844 1068 1 1 1
1030 1069 2 5 9
1238 1069 3 4 12
1274 1069 2 1 2
1774 1068 1 1 1
450 1070 1 1 1
480 1070 9 9 23
671 1070 1 1 1
743 1070 1 1 1
922 1070 1 1 1
1377 1070 4 5 20
549 1073 4 4 14
692 1073 1 1 1
714 1073 8 14 53
894 1073 1 1 1
953 1073 9 14 43
1132 1073 19 20 157
1180 1072 5 4 14
1188 1073 67 71 1278
1414 1072 2 2 3
1601 1073 4 1 4
405 1075 1 1 1
454 1074 3 4 11
608 1074 7 6 19
672 1075 6 5 22
987 1074 1 1 1
1028 1075 1 1 1
1246 1075 4 6 18
1512 1074 1 1 1
1783 1074 1 1 1
326 1077 1 1 1
758 1076 11 13 70
884 1076 6 12 40
918 1077 1 2 2
1003 1076 1 1 1
1172 1077 1 2 2
1185 1077 11 9 65
1359 1077 12 18 42
1672 1076 2 3 5
1805 1076 2 2 3
1828 1077 12 22 71
138 1078 1 1 1
193 1079 1 1 1
325 1079 1 1 1
462 1079 2 2 3
899 1078 2 4 7
1392 1079 1 2 2
1627 1078 6 4 16
1663 1079 7 6 26
296 1080 1 1 1
547 1081 1 1 1
968 1080 14 12 36
1066 1080 1 1 1
1574 1080 1 1 1
115 1082 1 1 1
140 1083 2 2 4
168 1083 1 1 1
262 1082 2 2 3
441 1083 7 2 14
489 1083 11 3 14
516 1082 1 1 1
577 1082 9 11 39
659 1083 1 1 1
792 1082 2 2 3
873 1082 1 1 1
993 1082 1 1 1
1382 1083 2 1 2
1390 1082 25 17 96
1572 1083 2 1 2
207 1085 2 3 5
343 1085 5 4 15
420 1084 1 1 1
566 1084 1 1 1
597 1085 1 2 2
625 1084 3 3 8
797 1085 4 6 9
1007 1085 1 1 1
1071 1084 5 2 10
1100 1084 8 7 33
1108 1085 21 31 133
1162 1084 2 2 4
1259 1085 31 32 339
1426 1084 1 1 1
1784 1084 7 3 17
502 1087 8 9 23
644 1086 1 1 1
855 1087 1 1 1
939 1086 1 2 2
1156 1086 4 4 16
1431 1087 3 3 8
1523 1086 10 5 24
1568 1087 2 9 12
1810 1086 6 5 14
315 1089 10 2 19
439 1088 1 1 1
529 1089 1 1 1
879 1088 2 1 2
903 1088 16 16 67
1077 1088 2 1 2
1182 1089 2 3 5
1203 1088 11 10 35
1649 1088 3 3 5
1748 1088 12 17 88
1767 1088 4 3 7
556 1091 2 2 3
613 1090 23 12 70
672 1090 1 1 1
1050 1090 17 17 99
1622 1091 2 1 2
1790 1090 8 7 28
456 1093 1 1 1
474 1092 1 2 2
485 1092 1 1 1
541 1092 1 1 1
570 1092 1 1 1
600 1093 1 2 2
778 1093 1 4 4
791 1093 1 1 1
1193 1093 1 1 1
1352 1092 1 2 2
1386 1092 1 1 1
1491 1093 43 37 243
1630 1092 1 1 1
371 1095 1 1 1
537 1095 3 4 11
715 1094 1 1 1
812 1095 1 1 1
845 1094 8 3 10
1035 1095 2 3 4
1171 1094 19 14 67
1355 1095 11 10 44
1379 1095 2 2 4
1552 1094 1 1 1
270 1097 5 4 14
459 1096 1 1 1
550 1096 1 1 1
568 1097 1 1 1
813 1097 3 1 3
828 1097 1 1 1
1006 1097 13 6 34
1672 1097 7 17 55
1719 1097 19 18 65
470 1098 2 2 3
487 1099 1 2 2
502 1099 2 3 6
853 1098 13 20 88
893 1099 1 2 2
1079 1099 4 2 5
1194 1098 1 1 1
1593 1098 4 1 4
41 1101 2 2 2
321 1100 7 6 19
398 1101 1 1 1
465 1100 1 1 1
565 1100 3 3 8
610 1101 1 2 2
798 1101 1 1 1
816 1100 1 1 1
871 1101 1 1 1
970 1101 5 11 22
987 1101 1 1 1
1377 1100 1 2 2
1394 1100 18 12 85
1443 1100 1 1 1
1554 1100 9 6 49
70 1103 1 1 1
204 1102 2 2 4
237 1103 3 2 4
421 1102 3 2 5
748 1103 1 1 1
770 1103 1 1 1
882 1102 5 7 21
936 1103 13 23 107
984 1103 1 1 1
1312 1103 1 1 1
1461 1103 1 1 1
1617 1102 2 2 3
1801 1102 2 2 3
155 1104 2 2 3
259 1105 1 1 1
332 1104 2 2 4
501 1105 1 1 1
532 1105 1 1 1
755 1104 7 6 24
803 1104 1 1 1
840 1104 1 2 2
961 1104 1 1 1
1030 1104 1 1 1
1204 1105 1 2 2
1426 1105 1 1 1
1584 1105 11 8 58
1778 1104 9 9 22
316 1107 1 1 1
338 1106 1 1 1
362 1106 7 3 15
382 1107 1 1 1
439 1106 1 1 1
624 1107 1 1 1
641 1106 1 2 2
661 1106 4 9 16
672 1106 1 1 1
792 1107 1 1 1
825 1107 8 12 33
1468 1107 29 20 180
1770 1106 5 5 17
1807 1107 1 1 1
40 1108 1 1 1
260 1108 2 3 6
463 1108 1 1 1
588 1108 11 12 40
778 1108 1 1 1
1338 1108 54 29 645
1623 1108 3 2 5
1651 1108 3 2 3
209 1111 4 4 11
272 1111 2 2 3
311 1110 1 2 2
514 1111 2 3 4
543 1110 1 1 1
554 1111 1 1 1
567 1111 13 19 86
621 1110 1 1 1
674 1110 1 1 1
729 1110 1 2 2
957 1111 1 1 1
1000 1111 21 22 177
1135 1110 3 4 7
1156 1110 1 1 1
1542 1110 10 8 51
1565 1111 13 12 85
249 1112 2 1 2
357 1112 5 6 25
372 1113 2 5 6
425 1113 1 1 1
548 1112 3 11 19
619 1113 2 2 3
790 1112 1 1 1
897 1113 2 1 2
1036 1112 10 3 20
1071 1113 1 2 2
1097 1113 1 1 1
1307 1112 3 2 4
1709 1113 3 3 6
1761 1112 3 3 7
381 1115 3 17 20
407 1115 5 4 14
695 1114 1 1 1
739 1115 1 1 1
1079 1115 14 14 78
1186 1115 1 1 1
1298 1115 2 11 14
1744 1114 1 1 1
262 1117 1 1 1
282 1117 10 6 37
299 1116 1 1 1
598 1117 13 14 86
655 1117 1 1 1
707 1117 1 1 1
846 1117 1 1 1
881 1116 1 2 2
915 1117 1 2 2
1035 1116 1 1 1
1282 1116 2 3 4
1642 1117 1 1 1
90 1118 4 3 9
403 1119 2 1 2
473 1118 6 10 26
767 1118 1 6 6
779 1118 11 15 36
800 1118 3 1 3
878 1119 2 1 2
928 1118 4 3 12
994 1118 6 3 16
1103 1119 2 1 2
1314 1119 18 51 241
1663 1118 3 1 3
1696 1118 1 1 1
1699 1119 1 1 1
366 1120 1 1 1
417 1120 2 1 2
524 1121 1 1 1
911 1120 3 2 5
1146 1120 10 10 27
1272 1120 1 1 1
1329 1120 3 4 10
1406 1121 1 1 1
1439 1121 1 1 1
1453 1121 1 1 1
347 1122 1 1 1
732 1122 1 1 1
827 1122 2 1 2
844 1122 11 10 33
965 1122 2 1 2
1116 1122 2 1 2
1123 1123 2 1 2
34 1125 5 6 15
272 1124 5 4 14
344 1124 2 2 2
426 1125 1 1 1
449 1124 1 2 2
754 1125 1 1 1
891 1125 2 3 3
964 1125 1 1 1
1052 1124 1 2 2
1579 1124 1 1 1
1631 1124 1 1 1
1798 1125 3 3 6
438 1127 10 1 10
794 1126 1 1 1
950 1127 9 6 22
1184 1126 2 3 6
1419 1126 11 10 58
1642 1127 2 2 3
1731 1127 1 1 1
1833 1127 2 2 3
762 1129 2 2 4
903 1128 14 29 109
926 1128 2 1 2
1007 1129 65 56 842
1098 1129 1 1 1
1618 1128 1 1 1
454 1130 22 32 128
481 1130 12 7 35
562 1130 1 1 1
822 1130 1 3 3
834 1130 1 1 1
919 1130 4 2 8
937 1130 2 3 4
1064 1130 23 22 152
1088 1130 2 3 6
1164 1130 1 1 1
1173 1131 1 1 1
1281 1131 3 2 5
1306 1131 1 1 1
1408 1130 4 2 8
1510 1131 1 1 1
1545 1130 1 1 1
1617 1131 1 2 2
163 1132 9 2 10
502 1132 24 20 126
523 1133 1 2 2
573 1132 17 11 74
961 1133 37 27 203
994 1133 6 4 14
1123 1133 10 2 11
1145 1132 1 2 2
1453 1133 1 1 1
1588 1133 12 10 50
1818 1132 7 10 36
71 1134 1 1 1
558 1134 7 18 49
762 1134 17 14 49
1175 1134 1 1 1
1378 1135 5 5 23
1664 1134 2 3 4
393 1136 1 1 1
407 1137 1 1 1
660 1136 1 1 1
691 1136 1 1 1
794 1136 1 1 1
1110 1137 1 1 1
1288 1136 2 2 4
1437 1137 1 1 1
1629 1136 8 3 11
1712 1137 1 1 1
436 1138 16 13 89
633 1139 1 1 1
719 1138 1 1 1
754 1138 1 2 2
798 1138 4 8 11
811 1139 7 6 24
830 1138 8 6 23
857 1138 14 1 14
1002 1139 1 3 3
1097 1139 1 2 2
1158 1138 37 32 274
1261 1139 31 32 256
1294 1139 6 3 15
1303 1138 1 1 1
1397 1138 6 5 20
1453 1138 3 14 20
1497 1138 3 2 5
400 1140 2 3 5
595 1141 4 2 5
661 1141 3 4 7
687 1140 1 2 2
739 1141 1 1 1
921 1141 1 1 1
961 1141 1 1 1
1142 1141 1 2 2
1644 1141 3 2 6
205 1142 1 1 1
628 1143 1 1 1
893 1143 1 1 1
896 1142 1 1 1
923 1142 21 37 128
956 1142 2 9 10
1370 1142 5 6 25
1387 1142 1 1 1
1410 1143 12 12 97
1553 1142 9 2 10
1710 1143 2 1 2
1836 1143 4 1 4
616 1145 1 1 1
1356 1145 6 6 22
1562 1145 4 3 8
140 1147 1 1 1
331 1146 2 1 2
385 1147 1 1 1
395 1146 1 1 1
528 1146 4 3 11
546 1146 1 2 2
704 1147 2 1 2
724 1147 6 3 8
780 1147 17 32 143
809 1146 1 1 1
885 1147 4 2 5
1187 1146 3 2 5
1199 1147 11 13 58
1337 1146 9 5 17
1439 1146 5 5 22
1584 1146 1 1 1
1586 1147 1 1 1
1621 1147 2 3 6
37 1148 2 1 2
350 1148 3 3 8
386 1149 7 6 36
501 1148 2 8 9
817 1149 13 12 37
1120 1149 17 12 95
1253 1148 1 1 1
1468 1149 2 3 4
1494 1148 2 1 2
1552 1148 1 2 2
1656 1148 1 1 1
1665 1149 5 4 12
1766 1149 6 3 13
1816 1148 2 1 2
58 1150 1 1 1
688 1151 11 10 50
723 1151 1 1 1
858 1150 3 3 5
878 1151 1 1 1
1098 1151 1 1 1
1573 1150 1 1 1
1648 1150 1 1 1
862 1153 1 1 1
1104 1152 3 4 10
1258 1153 4 6 21
1301 1153 1 2 2
1613 1153 1 1 1
1681 1152 14 10 58
1740 1152 1 1 1
1779 1153 1 1 1
13 1154 1 8 8
23 1155 1 1 1
323 1154 1 1 1
353 1155 6 12 41
403 1155 1 1 1
513 1154 1 1 1
525 1155 1 1 1
609 1155 1 1 1
668 1155 1 1 1
744 1154 1 1 1
892 1154 1 1 1
1547 1155 1 1 1
1623 1154 15 21 182
317 1156 1 1 1
383 1157 1 1 1
452 1156 1 2 2
588 1157 1 2 2
639 1157 10 1 10
677 1156 1 1 1
805 1156 1 1 1
1354 1156 19 28 253
1381 1157 1 1 1
1432 1156 19 16 76
1606 1157 1 1 1
1805 1156 2 1 2
555 1158 1 1 1
1306 1158 2 11 17
1401 1158 2 2 2
1590 1159 2 4 5
1813 1158 7 11 30
304 1160 1 1 1
414 1160 1 1 1
529 1161 18 13 63
580 1160 1 1 1
713 1161 1 1 1
753 1160 10 14 89
922 1161 1 1 1
947 1161 1 1 1
950 1160 1 1 1
1098 1161 5 2 6
60 1162 3 3 8
567 1162 1 1 1
617 1163 2 2 3
636 1163 2 2 2
740 1162 2 1 2
854 1162 8 7 17
896 1162 1 1 1
899 1163 16 14 84
924 1162 1 1 1
1047 1163 56 65 771
1484 1162 1 1 1
1563 1162 11 8 51
1752 1163 3 3 5
263 1164 1 1 1
315 1165 1 2 2
629 1165 3 2 4
657 1164 2 1 2
670 1165 1 1 1
731 1165 2 2 2
961 1164 2 1 2
997 1164 1 1 1
1102 1165 9 10 19
1131 1165 1 1 1
1472 1165 1 1 1
1523 1164 11 7 43
1711 1165 4 4 11
1734 1165 4 3 6
463 1166 3 3 6
677 1166 22 18 140
716 1167 3 4 12
883 1167 1 1 1
986 1167 1 1 1
1147 1167 2 2 4
1336 1167 1 1 1
1610 1166 1 1 1
1836 1166 4 3 10
244 1168 1 1 1
303 1169 1 1 1
414 1169 4 5 13
475 1169 1 1 1
592 1168 1 1 1
656 1169 1 1 1
699 1169 1 1 1
825 1169 1 3 3
977 1168 1 1 1
989 1169 7 9 63
1385 1168 1 1 1
1707 1169 1 1 1
1776 1169 7 5 15
377 1171 4 10 15
400 1170 1 1 1
588 1171 2 4 5
612 1171 3 2 4
646 1170 3 2 5
774 1171 2 2 3
806 1171 1 1 1
949 1170 9 3 11
1204 1170 13 6 25
1229 1171 23 19 142
1248 1170 1 1 1
1276 1170 1 3 3
1289 1170 1 2 2
1390 1170 1 1 1
491 1172 1 1 1
497 1173 1 1 1
528 1173 1 1 1
558 1172 2 12 15
837 1172 1 1 1
946 1173 1 1 1
1043 1173 1 1 1
1298 1173 4 3 7
1316 1172 1 1 1
1409 1173 1 1 1
1419 1173 1 1 1
1585 1172 2 2 4
1612 1172 1 2 2
1824 1173 4 6 16
235 1175 2 2 4
262 1175 1 1 1
328 1174 2 3 4
431 1175 1 1 1
513 1175 1 1 1
777 1175 2 1 2
819 1174 1 1 1
881 1174 2 1 2
1268 1175 1 2 2
1519 1174 12 11 40
1668 1174 1 2 2
95 1177 1 1 1
439 1176 9 5 29
472 1177 1 1 1
736 1177 1 1 1
832 1177 31 25 219
874 1177 1 1 1
921 1177 1 1 1
1026 1176 1 2 2
1037 1176 1 1 1
1150 1176 1 1 1
1752 1176 7 6 30
0 1179 6 4 21
39 1178 5 3 6
131 1179 1 1 1
418 1179 6 4 22
475 1179 1 1 1
520 1179 1 1 1
594 1179 1 2 2
866 1178 2 3 6
923 1179 1 1 1
999 1178 1 1 1
1179 1178 1 1 1
1330 1179 1 1 1
1432 1178 1 1 1
1540 1179 1 1 1
1603 1179 1 1 1
37 1181 1 1 1
239 1180 4 4 11
288 1181 2 2 2
643 1181 1 1 1
721 1180 3 2 3
746 1181 2 1 2
987 1180 7 12 19
1009 1180 13 6 36
1032 1181 2 1 2
1117 1180 2 2 4
1136 1180 13 10 63
1340 1180 1 1 1
1405 1181 1 2 2
1499 1180 10 4 16
1562 1181 1 1 1
1574 1181 10 7 40
1732 1181 9 13 72
1797 1181 6 3 8
507 1183 3 1 3
606 1183 2 2 3
748 1183 9 3 14
789 1183 1 2 2
887 1182 4 2 8
920 1182 17 17 62
948 1183 32 27 289
972 1182 1 1 1
1122 1182 2 2 3
1164 1183 6 8 13
1180 1182 1 2 2
1621 1183 4 4 14
397 1185 1 1 1
448 1185 1 1 1
495 1184 3 3 5
530 1184 1 1 1
672 1185 3 3 5
799 1184 1 1 1
1350 1184 7 6 24
1784 1184 1 1 1
1804 1184 1 1 1
1832 1184 3 10 13
511 1187 1 1 1
540 1187 1 1 1
576 1187 2 5 10
619 1186 1 2 2
630 1186 1 2 2
1064 1186 1 1 1
1285 1186 48 29 345
82 1189 1 1 1
317 1188 2 2 3
738 1188 1 2 2
776 1188 2 2 3
1035 1188 4 4 9
1342 1189 1 1 1
1373 1189 1 1 1
1399 1189 2 1 2
1645 1189 7 10 42
1681 1189 1 1 1
1812 1188 2 1 2
1815 1189 8 5 29
404 1191 1 1 1
455 1191 1 1 1
693 1191 3 9 11
700 1190 1 1 1
768 1191 1 1 1
870 1191 5 1 5
892 1191 1 6 6
904 1191 1 3 3
1001 1191 2 2 3
1021 1191 5 7 11
1188 1190 1 2 2
1211 1190 7 5 15
1330 1190 26 15 113
1423 1191 3 3 8
1779 1190 4 5 19
343 1193 9 2 12
779 1193 22 23 155
824 1193 2 1 2
1125 1192 1 1 1
1155 1192 3 3 7
1172 1193 1 1 1
1390 1192 1 1 1
1509 1192 1 1 1
1573 1192 1 1 1
1625 1192 1 1 1
1795 1193 5 4 8
502 1194 8 6 19
518 1195 1 1 1
525 1194 7 8 18
592 1194 15 8 32
750 1195 1 1 1
812 1194 1 1 1
867 1195 1 1 1
1048 1194 3 4 7
1059 1194 5 7 20
1124 1195 1 1 1
1410 1195 3 3 5
1456 1194 5 6 8
1547 1194 1 1 1
571 1196 1 1 1
665 1197 1 1 1
854 1197 1 1 1
1115 1196 2 7 8
1431 1197 1 3 3
1580 1197 1 1 1
1747 1196 3 4 5
194 1198 1 1 1
334 1199 1 1 1
369 1199 1 1 1
410 1198 10 7 29
618 1198 2 4 6
637 1198 1 1 1
704 1199 2 4 5
940 1199 2 2 3
1396 1199 15 12 53
1525 1199 4 2 6
1587 1198 1 1 1
72 1200 1 1 1
357 1200 10 3 14
548 1201 1 1 1
731 1201 5 10 20
905 1200 2 1 2
1752 1201 2 1 2
439 1203 2 2 3
499 1202 1 1 1
625 1202 7 12 30
680 1202 1 1 1
714 1202 4 9 20
756 1202 10 16 29
817 1203 2 1 2
852 1203 2 5 6
1066 1203 1 1 1
1132 1202 13 4 20
1566 1203 1 1 1
258 1205 1 1 1
461 1204 1 1 1
537 1204 1 1 1
561 1204 1 1 1
578 1205 2 2 3
775 1205 1 1 1
831 1205 1 1 1
907 1205 1 1 1
993 1204 3 1 3
1002 1204 24 24 227
1171 1204 1 1 1
1443 1204 5 5 18
1482 1204 14 7 71
1514 1204 4 4 12
153 1206 3 4 6
421 1207 1 2 2
473 1207 2 1 2
565 1207 35 21 117
614 1207 1 1 1
648 1206 1 1 1
923 1207 1 1 1
1024 1207 21 16 130
1098 1206 30 22 332
1368 1207 1 1 1
1570 1207 6 21 63
1723 1206 3 3 5
216 1208 1 4 4
230 1208 1 1 1
406 1208 1 1 1
468 1208 3 2 6
485 1208 1 1 1
862 1208 14 12 52
981 1208 1 1 1
976 1209 19 19 177
1260 1209 2 3 4
1559 1209 1 1 1
1741 1209 11 14 88
1756 1209 1 1 1
1781 1209 8 10 17
1836 1208 4 5 18
499 1211 2 4 6
674 1210 1 1 1
938 1210 5 3 8
1467 1211 1 2 2
1497 1211 15 17 47
83 1213 5 3 9
240 1213 1 1 1
678 1212 1 1 1
694 1212 7 2 8
725 1213 1 1 1
735 1213 22 15 212
829 1212 26 16 189
883 1213 1 1 1
912 1213 1 1 1
954 1213 6 3 14
1182 1212 1 2 2
1370 1212 1 1 1
1603 1213 1 1 1
246 1214 1 2 2
376 1214 1 1 1
441 1214 1 1 1
457 1215 22 13 88
519 1215 1 1 1
926 1215 1 1 1
1540 1214 2 2 3
1595 1214 3 5 10
1689 1215 7 5 20
1827 1215 2 1 2
16 1216 1 1 1
481 1217 1 1 1
548 1216 1 1 1
614 1217 10 11 36
664 1216 1 1 1
778 1217 8 11 39
885 1216 1 2 2
898 1217 23 11 119
1197 1217 5 11 34
1249 1216 1 1 1
1364 1217 6 11 48
1391 1217 6 4 10
1425 1216 1 2 2
1640 1217 10 11 30
74 1219 4 2 8
143 1219 1 1 1
175 1219 1 2 2
230 1218 3 3 6
544 1219 1 1 1
556 1218 10 10 53
890 1218 2 2 3
923 1219 1 1 1
1134 1219 1 1 1
1250 1218 1 1 1
1263 1219 2 3 4
1298 1218 2 3 6
1321 1218 1 1 1
1348 1219 3 3 9
1413 1219 1 1 1
1717 1219 3 4 5
159 1220 1 1 1
215 1220 1 1 1
631 1220 6 8 33
648 1221 1 1 1
656 1220 7 2 8
703 1221 1 1 1
963 1220 1 1 1
1159 1220 12 8 36
1220 1220 2 1 2
1311 1220 9 8 18
1426 1220 1 2 2
1554 1220 1 1 1
1659 1220 1 1 1
52 1223 2 5 9
114 1223 4 5 20
220 1223 1 5 5
712 1222 1 1 1
824 1223 2 5 10
880 1223 8 5 12
1278 1223 15 5 50
1343 1223 2 5 10
1818 1223 8 5 34
355 1225 1 3 3
411 1224 1 4 4
492 1225 5 3 7
525 1225 2 3 5
536 1224 1 4 4
932 1225 3 3 5
1254 1225 1 3 3
1473 1224 4 4 7
1531 1225 1 3 3
1732 1225 3 3 9
1802 1224 1 4 4
63 1227 1 1 1
377 1226 1 2 2
715 1227 1 1 1
1036 1226 1 2 2
1138 1226 10 2 12
1415 1226 2 2 4
