0 0 1840 1228 2097234
288 0 28 9 134
456 0 8 5 28
531 0 15 10 107
610 0 124 126 2437
813 0 10 11 83
850 0 34 38 777
998 0 6 3 15
975 0 108 71 3565
1034 0 108 142 3222
1269 0 9 10 78
1313 0 2 8 11
1338 0 5 11 41
1358 0 13 5 48
1374 0 113 119 2964
1653 0 43 62 1046
1695 0 118 55 2730
173 7 4 4 12
85 8 18 16 128
1247 9 19 20 280
1312 9 1 4 4
178 11 2 1 2
898 11 7 12 71
1226 11 5 7 25
379 14 25 28 332
450 15 19 24 212
1311 15 1 3 3
478 19 20 32 447
109 20 29 22 345
813 21 15 30 270
46 22 21 23 294
159 23 1 1 1
200 23 21 13 166
1234 23 5 8 29
1181 25 17 21 254
282 27 8 10 61
307 27 12 13 118
743 26 8 13 83
1288 26 48 36 533
161 28 37 113 303
427 35 5 4 9
1386 37 7 9 46
1254 38 13 18 171
1367 39 8 11 55
325 41 12 15 141
559 41 14 22 230
838 49 7 27 117
276 53 14 18 195
774 53 7 14 83
1304 53 1 3 3
1300 59 21 19 248
1384 59 6 10 42
229 70 11 9 67
609 75 3 5 6
1691 74 1 1 1
381 76 6 11 55
1060 76 5 9 39
15 78 15 15 151
983 79 41 64 666
1299 80 1 3 3
505 82 10 16 124
854 84 1 1 1
1288 84 20 33 184
1384 85 6 5 21
1211 87 4 7 21
612 89 2 11 12
806 88 8 13 88
89 90 28 22 384
411 91 10 14 109
363 95 18 13 86
1366 99 6 7 35
16 101 13 12 115
792 107 6 9 42
614 108 2 6 7
908 109 8 13 79
1187 109 5 8 24
1226 112 7 13 67
1280 113 14 14 86
1318 112 5 7 28
744 117 25 25 461
1621 119 14 13 129
69 121 36 36 637
526 120 11 14 119
821 121 6 10 47
1246 121 13 16 145
1324 121 6 7 38
1560 123 53 95 2707
445 125 16 13 138
547 125 12 14 123
1374 124 7 9 41
1709 125 36 37 845
283 130 8 10 57
1169 131 10 15 69
620 132 108 11 592
366 135 9 13 93
1047 135 5 9 34
1288 135 2 8 8
1360 135 4 4 10
229 137 12 6 54
581 137 15 14 154
208 139 5 1 5
1195 139 6 7 35
1425 138 52 84 2003
113 140 68 18 282
804 141 6 10 49
846 140 5 9 37
1262 140 16 8 89
400 143 12 17 150
1005 143 1 2 2
1019 142 19 23 266
483 149 5 7 30
464 150 7 11 64
1285 151 2 8 14
1243 152 3 3 8
1315 152 13 20 84
161 154 41 8 231
295 154 5 5 15
661 154 39 27 439
811 155 16 31 380
910 154 7 7 39
1223 155 6 11 52
1253 157 11 8 67
992 167 6 10 50
1244 166 5 6 20
554 168 13 20 196
382 175 9 12 81
959 177 14 16 166
616 178 10 16 130
707 181 4 6 18
1194 180 5 10 29
1246 181 8 11 63
1278 181 5 3 12
332 184 13 17 150
493 185 2 1 2
1321 185 5 8 32
1273 188 1 3 3
1287 190 2 1 2
1302 190 4 5 18
1198 192 4 5 18
1353 192 6 28 119
869 194 18 16 205
1006 197 5 10 36
417 198 7 6 30
819 198 4 5 15
1262 203 2 2 4
60 205 4 3 8
1031 204 3 5 13
443 207 16 12 127
1211 206 3 4 11
1303 209 17 16 135
893 211 4 6 22
757 215 6 9 44
682 218 6 9 43
999 219 6 10 41
327 221 9 10 69
257 222 10 9 73
651 222 46 41 666
804 222 4 5 14
1054 222 21 30 438
162 225 10 11 88
633 225 12 18 169
718 224 6 11 54
860 225 1 1 1
111 227 17 19 244
961 227 7 12 66
476 229 7 9 55
1279 229 8 6 33
406 231 11 13 108
982 231 3 3 9
61 233 10 7 43
290 236 5 3 10
560 237 8 12 82
1255 236 3 3 7
1356 237 5 6 22
794 239 7 9 46
1005 238 4 7 19
1224 238 18 13 140
1128 241 15 24 179
718 245 7 11 56
1027 244 3 5 15
802 249 4 4 10
854 248 8 13 81
292 251 9 10 63
979 251 5 9 36
930 253 21 31 392
1289 255 5 9 35
1204 256 4 5 17
1228 259 4 5 15
245 261 12 12 114
1250 261 4 4 13
452 262 18 16 174
1002 262 3 5 13
142 264 1 1 1
1302 264 5 5 16
311 267 6 8 36
1159 266 3 5 13
1238 266 6 7 32
533 268 16 22 275
755 269 15 15 124
1034 269 4 6 17
1111 268 6 7 31
1045 273 30 34 796
911 274 8 11 63
1221 277 9 24 81
365 278 6 7 29
978 279 8 19 106
1123 279 3 4 12
430 283 18 36 318
628 284 13 20 202
1795 285 1 1 1
1255 287 5 8 28
801 292 6 9 43
1001 293 4 8 27
715 294 14 21 190
947 294 4 6 17
58 296 16 13 171
318 297 5 5 19
1303 297 5 6 23
267 299 12 12 108
517 298 12 16 155
962 302 4 3 8
570 305 28 65 886
1182 304 5 6 21
1315 304 4 5 15
818 311 4 8 30
1208 311 11 15 112
398 312 5 4 15
1134 313 3 4 10
1282 312 5 6 22
286 315 7 9 53
483 315 6 7 37
765 315 1 1 1
1536 315 12 12 105
1087 317 5 7 29
1012 319 6 26 64
1307 319 5 7 24
1154 320 3 6 13
1230 321 4 6 15
1442 320 32 30 671
219 323 9 8 48
950 322 6 9 45
317 324 6 4 21
1182 325 4 6 17
429 326 8 11 79
618 327 15 21 246
888 326 13 15 117
1150 327 3 5 11
1198 329 3 5 13
924 334 5 8 32
417 338 12 15 141
1238 340 6 8 22
1026 342 25 37 709
1084 343 5 7 25
1276 343 4 4 11
1779 342 43 39 1194
1536 345 18 25 238
212 346 1 1 1
967 348 5 8 34
1130 349 3 4 9
510 350 7 8 41
757 351 35 63 1311
1165 351 5 7 27
1200 350 10 14 93
1518 351 10 12 84
261 357 9 10 71
1103 357 5 9 41
1221 357 4 5 16
321 359 10 7 52
457 359 10 14 104
603 358 12 17 162
1601 363 57 55 2138
0 366 10 7 54
1007 366 3 5 15
1337 366 2 1 2
359 369 9 10 75
960 368 5 7 24
278 371 10 9 70
483 371 9 12 92
1516 371 54 45 1289
394 372 6 7 36
551 375 11 14 129
1109 374 4 6 17
1328 374 2 2 4
929 377 4 7 23
312 379 10 12 96
667 378 19 19 233
1021 378 5 7 29
1091 379 4 6 22
1215 378 10 8 46
743 382 3 2 5
1257 388 5 6 20
423 391 6 7 31
518 390 24 16 167
584 391 15 33 317
735 390 4 6 23
205 392 5 5 19
458 393 10 11 83
1123 394 17 9 95
1178 396 12 11 43
293 398 4 2 4
924 403 7 11 62
1151 403 10 24 128
1271 403 4 5 15
1717 403 76 74 2953
445 405 6 8 41
877 405 7 10 60
1110 406 8 22 74
1091 408 12 11 85
1004 410 27 37 563
687 412 19 22 239
339 415 9 10 70
1239 415 4 6 22
516 417 5 5 18
852 416 14 10 57
82 419 7 5 22
671 419 7 10 57
1247 427 4 4 15
555 429 11 15 132
658 428 5 9 38
1232 429 4 4 11
441 430 6 4 14
1181 430 6 6 25
242 432 5 4 16
1164 433 2 6 12
488 435 9 11 76
950 437 2 5 10
1068 436 9 11 65
1135 439 2 3 5
387 441 7 7 42
1189 443 1 1 1
65 444 11 10 82
784 445 5 7 21
909 445 26 46 777
1195 444 19 33 195
1519 444 10 10 67
690 446 4 5 17
276 449 10 10 81
297 448 4 5 15
877 449 7 10 58
1227 448 5 11 42
459 451 15 13 155
719 451 4 6 20
817 451 2 2 4
1241 450 2 3 5
1157 452 15 14 124
409 454 7 8 48
1343 454 18 23 320
1052 456 3 4 7
1246 457 3 4 11
989 463 23 52 604
1115 463 2 3 6
398 465 6 3 17
883 467 13 12 117
1239 466 4 5 15
851 469 6 9 37
948 472 10 18 99
772 474 4 6 20
1142 475 16 36 222
1476 474 18 19 165
1111 477 5 8 29
307 479 8 7 44
667 479 6 8 40
743 484 4 5 17
385 486 6 6 30
476 486 9 11 84
657 487 3 4 11
1291 486 25 32 430
723 489 4 6 20
884 489 19 34 498
1090 488 5 6 22
224 491 10 9 67
294 490 4 3 11
1186 490 4 6 17
674 495 20 13 181
458 499 1 1 1
837 499 32 33 656
461 500 1 1 1
554 501 11 16 134
702 500 5 8 31
1245 502 2 3 5
333 505 9 11 83
436 504 10 13 105
1164 504 16 15 78
392 508 6 6 31
411 508 7 11 53
770 511 1 1 1
1207 510 5 7 23
110 512 5 3 12
303 512 6 7 33
1049 513 3 3 9
254 514 4 3 12
650 515 5 4 15
1266 515 2 1 2
1753 517 39 36 1034
41 518 9 7 42
404 519 6 6 30
724 518 4 4 14
918 518 4 5 15
1033 519 2 4 7
1068 519 18 25 342
1310 519 37 50 778
1541 519 2 3 4
943 520 11 15 135
1284 521 3 2 6
1226 523 3 5 14
223 525 3 1 3
995 525 21 30 498
1134 527 4 8 20
77 529 10 7 57
99 528 18 25 219
273 528 4 4 12
927 528 3 5 12
420 530 5 3 14
535 530 6 7 38
862 531 7 19 93
976 530 7 7 35
377 533 6 6 29
760 533 13 17 149
883 533 1 1 1
1246 533 4 5 17
884 535 7 2 8
1657 535 2 1 2
285 537 8 5 30
498 539 14 16 189
703 538 3 4 11
831 539 12 26 203
915 539 8 15 28
1226 539 4 4 11
1447 539 9 10 59
879 543 1 1 1
943 542 1 1 1
882 544 39 24 152
934 545 2 3 4
940 544 3 1 3
440 547 5 6 27
1038 547 9 14 32
1275 547 3 2 5
709 548 4 4 14
1101 548 2 3 6
370 550 14 17 108
952 551 1 2 2
1206 550 1 1 1
122 553 11 11 96
647 555 20 18 273
857 554 24 33 324
1272 554 2 1 2
930 556 1 1 1
955 556 5 4 20
932 558 1 1 1
1094 558 5 17 44
74 560 9 5 28
194 561 10 9 68
772 561 4 3 8
888 561 3 3 7
938 560 3 2 4
1068 561 2 3 5
1824 561 16 26 300
971 563 1 1 1
1031 563 2 2 4
291 564 30 19 271
401 564 9 10 79
531 564 23 18 243
961 564 1 3 3
972 564 22 32 292
1167 565 1 1 1
1394 565 2 2 3
1190 566 4 4 11
277 568 4 6 24
433 568 6 5 24
1243 568 16 17 192
1367 569 2 1 2
222 571 8 7 41
815 571 2 3 6
147 572 4 2 6
845 572 4 9 34
1274 572 2 1 2
1758 572 16 8 58
631 575 5 8 30
1150 575 3 5 12
1201 575 4 5 13
1753 574 1 1 1
1783 574 3 1 3
376 576 11 11 93
891 577 49 45 1082
1359 577 2 2 3
599 579 2 1 2
1214 578 4 5 15
498 580 10 11 90
908 580 1 1 1
444 582 24 20 362
715 583 11 15 129
835 583 9 4 23
664 584 2 1 2
1273 584 3 1 3
1178 586 5 5 19
1205 587 17 27 281
1325 586 3 2 3
1621 587 80 52 2347
361 588 6 5 17
956 588 1 1 1
970 588 1 1 1
954 590 16 20 131
1024 593 3 5 14
1268 592 1 1 1
672 595 5 8 33
1289 595 2 1 2
1476 595 1 1 1
832 596 1 1 1
979 596 1 2 2
1162 596 3 4 9
631 599 4 5 16
866 599 3 5 10
1381 599 18 22 313
1027 601 1 2 2
1083 600 4 6 20
391 602 6 7 32
741 605 5 6 22
833 605 3 2 4
983 604 15 11 97
1047 605 3 4 11
1189 604 6 14 27
241 607 8 7 51
362 607 6 5 27
36 611 8 4 27
167 611 6 3 16
850 610 1 1 1
859 611 3 4 9
872 611 1 1 1
886 611 1 1 1
1125 610 3 2 4
1434 611 48 44 1174
200 612 5 3 11
1109 612 4 6 21
893 614 1 1 1
75 616 11 10 89
974 616 1 1 1
1611 617 1 1 1
1715 617 30 23 487
1054 618 3 5 11
1504 618 2 1 2
24 621 8 4 26
422 621 8 8 48
533 620 3 2 3
833 620 1 1 1
1100 621 3 4 9
619 623 5 6 21
802 623 27 16 226
861 622 29 29 444
962 623 1 1 1
1111 622 7 12 52
677 624 3 3 7
688 624 23 62 816
949 625 2 1 2
1067 624 23 56 684
482 626 8 8 45
898 626 3 2 3
1018 626 2 3 4
331 628 4 2 7
1405 629 8 9 59
1166 631 3 5 12
913 633 2 1 2
941 633 1 1 1
957 633 2 4 6
977 633 1 1 1
1178 633 3 4 8
926 634 2 2 2
658 636 18 8 69
966 637 3 2 4
354 639 9 7 39
425 639 7 7 39
1353 639 2 2 2
608 641 35 17 206
915 640 1 1 1
1055 641 3 5 12
830 642 1 1 1
906 643 2 4 7
953 644 2 2 2
760 646 8 12 70
1104 647 2 2 3
892 648 6 9 14
932 649 2 2 4
1147 649 2 1 2
99 650 12 8 80
504 650 1 1 1
229 653 15 16 123
536 655 9 8 55
857 655 2 5 10
969 655 1 1 1
1039 654 2 3 4
884 657 4 6 21
1137 657 3 4 11
1161 656 7 11 40
846 658 1 1 1
936 658 1 3 3
1344 658 28 25 314
519 661 8 10 68
632 660 1 1 1
873 661 1 1 1
150 662 10 4 29
831 662 2 4 7
849 664 23 34 283
389 667 7 8 46
899 667 1 1 1
1584 666 100 58 2806
636 669 5 7 31
780 669 5 7 32
895 669 3 1 3
931 669 6 5 16
1039 668 12 6 23
1111 668 3 4 12
316 670 3 3 8
411 670 8 10 66
548 671 1 1 1
787 670 34 22 449
1008 670 1 2 2
356 672 5 4 17
597 672 10 12 93
619 675 4 4 15
872 674 1 1 1
973 674 6 4 15
1016 675 1 2 2
1116 674 7 5 22
438 677 14 8 59
742 676 4 5 14
844 677 4 2 8
518 679 1 1 1
895 681 3 4 7
1216 680 1 1 1
317 682 7 7 34
762 682 21 28 308
881 682 1 1 1
157 685 11 10 93
722 685 1 1 1
893 685 1 1 1
950 684 1 1 1
352 686 18 8 104
647 689 1 1 1
1499 689 25 30 530
737 690 4 6 17
910 691 1 1 1
912 690 1 1 1
996 691 4 5 15
1068 690 2 3 5
1096 691 2 3 4
569 693 2 2 3
1161 693 3 2 5
902 694 5 2 7
940 695 1 1 1
975 694 1 2 2
1023 694 4 4 13
1746 694 24 13 145
243 697 4 3 9
973 697 1 2 2
1088 697 11 22 81
184 698 8 7 47
314 699 5 6 21
897 699 1 1 1
1017 700 4 5 14
1033 700 3 5 12
1824 700 1 1 1
405 702 3 3 8
534 702 22 10 122
894 703 3 5 13
1172 703 4 17 39
1124 705 6 15 26
1401 705 2 1 2
619 708 16 11 112
689 709 1 1 1
857 708 12 5 18
1060 709 3 4 11
515 711 10 11 94
788 711 25 40 483
1410 710 7 15 49
197 713 9 7 50
643 714 5 5 16
665 714 11 8 39
735 714 7 8 30
833 715 33 25 385
877 715 2 2 2
989 714 4 5 14
14 717 8 6 40
817 717 5 6 7
1748 716 29 24 501
249 719 4 3 12
316 718 7 7 41
408 720 5 5 22
1072 720 1 2 2
238 723 9 7 52
503 723 8 9 57
1114 725 3 5 13
715 727 20 33 423
814 726 1 1 1
1083 727 2 4 7
33 729 9 6 40
635 731 5 8 27
662 730 3 2 6
879 731 2 2 4
432 734 5 6 29
963 734 19 26 394
582 737 3 2 5
1064 736 2 2 2
592 739 6 3 13
1079 738 1 2 2
498 740 7 13 62
1128 741 3 3 7
1422 740 4 1 4
680 742 8 1 8
1111 743 3 4 9
89 745 8 6 40
149 745 10 3 24
1401 744 1 2 2
1418 744 1 1 1
862 746 4 3 5
1037 747 5 7 29
1117 747 5 6 25
657 749 14 15 69
867 749 2 2 2
467 750 3 3 8
822 751 5 4 14
1151 751 3 4 6
284 752 4 3 10
948 753 2 3 5
1229 753 21 17 249
560 754 9 8 54
1074 755 3 4 9
797 757 1 1 1
647 759 2 3 6
954 758 1 1 1
1090 758 5 6 28
1077 762 4 4 13
1713 762 67 67 1961
74 765 8 5 29
320 765 7 17 57
351 764 1 1 1
429 764 14 8 64
728 764 18 22 325
491 766 4 3 12
1122 766 3 3 8
1655 767 1 1 1
338 768 6 4 11
506 769 13 10 56
803 769 2 5 10
951 768 1 1 1
1040 769 16 12 79
1107 768 1 3 3
191 771 7 6 29
1127 771 1 2 2
1138 770 1 1 1
600 772 21 40 188
761 772 1 1 1
834 773 4 5 12
879 773 2 3 4
1071 773 2 2 3
1099 772 3 4 12
249 775 8 6 30
1621 775 32 30 694
678 777 2 1 2
820 777 3 4 9
1031 777 3 5 12
1076 777 23 18 162
351 779 2 2 4
901 779 7 4 23
1011 779 2 4 8
1398 778 1 1 1
373 780 7 7 43
530 781 3 3 7
689 781 8 10 60
340 783 9 4 20
865 786 4 6 17
943 787 2 3 6
973 786 3 6 16
10 789 7 3 16
308 789 4 5 20
527 789 1 1 1
408 790 7 7 36
1490 791 51 34 1023
69 792 7 6 32
338 793 2 2 4
1104 795 3 4 11
321 797 4 2 8
706 796 1 1 1
957 797 7 3 21
1364 796 61 37 1410
347 799 11 7 57
731 798 1 2 2
744 799 5 7 26
902 799 1 1 1
1034 798 5 6 25
1585 798 2 1 2
1071 801 2 18 22
303 802 3 3 6
400 802 2 1 2
557 803 2 3 5
1106 803 10 26 72
1257 803 1 1 1
1347 802 6 7 37
1100 805 1 2 2
633 806 3 4 10
665 807 17 22 293
922 807 3 3 8
952 806 2 1 2
964 808 3 2 4
257 812 3 2 4
369 813 1 1 1
881 812 1 1 1
890 813 6 1 6
301 815 4 3 9
366 814 2 1 2
879 814 1 1 1
1090 815 2 6 12
278 817 3 3 6
1444 816 17 19 247
990 819 1 1 1
1128 819 2 3 4
710 821 11 7 28
745 820 5 9 33
519 822 6 7 39
616 822 4 7 17
966 822 3 5 14
878 825 5 3 7
1029 824 21 12 104
1076 825 2 3 5
262 826 2 1 2
811 827 11 21 159
866 828 3 4 9
1177 829 2 2 4
177 831 7 3 12
542 830 11 14 128
570 831 4 4 15
774 831 7 7 34
309 833 4 4 12
506 832 10 10 73
1004 832 4 3 9
1349 832 7 8 41
378 835 3 2 4
1072 834 3 12 25
1098 836 2 2 3
631 838 18 23 214
788 838 2 4 8
1052 838 2 2 4
59 840 5 4 15
887 840 26 40 453
960 841 24 28 301
331 843 4 2 7
562 843 7 8 41
268 844 13 14 155
339 846 1 2 2
829 847 1 2 2
1038 846 2 3 4
1085 846 3 4 8
1104 846 2 1 2
1727 847 3 2 4
1003 848 83 140 1728
1056 848 2 3 5
1336 848 7 8 41
371 851 2 2 3
462 851 7 8 40
1051 851 3 6 15
1070 851 2 2 3
1170 850 2 2 3
763 853 13 6 47
1543 854 42 31 827
987 857 3 9 15
1327 857 7 6 31
322 858 3 4 11
350 859 10 8 64
669 861 23 19 163
1054 861 1 3 3
1671 861 35 33 747
170 863 10 14 78
377 863 2 2 4
917 862 8 8 43
1233 863 14 16 166
458 865 4 7 21
1631 865 1 1 1
307 867 8 3 13
850 866 2 4 5
1096 867 1 2 2
1348 866 6 7 32
605 869 2 2 3
731 869 435 359 35166
823 868 3 6 15
1057 868 1 5 5
1281 869 10 5 38
425 870 6 8 38
503 871 6 7 35
518 871 40 39 415
589 870 1 1 1
759 871 1 2 2
1475 871 15 14 98
610 872 1 1 1
874 873 3 5 12
929 873 2 3 6
914 875 3 2 6
490 878 7 9 50
741 878 1 1 1
1182 878 13 17 165
351 880 13 7 43
620 881 2 3 6
912 881 1 1 1
1212 880 1 1 1
652 882 13 21 171
673 882 1 1 1
982 885 1 1 1
996 884 1 1 1
1048 885 2 3 4
302 888 1 1 1
888 889 16 22 270
1772 889 40 33 940
223 891 4 3 8
465 890 8 10 68
984 890 1 2 2
1142 890 1 2 2
386 893 6 5 25
1125 893 2 3 4
110 895 8 8 49
607 894 17 8 48
1070 896 2 3 4
374 898 4 4 14
916 899 2 3 6
1088 898 2 3 4
1100 898 3 3 7
278 902 5 4 16
456 902 2 1 2
831 902 1 1 1
1360 902 4 3 10
992 905 1 1 1
1066 904 1 3 3
1294 905 27 53 690
24 907 9 7 44
54 906 15 13 120
1100 906 16 14 151
630 909 2 4 6
828 909 1 3 3
920 908 4 6 17
1421 908 16 18 227
1145 913 1 2 2
1124 915 1 3 3
591 916 1 2 2
816 916 2 4 7
1068 917 2 3 5
1343 917 4 3 9
320 919 18 37 285
388 919 1 1 1
529 919 9 5 27
805 918 3 7 14
996 919 2 4 6
496 921 11 12 112
1166 921 2 6 10
1356 920 2 6 11
933 923 2 2 3
1027 922 1 3 3
1098 925 1 2 2
146 926 7 6 32
289 927 2 2 4
678 927 5 4 16
691 926 1 1 1
724 927 1 1 1
1460 926 43 23 707
1541 926 25 26 467
621 929 2 1 2
179 932 8 6 35
211 933 2 2 3
571 932 4 6 20
881 933 5 5 12
314 935 1 2 2
811 935 1 3 3
111 936 5 4 18
345 936 7 4 20
1105 937 1 3 3
1148 936 1 1 1
686 939 3 2 5
818 938 4 4 11
42 941 8 5 30
380 941 4 4 11
419 940 8 8 47
1085 940 1 1 1
1679 941 28 30 608
275 942 8 6 20
552 943 7 9 56
823 942 1 1 1
523 945 6 9 42
1329 944 25 28 499
578 946 15 7 61
715 949 2 3 4
1079 948 1 2 2
1284 948 3 2 4
247 950 6 6 30
950 950 15 20 230
992 950 1 2 2
509 953 4 3 8
613 953 4 6 16
561 954 14 10 79
681 955 11 9 63
922 955 1 1 1
1101 955 2 3 5
194 956 1 1 1
527 959 8 9 62
1421 959 1 1 1
1494 958 16 17 158
348 961 14 16 145
416 960 5 4 15
493 960 9 10 65
911 960 15 24 224
136 963 7 7 36
595 962 1 2 2
996 962 4 7 22
1098 962 2 3 4
1270 963 5 6 20
740 964 1 2 2
285 967 2 2 3
808 967 1 3 3
1023 966 19 14 57
1416 966 1 1 1
402 969 4 6 21
1089 969 4 3 9
1190 969 1 1 1
1058 970 1 1 1
1253 971 4 5 14
618 973 2 1 2
319 975 18 5 32
638 975 1 2 2
882 975 2 12 24
685 976 5 7 27
452 979 2 2 3
1004 979 12 8 65
1130 979 1 1 1
272 981 6 7 32
481 981 5 3 10
590 981 19 12 113
794 980 1 2 2
1038 981 2 2 4
64 983 2 1 2
1017 983 32 14 134
647 986 1 1 1
749 986 2 5 9
1297 986 5 5 18
1790 986 1 2 2
651 988 7 4 20
1087 988 2 1 2
618 990 3 4 10
1060 990 2 3 6
1312 991 4 5 17
177 993 4 3 7
824 992 1 3 3
1509 993 24 26 447
1830 994 4 3 9
637 997 8 4 12
994 997 2 3 5
1011 997 1 2 2
452 999 1 2 2
1051 998 1 2 2
1065 998 3 3 7
310 1001 2 2 4
347 1001 2 2 3
424 1003 15 13 51
526 1002 3 2 5
710 1003 1 2 2
723 1002 1 2 2
905 1002 1 1 1
1825 1003 1 1 1
332 1004 1 2 2
653 1004 2 3 5
1069 1005 2 2 3
1098 1005 1 3 3
314 1006 5 5 20
695 1007 1 2 2
587 1008 2 1 2
1036 1008 13 14 88
226 1011 2 2 3
518 1010 2 3 5
610 1011 1 3 3
680 1011 14 19 186
1013 1011 1 1 1
1025 1011 1 3 3
1663 1011 3 4 10
172 1012 3 2 5
366 1013 9 9 46
954 1013 5 5 17
1060 1012 1 2 2
1366 1013 1 1 1
1756 1013 1 1 1
200 1014 5 4 13
328 1015 4 3 10
636 1014 5 5 22
833 1015 12 18 81
1265 1014 25 15 131
262 1017 1 2 2
798 1018 1 1 1
880 1019 3 11 23
1008 1018 1 2 2
313 1020 2 3 6
559 1020 1 1 1
1017 1021 2 6 7
807 1022 2 4 5
914 1023 1 1 1
945 1022 1 1 1
916 1024 1 1 1
962 1024 1 1 1
1487 1025 23 25 383
269 1026 4 4 10
617 1027 1 2 2
862 1027 1 2 2
1001 1026 1 1 1
1031 1027 1 1 1
574 1028 3 5 12
640 1029 1 2 2
760 1028 3 4 10
294 1030 2 2 4
384 1030 3 2 4
502 1031 4 4 12
997 1031 4 3 6
1107 1030 2 3 5
1314 1030 1 1 1
312 1032 3 2 3
330 1033 4 3 6
534 1032 3 3 7
818 1032 11 7 41
963 1034 4 6 18
968 1035 116 36 1380
1174 1035 1 1 1
589 1037 14 13 114
693 1036 6 8 37
617 1038 2 2 2
628 1038 2 3 6
661 1040 1 1 1
423 1043 2 3 4
663 1043 4 8 27
1345 1043 27 25 266
324 1044 7 5 15
446 1045 2 3 5
1837 1044 3 3 6
367 1048 1 2 2
380 1049 6 11 40
626 1048 21 12 107
745 1048 3 6 16
485 1051 12 11 65
682 1050 4 5 17
1149 1051 2 1 2
398 1053 1 1 1
610 1052 2 2 2
1692 1053 2 2 3
333 1054 2 2 3
945 1055 3 2 3
126 1057 1 3 3
867 1057 2 4 7
699 1059 4 3 7
413 1061 3 3 6
565 1060 1 1 1
1164 1061 1 1 1
538 1063 2 2 3
857 1063 1 1 1
1168 1063 3 2 5
255 1065 6 7 31
726 1064 6 11 28
772 1065 1 1 1
935 1065 10 11 77
1012 1067 1 1 1
1092 1066 7 6 27
1741 1067 1 2 2
283 1068 29 25 257
374 1069 2 3 5
493 1069 3 5 13
672 1069 34 18 334
1259 1069 5 6 19
1416 1069 19 23 230
1556 1068 25 21 329
318 1070 3 4 8
967 1070 1 1 1
402 1073 5 6 22
514 1072 2 2 3
1039 1072 2 2 3
1017 1075 1 1 1
1034 1075 1 1 1
1488 1074 4 3 7
620 1077 2 3 4
966 1077 7 8 14
1646 1076 26 26 436
399 1080 1 1 1
1211 1081 1 1 1
208 1082 5 3 11
1064 1082 1 2 2
613 1084 5 15 62
1025 1085 10 7 24
1036 1084 1 2 2
1376 1084 26 20 266
1749 1085 5 3 6
96 1087 5 5 15
484 1087 7 20 93
951 1086 7 11 27
1045 1086 1 2 2
1162 1087 1 1 1
1257 1087 2 2 3
725 1088 3 2 4
1595 1088 1 2 2
1440 1091 5 6 18
374 1093 2 2 3
636 1092 2 2 4
890 1093 1 6 6
271 1094 1 1 1
301 1094 3 5 13
586 1094 1 2 2
681 1095 4 5 17
855 1094 2 4 6
752 1096 2 2 3
1242 1096 4 5 12
267 1098 1 1 1
734 1098 2 2 4
1302 1099 14 15 113
765 1101 2 3 6
943 1100 2 1 2
1415 1100 18 11 97
1583 1101 1 3 3
373 1103 1 1 1
384 1102 1 2 2
551 1102 8 12 70
580 1102 2 3 4
365 1104 5 6 18
501 1104 3 3 6
1277 1106 15 15 172
430 1108 4 5 11
770 1109 2 3 6
520 1111 3 4 11
704 1111 2 1 2
1363 1110 7 10 31
1469 1111 22 20 185
1747 1111 1 1 1
701 1113 2 2 3
220 1114 1 2 2
579 1116 1 2 2
479 1118 4 4 12
1805 1119 5 4 16
131 1121 6 5 13
571 1120 1 1 1
1768 1120 3 4 7
363 1122 3 4 9
1627 1122 3 2 5
396 1125 1 2 2
637 1125 1 1 1
1254 1124 1 1 1
1545 1124 4 3 10
331 1126 3 3 7
413 1127 13 7 36
554 1127 21 22 233
645 1127 1 3 3
1762 1126 2 2 4
328 1129 1 1 1
514 1128 21 10 142
604 1128 1 11 11
1208 1129 1 1 1
1797 1128 7 5 23
1820 1128 5 5 10
219 1130 3 2 5
314 1130 3 2 6
393 1131 2 3 6
1230 1130 13 9 36
655 1133 1 1 1
714 1132 2 2 3
1212 1132 4 4 9
1494 1132 1 1 1
1455 1135 1 1 1
319 1136 2 2 3
584 1139 1 3 3
787 1138 1 1 1
1330 1139 1 1 1
1832 1139 1 2 2
331 1141 1 1 1
403 1141 2 2 3
494 1140 16 9 94
647 1141 7 7 35
682 1140 1 1 1
728 1140 2 3 4
1467 1141 1 1 1
1507 1141 27 29 194
371 1143 1 1 1
798 1142 2 5 7
1187 1143 4 13 19
1799 1143 10 17 64
1242 1147 1 2 2
1357 1147 6 5 18
1591 1147 1 1 1
295 1149 6 3 8
587 1148 6 8 38
709 1148 4 6 17
611 1150 10 9 67
676 1150 1 1 1
746 1151 1 1 1
1731 1151 1 1 1
726 1152 2 4 6
764 1153 1 1 1
1173 1152 2 1 2
1545 1152 1 1 1
1633 1152 1 1 1
243 1155 4 3 8
1729 1156 11 13 88
426 1158 2 2 3
539 1158 1 1 1
636 1159 1 1 1
1274 1159 3 6 8
1365 1158 3 3 5
540 1161 3 5 11
1301 1161 4 7 14
1621 1160 14 8 42
476 1163 1 2 2
621 1162 1 1 1
687 1163 1 1 1
1396 1163 6 5 23
463 1164 1 2 2
1664 1164 2 4 5
231 1167 1 1 1
336 1166 8 3 10
522 1166 2 2 3
801 1169 1 1 1
1145 1168 1 1 1
598 1170 1 1 1
698 1170 1 1 1
1126 1170 1 1 1
180 1173 2 3 6
486 1172 5 6 22
679 1172 1 1 1
637 1175 1 1 1
1361 1175 5 3 11
1521 1175 2 3 4
1568 1175 2 2 2
1802 1175 2 1 2
103 1177 1 1 1
309 1177 2 2 4
318 1176 2 1 2
532 1181 3 2 4
573 1180 1 2 2
635 1180 1 2 2
1650 1180 1 1 1
1671 1181 2 2 3
1736 1180 2 1 2
438 1183 14 13 119
604 1183 1 1 1
702 1183 3 6 14
812 1182 2 3 3
1818 1183 5 11 17
1738 1184 2 2 2
1544 1186 1 2 2
1325 1189 2 1 2
254 1190 1 1 1
666 1190 1 2 2
805 1190 1 1 1
1052 1190 1 1 1
1190 1191 1 2 2
264 1192 3 3 8
354 1193 7 5 16
541 1192 1 1 1
593 1193 14 5 37
728 1192 2 1 2
748 1193 1 1 1
317 1195 1 1 1
659 1194 3 5 12
693 1194 1 1 1
463 1196 10 12 99
1028 1196 1 1 1
322 1199 2 1 2
1057 1199 1 1 1
1506 1198 6 6 26
163 1200 2 2 3
622 1201 1 1 1
1170 1200 3 4 10
544 1202 4 4 12
578 1203 11 16 60
995 1203 1 1 1
1600 1202 1 2 2
560 1205 1 2 2
1221 1205 3 3 7
1408 1204 4 5 10
1503 1204 1 1 1
447 1206 7 9 51
537 1206 2 3 6
566 1207 1 1 1
964 1207 1 1 1
1002 1206 1 1 1
1516 1206 5 5 19
1354 1209 2 1 2
1369 1209 6 6 20
1703 1209 3 2 4
255 1211 4 4 9
602 1210 4 4 8
1017 1211 1 1 1
1276 1211 1 1 1
1415 1212 1 2 2
1630 1212 3 3 6
747 1217 2 1 2
753 1216 1 1 1
1126 1217 2 1 2
709 1219 2 1 2
1334 1218 5 5 15
1468 1219 11 9 49
343 1220 6 8 26
968 1220 1 1 1
1020 1221 1 1 1
1262 1221 1 1 1
1490 1221 1 1 1
599 1222 3 6 15
1239 1222 1 1 1
1698 1223 2 5 9
458 1225 1 3 3
804 1225 1 3 3
552 1227 1 1 1
652 1226 1 2 2
1250 1227 1 1 1
1510 1226 1 2 2
