0 0 1840 1228 2091832
206 0 90 88 2461
323 0 14 9 103
352 0 25 29 454
507 0 16 28 104
571 0 14 3 25
746 0 13 21 238
804 0 13 19 200
1021 0 3 1 3
1130 0 66 69 1994
1210 0 33 23 494
1280 0 35 22 565
1445 0 8 3 20
1494 0 24 14 242
1405 5 9 11 64
1359 12 3 4 7
1033 16 10 16 117
327 20 12 13 122
697 28 10 11 76
290 31 3 1 3
865 30 18 30 431
1410 30 3 4 10
1674 34 19 8 61
1468 37 8 9 56
166 38 24 30 584
433 40 14 9 57
553 42 6 3 11
519 45 25 46 372
1425 45 12 13 104
974 46 9 14 100
1535 48 9 8 53
1463 51 42 76 1584
1470 54 5 3 10
1551 55 17 14 165
910 61 28 33 695
1447 61 20 17 136
1110 63 9 12 87
614 65 16 24 309
1085 65 8 9 56
1371 69 11 13 101
1423 68 11 14 107
1311 71 6 4 18
768 75 27 53 611
1029 74 10 15 108
452 81 15 19 212
1332 82 6 6 23
529 87 1 2 2
1172 86 8 6 37
505 88 14 19 211
1174 89 59 41 1165
527 90 2 3 4
1009 92 8 11 75
1397 94 11 10 82
395 96 8 7 34
608 96 16 20 216
1328 96 27 25 427
1657 96 11 3 29
31 99 28 33 693
1679 103 10 14 57
1316 108 5 3 11
314 111 14 15 165
705 113 17 27 379
423 115 1 1 1
925 119 4 5 15
543 121 29 26 429
483 123 27 26 359
1277 124 35 33 521
1243 127 16 19 216
726 128 22 50 579
1506 128 9 7 46
892 130 10 17 151
55 132 38 42 1086
389 133 21 48 521
339 135 11 15 138
211 139 15 14 146
1081 142 111 73 3293
1473 143 9 8 57
1506 144 9 11 75
452 146 13 19 202
1049 146 16 15 133
1352 149 8 12 79
489 153 8 9 58
688 152 10 14 104
1522 152 18 22 311
419 154 8 8 55
109 157 21 20 322
1578 156 59 76 3077
1387 159 9 10 64
263 160 14 12 132
1205 161 28 48 839
1251 160 40 66 1204
977 164 13 18 175
1009 164 17 9 67
1247 167 14 16 160
0 169 18 17 233
1494 170 16 18 211
331 173 22 20 152
1305 175 20 15 188
1398 177 10 12 93
224 179 1 1 1
529 178 10 7 56
1028 178 1 1 1
856 184 21 19 279
1072 187 3 1 3
1456 191 9 9 51
975 193 9 11 73
1801 193 1 1 1
1385 194 58 28 690
631 196 10 10 82
574 198 15 21 246
1353 198 25 17 269
1014 200 9 12 87
941 203 8 10 60
891 205 15 12 127
1447 207 27 48 488
435 208 8 5 25
722 208 36 36 659
494 211 6 4 13
605 212 13 17 175
1039 215 10 12 94
772 217 19 22 306
499 219 16 23 257
1348 221 7 12 35
1830 229 10 29 171
815 230 8 9 60
334 237 14 18 178
722 239 1 1 1
543 241 10 12 94
1348 241 6 5 20
1376 240 6 5 26
35 245 19 14 183
1087 246 8 10 60
1159 247 11 13 96
720 248 2 1 2
1014 249 6 9 39
1221 248 5 5 22
469 250 11 16 151
634 250 13 16 160
792 251 1 1 1
1262 251 7 7 36
368 254 16 25 190
429 255 30 19 355
826 254 1 1 1
1125 254 53 84 1633
1321 257 35 50 1147
1414 257 14 11 96
940 261 1 1 1
1092 261 7 9 48
1115 262 5 4 12
1479 262 1 1 1
656 264 1 1 1
739 265 3 1 3
1446 268 4 3 7
520 271 12 17 166
628 270 1 1 1
663 270 23 26 258
783 270 17 27 183
916 270 1 1 1
246 272 14 15 162
940 273 7 6 32
613 275 10 8 34
1401 277 8 7 38
1237 278 37 22 398
310 281 7 7 20
829 280 2 1 2
981 281 9 20 95
1060 281 5 5 17
929 283 1 1 1
176 284 22 20 345
1100 285 32 34 541
221 291 27 30 356
899 291 1 1 1
631 292 1 1 1
1298 293 11 17 113
1496 294 44 66 2028
537 296 38 28 526
626 296 1 1 1
1068 297 33 38 705
298 299 13 12 122
1019 298 1 1 1
1041 300 2 1 2
487 302 1 1 1
795 302 1 1 1
845 302 9 13 90
923 303 6 6 25
1440 303 6 4 14
453 304 7 6 34
1356 304 7 5 24
1039 306 1 1 1
913 311 1 1 1
949 310 20 14 199
1410 310 12 25 152
1120 315 18 34 379
457 318 15 13 90
699 318 16 19 201
322 320 14 11 113
803 320 9 12 89
606 323 1 1 1
1378 324 8 7 37
1802 324 8 4 22
948 327 1 1 1
1056 327 4 8 21
1255 329 6 14 43
1344 331 24 13 125
289 332 1 1 1
1021 333 8 7 43
557 335 23 34 404
902 334 3 2 3
402 336 14 15 112
669 337 12 13 112
985 339 6 7 32
1177 339 28 42 837
332 340 10 11 84
850 341 1 1 1
1238 340 11 8 47
658 343 1 1 1
1428 344 15 6 54
813 347 1 1 1
884 347 1 1 1
974 347 1 1 1
1305 347 12 6 59
538 349 1 1 1
889 348 1 1 1
1103 349 6 7 35
1420 348 5 5 20
1806 348 34 28 695
799 353 2 1 2
844 352 2 1 2
1069 352 18 22 255
1350 353 34 27 411
89 354 17 20 131
1292 355 1 2 2
1090 361 27 60 688
1217 360 14 12 113
1482 361 12 2 14
972 363 10 8 30
1012 363 5 7 28
1286 362 23 41 369
172 364 1 1 1
473 365 1 1 1
702 364 12 13 120
830 365 2 1 2
408 366 10 9 65
469 367 16 16 170
583 366 1 1 1
765 367 17 24 287
1390 367 16 22 262
633 369 1 1 1
948 368 1 1 1
852 370 2 1 2
915 370 2 1 2
336 373 15 24 134
758 374 1 1 1
954 375 1 1 1
1462 374 25 27 479
449 377 11 13 113
749 376 3 2 6
1048 376 12 17 66
1443 376 7 7 35
355 378 7 4 15
935 378 12 14 97
918 383 6 7 37
1337 382 6 4 14
246 384 29 13 197
657 384 9 12 89
705 385 1 1 1
900 384 2 2 3
1809 385 31 36 897
893 386 1 1 1
904 387 1 1 1
1080 392 1 1 1
1128 392 4 5 18
1000 394 2 1 2
1205 394 4 2 6
1697 397 27 23 466
710 398 1 1 1
755 398 1 1 1
944 398 14 9 55
1134 398 2 1 2
1252 399 1 1 1
1417 398 1 1 1
1430 399 1 1 1
1432 398 1 1 1
761 401 1 1 1
877 400 1 1 1
1177 400 9 10 77
713 402 1 1 1
883 403 2 1 2
1045 402 10 8 41
1579 403 12 19 72
232 405 1 1 1
853 405 3 2 4
1313 404 11 13 72
814 408 2 2 4
1242 408 2 1 2
543 411 25 57 662
755 410 1 1 1
964 412 2 1 2
1024 412 7 19 56
1190 412 7 4 23
1250 413 1 1 1
1420 413 1 1 1
688 414 9 8 55
836 415 1 1 1
838 414 1 1 1
968 414 1 1 1
502 416 11 11 86
652 417 17 27 154
724 417 1 1 1
1202 417 5 3 9
1286 417 6 6 30
1423 416 1 1 1
860 418 9 2 10
459 421 13 20 107
787 420 1 1 1
1070 420 28 27 503
1247 421 1 1 1
1357 420 9 8 58
1735 420 26 23 449
785 423 1 1 1
1049 422 3 12 17
870 424 2 1 2
1292 425 3 2 4
1425 424 70 86 2308
752 427 3 1 3
981 426 5 5 17
1221 426 11 12 95
1296 429 6 5 26
430 431 9 16 83
811 430 1 1 1
1276 430 6 6 26
820 432 17 18 54
855 433 1 1 1
902 433 1 1 1
1060 433 1 2 2
942 435 6 8 47
1177 434 2 1 2
1587 434 30 30 657
846 436 3 2 5
1039 438 6 8 39
1405 439 6 5 16
1629 440 1 1 1
1837 440 3 1 3
290 442 9 7 50
503 443 18 12 53
816 443 1 1 1
949 443 6 7 37
973 443 7 7 38
1327 443 1 1 1
1247 445 5 4 14
486 446 1 1 1
1056 446 1 2 2
1067 447 1 1 1
1188 447 11 17 147
906 448 5 5 23
932 448 7 10 56
1358 449 5 3 12
620 451 2 1 2
790 450 1 1 1
845 451 1 1 1
920 451 2 1 2
1389 451 8 4 22
1642 450 32 24 536
66 453 37 29 622
673 452 33 28 422
1371 453 9 10 68
117 454 1 1 1
1101 455 1 1 1
1160 455 2 1 2
323 456 12 9 74
359 457 7 5 19
1308 457 12 13 98
1048 459 3 1 3
1408 458 1 1 1
286 460 2 4 5
1793 460 8 10 41
252 462 12 12 109
1336 463 5 7 16
1208 465 8 8 51
1043 467 1 1 1
1171 467 9 16 81
1240 467 58 60 1547
304 469 1 1 1
433 468 1 1 1
1138 468 1 1 1
1141 469 1 1 1
1406 469 4 5 12
443 471 16 21 177
1048 471 9 18 86
1359 470 29 28 143
571 473 8 10 64
856 473 1 1 1
951 472 3 2 4
1306 474 5 5 18
703 476 25 28 316
1162 476 3 1 3
1731 476 21 16 92
282 478 4 2 6
500 481 1 1 1
535 481 12 13 121
1152 480 1 1 1
213 482 1 1 1
1126 483 1 1 1
953 484 10 4 16
1343 484 5 6 26
610 486 1 1 1
1062 487 7 9 54
1196 487 10 20 116
1230 486 2 1 2
1752 486 46 32 704
1326 489 5 4 18
1563 489 1 1 1
279 490 12 10 97
937 490 6 9 40
1389 491 2 2 2
59 492 1 1 1
832 492 9 11 79
1392 493 1 1 1
560 494 1 1 1
853 494 1 1 1
1142 494 1 1 1
1226 494 4 2 6
1395 495 16 17 121
1823 495 5 2 7
1026 497 17 9 104
562 499 13 13 130
799 499 1 1 1
118 501 15 13 145
663 500 1 1 1
1056 501 9 11 46
1524 500 3 2 5
524 503 1 1 1
1381 504 7 7 27
86 507 1 1 1
185 507 1 1 1
224 506 1 1 1
304 506 8 5 28
351 507 8 5 26
860 506 1 1 1
1340 506 6 5 16
1557 506 1 1 1
691 509 1 1 1
938 508 1 1 1
833 511 1 2 2
1008 511 5 7 30
1235 510 1 1 1
517 512 7 5 31
943 512 1 1 1
1184 513 3 2 4
1088 514 6 8 40
1201 520 18 7 52
60 522 1 1 1
434 523 10 10 70
934 523 7 9 50
780 524 1 1 1
852 524 1 1 1
1016 524 5 7 31
1310 524 1 1 1
1285 525 44 57 1144
271 527 1 1 1
368 526 2 1 2
684 526 14 23 196
1056 526 9 11 81
1180 527 14 5 46
1396 527 6 4 16
534 528 26 50 453
633 528 8 13 58
0 531 2 1 2
65 530 17 13 173
154 530 2 1 2
372 530 1 1 1
709 530 14 15 153
740 533 7 7 38
881 533 2 1 2
1349 532 2 2 2
505 534 8 9 65
1212 534 4 4 14
1655 535 26 25 442
179 537 1 1 1
1117 537 31 32 709
1262 536 10 16 52
274 539 1 1 1
890 539 1 1 1
40 540 1 1 1
464 540 5 4 12
936 541 14 19 139
1243 540 1 1 1
229 543 1 1 1
370 542 10 11 86
623 542 5 8 22
661 543 7 8 45
36 544 1 1 1
1015 545 1 1 1
513 546 11 15 149
1020 546 68 98 2075
260 548 5 1 5
308 549 2 1 2
755 549 7 8 41
1360 549 12 9 84
1463 549 1 1 1
147 552 19 14 114
304 553 1 1 1
628 553 1 1 1
1074 553 1 1 1
115 555 2 2 3
727 554 1 1 1
1057 555 21 27 289
337 557 2 2 3
460 557 1 1 1
562 557 4 2 4
18 559 1 1 1
84 559 1 1 1
289 558 1 1 1
1196 559 34 28 454
1351 558 6 9 30
651 560 25 16 143
878 560 5 5 20
694 562 9 10 72
343 565 9 7 57
764 565 1 2 2
1236 565 4 3 9
407 566 1 1 1
416 569 4 3 11
838 569 1 1 1
927 568 6 8 32
1255 568 15 6 35
1536 569 11 9 27
1717 568 1 1 1
280 570 2 2 3
865 570 1 3 3
1336 571 5 2 9
1357 570 1 1 1
396 572 1 1 1
721 573 1 1 1
949 573 12 8 51
1795 573 45 40 1101
421 575 1 1 1
469 575 9 10 64
802 575 1 9 9
1246 574 4 3 11
1642 575 1 1 1
298 577 6 2 7
359 577 18 15 126
566 576 11 19 139
212 578 1 1 1
402 578 1 1 1
199 581 1 1 1
318 580 1 1 1
709 581 2 2 3
969 581 5 9 33
1617 580 1 1 1
147 582 12 9 87
1360 583 10 8 51
923 584 11 16 100
1121 585 2 1 2
990 586 13 24 156
1133 586 1 1 1
1184 586 3 1 3
1236 586 8 7 20
1326 586 4 4 11
1635 587 2 1 2
110 588 7 6 29
729 589 1 2 2
160 591 1 1 1
952 591 5 5 19
1261 590 1 1 1
1755 590 8 6 24
778 593 1 1 1
648 594 1 1 1
693 595 3 1 3
248 596 1 1 1
518 596 1 1 1
537 597 5 1 5
737 596 3 2 4
872 596 5 2 6
947 597 1 13 13
1101 597 17 15 176
1522 597 41 34 848
530 599 1 1 1
1277 599 2 2 3
1473 599 1 1 1
25 600 4 2 5
975 601 5 8 30
1391 600 2 1 2
408 602 21 14 140
1175 602 1 1 1
1233 603 26 24 196
155 604 2 1 2
331 605 2 1 2
1221 604 6 5 21
1612 604 27 42 713
343 607 6 7 32
857 606 1 1 1
530 608 16 11 73
1331 608 2 1 2
1467 608 1 2 2
1739 609 9 18 30
23 611 2 1 2
303 610 11 4 30
652 610 3 2 6
668 611 14 8 53
972 610 1 2 2
1165 610 2 2 3
1306 610 3 6 13
123 613 2 1 2
358 612 7 4 14
897 612 6 7 33
1270 613 2 1 2
1318 612 1 2 2
1341 613 80 96 2660
1423 612 2 2 3
212 614 1 1 1
513 614 1 1 1
955 615 4 4 12
1170 617 14 15 63
1190 616 17 6 41
1500 617 1 1 1
288 619 8 4 25
724 619 5 5 18
973 619 1 1 1
1266 618 4 5 19
1309 619 4 4 13
1731 618 2 1 2
1757 618 1 1 1
316 620 9 7 57
489 620 1 1 1
1015 621 5 6 29
1733 621 1 1 1
1259 623 1 1 1
1486 623 37 39 1010
1334 624 1 1 1
847 626 1 1 1
1090 627 1 2 2
496 628 2 2 3
647 629 2 2 2
701 629 1 8 8
770 628 16 12 97
893 628 22 27 388
949 628 17 24 288
1117 629 4 3 11
1436 628 1 1 1
499 630 1 1 1
997 630 13 18 157
1021 631 4 4 16
1154 630 4 4 10
1289 631 13 6 43
303 632 2 2 2
412 633 8 6 31
627 633 9 11 84
742 632 1 1 1
1198 632 28 16 174
1258 633 2 1 2
6 635 3 3 5
140 635 24 27 235
179 635 19 20 288
347 635 1 1 1
685 635 1 1 1
1099 634 2 4 4
1091 637 64 50 1107
267 639 1 1 1
553 639 1 1 1
1236 639 10 5 33
1680 639 1 1 1
689 641 7 8 47
1682 640 1 1 1
63 643 10 2 11
372 642 1 1 1
375 643 1 1 1
705 643 1 1 1
1131 642 5 7 19
409 645 5 3 11
528 645 6 5 28
986 644 3 4 11
254 647 1 1 1
444 646 5 2 6
559 646 1 1 1
603 646 2 1 2
660 646 15 31 228
874 646 10 19 97
1395 647 11 2 11
1645 646 26 25 454
8 648 1 1 1
427 648 1 1 1
938 648 5 4 16
1163 648 1 1 1
1407 649 1 1 1
1276 650 23 37 274
735 652 1 1 1
1069 653 10 19 102
1177 652 1 1 1
441 654 1 1 1
1308 654 17 25 197
990 656 3 3 6
107 658 13 14 98
172 659 1 1 1
174 658 1 1 1
303 659 7 6 32
728 658 1 1 1
837 659 1 1 1
448 661 5 4 16
506 660 35 15 278
1031 660 7 7 37
1198 661 14 16 113
1753 660 50 60 1618
223 662 2 1 2
424 663 5 3 11
716 663 1 1 1
807 663 1 1 1
1755 665 1 1 1
479 667 1 1 1
912 667 1 2 2
1591 667 22 22 289
238 669 1 1 1
1009 669 4 3 11
371 671 8 6 33
728 670 1 1 1
854 671 27 29 496
1554 671 18 16 202
637 672 1 1 1
645 673 6 4 15
940 672 3 3 7
282 674 5 4 13
764 675 5 13 33
1015 674 6 6 31
1221 674 3 3 8
1721 675 2 1 2
459 677 1 1 1
700 676 1 1 1
1636 677 18 14 150
895 678 14 12 86
1231 679 3 11 17
235 681 3 2 4
408 680 1 1 1
1183 680 1 1 1
1210 680 2 3 4
1498 680 1 1 1
744 682 1 1 1
970 682 19 12 119
1342 682 1 1 1
176 684 2 1 2
619 685 1 1 1
1247 684 4 13 23
456 687 6 7 28
704 686 5 4 11
833 686 4 5 17
1026 686 10 12 103
1160 687 24 22 202
1484 686 1 1 1
343 688 6 4 16
427 688 1 1 1
540 689 1 1 1
569 688 1 1 1
1697 689 2 2 4
1804 688 6 6 15
45 690 2 2 2
485 690 1 1 1
98 693 5 2 6
114 693 12 7 61
519 694 2 2 3
545 695 3 2 5
712 695 1 1 1
885 695 1 1 1
1287 695 4 5 17
1343 695 1 1 1
476 697 27 24 241
1519 697 1 1 1
255 699 13 8 54
1440 698 1 1 1
1558 699 22 15 211
1585 699 61 65 2263
947 700 67 27 818
1197 700 2 1 2
1487 700 1 1 1
1697 700 36 38 834
404 703 6 4 18
465 702 1 1 1
562 703 1 1 1
1232 703 1 1 1
104 704 3 2 3
295 705 16 14 81
338 705 1 1 1
375 704 6 4 20
1217 704 5 14 32
454 706 1 1 1
629 706 1 1 1
777 707 5 4 10
540 708 7 8 46
619 709 9 11 81
1186 709 1 1 1
455 711 3 2 4
1205 710 3 2 5
1229 711 26 26 264
140 713 4 3 5
384 712 1 1 1
787 713 1 1 1
853 713 1 2 2
663 714 5 5 20
1149 714 4 2 6
1406 714 1 1 1
556 716 19 18 153
77 718 1 1 1
337 718 5 2 9
645 719 10 16 100
1348 718 2 1 2
232 721 14 10 85
264 720 1 1 1
365 720 3 2 3
398 720 19 14 112
804 720 1 1 1
101 723 16 13 126
806 723 439 262 29764
1014 723 9 10 70
1760 723 2 2 3
66 725 2 1 2
709 725 6 7 32
911 724 3 3 9
1161 725 2 2 4
1195 724 4 3 11
1664 725 1 1 1
1033 726 11 12 90
1104 727 8 5 31
1270 726 11 5 37
1290 726 2 3 3
319 728 4 2 6
426 729 1 1 1
871 728 2 1 2
1151 728 2 2 4
10 730 10 1 10
21 731 1 1 1
520 731 7 7 31
849 731 2 2 4
1667 730 2 2 3
492 732 1 1 1
772 732 5 6 21
822 733 2 1 2
954 732 4 5 20
1205 733 1 1 1
678 735 13 19 166
559 737 1 1 1
655 737 5 5 24
1256 736 4 9 21
1346 737 1 1 1
1363 736 2 1 2
37 738 1 1 1
86 738 1 1 1
1114 738 1 1 1
1116 739 1 1 1
1170 738 4 5 18
638 741 1 1 1
1189 740 3 2 5
1570 740 1 1 1
152 742 1 1 1
357 743 1 1 1
415 742 1 1 1
1152 742 7 8 37
1574 743 3 3 6
849 745 1 2 2
941 745 3 2 6
1695 745 2 4 6
1761 745 6 4 23
171 747 1 1 1
563 747 6 6 24
1245 747 3 4 10
283 748 8 7 44
318 749 7 5 29
732 748 4 4 12
1116 749 5 6 22
1531 749 8 10 29
359 750 3 1 3
648 751 9 9 69
1072 751 4 5 17
1183 751 10 12 47
1819 751 2 1 2
495 753 9 3 27
584 752 5 15 21
1220 753 3 1 3
1249 752 1 1 1
1304 753 1 1 1
377 754 3 1 3
1137 755 7 19 66
1173 754 1 1 1
1435 755 1 1 1
1661 755 14 9 96
291 757 8 4 24
504 757 2 1 2
668 756 1 1 1
957 756 8 8 34
1557 757 33 33 664
625 759 1 1 1
768 758 1 1 1
504 760 17 15 65
529 760 1 3 3
617 760 2 1 2
628 760 1 1 1
712 761 1 1 1
1282 760 8 7 50
1367 762 13 1 13
637 764 5 5 19
1158 764 9 23 130
1678 764 5 4 14
691 767 11 11 98
1078 766 12 10 91
1392 766 3 8 10
557 769 10 13 84
281 771 1 1 1
357 770 10 16 117
393 771 1 1 1
634 771 1 1 1
955 770 3 3 9
251 773 3 3 4
594 772 3 2 4
655 772 2 1 2
1274 773 4 2 7
1289 773 6 7 21
1326 772 4 3 6
1661 772 78 38 1593
438 774 1 1 1
969 775 2 2 2
1264 774 1 1 1
1396 775 4 2 5
1496 774 3 6 8
214 777 12 10 65
456 777 3 1 3
1057 777 9 11 68
1099 777 7 7 33
1176 776 4 7 23
1256 776 1 1 1
1368 777 2 2 2
401 781 2 1 2
1019 780 12 16 149
486 783 3 1 3
1272 782 2 1 2
82 784 18 14 142
805 785 3 3 8
267 786 12 9 68
332 786 16 11 71
1429 787 2 2 3
1452 787 1 1 1
1621 786 34 32 609
146 789 13 13 139
502 789 7 8 49
527 789 4 2 6
536 789 18 16 170
644 789 4 4 9
384 791 8 7 32
423 793 6 3 9
591 792 2 1 2
953 792 14 12 47
1153 792 4 3 9
1557 793 1 1 1
1586 792 1 1 1
1822 792 2 3 4
1118 795 3 3 7
1254 795 8 8 54
1295 795 2 1 2
1598 795 3 1 3
1792 794 1 1 1
450 797 7 7 39
1369 797 1 1 1
513 798 1 1 1
587 799 18 10 84
1460 798 2 1 2
1795 799 27 20 237
132 801 1 2 2
364 801 2 1 2
661 801 5 14 42
754 800 1 1 1
1284 801 2 2 3
1342 801 1 1 1
1675 800 1 1 1
669 802 41 32 295
1382 802 1 1 1
519 804 1 1 1
1373 804 9 13 37
1473 805 1 1 1
1508 805 3 3 8
1827 805 1 1 1
919 807 6 5 25
1242 807 4 2 7
1309 807 1 1 1
1359 807 1 1 1
174 809 2 3 4
995 808 10 10 72
1442 809 1 1 1
1825 808 2 1 2
431 810 3 3 6
617 811 4 10 12
1463 810 5 4 13
1478 810 1 1 1
1786 810 1 1 1
406 813 2 3 4
1234 812 2 2 4
425 814 1 2 2
667 815 1 1 1
1063 815 1 1 1
1133 814 2 2 3
1410 814 1 1 1
7 817 1 1 1
105 817 11 6 46
485 817 7 7 44
533 817 1 1 1
581 817 1 2 2
1476 817 2 2 3
1668 816 2 1 2
401 818 1 1 1
176 820 1 1 1
965 820 5 4 18
1119 820 19 28 275
1395 820 1 1 1
69 823 1 1 1
99 823 1 1 1
388 823 1 1 1
644 823 2 2 2
1387 823 3 2 4
1431 823 6 3 7
1505 822 1 1 1
1580 823 1 1 1
1728 822 1 1 1
517 824 1 1 1
1404 825 1 1 1
449 827 5 4 10
728 826 2 2 2
1076 827 10 11 84
1601 827 48 48 963
70 828 7 3 13
1482 828 23 17 189
1544 829 1 1 1
1791 828 1 1 1
531 830 4 2 5
1288 831 1 1 1
368 832 2 3 4
490 833 7 5 31
535 833 1 1 1
610 833 10 18 97
1446 833 3 2 4
1545 833 5 6 15
179 834 3 2 5
1098 834 2 2 3
1598 834 1 1 1
1612 835 1 1 1
408 837 1 1 1
656 836 2 2 3
1249 837 10 11 26
1467 837 3 2 3
284 839 8 5 33
469 839 19 18 143
1329 838 1 1 1
1403 838 1 1 1
234 840 5 3 8
500 841 1 1 1
638 841 5 5 22
763 840 1 1 1
1302 841 2 1 2
89 843 3 4 6
125 842 1 1 1
312 842 8 6 34
501 843 7 5 16
1279 843 1 1 1
1399 843 1 1 1
1576 842 3 2 3
210 845 12 10 80
458 845 4 2 4
985 844 21 23 296
1245 844 1 1 1
945 846 5 5 20
962 847 3 2 5
1282 847 1 1 1
85 849 1 1 1
341 848 1 1 1
1712 849 71 53 1801
306 851 3 2 4
423 850 9 6 31
625 850 5 5 20
1710 851 1 1 1
175 852 1 1 1
350 852 3 1 3
400 852 1 1 1
528 853 2 1 2
717 852 1 1 1
1053 852 1 1 1
1076 853 2 2 2
105 854 2 2 2
650 854 5 3 13
1675 854 1 1 1
1284 856 2 1 2
1347 856 2 2 3
1452 856 1 1 1
1818 857 1 1 1
99 859 1 1 1
467 858 1 1 1
1346 859 1 1 1
1430 858 8 13 50
1461 858 9 3 18
1821 858 19 25 405
838 860 3 3 8
1100 861 7 7 35
1402 860 1 1 1
1649 861 2 1 2
146 862 4 2 5
334 862 1 1 1
488 862 2 1 2
612 862 1 1 1
1233 863 1 1 1
1376 863 14 6 32
318 864 8 6 24
365 864 2 2 3
406 865 1 1 1
1055 864 7 5 23
1235 864 1 1 1
1510 865 23 23 298
376 866 2 1 2
686 867 5 2 9
732 866 4 3 8
1269 867 3 4 8
158 869 10 12 76
372 868 1 1 1
809 869 2 2 3
842 869 2 2 4
302 870 6 4 13
351 870 2 4 5
569 870 16 11 67
724 870 2 2 2
1267 871 1 1 1
1351 870 5 6 22
1477 871 2 2 3
1593 871 1 1 1
202 873 1 3 3
1089 873 5 5 25
1481 873 2 1 2
42 874 14 10 77
544 876 9 11 80
1223 877 13 9 58
1349 877 2 1 2
1455 876 1 1 1
819 879 1 2 2
1382 879 1 2 2
1420 879 1 1 1
327 880 1 1 1
380 881 3 2 4
832 881 1 1 1
1053 881 4 4 12
1484 881 1 1 1
1705 881 1 2 2
1785 881 1 1 1
306 883 2 2 3
1260 882 3 3 5
1489 882 1 1 1
250 884 2 3 5
505 884 3 3 7
760 885 4 4 16
1242 885 7 3 11
1413 884 1 1 1
1623 885 1 1 1
186 886 1 1 1
202 887 1 1 1
488 887 5 3 10
517 887 4 3 11
693 886 6 5 23
1332 886 1 1 1
1433 886 2 2 2
1551 887 3 2 5
1657 886 1 1 1
1714 887 3 3 9
1808 886 1 1 1
534 888 7 5 31
1046 889 5 4 16
1383 889 3 1 3
455 891 2 2 3
1386 891 1 1 1
1459 891 1 1 1
1585 890 1 1 1
1588 891 6 3 13
1598 890 1 1 1
1608 891 2 1 2
764 892 4 4 14
1360 892 6 20 48
1611 892 4 2 4
1680 893 22 16 245
1749 893 1 1 1
1330 895 2 1 2
1431 894 17 13 158
298 896 1 1 1
462 896 1 1 1
708 896 2 3 4
1309 897 3 4 7
1539 897 6 2 7
1619 896 8 6 31
398 898 1 1 1
817 898 2 2 2
1323 898 3 3 7
900 901 10 7 39
1400 900 1 1 1
292 903 4 2 4
606 903 1 1 1
1234 902 1 1 1
1387 902 10 2 11
1759 902 1 1 1
680 905 1 1 1
1282 905 2 1 2
1505 904 2 1 2
1583 905 1 1 1
1627 905 4 5 9
456 906 3 2 4
490 907 4 4 12
558 907 8 8 48
805 906 4 3 7
1236 906 33 39 666
1279 907 2 2 3
1585 907 1 1 1
539 909 6 11 24
586 908 8 11 50
697 908 5 5 23
1292 908 3 3 6
1473 909 2 1 2
1477 910 2 2 2
1666 910 3 3 7
1732 910 1 1 1
157 913 1 1 1
782 912 3 3 8
151 914 3 2 4
820 914 1 1 1
829 915 1 1 1
1194 914 1 1 1
1344 914 2 4 5
631 917 2 2 3
1648 917 2 1 2
1338 919 1 1 1
1561 919 3 2 4
1767 919 1 1 1
1306 921 1 1 1
1335 921 1 1 1
1401 921 4 2 6
1465 920 1 1 1
1586 921 19 20 247
1625 921 51 59 1218
1770 921 3 3 5
390 922 1 1 1
446 923 1 1 1
498 922 2 5 9
1365 922 1 1 1
1369 923 5 3 12
1502 922 3 3 7
443 924 2 2 3
510 925 16 15 47
964 924 12 14 119
425 926 5 6 20
538 927 16 17 111
867 927 1 1 1
1290 926 14 8 41
1450 927 6 3 14
1678 927 1 1 1
158 928 9 5 24
199 929 5 4 9
271 928 1 1 1
1187 928 7 10 45
1375 928 3 1 3
1395 928 19 12 37
1437 929 1 1 1
1836 929 4 4 10
368 930 1 1 1
649 930 1 1 1
747 930 3 5 13
874 931 2 2 2
1321 931 1 1 1
1352 930 1 1 1
1494 931 16 19 135
286 933 1 2 2
370 932 1 1 1
475 933 3 1 3
503 932 3 3 9
597 933 17 17 156
881 934 4 4 16
1225 935 2 2 3
229 936 3 1 3
642 936 2 1 2
1736 937 46 33 1001
677 938 3 3 6
807 938 3 3 6
839 938 1 1 1
949 938 1 2 2
1374 938 2 2 3
1430 939 7 13 28
1450 939 1 1 1
1732 938 1 1 1
478 941 1 1 1
494 940 2 1 2
558 940 9 12 61
782 943 5 2 5
1671 943 2 2 3
345 945 3 4 9
400 944 1 1 1
878 944 3 3 8
95 946 1 1 1
456 946 3 2 4
643 947 1 1 1
1529 947 15 13 144
1588 946 1 1 1
108 949 2 2 3
419 948 1 1 1
471 948 1 1 1
751 949 4 2 4
1418 949 1 1 1
547 951 1 2 2
953 950 5 4 13
1000 950 13 16 163
1553 951 5 1 5
102 953 2 1 2
259 953 3 4 10
415 952 1 1 1
673 953 4 2 7
967 953 1 3 3
1413 952 1 1 1
1707 952 2 2 3
131 955 10 6 35
203 955 10 6 38
225 954 20 6 30
290 955 3 3 7
306 954 2 1 2
611 955 1 1 1
1277 954 61 45 1357
1597 955 1 1 1
520 957 14 6 40
711 956 1 1 1
1233 956 2 2 3
1254 956 5 2 10
1352 956 1 2 2
1439 957 27 21 274
1820 957 1 1 1
886 959 3 5 13
1203 958 24 32 509
1398 959 4 3 6
1518 958 1 1 1
263 961 5 2 9
627 960 1 1 1
743 961 3 3 7
1186 960 6 5 16
1263 961 1 1 1
1420 960 10 13 29
1617 961 1 1 1
363 962 1 1 1
424 963 2 2 3
612 963 14 4 24
942 962 3 3 7
293 964 1 1 1
305 964 1 1 1
1230 965 3 3 9
1787 965 1 1 1
84 967 1 1 1
172 967 1 1 1
418 967 2 1 2
479 966 2 1 2
677 966 5 8 34
304 969 1 1 1
359 969 2 2 3
474 968 1 1 1
829 968 2 3 5
1266 968 1 1 1
1468 969 38 48 828
519 970 1 2 2
864 971 1 1 1
947 971 2 2 4
1046 970 1 2 2
1611 971 2 1 2
176 972 3 2 5
275 973 2 2 3
817 973 2 1 2
866 972 11 15 77
902 973 18 16 167
1371 972 1 1 1
930 975 1 1 1
1376 974 17 15 137
1566 975 1 1 1
211 977 2 2 3
257 976 1 1 1
286 976 1 1 1
666 978 6 16 54
1075 978 3 3 6
1361 979 1 1 1
1674 979 63 35 1145
532 981 21 43 255
975 981 1 1 1
1053 980 7 4 16
1584 980 2 2 3
197 983 3 2 4
201 982 1 1 1
274 982 1 1 1
1023 983 11 13 105
1516 982 1 1 1
1648 983 2 2 4
294 985 1 1 1
642 985 4 3 8
953 984 10 1 10
1169 985 1 1 1
1572 985 2 3 4
459 987 2 2 2
1143 987 2 1 2
299 989 1 1 1
441 989 1 1 1
470 989 6 5 12
605 989 2 3 3
747 989 2 3 4
1065 988 6 7 36
1104 988 20 29 274
706 991 1 2 2
1168 991 1 1 1
1746 991 1 1 1
302 992 5 3 11
322 992 4 3 9
557 993 7 7 38
836 992 1 1 1
1264 992 3 1 3
598 994 2 2 2
883 994 1 8 8
940 994 1 1 1
1015 995 3 4 8
325 997 8 13 40
391 997 2 2 2
738 997 4 4 13
1076 996 1 1 1
1431 997 1 1 1
694 999 4 2 8
827 998 4 7 18
939 999 1 2 2
1196 998 1 1 1
1198 999 1 1 1
1241 999 1 1 1
44 1000 1 1 1
147 1001 2 3 3
516 1000 4 13 19
903 1001 1 1 1
1141 1000 1 1 1
1182 1000 1 1 1
1270 1000 4 4 7
1337 1001 1 1 1
1517 1001 1 1 1
496 1002 2 2 3
597 1002 1 1 1
857 1002 2 4 5
1809 1003 3 2 4
115 1004 1 1 1
170 1004 8 6 13
593 1004 1 1 1
841 1004 1 1 1
637 1006 2 2 3
657 1007 18 21 219
1048 1007 1 1 1
1518 1007 2 1 2
1803 1006 5 4 12
77 1009 1 1 1
158 1008 1 1 1
161 1009 1 1 1
430 1009 1 1 1
954 1008 1 2 2
1392 1008 18 33 291
1541 1009 28 26 381
308 1011 1 1 1
338 1011 1 2 2
1080 1011 9 7 40
1140 1010 2 4 8
1168 1011 1 1 1
1219 1011 5 4 11
1578 1010 2 1 2
324 1013 1 1 1
684 1012 3 2 4
761 1013 1 1 1
1418 1012 6 7 9
1631 1013 3 1 3
514 1015 3 1 3
639 1014 5 14 46
1188 1015 13 5 28
1576 1014 2 3 4
1831 1015 1 1 1
1263 1017 1 1 1
1355 1017 1 1 1
1748 1016 44 38 1037
354 1018 1 1 1
364 1018 2 2 4
747 1019 3 3 4
1028 1019 6 6 17
1248 1019 13 5 30
1499 1019 2 1 2
440 1020 2 2 2
1056 1021 9 9 46
1123 1021 2 1 2
1176 1021 1 1 1
1613 1020 4 5 6
881 1022 1 1 1
883 1023 1 1 1
1427 1023 3 1 3
170 1024 1 1 1
402 1024 1 1 1
1107 1024 4 3 10
1329 1024 3 5 11
1378 1024 1 1 1
1435 1025 1 1 1
1728 1025 1 1 1
249 1027 1 1 1
478 1026 1 2 2
604 1026 2 2 4
1116 1027 1 1 1
1444 1026 1 1 1
1453 1026 12 12 91
644 1028 1 2 2
614 1031 4 4 10
790 1030 1 2 2
1092 1030 1 2 2
1264 1031 1 1 1
1730 1030 1 2 2
563 1032 2 3 3
1152 1032 1 2 2
298 1035 1 1 1
691 1035 2 3 5
965 1035 1 2 2
1182 1035 1 1 1
1212 1034 1 1 1
1301 1035 1 1 1
1511 1035 2 1 2
1605 1035 1 1 1
1667 1035 1 1 1
547 1037 1 1 1
578 1037 8 15 46
805 1037 4 3 11
956 1037 8 11 73
1128 1037 3 13 16
1223 1037 1 1 1
1343 1037 45 42 710
549 1038 7 8 49
1116 1038 1 2 2
1234 1038 1 1 1
1266 1038 1 3 3
1277 1038 1 1 1
1323 1038 1 1 1
1440 1039 1 2 2
1494 1038 12 6 44
1707 1039 2 1 2
245 1041 1 1 1
428 1040 1 1 1
393 1042 3 3 5
710 1042 2 2 3
804 1042 1 1 1
1164 1043 1 1 1
1442 1042 1 1 1
1444 1043 5 4 20
465 1045 1 1 1
792 1044 2 2 3
823 1044 1 1 1
860 1045 1 1 1
887 1044 1 1 1
1045 1044 7 9 47
1258 1044 2 7 9
122 1047 9 6 40
234 1047 1 1 1
607 1046 1 1 1
1424 1046 4 1 4
260 1048 1 1 1
748 1048 9 7 15
772 1048 8 4 17
940 1048 9 14 86
973 1049 1 1 1
1521 1049 1 1 1
1567 1049 1 1 1
625 1051 5 5 18
657 1051 2 2 3
989 1050 1 2 2
1332 1050 1 1 1
1538 1051 1 1 1
520 1053 19 20 104
911 1053 1 2 2
1103 1052 1 1 1
1255 1052 3 3 6
1470 1053 22 25 235
132 1055 2 2 3
1065 1055 2 3 4
1094 1054 1 1 1
1127 1055 1 1 1
1176 1055 1 1 1
1540 1055 2 1 2
1580 1055 1 1 1
638 1056 1 1 1
736 1056 12 7 56
768 1057 4 4 12
809 1057 1 1 1
1017 1057 4 5 15
1083 1057 1 1 1
1155 1057 4 5 16
1513 1056 1 2 2
1712 1057 14 6 45
593 1059 10 5 23
857 1059 2 3 6
1554 1059 86 61 1916
1834 1058 1 1 1
104 1060 1 1 1
107 1061 2 2 4
318 1061 1 1 1
363 1060 1 1 1
482 1060 3 3 6
564 1061 14 20 101
1665 1060 1 1 1
1815 1060 1 1 1
142 1063 3 3 3
264 1062 2 1 2
694 1062 2 1 2
887 1062 2 3 5
1530 1062 1 1 1
1694 1063 2 1 2
1332 1064 1 1 1
1696 1065 6 5 15
131 1066 2 2 3
1268 1066 2 1 2
848 1069 1 1 1
968 1068 3 2 4
1323 1069 2 10 12
1421 1069 2 2 4
1525 1068 4 2 6
511 1071 9 18 123
295 1073 4 5 9
777 1073 5 10 29
1180 1072 1 1 1
0 1075 3 3 8
433 1074 5 3 10
1099 1075 1 1 1
1120 1074 5 6 19
1451 1074 18 18 237
1497 1074 15 7 25
1721 1074 3 2 5
37 1076 2 1 2
818 1076 1 1 1
918 1077 11 18 117
731 1078 1 2 2
995 1078 1 1 1
1028 1079 1 2 2
1074 1079 4 4 14
1172 1079 1 1 1
1715 1078 6 4 18
1325 1080 1 1 1
239 1082 1 1 1
552 1083 1 1 1
615 1083 1 1 1
1408 1083 2 1 2
1641 1083 6 8 17
1822 1083 1 1 1
147 1084 6 4 16
583 1085 3 2 5
625 1085 5 21 62
1092 1085 1 1 1
1689 1085 1 2 2
193 1087 1 1 1
652 1087 5 9 34
1475 1087 11 17 112
14 1088 2 1 2
879 1088 3 4 8
995 1089 1 1 1
1248 1088 1 2 2
1315 1088 1 1 1
277 1091 2 3 3
942 1090 5 5 15
996 1091 2 2 3
1095 1090 1 1 1
1122 1091 1 1 1
1173 1091 2 2 4
1400 1091 11 18 111
1434 1090 1 2 2
1709 1091 1 1 1
600 1092 1 1 1
797 1093 1 1 1
1016 1092 1 1 1
1193 1092 1 2 2
1436 1092 1 1 1
1556 1092 1 2 2
22 1094 3 3 8
563 1094 1 1 1
641 1095 1 1 1
1123 1094 4 6 20
1317 1094 1 1 1
169 1097 4 5 9
1164 1097 3 2 6
1506 1096 4 2 5
143 1099 1 1 1
511 1098 11 9 76
718 1099 7 9 16
1086 1099 1 1 1
1101 1099 1 1 1
401 1100 1 1 1
575 1100 2 1 2
1336 1101 1 1 1
751 1103 1 1 1
890 1103 1 3 3
1566 1103 2 2 3
1732 1103 4 4 10
220 1105 1 1 1
328 1104 2 2 2
364 1104 2 2 3
1081 1107 1 1 1
1341 1106 11 8 60
590 1109 4 5 13
704 1109 3 5 9
855 1109 3 10 18
1308 1108 1 1 1
524 1110 1 1 1
1085 1110 3 7 21
1099 1110 1 1 1
1529 1110 10 6 37
575 1112 1 2 2
796 1113 1 2 2
369 1114 7 4 14
495 1115 4 4 14
530 1115 6 5 28
540 1115 15 7 36
564 1114 6 2 7
1408 1114 1 1 1
1571 1115 1 2 2
1694 1114 1 1 1
622 1117 1 1 1
771 1117 5 3 6
784 1117 4 7 19
989 1116 6 10 24
1352 1117 1 1 1
111 1119 5 2 7
916 1119 8 12 69
964 1118 6 7 32
1095 1118 3 2 4
1196 1118 2 1 2
1651 1118 1 1 1
261 1121 5 3 9
486 1120 4 1 4
687 1121 1 1 1
720 1121 1 1 1
821 1121 1 1 1
870 1121 1 1 1
1179 1120 1 1 1
1232 1120 1 1 1
1455 1120 1 1 1
1638 1120 3 4 7
172 1123 1 1 1
362 1122 1 1 1
483 1122 2 2 3
589 1123 1 2 2
1538 1123 24 25 414
1662 1122 4 3 8
90 1125 1 1 1
711 1125 1 1 1
739 1124 4 2 5
1256 1124 1 1 1
1427 1125 1 1 1
171 1127 1 1 1
363 1126 1 1 1
514 1126 5 2 8
1134 1127 3 4 7
1400 1127 4 9 14
609 1128 4 13 27
932 1128 1 1 1
1229 1128 1 1 1
1712 1129 11 15 61
276 1131 1 1 1
1106 1131 2 1 2
249 1132 2 2 3
317 1133 1 1 1
319 1132 2 1 2
530 1132 3 2 5
737 1133 1 1 1
1367 1132 19 9 46
1628 1133 9 4 22
139 1134 2 1 2
143 1135 7 3 9
168 1135 1 1 1
316 1135 1 1 1
669 1134 1 1 1
863 1134 5 5 18
1100 1134 1 2 2
1568 1135 48 28 621
1604 1136 5 4 17
441 1139 1 1 1
596 1139 1 1 1
628 1139 3 4 10
720 1138 1 1 1
984 1139 6 9 43
1255 1139 1 1 1
336 1141 2 1 2
509 1140 12 11 38
1440 1141 1 1 1
405 1142 1 1 1
444 1142 7 7 38
801 1142 1 1 1
1143 1143 1 1 1
1229 1142 2 1 2
534 1144 2 1 2
638 1145 5 6 23
697 1145 6 8 32
790 1147 2 3 3
1002 1147 1 2 2
1232 1147 1 1 1
1494 1149 3 3 6
893 1150 7 12 44
1093 1150 3 5 10
187 1152 1 1 1
487 1152 3 4 8
1126 1152 1 1 1
1328 1153 18 11 94
1446 1153 1 1 1
1507 1154 2 2 3
1819 1154 5 3 8
580 1156 1 1 1
794 1157 1 1 1
944 1156 1 2 2
92 1159 5 4 11
651 1159 2 3 4
1415 1159 11 17 81
499 1160 3 2 6
586 1160 3 4 11
1263 1161 2 1 2
1713 1160 8 18 48
799 1163 1 1 1
1129 1163 1 1 1
1395 1162 8 5 33
158 1165 1 1 1
1272 1165 1 1 1
1360 1164 1 2 2
184 1167 3 3 8
488 1166 8 11 34
1186 1167 1 1 1
1778 1166 24 18 283
431 1168 1 1 1
562 1168 2 2 2
712 1168 2 1 2
1102 1169 1 1 1
1347 1170 1 1 1
1752 1170 1 1 1
168 1172 1 1 1
170 1173 2 2 3
1015 1173 1 2 2
253 1175 6 4 20
1532 1174 2 1 2
1340 1176 1 1 1
1736 1176 16 7 49
874 1179 6 9 40
1064 1179 7 1 7
1313 1179 2 1 2
1455 1179 1 1 1
222 1180 1 2 2
807 1181 4 3 8
1522 1181 1 1 1
429 1183 2 2 4
1033 1183 1 1 1
1379 1182 6 6 20
1072 1185 2 2 4
1202 1184 2 3 4
402 1186 2 2 3
562 1186 6 7 25
663 1187 13 26 123
941 1187 1 1 1
1262 1186 6 9 21
1699 1187 3 4 7
942 1189 5 5 19
1417 1188 10 13 79
1632 1189 19 20 126
1739 1189 4 6 16
1359 1190 1 1 1
1526 1190 64 32 715
438 1193 4 4 9
1087 1193 1 1 1
1467 1192 2 2 2
1652 1192 1 1 1
1763 1192 25 23 268
250 1195 3 3 5
694 1195 1 1 1
869 1194 1 1 1
1363 1194 7 5 28
1470 1195 1 1 1
449 1197 1 1 1
603 1197 2 2 3
1352 1196 1 4 4
185 1198 2 1 2
214 1199 3 2 6
413 1199 5 4 18
487 1199 2 1 2
1382 1198 11 10 66
1684 1198 1 1 1
90 1200 2 2 3
576 1200 1 1 1
350 1205 1 1 1
1227 1205 1 1 1
423 1207 1 1 1
588 1207 1 1 1
687 1207 1 2 2
1228 1207 1 2 2
404 1209 6 5 17
570 1208 1 1 1
1316 1211 3 5 15
1361 1211 2 2 4
1410 1211 1 1 1
1622 1210 1 1 1
802 1213 1 1 1
818 1213 2 2 2
564 1217 1 1 1
1322 1217 5 4 17
1371 1216 23 12 168
1760 1216 1 1 1
1241 1220 9 8 60
1492 1220 4 2 6
106 1223 4 5 14
1347 1223 5 5 15
198 1225 1 3 3
412 1224 1 4 4
581 1225 1 3 3
642 1224 1 4 4
868 1224 1 4 4
1686 1224 2 4 8
1767 1225 4 3 10
765 1226 3 2 4
949 1226 1 2 2
1411 1227 1 1 1
1427 1226 1 2 2
1708 1226 1 2 2
