0 0 1840 1228 2228954
898 0 6 2 8
922 0 1 2 2
1006 0 1 2 2
1181 0 2 1 2
924 6 7 18 80
1158 8 4 9 21
1188 8 26 35 412
1038 11 2 5 9
897 19 1 1 1
1176 19 1 1 1
906 21 10 15 74
1129 22 8 9 46
1248 23 6 6 27
990 24 3 2 4
849 26 8 16 101
1083 27 2 1 2
874 29 1 1 1
1219 29 1 1 1
1070 30 3 5 9
720 33 6 11 46
1153 32 10 32 216
952 37 1 1 1
965 36 1 1 1
810 38 2 1 2
992 39 1 1 1
1046 39 2 1 2
913 40 2 1 2
989 41 3 1 3
943 43 1 1 1
1017 43 3 5 7
1045 45 1 1 1
833 47 8 19 109
910 46 1 2 2
1225 46 4 6 11
1298 48 6 6 21
864 53 4 6 10
1070 52 2 1 2
1115 52 1 1 1
1052 54 2 1 2
1098 55 10 10 18
769 58 1 1 1
800 60 3 11 23
1032 62 2 1 2
860 64 1 1 1
940 64 3 7 15
1080 64 1 1 1
962 66 2 1 2
1001 67 1 1 1
1068 71 1 1 1
826 73 10 7 24
944 72 1 1 1
1084 72 1 1 1
1095 73 1 1 1
949 75 12 20 69
527 77 5 8 32
1098 76 1 1 1
1129 77 2 3 5
1051 78 2 1 2
1200 82 3 6 14
977 85 1 1 1
930 87 1 1 1
1349 87 1 1 1
1148 88 3 4 12
944 90 1 1 1
1028 90 1 1 1
871 92 4 6 20
756 94 1 1 1
758 95 5 4 13
935 94 6 24 118
1151 94 8 11 74
872 97 19 32 346
914 97 1 1 1
964 96 8 9 50
1003 96 1 1 1
735 98 3 8 11
774 100 10 11 60
614 104 1 1 1
1230 107 1 1 1
1277 112 3 3 5
262 114 9 7 31
670 114 6 11 48
842 115 1 1 1
958 114 2 2 2
856 119 2 6 11
492 120 5 6 23
826 120 8 13 57
691 129 6 11 55
990 131 1 1 1
1177 132 3 4 7
873 137 11 12 71
806 145 5 4 8
829 144 1 1 1
548 149 6 8 35
822 155 12 27 137
972 158 5 8 35
1131 161 7 7 36
1203 171 7 8 46
796 177 3 3 5
1170 177 7 9 56
889 188 2 1 2
893 190 1 1 1
692 194 12 28 187
898 194 1 1 1
1604 202 2 1 2
851 209 5 8 31
1003 209 2 2 3
868 215 2 1 2
604 217 4 4 10
1027 218 2 3 6
1189 219 10 14 92
1161 225 6 7 31
1055 226 1 1 1
818 228 5 12 43
1066 228 2 1 2
1254 231 5 4 14
866 233 4 5 16
1049 241 2 2 4
1080 240 1 1 1
714 247 4 5 15
700 249 3 1 3
726 249 5 9 25
1051 248 2 4 6
540 250 1 1 1
1044 254 1 1 1
604 262 1 2 2
1141 263 6 7 30
1013 264 8 9 21
251 266 6 5 26
575 266 1 1 1
577 267 12 44 302
723 271 1 2 2
1106 274 1 1 1
1005 277 1 1 1
1033 276 1 1 1
648 278 4 3 10
1017 278 2 2 3
1118 289 2 2 3
963 295 2 3 4
1233 295 2 2 3
898 297 1 1 1
1059 296 6 10 50
667 298 1 1 1
850 298 1 1 1
389 302 4 2 6
1020 303 1 1 1
648 304 10 14 87
832 304 1 1 1
1211 304 7 12 63
1261 304 6 6 25
1687 305 2 1 2
1097 315 10 9 30
1142 314 9 19 102
615 317 14 10 95
851 317 1 1 1
1183 319 2 4 7
1044 327 1 1 1
351 335 3 2 4
677 336 4 8 15
955 337 5 10 38
842 340 3 4 11
1031 347 1 1 1
977 352 2 1 2
1049 355 1 5 5
1093 354 1 2 2
1177 354 3 4 9
799 360 1 1 1
895 360 1 1 1
1098 361 1 2 2
459 364 7 6 28
723 364 1 1 1
721 367 1 1 1
881 366 1 1 1
300 371 1 2 2
970 372 4 3 8
1159 378 2 1 2
886 383 4 4 14
1193 384 5 6 25
1040 388 1 2 2
1113 389 7 11 47
704 397 1 1 1
970 397 1 1 1
681 400 3 4 11
548 403 3 2 4
769 403 2 1 2
1065 402 6 8 28
1650 402 1 1 1
463 405 4 4 10
674 405 3 4 12
897 416 1 1 1
1238 419 1 1 1
1065 421 1 1 1
878 425 2 2 3
903 428 1 1 1
904 431 1 1 1
1177 430 8 6 35
498 433 1 3 3
823 432 6 14 56
846 432 1 1 1
458 439 4 2 7
714 438 3 2 3
646 440 1 2 2
807 445 1 1 1
511 453 1 3 3
1232 456 4 5 9
618 458 5 15 52
844 459 1 1 1
880 465 2 4 8
762 467 2 1 2
828 467 3 2 4
365 470 1 1 1
1138 472 1 3 3
742 476 4 8 20
892 476 2 1 2
939 477 1 1 1
392 479 1 1 1
815 478 1 3 3
807 481 2 1 2
681 482 1 1 1
381 484 1 1 1
826 485 3 8 20
1080 489 5 7 30
912 490 1 2 2
1124 491 8 16 58
1534 491 1 1 1
1087 496 4 20 33
1192 497 1 1 1
994 499 4 7 21
1053 501 3 2 3
767 503 1 1 1
847 503 3 9 21
1230 503 6 8 35
1202 504 4 4 14
297 507 1 1 1
683 507 2 2 2
944 506 4 2 6
527 508 4 5 16
914 513 3 2 5
1050 514 1 1 1
1054 515 1 1 1
1042 522 1 1 1
1082 522 6 6 31
622 526 2 2 3
906 527 2 1 2
1043 528 1 1 1
1049 530 5 7 25
690 533 2 1 2
744 535 2 2 3
1147 535 1 1 1
901 539 2 3 6
994 547 4 8 19
1208 547 1 1 1
954 549 3 3 3
529 551 2 1 2
889 553 3 2 5
1025 555 19 15 217
316 557 1 1 1
600 556 1 1 1
629 556 2 1 2
845 558 2 2 3
881 561 1 1 1
867 565 3 2 5
904 568 1 2 2
848 571 1 1 1
491 573 1 1 1
1121 574 3 4 9
574 576 4 3 10
1094 580 5 5 13
463 583 1 1 1
903 583 2 2 3
1013 587 1 1 1
796 593 6 2 9
1147 603 1 1 1
853 604 4 13 37
1215 609 5 7 29
617 610 1 1 1
896 610 1 1 1
1006 610 3 5 9
504 612 1 1 1
888 613 2 1 2
1028 613 1 1 1
1156 612 1 1 1
1110 618 2 2 3
803 620 1 1 1
873 623 1 1 1
798 625 4 3 9
352 627 2 1 2
854 626 4 5 15
415 628 2 1 2
1061 628 3 3 7
759 633 400 287 24010
877 635 2 2 2
866 638 11 18 77
887 638 4 3 8
846 641 4 6 17
916 641 1 1 1
805 643 7 1 7
862 643 2 1 2
962 645 1 1 1
600 646 1 1 1
1515 655 1 1 1
927 656 2 3 4
1245 656 4 3 8
837 658 28 35 135
684 662 1 1 1
1225 663 1 1 1
1062 669 5 29 82
1197 669 1 1 1
624 670 6 3 11
1220 674 2 4 8
223 679 1 1 1
946 681 1 2 2
1184 680 1 1 1
377 687 4 4 12
448 691 2 1 2
1014 696 1 1 1
767 701 1 1 1
672 705 3 3 5
354 706 1 1 1
721 706 3 2 5
1337 707 1 1 1
859 708 1 2 2
769 711 1 2 2
1493 711 1 1 1
1495 710 1 1 1
868 712 1 2 2
1275 713 3 2 5
699 719 2 1 2
747 719 1 1 1
791 721 2 4 5
123 724 2 3 4
542 729 1 1 1
621 729 3 2 3
679 728 1 1 1
391 730 3 2 4
810 731 1 1 1
842 730 3 3 5
840 733 1 1 1
866 736 1 1 1
875 736 4 4 8
979 736 5 8 29
838 738 1 1 1
1001 739 1 1 1
1126 739 14 8 84
1141 747 4 3 10
1018 749 3 4 9
582 752 4 2 6
870 759 1 1 1
712 763 1 1 1
889 765 1 3 3
583 766 4 3 4
877 771 3 5 12
973 777 1 1 1
868 783 1 1 1
1021 782 1 1 1
82 784 1 1 1
484 784 3 3 7
876 786 1 1 1
669 788 3 4 8
972 790 1 1 1
948 794 1 1 1
557 797 2 2 3
672 797 1 1 1
983 796 1 1 1
717 800 1 1 1
735 807 2 1 2
1139 807 2 3 5
601 821 1 2 2
425 822 4 4 12
420 829 1 1 1
422 828 1 1 1
1114 831 1 1 1
1666 831 1 1 1
1109 835 3 4 9
1166 836 1 1 1
807 844 1 1 1
428 847 1 1 1
473 846 3 2 6
1197 847 4 3 8
1756 861 1 1 1
890 865 1 1 1
1138 866 1 1 1
144 870 1 1 1
888 872 1 1 1
709 885 1 3 3
379 886 8 10 51
488 888 1 1 1
68 890 1 1 1
686 898 1 1 1
826 901 1 2 2
871 905 2 1 2
1163 905 1 1 1
612 938 1 1 1
685 940 4 6 20
1460 943 3 2 4
1075 951 2 7 8
1537 951 1 2 2
607 954 1 2 2
694 954 1 1 1
914 961 2 2 3
407 964 1 1 1
409 966 1 1 1
708 967 4 21 41
1147 975 5 4 13
884 976 3 4 7
491 992 1 1 1
821 1001 1 2 2
405 1003 1 1 1
878 1006 1 2 2
600 1023 2 1 2
694 1023 1 1 1
607 1025 1 1 1
687 1035 1 1 1
1761 1036 1 1 1
381 1042 1 2 2
443 1052 1 1 1
538 1053 1 4 4
870 1057 2 3 4
782 1059 1 1 1
891 1062 1 3 3
681 1064 1 1 1
1820 1066 1 1 1
436 1068 3 3 6
717 1068 1 1 1
395 1073 1 1 1
455 1073 1 1 1
747 1075 3 7 16
548 1079 1 1 1
417 1081 1 1 1
1181 1082 1 1 1
751 1089 1 1 1
609 1092 1 1 1
421 1101 1 1 1
820 1101 1 1 1
1072 1100 1 1 1
1244 1105 2 1 2
1087 1107 1 3 3
134 1110 1 1 1
1264 1110 1 1 1
911 1113 1 1 1
483 1115 2 2 3
927 1115 1 1 1
550 1116 2 1 2
346 1121 1 1 1
1013 1125 1 1 1
844 1127 1 1 1
869 1129 1 1 1
863 1131 1 1 1
1111 1133 1 1 1
960 1139 1 1 1
266 1142 1 1 1
794 1144 1 1 1
1063 1144 6 3 13
977 1146 1 1 1
774 1148 2 2 2
1060 1148 2 2 3
998 1154 1 1 1
1029 1154 1 2 2
516 1158 2 2 4
713 1159 1 1 1
715 1158 1 1 1
1059 1161 2 4 7
872 1170 1 1 1
186 1172 2 1 2
816 1173 1 1 1
1016 1173 1 1 1
937 1181 3 1 3
311 1183 1 1 1
1133 1182 1 1 1
1122 1185 1 1 1
1158 1190 1 1 1
480 1192 1 1 1
825 1192 1 1 1
897 1195 1 1 1
979 1194 1 1 1
843 1197 1 2 2
995 1197 1 1 1
826 1202 1 1 1
785 1208 3 2 3
849 1209 1 1 1
1048 1214 1 1 1
1349 1218 1 2 2
741 1220 4 3 7
753 1224 4 4 7
1800 1224 1 4 4
