0 0 1840 1228 2095570
87 0 17 15 232
173 0 7 10 25
377 0 11 15 130
421 0 13 9 93
635 0 58 69 2635
745 0 15 51 488
923 0 15 34 419
907 0 196 212 8830
1042 0 7 19 66
1056 0 14 12 95
1118 0 14 24 133
1334 0 2 1 2
1362 0 19 27 341
1389 0 41 58 1459
1480 0 40 93 1986
1588 0 17 4 54
1620 0 90 76 2320
833 7 67 69 1770
820 17 4 12 31
1612 18 23 30 487
27 21 21 23 354
225 22 22 21 355
358 22 10 16 131
712 25 1 1 1
399 29 22 1 22
693 29 7 11 66
1555 29 50 97 2074
428 30 11 1 11
454 30 34 2 68
170 34 11 13 110
380 35 11 15 124
203 36 9 10 58
1111 40 26 37 328
1158 40 4 6 22
1246 41 14 20 210
115 42 15 18 199
446 44 9 17 80
1434 45 26 45 826
274 48 13 23 242
696 51 21 20 287
1319 56 20 36 469
843 58 5 5 12
195 65 19 31 382
784 67 46 53 1086
975 69 6 8 37
838 70 6 9 40
920 72 17 39 467
295 74 8 12 80
1357 75 83 170 4330
375 77 10 14 118
648 78 8 18 126
532 80 13 13 122
584 82 12 21 203
1129 83 5 9 36
1651 87 14 24 146
57 89 16 21 263
320 88 10 15 118
1251 91 17 17 219
266 94 13 15 146
21 96 20 21 325
390 96 12 18 164
1149 96 26 30 332
669 103 8 12 79
1072 102 6 8 33
1093 105 6 13 64
947 107 16 22 89
107 110 13 13 128
643 111 18 22 297
575 117 7 10 61
730 117 8 17 116
802 120 5 8 38
501 124 7 10 63
1632 124 47 64 1772
423 128 85 41 820
932 130 5 6 26
805 133 27 40 337
1091 132 4 7 23
675 134 6 6 30
596 137 7 8 48
26 139 48 37 1049
357 138 25 36 449
396 141 9 12 78
943 143 5 8 32
620 144 32 45 667
763 145 20 23 294
1296 144 17 18 219
1544 145 29 54 802
701 146 6 9 42
869 147 4 7 26
1173 149 16 28 345
949 151 2 3 4
972 155 3 5 13
1084 159 12 11 79
596 160 8 15 105
669 162 20 20 259
838 167 17 44 441
797 169 4 5 15
114 173 23 15 242
218 175 9 10 60
64 177 22 19 261
1189 179 15 27 320
1500 178 23 37 620
1089 181 11 19 83
409 183 7 8 40
645 183 34 35 634
1080 183 4 7 28
316 186 9 10 66
441 187 10 17 136
1458 186 26 37 602
787 188 5 10 42
840 191 70 73 2086
1348 193 31 57 1103
802 194 18 26 291
263 198 9 19 147
947 204 94 46 1434
352 209 19 18 200
1091 209 6 9 41
191 210 41 31 474
58 213 16 14 146
102 213 16 30 342
617 213 25 22 353
1060 212 4 5 20
302 215 11 18 164
1152 214 14 25 269
766 217 11 24 185
47 222 1 1 1
1201 223 14 24 268
1632 227 1 1 1
267 231 24 18 287
1663 230 1 1 1
530 233 40 23 502
403 235 10 12 102
674 235 6 9 46
1072 237 3 4 12
1522 236 57 40 1251
1627 237 1 1 1
54 239 1 1 1
759 240 33 20 296
1051 242 4 6 16
1077 243 4 5 18
83 245 10 8 51
801 245 5 8 36
313 246 5 3 11
1026 250 1 1 1
301 255 9 10 70
711 254 12 21 213
376 257 8 7 39
796 256 5 11 49
155 259 15 19 223
920 259 17 29 221
1639 260 33 51 1302
991 262 8 14 48
864 268 24 39 589
1016 268 5 8 32
771 270 5 10 40
907 270 4 5 14
1451 270 1 1 1
665 272 12 23 231
56 275 18 20 195
894 274 4 5 19
1040 277 7 13 63
1261 276 26 41 841
998 278 3 5 11
577 280 7 6 30
957 280 4 8 23
329 283 11 17 146
1578 282 16 4 42
372 284 7 8 43
831 285 3 2 4
985 285 4 5 19
1435 284 23 23 389
231 287 1 1 1
1015 287 15 8 46
1066 287 16 12 98
154 289 8 6 30
233 288 1 1 1
788 289 5 9 37
566 295 12 18 166
1099 294 5 9 35
823 296 3 3 7
1039 299 8 11 73
1482 298 31 39 695
653 300 1 1 1
933 300 16 25 218
362 304 10 14 112
972 304 2 3 6
1077 304 6 21 60
1324 304 14 25 261
998 309 29 34 492
311 310 15 30 272
978 310 4 4 14
272 312 9 10 65
382 313 8 11 64
399 312 10 14 102
821 312 5 8 36
579 315 27 35 423
1234 316 21 37 557
958 319 16 28 357
796 321 16 7 71
898 320 3 3 7
51 322 15 13 142
852 322 13 13 94
293 325 11 21 192
130 326 39 32 481
1043 329 8 12 74
1084 329 5 10 33
216 334 21 28 265
615 334 6 8 40
274 337 9 8 42
835 336 4 7 26
1580 336 8 6 27
659 339 6 10 56
537 341 10 17 143
884 340 11 9 54
935 342 5 9 32
1490 343 68 71 1902
680 344 11 19 169
702 346 66 31 552
983 347 3 5 13
631 350 6 12 59
646 356 27 24 205
909 356 3 3 5
758 359 30 28 227
842 359 4 3 9
1346 358 4 2 6
334 362 6 5 23
1056 362 2 2 3
1125 367 1 1 1
255 368 12 14 117
918 369 3 3 8
1024 369 1 2 2
1041 370 9 7 33
1078 373 3 7 18
1309 373 4 3 11
59 375 14 12 126
798 374 1 1 1
831 375 1 1 1
1008 374 4 7 23
550 379 11 11 94
795 379 21 24 116
1379 378 22 35 538
610 381 3 3 7
990 381 4 6 13
1300 385 33 80 1573
77 387 12 9 58
334 386 24 20 218
826 386 1 1 1
910 387 4 4 13
1050 387 2 2 4
388 389 7 10 64
846 388 2 1 2
652 391 1 2 2
251 393 12 15 160
522 392 7 8 45
630 392 5 9 38
942 393 21 25 316
1052 392 5 28 71
569 394 38 23 469
998 396 15 16 95
1074 397 5 8 28
1149 396 3 2 5
294 401 7 7 42
741 400 8 12 80
859 400 2 2 3
1763 400 1 1 1
1209 402 12 22 231
229 404 9 13 96
657 405 3 4 10
837 404 1 1 1
181 408 1 2 2
620 409 1 2 2
646 409 5 8 40
782 409 26 43 238
58 413 15 17 204
304 413 8 12 83
424 412 14 28 261
530 412 23 21 192
860 412 1 1 1
742 415 31 29 505
782 415 1 1 1
843 415 2 1 2
871 415 2 2 2
1018 416 3 3 6
189 419 9 8 54
807 419 1 1 1
855 418 2 2 2
884 419 3 3 6
1073 418 13 21 222
816 421 19 16 95
1030 420 3 8 21
866 422 1 1 1
1043 422 3 4 11
553 424 56 48 1199
638 424 24 14 201
845 427 1 1 1
1120 426 13 23 238
1406 427 4 3 8
1493 426 20 27 391
303 428 70 40 812
844 429 1 1 1
860 428 3 2 4
974 428 7 10 38
129 431 11 16 132
961 430 4 6 18
74 435 1 1 1
912 435 4 4 15
258 437 11 13 104
825 437 2 3 6
836 437 1 1 1
1046 436 3 5 13
623 438 11 18 173
810 438 5 16 50
865 438 1 1 1
572 440 4 2 8
846 441 1 2 2
921 440 3 6 16
823 446 1 1 1
840 446 1 1 1
895 448 15 32 314
1035 449 2 4 8
206 452 5 4 18
1378 452 1 1 1
1392 452 36 43 1110
650 454 6 11 55
1065 455 3 3 8
1607 454 30 23 333
211 457 1 1 1
788 457 10 1 10
805 457 26 20 157
1372 457 1 2 2
818 458 1 1 1
925 458 7 10 47
855 461 1 2 2
123 463 1 1 1
364 465 4 3 10
697 465 5 10 39
1238 464 35 66 921
1010 467 5 7 14
105 469 1 1 1
409 468 8 8 40
1042 469 2 3 4
609 470 3 3 8
437 472 2 1 2
728 473 3 6 16
959 473 11 11 91
492 474 12 6 33
1318 475 16 26 324
978 476 36 40 639
1042 479 12 7 34
1068 479 3 2 4
1091 479 3 6 16
1288 478 12 17 139
511 481 9 13 96
106 482 8 9 61
790 482 9 8 44
410 485 7 7 38
813 485 3 6 17
144 487 2 1 2
148 488 1 1 1
141 491 19 24 207
803 491 5 19 42
883 493 16 32 370
945 492 1 1 1
338 494 8 11 72
778 495 3 4 11
734 496 3 4 12
940 496 3 3 9
550 499 8 13 91
1069 498 3 4 9
1011 501 14 18 112
296 505 7 4 24
376 504 7 9 49
1331 504 31 50 1060
1578 504 20 28 404
959 506 15 8 100
285 509 8 5 31
425 509 7 8 44
764 508 4 6 17
1056 509 3 4 9
696 510 11 23 166
932 511 2 1 2
937 515 2 5 8
959 515 32 50 436
328 517 13 17 69
1466 516 28 43 623
644 520 31 29 635
992 522 2 2 4
430 524 9 13 98
277 526 5 5 16
232 531 5 4 16
267 531 8 10 60
313 531 5 4 15
798 530 3 6 18
337 535 14 49 365
1031 535 2 1 2
1085 535 13 22 208
583 537 1 1 1
615 536 1 1 1
297 541 1 1 1
1284 540 5 4 15
1036 543 2 3 6
556 545 14 12 83
1298 545 18 18 135
757 546 12 17 100
795 547 14 61 407
1006 547 2 3 4
89 549 3 2 3
685 548 2 2 3
714 549 1 2 2
921 549 2 2 4
1048 549 3 3 7
626 550 1 1 1
928 550 13 24 252
1018 550 1 1 1
312 552 1 1 1
131 555 56 38 618
169 554 6 4 9
1040 554 2 2 4
502 559 8 9 63
780 559 5 13 49
872 558 27 65 608
976 560 5 3 12
590 562 13 17 174
843 562 26 21 218
251 564 28 28 303
357 564 5 4 19
734 564 7 9 48
829 565 2 2 3
981 565 1 1 1
216 566 2 5 7
827 568 1 1 1
1015 570 3 17 38
225 572 9 7 34
984 575 2 1 2
1452 575 33 33 574
759 576 19 32 104
1410 577 21 25 389
817 578 1 1 1
911 578 2 2 4
622 580 4 5 17
908 580 2 2 3
210 582 1 1 1
317 582 6 6 24
712 584 9 13 90
743 584 11 19 99
812 584 3 3 6
987 584 1 1 1
1046 584 4 9 26
402 587 5 12 32
857 586 1 1 1
950 587 6 8 45
1288 587 29 41 512
97 588 8 7 29
155 589 3 1 3
815 589 26 21 317
975 589 11 9 52
548 591 19 25 223
1326 590 32 31 602
377 592 5 2 9
628 595 8 12 78
962 595 3 3 8
305 597 4 3 10
926 597 4 7 20
13 599 1 1 1
1166 599 33 61 1042
146 601 5 5 18
315 601 11 15 118
1533 601 1 1 1
1043 602 2 2 4
1485 602 18 22 290
470 605 1 1 1
1048 605 3 6 17
1122 604 11 11 94
53 611 11 10 75
567 610 21 20 162
599 610 26 15 307
642 611 4 2 5
678 610 22 31 299
946 610 2 3 5
1424 610 1 2 2
1792 610 1 1 1
789 612 2 1 2
857 613 4 6 17
963 613 2 4 8
991 613 2 2 4
348 615 6 6 21
484 615 9 14 111
1031 615 16 9 54
1094 614 1 1 1
377 617 7 8 39
1416 616 1 1 1
795 619 21 32 310
1449 618 1 1 1
1078 620 11 18 148
755 624 3 6 15
1507 625 18 26 309
1356 628 36 67 969
564 630 16 28 274
768 631 3 2 4
1590 631 1 1 1
650 633 2 2 3
663 635 4 6 19
393 636 5 5 12
469 638 1 1 1
625 638 11 15 138
740 639 2 2 4
885 638 1 2 2
295 641 7 9 45
969 640 5 7 32
1295 640 2 1 2
685 643 7 13 84
881 642 19 26 254
952 642 8 10 41
532 645 3 2 3
877 645 3 5 14
1028 644 13 5 20
1063 644 10 16 132
1618 647 20 24 254
522 649 9 10 71
728 649 8 13 56
990 648 2 3 6
59 650 9 6 37
239 651 1 1 1
1764 650 1 1 1
942 652 9 16 56
962 653 2 4 7
1281 653 12 15 132
1302 652 16 22 257
205 657 8 7 46
502 657 9 17 88
678 656 1 1 1
1708 657 7 6 26
104 658 1 1 1
121 659 2 1 2
410 659 7 9 44
1020 658 21 34 271
125 660 1 2 2
1130 660 1 1 1
1217 661 1 1 1
801 663 3 4 12
1212 662 4 4 7
1823 663 3 2 4
273 665 1 1 1
702 665 10 13 102
597 667 42 46 661
916 667 3 4 9
342 668 6 6 29
843 668 3 2 6
929 669 12 16 87
1264 669 16 25 318
475 670 1 1 1
554 670 1 1 1
796 670 2 2 4
864 671 1 1 1
1452 670 9 16 104
1601 670 1 1 1
187 673 6 7 28
559 673 6 6 28
658 675 8 12 83
334 676 8 6 37
789 682 4 7 22
1526 683 21 19 270
739 684 7 10 58
1160 685 11 16 122
1206 684 15 24 256
849 687 4 4 12
958 686 6 5 21
975 687 2 4 8
1047 687 2 2 4
243 689 4 2 6
308 689 6 7 28
332 688 20 11 150
805 689 20 36 425
1011 689 2 4 6
94 690 1 1 1
500 691 1 2 2
541 691 11 9 60
1584 691 1 1 1
203 693 11 11 92
256 692 1 1 1
656 693 1 1 1
757 692 6 7 33
778 692 6 9 48
844 692 2 3 4
1073 695 2 4 8
564 697 21 15 119
932 697 2 16 18
1179 697 17 28 369
393 699 7 7 36
921 698 1 3 3
942 700 3 7 18
1034 701 1 1 1
767 702 1 1 1
1748 702 1 1 1
957 704 2 4 7
1401 705 1 1 1
1599 706 2 2 3
234 709 9 6 35
313 709 5 5 13
583 708 19 18 170
730 708 17 15 82
1042 708 2 5 10
352 710 7 8 42
772 710 3 5 14
786 710 2 1 2
845 710 2 3 5
945 711 5 7 32
278 713 1 1 1
1297 713 21 60 738
908 715 42 46 618
969 715 1 2 2
398 717 8 22 105
561 717 4 6 21
767 716 3 3 7
867 716 2 2 4
965 717 2 2 3
1391 717 1 1 1
1467 716 2 2 4
887 718 5 5 9
1370 719 1 1 1
1428 718 33 37 691
1474 720 1 1 1
678 722 4 13 30
1026 723 1 2 2
1508 722 1 1 1
1635 722 19 18 260
713 725 6 13 40
765 725 2 3 6
1054 724 10 18 138
1386 725 1 1 1
875 727 2 1 2
1253 726 4 4 14
1597 727 2 1 2
820 728 13 24 257
1536 728 2 1 2
214 731 9 11 70
695 730 3 4 10
789 730 2 2 4
1010 731 1 2 2
1342 730 1 1 1
380 732 3 4 10
602 732 3 4 12
656 733 13 7 38
856 732 3 5 12
1694 732 1 1 1
1192 734 4 4 13
1279 735 5 5 19
11 736 8 6 37
779 737 8 5 27
1024 737 1 2 2
567 738 13 21 178
1196 739 20 47 519
1714 738 1 1 1
529 741 3 3 8
703 741 9 11 31
859 740 1 2 2
626 741 396 231 22792
1719 741 1 1 1
1509 742 2 1 2
757 744 3 4 11
905 747 13 14 111
1401 746 15 19 230
348 748 6 6 27
735 749 3 6 18
775 748 44 26 522
871 751 11 20 162
141 752 10 11 82
477 752 6 7 29
275 755 12 11 63
386 754 12 7 65
331 756 1 1 1
501 757 3 2 5
624 756 4 6 18
1689 757 2 1 2
587 759 8 11 74
457 763 5 4 15
1561 763 1 1 1
296 764 5 4 15
615 765 5 7 30
736 764 1 2 2
1183 764 1 1 1
1526 765 1 1 1
1670 764 1 1 1
896 767 11 1 11
503 768 1 2 2
1505 768 2 1 2
773 771 40 42 330
943 770 1 2 2
1031 771 8 13 83
1234 770 7 9 47
1535 770 2 2 2
698 772 7 7 27
1725 773 1 1 1
268 774 5 3 12
365 774 8 7 44
474 775 1 1 1
570 775 4 5 17
909 774 23 40 273
344 777 15 11 79
841 776 46 18 199
962 777 2 3 6
420 778 11 14 72
556 778 12 25 119
1313 779 2 1 2
1766 779 1 1 1
137 781 1 1 1
1769 780 1 1 1
296 783 13 13 87
529 783 4 3 7
709 782 4 4 13
723 782 1 1 1
936 782 20 25 299
726 784 11 9 49
474 787 5 6 18
1536 787 2 1 2
1733 786 1 1 1
689 788 3 4 7
831 789 1 2 2
577 791 8 13 78
899 790 4 4 11
967 790 2 2 4
1206 791 2 14 16
499 792 7 9 53
741 793 2 1 2
821 792 1 1 1
823 793 1 1 1
1037 792 2 4 8
1241 793 11 15 132
1563 792 2 1 2
705 794 16 16 155
1069 796 9 12 84
1470 797 3 2 4
963 799 2 1 2
1346 799 2 3 5
237 800 1 1 1
328 800 1 2 2
1019 800 2 2 4
1258 801 17 22 199
1415 801 1 1 1
1466 801 1 1 1
669 803 3 7 19
1638 803 1 1 1
740 804 1 1 1
890 805 5 9 26
407 807 1 1 1
1693 807 1 1 1
1826 807 2 1 2
54 809 1 1 1
637 809 5 7 29
692 809 8 12 70
1164 808 1 1 1
1715 808 2 2 3
1051 810 14 16 181
36 812 1 1 1
145 813 1 1 1
392 813 2 1 2
762 813 1 1 1
828 813 1 1 1
1186 813 10 17 117
96 814 21 10 110
364 815 1 1 1
586 815 14 22 162
656 814 2 3 4
1230 815 4 6 20
1361 815 1 1 1
775 816 3 6 10
879 817 6 10 29
609 819 7 9 51
748 819 2 2 4
725 820 19 17 158
1545 820 1 1 1
1755 820 3 1 3
755 822 21 19 144
836 822 2 2 4
922 822 2 3 6
1017 823 2 3 5
1219 822 2 3 6
781 825 1 1 1
1362 825 3 3 4
152 827 5 2 6
570 827 7 6 22
915 826 1 2 2
927 826 25 23 408
1083 827 1 1 1
1142 828 18 20 283
1511 828 1 1 1
1524 828 1 1 1
306 831 1 1 1
786 831 1 1 1
1424 831 2 1 2
342 833 13 7 38
418 835 7 7 35
847 835 9 10 27
1734 834 1 1 1
971 837 2 3 6
1644 837 1 1 1
1184 838 32 36 453
1763 838 3 3 6
112 841 1 1 1
407 840 1 1 1
610 841 2 4 7
629 840 6 6 23
1121 841 2 2 4
798 843 2 2 3
872 842 1 3 3
894 843 12 17 162
1233 842 20 30 304
263 845 1 1 1
309 845 4 2 7
454 844 5 6 26
595 844 6 10 49
827 844 15 7 28
1185 844 3 2 5
1613 845 1 1 1
1612 847 1 1 1
1626 846 1 1 1
481 848 6 7 33
550 848 5 5 21
811 848 1 1 1
866 849 1 1 1
1015 848 1 2 2
1512 848 1 2 2
1537 849 3 2 3
85 850 1 1 1
405 851 5 4 14
1229 851 1 1 1
100 853 6 7 31
247 853 7 7 43
278 852 4 6 16
1045 852 1 2 2
1117 852 21 28 309
1273 853 2 2 3
1550 852 2 2 2
348 855 6 6 25
789 854 2 2 4
873 855 2 2 4
1510 855 2 1 2
410 856 1 1 1
1080 859 12 18 166
1514 859 18 17 195
426 860 6 8 33
602 860 3 4 10
1325 861 2 1 2
161 863 6 4 10
202 863 6 4 20
297 862 2 2 2
880 863 4 6 17
1070 865 1 1 1
312 867 1 1 1
545 866 8 6 31
1365 866 58 79 1523
36 869 1 1 1
790 868 1 2 2
957 868 1 2 2
1794 869 1 1 1
461 871 1 1 1
803 873 2 3 6
1471 872 2 1 2
40 875 2 2 3
1042 875 2 4 7
1267 875 14 21 185
210 877 4 2 4
596 877 21 34 274
1491 876 3 2 5
221 879 10 7 52
1164 878 7 10 49
1502 878 4 3 5
1572 879 4 2 5
408 880 1 2 2
452 880 1 1 1
792 881 1 2 2
809 881 2 3 6
1058 880 9 12 84
1427 881 13 14 142
1577 881 1 1 1
103 883 9 10 52
1546 883 2 1 2
246 884 1 1 1
422 884 1 1 1
1218 884 4 4 10
1312 884 1 1 1
1367 886 1 1 1
1480 886 2 2 3
70 888 1 1 1
1329 888 1 1 1
344 890 13 7 39
508 890 1 1 1
127 892 5 4 13
296 893 3 5 13
532 894 12 11 70
566 894 1 1 1
471 896 5 5 13
1168 897 1 2 2
1418 896 1 1 1
110 898 6 4 20
201 899 1 1 1
1279 901 11 14 131
1320 901 20 19 195
1421 901 2 1 2
1447 903 1 1 1
585 904 7 5 16
1193 905 5 2 6
1214 905 1 1 1
1220 905 32 25 416
1780 904 1 1 1
1179 907 3 3 8
1374 907 1 1 1
1450 906 4 3 8
1782 907 4 3 4
300 909 1 1 1
1117 908 1 1 1
358 910 5 4 14
1686 911 3 2 3
1711 911 3 2 6
1787 910 1 1 1
1652 913 7 14 21
14 915 1 1 1
118 915 7 6 32
368 915 6 8 48
1023 915 6 12 27
1132 915 1 1 1
1826 915 3 4 6
561 917 7 10 54
192 918 5 2 6
486 918 5 6 28
624 919 8 11 70
663 919 12 14 112
307 920 1 1 1
471 920 1 1 1
1140 921 36 27 407
1188 920 1 1 1
1762 920 1 1 1
1764 921 1 1 1
287 923 2 5 6
1542 922 1 1 1
45 925 1 1 1
588 925 1 2 2
1274 925 1 1 1
1334 925 1 1 1
1455 924 1 1 1
83 927 1 1 1
311 927 5 6 22
375 926 4 2 5
1266 926 2 2 3
714 928 9 24 79
1819 929 1 1 1
270 930 5 3 9
515 931 10 10 39
1317 935 1 1 1
1473 934 1 1 1
748 937 6 4 17
1297 936 1 1 1
1325 938 47 39 680
345 941 6 8 32
496 940 4 5 16
1119 941 16 13 92
1228 941 4 6 14
1559 940 3 2 3
537 942 2 2 3
742 942 6 9 50
1735 942 3 3 6
592 944 6 10 51
1039 944 2 3 5
1274 944 19 21 230
253 946 4 3 6
646 946 1 2 2
1308 946 1 1 1
1571 947 11 15 59
310 948 4 3 5
524 948 1 1 1
562 949 9 5 27
800 948 33 66 665
1401 949 3 3 5
1480 949 2 1 2
471 950 1 1 1
1366 951 3 1 3
217 953 6 3 13
368 953 10 6 22
1108 952 1 1 1
45 954 1 1 1
632 954 6 5 22
767 954 6 12 52
1038 955 1 4 4
1679 954 5 3 9
1766 954 1 1 1
276 956 1 1 1
329 957 2 2 4
998 956 7 20 83
1469 956 1 1 1
1837 957 3 1 3
6 958 1 1 1
1021 959 3 2 6
1078 958 1 2 2
1124 959 13 29 278
1160 958 1 1 1
99 961 4 4 7
311 960 6 6 22
585 960 4 3 9
699 960 6 9 45
420 962 1 1 1
554 963 6 10 50
582 962 19 14 108
618 963 7 13 55
1118 963 1 1 1
1228 963 1 1 1
1539 962 2 2 3
1784 962 3 2 3
405 965 1 1 1
534 964 20 14 112
1304 964 3 11 25
1503 964 1 1 1
1506 965 1 1 1
1789 964 1 1 1
750 966 1 3 3
1030 967 1 1 1
1412 967 1 1 1
1607 966 2 10 12
360 970 7 6 27
1255 971 25 27 398
1644 971 2 1 2
246 972 4 2 4
492 973 4 4 15
900 973 12 16 143
918 972 1 2 2
1321 973 1 1 1
1528 973 14 5 24
87 975 2 2 2
140 975 9 13 63
968 975 1 3 3
383 977 1 2 2
703 977 3 4 9
753 976 6 8 22
1419 977 2 2 4
460 979 1 1 1
1430 979 3 3 5
648 980 1 2 2
1151 981 6 9 39
1570 980 2 1 2
1574 981 1 7 7
1584 981 2 1 2
440 982 2 1 2
511 983 1 3 3
693 983 1 1 1
1014 982 1 3 3
1209 982 2 2 4
1011 985 1 1 1
1330 985 6 6 20
307 987 2 1 2
330 987 22 8 65
430 986 1 1 1
453 987 5 8 33
1764 987 2 2 3
569 989 6 5 21
953 989 1 2 2
969 989 1 6 6
1201 989 6 6 25
1216 989 1 1 1
1511 989 1 1 1
1524 989 1 1 1
1526 990 1 1 1
539 992 1 1 1
598 992 5 10 22
643 992 4 6 15
766 992 1 1 1
1007 994 1 1 1
1799 995 1 1 1
79 997 1 1 1
1361 997 1 1 1
1529 997 2 2 3
1561 997 1 1 1
551 999 1 1 1
915 998 1 2 2
987 999 15 17 161
1708 999 2 1 2
142 1000 2 1 2
324 1000 3 2 4
379 1001 1 1 1
461 1001 1 1 1
503 1000 6 2 11
527 1001 4 6 18
1150 1000 2 2 3
300 1002 6 5 24
1204 1003 37 23 394
1430 1003 1 1 1
1584 1003 4 4 9
394 1004 3 5 8
413 1004 1 1 1
436 1005 1 1 1
491 1004 3 4 6
698 1004 4 5 15
1498 1004 2 2 3
100 1007 2 3 5
545 1006 3 4 7
603 1006 6 8 43
650 1006 1 1 1
1034 1007 3 5 12
354 1008 4 5 14
422 1008 1 1 1
646 1008 2 4 6
887 1009 1 1 1
1070 1008 1 1 1
676 1011 10 6 22
331 1012 1 1 1
1108 1013 2 1 2
1464 1013 1 1 1
376 1014 2 2 2
402 1014 1 1 1
596 1014 1 1 1
662 1014 12 19 98
745 1014 1 2 2
759 1014 1 2 2
864 1015 1 1 1
1379 1014 21 15 207
1546 1014 1 1 1
1658 1015 1 1 1
515 1017 4 2 5
526 1016 1 1 1
937 1016 1 1 1
1028 1016 1 1 1
1061 1016 6 8 40
1439 1017 2 1 2
1553 1017 1 1 1
479 1018 1 1 1
1117 1019 3 1 3
87 1021 1 1 1
438 1020 5 4 13
550 1021 6 10 54
1187 1020 19 39 378
576 1023 17 18 140
945 1023 1 2 2
1585 1022 2 2 3
200 1025 10 12 89
493 1024 1 1 1
573 1024 1 1 1
646 1025 5 7 18
705 1024 3 3 7
1047 1024 8 15 50
1447 1024 1 1 1
1488 1024 3 2 5
1795 1024 5 4 9
302 1026 8 7 19
419 1027 5 4 11
626 1026 1 1 1
1016 1027 1 2 2
1122 1027 20 18 146
1325 1027 24 20 191
1681 1027 6 3 9
532 1028 1 1 1
870 1028 9 15 107
1443 1028 6 14 27
1535 1028 1 1 1
1538 1029 1 1 1
175 1030 5 4 11
734 1031 2 2 2
915 1030 8 10 52
1355 1030 1 1 1
689 1032 3 5 11
765 1032 7 9 47
1582 1032 2 6 12
267 1034 2 3 3
337 1034 3 3 5
409 1034 7 3 10
450 1035 3 3 6
797 1034 5 6 24
976 1035 1 2 2
1092 1035 1 1 1
1748 1034 1 1 1
1750 1035 1 1 1
265 1037 1 1 1
436 1037 1 1 1
545 1036 1 1 1
853 1036 3 2 4
1256 1036 1 1 1
1643 1036 3 2 4
1794 1036 1 1 1
653 1038 1 1 1
744 1038 7 12 55
988 1038 1 7 7
1099 1039 2 1 2
1159 1039 7 11 48
1219 1039 2 1 2
1586 1039 2 1 2
1777 1039 4 2 4
1407 1040 23 22 258
1521 1040 2 2 4
343 1042 1 1 1
527 1042 6 13 30
764 1043 1 4 4
781 1042 14 24 149
1451 1042 8 2 9
1529 1042 1 1 1
1565 1043 5 10 36
1764 1043 2 2 2
632 1045 7 9 53
944 1045 1 1 1
118 1047 8 7 33
662 1046 6 10 31
938 1047 1 1 1
942 1046 1 1 1
345 1048 2 1 2
439 1048 1 1 1
1327 1049 1 1 1
482 1051 3 2 5
504 1050 1 1 1
1578 1051 3 3 3
333 1052 4 4 10
539 1052 13 12 25
680 1053 4 4 15
708 1053 4 14 21
982 1053 1 1 1
1345 1052 1 1 1
171 1054 2 2 3
984 1055 2 3 4
1043 1055 3 4 8
1292 1054 1 1 1
304 1057 2 1 2
1627 1057 1 1 1
266 1058 2 1 2
301 1058 2 2 3
684 1058 1 1 1
835 1058 4 6 13
873 1059 3 4 12
947 1058 1 3 3
1317 1059 11 15 122
343 1061 1 1 1
758 1061 1 1 1
213 1063 5 3 7
379 1063 1 8 8
611 1062 3 2 5
807 1062 13 8 65
118 1064 1 1 1
610 1065 1 2 2
1438 1065 8 3 13
575 1066 17 19 126
1466 1067 1 2 2
1476 1066 1 1 1
1010 1068 1 1 1
210 1071 2 2 4
297 1070 5 4 10
439 1071 9 12 26
467 1070 6 3 9
544 1071 1 2 2
623 1070 1 4 4
970 1070 1 1 1
1012 1070 2 3 5
1132 1071 1 1 1
502 1073 7 8 34
668 1073 3 10 21
760 1072 12 19 133
356 1074 6 4 17
525 1074 1 1 1
564 1075 4 15 22
922 1075 3 4 7
933 1074 1 1 1
1001 1075 1 4 4
1077 1074 2 1 2
1267 1074 36 30 306
1352 1074 9 10 61
1413 1075 3 1 3
1647 1074 6 2 8
1698 1075 3 2 4
287 1076 5 3 9
613 1076 1 1 1
203 1078 4 2 6
269 1078 7 4 19
349 1078 4 3 9
376 1079 14 5 40
462 1079 2 1 2
541 1079 1 1 1
912 1078 1 1 1
313 1081 10 15 66
640 1080 2 2 3
1244 1080 6 9 30
794 1083 1 2 2
1089 1083 17 18 110
1183 1082 1 1 1
1674 1082 2 1 2
374 1084 1 1 1
435 1085 3 4 10
535 1085 1 1 1
1492 1085 2 1 2
450 1087 2 2 3
635 1086 2 2 3
787 1086 2 3 5
1380 1086 10 7 45
1043 1089 1 1 1
1801 1089 1 1 1
333 1091 1 1 1
346 1090 1 1 1
603 1090 13 4 27
724 1091 8 9 48
809 1090 22 26 165
1349 1091 11 13 49
1813 1091 1 1 1
254 1092 3 4 6
500 1092 3 3 5
515 1093 1 2 2
753 1092 2 2 2
801 1092 3 5 8
1434 1092 2 1 2
1494 1092 3 2 4
113 1095 1 1 1
192 1095 2 3 4
968 1094 7 9 45
50 1096 3 3 4
279 1096 4 1 4
296 1097 6 8 29
368 1096 5 12 24
387 1097 8 7 36
1369 1096 1 1 1
1414 1096 13 15 120
1749 1097 2 1 2
115 1098 2 2 4
166 1098 2 2 3
431 1098 4 4 15
1510 1098 2 2 3
1626 1098 1 1 1
1724 1098 4 2 5
322 1101 1 1 1
483 1101 1 1 1
560 1100 6 6 27
667 1100 1 1 1
944 1100 1 1 1
987 1101 6 10 58
1043 1100 1 1 1
1627 1100 2 1 2
1722 1100 1 1 1
225 1102 1 1 1
1108 1103 1 1 1
1601 1102 4 2 7
470 1105 12 10 59
482 1104 1 1 1
741 1104 1 2 2
1312 1105 3 2 4
1594 1105 1 1 1
1770 1105 1 1 1
1831 1105 1 1 1
180 1106 1 2 2
243 1106 1 1 1
495 1107 1 1 1
530 1107 4 4 9
612 1107 18 9 61
858 1106 1 2 2
943 1106 1 1 1
1562 1107 3 3 7
1734 1107 2 1 2
1773 1106 1 1 1
685 1109 5 7 25
726 1108 1 1 1
1233 1109 2 2 3
1306 1109 5 3 9
1372 1109 3 5 7
72 1110 1 2 2
90 1111 3 2 4
313 1110 3 2 4
1048 1111 1 1 1
1703 1110 1 1 1
1782 1111 1 1 1
433 1112 6 3 7
727 1112 2 5 9
1490 1113 2 4 6
1551 1112 1 1 1
192 1115 2 1 2
335 1114 1 1 1
393 1115 1 1 1
498 1115 2 2 3
980 1114 6 8 42
998 1115 1 3 3
1161 1114 2 1 2
1740 1114 2 2 2
301 1116 4 4 8
337 1117 5 3 15
941 1116 1 1 1
1088 1116 1 1 1
1334 1117 14 22 149
1811 1116 2 3 3
1066 1118 1 1 1
248 1120 1 1 1
321 1120 2 2 3
343 1120 3 3 9
443 1121 24 10 77
586 1120 2 2 4
922 1121 1 2 2
1118 1121 4 3 9
1381 1120 6 6 16
1408 1121 4 5 12
480 1122 2 1 2
1650 1123 1 2 2
478 1124 1 1 1
566 1124 15 14 137
291 1127 1 1 1
330 1126 3 2 6
497 1126 1 1 1
638 1127 2 6 10
800 1127 1 1 1
808 1127 9 11 46
887 1127 2 3 6
1182 1127 11 30 223
252 1129 1 1 1
419 1128 1 1 1
421 1129 2 1 2
536 1129 3 3 4
590 1128 1 1 1
739 1129 1 1 1
1059 1128 1 5 5
1206 1129 10 11 82
1261 1128 2 1 2
1315 1129 8 7 45
220 1131 14 9 35
336 1130 1 1 1
376 1131 1 1 1
652 1131 3 5 7
1263 1131 6 8 41
185 1132 1 1 1
393 1132 7 3 19
544 1132 2 4 5
924 1133 2 1 2
1715 1132 4 3 6
361 1135 1 2 2
363 1134 1 1 1
512 1135 1 1 1
555 1135 4 6 11
632 1135 1 1 1
788 1135 7 9 47
1224 1135 12 17 137
1250 1134 1 2 2
1720 1135 1 1 1
294 1137 1 1 1
314 1137 1 1 1
344 1136 16 11 107
707 1137 1 1 1
1470 1137 1 1 1
1557 1136 1 1 1
1618 1136 3 2 4
136 1138 5 4 12
332 1138 1 2 2
515 1138 1 2 2
1040 1138 1 1 1
1326 1139 1 1 1
1440 1139 1 1 1
273 1141 5 3 8
305 1140 3 2 4
386 1140 3 4 6
405 1141 1 1 1
1254 1140 2 4 8
1563 1140 1 1 1
58 1142 1 1 1
411 1143 2 1 2
651 1142 1 1 1
744 1143 4 13 21
980 1142 5 8 31
1269 1143 3 3 7
1816 1142 4 4 11
422 1144 1 1 1
425 1145 4 6 16
432 1144 1 1 1
624 1144 12 13 52
885 1145 8 3 10
1518 1144 1 1 1
1737 1145 5 3 9
12 1146 1 1 1
153 1147 2 2 3
231 1147 6 3 12
280 1146 14 27 47
542 1147 1 1 1
956 1146 1 1 1
1597 1146 1 1 1
168 1149 2 2 3
259 1149 9 12 56
449 1149 1 1 1
469 1148 1 1 1
518 1149 13 10 78
676 1149 1 1 1
1120 1149 5 8 21
1247 1148 4 4 10
14 1150 1 1 1
335 1151 2 1 2
800 1150 1 1 1
1072 1150 1 1 1
1315 1151 36 36 462
1240 1152 1 1 1
1593 1152 2 1 2
1682 1152 1 1 1
1727 1153 1 1 1
378 1154 1 2 2
1558 1154 5 5 13
85 1157 2 2 3
583 1156 16 16 87
1735 1157 2 2 3
177 1158 1 1 1
514 1159 1 2 2
599 1158 1 1 1
803 1159 3 3 8
854 1158 1 2 2
1480 1158 1 1 1
1564 1159 1 1 1
349 1161 2 3 5
354 1160 3 1 3
427 1160 4 3 10
619 1160 4 2 7
654 1160 2 1 2
1143 1160 7 6 12
1174 1161 5 6 29
1288 1161 1 1 1
229 1163 3 2 4
1600 1162 1 1 1
417 1164 4 7 13
1081 1164 1 1 1
337 1167 2 1 2
445 1166 21 23 174
494 1167 1 1 1
758 1166 8 11 32
1054 1166 1 1 1
1168 1167 2 5 6
177 1169 1 1 1
387 1169 2 2 4
529 1169 1 1 1
664 1168 1 5 5
689 1169 1 1 1
1152 1168 1 1 1
1452 1169 1 1 1
1466 1168 5 4 13
175 1170 1 1 1
1153 1170 1 1 1
1621 1170 2 1 2
298 1173 1 1 1
378 1172 3 10 22
478 1173 2 1 2
602 1173 1 2 2
1212 1173 1 1 1
93 1175 2 2 4
400 1174 6 11 24
430 1174 4 3 9
520 1174 6 3 14
551 1175 2 1 2
630 1174 1 1 1
692 1175 3 4 12
798 1175 1 2 2
1050 1175 1 1 1
1562 1174 1 1 1
355 1177 10 10 42
426 1177 1 1 1
659 1177 5 7 28
777 1176 10 3 12
1047 1176 1 1 1
1564 1176 1 1 1
251 1179 4 4 7
316 1178 1 1 1
839 1179 1 1 1
937 1178 1 1 1
1167 1179 1 1 1
1219 1178 1 1 1
1264 1178 1 1 1
286 1181 4 1 4
503 1181 6 4 16
626 1181 1 1 1
838 1181 1 1 1
900 1180 2 13 16
1290 1181 1 1 1
1367 1181 1 1 1
1542 1180 1 1 1
1544 1181 1 1 1
169 1183 7 4 14
222 1182 3 2 4
437 1183 2 7 9
791 1183 7 6 41
1551 1182 1 1 1
39 1184 3 2 5
90 1184 1 1 1
409 1185 1 1 1
548 1184 1 2 2
567 1185 14 43 246
582 1184 1 1 1
1793 1185 4 2 5
259 1186 2 3 4
384 1187 2 7 9
522 1186 1 1 1
753 1187 2 6 6
849 1186 1 2 2
1586 1187 1 1 1
45 1189 1 1 1
305 1189 3 2 4
918 1189 1 1 1
942 1189 1 4 4
973 1188 1 2 2
1201 1188 1 1 1
198 1191 1 1 1
1427 1190 2 2 3
100 1192 3 3 6
285 1192 1 1 1
426 1193 1 2 2
467 1192 2 3 5
536 1193 4 2 5
609 1193 13 19 45
1109 1193 1 7 7
92 1195 3 1 3
303 1194 2 2 3
1159 1195 1 1 1
857 1197 1 1 1
989 1196 1 1 1
1019 1196 3 5 12
1516 1197 3 2 4
88 1198 1 1 1
140 1199 2 1 2
238 1198 4 4 7
263 1199 1 1 1
322 1199 2 2 3
564 1199 1 1 1
769 1198 3 5 8
944 1198 1 2 2
980 1199 2 4 5
1401 1198 2 3 5
1494 1199 3 2 4
28 1201 1 1 1
114 1200 1 1 1
227 1201 10 7 36
278 1200 1 1 1
400 1200 7 10 25
479 1200 3 2 4
1253 1201 1 1 1
1463 1200 5 3 14
1498 1201 1 1 1
1729 1200 1 1 1
136 1202 1 1 1
1077 1203 8 4 11
147 1204 1 1 1
1037 1205 1 1 1
1450 1205 10 9 24
15 1207 3 2 3
591 1206 1 1 1
1195 1206 2 3 5
200 1208 1 1 1
342 1209 1 2 2
360 1209 2 2 4
426 1209 1 1 1
1619 1209 1 1 1
1660 1208 2 1 2
41 1211 1 1 1
50 1211 10 8 35
117 1211 6 3 12
252 1210 1 1 1
380 1210 2 3 6
440 1210 1 1 1
513 1211 7 17 60
778 1211 2 2 3
1372 1210 1 1 1
1752 1211 1 1 1
98 1213 3 2 4
419 1212 5 5 19
534 1212 20 16 65
644 1212 1 1 1
1270 1213 2 1 2
1330 1213 2 1 2
1763 1213 4 2 4
714 1214 5 3 10
782 1214 1 1 1
1036 1215 1 1 1
1339 1214 1 2 2
1390 1215 3 2 3
204 1216 7 4 10
220 1216 1 1 1
1011 1217 1 1 1
1068 1217 3 3 7
1327 1217 2 1 2
1507 1217 2 1 2
1550 1216 3 4 6
255 1219 1 1 1
657 1218 1 2 2
802 1219 1 1 1
1509 1219 1 1 1
1688 1218 1 1 1
164 1220 8 8 36
316 1221 18 7 60
351 1220 11 8 52
371 1221 16 7 44
405 1220 4 8 19
192 1223 2 5 9
289 1223 1 5 5
431 1223 3 5 14
688 1223 1 5 5
700 1223 1 5 5
707 1222 1 1 1
911 1222 1 1 1
1008 1222 1 6 6
1307 1222 7 6 30
1603 1223 1 5 5
12 1225 1 3 3
71 1224 3 4 11
87 1224 2 4 8
300 1224 7 4 16
472 1224 1 4 4
591 1224 2 4 7
744 1225 1 3 3
1150 1225 1 3 3
504 1227 1 1 1
839 1226 1 2 2
1487 1226 1 2 2
