0 0 1840 1228 2117142
575 0 2 4 7
635 0 4 20 64
682 0 10 49 158
705 0 5 24 97
735 0 6 19 86
849 0 6 6 31
875 0 9 17 102
960 0 8 10 57
1063 0 100 239 8140
1193 0 23 35 668
1279 0 14 27 269
1327 0 193 178 8854
1565 0 16 8 111
1671 0 1 6 6
1700 0 23 34 618
1752 0 20 17 274
1334 5 3 4 8
791 7 5 21 86
859 7 7 15 74
1082 11 3 9 21
990 20 32 46 806
748 25 5 15 56
810 25 4 11 32
1350 29 3 7 17
832 31 19 23 203
1256 34 5 13 54
533 39 5 5 19
897 41 13 6 41
875 43 5 12 50
921 43 4 9 27
954 45 4 9 27
1218 44 2 5 9
858 56 13 35 364
1176 56 6 16 67
1275 59 2 4 8
1554 58 18 39 558
1643 63 8 7 31
703 64 17 29 230
980 64 4 9 30
692 69 3 7 18
1137 73 5 10 36
1443 73 5 8 31
655 75 4 8 26
834 74 4 10 28
1263 74 3 5 12
1274 79 6 10 31
925 81 47 151 1412
1195 81 3 10 23
1025 84 2 2 3
632 87 4 9 31
741 89 6 16 74
1295 88 2 3 5
1230 90 16 26 171
1179 98 4 16 43
847 103 3 7 21
858 103 12 42 376
623 105 5 9 31
867 105 48 118 2199
710 106 4 15 44
1274 106 6 16 53
695 108 6 18 88
1192 112 2 2 4
747 115 2 4 8
816 119 1 4 4
1298 118 3 7 16
1825 118 15 29 344
569 121 4 6 16
528 127 4 5 15
1309 126 2 9 15
1025 129 12 20 173
765 131 2 3 5
979 131 3 6 14
671 133 3 7 20
805 133 1 2 2
546 137 5 9 36
565 137 4 8 27
597 141 1 2 2
1180 145 2 4 5
653 146 3 3 8
1317 147 2 2 3
830 149 6 23 92
1037 151 4 19 57
639 155 8 21 105
1195 160 8 6 21
1238 161 7 11 57
668 163 16 20 142
730 164 2 3 5
1443 165 3 3 6
569 167 4 5 17
760 166 36 37 569
1408 166 17 40 501
916 170 4 1 4
179 173 5 4 19
1316 173 2 6 12
704 175 22 53 612
1176 177 1 2 2
915 179 1 1 1
918 181 1 2 2
616 182 4 8 21
925 186 1 3 3
1216 186 19 50 755
1363 188 26 129 1936
1068 190 3 9 19
492 193 8 18 99
845 198 17 15 144
869 198 5 2 6
984 198 3 3 7
639 201 3 4 9
909 201 1 1 1
938 202 1 4 4
1175 202 2 3 6
922 205 2 1 2
1156 204 4 8 24
564 206 17 19 88
618 207 21 13 136
902 207 4 9 20
1543 206 8 33 178
924 209 3 2 4
958 208 13 6 37
831 210 10 5 19
1334 213 2 4 8
487 215 2 5 7
883 217 34 34 193
1296 217 2 4 7
855 219 1 1 1
643 221 20 51 376
1028 222 5 19 65
591 225 5 14 57
841 224 2 4 5
758 226 37 30 357
827 228 12 4 20
862 229 1 1 1
931 229 39 48 617
673 231 4 9 31
863 231 8 6 13
738 234 3 4 9
877 234 1 1 1
1300 235 3 13 31
973 238 2 2 3
1282 239 3 3 6
1349 238 3 4 11
707 240 12 23 156
1126 241 2 3 5
814 243 33 119 1180
684 247 1 1 1
849 250 53 118 2700
913 251 4 8 29
1190 252 4 11 34
1337 253 2 3 5
977 254 6 10 28
1170 255 9 28 149
1569 254 8 11 27
898 257 1 1 1
808 259 5 16 58
1047 258 18 16 137
1438 259 4 7 24
1096 261 27 57 956
684 263 1 1 1
906 262 7 3 21
1322 262 2 3 6
1493 262 31 77 1885
1609 263 4 6 16
469 265 6 10 35
612 266 5 12 46
962 267 4 2 8
533 268 4 7 20
902 269 12 16 33
968 269 1 1 1
685 271 2 67 77
978 271 1 1 1
1326 272 1 1 1
1337 272 3 5 12
932 275 1 1 1
970 274 3 7 20
1305 277 1 3 3
1136 279 3 7 18
942 281 27 38 286
979 283 1 1 1
1009 283 2 3 6
505 285 4 7 18
1203 287 6 17 80
1219 288 2 4 8
1654 289 4 7 17
1674 290 10 12 88
1167 293 4 20 34
733 295 4 3 6
918 294 1 1 1
707 296 4 37 72
924 296 11 22 87
1135 297 3 9 21
613 302 10 12 55
912 303 1 1 1
664 305 3 6 15
901 304 1 1 1
903 307 3 4 9
1117 306 13 55 294
974 308 1 1 1
1028 310 4 7 18
1648 310 8 17 105
968 313 4 8 17
1344 312 7 9 36
576 315 6 11 52
1059 314 5 20 71
199 317 3 2 6
1535 319 24 37 580
663 321 3 7 21
1336 321 2 2 4
908 325 52 72 1313
931 327 1 1 1
486 332 1 1 1
1327 334 23 38 386
1365 334 13 30 308
653 337 7 6 22
680 343 5 1 5
701 344 6 12 47
965 344 1 1 1
745 353 20 57 277
962 353 1 1 1
990 352 2 2 3
1304 353 7 8 25
1560 356 53 69 2351
1036 361 3 6 15
563 362 3 4 9
1065 368 3 6 11
656 371 3 7 18
844 371 4 3 5
1098 373 2 2 4
1153 372 4 9 23
850 375 1 2 2
1027 375 3 4 10
1293 374 3 4 8
1283 378 3 5 10
613 380 14 35 325
1386 385 5 13 41
1410 385 4 3 11
993 386 3 7 16
1316 389 19 36 365
1421 390 4 4 12
896 393 3 4 12
577 397 14 34 160
870 396 3 9 25
1101 397 1 2 2
1124 396 3 3 5
1201 397 2 7 11
378 399 1 2 2
380 401 1 1 1
924 400 1 1 1
1264 401 3 6 16
1394 403 3 2 5
915 404 4 13 43
1366 405 3 4 12
1412 405 4 4 12
735 409 4 13 39
999 409 12 38 290
1291 409 2 4 7
844 410 4 8 23
928 413 1 1 1
1108 412 3 5 8
401 414 1 1 1
898 415 3 10 24
1824 414 1 1 1
755 417 4 7 20
1174 417 12 19 153
1369 416 13 46 384
1285 419 3 5 12
540 420 19 37 278
658 421 24 34 539
1821 420 3 6 8
1040 423 3 4 9
708 426 2 7 14
968 427 4 10 22
1384 427 71 135 1018
935 430 8 9 28
736 433 5 4 12
597 435 13 19 87
1018 444 3 9 20
929 446 3 6 8
995 448 4 6 15
1323 449 28 55 691
862 451 3 6 9
521 452 5 5 20
797 453 10 29 226
942 452 1 1 1
1236 452 23 61 1084
917 455 9 17 69
941 454 1 1 1
579 456 5 5 17
938 456 3 5 9
1109 456 2 6 11
1159 456 5 12 40
911 460 72 108 2272
993 460 18 18 175
852 462 11 25 62
937 462 1 1 1
1306 463 5 12 33
936 464 1 1 1
1015 464 1 1 1
935 466 1 1 1
682 468 7 15 63
1048 469 1 1 1
768 470 3 4 10
728 472 3 6 16
912 474 2 1 2
1149 474 4 10 31
1125 476 1 1 1
893 479 4 10 33
907 480 5 6 10
1280 481 3 5 12
966 483 75 209 6095
1367 482 12 33 293
721 485 6 15 57
771 484 4 10 30
849 485 1 2 2
1189 484 2 5 10
879 487 28 57 467
1120 487 21 39 192
624 489 3 2 5
848 489 1 1 1
549 491 6 12 53
1509 491 17 17 143
847 493 1 3 3
1091 494 3 6 15
689 497 14 12 75
846 497 1 1 1
1271 499 2 5 9
1287 499 2 2 4
845 501 1 1 1
1149 503 6 22 105
770 509 9 22 122
1059 515 4 20 68
1281 520 5 9 21
408 523 2 4 7
551 524 5 6 25
801 524 4 7 21
670 526 1 2 2
742 526 4 12 39
1588 529 4 5 15
1260 531 4 14 30
727 534 1 3 3
1045 539 34 58 474
1334 539 3 3 8
638 541 3 7 18
687 540 17 25 264
1287 540 1 2 2
484 547 5 9 34
1165 547 1 3 3
819 551 3 4 11
1138 550 5 12 44
1198 557 1 1 1
635 558 4 6 23
925 558 1 1 1
1566 559 18 34 481
719 561 17 21 171
802 560 20 33 259
865 560 14 12 58
628 564 3 4 10
1284 565 2 3 5
550 566 4 4 11
640 566 6 9 46
1102 570 1 1 1
1603 572 6 7 34
1239 580 2 2 4
702 583 4 6 21
905 583 25 64 847
785 591 5 12 37
1109 591 2 5 9
1306 591 3 8 22
506 593 1 2 2
555 592 4 4 14
713 593 4 7 20
588 595 4 4 16
1258 599 2 3 4
1401 598 1 2 2
865 602 4 11 36
623 607 1 1 1
758 607 13 10 54
671 609 2 3 6
793 608 34 44 268
1271 611 11 18 78
857 613 4 8 26
1066 615 2 4 5
592 618 5 8 31
1119 618 2 5 9
1292 618 14 31 329
631 622 3 3 5
742 626 10 23 153
1317 626 3 5 12
1132 629 2 2 4
1146 630 5 6 18
520 633 5 5 19
961 637 1 1 1
653 643 3 4 7
1378 643 2 1 2
1050 645 3 7 9
1150 646 1 1 1
851 649 9 23 134
869 649 6 14 64
518 652 3 3 7
791 652 1 1 1
1107 652 3 5 11
624 654 4 6 19
640 655 1 1 1
799 656 189 100 6361
788 659 1 1 1
1624 661 3 3 8
1129 662 1 2 2
553 664 4 6 16
770 664 9 5 19
800 665 1 1 1
1157 665 4 9 21
1252 666 42 78 1299
761 669 8 17 71
790 669 1 1 1
781 671 7 3 17
840 671 7 14 65
661 672 11 15 94
707 673 6 12 58
630 675 17 33 248
1531 674 23 53 1049
721 683 4 9 11
543 685 3 3 9
1310 689 2 3 6
69 691 2 2 3
153 691 1 1 1
867 690 1 1 1
1068 692 6 19 74
1140 693 4 11 41
1108 695 1 1 1
738 696 1 1 1
1023 696 2 7 13
727 698 2 1 2
754 698 1 1 1
733 701 2 3 4
843 700 26 19 126
692 706 8 4 21
715 709 12 19 116
688 711 4 3 9
972 710 1 1 1
949 716 21 43 270
1385 716 6 5 10
650 718 5 18 53
1012 718 4 7 23
1201 718 2 3 6
416 720 1 2 2
481 720 3 6 14
663 722 3 4 10
745 723 6 15 53
1409 722 2 3 4
939 725 1 1 1
1394 725 1 1 1
607 727 4 4 8
678 727 1 1 1
511 728 3 3 8
942 729 2 2 2
982 730 3 14 32
1023 734 35 56 1148
516 739 1 1 1
700 739 5 12 37
943 744 2 5 6
491 746 3 4 9
592 747 3 4 12
817 747 2 3 3
907 746 2 2 2
1489 747 16 53 772
911 748 1 1 1
1282 749 3 5 11
1404 751 2 2 4
1528 751 18 42 649
770 752 3 7 11
1244 755 2 3 4
559 759 3 5 11
1136 760 1 2 2
1385 761 1 2 2
791 763 63 95 2834
1286 762 44 42 638
864 765 31 40 795
740 767 17 42 299
1197 767 6 1 6
554 768 4 6 17
722 768 3 5 8
792 768 4 1 4
1216 770 5 5 15
583 772 4 6 17
789 772 3 4 11
922 772 1 1 1
721 774 1 6 6
925 774 18 31 113
982 775 6 26 80
1161 775 2 3 5
595 776 17 25 216
786 776 1 1 1
1284 778 1 1 1
958 781 1 1 1
1555 780 32 62 1436
711 782 11 30 86
778 783 1 1 1
804 785 1 1 1
951 789 1 1 1
1257 791 3 4 8
518 793 4 4 13
455 794 1 1 1
1118 797 1 2 2
628 798 554 212 43128
759 799 1 1 1
474 804 3 5 10
770 804 6 13 50
988 805 2 4 7
729 809 5 13 43
967 808 1 1 1
943 811 2 3 5
968 810 1 1 1
573 812 1 1 1
906 813 1 3 3
938 817 3 3 9
523 819 1 1 1
1018 819 3 13 32
901 820 1 1 1
750 822 1 1 1
948 823 4 9 20
971 822 1 2 2
973 825 1 3 3
1284 824 9 18 127
375 827 1 2 2
549 826 3 4 11
296 829 1 1 1
900 829 1 1 1
932 828 6 14 67
1105 830 2 4 7
1003 832 5 14 51
1184 832 3 6 15
586 836 9 9 62
967 836 8 7 27
1140 841 6 10 48
964 843 2 1 2
987 843 3 6 10
554 845 1 2 2
958 844 5 3 9
951 847 1 1 1
750 855 2 2 2
710 857 3 4 6
806 856 1 1 1
1360 856 2 6 11
722 859 1 1 1
1221 859 2 1 2
865 861 11 33 252
768 866 2 4 5
789 868 3 9 21
500 870 6 9 23
1423 876 2 2 4
841 879 4 10 33
1238 893 1 1 1
1239 895 1 3 3
649 896 5 4 13
1253 900 1 2 2
1371 905 2 3 5
58 908 1 1 1
1374 908 1 1 1
650 911 5 6 26
567 912 10 2 11
1376 915 2 5 8
609 920 1 1 1
1276 922 1 2 2
1362 926 1 2 2
501 928 1 2 2
1506 928 5 5 18
694 931 2 2 4
687 935 3 6 11
1269 934 11 34 207
13 937 2 2 3
558 937 2 2 4
266 945 2 2 2
592 947 4 7 16
1307 947 4 5 12
112 957 10 4 20
689 960 7 4 17
150 962 1 1 1
1589 963 39 43 794
642 965 2 1 2
700 964 2 2 4
1286 964 2 4 7
1026 967 8 33 118
513 968 1 1 1
630 968 3 5 11
493 971 14 6 31
269 977 5 2 7
428 976 4 2 6
391 978 1 1 1
10 980 2 1 2
448 980 5 12 43
624 980 4 5 13
653 981 3 2 4
972 980 2 3 5
1202 981 1 1 1
140 982 1 1 1
354 982 2 1 2
42 985 2 2 3
541 984 2 3 5
307 987 7 3 16
1293 986 1 1 1
1388 987 3 3 5
514 994 2 2 4
1266 995 2 5 7
273 997 2 1 2
497 996 1 1 1
532 996 5 8 19
727 997 9 17 109
314 998 3 1 3
639 1000 3 15 34
1226 1001 2 4 7
1727 1000 14 4 41
0 1005 8 4 11
409 1005 5 9 22
450 1005 2 1 2
514 1006 16 15 97
558 1006 5 2 6
376 1008 1 1 1
865 1009 6 12 62
434 1010 3 4 10
931 1011 8 18 116
230 1017 3 2 3
949 1017 1 4 4
1820 1020 2 2 2
361 1023 6 2 8
487 1025 3 2 3
665 1025 1 1 1
681 1025 4 13 45
785 1025 19 22 133
982 1025 2 4 7
1113 1025 5 8 18
259 1026 3 2 3
539 1026 2 1 2
544 1027 4 3 8
850 1027 3 7 17
383 1028 2 1 2
437 1029 11 5 15
527 1029 1 1 1
606 1029 2 1 2
35 1030 7 10 34
996 1031 1 3 3
1345 1030 2 6 11
144 1033 3 2 5
263 1033 8 3 12
557 1033 1 1 1
1009 1032 2 3 4
109 1034 2 1 2
105 1036 1 1 1
374 1036 2 1 2
101 1039 2 1 2
147 1039 1 2 2
100 1041 1 1 1
349 1040 1 1 1
395 1041 1 1 1
397 1040 2 1 2
473 1040 1 1 1
496 1040 4 3 6
176 1042 4 2 6
487 1042 2 1 2
324 1045 2 1 2
432 1044 4 3 9
1241 1045 3 2 5
15 1047 1 1 1
198 1047 1 1 1
229 1046 3 2 5
519 1046 4 4 10
618 1047 2 1 2
661 1047 1 1 1
1288 1049 10 21 155
1331 1049 7 20 60
1462 1048 24 40 668
13 1050 1 1 1
355 1051 3 2 5
424 1051 1 1 1
532 1053 6 10 16
1226 1052 3 9 18
682 1054 1 1 1
192 1057 1 1 1
473 1057 8 5 34
505 1057 2 2 4
677 1057 1 1 1
793 1057 1 2 2
185 1058 6 3 9
247 1059 2 2 3
646 1058 3 6 12
630 1060 6 8 26
69 1063 1 1 1
178 1062 2 2 3
415 1063 8 3 11
1008 1063 6 17 55
1504 1062 1 1 1
325 1065 2 1 2
449 1065 1 1 1
806 1064 2 7 8
1062 1064 2 3 5
1169 1064 1 1 1
573 1066 1 1 1
1166 1067 2 1 2
80 1068 4 3 7
142 1069 1 1 1
460 1069 2 2 3
667 1069 3 1 3
311 1070 1 1 1
395 1071 1 1 1
572 1071 1 1 1
616 1071 2 1 2
163 1073 4 2 5
347 1073 1 1 1
384 1072 1 1 1
487 1073 13 8 36
563 1072 4 15 37
650 1072 1 2 2
1266 1073 1 4 4
413 1075 3 1 3
476 1074 1 1 1
588 1074 7 3 13
38 1077 1 1 1
207 1076 5 3 9
578 1076 1 1 1
1125 1076 1 1 1
16 1079 2 2 2
801 1078 2 3 6
58 1081 1 1 1
231 1081 1 1 1
359 1081 1 1 1
436 1081 11 11 59
51 1082 6 2 10
384 1083 1 1 1
662 1083 1 1 1
512 1084 2 1 2
718 1084 150 26 439
548 1087 5 3 12
131 1088 1 1 1
302 1089 1 1 1
318 1088 3 1 3
408 1089 1 1 1
426 1089 2 2 3
646 1089 4 8 24
252 1091 1 1 1
386 1090 9 4 33
1027 1091 2 3 5
14 1092 1 1 1
122 1095 1 1 1
38 1096 1 1 1
99 1096 1 1 1
547 1096 14 7 35
637 1096 1 1 1
656 1096 10 17 101
181 1099 13 14 87
385 1099 18 10 38
412 1098 2 1 2
492 1098 2 1 2
523 1098 9 6 40
980 1099 1 2 2
1747 1099 17 6 71
201 1100 2 2 3
212 1100 2 1 2
275 1101 2 1 2
291 1101 2 2 3
459 1100 2 2 3
448 1103 2 1 2
471 1102 4 3 9
577 1103 3 2 4
76 1104 2 2 2
283 1105 3 2 5
584 1105 4 16 31
689 1105 1 1 1
1038 1104 1 2 2
1218 1105 1 1 1
62 1106 1 1 1
627 1106 4 3 8
1120 1106 1 1 1
251 1109 1 1 1
643 1108 4 2 6
156 1111 2 2 3
536 1110 2 2 4
606 1110 1 1 1
463 1113 1 1 1
366 1115 1 1 1
398 1115 2 1 2
431 1115 4 1 4
478 1115 1 1 1
302 1117 13 6 26
405 1116 2 2 4
545 1116 9 7 17
858 1117 1 1 1
958 1116 1 3 3
20 1118 1 1 1
784 1118 1 1 1
1075 1118 1 2 2
1110 1118 7 18 73
1430 1118 14 25 194
7 1121 3 2 4
376 1120 9 5 26
459 1121 12 18 76
37 1122 1 1 1
170 1122 9 7 24
326 1122 7 3 16
279 1124 1 1 1
421 1125 5 9 17
454 1124 2 2 3
542 1124 1 1 1
1163 1124 5 5 13
1301 1125 1 3 3
36 1126 1 1 1
77 1127 1 1 1
79 1126 1 1 1
364 1126 1 1 1
539 1126 1 2 2
1232 1126 1 2 2
161 1129 1 1 1
195 1129 4 2 5
341 1130 1 1 1
570 1131 5 1 5
711 1130 3 5 9
53 1132 2 3 5
214 1133 1 1 1
1071 1133 2 6 11
360 1135 2 2 3
535 1135 1 1 1
904 1135 3 7 16
1098 1135 1 1 1
200 1136 1 1 1
349 1137 33 17 179
637 1137 5 22 28
217 1139 3 1 3
63 1141 2 2 2
192 1140 7 3 13
308 1141 2 1 2
348 1140 3 3 7
944 1140 4 14 41
1024 1140 1 2 2
1036 1141 2 4 7
413 1143 2 1 2
620 1142 9 5 15
685 1142 4 10 33
1079 1142 2 1 2
1343 1142 10 15 86
782 1144 7 8 44
164 1147 1 1 1
411 1146 2 2 3
543 1146 12 19 95
756 1146 7 11 44
120 1148 1 1 1
489 1148 1 1 1
1165 1148 1 1 1
1600 1149 2 2 3
165 1150 2 1 2
406 1151 1 1 1
664 1150 3 2 5
740 1151 2 3 5
37 1152 5 2 7
516 1153 12 7 57
611 1153 1 1 1
703 1152 4 11 28
791 1153 3 10 26
1524 1153 1 1 1
35 1154 1 1 1
170 1155 5 2 10
403 1155 1 1 1
1022 1154 3 5 15
253 1157 5 2 8
620 1157 1 4 4
688 1157 1 1 1
764 1157 2 1 2
56 1158 2 2 3
479 1160 4 3 10
534 1160 1 1 1
624 1161 3 6 12
656 1161 6 5 17
717 1160 1 1 1
921 1161 2 5 9
994 1161 2 11 17
1350 1161 2 1 2
288 1163 5 2 8
375 1162 6 8 25
394 1162 1 1 1
408 1163 5 2 8
1277 1162 1 1 1
0 1164 14 6 39
95 1164 3 2 4
175 1164 1 1 1
315 1165 6 4 17
493 1164 5 4 16
1200 1164 1 1 1
143 1166 1 1 1
215 1166 6 3 11
556 1166 16 9 74
735 1167 1 1 1
1086 1167 1 1 1
148 1168 4 2 8
191 1168 14 11 69
249 1168 1 1 1
515 1169 2 1 2
667 1168 1 1 1
1294 1169 1 1 1
116 1171 4 2 4
207 1170 1 1 1
304 1170 3 2 5
321 1170 4 4 14
469 1170 2 1 2
499 1171 1 1 1
629 1170 4 3 10
755 1174 1 1 1
1323 1174 1 1 1
56 1177 6 3 12
508 1176 1 1 1
10 1178 1 1 1
243 1178 1 1 1
249 1179 6 12 43
261 1179 1 1 1
356 1179 5 3 8
574 1179 5 2 9
100 1181 1 1 1
300 1180 2 2 2
1128 1181 1 5 5
36 1182 3 2 5
344 1183 2 1 2
505 1183 1 1 1
543 1182 1 1 1
990 1182 1 2 2
116 1184 5 3 9
343 1185 1 1 1
425 1184 1 1 1
0 1186 2 1 2
325 1186 16 10 50
377 1186 6 2 8
392 1186 2 2 2
447 1186 4 7 14
478 1187 1 1 1
40 1189 12 6 40
1807 1189 1 1 1
5 1191 10 2 14
214 1191 5 3 5
536 1191 6 7 28
565 1191 7 20 36
579 1191 2 1 2
642 1190 3 2 4
869 1190 1 1 1
1004 1190 1 1 1
1127 1190 1 2 2
278 1193 1 1 1
319 1192 2 1 2
424 1192 22 16 112
30 1195 2 1 2
191 1195 2 2 2
295 1195 1 1 1
310 1195 1 1 1
140 1196 1 1 1
154 1196 1 2 2
238 1196 22 18 79
341 1197 2 1 2
710 1196 1 1 1
97 1200 6 4 16
394 1201 1 2 2
524 1201 13 13 68
712 1200 10 3 16
821 1200 1 1 1
970 1200 1 3 3
1560 1200 1 1 1
304 1202 2 2 3
318 1203 1 1 1
463 1203 3 8 15
676 1203 3 3 5
9 1204 1 1 1
59 1204 1 1 1
323 1204 1 1 1
517 1204 1 1 1
1053 1205 5 8 29
48 1207 2 2 3
175 1207 1 2 2
479 1207 5 3 11
490 1206 1 1 1
359 1209 6 7 17
447 1209 1 1 1
504 1209 1 2 2
853 1208 1 1 1
1088 1209 5 8 30
1532 1208 2 1 2
266 1210 29 11 69
330 1210 1 1 1
585 1211 2 2 3
644 1211 4 7 11
1113 1211 3 2 4
51 1212 5 1 5
155 1213 1 1 1
396 1213 1 1 1
415 1213 3 3 6
452 1213 1 1 1
703 1213 1 1 1
775 1213 4 15 23
327 1214 3 3 6
402 1214 1 2 2
546 1214 5 9 17
1000 1216 4 1 4
1343 1217 1 1 1
373 1219 1 1 1
476 1218 1 2 2
661 1218 12 4 18
118 1220 5 2 8
405 1221 8 7 35
617 1220 1 1 1
353 1223 1 5 5
374 1222 1 1 1
990 1222 2 1 2
1303 1222 2 6 7
86 1225 1 3 3
459 1225 1 3 3
11 1226 1 2 2
563 1227 1 1 1
