0 0 1840 1228 2237522
1301 0 3 7 19
1354 0 5 4 14
1762 0 38 161 368
1509 6 3 3 7
1329 10 1 1 1
958 13 4 4 13
1310 13 9 13 73
1379 13 1 3 3
1528 12 6 16 59
1448 21 6 8 28
1800 23 5 14 52
1500 24 7 13 61
1438 31 1 3 3
1605 30 1 5 5
1394 40 3 2 5
1754 42 2 1 2
1605 49 2 19 27
1499 50 5 7 28
1057 82 1 1 1
1183 93 7 7 35
1442 102 1 1 1
1319 130 1 1 1
1486 162 3 3 6
1776 176 3 23 50
232 194 1 6 6
935 194 3 9 20
1130 198 2 3 4
700 214 2 1 2
710 215 1 1 1
719 216 2 1 2
728 217 2 1 2
737 218 1 1 1
745 219 3 1 3
754 220 2 1 2
763 221 2 1 2
229 233 2 47 51
619 252 3 3 8
1044 254 1 1 1
1052 255 1 1 1
1060 256 1 1 1
1069 257 1 1 1
1077 258 1 1 1
1085 259 1 1 1
1102 258 6 7 21
1093 260 1 1 1
1126 264 1 1 1
1150 267 2 1 2
1486 268 2 7 11
1273 273 4 5 18
794 275 4 7 22
971 283 3 4 8
228 287 1 17 17
1126 288 12 23 145
224 306 4 78 91
1057 312 1 4 4
1351 314 7 18 50
1056 317 1 1 1
1168 316 3 6 13
1124 320 14 24 185
787 327 4 8 22
664 356 5 1 5
673 357 9 1 9
687 358 9 1 9
698 359 3 1 3
720 360 8 1 8
733 361 9 1 9
744 362 9 1 9
755 363 9 1 9
768 364 7 1 7
781 365 5 1 5
806 366 2 1 2
1033 385 9 1 9
1114 385 16 18 51
386 387 5 4 20
1044 386 10 1 10
1055 387 1 1 1
1412 386 6 11 51
1070 388 6 1 6
1080 389 7 1 7
1091 390 9 1 9
1102 391 8 1 8
1142 394 3 1 3
1150 395 5 1 5
558 397 6 5 17
712 398 73 16 156
1444 399 6 8 29
661 402 41 8 54
1338 410 9 1 9
706 413 6 1 6
1367 412 3 1 3
1377 413 3 1 3
802 414 10 2 11
1387 414 4 1 4
1420 417 7 2 13
789 418 6 1 6
1139 425 1 1 1
1589 431 1 1 1
1072 432 58 6 91
1143 438 4 1 4
1359 439 2 6 10
1133 441 4 1 4
1061 451 5 7 31
1343 451 7 2 11
1413 455 4 5 16
1409 463 4 1 4
1618 471 6 1 6
1642 473 2 1 2
915 474 3 2 5
1654 474 3 1 3
1215 481 5 5 18
1378 495 8 8 43
1356 507 2 4 6
1411 519 7 14 83
1287 537 2 6 9
1288 553 1 3 3
1024 635 1 1 1
1308 638 6 7 32
1396 653 2 7 13
1028 662 1 1 1
1017 682 1 1 1
1018 684 1 1 1
1021 693 1 1 1
1014 694 1 1 1
1027 700 1 1 1
1011 712 10 12 45
1076 719 2 1 2
1031 721 1 1 1
759 723 9 1 9
696 724 17 1 17
1026 725 1 1 1
761 736 5 6 25
1050 738 1 1 1
1025 741 3 11 28
1159 773 3 3 7
891 785 1 1 1
537 788 3 2 4
1063 793 1 1 1
1044 810 1 1 1
965 847 1 1 1
522 866 1 1 1
961 868 1 1 1
900 873 1 1 1
930 886 1 1 1
873 893 1 1 1
899 904 1 1 1
900 906 1 1 1
901 917 1 1 1
993 923 1 1 1
974 925 1 1 1
1218 925 1 1 1
874 931 1 1 1
868 932 3 8 10
903 932 1 2 2
989 933 1 1 1
1188 932 1 1 1
1112 935 1 1 1
972 939 1 1 1
1009 938 2 2 2
839 940 1 1 1
849 941 22 16 131
904 942 1 2 2
1008 943 1 1 1
1001 947 1 1 1
873 955 1 1 1
1080 955 1 2 2
1403 955 1 1 1
1129 956 1 1 1
838 960 1 1 1
863 962 1 2 2
1753 963 2 1 2
855 969 4 6 14
849 975 1 1 1
860 975 1 1 1
882 974 1 1 1
866 979 4 7 16
871 986 1 1 1
1239 987 1 1 1
877 989 1 1 1
950 988 373 115 18102
878 991 2 7 8
181 1006 8 1 8
889 1009 7 7 13
888 1017 1 1 1
918 1022 20 16 113
908 1029 4 1 4
647 1031 1 1 1
930 1037 44 54 799
926 1048 1 1 1
625 1058 1 1 1
637 1059 2 1 2
1554 1060 2 1 2
593 1102 1 1 1
728 1145 2 1 2
1434 1145 3 2 3
724 1146 3 2 4
607 1150 5 7 24
