0 0 1840 1228 2085455
59 0 14 24 148
119 0 8 19 87
492 0 38 28 567
966 0 3 1 3
1101 0 11 12 108
1133 0 4 2 7
1179 0 16 19 230
1251 0 16 10 65
1582 5 27 36 683
873 6 7 11 62
1662 7 27 29 535
266 9 63 53 1122
426 8 20 24 353
1376 9 5 3 12
645 12 21 40 719
1126 12 2 3 6
986 14 17 30 375
1196 17 7 10 60
137 20 16 15 115
1356 20 5 4 16
908 22 16 40 296
1323 23 4 4 13
794 25 9 17 127
806 25 27 42 802
758 26 22 32 544
1252 37 4 6 18
55 38 81 27 997
1016 43 12 23 219
1214 43 5 4 13
1237 45 6 7 35
1128 46 4 5 14
238 49 10 5 32
501 49 11 19 158
1275 48 11 13 111
1360 50 7 8 36
1723 51 78 119 4158
1122 55 4 6 19
1187 55 3 3 6
1206 54 4 4 11
1332 54 14 10 67
428 56 9 11 81
1170 58 4 5 15
890 62 10 15 112
977 62 10 18 124
543 65 10 15 124
227 69 11 12 105
1096 69 12 20 173
1190 68 15 3 37
1215 68 45 36 684
0 70 61 103 464
740 70 21 42 730
930 70 14 29 285
566 75 19 37 589
1070 76 11 18 152
1346 77 5 4 15
325 83 15 39 375
915 83 4 6 19
164 91 10 20 147
1316 93 13 18 171
781 97 29 29 258
1664 96 11 9 70
263 101 8 11 58
1684 101 41 33 633
478 103 16 13 168
1001 102 25 45 862
989 108 2 1 2
966 111 9 11 67
302 112 9 9 49
462 112 9 11 77
1340 112 6 6 24
212 115 6 3 13
432 117 23 40 589
887 118 9 14 102
907 120 8 13 78
646 124 22 42 764
1219 125 6 11 50
494 129 11 15 109
736 128 7 14 86
214 131 9 5 33
315 130 12 12 92
1384 133 3 3 4
1710 132 11 7 65
1035 135 11 16 127
1266 134 5 9 34
1314 134 6 10 39
1365 137 1 1 1
1350 141 69 64 1861
269 142 4 3 6
1075 145 5 11 35
1292 149 11 15 130
1206 151 11 9 54
1327 152 6 6 28
1136 155 4 5 14
588 157 13 24 269
972 158 12 16 115
1311 159 12 17 150
302 163 4 4 11
788 162 7 13 78
894 163 17 25 283
744 166 44 67 1242
1165 167 4 7 25
330 168 6 4 17
138 172 3 2 5
955 172 8 16 93
1102 172 6 9 41
489 175 10 17 127
143 177 1 1 1
509 179 10 16 125
1137 183 3 3 9
1326 182 7 11 55
437 184 11 11 82
1563 184 27 19 382
273 186 26 19 261
1587 186 66 69 1936
389 193 13 21 219
1001 193 6 10 45
868 195 9 14 94
352 196 8 10 53
1258 197 4 4 12
902 198 23 41 427
1297 198 4 3 8
313 200 25 28 412
468 200 18 18 226
1113 205 2 3 5
707 206 3 1 3
1126 207 5 8 29
1218 206 4 4 16
1431 209 43 60 1884
986 210 4 4 12
719 213 45 83 1577
419 214 11 17 158
970 214 4 5 17
1218 216 9 18 75
1288 221 1 1 1
262 222 18 16 199
860 225 7 10 60
1044 225 9 11 71
1100 225 5 6 21
1292 225 4 5 17
1205 226 3 5 12
604 229 13 22 208
1634 228 27 39 587
436 230 11 23 184
812 231 5 9 32
947 231 5 7 33
1669 235 7 6 30
1021 237 7 6 39
1194 236 11 12 84
414 238 11 17 157
1132 239 28 41 640
1745 238 57 51 1104
499 240 9 13 95
983 240 8 13 91
1214 243 21 29 223
383 245 11 13 117
469 244 11 11 86
137 247 11 9 62
962 249 5 9 36
822 251 5 7 27
859 255 11 17 120
1183 255 5 9 34
694 256 1 1 1
1249 259 4 6 19
781 260 5 6 13
1044 260 49 79 2455
1199 261 4 4 11
1812 263 28 18 289
1605 265 23 24 407
1329 266 9 10 68
332 270 11 13 107
447 272 33 39 423
956 274 3 2 4
774 277 4 5 15
1100 276 7 9 39
1189 277 3 3 9
257 279 8 4 22
502 279 1 1 1
576 279 1 1 1
822 279 6 12 64
279 281 7 5 24
924 281 11 32 186
986 285 26 33 678
1195 284 4 4 14
198 286 6 3 15
217 288 9 7 45
514 289 2 2 2
1023 289 4 6 18
1251 288 3 4 10
836 295 6 12 60
878 296 5 11 51
1149 297 4 6 20
313 299 3 5 11
596 298 1 1 1
1281 298 33 22 288
898 300 6 10 45
1161 301 6 7 27
1316 300 5 6 20
1822 300 3 3 5
382 304 6 8 38
612 305 1 1 1
372 307 1 1 1
1190 306 4 5 15
199 308 2 1 2
342 308 3 1 3
430 310 1 1 1
573 311 1 1 1
1261 311 3 2 5
721 313 1 1 1
171 315 13 15 154
1693 315 42 49 1425
281 317 4 4 9
522 316 9 12 89
598 316 1 1 1
852 316 14 39 369
1129 316 16 53 583
332 318 16 35 176
1081 321 21 30 169
1238 320 6 16 58
689 323 3 2 4
704 323 1 1 1
712 322 3 1 3
775 326 3 2 3
956 327 3 4 11
987 327 5 10 37
1193 326 14 5 35
416 329 5 4 14
1032 328 5 9 36
933 331 5 12 35
952 331 2 4 7
372 332 5 3 12
702 333 6 11 52
483 334 1 2 2
1274 334 4 6 16
250 336 1 1 1
967 338 1 1 1
1003 338 3 5 14
1029 339 2 1 2
1488 338 5 5 11
949 341 1 1 1
1219 340 13 17 140
308 343 1 1 1
594 343 11 16 140
463 344 49 66 674
614 344 1 1 1
272 346 2 1 2
1188 346 10 16 82
653 351 11 17 127
1060 350 7 4 16
1740 351 49 49 1724
1836 353 4 1 4
246 355 4 1 4
1206 356 7 7 39
1086 359 1 1 1
1257 359 14 18 107
544 361 1 1 1
914 360 14 23 124
421 362 4 7 21
750 363 4 6 21
630 364 1 1 1
715 364 1 1 1
429 367 16 13 147
1806 367 34 26 557
588 368 2 1 2
895 368 3 1 3
943 368 4 4 11
737 371 2 1 2
238 373 7 4 24
599 373 1 1 1
1094 372 1 1 1
1157 373 5 15 37
1220 372 6 12 52
1236 372 19 18 142
767 375 4 3 8
1062 375 4 7 17
1098 375 1 1 1
456 377 6 9 35
695 376 2 1 2
854 377 19 19 239
564 379 1 1 1
581 379 2 1 2
605 379 6 12 36
661 380 1 1 1
223 382 1 1 1
391 382 3 5 8
566 383 1 1 1
882 383 12 13 82
908 383 1 1 1
975 382 7 18 93
1099 383 3 2 5
1122 383 1 1 1
274 385 6 4 15
755 385 3 2 4
927 384 32 36 554
1227 385 5 6 28
1464 385 56 69 2009
587 387 10 16 113
620 387 22 30 468
1012 387 18 29 384
1385 386 1 1 1
1416 386 19 27 313
327 388 3 5 12
813 388 1 1 1
1058 389 2 3 5
1073 388 2 3 6
1358 389 5 2 9
253 390 2 2 4
911 391 2 1 2
521 395 8 14 83
566 395 1 1 1
923 394 4 9 13
1197 395 4 5 13
1630 394 3 2 5
1158 397 4 6 18
1378 399 1 2 2
1403 399 2 1 2
714 400 5 10 39
1055 401 3 5 11
1537 400 20 20 292
666 402 1 2 2
836 403 2 1 2
1194 403 3 3 9
244 404 1 1 1
409 405 6 9 38
767 405 4 6 19
1288 405 3 4 11
575 406 1 1 1
668 406 31 39 407
1576 407 11 11 81
1100 408 2 3 6
1185 408 42 71 1179
782 410 4 7 24
1046 410 1 1 1
1079 411 2 1 2
1741 410 50 34 1008
109 412 2 1 2
607 413 2 1 2
872 413 1 1 1
1160 412 4 6 20
925 414 4 8 27
1198 415 2 1 2
225 416 1 1 1
355 417 10 12 70
475 417 1 1 1
571 416 1 1 1
838 416 6 10 39
1609 416 10 10 76
188 418 6 3 16
296 419 7 11 67
589 418 2 1 2
754 419 2 3 4
897 419 16 14 92
493 420 7 10 54
1087 421 1 1 1
478 423 1 1 1
513 423 3 2 4
614 422 1 1 1
703 422 3 2 3
540 425 2 1 2
644 424 11 20 156
716 425 7 8 42
937 425 54 34 829
1076 425 4 6 21
1127 424 1 2 2
851 427 6 10 52
879 426 2 2 4
799 428 7 17 67
1461 428 3 1 3
152 430 2 1 2
589 430 14 11 29
863 431 10 23 120
930 430 1 2 2
1042 430 7 11 61
1239 430 4 4 7
1272 430 4 5 15
305 432 2 2 4
1541 432 1 1 1
478 434 7 10 51
727 435 15 33 279
1080 434 4 6 20
1094 434 1 1 1
1157 435 3 4 9
1013 436 1 1 1
1418 437 19 21 256
764 439 14 28 299
511 441 1 1 1
755 441 1 1 1
1097 440 39 56 833
1146 441 2 2 3
1266 441 2 1 2
426 443 11 10 24
849 442 1 1 1
883 443 1 1 1
926 443 1 1 1
1177 442 2 1 2
1780 443 53 59 1949
450 444 5 1 5
577 444 10 10 33
997 444 3 5 10
1537 445 7 6 32
300 447 4 4 14
657 446 40 28 789
456 449 3 3 6
538 449 19 25 153
1029 449 3 4 8
445 450 1 1 1
1074 451 7 8 31
513 453 1 2 2
893 452 13 5 48
1274 453 2 2 3
176 454 2 1 2
326 455 4 8 20
536 455 1 1 1
983 455 1 1 1
1756 454 3 2 4
814 457 1 1 1
1226 457 26 42 748
565 459 1 1 1
809 459 2 1 2
1279 458 1 1 1
42 461 13 9 78
310 460 1 1 1
461 461 1 1 1
571 460 1 1 1
1002 460 7 12 73
1082 460 1 1 1
1324 460 2 1 2
155 463 2 2 3
217 463 2 2 3
465 462 13 6 28
867 463 14 30 201
1390 463 1 1 1
1558 462 4 3 11
1431 465 1 1 1
221 467 2 7 8
285 466 2 1 2
717 467 1 1 1
908 466 1 1 1
920 466 1 1 1
437 469 7 9 51
750 468 4 7 20
930 469 1 1 1
1041 468 1 1 1
511 471 4 3 9
1172 471 4 5 15
1758 471 6 3 10
1772 470 1 1 1
565 472 10 3 17
798 472 1 1 1
1043 473 3 10 17
1073 473 20 31 325
1400 473 5 4 7
334 475 8 11 73
504 475 1 1 1
552 475 4 1 4
1342 475 2 1 2
579 476 1 2 2
646 477 1 1 1
765 477 2 3 4
782 476 1 1 1
341 478 41 29 402
427 478 6 7 37
715 479 1 1 1
1313 479 2 2 3
616 480 3 1 3
1385 480 1 1 1
778 483 1 1 1
820 482 4 7 25
1156 483 3 8 19
247 484 1 1 1
497 484 20 16 128
774 485 1 1 1
919 485 3 2 6
1317 485 1 1 1
1427 484 1 1 1
1478 484 26 21 273
1548 484 7 3 14
393 486 2 1 2
525 486 1 1 1
903 486 7 12 59
1168 486 2 2 4
1296 487 1 2 2
1616 487 1 1 1
486 489 1 1 1
566 489 1 1 1
735 489 1 1 1
738 488 1 1 1
1034 491 1 1 1
1183 491 24 28 393
1310 490 3 2 5
1627 491 59 39 1337
485 493 1 1 1
1151 493 3 5 11
1361 492 1 1 1
536 494 2 2 4
557 494 3 2 5
641 494 2 1 2
682 494 2 1 2
700 494 6 13 47
808 494 1 1 1
1069 495 2 4 7
144 496 1 1 1
720 496 1 1 1
774 497 1 1 1
860 496 7 13 62
1557 497 9 8 50
538 498 2 2 4
598 498 7 1 7
843 499 1 1 1
1135 498 5 8 25
269 502 4 3 11
449 502 19 8 73
540 502 2 1 2
1212 503 3 3 7
477 504 6 8 35
1046 504 1 1 1
1062 505 2 1 2
1474 504 2 1 2
1511 505 4 2 4
1831 505 1 1 1
401 506 1 1 1
768 507 3 3 7
1126 507 4 5 19
680 509 1 1 1
1047 509 2 2 4
1299 509 1 1 1
546 511 1 1 1
678 511 1 1 1
1408 511 21 41 521
393 513 1 1 1
723 513 3 1 3
1018 512 3 5 11
1049 514 1 1 1
1121 515 4 7 21
1544 514 27 13 150
205 516 1 2 2
247 517 1 1 1
1101 517 2 4 8
1136 516 1 1 1
1208 516 12 10 77
267 519 1 1 1
696 519 1 1 1
895 519 6 9 49
1045 519 17 19 164
1072 519 4 7 21
1154 519 10 7 33
1330 519 1 1 1
400 521 9 17 93
500 521 1 1 1
528 520 2 1 2
646 520 1 1 1
744 520 2 1 2
1598 521 1 1 1
16 522 1 1 1
519 523 1 1 1
751 523 14 14 74
670 524 2 1 2
771 525 30 48 585
1089 524 1 1 1
166 527 1 1 1
341 527 1 1 1
830 526 2 3 6
875 527 3 3 9
1359 527 2 1 2
373 528 1 1 1
1025 528 2 2 3
1454 528 18 23 250
1743 528 2 1 2
435 530 1 1 1
579 530 10 15 107
734 531 1 1 1
1134 531 1 1 1
1225 531 1 1 1
732 533 1 1 1
845 532 4 7 24
1002 533 30 45 626
1035 533 2 2 4
1235 532 1 1 1
1509 532 2 1 2
1657 532 115 78 3143
1579 534 9 14 42
744 537 1 1 1
811 537 1 1 1
879 536 1 1 1
305 539 20 11 111
749 538 1 1 1
1189 538 2 2 3
1515 539 33 22 374
1798 538 37 65 1447
827 540 1 1 1
853 540 2 2 3
871 541 3 3 9
968 540 5 6 29
1218 540 1 1 1
1481 541 1 1 1
713 542 1 1 1
1311 543 2 1 2
1498 542 1 1 1
232 545 1 1 1
544 545 1 1 1
1067 545 1 1 1
1126 544 4 2 6
991 547 2 3 5
1222 547 3 7 17
184 548 1 1 1
610 548 1 1 1
655 549 1 1 1
749 548 2 3 5
1155 549 3 9 14
1348 551 2 1 2
1397 550 2 1 2
1616 550 32 35 795
277 552 1 1 1
584 552 2 2 4
891 552 2 5 10
970 554 20 32 499
1427 554 1 1 1
1662 555 3 1 3
471 557 5 7 30
516 556 6 8 45
594 557 1 1 1
697 558 26 23 209
765 559 1 1 1
260 561 1 1 1
450 560 7 8 43
1571 560 1 1 1
212 563 5 5 18
748 563 1 1 1
1089 563 15 7 45
1126 563 2 1 2
1171 562 1 1 1
1217 563 8 11 55
1401 562 22 42 565
411 564 6 7 34
426 564 1 1 1
1078 564 2 1 2
1118 564 7 8 37
1239 565 7 8 47
1310 564 8 10 27
1384 565 2 2 3
805 566 1 1 1
836 567 1 1 1
893 567 2 2 3
943 567 5 5 21
271 569 5 3 13
374 569 9 14 98
839 568 2 1 2
911 568 12 15 65
1157 569 12 8 72
476 571 14 5 29
523 570 6 10 29
1109 570 1 1 1
1503 570 1 1 1
294 572 7 8 47
853 573 14 11 110
1282 572 13 9 82
0 574 12 7 61
166 574 2 1 2
797 574 2 1 2
1061 574 1 2 2
1129 574 9 6 25
1345 575 2 2 4
1493 574 2 1 2
330 576 1 1 1
1004 577 7 11 70
1063 576 1 1 1
1111 576 1 1 1
1113 577 1 4 4
1757 576 3 3 5
492 578 5 4 19
1086 578 1 1 1
148 581 3 3 5
313 581 20 13 155
679 580 6 7 31
595 583 2 2 3
776 582 1 1 1
1195 582 2 1 2
1278 583 1 1 1
1436 582 3 2 4
370 584 5 5 25
1068 584 1 1 1
1150 585 17 14 98
125 586 2 1 2
629 586 1 1 1
773 586 2 1 2
1015 586 21 13 124
741 589 3 3 8
1056 588 1 1 1
1232 589 6 8 40
1315 588 1 1 1
1333 588 3 2 6
640 590 2 5 6
867 591 5 7 34
1218 591 1 1 1
1334 591 21 20 227
474 593 1 1 1
1062 593 3 3 9
891 595 54 48 1060
1050 594 3 4 10
1081 595 1 1 1
1178 595 2 4 7
1369 596 12 16 124
1559 597 6 2 9
298 599 1 1 1
875 598 5 8 39
983 598 2 2 2
1444 599 4 5 16
301 600 2 1 2
369 600 1 1 1
462 600 1 1 1
516 600 2 2 3
745 601 4 12 27
780 601 6 7 25
1085 600 5 5 23
1131 600 17 14 66
1577 600 1 2 2
318 602 32 18 173
362 602 1 1 1
372 602 1 1 1
996 603 1 2 2
1226 603 1 1 1
1572 603 1 1 1
412 605 1 1 1
683 605 1 1 1
1124 604 4 2 6
1452 604 18 21 255
883 606 5 10 22
997 606 1 1 1
1254 606 4 2 6
1066 609 1 1 1
1180 609 2 2 3
1195 608 4 6 17
1656 608 14 9 48
446 610 1 1 1
491 610 1 1 1
505 611 3 3 5
693 611 1 1 1
1038 610 1 2 2
824 613 4 3 9
957 612 9 14 43
1068 613 2 1 2
1398 613 2 3 5
1525 613 87 78 2163
516 615 14 14 102
860 614 29 31 279
1114 615 6 7 20
1711 616 6 2 7
763 618 1 1 1
1835 619 5 12 18
667 620 16 23 301
1045 620 12 7 33
1732 620 2 2 3
1776 620 1 1 1
159 622 2 2 3
241 622 1 1 1
481 623 3 2 4
822 622 18 14 122
1074 623 1 2 2
1195 623 1 1 1
341 624 1 1 1
490 625 17 12 105
1049 625 20 35 287
1081 625 1 1 1
1173 624 7 14 28
1608 624 1 1 1
787 627 3 4 11
997 626 1 2 2
1212 627 3 2 4
1610 626 1 1 1
1637 627 1 1 1
1725 627 2 1 2
377 628 11 8 45
975 628 12 11 37
1111 628 2 3 5
1102 628 64 91 1392
1752 629 1 1 1
428 631 2 2 4
999 631 1 4 4
1085 630 3 4 11
1392 631 4 3 9
1646 631 26 26 470
596 633 1 1 1
960 632 2 2 2
1306 633 2 1 2
1364 633 1 1 1
733 634 1 1 1
840 635 1 2 2
1033 634 2 3 6
1311 635 2 2 3
1395 635 41 41 904
221 637 1 1 1
1682 636 1 1 1
1038 638 2 2 3
1074 638 2 3 5
1270 638 3 3 5
1680 639 58 31 987
199 641 1 1 1
347 640 1 1 1
349 641 8 8 55
780 640 5 6 20
978 641 1 1 1
1115 640 1 1 1
1158 641 6 12 38
1485 641 20 16 125
473 643 2 2 2
625 643 13 24 185
745 643 3 4 7
1004 642 1 3 3
1348 643 2 2 2
368 644 11 9 59
466 645 3 1 3
1084 644 3 6 15
1462 644 5 6 16
460 647 4 5 16
701 647 20 19 183
830 646 2 2 4
848 646 19 21 186
559 648 1 2 2
1280 648 7 3 16
485 651 1 1 1
530 651 2 2 3
1028 651 2 3 6
1759 651 1 2 2
976 653 4 4 10
1149 652 2 1 2
387 654 6 6 23
186 657 2 2 3
503 657 1 1 1
561 656 1 1 1
583 657 1 1 1
826 656 2 2 4
1031 656 6 7 35
1067 656 7 12 29
536 659 10 18 129
671 659 3 5 12
723 658 13 21 173
1269 658 1 1 1
0 661 14 9 109
314 664 4 6 15
347 665 1 1 1
467 665 11 6 35
751 665 3 3 8
971 665 1 2 2
1090 664 2 4 6
604 666 1 3 3
358 668 7 9 54
828 668 15 18 188
974 668 20 22 156
1077 669 1 1 1
1094 668 3 2 5
1310 668 8 14 32
1372 668 1 1 1
687 670 1 1 1
931 671 4 4 10
190 673 2 2 3
1026 673 1 2 2
1080 672 1 2 2
409 675 1 1 1
856 674 5 7 29
1043 674 43 33 577
1208 674 2 1 2
1333 674 1 1 1
1343 674 3 1 3
455 677 4 3 8
608 676 4 4 15
644 676 5 7 25
1011 676 11 5 28
1519 676 31 36 805
1800 677 15 6 22
172 679 1 1 1
1340 678 58 43 1161
1507 678 1 1 1
1670 678 1 1 1
899 681 15 10 52
1262 680 3 3 6
1288 681 1 1 1
1095 683 1 1 1
1668 683 32 25 474
223 685 1 1 1
337 684 8 11 39
437 685 5 7 31
1710 685 31 37 643
464 686 1 1 1
494 686 2 2 2
1095 687 26 42 571
484 688 8 8 46
625 689 2 2 3
813 689 1 2 2
271 690 3 3 5
871 690 11 10 55
1761 691 3 2 5
757 693 2 1 2
1178 693 1 1 1
1338 692 1 1 1
43 694 2 1 2
394 695 17 7 84
418 694 1 1 1
458 695 1 1 1
1629 695 27 27 543
420 696 1 1 1
443 696 3 2 6
911 697 2 2 3
1301 696 1 1 1
1432 696 54 47 905
119 698 1 1 1
432 699 2 3 5
830 698 4 3 11
960 699 1 1 1
970 699 14 13 72
1182 699 1 1 1
1231 698 1 2 2
268 701 2 1 2
467 700 2 1 2
605 701 1 1 1
1183 701 3 1 3
1229 700 1 1 1
1279 701 3 3 7
664 703 1 2 2
670 703 13 21 206
824 703 3 3 8
1763 702 2 1 2
717 705 37 22 349
806 704 2 2 3
956 705 5 14 42
1212 704 3 1 3
497 707 1 1 1
577 707 2 1 2
701 707 1 1 1
835 706 4 9 21
1087 706 1 3 3
1240 706 2 1 2
1246 706 14 15 90
1409 706 13 15 134
281 708 8 9 54
390 708 1 1 1
457 708 4 3 10
470 708 1 1 1
561 709 8 12 81
889 708 6 8 43
1084 709 1 1 1
420 710 6 7 37
1293 710 3 4 8
46 713 1 1 1
525 713 1 1 1
855 713 1 2 2
1125 713 4 3 9
0 714 5 2 9
336 714 1 1 1
1020 714 2 4 5
1226 715 1 1 1
1555 714 47 32 848
1756 715 1 1 1
511 717 10 18 94
646 716 1 1 1
1282 717 1 1 1
1679 717 4 2 5
481 718 6 8 23
607 719 1 1 1
846 718 2 3 5
1398 719 1 1 1
1760 719 8 1 8
822 720 4 13 27
860 721 1 1 1
910 721 10 8 43
1039 720 2 3 3
1188 720 1 1 1
1598 721 8 6 32
1609 721 1 1 1
401 722 5 5 15
895 722 4 4 13
943 722 9 2 12
1316 722 2 1 2
93 725 1 1 1
537 724 7 6 31
803 724 2 2 3
1067 724 1 1 1
471 727 4 2 8
624 726 4 8 20
1001 727 1 2 2
1032 727 3 5 11
1629 726 2 3 5
1690 726 1 1 1
706 728 430 233 33451
942 728 1 1 1
464 730 3 2 5
1071 731 1 1 1
1267 731 1 1 1
7 732 1 1 1
1126 732 2 3 5
1174 732 1 1 1
1206 732 1 1 1
1297 732 6 8 32
1409 733 22 33 417
320 734 4 4 9
668 735 23 25 316
718 734 3 4 10
894 734 1 3 3
1109 735 2 4 8
1225 735 5 2 6
1391 734 1 1 1
1541 734 5 3 7
947 736 1 2 2
467 739 1 1 1
596 738 1 2 2
701 738 1 1 1
866 739 4 5 15
1240 739 2 2 3
1255 738 4 2 5
0 741 1 3 3
114 741 1 1 1
750 740 2 3 5
832 740 2 3 6
963 741 1 2 2
1196 740 1 1 1
1361 740 1 1 1
498 742 1 1 1
1022 742 1 1 1
1116 742 2 2 4
1189 743 2 3 4
1204 743 1 1 1
1212 742 1 1 1
1496 742 3 2 4
1524 743 19 18 213
231 745 1 1 1
473 745 8 4 21
533 745 2 1 2
735 744 4 5 15
939 745 3 3 7
1366 744 1 1 1
110 746 1 1 1
230 747 1 1 1
392 746 15 14 75
512 746 2 1 2
977 746 1 4 4
1764 746 3 3 7
522 749 1 1 1
860 748 1 1 1
1036 748 3 4 6
332 750 14 10 110
588 750 1 1 1
643 750 4 4 12
995 750 1 3 3
1251 750 15 10 29
1332 750 1 1 1
1204 753 1 1 1
1298 753 6 7 25
1334 753 32 36 493
1377 752 6 3 9
75 755 1 1 1
282 754 1 1 1
506 754 2 1 2
805 754 1 3 3
911 754 5 4 13
936 754 1 3 3
976 754 1 2 2
1206 754 2 7 9
1271 755 1 1 1
1507 755 2 1 2
54 757 2 1 2
215 756 4 4 11
443 757 1 1 1
969 756 1 2 2
1690 756 1 1 1
491 758 1 1 1
1033 759 2 2 3
53 760 1 1 1
439 761 2 1 2
1018 760 1 3 3
1120 761 2 2 4
1247 761 2 2 2
1318 761 2 1 2
1395 760 4 4 8
65 763 1 1 1
495 763 2 1 2
940 762 3 5 11
965 763 1 3 3
1153 763 1 1 1
233 765 1 1 1
322 765 5 4 18
533 765 22 12 119
1139 764 1 1 1
1235 765 10 11 47
1275 764 5 13 28
1324 764 1 1 1
1447 764 61 34 921
1476 764 1 1 1
426 766 1 1 1
511 767 1 1 1
521 766 1 1 1
716 766 2 1 2
841 766 2 3 4
1055 766 1 3 3
1536 766 50 51 1451
230 769 3 2 5
383 768 8 11 69
473 769 1 1 1
979 768 22 14 180
1035 769 2 12 12
1671 768 26 21 319
286 770 7 16 42
1048 771 4 8 24
503 772 1 1 1
1148 773 1 1 1
1328 773 2 2 3
1390 772 1 1 1
438 775 9 21 93
479 774 7 9 49
557 774 4 6 21
1213 774 2 2 2
1519 774 1 1 1
1732 775 1 1 1
355 777 2 2 2
662 776 3 2 5
925 777 3 4 8
965 776 1 2 2
1020 776 1 1 1
1259 776 1 1 1
258 779 1 1 1
1118 778 10 9 40
1389 779 24 26 424
310 781 7 8 38
656 781 1 1 1
877 780 3 5 13
199 782 3 2 4
419 782 6 6 28
801 783 7 7 41
1169 783 1 1 1
1193 783 11 14 46
174 784 1 1 1
388 785 20 20 104
509 785 4 5 16
977 784 1 3 3
1168 785 1 1 1
687 787 2 1 2
920 787 3 3 9
1221 787 2 1 2
1266 787 2 2 2
1704 787 1 1 1
213 789 6 3 9
473 789 1 1 1
818 789 10 6 45
1245 789 2 2 3
1305 788 2 1 2
0 790 4 4 13
85 791 2 2 3
376 790 2 1 2
490 790 14 10 51
579 791 15 6 35
735 791 2 3 5
886 791 2 4 8
1029 790 1 2 2
1055 791 2 3 5
1108 790 4 4 13
1031 793 8 7 56
1228 793 2 1 2
1817 793 1 1 1
815 795 1 2 2
963 794 23 20 229
1438 795 2 2 4
1441 794 1 1 1
1673 795 1 1 1
224 796 1 2 2
670 796 34 29 519
878 797 3 2 6
1010 797 1 3 3
1175 796 6 8 24
1366 796 14 21 161
1427 797 5 4 14
76 798 2 1 2
202 799 1 1 1
629 799 1 1 1
830 799 2 3 6
1314 799 1 1 1
199 801 2 1 2
295 801 8 8 47
810 800 1 4 4
1282 800 6 1 6
481 803 8 4 16
951 802 1 3 3
1013 803 1 2 2
1041 802 4 3 11
1193 803 1 1 1
1229 803 1 1 1
1231 802 1 1 1
1308 803 3 2 6
1348 802 1 1 1
1618 802 5 4 19
639 805 1 1 1
908 804 3 4 11
1207 805 3 2 4
1251 805 1 1 1
1499 804 1 1 1
1740 804 2 2 2
407 806 12 15 84
637 806 1 6 6
1648 806 21 45 441
162 808 1 1 1
163 810 2 1 2
661 810 1 1 1
1221 810 4 4 13
1280 811 1 2 2
1612 811 2 1 2
231 812 3 2 5
268 813 3 2 5
544 813 4 3 10
843 813 1 2 2
903 813 4 5 17
1191 813 1 1 1
376 814 5 6 20
390 815 1 1 1
596 815 1 1 1
599 814 1 1 1
973 815 1 1 1
1022 814 2 2 4
1165 815 1 1 1
1213 815 3 2 6
1626 815 1 1 1
208 816 1 1 1
235 816 2 1 2
820 816 1 2 2
1192 817 5 14 30
1210 817 1 1 1
1355 817 1 1 1
524 818 1 1 1
934 818 1 1 1
1387 818 17 14 168
1479 819 5 3 9
141 820 3 2 4
255 820 2 1 2
329 820 6 4 17
387 821 13 12 113
814 821 4 5 15
1271 820 5 3 12
1326 820 1 1 1
1431 821 1 1 1
1452 821 3 2 6
1496 820 2 1 2
1786 821 5 2 7
103 823 2 2 3
650 823 1 1 1
1166 823 2 2 4
1181 822 1 1 1
1240 823 2 2 3
1313 823 3 3 6
1511 822 4 5 10
71 825 1 1 1
461 825 1 1 1
940 824 7 4 20
1131 825 3 3 8
1488 825 4 3 9
54 827 1 1 1
206 826 2 1 2
707 826 2 2 4
1455 826 2 1 2
1699 827 1 1 1
978 828 2 2 3
1018 829 1 1 1
1161 828 3 3 6
1228 828 17 18 104
1245 829 1 1 1
1014 831 1 5 5
1149 831 4 3 10
1330 831 1 1 1
1369 830 18 18 132
75 833 1 1 1
224 832 5 3 9
1711 832 27 29 358
129 835 1 1 1
328 834 3 2 3
410 835 2 2 2
833 835 1 3 3
933 835 4 4 14
956 835 3 1 3
1136 835 1 1 1
1433 835 2 2 3
151 837 2 1 2
366 836 6 7 32
869 836 4 5 13
1178 836 21 33 445
1260 836 1 1 1
1496 836 2 1 2
1585 837 3 1 3
275 838 8 10 67
302 839 3 1 3
1206 838 4 3 11
1681 838 3 3 3
94 841 1 1 1
133 840 1 1 1
206 840 1 1 1
1212 841 1 1 1
1401 840 3 2 4
1439 840 3 4 7
1499 840 2 1 2
1501 840 22 29 414
135 842 1 1 1
1261 843 6 4 20
1333 842 1 1 1
1562 843 1 2 2
1631 843 1 1 1
294 844 2 1 2
448 845 2 3 4
1129 845 13 3 17
12 847 1 1 1
50 847 1 1 1
926 846 1 1 1
957 847 1 1 1
1007 847 1 2 2
303 849 3 3 6
418 848 3 2 5
442 848 5 13 38
548 849 1 1 1
588 848 1 1 1
1128 848 1 1 1
1427 849 3 2 5
360 851 4 3 10
1144 850 1 1 1
1215 850 2 2 3
1283 851 5 3 9
1385 850 1 1 1
326 852 3 3 6
463 852 1 1 1
913 852 7 5 26
1154 853 1 1 1
1228 853 16 12 107
1268 853 6 4 16
1303 852 7 4 21
1402 852 3 2 4
1486 852 1 1 1
1775 853 1 1 1
983 855 2 2 3
1159 855 2 3 4
1290 854 1 10 10
270 857 2 3 5
529 857 1 1 1
1259 857 8 16 60
1819 856 2 1 2
184 858 2 1 2
347 858 2 1 2
506 858 6 3 14
1661 859 24 20 313
451 860 8 10 67
598 860 3 5 14
652 860 1 1 1
839 861 11 15 129
1143 861 6 3 8
1163 860 1 1 1
1389 860 3 5 7
1417 860 4 3 6
526 862 18 16 102
588 863 1 1 1
1000 862 1 2 2
12 864 1 1 1
224 864 2 1 2
311 864 1 1 1
961 864 2 3 5
1296 865 21 66 552
1360 865 1 1 1
1398 865 1 1 1
332 867 2 1 2
972 866 1 2 2
1535 866 25 51 810
606 869 3 2 6
907 869 1 1 1
1326 868 1 1 1
1497 868 1 1 1
149 870 2 2 2
219 871 1 1 1
433 870 2 1 2
466 870 1 1 1
688 870 1 1 1
1124 871 1 2 2
1343 870 2 1 2
1445 871 19 23 209
1806 870 2 1 2
349 872 3 3 6
1202 872 2 2 4
1345 873 1 1 1
1566 873 22 22 341
1415 874 1 1 1
342 877 6 5 24
474 876 2 2 4
590 877 1 1 1
1136 877 1 1 1
414 879 7 9 48
905 878 2 2 3
1135 879 1 1 1
1181 879 1 1 1
1234 879 14 11 34
1355 878 22 18 168
20 881 1 1 1
146 881 1 1 1
904 881 1 1 1
1222 880 11 3 17
323 883 1 1 1
601 882 4 5 15
1397 882 1 1 1
1131 885 1 1 1
524 887 1 1 1
577 887 1 1 1
1128 887 1 1 1
1188 886 7 3 11
1276 887 1 1 1
1612 887 1 1 1
358 889 1 1 1
433 889 1 2 2
1341 889 1 1 1
1618 889 1 1 1
24 891 3 1 3
337 891 1 1 1
851 890 1 1 1
1178 891 5 2 10
190 892 1 1 1
451 893 3 2 3
590 893 1 1 1
1155 893 4 1 4
1219 892 15 10 70
1269 893 1 1 1
1628 892 17 19 195
425 894 8 1 8
587 894 1 1 1
1486 895 2 1 2
1501 894 1 1 1
416 897 3 1 3
670 896 1 2 2
971 896 1 1 1
1257 897 39 37 517
1391 896 2 1 2
272 898 9 7 30
398 899 3 2 3
466 898 2 1 2
1348 898 2 2 4
1520 898 4 4 9
339 901 15 15 142
373 900 2 1 2
1194 901 1 1 1
441 903 1 2 2
528 903 2 3 4
679 902 21 24 235
1183 903 7 8 43
1406 902 3 1 3
1433 903 1 1 1
1745 902 3 3 6
303 905 18 26 184
1317 904 28 44 473
1372 905 1 1 1
1444 904 16 25 115
1596 904 1 1 1
1237 907 1 2 2
1800 907 4 4 14
1202 908 8 9 52
1359 908 1 1 1
1374 908 2 1 2
139 911 2 1 2
466 910 7 8 43
1148 911 1 1 1
1176 912 1 1 1
1718 913 1 1 1
380 915 7 14 55
390 914 8 6 25
659 915 1 1 1
1383 914 21 11 75
1525 915 13 13 112
512 916 6 10 35
577 916 1 1 1
1356 916 1 1 1
1367 916 4 10 19
1498 917 1 1 1
1589 917 4 2 7
1607 917 1 1 1
257 918 3 4 10
575 918 2 2 4
648 919 1 2 2
1168 918 4 4 14
1229 919 1 1 1
554 920 6 8 37
1141 920 24 18 226
1181 920 1 3 3
543 923 1 1 1
1189 924 1 1 1
1223 925 1 1 1
1639 925 6 7 22
1795 925 1 1 1
71 927 1 1 1
351 927 1 1 1
1239 927 17 26 140
1375 926 1 1 1
579 929 1 1 1
589 929 2 2 3
1583 928 1 1 1
1777 929 1 1 1
569 930 4 3 9
755 930 4 11 40
1286 931 4 2 4
1479 931 3 3 7
1589 931 1 1 1
1745 930 1 1 1
28 933 2 1 2
282 932 11 10 70
625 932 7 7 42
655 933 10 6 15
549 935 2 1 2
1348 935 5 2 7
147 937 2 2 3
562 936 1 8 8
789 936 1 1 1
1397 936 1 1 1
1460 937 5 3 7
1724 937 1 1 1
74 939 4 4 10
356 939 1 1 1
489 939 10 4 16
1204 938 4 5 13
1353 938 2 2 2
1439 939 1 1 1
397 940 4 2 6
730 941 1 1 1
750 941 1 1 1
1406 940 1 1 1
1709 940 2 4 6
369 942 4 3 8
392 942 1 1 1
673 943 18 17 112
761 942 2 3 6
1123 942 3 1 3
1376 943 19 21 288
1407 942 2 2 4
1822 942 4 3 9
52 944 1 1 1
294 944 2 1 2
640 944 2 11 21
804 944 1 2 2
1503 945 40 38 793
152 946 2 2 3
344 947 1 1 1
548 947 5 7 24
1728 947 2 2 3
1792 946 1 1 1
654 948 1 1 1
717 949 1 2 2
783 948 1 2 2
1457 949 15 20 225
413 951 5 6 17
434 951 10 14 46
772 950 2 3 4
1414 951 1 1 1
493 952 3 1 3
582 953 1 1 1
855 953 1 1 1
896 952 8 4 17
1148 952 1 1 1
1290 953 2 1 2
1361 952 4 2 5
1815 953 3 1 3
398 955 1 1 1
472 954 7 9 23
701 954 1 1 1
583 956 1 1 1
786 957 3 12 27
808 956 1 3 3
970 956 1 1 1
1136 957 12 4 19
1185 957 1 1 1
1226 957 4 10 24
1297 957 2 2 3
1619 956 2 2 4
1000 958 2 2 3
1442 958 5 4 15
49 961 2 2 2
336 960 2 2 3
960 960 1 1 1
110 963 2 1 2
507 963 3 3 7
566 962 2 2 3
1023 963 3 7 17
1111 963 1 1 1
1177 962 3 2 4
1410 962 1 1 1
489 964 1 1 1
758 965 2 2 4
802 964 1 1 1
1192 965 22 24 281
1254 965 11 14 94
1838 964 2 1 2
13 967 3 2 6
263 967 4 2 6
278 967 1 1 1
316 966 11 11 91
491 966 3 2 5
824 967 3 3 8
841 966 3 3 7
1166 967 1 1 1
1231 967 11 13 65
1306 967 3 2 3
1548 967 2 2 4
1580 967 2 1 2
459 968 1 1 1
658 968 35 43 439
891 968 1 2 2
974 968 1 1 1
1143 968 19 20 125
1284 968 2 2 4
72 971 1 1 1
558 971 1 1 1
642 970 9 9 57
921 971 1 2 2
1449 970 7 4 18
17 972 1 1 1
222 972 3 2 6
294 973 11 6 33
395 972 2 2 3
1282 972 1 1 1
1709 972 21 19 271
105 975 4 3 6
353 975 5 9 37
1219 974 1 1 1
371 976 1 1 1
440 977 4 3 10
581 977 8 4 24
880 977 2 2 3
1138 976 2 1 2
1314 976 8 10 63
1427 977 3 5 12
1796 977 1 1 1
406 978 13 10 69
754 978 1 1 1
834 979 2 5 9
1008 979 1 1 1
1038 978 1 1 1
1349 979 1 1 1
313 980 2 2 3
369 980 2 1 2
759 980 1 1 1
860 981 4 4 11
966 981 1 1 1
1076 981 1 1 1
425 983 3 3 8
476 982 1 1 1
545 983 1 1 1
639 983 1 1 1
641 982 1 1 1
848 983 4 4 13
1111 982 1 1 1
1121 982 1 2 2
14 985 1 1 1
281 987 1 1 1
310 986 1 1 1
384 986 2 1 2
537 987 6 4 12
1091 986 3 2 4
1285 987 1 1 1
1311 987 30 23 397
1404 986 20 22 334
1575 987 5 4 14
336 989 1 1 1
753 989 1 1 1
1009 988 1 1 1
1014 989 1 2 2
1189 989 1 1 1
1216 988 3 4 5
134 990 1 2 2
700 991 2 1 2
762 991 3 3 5
969 990 1 2 2
1463 991 32 21 359
1823 991 1 1 1
320 992 1 1 1
732 993 1 1 1
869 993 1 1 1
1171 992 3 2 5
1518 992 20 20 174
437 994 3 6 11
525 995 1 1 1
943 994 1 1 1
1168 994 1 1 1
1293 995 1 1 1
1304 994 1 2 2
1706 995 4 2 6
148 997 4 2 6
488 997 5 6 26
800 996 2 1 2
895 996 2 1 2
1015 997 2 3 5
1044 997 8 7 17
1367 997 19 20 257
1742 996 2 2 3
932 999 7 8 51
338 1000 8 8 20
589 1001 2 3 5
989 1001 1 3 3
1011 1001 1 1 1
1618 1000 1 2 2
279 1003 4 5 16
307 1003 3 2 3
319 1002 2 3 3
791 1002 2 4 5
968 1003 1 3 3
1649 1002 1 1 1
434 1005 1 1 1
608 1005 3 6 15
707 1004 6 13 39
1216 1005 1 1 1
1234 1005 1 1 1
233 1006 4 5 15
757 1006 2 4 7
1247 1006 1 1 1
640 1008 6 7 38
728 1009 2 1 2
1290 1009 3 1 3
572 1011 3 4 11
721 1010 1 2 2
810 1011 3 4 8
929 1011 1 2 2
1125 1011 1 1 1
1202 1011 7 10 50
1276 1010 1 1 1
1402 1010 2 2 3
486 1012 1 2 2
698 1012 1 2 2
150 1015 1 1 1
357 1015 14 9 72
1178 1015 7 8 33
1250 1014 3 1 3
1294 1014 2 3 6
1340 1015 2 3 5
1839 1015 1 1 1
414 1016 1 1 1
1305 1016 5 6 25
1407 1016 1 1 1
1432 1016 19 24 264
1462 1017 12 6 46
1575 1017 2 1 2
192 1018 15 11 67
220 1019 1 1 1
446 1018 1 1 1
532 1018 13 5 40
1272 1019 8 7 31
1333 1018 1 1 1
1396 1019 2 3 4
1422 1018 3 4 6
1492 1019 48 38 769
1681 1018 5 6 22
437 1020 1 1 1
826 1020 9 7 46
982 1020 1 1 1
990 1020 10 14 121
1042 1021 7 3 13
1158 1020 1 2 2
304 1022 15 14 82
144 1025 3 4 9
1017 1024 1 2 2
1677 1025 4 3 10
634 1026 9 11 82
740 1027 2 3 4
1267 1026 1 1 1
230 1029 10 4 15
384 1028 1 1 1
668 1029 1 2 2
699 1028 1 1 1
1040 1028 1 1 1
56 1031 4 4 10
344 1030 3 3 7
369 1031 3 3 7
412 1030 11 7 37
489 1030 1 1 1
542 1031 5 7 15
1176 1031 15 25 184
1317 1030 1 1 1
1394 1031 3 3 5
1701 1031 2 3 4
169 1033 3 4 10
497 1033 1 1 1
597 1032 1 1 1
670 1033 15 16 103
705 1032 16 25 192
954 1032 1 1 1
1777 1033 2 2 2
105 1035 4 3 8
505 1035 2 1 2
982 1035 5 7 11
753 1037 1 2 2
878 1037 1 2 2
1046 1036 2 2 4
1656 1037 1 1 1
353 1038 1 1 1
744 1039 1 1 1
928 1038 1 1 1
1223 1039 10 9 61
1286 1038 1 1 1
1298 1039 7 5 25
1348 1038 1 1 1
1481 1038 1 2 2
164 1040 3 3 5
451 1040 1 2 2
609 1040 2 3 5
1113 1041 1 2 2
1444 1040 35 41 820
1720 1041 1 1 1
268 1042 6 20 39
468 1043 1 1 1
822 1042 2 2 3
209 1044 2 1 2
403 1045 9 12 30
475 1044 4 4 13
586 1044 2 3 5
796 1045 2 3 5
1361 1045 3 3 4
1487 1044 1 1 1
1781 1044 1 2 2
252 1048 5 2 8
378 1049 1 1 1
781 1049 3 3 7
149 1051 3 2 3
348 1050 4 3 7
457 1051 3 2 4
640 1051 3 2 4
911 1050 1 2 2
19 1053 1 1 1
415 1052 3 5 8
660 1053 6 15 39
738 1052 1 1 1
754 1052 3 11 15
779 1053 1 1 1
883 1052 1 2 2
910 1053 1 1 1
965 1052 5 6 14
1244 1052 33 37 371
1802 1052 2 2 3
315 1054 1 1 1
794 1054 1 1 1
1285 1055 12 12 42
1685 1054 1 1 1
13 1057 2 4 5
297 1056 3 2 4
441 1056 3 4 8
529 1057 1 1 1
603 1056 7 7 37
649 1057 1 1 1
870 1057 7 9 48
817 1059 1 1 1
822 1058 1 1 1
1098 1058 1 1 1
1385 1059 5 4 12
1610 1058 4 3 8
182 1060 1 1 1
675 1061 15 25 113
1014 1060 10 11 90
1155 1061 1 1 1
616 1063 1 1 1
914 1063 1 2 2
1049 1063 1 9 9
1123 1063 8 7 41
1369 1063 1 1 1
1668 1062 3 3 3
1761 1063 4 2 6
424 1064 3 5 8
459 1064 1 1 1
638 1065 1 1 1
698 1064 2 2 4
970 1065 9 5 19
1428 1064 11 19 123
1839 1064 1 1 1
488 1066 1 1 1
1061 1067 1 1 1
1393 1067 2 1 2
519 1069 2 1 2
767 1069 2 2 3
879 1068 8 9 43
1301 1069 2 1 2
1395 1069 1 1 1
1669 1069 6 14 31
125 1070 4 5 12
220 1071 2 2 2
256 1070 11 21 88
1310 1071 39 35 562
1517 1070 2 2 3
1534 1071 1 1 1
1544 1070 3 2 4
276 1072 5 6 18
295 1073 2 2 3
597 1073 2 1 2
926 1073 9 13 93
463 1074 2 3 4
604 1075 1 1 1
739 1075 2 1 2
755 1075 1 1 1
1159 1075 2 2 4
513 1077 3 2 5
1278 1076 1 1 1
1520 1076 1 1 1
1586 1077 26 23 422
354 1078 12 2 13
832 1078 8 10 36
1163 1079 1 1 1
1483 1078 1 1 1
177 1080 2 2 3
374 1080 15 21 110
473 1080 1 1 1
785 1081 2 2 4
821 1080 1 1 1
1193 1081 2 2 4
1238 1081 2 2 4
534 1083 2 2 2
662 1082 1 12 12
1413 1082 9 9 43
1540 1082 1 1 1
233 1084 9 13 36
578 1085 1 1 1
631 1084 1 1 1
321 1087 1 1 1
571 1087 1 1 1
923 1086 1 1 1
1339 1086 53 42 724
173 1089 2 2 4
671 1088 11 18 104
794 1089 1 2 2
964 1089 11 18 96
1005 1089 1 1 1
1036 1088 8 11 43
1165 1089 1 1 1
1240 1089 1 2 2
1260 1089 31 43 431
1640 1088 20 27 357
189 1090 3 5 7
461 1091 2 1 2
1479 1090 1 1 1
1820 1091 1 1 1
116 1092 1 1 1
249 1093 3 3 5
851 1092 1 1 1
1571 1092 1 1 1
510 1095 3 5 12
746 1094 1 3 3
790 1094 1 1 1
984 1095 1 1 1
1286 1094 2 2 4
1464 1094 11 12 106
1508 1095 1 1 1
1542 1094 39 36 693
76 1096 1 1 1
405 1096 1 1 1
426 1096 1 1 1
1215 1097 5 4 8
1686 1096 13 5 27
224 1099 1 1 1
312 1098 4 2 5
421 1099 3 4 10
465 1098 2 3 5
537 1098 1 1 1
593 1099 2 1 2
807 1098 6 9 41
952 1098 1 1 1
94 1100 3 2 4
108 1100 5 2 6
241 1101 2 1 2
265 1101 5 4 15
1401 1101 1 1 1
519 1103 1 1 1
580 1103 3 2 4
873 1103 1 1 1
1200 1102 7 10 37
1528 1103 1 2 2
1750 1102 1 1 1
151 1105 3 4 9
277 1104 3 3 6
562 1105 2 2 3
599 1104 2 3 6
1110 1105 10 7 39
120 1106 1 1 1
257 1106 1 1 1
327 1107 8 15 58
587 1106 2 1 2
722 1106 2 1 2
1050 1106 2 1 2
1823 1106 1 1 1
60 1108 2 2 3
134 1109 13 3 28
386 1108 2 12 17
405 1108 4 4 9
505 1109 1 1 1
1522 1108 1 1 1
1826 1109 3 1 3
52 1111 2 2 4
485 1110 1 1 1
509 1110 1 1 1
606 1111 1 3 3
1169 1110 2 1 2
1441 1110 1 1 1
1795 1111 3 1 3
462 1112 1 1 1
748 1113 1 5 5
787 1112 18 30 114
1130 1112 2 2 3
9 1115 2 3 3
368 1114 4 8 19
491 1114 1 1 1
619 1115 1 1 1
670 1114 5 7 25
1384 1115 57 40 680
71 1117 1 1 1
555 1116 2 3 5
698 1117 15 15 35
841 1117 1 1 1
1316 1116 13 23 224
44 1119 6 4 12
274 1119 4 2 7
471 1119 2 2 3
576 1119 1 1 1
779 1119 2 2 3
1075 1119 1 2 2
90 1120 1 2 2
396 1120 12 15 68
617 1120 1 1 1
727 1121 7 4 26
1169 1121 6 8 41
116 1122 12 6 31
162 1122 5 3 8
595 1123 8 9 23
882 1122 1 1 1
1147 1122 5 3 9
324 1125 8 10 49
352 1124 1 1 1
372 1125 2 2 4
419 1125 4 4 8
662 1124 2 4 6
749 1124 1 2 2
1047 1125 1 1 1
1233 1124 22 18 134
1640 1125 1 1 1
1758 1125 8 5 29
1800 1124 2 1 2
69 1127 11 10 50
505 1126 1 1 1
564 1127 2 2 3
684 1126 1 1 1
767 1127 1 2 2
959 1126 2 5 10
1203 1127 7 3 11
1641 1127 1 1 1
344 1128 5 4 12
498 1128 1 1 1
570 1129 1 1 1
814 1129 1 1 1
256 1130 3 3 5
1363 1130 10 20 95
1502 1130 5 5 13
620 1132 15 9 47
1177 1133 1 1 1
1621 1132 8 4 17
1779 1133 1 1 1
194 1134 2 3 3
209 1134 1 1 1
309 1135 9 12 47
543 1134 1 1 1
720 1135 1 2 2
743 1134 1 1 1
1011 1135 2 1 2
367 1137 7 8 45
386 1137 1 1 1
518 1137 1 1 1
1292 1136 1 1 1
1462 1137 3 2 3
515 1139 2 1 2
589 1139 4 5 10
1271 1138 1 1 1
1332 1138 1 1 1
1608 1139 12 18 123
335 1140 5 2 9
572 1141 2 3 4
1591 1140 1 1 1
49 1142 7 7 28
103 1142 1 1 1
264 1142 5 5 17
376 1142 20 12 115
409 1143 1 1 1
489 1143 3 9 12
536 1142 1 1 1
688 1143 1 1 1
704 1143 3 3 7
1067 1142 4 5 15
86 1144 1 1 1
88 1145 1 1 1
170 1145 2 1 2
422 1144 1 1 1
676 1144 1 3 3
725 1144 1 2 2
749 1145 1 1 1
778 1144 2 4 6
955 1144 1 1 1
283 1147 11 21 91
329 1147 4 7 24
470 1147 3 3 8
559 1147 2 1 2
606 1146 1 1 1
303 1148 1 1 1
364 1148 1 1 1
809 1148 4 4 14
956 1148 1 1 1
1648 1148 3 4 6
1690 1148 2 2 3
1729 1149 1 1 1
938 1151 2 3 5
1195 1150 9 10 46
569 1152 3 3 6
610 1152 9 8 46
758 1152 1 2 2
771 1152 1 1 1
977 1152 1 1 1
1381 1153 17 16 157
1498 1153 1 1 1
159 1154 1 2 2
221 1155 1 1 1
339 1154 2 2 4
670 1155 4 4 10
801 1155 2 6 10
1223 1155 10 10 64
1245 1154 8 9 38
1455 1154 1 1 1
484 1157 2 2 3
756 1157 1 1 1
59 1158 3 3 7
168 1158 4 2 6
496 1159 1 1 1
683 1159 1 2 2
846 1159 1 1 1
962 1159 1 1 1
1149 1158 16 19 157
1271 1158 8 7 40
1799 1158 1 1 1
142 1160 1 1 1
310 1160 1 1 1
417 1161 2 2 3
1014 1161 1 1 1
1313 1161 2 3 5
1363 1161 13 13 124
1715 1160 1 1 1
192 1163 4 3 7
379 1163 2 13 15
606 1163 3 6 15
629 1162 3 4 9
824 1163 2 1 2
1006 1162 1 1 1
665 1164 16 14 39
822 1164 1 1 1
1476 1165 11 11 41
1517 1164 2 2 2
354 1166 2 1 2
479 1167 2 12 14
595 1166 1 2 2
713 1166 13 13 63
775 1167 1 1 1
1711 1167 1 1 1
200 1169 1 1 1
304 1168 1 1 1
1669 1169 2 2 2
1688 1169 1 1 1
246 1171 4 3 6
638 1171 3 3 7
1040 1171 1 1 1
1054 1171 1 1 1
1189 1170 2 2 3
276 1172 1 1 1
628 1172 1 1 1
1653 1172 3 2 6
1679 1173 4 4 12
30 1175 1 1 1
599 1174 2 2 4
1231 1175 8 8 34
53 1177 2 2 3
263 1176 1 1 1
327 1176 3 2 4
408 1177 4 4 11
1010 1177 1 2 2
1443 1176 8 5 14
651 1178 2 2 2
761 1179 2 1 2
806 1179 6 7 25
918 1179 1 1 1
1388 1179 22 25 253
293 1181 8 6 33
321 1181 2 1 2
440 1180 1 1 1
584 1180 3 3 5
767 1180 19 15 84
794 1180 2 2 4
1089 1180 8 6 25
1634 1181 1 2 2
1838 1181 2 2 3
242 1183 2 1 2
471 1183 1 1 1
1014 1182 1 1 1
1376 1182 1 1 1
1475 1182 4 2 6
27 1185 1 1 1
166 1184 5 3 7
1015 1185 1 1 1
1066 1185 1 1 1
1654 1185 1 1 1
47 1187 5 5 9
215 1186 3 2 5
404 1187 1 2 2
449 1186 2 2 2
503 1187 3 5 11
644 1187 1 1 1
950 1186 2 3 6
1139 1186 5 6 20
1169 1187 6 7 27
1197 1187 8 10 59
1262 1186 8 13 52
1564 1186 1 1 1
1766 1187 8 3 10
26 1188 1 1 1
239 1189 1 1 1
422 1188 4 5 14
484 1188 1 1 1
615 1189 8 9 32
1320 1189 1 1 1
1457 1189 2 1 2
1483 1189 1 1 1
1534 1189 6 5 16
1568 1189 4 2 6
703 1190 1 1 1
815 1191 1 1 1
933 1191 2 1 2
1118 1191 8 2 13
1187 1190 1 2 2
1581 1190 3 2 4
532 1192 1 1 1
1659 1192 1 1 1
1776 1193 1 1 1
574 1194 3 2 6
865 1195 1 1 1
63 1196 2 1 2
75 1196 1 1 1
256 1196 9 7 32
387 1197 5 5 12
405 1197 11 18 112
651 1197 1 1 1
1183 1196 4 4 14
1325 1197 4 3 11
1826 1197 1 1 1
522 1199 1 1 1
610 1199 5 5 16
860 1198 1 1 1
1739 1198 1 1 1
1828 1199 1 1 1
430 1200 1 1 1
975 1200 2 3 4
1245 1201 5 3 7
1531 1200 1 2 2
1715 1201 2 2 2
230 1203 3 3 9
476 1203 2 3 4
1207 1202 1 1 1
249 1204 3 9 13
377 1204 10 7 63
693 1205 1 1 1
775 1205 1 1 1
881 1205 1 1 1
1213 1205 1 2 2
1653 1204 5 3 10
497 1206 3 2 5
554 1207 1 3 3
807 1206 1 1 1
1112 1206 1 1 1
1114 1207 1 1 1
1275 1207 2 2 2
53 1209 1 1 1
229 1209 1 1 1
311 1208 2 3 4
326 1208 2 2 3
515 1209 2 2 4
636 1209 3 4 8
756 1208 1 2 2
1082 1209 2 2 3
1179 1208 4 5 10
141 1211 5 12 32
482 1210 6 5 18
787 1211 1 1 1
1194 1210 1 3 3
1496 1210 3 2 4
118 1213 1 1 1
247 1213 1 1 1
283 1212 2 1 2
419 1213 5 2 6
458 1213 3 4 9
737 1212 5 6 12
1621 1212 1 1 1
1623 1213 1 1 1
724 1214 4 5 7
1299 1214 2 2 2
288 1217 3 4 9
360 1216 1 1 1
612 1217 1 1 1
917 1217 8 11 48
1041 1217 1 1 1
1211 1216 3 5 8
1404 1219 9 9 66
346 1220 11 8 72
358 1220 1 1 1
412 1221 1 1 1
512 1220 7 8 46
670 1221 1 1 1
891 1221 1 1 1
1263 1221 4 2 7
173 1223 4 5 17
304 1222 12 6 33
393 1222 2 1 2
539 1223 1 5 5
555 1223 3 5 14
708 1223 2 5 10
1151 1222 3 6 17
232 1224 1 4 4
246 1224 2 4 8
440 1225 4 3 12
719 1224 1 4 4
903 1225 1 3 3
1196 1225 3 3 6
1428 1224 1 4 4
29 1227 1 1 1
464 1226 1 2 2
667 1226 1 2 2
1095 1227 1 1 1
1618 1227 1 1 1
