0 0 1840 1228 1899818
0 0 34 56 737
606 0 18 63 358
720 0 7 8 50
790 0 31 11 148
826 0 40 128 1245
951 0 7 12 66
979 0 32 28 659
848 0 448 189 28570
1121 0 12 3 26
1294 0 156 124 9146
1461 0 51 41 1129
1460 0 380 473 65220
1684 0 2 6 9
1732 0 1 3 3
743 5 1 1 1
1683 8 1 7 7
740 13 3 3 5
102 22 1 1 1
111 24 5 1 5
809 24 4 7 10
1681 25 1 1 1
996 36 3 3 6
807 38 3 3 7
992 45 4 7 11
1348 49 3 10 19
901 50 6 10 25
1559 50 1 1 1
1214 54 7 13 61
1506 57 1 1 1
897 63 4 6 24
891 72 35 25 261
942 74 5 2 5
956 76 1 1 1
1450 76 1 1 1
609 78 9 16 112
1800 79 3 3 4
1798 84 2 2 3
937 86 4 4 10
858 92 2 1 2
979 93 1 1 1
1222 92 14 18 144
933 97 2 4 6
949 98 1 1 1
931 101 1 1 1
954 100 7 12 67
907 103 1 1 1
985 107 1 1 1
772 108 9 14 92
924 111 7 23 110
868 114 1 1 1
1317 114 27 30 172
1487 115 15 7 52
677 116 4 3 10
904 117 1 2 2
978 117 7 12 59
1598 116 3 13 23
902 121 1 2 2
875 127 4 6 22
1471 126 5 5 10
914 128 1 1 1
1382 132 2 5 6
590 134 4 6 13
664 134 58 66 1718
922 135 2 4 8
1466 134 1 1 1
985 137 1 1 1
826 138 1 1 1
856 138 2 2 4
900 138 1 1 1
620 142 25 43 462
835 143 5 6 17
1489 142 4 5 17
753 144 15 61 489
923 145 8 16 73
1264 144 38 39 542
859 146 8 33 138
998 147 2 2 4
1594 146 3 27 28
1459 151 23 16 223
946 152 1 1 1
1320 153 12 9 59
545 154 8 5 31
1354 155 4 3 8
881 156 4 7 24
982 157 1 1 1
936 158 8 11 77
732 166 6 10 46
440 169 9 9 63
1186 169 12 26 137
1098 170 6 7 33
977 173 1 1 1
1312 172 21 26 204
901 176 7 8 39
952 177 1 1 1
1209 178 2 1 2
1419 179 22 31 387
863 180 1 1 1
0 183 16 125 707
1254 183 6 8 36
984 184 33 50 659
1352 184 4 5 14
820 189 4 7 23
1131 190 5 7 26
875 193 3 4 5
1454 197 2 4 6
1149 201 17 25 275
1253 203 1 9 9
1359 202 10 5 27
1381 202 5 6 22
845 204 8 19 64
605 206 6 9 40
864 206 10 15 110
951 207 1 1 1
1316 207 1 2 2
1270 209 5 6 21
1089 211 4 6 19
964 212 7 16 76
1374 214 4 6 19
1421 215 4 4 12
796 218 5 7 25
930 219 1 1 1
1329 219 4 5 13
1063 221 11 14 127
1306 220 8 33 69
1356 221 14 6 67
706 222 20 13 169
1033 222 11 17 148
1186 222 10 9 66
1233 225 4 4 13
1262 227 8 8 45
1086 229 5 7 26
481 230 25 63 603
762 235 17 11 78
921 234 1 1 1
950 235 1 1 1
1238 234 4 3 10
1153 237 4 3 9
1103 239 4 6 20
534 240 26 54 1000
1354 240 4 5 18
1425 241 3 7 13
993 245 9 12 68
1451 245 19 26 365
1094 247 7 9 53
887 249 7 9 48
923 250 6 2 8
920 252 2 1 2
1256 253 7 8 33
1115 255 5 8 33
1273 255 6 7 31
955 257 1 1 1
917 261 13 3 22
933 260 1 1 1
1480 263 12 15 118
999 265 1 2 2
1201 265 12 15 140
1080 266 11 14 109
1168 266 23 18 194
1323 266 14 15 166
838 269 5 7 30
1356 269 5 5 18
928 270 139 74 3096
1029 270 32 38 612
1130 271 3 4 10
1148 278 5 6 20
1243 278 4 5 17
1340 278 11 10 68
793 280 128 49 2036
1101 283 5 6 25
1254 283 4 5 16
1405 285 15 20 234
1437 285 24 30 511
1128 287 4 6 17
1356 286 23 22 328
1481 286 8 10 57
1303 288 4 5 14
1247 292 5 6 23
1235 295 3 4 9
1195 296 8 9 50
1068 303 6 9 46
1320 303 4 4 12
1275 305 21 39 419
883 311 1 1 1
861 318 16 18 156
890 321 1 1 1
946 321 15 13 85
847 326 1 1 1
848 328 1 1 1
1155 328 5 7 26
1238 329 19 10 84
931 330 3 3 5
1100 331 27 20 295
971 334 8 13 82
1033 334 3 8 11
646 339 6 6 27
997 343 1 1 1
1360 344 26 57 892
786 346 182 367 22033
1178 346 8 5 29
1273 346 3 3 7
1172 351 4 4 11
727 352 5 5 14
808 353 16 10 73
824 354 1 1 1
1029 354 6 9 39
763 356 5 6 27
1324 356 4 4 14
1305 359 4 5 15
534 361 8 10 58
773 361 15 13 88
973 365 3 4 11
1019 364 4 6 22
1237 365 6 6 29
1261 365 2 3 6
1072 368 15 10 92
1037 371 1 2 2
968 373 6 8 40
1109 372 10 10 66
1233 373 4 4 11
1253 372 5 5 17
751 377 4 5 17
1010 376 31 39 633
1310 377 3 4 11
679 379 5 5 17
966 381 1 1 1
617 384 6 7 26
1137 385 4 5 14
1074 387 3 5 14
1174 393 4 5 16
1223 392 4 15 39
1459 394 9 8 48
718 398 5 6 20
1109 399 13 8 70
1278 398 9 14 107
1494 399 1 12 12
649 400 7 8 47
1191 403 3 3 7
0 405 5 3 14
1088 405 3 4 11
1307 404 4 4 13
1183 407 3 3 7
978 408 1 1 1
1087 411 19 28 282
1330 410 20 24 277
1492 419 2 4 7
1236 421 18 40 393
1199 429 5 4 13
1405 430 24 29 502
1041 432 2 5 6
1460 434 9 14 101
966 436 1 1 1
1051 436 6 7 33
965 438 1 1 1
731 444 7 11 64
1301 445 3 3 7
995 446 3 4 12
1106 448 5 6 22
661 451 5 5 18
1274 451 4 4 11
1195 452 5 5 16
1177 454 6 7 31
856 458 5 8 28
1279 458 7 11 46
756 461 7 10 55
1119 461 12 5 46
1295 460 5 3 13
955 462 1 1 1
1087 463 20 21 276
704 465 8 15 88
689 467 4 5 17
1367 468 25 41 656
1178 471 9 10 65
796 473 1 1 1
1010 472 4 5 18
1041 472 3 4 11
1314 473 19 23 336
1342 473 3 4 10
1142 474 4 4 15
1231 475 4 4 14
1635 475 6 8 19
1124 476 4 4 13
1246 479 13 10 64
997 481 8 11 75
1209 483 20 17 175
721 484 4 4 13
1187 485 9 5 28
1036 487 5 6 20
497 491 4 4 9
779 490 10 16 70
1147 491 11 15 120
1008 493 4 5 17
1066 493 6 9 39
459 495 6 6 30
1276 501 3 2 5
1289 503 13 13 60
1311 502 3 2 6
985 505 11 14 110
1084 504 4 5 16
732 511 5 5 21
1124 511 8 8 27
595 518 7 7 40
783 518 1 3 3
830 523 4 4 13
1123 525 4 5 15
1075 526 10 7 61
1194 526 3 4 10
1660 526 65 55 1896
1567 529 45 47 826
647 530 5 6 23
1286 530 25 34 515
1538 531 1 1 1
1098 534 8 8 54
1186 535 4 9 21
1616 535 2 3 5
678 537 6 7 27
761 536 6 8 40
1638 536 1 1 1
1084 543 14 20 207
1647 542 2 5 10
721 544 5 6 21
990 544 4 5 14
1477 546 1 6 6
1565 549 6 5 18
683 551 6 5 24
798 551 6 3 8
1237 551 4 8 26
1512 551 1 1 1
1638 551 9 2 17
1741 552 4 3 10
1769 552 2 2 3
1813 552 2 2 4
1070 555 4 4 15
1220 555 3 4 9
1454 555 1 1 1
1774 555 2 3 6
1809 554 3 6 17
811 557 1 1 1
982 556 6 7 32
1028 557 5 5 19
1785 557 2 2 3
1829 556 11 10 35
1747 558 2 2 3
1206 561 3 3 9
1220 561 15 25 174
1643 561 8 9 23
1639 565 1 2 2
1717 565 2 2 2
1766 564 4 4 14
1745 564 95 95 3015
1020 567 3 5 13
1437 566 15 13 117
1523 567 1 2 2
1824 566 4 12 45
1340 569 10 14 122
1749 569 1 1 1
1270 571 2 3 6
1779 570 1 1 1
402 572 6 5 23
1007 573 7 10 46
952 575 1 1 1
1112 575 12 16 145
1517 574 52 32 814
1655 574 15 7 58
636 577 5 3 11
1042 577 5 5 22
1478 576 235 73 6511
1714 577 1 1 1
1754 576 1 1 1
1257 578 4 5 12
1426 579 1 1 1
1716 579 39 61 731
1832 581 8 6 19
1174 582 3 3 8
1240 582 6 12 27
1478 583 3 2 5
743 585 3 4 8
1012 584 14 11 78
1437 585 2 2 2
868 587 9 12 88
1262 586 4 4 12
769 589 4 5 17
1388 589 8 7 44
670 591 56 41 838
1503 590 4 9 17
1277 593 3 3 7
1706 592 9 11 47
1488 594 4 3 11
1037 601 14 6 50
650 603 13 11 100
1073 602 6 8 37
1145 602 12 13 122
1271 603 3 2 5
1702 603 1 1 1
982 604 14 17 174
1722 605 1 1 1
1688 613 1 5 5
1178 615 5 4 17
1246 615 3 3 7
1415 614 7 5 23
1121 618 5 5 16
1780 618 1 1 1
737 621 5 5 18
1043 620 6 7 30
1354 623 2 3 5
966 624 4 5 17
1083 625 4 10 30
1306 624 6 4 14
1742 624 2 2 4
1137 626 4 4 12
937 628 16 13 111
994 629 3 4 10
1360 628 1 1 1
1711 630 3 2 6
723 633 5 6 24
1021 633 10 15 73
805 637 5 5 21
1683 636 3 3 7
1743 636 2 2 4
581 638 3 4 8
981 639 6 14 31
1130 638 18 15 102
1284 639 1 1 1
1302 639 3 2 5
1415 638 9 4 12
1454 640 9 13 101
1478 640 1 1 1
1491 641 3 3 7
791 643 4 5 17
1377 642 9 11 63
1502 644 2 2 3
1769 645 5 6 22
548 646 10 9 64
960 646 6 6 30
1083 646 1 4 4
1160 647 8 8 52
1187 647 22 14 188
1242 646 15 33 149
1313 646 4 2 7
1638 646 2 3 6
658 648 7 7 40
1361 648 1 1 1
588 651 1 2 2
1096 651 1 1 1
1487 651 2 2 4
1728 651 14 4 39
759 652 7 8 45
971 653 3 5 14
1085 652 8 9 23
1219 652 22 29 401
1661 653 5 3 14
53 655 3 2 4
630 655 8 7 37
1373 655 2 3 5
1467 655 12 3 22
1645 655 1 1 1
1744 655 4 4 14
1351 656 5 18 36
1396 656 1 1 1
1650 657 6 6 18
1688 656 1 1 1
1827 656 1 2 2
433 659 1 1 1
1321 658 1 2 2
1173 661 4 4 15
1296 661 6 6 24
1426 661 2 2 4
1455 661 10 6 20
275 662 2 1 2
767 663 5 7 31
921 663 6 8 42
989 663 4 13 38
1149 662 4 4 13
1401 662 2 8 9
1814 665 12 4 18
89 666 1 1 1
266 667 4 3 10
814 666 4 5 14
1033 666 4 6 19
1498 667 1 1 1
1569 667 1 1 1
1714 666 3 3 8
1742 666 1 2 2
927 669 21 22 182
1116 668 2 1 2
1755 668 2 1 2
233 671 6 3 12
1635 670 2 1 2
1651 670 1 2 2
1747 671 2 3 6
1764 670 2 1 2
315 673 8 7 43
495 672 2 2 3
1130 673 36 30 541
1327 673 7 5 17
1387 672 1 2 2
1525 672 3 2 5
1719 672 6 4 14
1447 675 3 2 5
56 677 3 2 5
100 677 4 2 6
974 679 9 10 70
1092 678 1 1 1
1190 679 1 1 1
1537 679 5 6 21
1563 679 2 1 2
1666 678 2 1 2
628 680 6 5 23
1785 681 2 2 3
89 683 2 1 2
1001 682 2 3 6
1208 683 13 6 40
1276 682 6 14 28
1336 682 1 1 1
1315 683 56 30 646
200 684 2 1 2
1018 684 8 9 61
1176 684 1 1 1
1482 685 1 1 1
1628 685 2 2 3
779 687 5 7 27
1099 686 8 23 50
958 689 4 5 11
992 689 4 5 20
1185 690 10 6 40
1267 690 2 2 4
1291 691 14 10 41
1003 693 8 10 70
1225 692 6 3 14
1248 692 1 1 1
1421 693 2 1 2
1453 693 1 1 1
1753 692 3 2 4
910 695 15 13 119
1116 694 7 2 14
1414 695 2 2 3
1448 695 4 4 15
1509 695 4 2 8
52 696 2 1 2
316 697 2 1 2
492 696 2 2 4
450 699 1 1 1
1153 699 23 29 233
1217 699 3 3 7
1440 699 6 5 19
1514 698 2 2 3
1179 701 96 53 1512
762 702 3 3 6
1419 703 2 1 2
189 704 2 8 9
344 704 5 6 21
458 705 1 2 2
579 704 3 2 5
929 704 5 6 23
1024 705 2 3 6
1308 705 2 2 4
1372 705 1 1 1
150 706 10 2 13
554 707 12 5 30
998 706 2 3 6
384 709 1 2 2
1116 708 1 1 1
40 711 3 2 5
270 710 2 8 9
1382 710 9 5 18
209 713 2 2 4
617 713 826 515 116711
720 713 7 6 34
1282 712 2 3 4
1529 712 1 1 1
1663 712 10 3 13
18 714 13 4 23
93 715 3 2 6
125 714 2 3 4
1279 714 53 37 760
1461 714 1 1 1
112 717 1 2 2
251 717 2 1 2
1360 717 5 3 12
1374 716 4 8 25
1406 716 4 3 7
1122 719 1 1 1
1428 718 4 2 6
277 720 2 2 4
382 720 1 1 1
564 720 4 6 9
1109 720 1 1 1
229 723 2 1 2
1038 722 5 5 16
1480 722 1 1 1
85 724 2 1 2
177 725 12 13 73
1275 725 3 2 5
1401 724 26 35 287
1679 724 5 3 13
56 726 3 2 6
138 727 6 3 17
328 727 1 1 1
769 727 4 5 17
1028 726 2 2 4
1371 726 2 2 4
1361 727 40 17 218
1715 727 2 1 2
61 729 2 1 2
216 728 9 3 21
356 728 1 1 1
1335 728 6 9 39
1511 728 2 2 3
337 731 1 2 2
529 730 4 10 13
1000 730 5 8 34
198 732 5 8 14
453 732 3 2 3
557 732 1 2 2
945 733 6 7 27
1146 733 3 2 4
1483 733 1 1 1
86 734 2 1 2
155 734 5 2 7
485 734 3 2 4
283 736 4 3 10
468 737 5 4 12
561 736 1 1 1
1331 737 1 1 1
1346 737 6 5 29
1450 737 8 3 20
27 738 5 3 9
58 738 8 9 17
175 738 2 2 4
231 739 3 2 6
992 739 5 10 23
1573 738 2 2 4
167 740 3 3 7
322 740 1 2 2
363 740 5 3 10
501 741 16 10 56
575 741 18 9 102
611 740 1 1 1
1736 741 4 2 8
135 743 12 4 28
374 743 3 3 8
548 743 6 4 20
1176 742 1 1 1
1324 742 2 7 14
1448 743 1 2 2
81 745 1 1 1
263 745 1 1 1
268 744 9 11 24
441 745 4 3 10
448 744 1 1 1
1355 744 6 10 42
100 747 1 1 1
312 747 2 1 2
397 746 2 2 4
752 746 3 5 13
1430 747 8 4 16
333 748 4 5 17
355 749 2 5 6
428 749 1 1 1
540 749 4 1 4
770 749 3 3 6
978 749 12 7 61
1184 749 2 1 2
1215 749 5 3 10
1451 749 6 4 14
1603 748 2 2 3
65 751 3 7 9
93 751 40 32 343
147 751 2 1 2
199 750 15 22 94
379 750 3 2 5
1301 751 4 1 4
1335 751 2 2 4
1359 750 47 44 566
76 753 2 1 2
413 753 2 1 2
607 752 2 1 2
1174 753 1 1 1
1314 752 6 2 11
1338 753 2 2 3
1496 753 1 1 1
1532 752 38 44 761
357 755 2 2 4
1442 754 10 16 51
341 757 1 1 1
391 756 3 2 6
429 756 6 2 9
504 757 12 10 40
831 756 4 6 19
1606 757 64 50 2064
245 758 14 4 32
309 759 4 2 6
491 759 10 1 10
599 759 6 2 12
1221 759 11 14 79
1266 759 3 1 3
1684 759 3 1 3
233 760 4 2 7
561 760 1 1 1
1477 761 3 3 7
1516 760 7 2 10
138 762 16 19 93
162 763 5 3 12
332 763 7 4 24
606 762 7 14 73
25 765 5 2 10
44 764 3 2 4
284 764 2 1 2
297 764 1 1 1
1032 764 10 10 81
1284 765 1 1 1
311 767 16 13 74
410 767 2 2 2
442 766 2 1 2
227 768 5 2 10
1271 768 56 51 503
1427 768 20 9 62
455 770 2 2 3
559 771 7 7 21
1323 770 1 1 1
1585 771 1 1 1
234 773 5 5 17
267 773 4 10 25
299 773 3 2 5
339 773 8 1 8
527 772 1 1 1
530 773 2 3 4
75 774 2 1 2
351 774 6 6 24
1303 775 14 15 61
1331 774 5 5 25
1339 775 26 35 325
1513 775 2 2 3
535 776 2 2 4
1254 777 8 2 10
1411 777 1 1 1
1469 776 4 3 9
127 778 1 1 1
410 778 1 1 1
440 779 2 2 4
37 781 10 12 48
124 780 2 2 2
362 780 10 10 61
579 780 3 2 5
1324 781 5 6 19
1477 781 3 2 5
56 783 51 22 408
172 783 2 2 3
232 783 2 4 7
447 782 2 2 3
251 785 2 2 3
273 785 13 10 97
524 785 1 1 1
564 784 2 1 2
212 786 3 3 7
332 786 3 3 8
539 786 6 1 6
590 786 2 1 2
1296 786 1 1 1
1451 787 3 2 4
1682 786 5 2 8
302 789 4 5 9
462 789 2 1 2
608 788 9 16 55
1261 789 2 1 2
1418 788 5 2 8
1428 788 13 12 45
22 790 5 4 13
335 791 3 1 3
439 791 4 3 9
460 791 2 2 4
527 791 9 7 24
253 793 2 2 4
1412 793 3 2 5
1667 793 1 1 1
1715 792 1 1 1
167 794 5 1 5
186 795 3 1 3
1248 795 3 2 5
414 797 4 2 7
1469 796 1 2 2
1709 796 1 2 2
1757 797 8 3 16
9 798 3 3 5
147 799 2 2 3
286 798 1 1 1
343 798 3 4 10
402 799 6 7 38
521 798 3 2 4
629 798 2 1 2
1522 798 12 11 32
210 800 5 2 10
376 800 2 2 4
457 801 11 5 22
474 800 3 2 5
499 800 1 1 1
1292 800 66 40 607
1442 800 3 4 10
1550 801 25 23 423
32 803 12 4 20
1471 802 1 1 1
277 804 2 2 4
339 805 2 1 2
1491 804 12 27 63
363 807 4 7 12
420 806 1 2 2
480 806 5 3 7
1398 806 2 1 2
1431 807 1 1 1
21 808 10 2 18
296 809 15 7 28
421 809 3 2 5
521 809 8 17 27
588 808 1 1 1
1368 809 11 10 83
1408 808 1 1 1
1462 809 1 1 1
1777 808 2 2 3
68 810 1 1 1
65 811 23 16 95
152 811 3 2 6
398 810 3 2 6
507 811 2 3 5
142 812 3 3 7
338 813 18 13 67
382 813 8 4 19
1530 813 3 1 3
1743 812 3 2 5
562 815 17 6 51
592 815 35 21 217
1441 815 7 7 30
1664 815 2 2 3
1803 814 2 2 4
640 817 3 8 12
1225 816 2 1 2
1402 817 11 2 13
1422 817 2 2 4
11 818 2 2 4
15 819 46 29 307
123 818 2 1 2
266 818 5 2 10
433 818 15 13 143
471 819 1 1 1
494 819 2 2 3
1759 819 5 3 10
1794 818 4 8 19
321 820 5 1 5
1354 820 38 33 406
1208 822 6 1 6
103 824 1 1 1
419 825 3 3 6
1219 825 10 5 25
1425 824 13 3 16
470 827 3 5 7
1460 827 3 2 5
532 828 13 15 108
1201 828 3 3 9
1410 828 5 4 15
1621 828 11 13 50
80 831 3 1 3
119 830 1 1 1
369 830 2 1 2
410 830 2 1 2
506 831 2 1 2
1606 830 6 3 10
351 833 10 4 14
391 833 8 7 26
588 833 1 1 1
1103 833 14 8 30
1196 833 6 10 29
1543 832 2 1 2
1633 832 2 3 5
462 834 2 2 4
1091 835 2 2 3
1397 835 42 83 1159
1451 834 4 2 8
1465 834 3 2 6
0 837 2 1 2
298 837 3 1 3
342 836 6 18 40
582 836 1 2 2
596 836 1 2 2
1573 836 2 2 4
1664 836 1 1 1
200 839 1 1 1
240 839 3 2 5
1476 839 8 3 19
248 841 4 2 8
400 840 1 1 1
508 841 6 5 26
556 840 3 2 5
603 840 2 1 2
1457 841 1 1 1
1651 841 4 2 8
121 842 18 9 68
210 842 2 1 2
380 842 2 1 2
426 842 22 10 121
588 843 2 2 4
622 842 4 1 4
1090 842 1 1 1
1436 842 2 2 4
1504 843 4 1 4
1685 843 1 1 1
1803 843 2 1 2
100 845 2 2 3
615 845 2 1 2
634 844 4 4 15
1191 844 2 1 2
1469 845 4 2 7
1580 845 2 2 4
1685 845 6 11 19
1786 844 3 2 5
1818 845 11 2 14
1834 844 6 9 22
25 846 3 2 6
202 846 1 1 1
1037 847 10 8 63
1103 846 2 1 2
1236 846 11 9 93
1306 846 1 1 1
1337 846 3 3 8
1584 847 8 6 28
1676 846 2 2 4
1716 846 5 2 6
1805 846 3 2 5
300 849 3 2 5
403 848 2 1 2
453 848 1 1 1
454 849 12 7 21
503 848 1 1 1
1087 848 2 1 2
1616 848 2 2 3
7 851 3 2 4
73 851 1 1 1
176 851 1 2 2
288 850 1 1 1
566 851 1 1 1
596 851 4 2 7
985 850 2 3 6
1105 850 1 8 8
1149 850 19 11 60
1325 851 2 1 2
1317 850 76 88 2030
1439 850 13 12 36
1552 851 17 23 189
1647 851 5 3 10
485 852 2 1 2
515 852 6 5 26
1075 852 1 1 1
1346 852 1 2 2
1477 853 8 5 22
1505 853 3 2 6
1773 852 3 2 6
467 855 2 1 2
620 854 11 6 35
1256 855 1 1 1
1710 855 3 1 3
23 857 3 1 3
334 856 1 1 1
378 856 1 1 1
560 856 2 3 6
578 856 3 4 5
1297 856 3 2 5
1320 857 16 13 114
1498 857 3 2 6
1593 857 7 4 24
1733 856 2 2 3
1802 857 3 3 5
27 859 3 2 5
1050 858 5 2 10
1066 858 4 3 11
1708 859 2 6 12
133 860 5 3 12
369 861 2 2 4
1514 860 1 2 2
1596 861 41 24 574
1660 861 7 7 39
1726 861 4 2 7
152 862 1 2 2
394 863 2 1 2
580 862 31 32 243
1168 863 6 8 13
1248 862 1 2 2
1460 863 1 1 1
47 864 2 2 4
58 864 4 3 8
297 864 4 2 6
616 865 1 1 1
649 865 1 1 1
996 865 9 4 22
156 867 5 2 9
546 866 2 1 2
624 867 1 1 1
1058 867 2 2 4
1484 867 3 2 3
1679 867 1 1 1
112 869 1 2 2
125 869 1 1 1
508 869 1 1 1
631 869 4 4 12
646 869 3 2 6
1683 869 16 9 76
1742 869 3 2 4
533 871 2 1 2
840 871 3 3 7
1437 870 7 10 20
1463 871 6 11 34
468 873 1 1 1
854 873 1 1 1
969 873 1 1 1
989 873 2 2 3
1184 873 2 1 2
1544 872 4 2 8
1652 873 5 11 18
1815 872 2 2 4
259 874 3 1 3
367 875 2 1 2
504 875 2 1 2
641 875 1 1 1
1065 874 1 1 1
0 876 4 2 8
568 877 11 7 57
882 876 2 3 5
902 877 60 43 664
973 876 1 1 1
1313 877 7 3 15
218 879 4 2 7
239 879 4 2 6
522 878 2 1 2
812 879 3 2 5
828 878 6 3 15
1002 879 14 11 80
859 881 2 2 4
873 880 2 2 4
1185 881 3 5 8
1489 880 2 2 4
1785 881 6 5 17
160 882 10 6 21
312 882 5 3 10
503 883 10 11 57
549 883 12 22 52
835 882 18 5 35
883 882 8 12 68
112 884 2 2 4
146 885 1 1 1
331 884 2 2 4
372 884 1 1 1
538 885 10 4 19
1479 884 7 17 46
481 886 3 1 3
1305 886 1 1 1
1495 887 4 2 7
794 889 4 3 12
868 889 1 1 1
985 888 1 1 1
1390 888 5 3 10
1446 889 3 2 5
1702 888 2 2 4
33 891 4 2 8
258 891 1 1 1
356 890 2 1 2
522 891 1 1 1
536 890 1 1 1
638 891 7 11 27
829 891 2 1 2
1316 891 2 2 3
20 892 1 1 1
69 892 2 2 3
281 893 3 8 12
476 892 9 29 101
780 892 110 115 3338
992 893 1 1 1
1456 893 24 21 129
1561 893 3 2 4
1572 892 10 9 43
1783 893 2 1 2
403 894 2 1 2
573 894 5 6 18
612 894 13 5 37
978 895 5 4 12
987 894 37 22 200
1838 895 2 1 2
0 897 6 11 52
17 896 3 2 5
271 897 1 1 1
597 896 3 3 9
844 897 32 21 222
1506 897 10 5 31
1725 896 2 3 5
1739 897 1 1 1
117 898 3 2 5
191 898 3 2 4
511 899 31 29 149
916 898 5 9 13
1640 898 2 2 3
1662 899 6 5 9
1687 898 6 3 16
1829 898 6 3 16
95 901 1 1 1
490 901 2 1 2
733 900 1 1 1
1352 901 1 1 1
603 903 5 2 9
625 903 7 3 21
844 902 2 1 2
984 902 2 1 2
1397 902 2 1 2
1723 902 1 1 1
718 905 3 1 3
889 905 2 1 2
968 905 1 1 1
1675 905 2 1 2
1771 904 1 1 1
104 906 1 1 1
664 907 3 2 4
694 907 3 4 9
746 906 1 1 1
791 907 16 7 47
147 909 3 2 5
290 908 2 1 2
467 909 4 3 9
547 908 1 1 1
885 908 1 1 1
1788 908 17 11 86
352 911 2 1 2
378 910 2 1 2
409 910 4 4 11
561 910 3 2 5
610 910 64 25 390
1692 911 4 3 8
1717 911 4 2 7
1762 911 2 1 2
40 913 1 1 1
190 912 2 2 4
365 913 6 8 21
579 913 2 2 3
684 912 3 5 11
705 912 2 1 2
711 913 3 2 4
904 913 123 106 5634
1322 913 1 1 1
1598 912 1 1 1
1836 912 4 2 7
392 915 2 2 4
871 914 3 3 8
902 914 20 10 97
1609 914 1 1 1
1731 914 1 2 2
242 917 2 5 6
763 916 2 1 2
1022 916 2 2 4
1493 916 2 1 2
1629 916 1 1 1
1779 916 1 1 1
505 918 6 3 11
565 918 1 2 2
732 919 24 9 90
874 918 17 20 169
1389 919 1 1 1
1502 919 2 3 4
132 920 5 2 7
478 921 2 2 4
569 921 9 11 54
597 921 1 1 1
682 920 11 9 33
1433 921 1 1 1
1513 920 9 18 51
1545 921 6 4 12
1624 920 1 2 2
1716 921 1 1 1
17 922 6 4 17
101 923 2 2 3
718 923 2 1 2
793 923 1 2 2
1440 922 3 2 5
1489 922 3 1 3
114 924 1 1 1
547 925 9 16 57
126 927 4 3 8
245 926 1 1 1
683 926 31 40 316
1600 926 4 4 12
339 928 4 1 4
602 929 3 8 10
756 928 3 9 19
796 928 2 4 8
807 929 1 1 1
1421 928 8 16 33
1642 928 2 2 3
1671 929 3 2 4
399 931 1 1 1
502 931 3 2 5
531 930 2 2 3
1615 931 35 29 371
218 932 3 2 4
487 933 1 1 1
740 933 1 1 1
1283 933 5 3 12
1467 933 2 1 2
1609 932 2 1 2
1823 933 5 3 11
312 934 7 7 22
1015 935 3 4 12
1394 934 7 4 23
1496 935 3 3 7
1527 934 44 33 652
1777 934 1 1 1
343 937 4 3 11
494 936 6 4 23
512 937 3 1 3
586 937 2 1 2
1436 937 44 14 160
1749 936 2 2 3
1769 936 3 3 7
39 938 1 1 1
87 939 2 2 3
104 938 3 3 5
463 938 4 3 9
752 938 1 1 1
785 939 27 27 166
1590 939 1 1 1
1680 939 3 4 9
1727 939 6 4 16
138 940 4 3 8
200 941 8 8 19
395 941 2 2 3
428 940 1 1 1
683 941 3 2 5
1576 940 2 1 2
1698 941 3 3 7
1794 941 1 1 1
164 942 2 1 2
320 943 7 2 13
370 943 1 1 1
607 943 22 21 183
663 943 5 9 29
1385 943 7 5 32
172 944 2 2 3
185 944 1 1 1
354 945 3 1 3
1367 944 2 4 8
1404 944 4 5 19
23 946 5 2 7
72 946 1 1 1
265 947 1 1 1
327 946 2 1 2
455 946 1 1 1
563 947 12 4 18
718 946 18 8 70
748 947 1 1 1
1601 947 7 16 53
1735 946 4 2 6
1752 947 2 1 2
269 949 3 2 5
292 949 1 1 1
303 949 2 2 3
392 949 2 2 3
518 948 2 3 5
536 948 1 1 1
641 949 3 2 5
1496 948 18 8 81
1683 949 13 11 33
1808 948 3 2 5
246 950 5 3 12
575 951 2 1 2
754 950 3 5 11
1395 951 6 4 22
1720 951 1 1 1
413 953 1 1 1
549 952 2 1 2
1572 953 6 3 14
1824 953 3 2 5
112 955 5 4 18
326 955 1 1 1
357 955 1 1 1
513 955 2 1 2
711 955 6 4 14
1679 954 1 1 1
160 956 4 9 20
224 956 2 1 2
263 957 4 3 11
277 957 2 1 2
312 956 1 1 1
316 957 2 2 3
376 957 3 2 5
426 956 4 3 8
451 957 1 2 2
639 956 1 1 1
736 957 17 5 44
1668 956 3 3 7
1709 956 1 1 1
26 959 2 2 3
201 959 5 13 39
210 958 1 1 1
218 959 2 2 4
438 959 5 3 11
583 958 6 6 31
1718 958 2 2 4
1787 958 1 1 1
1801 959 4 3 8
271 960 1 2 2
560 960 1 2 2
120 963 2 2 4
302 962 3 3 6
379 963 7 5 15
396 962 6 3 7
1663 962 2 1 2
1739 962 1 1 1
1775 962 4 2 6
173 965 3 2 6
408 964 4 3 9
420 964 1 1 1
493 964 1 1 1
1444 964 5 3 8
1613 964 1 1 1
275 967 2 1 2
564 966 4 4 7
598 967 1 1 1
607 967 2 2 2
704 967 1 1 1
879 966 2 1 2
1027 967 4 4 11
1465 966 2 1 2
319 968 10 12 32
1658 968 1 1 1
5 971 1 1 1
268 971 5 7 30
336 971 2 1 2
374 971 2 1 2
578 970 5 4 18
636 971 2 1 2
706 970 2 1 2
712 971 2 1 2
1484 971 13 15 74
1520 971 23 24 244
1754 971 4 2 7
64 972 2 1 2
437 972 1 1 1
555 972 8 3 21
593 972 1 1 1
661 972 1 1 1
721 972 3 2 5
1569 972 3 2 5
1580 973 23 6 50
1642 973 1 1 1
1739 973 1 1 1
1823 972 5 3 10
83 975 2 2 4
117 975 1 1 1
247 974 5 2 9
657 975 2 2 4
733 974 4 3 10
213 977 4 3 7
522 976 10 15 107
624 976 6 4 18
684 978 1 1 1
747 979 3 6 12
1551 978 2 1 2
1568 979 1 1 1
1628 979 4 2 7
1740 979 3 2 5
88 981 2 2 3
1612 981 2 2 3
1637 980 10 13 57
0 982 4 1 4
60 982 4 2 5
120 983 1 1 1
310 983 2 2 3
333 983 2 2 4
446 982 17 3 24
464 982 14 14 55
512 982 2 1 2
729 982 1 1 1
1055 982 4 2 5
1415 983 1 1 1
1451 983 13 7 47
1508 983 2 2 3
1633 982 2 1 2
1791 982 8 3 15
6 984 2 2 4
55 984 2 2 4
226 984 1 1 1
344 985 3 6 10
715 984 9 9 45
742 985 1 1 1
863 985 2 2 3
1050 984 2 4 5
1253 984 5 4 14
1707 985 2 1 2
1728 984 1 1 1
1810 985 1 1 1
19 986 2 2 4
81 987 3 2 5
494 986 2 2 4
571 987 4 4 12
1500 986 3 1 3
1514 987 1 1 1
1619 986 3 3 9
1752 987 4 2 7
355 988 3 2 5
542 988 9 8 24
631 988 3 4 8
651 989 5 8 17
693 989 12 16 68
1190 988 4 8 24
1437 989 1 1 1
1582 989 9 17 49
1720 988 3 2 6
1830 988 3 2 5
44 990 3 3 6
282 991 2 1 2
331 990 1 1 1
708 991 2 1 2
854 990 1 1 1
1358 991 2 2 3
1656 990 1 2 2
1696 991 4 3 10
1771 990 1 1 1
0 992 4 1 4
77 993 1 1 1
205 993 12 13 36
287 992 1 1 1
291 993 4 2 8
370 993 15 25 156
444 993 5 3 9
505 992 7 3 13
1052 993 1 1 1
1409 992 1 1 1
1605 993 1 1 1
226 995 2 2 4
391 994 3 1 3
487 995 1 1 1
591 995 3 2 5
607 995 3 2 6
670 994 5 2 8
720 995 20 17 192
1054 995 17 24 139
1295 994 1 1 1
1403 994 57 50 776
1617 994 1 2 2
1648 994 2 1 2
1667 994 15 14 92
1773 995 3 2 5
252 996 11 1 11
361 997 2 2 4
1547 996 2 2 4
1731 997 6 4 20
304 999 2 1 2
432 999 4 3 7
855 998 1 1 1
1013 998 2 1 2
1455 999 4 2 5
1715 998 2 2 3
1747 998 11 19 98
356 1000 3 3 7
540 1000 2 1 2
551 1000 9 5 21
620 1000 2 2 4
857 1001 1 1 1
1387 1000 1 1 1
1607 1001 2 2 4
153 1003 1 2 2
193 1002 2 2 3
282 1002 1 1 1
467 1002 6 4 17
526 1002 5 5 21
590 1003 1 1 1
612 1002 4 2 7
1515 1003 1 1 1
1704 1002 1 1 1
1836 1003 4 1 4
178 1005 1 1 1
446 1005 1 1 1
798 1004 2 1 2
1078 1005 2 3 5
1462 1005 1 1 1
1498 1005 1 1 1
1802 1004 2 2 3
51 1007 3 1 3
322 1007 3 3 6
403 1007 10 2 11
505 1006 1 1 1
593 1006 4 3 11
709 1006 3 3 9
1470 1006 19 30 156
1513 1007 33 35 573
1549 1007 11 10 39
1597 1006 2 2 3
58 1009 2 1 2
103 1008 5 3 9
167 1009 2 1 2
478 1008 1 1 1
496 1009 2 1 2
629 1008 7 14 40
821 1009 1 1 1
918 1009 2 3 5
164 1010 1 1 1
196 1011 1 1 1
222 1010 5 3 12
251 1010 14 2 27
399 1011 3 2 4
452 1011 1 1 1
654 1011 1 1 1
671 1011 2 2 3
747 1010 1 2 2
936 1011 3 1 3
1380 1011 5 2 8
1508 1011 3 2 5
1664 1010 1 1 1
1777 1010 7 9 41
131 1012 2 2 4
338 1013 3 2 4
521 1013 1 1 1
565 1013 16 13 141
776 1013 12 8 38
801 1012 2 2 3
812 1012 9 1 9
1028 1013 2 1 2
235 1014 3 2 5
479 1015 1 1 1
611 1014 7 4 13
791 1014 2 1 2
868 1015 22 20 165
1317 1015 1 1 1
1460 1015 2 1 2
1814 1015 9 6 18
57 1017 1 1 1
156 1016 1 1 1
209 1017 1 2 2
363 1016 4 3 9
551 1017 1 1 1
681 1016 6 9 38
700 1016 8 7 18
950 1016 5 7 17
991 1017 2 3 6
1025 1017 1 1 1
1592 1017 1 1 1
0 1018 4 6 12
45 1019 1 1 1
137 1019 1 1 1
428 1018 7 3 11
446 1019 3 1 3
504 1018 4 2 4
909 1019 4 6 15
931 1018 3 1 3
1291 1018 1 1 1
1595 1019 2 1 2
1615 1018 2 2 4
1718 1019 2 2 2
1795 1019 2 1 2
19 1021 2 2 4
593 1020 2 1 2
617 1020 13 20 115
812 1021 74 53 857
957 1021 12 10 58
1560 1020 1 1 1
1735 1020 4 2 8
1773 1020 2 2 4
1799 1020 3 2 4
173 1023 1 1 1
442 1022 1 1 1
472 1022 19 20 184
497 1022 1 1 1
560 1022 1 2 2
586 1022 22 25 200
713 1023 3 4 11
852 1023 2 2 3
1057 1023 6 5 10
1311 1022 3 2 6
1368 1022 3 3 8
1600 1023 5 3 11
86 1025 3 2 4
223 1025 1 1 1
643 1024 30 33 171
980 1025 11 11 42
1462 1025 5 6 15
229 1026 1 1 1
545 1026 4 2 8
643 1027 6 2 11
1551 1026 8 6 26
1629 1026 1 2 2
1650 1027 20 23 146
1826 1027 8 8 17
195 1029 1 1 1
234 1028 6 4 14
402 1028 3 2 5
772 1029 4 5 15
810 1028 7 8 24
999 1029 14 11 86
1027 1029 2 1 2
1732 1028 13 14 67
1751 1029 2 1 2
1766 1028 4 3 12
111 1031 7 3 14
136 1030 2 2 3
150 1030 2 1 2
162 1030 4 2 6
185 1030 7 3 9
348 1030 3 1 3
388 1030 1 2 2
517 1031 4 8 13
674 1030 3 2 6
753 1030 4 4 10
927 1031 10 5 28
1068 1031 2 1 2
1709 1031 3 2 5
1759 1031 2 1 2
123 1033 3 10 13
141 1032 2 3 6
277 1033 4 8 16
798 1032 4 2 5
1568 1033 13 10 68
0 1034 9 8 64
63 1035 3 3 6
104 1034 5 4 13
153 1035 1 1 1
210 1034 4 4 12
422 1034 1 1 1
537 1034 4 5 17
1619 1034 3 1 3
173 1036 3 2 5
224 1037 9 4 19
382 1036 1 1 1
424 1036 2 1 2
719 1037 8 2 12
777 1037 19 13 139
910 1036 4 3 10
1019 1036 19 18 127
1053 1037 16 17 114
1120 1036 1 1 1
1454 1036 3 2 6
1506 1037 6 3 8
193 1039 1 2 2
452 1039 1 1 1
699 1038 1 1 1
739 1038 3 3 6
945 1038 2 3 5
973 1038 4 6 21
1441 1039 1 1 1
1467 1038 2 4 8
1498 1038 4 2 7
1783 1038 9 3 20
1811 1038 3 3 3
84 1040 5 2 7
314 1040 1 1 1
412 1041 2 2 2
809 1041 4 6 9
915 1041 1 1 1
47 1043 3 5 10
54 1042 1 1 1
73 1043 5 7 32
315 1042 7 5 29
376 1043 1 1 1
431 1043 4 2 7
491 1042 23 15 126
578 1043 3 2 5
683 1043 2 2 3
979 1042 14 18 116
1397 1042 1 1 1
1683 1043 4 3 9
130 1045 3 2 5
472 1045 1 1 1
687 1045 1 2 2
768 1044 1 1 1
1448 1044 3 2 5
1541 1044 6 3 10
1556 1045 18 31 142
1587 1045 5 2 8
1610 1044 2 2 3
1629 1045 2 1 2
1707 1045 1 1 1
1764 1045 4 1 4
327 1047 24 18 176
366 1046 3 1 3
464 1047 1 1 1
546 1047 1 1 1
966 1047 1 1 1
1462 1047 3 3 8
1512 1046 1 1 1
1714 1046 19 9 42
1753 1047 7 4 13
217 1048 1 1 1
265 1048 2 2 4
386 1049 2 1 2
609 1048 1 1 1
611 1049 2 2 3
806 1048 1 1 1
916 1048 12 10 39
1409 1049 3 2 6
1451 1049 1 1 1
1466 1049 13 10 53
1486 1049 1 1 1
1836 1049 4 2 7
37 1051 8 7 39
98 1051 7 5 20
154 1050 1 1 1
195 1050 20 22 76
392 1050 5 3 11
563 1051 5 3 7
727 1050 12 11 65
1003 1050 32 35 192
1499 1050 1 1 1
9 1053 1 2 2
83 1052 3 3 7
241 1053 18 18 126
301 1053 2 1 2
429 1052 2 1 2
523 1053 22 15 62
685 1052 10 12 39
707 1053 3 3 5
929 1052 2 1 2
963 1053 1 1 1
1417 1053 40 25 346
1598 1053 2 2 3
1677 1052 1 1 1
1810 1052 7 3 10
66 1054 5 2 9
112 1054 1 1 1
613 1054 2 10 11
625 1055 4 4 14
950 1055 10 3 17
1042 1055 4 14 38
1780 1054 3 2 5
93 1057 3 2 3
161 1057 1 1 1
283 1056 2 1 2
426 1057 1 1 1
851 1056 5 4 18
936 1057 2 1 2
970 1057 1 1 1
1486 1056 22 23 117
1512 1056 5 2 9
1538 1057 11 3 15
1640 1056 1 1 1
1787 1056 2 1 2
27 1059 6 4 9
74 1059 5 3 11
117 1059 16 9 52
269 1059 2 1 2
300 1058 1 1 1
373 1059 2 2 3
405 1058 19 13 42
446 1059 1 2 2
799 1058 8 7 43
1772 1058 1 1 1
463 1061 3 2 5
886 1060 2 1 2
940 1060 1 2 2
1532 1060 1 1 1
1680 1060 2 2 2
1796 1061 2 2 3
151 1063 3 3 5
304 1063 2 1 2
438 1062 2 2 3
581 1063 3 3 7
642 1062 1 1 1
759 1062 40 42 460
844 1063 2 2 3
864 1062 1 1 1
980 1063 2 2 4
1061 1063 8 9 45
363 1064 2 2 3
515 1065 1 1 1
554 1064 1 1 1
645 1064 4 5 8
722 1064 2 1 2
725 1065 5 4 12
880 1065 2 1 2
1024 1064 2 1 2
1666 1064 1 1 1
19 1066 4 3 6
90 1067 6 9 16
454 1066 1 2 2
525 1066 7 17 44
635 1066 1 1 1
666 1067 18 6 54
847 1067 35 34 354
920 1066 1 1 1
945 1066 18 11 73
1718 1066 7 4 18
1773 1067 5 2 8
1808 1066 2 2 3
6 1069 11 18 66
114 1069 1 5 5
308 1068 3 2 5
361 1069 1 1 1
382 1069 2 1 2
597 1069 1 1 1
621 1068 1 2 2
904 1068 10 7 32
1544 1068 1 2 2
1749 1068 1 1 1
1820 1068 1 1 1
67 1070 4 9 19
295 1070 1 1 1
322 1071 1 1 1
373 1070 8 15 39
706 1071 9 5 33
1445 1071 2 2 4
1457 1071 1 1 1
1512 1071 2 2 3
348 1072 9 13 38
393 1072 4 2 7
429 1073 1 1 1
445 1073 1 1 1
481 1072 3 2 3
884 1072 14 9 47
968 1073 24 20 250
1037 1073 5 5 16
1070 1073 4 1 4
1470 1072 1 1 1
1638 1073 1 1 1
1702 1072 1 1 1
1727 1073 1 1 1
1828 1072 12 8 30
324 1074 2 1 2
500 1075 17 13 51
805 1074 5 6 29
1454 1074 1 1 1
1471 1075 9 3 16
1511 1075 1 1 1
35 1077 17 16 101
140 1077 2 1 2
278 1076 9 8 30
418 1076 3 6 12
561 1076 5 4 11
914 1077 4 2 7
996 1077 3 8 24
1658 1076 1 1 1
1711 1077 1 9 9
1734 1077 4 9 25
1756 1076 4 2 7
1768 1076 1 1 1
188 1078 5 4 15
626 1079 8 12 31
654 1079 20 9 47
685 1078 5 6 20
715 1078 2 2 4
728 1078 13 4 20
1528 1078 1 1 1
1557 1078 1 2 2
1773 1078 1 1 1
1778 1079 1 1 1
804 1080 54 39 524
1748 1080 3 3 7
110 1083 1 1 1
194 1083 44 33 302
248 1083 1 1 1
310 1083 9 17 63
421 1083 5 3 14
553 1083 1 1 1
699 1083 10 11 63
825 1083 1 1 1
943 1082 3 1 3
1453 1082 31 50 373
1541 1083 6 10 39
136 1084 2 1 2
253 1085 3 2 6
328 1084 6 4 14
439 1085 2 2 3
571 1085 1 2 2
599 1085 6 10 25
717 1084 2 2 4
932 1085 2 4 8
1833 1085 7 6 42
262 1087 15 15 98
294 1087 3 2 5
411 1086 1 1 1
515 1086 1 1 1
933 1086 43 44 486
1605 1087 2 1 2
25 1089 2 1 2
122 1088 7 2 12
138 1089 23 18 108
358 1089 3 7 9
562 1089 5 4 16
622 1088 1 3 3
709 1089 14 27 100
911 1089 3 4 9
1004 1088 5 4 13
1527 1088 2 1 2
1589 1089 2 2 4
1761 1089 2 2 3
444 1091 7 6 24
546 1091 4 5 13
732 1091 1 1 1
743 1090 1 1 1
1043 1090 2 5 7
1580 1091 6 3 10
1607 1091 12 6 51
1785 1091 8 12 24
191 1092 1 1 1
388 1092 1 1 1
484 1093 2 2 3
798 1092 9 7 29
813 1093 2 2 4
1032 1093 1 1 1
1814 1092 2 1 2
400 1094 1 2 2
468 1095 5 6 11
485 1094 60 29 429
516 1095 1 1 1
1009 1095 9 5 17
1674 1094 4 3 10
1828 1094 3 2 6
69 1097 3 2 5
98 1097 15 6 43
297 1096 1 1 1
327 1097 1 2 2
420 1097 9 4 27
559 1096 2 2 3
1037 1097 2 1 2
1659 1097 10 3 15
0 1098 19 26 123
337 1098 4 1 4
927 1098 4 5 17
1719 1098 4 2 6
60 1100 2 2 2
121 1101 2 1 2
430 1101 1 2 2
454 1100 2 2 3
627 1101 1 1 1
672 1100 11 4 18
1043 1100 11 6 35
1635 1101 23 21 129
27 1102 3 1 3
40 1102 13 4 20
125 1103 1 2 2
377 1103 1 1 1
700 1102 1 1 1
1684 1103 5 2 8
1819 1103 9 2 18
256 1105 11 11 54
343 1104 2 2 4
413 1105 2 1 2
417 1104 1 1 1
442 1105 19 11 32
579 1105 1 1 1
597 1105 3 3 6
617 1104 3 1 3
702 1105 3 1 3
803 1105 1 2 2
909 1104 12 14 64
988 1104 1 1 1
1488 1104 49 47 766
1547 1105 9 5 26
368 1106 2 2 3
998 1106 29 14 145
1443 1106 9 13 69
1532 1106 1 1 1
1577 1107 6 7 27
231 1108 2 2 3
298 1109 4 8 11
321 1108 1 1 1
336 1108 1 1 1
394 1108 1 1 1
649 1108 8 6 34
770 1109 22 16 153
1479 1109 1 1 1
1481 1108 1 1 1
425 1110 5 2 10
633 1110 6 4 19
730 1110 1 2 2
874 1111 2 2 3
1415 1111 5 4 13
1732 1111 8 3 9
1829 1111 1 1 1
33 1112 4 2 4
351 1113 1 1 1
402 1113 10 3 14
705 1112 1 1 1
756 1112 9 3 11
1194 1112 1 1 1
1679 1113 4 6 14
1719 1112 2 1 2
82 1115 1 1 1
169 1115 3 2 3
430 1115 1 1 1
571 1115 1 1 1
1495 1115 1 1 1
1835 1115 5 2 8
86 1116 3 3 7
236 1116 12 5 37
282 1117 1 1 1
344 1116 3 1 3
567 1117 32 52 380
995 1117 3 3 8
1405 1116 1 1 1
1723 1117 2 2 3
1813 1116 4 11 15
129 1118 21 25 106
210 1119 1 1 1
303 1119 3 2 5
337 1118 1 1 1
399 1119 1 1 1
412 1118 3 5 12
471 1118 1 2 2
624 1118 9 12 46
676 1118 1 1 1
890 1119 7 8 35
563 1121 6 13 41
745 1121 3 4 10
963 1121 1 1 1
1039 1121 2 1 2
1546 1121 5 3 8
1795 1121 2 1 2
108 1122 5 3 9
378 1122 3 4 5
460 1123 2 1 2
628 1123 32 81 512
1028 1122 8 3 16
1590 1123 6 3 12
1740 1123 1 1 1
17 1124 1 1 1
39 1125 1 1 1
325 1125 4 2 6
607 1125 10 12 52
758 1125 6 2 8
1558 1124 2 1 2
1745 1125 3 3 4
102 1126 3 2 5
155 1126 12 11 40
180 1127 5 4 15
290 1126 1 1 1
473 1126 3 3 6
490 1127 5 2 6
750 1127 3 4 9
841 1126 1 1 1
964 1126 4 2 6
980 1127 3 4 5
1604 1126 3 2 5
1797 1126 2 2 2
28 1129 1 1 1
58 1129 11 7 31
99 1128 1 1 1
123 1128 1 1 1
205 1129 1 2 2
282 1129 1 1 1
295 1128 4 1 4
353 1129 1 1 1
365 1129 1 1 1
405 1129 24 34 155
448 1128 4 3 10
727 1128 2 1 2
814 1129 6 5 16
862 1129 5 4 14
917 1129 2 2 4
1410 1129 4 3 9
1543 1128 30 13 101
1705 1129 1 1 1
1723 1128 2 1 2
1836 1128 4 4 11
0 1130 3 7 14
329 1131 8 4 28
408 1130 1 1 1
520 1131 4 2 8
663 1130 8 6 28
683 1130 4 4 10
799 1131 2 1 2
997 1131 5 2 7
1032 1131 28 61 550
44 1133 2 1 2
116 1132 5 3 8
525 1133 19 9 76
844 1133 2 1 2
884 1133 1 1 1
913 1132 1 2 2
1661 1132 2 2 4
84 1134 2 2 2
98 1134 1 1 1
113 1135 2 2 3
255 1135 13 3 26
438 1135 10 6 28
499 1135 3 1 3
767 1134 16 5 43
1016 1135 12 15 98
1077 1134 9 7 43
1609 1134 1 1 1
1730 1135 3 3 5
55 1137 1 1 1
319 1137 10 6 32
354 1137 4 3 12
364 1137 9 12 36
803 1137 8 8 41
1585 1136 3 1 3
8 1138 14 15 110
559 1139 2 2 4
711 1138 16 18 100
786 1138 1 1 1
851 1139 7 9 23
965 1138 11 11 70
992 1139 3 2 4
1437 1139 9 10 40
1633 1139 4 3 10
1654 1138 1 1 1
1666 1138 1 1 1
1737 1138 9 16 73
173 1140 8 10 39
508 1140 7 14 30
750 1141 11 11 42
930 1140 24 19 131
1612 1141 2 1 2
1692 1141 2 2 3
1784 1140 3 2 3
234 1143 5 5 18
285 1142 3 3 4
1089 1143 9 6 34
1175 1143 2 2 3
1486 1143 6 10 15
36 1144 10 4 20
394 1144 1 1 1
547 1145 2 2 3
589 1145 25 38 219
659 1145 18 30 104
897 1145 3 4 9
1535 1145 3 1 3
1652 1144 2 1 2
267 1146 3 2 5
297 1146 17 12 63
564 1147 1 1 1
597 1147 1 1 1
781 1147 11 13 62
1063 1146 2 1 2
1430 1146 1 1 1
1575 1146 1 1 1
1771 1147 6 8 15
58 1149 1 1 1
264 1148 2 1 2
322 1149 1 1 1
333 1148 14 6 26
567 1149 1 1 1
681 1149 7 6 32
690 1148 1 1 1
813 1148 3 1 3
981 1148 1 1 1
1110 1148 1 1 1
1632 1149 1 1 1
189 1150 4 3 9
350 1151 1 1 1
378 1151 4 10 14
538 1151 10 10 24
873 1151 6 4 17
991 1151 16 5 22
1083 1150 2 2 3
1100 1151 6 2 11
1386 1151 3 2 6
1399 1150 7 5 27
1591 1150 2 1 2
1612 1151 2 3 4
353 1152 4 4 13
484 1153 13 11 58
763 1152 10 12 42
1414 1153 6 5 18
1541 1152 1 1 1
1702 1152 1 1 1
25 1154 1 1 1
112 1154 6 15 47
1499 1154 2 4 8
1587 1155 1 1 1
1650 1154 3 3 7
1672 1155 1 1 1
1790 1155 11 4 24
30 1156 1 1 1
86 1156 10 4 24
138 1156 4 1 4
561 1157 3 3 9
749 1157 2 1 2
828 1157 7 11 65
957 1156 1 1 1
972 1156 1 1 1
1550 1156 24 19 320
1597 1157 2 1 2
6 1159 8 4 15
229 1159 9 15 67
258 1158 1 2 2
281 1159 8 3 15
816 1158 2 1 2
863 1158 13 8 51
888 1159 2 2 3
1525 1159 11 18 56
1726 1159 1 1 1
72 1161 13 3 23
202 1160 2 2 3
437 1160 1 1 1
524 1161 1 1 1
846 1160 4 2 6
960 1160 27 21 114
1513 1160 5 4 8
1717 1161 2 1 2
1733 1161 3 2 3
130 1163 3 3 5
180 1162 2 2 3
507 1163 4 2 7
818 1162 1 1 1
1599 1162 3 2 5
1622 1162 1 1 1
1657 1163 2 1 2
140 1165 8 13 59
153 1164 1 1 1
715 1164 2 1 2
798 1164 4 3 8
900 1164 1 1 1
1663 1165 10 3 16
1828 1164 1 1 1
49 1166 2 2 2
163 1167 14 6 40
200 1166 2 2 2
469 1166 1 1 1
526 1167 1 1 1
549 1167 3 2 4
949 1167 2 2 4
1012 1166 5 4 12
1088 1166 1 2 2
1107 1167 2 3 5
1394 1167 2 2 4
1440 1166 5 4 9
1518 1166 1 1 1
1640 1166 1 2 2
263 1169 2 2 4
401 1169 1 1 1
622 1168 1 2 2
734 1168 2 3 5
791 1168 4 5 20
826 1169 1 1 1
1033 1169 2 2 4
1404 1168 7 9 39
1629 1168 2 9 11
1783 1168 3 2 3
1814 1169 1 1 1
367 1170 1 1 1
421 1170 3 1 3
459 1171 2 2 2
479 1170 1 1 1
483 1171 38 33 275
1074 1171 1 1 1
1502 1171 5 7 18
1763 1171 1 1 1
1837 1171 3 10 14
240 1173 27 12 77
385 1172 3 2 5
444 1172 1 1 1
580 1172 4 2 8
789 1173 1 1 1
1765 1172 1 1 1
1770 1173 1 1 1
57 1175 7 3 11
123 1174 4 2 5
153 1175 9 11 31
239 1175 1 1 1
312 1174 1 1 1
374 1174 9 12 29
447 1175 3 4 10
470 1175 10 11 38
498 1174 1 1 1
530 1175 3 4 8
547 1175 10 5 16
692 1174 1 1 1
911 1175 2 4 6
270 1176 2 2 4
313 1177 1 1 1
409 1177 3 5 8
726 1176 2 3 6
769 1176 20 14 169
826 1177 19 13 73
1591 1177 7 11 24
1642 1176 1 1 1
1786 1177 1 1 1
1824 1177 1 1 1
89 1179 3 2 5
326 1179 1 1 1
435 1178 3 1 3
454 1179 3 2 6
704 1178 3 2 4
874 1178 14 22 109
1516 1178 1 1 1
1551 1179 1 1 1
805 1180 3 4 10
900 1181 9 9 25
958 1180 2 2 4
969 1181 3 13 20
996 1180 5 6 15
1522 1181 1 1 1
37 1183 20 11 88
172 1183 2 2 4
195 1183 6 3 16
215 1183 1 2 2
753 1183 5 6 16
1029 1182 1 1 1
569 1184 6 9 24
924 1184 10 6 33
1016 1185 1 1 1
1674 1185 3 3 7
1831 1184 1 1 1
80 1186 4 1 4
94 1187 2 1 2
130 1187 10 8 30
187 1187 1 1 1
235 1187 2 4 7
325 1187 1 2 2
391 1186 7 5 15
686 1186 2 2 4
1008 1186 4 9 23
1543 1186 8 3 12
1628 1187 1 1 1
1796 1187 2 1 2
73 1189 3 2 5
894 1189 1 1 1
1751 1189 5 5 9
177 1190 10 4 32
234 1191 30 37 276
276 1191 8 5 22
338 1191 7 7 23
408 1191 3 2 6
546 1191 12 7 33
661 1191 4 4 13
758 1191 8 8 60
846 1191 5 14 24
981 1190 1 1 1
1472 1190 2 2 3
1572 1191 1 1 1
1693 1190 6 6 22
1770 1191 3 2 3
83 1193 6 8 23
146 1192 3 3 9
362 1192 27 22 134
601 1192 4 4 9
598 1192 44 36 290
673 1192 5 6 27
992 1192 1 1 1
1023 1192 1 1 1
1567 1193 1 1 1
1607 1193 1 1 1
57 1194 8 13 36
110 1194 8 13 40
169 1194 2 9 10
322 1195 3 2 4
534 1194 1 2 2
631 1194 2 1 2
694 1195 2 3 4
787 1194 13 3 19
906 1194 1 1 1
921 1195 3 2 5
950 1194 6 2 11
1482 1194 7 6 30
1506 1195 1 1 1
1553 1194 6 18 58
1577 1195 1 1 1
14 1197 4 2 5
356 1197 3 2 6
448 1196 1 1 1
463 1197 2 2 4
480 1196 1 1 1
705 1197 1 1 1
980 1196 1 1 1
1029 1197 3 1 3
1525 1197 1 1 1
1607 1196 17 16 112
1748 1197 1 1 1
97 1199 2 2 3
455 1199 6 4 24
595 1199 1 1 1
683 1198 6 6 22
867 1199 5 3 14
943 1198 7 5 15
1632 1198 3 2 4
1831 1198 9 3 21
155 1201 3 2 6
259 1201 4 3 11
274 1200 2 2 3
286 1201 2 1 2
311 1200 2 3 6
332 1201 2 1 2
563 1201 1 1 1
746 1201 7 3 11
1055 1201 6 9 26
1677 1201 4 3 8
399 1202 7 10 37
445 1202 6 10 25
472 1202 1 1 1
512 1202 11 18 65
541 1203 4 7 18
577 1203 2 3 5
860 1202 3 3 9
977 1203 4 7 19
1044 1203 2 2 4
1642 1203 1 1 1
1798 1203 5 3 9
0 1204 10 4 22
38 1204 7 9 43
109 1205 31 23 125
158 1204 7 4 28
417 1204 1 1 1
920 1205 1 2 2
990 1204 3 6 9
1039 1205 1 1 1
1814 1204 13 3 18
308 1207 3 2 5
822 1206 1 1 1
888 1206 2 1 2
900 1206 2 3 5
956 1207 2 9 11
1006 1206 1 2 2
1594 1207 3 4 7
1652 1207 2 2 3
1787 1206 1 1 1
1789 1207 5 2 10
185 1208 1 1 1
415 1208 2 1 2
466 1208 1 1 1
532 1209 2 2 2
557 1208 1 1 1
581 1209 2 1 2
689 1209 1 1 1
947 1208 1 1 1
1089 1209 1 1 1
1721 1208 1 1 1
169 1211 17 12 125
207 1210 23 9 71
326 1210 6 4 15
339 1210 12 18 69
1448 1210 1 2 2
26 1213 2 2 3
144 1213 4 10 22
275 1213 1 1 1
316 1213 2 1 2
494 1212 2 2 3
746 1213 2 3 6
796 1212 10 16 57
839 1213 1 1 1
1412 1212 3 2 5
1571 1213 3 2 3
1620 1213 1 1 1
1668 1213 4 2 7
1713 1213 2 1 2
102 1214 2 2 3
474 1214 2 2 4
705 1215 4 2 5
961 1215 8 4 23
1420 1214 1 1 1
1425 1215 6 13 69
1821 1215 1 1 1
37 1216 1 1 1
405 1216 18 5 36
728 1217 1 1 1
742 1216 2 2 3
830 1217 5 2 10
1022 1217 2 1 2
1521 1216 19 12 136
1733 1217 1 1 1
1781 1216 12 12 65
284 1219 5 9 18
384 1218 3 2 4
443 1219 1 1 1
469 1218 3 2 3
481 1218 15 10 60
624 1219 2 1 2
1632 1219 3 2 3
1825 1219 9 9 33
1837 1218 3 2 6
59 1220 2 1 2
158 1220 1 1 1
366 1221 1 1 1
401 1221 4 2 8
429 1221 1 1 1
524 1221 2 2 3
534 1220 3 2 3
545 1220 20 8 75
698 1220 1 1 1
1591 1220 1 1 1
1665 1220 1 2 2
1685 1220 13 8 22
1772 1221 1 1 1
38 1223 6 5 30
164 1223 4 5 20
296 1222 7 6 25
433 1222 1 1 1
662 1223 5 5 21
922 1222 1 1 1
970 1222 1 1 1
999 1223 3 5 13
1473 1223 7 5 26
1621 1223 1 5 5
1767 1222 2 6 7
0 1224 10 4 24
78 1225 1 3 3
186 1224 7 4 28
434 1224 4 4 16
649 1224 3 4 12
946 1224 1 4 4
1740 1225 1 3 3
237 1227 1 1 1
458 1227 2 1 2
768 1226 2 2 4
826 1226 2 2 4
859 1226 1 2 2
1045 1227 2 1 2
1448 1227 2 1 2
1596 1226 3 2 5
