0 0 1840 1228 2088289
10 0 32 19 494
142 0 19 14 216
168 0 64 61 1659
330 0 39 47 920
597 0 11 11 96
626 0 20 31 431
661 0 29 44 992
739 0 47 81 1529
924 0 11 25 179
1018 0 14 8 87
1157 0 5 10 43
1323 0 76 62 3496
1484 0 34 12 280
1629 0 8 1 8
977 9 9 14 87
1178 11 6 9 38
299 21 1 1 1
883 20 9 15 117
552 22 23 46 887
1059 22 36 28 384
853 24 15 29 343
250 27 6 3 6
1257 35 10 5 31
103 39 41 44 1043
1202 40 16 27 297
276 46 18 23 328
932 47 2 3 5
592 48 9 13 85
1171 50 10 23 135
48 52 10 14 88
326 53 19 28 405
1468 53 33 44 922
978 56 5 7 29
1397 56 48 99 3237
96 61 13 11 96
1050 61 9 18 83
1787 61 34 36 790
987 68 8 13 84
588 73 25 43 486
236 75 22 37 662
0 77 1 6 6
74 78 69 56 1612
548 81 14 24 278
1025 87 9 13 88
50 88 1 1 1
1048 88 6 12 63
1179 88 6 10 46
1600 91 1 1 1
811 93 6 8 35
1145 92 15 32 259
768 99 3 4 6
530 104 13 24 233
779 105 27 45 793
952 105 5 9 32
1079 104 6 15 79
992 106 9 18 119
1030 108 6 8 36
1061 108 7 9 47
742 111 9 14 101
499 113 17 21 257
1617 119 15 14 137
645 123 6 8 31
695 126 12 27 238
1010 129 7 10 47
1484 132 22 23 233
1678 132 6 3 8
818 136 18 31 365
938 138 9 11 50
1077 138 12 28 222
1031 141 5 9 39
566 145 9 11 79
1176 146 26 43 802
1530 146 34 53 1179
1617 146 11 11 79
1057 149 5 5 21
1121 149 12 20 182
509 153 26 33 637
182 154 16 14 174
684 155 9 17 129
851 156 5 4 12
282 158 16 18 195
1148 164 6 10 44
1468 165 17 24 250
62 170 29 34 749
907 175 11 19 170
1061 177 1 1 1
1245 179 1 1 1
629 183 45 61 1500
1110 182 34 89 1610
827 185 5 8 33
1143 184 10 14 100
1046 186 5 7 27
1072 187 13 13 125
100 189 26 31 607
852 191 9 25 98
1230 191 1 1 1
1232 192 7 5 21
265 194 24 29 523
954 199 7 12 69
1510 200 9 8 48
40 202 11 5 33
1250 204 41 76 2102
1243 207 1 1 1
475 219 14 32 330
185 221 49 42 1253
743 220 11 22 197
883 221 57 91 2407
998 222 6 19 55
1592 225 11 10 77
6 227 1 1 1
360 227 15 20 223
1083 227 6 9 35
1537 227 24 29 485
978 228 1 2 2
20 230 1 1 1
510 230 12 20 199
15 232 1 1 1
26 237 3 4 9
1081 241 1 1 1
870 243 8 13 86
1006 242 47 47 1442
1163 243 12 7 68
1388 245 23 34 513
1097 246 11 16 124
838 250 12 20 190
1208 257 20 26 300
165 259 14 19 175
1061 258 4 5 13
1085 258 1 1 1
554 260 1 1 1
813 260 10 19 137
985 260 1 2 2
1365 264 1 1 1
1163 266 4 5 13
715 269 18 31 453
56 270 10 7 45
557 271 13 36 318
978 270 13 13 72
0 283 8 26 155
1159 282 5 6 27
1049 284 5 7 29
1073 285 6 9 39
532 287 15 29 351
817 287 15 27 308
953 286 1 1 1
1475 287 2 1 2
176 291 2 1 2
983 293 6 12 66
1153 292 3 2 5
1061 295 5 16 52
112 300 23 28 490
578 303 11 19 168
627 302 1 1 1
937 303 1 1 1
1225 302 22 29 333
271 307 20 19 296
1025 306 4 7 22
994 309 10 15 50
846 311 7 13 77
683 319 8 13 81
1136 323 1 1 1
1652 322 1 1 1
1083 324 5 5 13
1526 324 39 47 818
907 327 31 55 577
937 327 5 6 19
795 329 1 1 1
823 329 5 8 30
1032 330 5 7 26
1388 330 2 1 2
1735 331 30 22 451
1767 331 1 1 1
785 333 29 35 493
130 335 13 12 112
1108 335 18 20 177
20 337 36 35 883
1579 337 5 4 10
1326 338 50 105 2468
598 342 6 3 11
962 342 3 2 3
1170 343 1 1 1
149 345 29 42 585
876 344 2 2 3
975 345 6 9 44
1001 345 4 4 14
746 346 34 19 260
889 348 5 4 14
1574 351 1 1 1
838 354 1 1 1
1080 355 1 1 1
1222 355 29 43 860
563 356 7 7 29
680 357 21 17 260
1732 357 1 1 1
1097 359 5 5 15
894 360 15 18 97
870 362 1 2 2
1172 363 2 1 2
97 364 7 3 13
207 364 17 21 275
806 367 15 16 92
774 368 5 3 13
1067 368 8 12 51
0 371 28 25 491
734 370 4 5 16
1717 370 1 1 1
553 375 16 24 309
863 375 1 2 2
872 374 12 12 69
1107 374 9 12 86
1757 374 1 1 1
962 377 3 1 3
111 378 1 1 1
839 379 11 20 174
907 381 1 2 2
1154 380 31 50 1013
387 385 11 12 104
781 385 11 16 144
938 385 19 11 48
1761 385 69 83 2798
919 387 1 1 1
1061 386 6 10 44
894 389 2 3 5
950 389 27 44 310
1582 389 1 1 1
673 390 7 11 59
814 393 3 6 16
930 392 1 1 1
1073 395 5 4 17
244 397 15 15 185
352 397 14 21 242
1109 397 1 1 1
1400 397 1 1 1
882 399 1 1 1
909 398 1 1 1
1016 399 2 1 2
935 400 2 2 2
751 403 8 17 97
914 402 6 14 62
1122 402 1 1 1
1146 402 1 1 1
1414 402 1 1 1
980 406 2 5 9
1652 406 31 27 506
946 408 1 2 2
1003 409 5 6 27
1836 409 4 13 27
400 410 11 16 137
945 411 1 1 1
629 412 2 1 2
1098 413 31 21 210
817 415 7 11 66
861 415 1 2 2
936 415 2 4 7
470 416 15 24 277
901 417 1 1 1
979 417 1 2 2
552 419 65 71 1738
1693 419 4 2 4
268 421 13 20 150
838 420 1 3 3
910 420 1 1 1
82 422 42 34 915
952 422 2 3 4
1077 422 5 4 12
1464 423 11 8 24
1622 422 2 1 2
793 424 4 7 20
1011 424 2 2 3
178 426 15 19 221
722 426 19 16 168
849 426 3 3 9
912 427 1 1 1
645 429 14 21 206
828 428 2 3 6
892 428 1 1 1
1072 428 5 10 44
812 430 3 2 6
925 431 23 26 149
986 430 1 1 1
1721 430 1 1 1
841 432 7 6 35
865 432 4 4 10
882 432 6 9 41
1162 433 46 84 1563
1442 432 1 1 1
23 435 15 11 97
763 434 3 2 4
820 435 5 5 25
1516 434 1 1 1
1645 434 1 1 1
960 437 1 1 1
980 436 1 2 2
854 438 14 20 179
903 439 2 1 2
1282 439 28 34 643
1064 441 1 2 2
1463 443 12 14 106
829 444 1 1 1
1044 444 24 34 345
816 446 1 2 2
873 447 42 43 720
964 447 13 12 57
469 448 2 1 2
217 451 8 7 29
746 450 16 20 254
1374 450 20 28 390
1495 451 1 1 1
920 452 2 2 4
953 455 1 2 2
836 457 1 3 3
62 460 24 33 538
702 461 24 31 499
813 460 37 20 322
1683 462 72 105 3058
862 465 9 4 14
1025 465 4 6 18
165 467 10 9 65
286 467 11 9 67
241 468 14 12 111
935 473 1 1 1
959 473 6 10 43
1123 473 24 47 762
1443 472 1 1 1
1019 474 1 1 1
931 477 2 4 8
318 479 11 12 107
787 479 21 29 247
1034 479 20 28 248
915 480 6 22 86
1413 480 1 1 1
282 483 1 1 1
827 483 1 3 3
878 483 1 1 1
1412 483 1 1 1
1663 482 1 1 1
1076 485 2 3 5
1072 488 1 1 1
1212 491 1 1 1
1456 491 1 1 1
607 493 2 2 3
1000 493 3 10 19
389 495 13 14 159
1565 494 1 1 1
783 496 4 4 12
868 497 3 4 9
1097 496 2 2 4
1271 497 1 1 1
1283 496 2 1 2
494 498 1 1 1
1635 499 2 1 2
1667 499 1 1 1
853 501 1 1 1
1095 500 1 1 1
1684 501 2 2 2
907 502 2 2 3
1357 503 14 12 91
1598 502 25 28 485
1060 504 3 4 11
640 506 13 24 198
984 507 3 4 12
343 509 12 13 115
884 509 5 7 28
1065 509 11 2 14
1261 509 3 2 3
1584 509 1 1 1
5 510 32 38 876
301 513 2 3 5
1387 514 2 1 2
493 516 1 1 1
784 517 13 9 56
213 518 18 16 216
722 519 5 6 17
741 519 7 9 50
865 519 8 16 108
1012 519 3 2 5
817 521 5 9 36
1062 520 5 4 14
1093 520 7 9 51
800 523 1 1 1
1366 523 1 1 1
570 524 31 26 284
963 525 3 6 14
164 526 22 29 339
1622 527 1 1 1
111 529 27 43 521
795 528 1 1 1
1686 528 1 1 1
527 532 1 1 1
993 532 4 4 10
1831 532 1 1 1
636 535 8 11 60
277 537 27 26 467
934 536 3 6 12
1019 537 3 2 4
1133 536 23 36 634
1818 537 1 1 1
1046 539 1 1 1
1448 539 1 1 1
1461 538 6 5 19
1640 539 1 1 1
820 541 6 11 58
944 541 1 1 1
1097 541 3 1 3
1287 540 41 71 1912
1450 540 1 1 1
772 542 20 31 231
486 544 9 9 59
992 544 2 1 2
1571 544 1 1 1
1628 545 2 2 3
924 546 6 11 47
392 549 4 3 9
736 548 9 17 106
1050 548 2 5 9
668 554 6 6 25
964 555 34 22 330
190 556 12 7 50
439 556 2 1 2
1107 556 1 1 1
635 561 26 40 598
1058 560 9 15 105
844 562 4 5 16
726 564 1 1 1
1222 564 24 36 637
1191 566 1 1 1
1725 571 5 3 12
1574 573 2 1 2
814 577 6 9 46
931 577 16 39 362
962 576 5 19 49
1032 576 1 1 1
1043 577 3 4 10
562 579 59 42 1031
997 579 5 7 21
505 581 9 9 61
1261 580 3 2 5
687 583 1 1 1
720 582 11 16 145
1051 585 2 3 6
761 587 4 4 14
1459 586 2 1 2
1778 587 39 36 890
423 588 9 11 80
985 589 1 1 1
795 591 11 32 198
1337 590 1 1 1
29 593 16 13 158
851 593 4 2 7
990 592 3 10 14
1041 594 3 4 11
165 596 24 19 332
746 596 4 6 20
841 596 1 1 1
1002 597 1 1 1
1515 598 4 2 4
640 601 2 2 4
764 601 12 16 138
1009 602 2 2 4
1335 603 3 2 5
1389 602 1 1 1
838 604 1 1 1
1339 605 1 1 1
1030 606 4 5 13
1426 607 2 2 3
1358 608 1 1 1
885 610 8 19 106
962 610 1 1 1
280 613 26 18 272
850 612 2 1 2
1221 613 1 1 1
1635 613 1 2 2
1693 612 4 2 7
815 615 32 15 269
1527 615 1 1 1
756 616 1 1 1
1308 617 1 1 1
1328 616 17 20 227
1409 616 2 2 2
1686 616 2 2 4
984 618 1 1 1
1678 618 2 1 2
372 621 11 14 108
1041 620 2 2 4
542 622 8 8 54
925 622 1 1 1
1048 623 1 1 1
1033 624 1 2 2
1246 625 14 13 115
729 626 17 27 350
750 626 2 1 2
1006 627 1 3 3
1020 626 1 2 2
1477 626 2 2 3
394 629 11 14 120
1064 628 1 2 2
567 631 9 10 60
617 630 1 1 1
687 631 8 9 61
990 631 4 5 12
1706 630 3 3 7
538 633 1 2 2
1760 632 1 1 1
1797 633 1 1 1
176 634 13 12 90
978 635 2 4 8
1593 634 1 1 1
1043 637 3 5 13
1105 636 3 3 4
1723 636 3 2 3
1822 636 1 1 1
953 638 3 4 10
1009 638 2 1 2
1199 639 1 1 1
1765 638 5 3 13
142 641 15 14 159
797 641 4 4 15
817 642 12 4 23
1695 642 25 30 515
1151 645 24 38 680
1762 645 2 1 2
1824 644 4 2 6
679 646 5 5 22
200 648 1 1 1
714 648 1 1 1
800 649 34 34 739
833 648 1 2 2
956 648 3 3 9
1646 648 1 1 1
1637 651 1 1 1
39 652 1 1 1
44 653 2 1 2
948 653 5 12 30
963 653 2 3 6
1186 653 6 3 13
1279 653 6 2 7
913 654 4 3 11
999 654 2 1 2
531 657 24 13 230
1747 657 54 65 1635
1006 659 10 12 43
1064 658 1 1 1
1251 659 2 1 2
212 661 29 28 382
844 661 58 41 965
1097 660 15 15 148
1223 662 1 1 1
67 664 5 2 7
1026 664 6 10 46
1065 664 17 12 135
1332 665 1 1 1
732 668 4 4 13
1723 669 1 1 1
281 670 1 1 1
447 670 9 9 61
783 670 7 11 65
909 670 4 8 28
1596 671 2 3 4
282 672 4 3 9
610 672 4 5 16
970 673 38 44 751
200 675 18 16 150
644 675 8 2 9
689 674 3 2 5
958 674 2 5 9
1256 674 1 1 1
402 677 9 10 70
748 676 7 9 44
1018 676 2 4 8
1038 677 5 12 23
663 678 1 1 1
949 680 9 7 37
973 680 2 4 7
1414 680 19 11 118
56 684 10 9 57
1356 684 4 4 10
1385 685 1 2 2
1491 684 1 1 1
1015 687 4 8 11
937 688 9 8 53
1334 689 20 25 364
1539 688 2 2 4
574 693 6 30 84
1213 692 30 45 889
1387 693 7 4 23
400 696 1 1 1
691 696 393 341 33951
607 699 2 2 4
1026 698 2 3 6
215 700 11 11 88
433 701 12 14 143
766 701 2 2 3
799 702 4 5 18
930 702 1 5 5
1114 703 22 30 447
711 704 2 2 3
1026 704 22 19 176
843 707 18 37 434
667 708 4 1 4
286 713 1 1 1
510 712 3 2 5
1640 713 1 1 1
1717 712 1 1 1
1393 714 1 1 1
1417 714 14 14 132
524 716 10 14 102
761 717 2 1 2
1194 717 7 4 16
707 719 7 7 32
744 719 3 4 10
1549 720 2 2 2
1703 721 1 1 1
463 723 10 11 84
911 722 1 2 2
755 727 39 50 258
1315 727 17 22 269
1602 727 24 22 387
727 729 1 1 1
752 729 1 2 2
892 729 1 1 1
254 731 6 4 17
306 730 1 1 1
1546 731 2 2 2
139 733 17 19 252
873 733 16 11 78
953 732 2 4 5
996 734 4 4 14
1348 734 24 11 134
806 737 3 4 10
978 738 26 20 227
371 741 2 1 2
902 740 2 1 2
1007 740 6 8 40
305 742 1 1 1
923 743 2 3 5
20 744 1 1 1
602 745 8 8 44
723 744 1 1 1
73 747 21 40 566
916 746 1 1 1
1707 748 1 1 1
510 751 18 19 183
940 751 8 15 53
1031 750 4 4 14
253 752 10 10 74
684 752 12 19 105
737 753 10 14 108
1331 753 16 16 202
789 754 7 8 46
1745 754 1 1 1
957 756 40 29 406
1408 756 11 14 110
934 759 2 4 7
556 761 5 5 15
714 761 1 1 1
153 763 6 5 22
160 762 1 1 1
381 763 12 12 114
337 765 25 17 243
570 764 10 11 66
909 764 1 1 1
907 766 2 2 2
1012 767 11 14 59
608 769 24 30 324
880 768 1 4 4
902 768 2 4 6
1316 769 14 17 179
1652 769 1 1 1
714 772 14 19 204
784 772 4 5 16
944 773 1 2 2
671 775 7 7 33
838 775 1 2 2
873 774 3 3 7
64 776 2 1 2
251 776 22 17 204
924 776 4 8 28
1610 777 27 27 511
1770 776 31 34 623
1807 778 8 2 11
394 781 6 4 16
776 781 1 1 1
1231 781 2 1 2
176 783 30 24 505
539 784 43 58 873
871 784 1 4 4
0 787 5 1 5
419 786 8 6 37
470 787 11 12 89
770 787 5 2 6
1820 787 1 1 1
432 789 11 22 154
779 789 16 19 184
870 789 1 1 1
1410 789 1 1 1
1184 791 1 3 3
1298 790 2 1 2
1317 790 1 1 1
307 792 29 15 247
920 792 5 4 13
1127 793 19 25 353
1829 792 11 16 88
671 794 12 11 66
758 794 2 2 4
847 795 5 5 5
282 796 8 8 49
806 799 30 11 84
929 799 5 4 14
962 799 2 2 4
1291 799 2 2 3
410 801 6 6 17
843 801 3 2 3
956 801 2 3 4
839 803 2 1 2
995 802 18 29 409
1710 803 1 1 1
686 805 4 6 20
837 805 1 1 1
901 804 1 1 1
1032 805 1 1 1
1348 805 2 2 2
451 806 7 7 42
776 808 1 2 2
750 810 2 3 4
965 813 4 10 19
1205 812 1 1 1
76 814 11 5 31
324 815 25 14 145
891 815 7 7 32
1726 814 9 9 22
1781 815 23 16 248
375 817 1 1 1
760 816 1 1 1
779 817 7 13 81
849 816 3 2 3
870 816 1 2 2
517 818 1 1 1
934 820 11 16 62
1448 821 1 1 1
698 825 6 7 32
885 825 1 2 2
1188 825 23 37 575
834 826 1 1 1
955 827 9 21 39
1256 827 2 2 2
178 828 24 17 271
807 828 3 2 4
829 829 2 1 2
917 828 4 6 20
620 831 1 1 1
852 830 2 2 3
1030 830 16 23 271
254 833 24 7 61
424 832 6 5 21
891 833 8 11 48
1497 832 2 2 3
1769 832 3 3 5
109 834 14 10 102
1011 834 2 3 5
685 839 46 59 530
835 839 1 2 2
914 839 1 3 3
1735 838 20 15 243
744 840 1 1 1
1293 840 1 1 1
1578 840 24 21 351
440 842 1 1 1
144 845 15 11 121
927 844 16 33 267
314 847 11 9 70
813 847 1 1 1
971 847 39 90 1418
905 848 2 2 4
1142 848 1 1 1
1231 848 23 33 517
630 850 12 21 149
817 850 3 3 8
1836 850 4 1 4
486 852 1 2 2
1762 853 29 17 224
575 854 24 26 214
1756 855 1 1 1
892 858 1 2 2
958 859 1 1 1
1302 859 2 1 2
949 860 2 10 11
1527 861 15 14 139
1632 861 56 24 761
1326 863 12 10 83
1613 862 1 1 1
1833 863 7 28 137
619 865 4 3 9
923 864 1 1 1
1121 864 1 2 2
909 869 1 2 2
273 871 4 4 8
872 870 1 1 1
1740 870 1 1 1
958 873 1 1 1
970 873 1 1 1
1181 873 1 1 1
850 875 2 6 10
1459 875 12 11 74
669 877 2 1 2
969 876 1 1 1
1809 876 1 1 1
913 878 18 12 114
1711 878 1 1 1
390 881 7 6 36
1703 881 3 4 10
1387 883 2 3 3
960 884 1 1 1
828 887 3 5 13
963 887 1 1 1
1260 886 1 1 1
861 888 1 2 2
476 891 14 15 141
553 891 1 1 1
646 891 6 8 41
946 891 1 2 2
1282 891 1 1 1
1742 890 10 5 30
890 893 1 2 2
1805 893 1 1 1
267 894 8 15 90
1673 894 30 33 565
893 896 18 26 136
320 899 2 1 2
1467 899 1 1 1
644 901 1 1 1
341 902 5 5 19
675 903 1 1 1
855 903 1 2 2
1278 902 2 2 2
833 904 1 2 2
884 905 1 8 8
1666 904 2 1 2
295 907 1 1 1
720 906 1 1 1
970 907 1 1 1
1204 906 14 37 389
1285 907 3 3 8
915 909 1 2 2
1081 909 1 1 1
1131 909 1 1 1
1475 909 12 9 60
1487 908 1 1 1
639 910 2 2 3
922 911 3 20 24
167 913 1 1 1
698 913 4 4 11
967 913 2 4 5
1710 912 21 19 279
435 917 5 5 13
883 917 1 2 2
1585 916 20 20 284
936 918 1 1 1
1277 919 1 1 1
181 920 1 1 1
1776 922 1 1 1
329 927 4 5 14
674 926 1 1 1
887 926 1 2 2
1618 927 20 21 302
465 931 8 9 60
683 931 19 13 184
1402 930 1 1 1
1730 931 35 33 786
1232 932 1 1 1
1515 932 14 12 85
87 934 13 10 87
640 935 1 1 1
1352 935 1 1 1
1497 935 1 5 5
199 936 8 6 28
529 939 1 1 1
973 938 1 1 1
1291 938 1 1 1
1384 942 1 1 1
1436 943 2 3 5
561 945 4 4 7
676 944 3 3 9
1572 944 24 18 270
1360 946 10 12 91
611 948 1 1 1
274 950 8 8 43
140 952 1 2 2
626 952 1 1 1
1233 953 15 18 103
1504 955 1 1 1
180 956 15 12 133
680 957 7 4 17
969 956 2 6 8
1633 956 1 1 1
631 958 9 5 28
298 961 15 13 116
569 960 14 12 118
1173 960 13 18 155
1334 965 1 2 2
528 966 1 1 1
396 970 2 2 3
590 971 3 3 8
1139 970 1 2 2
1471 970 1 1 1
1489 970 1 1 1
1583 971 2 1 2
9 972 19 18 196
392 972 1 1 1
368 978 14 7 39
1601 978 53 33 743
1200 980 1 1 1
54 982 15 11 96
500 982 9 7 44
575 983 8 10 57
640 982 1 1 1
1297 983 1 1 1
1445 982 5 4 14
1117 985 14 20 208
1331 984 1 1 1
608 987 1 1 1
1422 986 6 2 8
200 991 1 1 1
1226 990 29 25 359
1335 991 1 1 1
1516 990 5 5 15
270 992 6 3 15
199 996 1 1 1
280 996 5 7 16
1140 997 7 8 38
1663 996 16 12 131
318 998 6 6 21
1323 998 1 1 1
265 1001 1 1 1
583 1000 1 2 2
1257 1001 2 1 2
1457 1000 2 1 2
1460 1001 1 1 1
1527 1000 7 7 23
262 1002 2 1 2
688 1002 6 9 45
293 1005 1 1 1
429 1005 1 2 2
718 1004 3 1 3
1206 1004 3 3 7
598 1007 2 1 2
714 1007 3 8 17
382 1008 2 2 3
621 1010 11 12 99
652 1011 7 8 34
800 1010 1 2 2
832 1011 2 2 4
602 1013 5 7 18
742 1013 2 1 2
445 1014 3 3 4
841 1014 2 2 4
1072 1014 1 1 1
1659 1015 1 1 1
330 1017 7 10 50
389 1017 6 5 18
1187 1017 6 5 20
221 1018 1 1 1
686 1018 1 1 1
766 1018 2 1 2
1470 1019 20 21 265
1646 1019 1 1 1
1215 1021 2 1 2
1631 1021 15 18 160
650 1022 2 2 3
1218 1025 3 2 5
1240 1027 1 2 2
1382 1026 1 1 1
1698 1026 1 3 3
1221 1029 2 2 4
323 1030 5 3 11
1742 1030 1 1 1
1120 1033 1 1 1
1126 1035 15 22 216
17 1037 19 17 233
290 1037 1 1 1
910 1037 1 1 1
1387 1037 1 1 1
732 1038 1 1 1
736 1039 5 7 32
1112 1038 2 6 11
1659 1041 13 13 95
438 1043 7 8 40
800 1042 4 4 9
874 1042 5 5 19
928 1042 1 1 1
952 1043 15 36 227
487 1044 2 2 2
543 1045 4 4 14
641 1044 5 4 15
1348 1044 13 11 72
1709 1045 1 1 1
1242 1046 10 15 85
57 1049 1 1 1
600 1050 1 1 1
780 1052 11 13 86
929 1052 19 14 80
464 1054 6 12 40
1116 1054 1 1 1
533 1056 1 1 1
606 1056 4 2 8
628 1056 7 8 37
740 1057 4 4 14
1233 1057 1 1 1
165 1059 13 10 98
611 1060 1 4 4
1010 1060 1 1 1
1414 1060 1 1 1
1489 1060 1 1 1
1504 1061 1 1 1
803 1062 1 2 2
1681 1063 24 22 320
1521 1065 1 1 1
1538 1064 1 1 1
539 1066 2 3 3
899 1066 1 1 1
1147 1066 2 2 2
1771 1067 4 3 7
1802 1067 1 1 1
661 1069 1 1 1
1057 1068 3 3 5
1149 1069 2 2 3
1283 1068 1 1 1
218 1070 2 1 2
645 1070 4 2 4
834 1073 1 1 1
1292 1075 1 1 1
837 1077 7 7 40
990 1077 1 1 1
1585 1077 2 2 3
401 1079 1 1 1
519 1079 1 2 2
678 1078 1 1 1
765 1078 1 1 1
826 1078 2 2 4
1084 1079 1 1 1
1232 1078 11 22 96
1500 1079 13 12 103
102 1081 11 9 73
1573 1081 2 2 3
290 1083 4 3 5
782 1083 1 1 1
685 1084 7 8 48
759 1084 6 2 7
887 1084 1 2 2
1600 1085 2 2 3
362 1087 4 13 31
1109 1087 6 5 10
1260 1086 1 1 1
1603 1087 2 1 2
1620 1086 11 11 44
248 1089 7 7 23
721 1089 3 5 12
793 1088 1 2 2
1047 1089 1 1 1
1404 1089 11 11 80
1545 1089 1 1 1
348 1091 6 11 48
464 1090 1 1 1
925 1090 2 3 6
1331 1091 2 1 2
1463 1090 1 1 1
1568 1091 1 1 1
1643 1091 1 1 1
1076 1093 1 1 1
757 1094 1 2 2
1295 1095 3 3 4
1474 1094 1 1 1
1650 1094 1 1 1
124 1097 11 11 72
378 1096 1 1 1
734 1096 1 1 1
1689 1096 6 10 22
1717 1097 1 2 2
377 1098 1 1 1
438 1099 8 10 57
634 1098 13 17 58
293 1100 7 8 41
376 1100 1 1 1
526 1100 1 1 1
844 1100 1 2 2
1168 1101 3 3 5
1588 1100 1 1 1
1664 1101 1 1 1
666 1103 30 15 190
766 1102 1 1 1
1187 1103 5 4 18
1217 1102 1 1 1
946 1106 2 5 9
1219 1107 3 5 9
1398 1107 1 1 1
1656 1106 2 2 3
346 1108 3 3 7
1423 1109 20 11 78
773 1111 1 1 1
1181 1110 3 4 9
270 1113 9 10 60
387 1113 1 1 1
1066 1112 3 5 11
1352 1112 1 1 1
477 1115 1 1 1
709 1114 7 6 33
1586 1118 63 35 535
151 1121 8 7 34
852 1120 8 6 29
524 1123 1 1 1
916 1122 19 9 75
998 1122 1 1 1
1199 1122 1 1 1
763 1124 1 2 2
1779 1125 6 5 20
727 1126 6 11 36
983 1127 3 2 3
593 1128 7 6 17
772 1128 1 2 2
808 1129 1 1 1
885 1128 1 2 2
1206 1129 10 12 88
1247 1128 2 1 2
1748 1129 1 1 1
321 1131 2 1 2
882 1130 1 1 1
1757 1130 1 1 1
1272 1132 1 1 1
1446 1133 5 4 12
1764 1133 13 13 33
328 1134 1 1 1
827 1135 1 1 1
1325 1135 1 1 1
1399 1135 10 12 65
1434 1134 1 1 1
1165 1137 2 2 3
1241 1137 1 1 1
1678 1136 2 2 2
259 1138 2 2 3
313 1139 3 3 6
713 1139 4 4 14
1008 1138 1 1 1
1243 1138 1 1 1
1026 1141 1 1 1
1178 1140 1 2 2
1758 1140 1 1 1
904 1143 3 2 5
923 1142 1 3 3
1160 1143 3 2 6
1821 1143 1 1 1
332 1145 13 16 156
391 1147 3 3 7
761 1146 4 16 37
909 1146 12 18 94
1156 1146 1 1 1
1272 1147 11 4 24
1180 1149 2 1 2
259 1150 9 8 45
475 1151 1 1 1
496 1151 3 3 6
1239 1151 4 2 5
1598 1150 1 1 1
428 1152 2 1 2
735 1153 4 6 22
1128 1152 1 1 1
1476 1152 15 12 70
951 1154 1 1 1
1160 1154 1 2 2
1230 1155 3 2 4
1301 1155 1 1 1
1545 1155 1 1 1
463 1157 1 1 1
465 1156 5 1 5
620 1156 1 1 1
948 1156 1 2 2
1250 1157 1 1 1
1344 1156 1 1 1
1574 1156 21 17 228
596 1158 5 6 24
694 1159 1 1 1
1103 1159 1 2 2
1835 1158 5 1 5
1310 1160 1 1 1
1767 1161 1 1 1
586 1163 1 1 1
711 1162 2 4 7
1394 1162 1 1 1
121 1165 1 1 1
740 1165 3 3 7
1015 1165 1 1 1
1189 1165 1 1 1
1607 1165 2 1 2
1717 1165 3 6 13
660 1167 7 14 54
1439 1166 2 1 2
461 1169 1 1 1
719 1168 11 6 30
833 1169 4 8 27
786 1170 1 1 1
1332 1171 2 1 2
1611 1171 1 1 1
859 1172 1 1 1
1153 1172 4 3 8
1182 1172 5 3 15
1217 1172 1 2 2
1082 1174 1 1 1
335 1177 1 1 1
1174 1176 2 1 2
1560 1177 5 4 9
225 1179 10 9 57
902 1178 1 1 1
1381 1178 1 1 1
1387 1178 18 17 121
650 1181 3 3 6
1169 1181 1 1 1
1230 1180 1 1 1
715 1183 1 1 1
1150 1183 1 1 1
1430 1183 19 23 196
304 1185 1 1 1
588 1184 2 5 9
816 1185 1 1 1
1789 1185 1 2 2
438 1186 2 3 5
1592 1186 1 1 1
1702 1186 3 3 6
1123 1188 1 1 1
1220 1190 1 1 1
1308 1191 1 1 1
1581 1192 1 1 1
831 1195 1 1 1
880 1195 1 1 1
1110 1194 1 1 1
1477 1194 10 9 43
1580 1195 1 2 2
602 1197 2 3 4
1517 1197 4 5 11
461 1199 2 2 4
729 1199 1 2 2
1107 1200 1 1 1
1305 1200 1 1 1
713 1203 1 1 1
1180 1202 2 2 3
1522 1202 1 1 1
400 1204 15 12 80
441 1204 4 5 14
519 1205 1 1 1
649 1204 3 13 18
1094 1204 1 1 1
1157 1205 1 1 1
1182 1205 1 1 1
1384 1204 1 1 1
1492 1204 19 24 299
1554 1205 2 1 2
586 1207 1 1 1
1246 1207 1 1 1
1364 1206 15 22 71
427 1209 4 4 10
516 1208 2 2 2
923 1208 2 3 5
468 1210 1 1 1
1143 1211 2 1 2
1236 1210 1 1 1
1457 1211 3 3 5
1109 1212 1 1 1
767 1214 2 3 6
1064 1215 1 1 1
1265 1214 2 1 2
801 1217 4 4 9
940 1217 1 2 2
1131 1217 2 2 3
1213 1217 1 1 1
1261 1217 1 1 1
1413 1217 1 1 1
1077 1219 2 1 2
1162 1219 2 1 2
1424 1218 1 1 1
1717 1218 1 1 1
1297 1220 15 8 93
1434 1220 1 1 1
1782 1227 1 1 1
