0 0 1840 1228 2124268
462 0 182 246 11169
1111 0 4 11 33
1178 0 19 19 241
1254 0 2 5 10
1280 0 10 23 128
1630 0 43 37 701
1743 0 7 18 118
1673 0 167 49 845
844 7 11 18 72
1262 6 3 10 24
1216 9 3 4 7
1428 9 2 4 6
1000 10 5 15 47
1156 13 2 3 5
1236 18 4 8 23
1328 18 17 22 213
1497 20 1 2 2
960 22 3 7 12
1485 23 2 3 5
1316 24 3 9 20
866 27 111 287 8095
1608 26 12 35 163
1296 28 3 5 15
1306 33 15 19 97
838 34 8 9 40
1286 37 1 2 2
1115 39 2 3 5
1003 41 3 6 12
1511 41 2 13 18
1665 41 175 251 7957
1235 43 2 5 8
1543 43 7 14 55
988 44 10 11 49
1485 44 2 3 4
1591 44 5 6 15
1103 47 3 8 18
1223 49 1 2 2
1287 51 5 10 28
1479 51 1 1 1
1476 53 2 2 2
1167 55 1 4 4
1207 54 184 306 12694
981 56 2 7 12
1231 60 3 5 12
1299 60 5 6 27
800 62 5 7 30
1169 62 2 7 12
1098 65 4 12 31
1123 64 3 3 7
1427 64 8 5 15
1414 67 1 3 3
1304 68 3 3 7
1473 69 3 8 18
1191 71 2 5 8
1319 70 3 9 9
1035 72 3 9 22
1233 73 3 3 6
1392 76 2 2 3
738 81 5 13 47
1306 81 4 10 22
1600 81 10 18 112
1157 83 9 14 65
1388 84 5 14 27
1442 87 1 1 1
1013 91 5 15 46
1136 90 4 10 24
1455 90 6 8 33
1375 93 2 3 4
1417 92 2 5 6
1563 93 2 2 4
1096 96 3 7 17
1412 97 1 1 1
811 99 3 5 14
1497 98 5 10 38
1566 101 7 9 49
790 103 8 21 106
1110 105 2 4 5
1170 104 2 8 12
714 108 10 12 83
1307 108 1 3 3
1408 111 2 5 8
1593 110 8 12 71
1306 112 1 2 2
1471 112 2 3 4
811 115 2 2 3
1491 115 2 2 2
1402 117 3 9 16
1102 118 4 10 26
1335 118 5 9 32
1182 121 5 14 52
1419 121 11 7 45
1503 121 6 11 37
1608 120 9 10 57
1203 122 3 8 14
1460 122 2 3 4
1319 124 1 1 1
1291 127 2 2 3
1247 128 1 1 1
1411 129 5 4 9
1042 133 3 6 14
1438 135 1 5 5
1456 134 3 10 19
989 136 6 25 59
1496 138 3 3 5
1572 138 4 3 7
684 141 5 12 49
1195 140 13 32 199
1075 143 2 2 3
1115 142 3 8 20
1149 149 1 2 2
1463 150 1 5 5
903 152 5 12 38
1450 152 1 1 1
1564 155 7 12 63
1463 157 9 27 135
1599 157 8 9 48
1140 158 3 8 15
981 164 20 26 151
785 169 4 7 21
1423 168 3 3 8
1107 172 3 7 19
1291 173 1 2 2
1383 173 2 4 6
1131 175 3 4 10
1503 174 18 32 298
1076 177 1 2 2
1380 177 1 2 2
1125 181 1 1 1
1061 182 4 5 14
1310 183 3 4 8
1125 191 12 39 162
1411 193 1 1 1
1481 193 3 6 13
1014 196 3 8 19
1161 196 1 3 3
1326 197 3 4 10
1070 199 2 6 9
1243 199 3 4 8
1835 199 5 2 7
1193 200 11 7 42
1622 201 6 7 36
1283 202 2 5 8
1768 202 56 10 73
1142 204 4 15 30
1415 204 2 2 3
1446 204 1 1 1
961 206 3 9 17
1376 207 3 1 3
1307 208 2 3 4
1057 210 3 8 18
1432 211 2 3 5
805 212 14 16 94
1421 213 2 6 12
1106 215 10 27 99
1166 216 5 6 21
1501 219 1 1 1
1709 221 9 2 10
1191 222 10 18 99
1427 223 2 7 12
1702 223 4 1 4
1691 225 4 1 4
1696 224 4 1 4
1685 226 3 1 3
1206 231 2 4 6
1413 235 8 16 89
701 237 5 11 41
1172 239 1 1 1
1448 241 1 2 2
1309 242 1 2 2
975 244 3 5 9
1099 248 2 5 8
1015 251 2 2 3
889 253 14 9 86
1318 253 6 3 8
1383 253 1 2 2
1393 253 1 2 2
1134 257 2 5 9
1237 258 4 7 21
1055 265 2 2 4
1207 266 1 2 2
1288 267 2 2 4
1420 266 9 8 26
1377 269 1 1 1
1170 271 2 3 4
786 272 4 8 25
1410 273 1 2 2
1013 281 3 7 16
1186 281 3 6 13
1312 281 5 1 5
1387 280 2 3 3
803 282 3 4 8
1564 285 8 8 44
851 286 4 9 27
686 288 4 6 21
983 288 3 6 14
1113 288 4 9 24
940 292 1 1 1
928 295 4 8 23
1335 294 1 1 1
945 297 33 27 258
1081 300 3 4 10
1287 301 1 2 2
891 305 1 1 1
1007 305 4 8 24
892 306 17 25 121
1450 306 1 1 1
1442 308 2 1 2
1181 311 1 2 2
1305 310 4 8 25
1405 310 1 3 3
1480 310 1 1 1
1611 310 8 7 38
1197 312 10 13 68
919 315 29 26 220
1076 317 3 8 17
1583 316 10 16 124
803 318 2 5 8
1624 320 6 5 23
881 323 1 1 1
909 323 1 1 1
964 325 44 27 255
1250 326 1 2 2
1417 327 1 1 1
907 331 2 2 4
1065 331 4 7 22
870 332 1 2 2
797 334 5 13 24
901 334 1 1 1
1179 334 11 12 42
1460 334 1 1 1
1443 336 12 16 91
848 339 52 61 982
905 340 30 28 136
902 342 2 2 3
1150 343 1 3 3
1409 343 2 4 6
1597 344 24 15 153
638 346 4 8 24
1190 346 4 5 13
849 348 1 2 2
1072 348 7 20 56
1360 349 1 1 1
1397 348 1 3 3
1652 350 7 9 39
901 353 1 2 2
909 355 63 119 3053
1009 354 4 11 30
1110 355 3 5 12
1488 354 3 3 7
1184 356 4 6 20
1163 359 4 6 18
1411 359 2 3 4
685 361 4 6 20
1046 365 3 4 9
1443 365 2 4 5
765 366 5 8 33
1118 367 10 17 125
1236 366 4 8 27
1482 367 3 3 7
621 368 3 3 8
1461 369 3 4 9
1501 369 7 11 56
912 371 1 1 1
1094 370 5 14 32
900 373 1 1 1
1614 372 22 24 313
1171 375 4 8 22
1341 374 6 15 70
1488 375 1 1 1
1224 376 1 1 1
1254 376 3 8 14
1356 377 1 2 2
794 378 6 12 53
994 378 2 2 2
1375 378 6 15 66
901 381 1 1 1
1413 381 1 1 1
1575 382 9 18 124
766 387 3 2 5
1232 388 2 4 8
1289 389 1 1 1
829 393 2 4 7
1211 392 12 26 117
726 394 3 7 17
847 394 35 67 647
886 394 1 1 1
899 394 1 1 1
1262 395 4 10 34
958 397 41 98 695
1396 397 1 1 1
1454 396 2 4 6
1018 399 4 10 25
865 400 1 1 1
1191 401 1 1 1
911 403 1 1 1
910 406 1 1 1
1166 406 11 11 32
901 410 4 6 15
1540 412 7 8 36
1474 414 1 1 1
883 416 12 12 36
1263 418 1 2 2
1438 418 2 3 6
1703 418 2 3 4
1248 420 2 2 4
1035 423 3 8 18
1113 423 1 4 4
1402 422 2 3 4
1462 424 2 3 4
1301 427 2 3 5
1186 431 2 3 4
821 432 7 8 33
1296 435 3 2 6
1057 436 10 6 34
1414 436 1 3 3
1170 439 9 7 33
1244 439 3 3 7
1274 441 1 1 1
890 445 3 4 10
1120 445 1 1 1
1416 444 1 2 2
1012 446 2 3 6
1228 446 1 1 1
1355 448 6 15 70
1035 450 2 3 4
1300 451 1 3 3
1456 451 1 1 1
1635 452 7 5 25
1457 455 1 2 2
1055 457 2 5 10
1571 456 6 5 27
1272 459 2 5 7
1302 459 13 16 91
867 461 22 43 496
1190 462 1 1 1
905 465 10 23 104
1077 464 10 6 25
1377 465 1 3 3
1585 464 8 10 50
1412 466 1 1 1
1668 467 7 8 38
1378 469 2 3 4
1368 471 1 1 1
831 473 8 25 113
856 474 6 7 12
1173 475 2 4 5
1714 475 3 3 6
1234 479 1 1 1
1270 478 2 3 6
1395 479 2 2 3
1033 481 4 18 32
647 482 4 12 41
1313 483 5 9 34
1400 484 2 4 6
671 487 5 10 39
1232 487 2 4 6
1175 489 1 1 1
1424 488 1 2 2
781 490 2 4 8
1222 491 3 8 17
1617 495 13 51 423
1063 496 1 2 2
1147 499 1 1 1
1133 501 1 1 1
1255 500 1 2 2
1418 501 2 2 3
1111 502 3 8 17
1136 503 3 15 19
1455 503 2 3 5
853 506 7 18 80
900 506 1 1 1
1487 507 3 3 7
904 508 5 10 12
1163 509 3 8 19
1190 509 4 8 25
1221 509 2 4 7
890 515 2 2 2
1450 514 1 2 2
893 517 11 11 31
1001 516 3 7 18
1236 518 2 6 9
1393 520 1 3 3
912 522 4 11 29
1200 522 32 17 187
880 526 14 8 28
1826 527 8 5 28
1094 529 3 6 12
1140 528 12 5 20
1382 529 1 2 2
521 533 30 132 1057
1418 532 1 1 1
853 536 1 1 1
901 537 1 1 1
1090 537 2 3 4
1170 536 4 8 23
1375 536 6 22 65
1446 537 1 2 2
793 538 114 231 5049
1056 539 4 6 13
782 540 69 179 5252
912 543 2 5 10
1364 542 1 1 1
1229 545 89 139 1774
1475 545 2 5 7
682 546 17 16 104
878 546 1 2 2
1043 546 2 3 4
1261 547 1 1 1
1086 549 5 14 52
1260 549 1 2 2
1609 549 4 2 7
1507 550 1 2 2
1593 553 7 10 62
781 555 2 5 8
1298 559 2 5 10
896 560 3 9 19
1201 560 5 11 40
800 562 1 1 1
967 563 1 1 1
1381 563 1 1 1
1430 562 2 1 2
636 565 5 10 39
741 564 3 6 13
931 564 3 5 13
1156 564 1 2 2
1604 564 32 28 347
1335 568 6 7 34
1177 571 2 5 5
1727 571 90 121 2240
717 574 6 17 69
973 576 1 1 1
1014 576 4 14 42
1410 577 1 1 1
1526 581 6 5 25
1461 582 3 13 19
1483 583 5 13 40
1119 587 3 5 11
1185 587 5 16 64
1197 587 7 28 72
631 589 6 15 60
1382 589 1 1 1
1106 591 1 3 3
1333 590 5 2 8
1347 590 2 5 8
979 595 1 5 5
1455 595 1 1 1
1639 594 8 9 53
1136 599 2 5 9
1175 601 2 4 6
1404 600 1 3 3
980 603 1 1 1
768 605 2 5 7
1020 605 4 9 20
1367 608 1 3 3
1128 612 3 7 16
1016 615 3 5 14
907 617 5 12 25
1509 617 3 7 17
680 621 4 7 25
1739 620 3 4 9
1353 623 1 2 2
1392 623 1 2 2
1001 625 3 5 12
1036 624 3 8 19
1148 624 2 3 4
1443 625 1 1 1
1524 624 7 8 45
600 628 5 30 81
1202 631 4 11 41
1744 631 5 3 7
1798 630 1 1 1
1220 633 3 5 15
1407 632 1 1 1
983 634 1 4 4
1330 635 7 16 72
1053 637 1 2 2
1131 636 3 8 20
1192 636 1 3 3
1096 642 1 2 2
1150 643 4 9 28
1208 642 2 3 6
1226 643 1 3 3
1362 643 1 2 2
1412 642 2 3 6
1087 645 3 6 14
1384 645 1 1 1
1140 647 1 1 1
902 649 1 1 1
1377 649 1 2 2
901 651 1 1 1
1193 650 3 3 9
1415 650 3 5 14
900 653 1 1 1
1575 653 11 14 125
743 654 11 7 36
982 655 1 10 10
1006 654 2 4 8
1673 657 12 23 157
1017 658 14 19 98
1062 658 2 5 7
1714 658 2 2 3
1081 663 4 4 12
1437 665 6 7 31
847 667 14 29 215
953 666 3 8 21
1461 667 1 1 1
1426 668 1 1 1
729 673 1 2 2
763 673 2 5 9
981 672 1 2 2
1251 675 5 9 27
993 677 2 4 7
779 679 2 5 8
1624 679 7 7 36
706 680 1 2 2
978 680 3 23 28
1088 680 4 11 28
738 683 2 2 3
900 683 3 8 16
1450 682 1 2 2
756 684 3 5 12
1269 685 1 1 1
1318 685 3 3 8
1717 685 73 5 187
968 689 1 1 1
1133 689 1 2 2
1820 689 20 2 24
1426 690 3 8 17
1673 691 8 10 60
1389 692 1 1 1
738 697 2 4 5
818 697 2 10 13
1032 698 2 2 3
1162 699 4 9 27
1390 698 2 2 3
1715 699 91 10 407
1197 703 1 3 3
860 704 3 11 24
1052 704 2 6 8
1823 705 17 5 50
977 706 1 3 3
1068 707 1 1 1
1366 706 1 1 1
969 711 8 3 22
781 712 52 24 122
1323 713 1 1 1
900 714 1 2 2
1116 715 2 2 4
673 717 3 3 8
1424 717 2 2 2
1169 723 4 8 27
1004 725 4 13 33
1063 724 1 1 1
1090 729 4 9 30
1186 728 1 1 1
1368 729 1 1 1
1416 731 1 3 3
685 732 3 4 8
707 733 6 15 67
1074 732 2 4 8
1210 732 2 11 12
1434 734 1 2 2
1145 736 2 3 6
1580 736 6 6 29
551 738 10 4 22
1023 740 4 10 29
1083 741 1 1 1
785 749 1 1 1
1089 750 1 2 2
1514 750 6 8 36
839 753 2 10 16
705 754 2 3 5
981 755 22 28 125
1608 755 6 7 35
102 757 3 1 3
944 757 3 10 18
1143 756 1 1 1
1212 756 4 4 15
82 758 8 2 13
1257 758 2 2 3
604 760 6 4 13
1263 760 2 3 4
1080 762 1 1 1
1141 764 1 2 2
1376 764 6 6 24
625 767 3 3 9
1192 766 3 3 6
1483 767 3 4 11
732 768 6 14 42
765 768 3 5 12
910 769 1 2 2
817 770 166 81 3728
933 771 1 1 1
1019 771 16 18 88
557 773 4 5 15
1142 772 4 8 26
1086 774 2 4 8
587 776 4 4 13
1422 779 1 1 1
766 781 6 13 57
1098 780 1 1 1
1697 783 1 2 2
1206 784 3 3 8
1240 784 3 2 4
1035 787 8 9 32
1267 786 8 21 58
1344 787 2 6 7
783 788 4 6 13
1730 790 1 1 1
620 793 1 2 2
1056 792 1 2 2
1181 793 2 4 6
1380 792 1 4 4
1017 795 1 1 1
1069 794 1 1 1
756 796 3 5 14
1044 797 5 7 19
1102 797 12 9 43
1123 797 1 5 5
1222 796 3 2 6
1241 797 1 1 1
1191 801 2 3 5
1206 803 3 4 11
744 807 1 1 1
823 806 2 5 10
1090 807 4 5 11
1166 807 1 1 1
1227 806 3 3 6
1442 806 5 14 43
1183 811 3 4 11
1532 810 7 8 42
830 813 3 9 24
1051 812 11 11 38
1006 816 16 18 99
1175 816 1 2 2
1071 818 2 2 2
1217 819 4 3 6
1368 820 2 10 14
813 823 2 3 5
1336 822 2 1 2
1677 823 4 2 6
570 827 2 1 2
844 826 2 4 6
1076 830 2 5 8
1113 831 1 1 1
1619 833 10 26 200
1095 837 4 1 4
1360 837 1 2 2
1376 838 1 3 3
993 840 1 1 1
847 843 2 5 9
933 842 1 1 1
1073 843 1 1 1
1208 843 3 2 4
1397 843 1 2 2
739 845 4 7 10
829 844 2 5 8
957 845 1 1 1
1000 844 3 2 4
1454 844 4 5 17
904 847 44 27 378
913 846 4 1 4
1139 846 4 13 31
1058 848 2 4 8
1017 850 2 4 7
1157 851 10 11 36
978 852 3 2 3
1051 853 2 5 9
1110 853 5 6 24
1408 852 1 1 1
798 854 5 5 17
825 855 4 10 28
1182 854 3 3 8
857 858 26 13 98
1073 859 1 2 2
986 860 12 16 65
1115 861 2 1 2
1382 862 1 3 3
1561 862 6 17 57
696 864 4 4 14
887 864 1 1 1
900 864 3 10 26
1058 867 1 2 2
1126 866 3 4 8
1351 866 4 4 10
1647 867 16 17 165
1098 869 4 7 10
1218 869 1 4 4
831 871 15 13 118
1182 872 5 7 27
1528 873 8 12 71
774 877 4 6 18
802 876 1 2 2
978 876 1 1 1
1137 876 9 13 27
1247 879 4 7 24
905 880 71 78 2926
1371 881 1 1 1
1407 881 3 3 8
1098 882 25 49 269
1008 885 1 1 1
1033 885 1 1 1
795 886 1 2 2
1010 886 4 17 35
1497 886 6 7 26
1040 888 1 1 1
1132 889 1 1 1
1159 888 4 7 22
776 891 3 11 24
1083 890 1 1 1
1260 890 10 33 147
1451 891 4 3 6
1435 897 2 4 6
987 898 1 1 1
1089 898 1 3 3
1309 898 1 1 1
1210 901 3 5 12
751 905 2 3 5
1054 904 1 2 2
1074 904 1 2 2
772 908 3 7 16
599 910 2 2 3
712 911 3 4 7
1014 913 1 3 3
678 914 4 3 10
870 914 2 4 8
1095 914 8 6 16
742 917 7 5 23
633 916 616 216 45887
1694 917 4 2 6
890 918 1 1 1
1056 918 1 3 3
847 921 3 7 13
1003 923 4 11 25
633 933 3 5 11
778 932 1 3 3
838 932 3 6 13
1020 932 2 1 2
1033 932 1 2 2
1123 933 1 2 2
1324 934 2 7 10
1831 937 2 2 3
982 939 1 2 2
887 940 2 4 5
1472 942 3 2 4
990 948 1 3 3
1040 948 2 1 2
1021 950 9 3 11
858 952 8 4 11
1058 955 4 5 8
1313 954 1 3 3
1033 956 15 13 78
1579 957 6 4 14
813 958 1 2 2
850 960 2 1 2
993 960 2 7 13
1366 961 1 2 2
1084 965 3 6 14
1396 964 1 1 1
1001 968 2 3 5
1043 979 1 5 5
1060 978 1 2 2
1099 978 1 2 2
1229 980 2 3 4
1072 986 2 3 4
1416 986 12 18 105
1286 990 1 1 1
1289 993 1 3 3
1372 993 1 1 1
1371 995 1 1 1
1676 997 4 6 17
976 1001 3 7 12
1281 1000 1 1 1
1611 1001 7 8 40
1182 1003 1 2 2
1340 1005 1 1 1
959 1007 1 6 6
1226 1007 1 1 1
1530 1009 8 9 46
1230 1015 1 1 1
940 1017 2 5 8
1180 1019 2 5 10
1280 1019 1 1 1
1161 1037 1 2 2
548 1038 6 12 49
284 1040 9 4 24
604 1042 4 4 11
453 1051 7 3 13
1217 1053 4 5 12
1300 1057 1 1 1
1369 1057 1 3 3
1165 1058 2 4 6
1179 1059 4 4 10
1197 1060 1 6 6
1230 1063 2 6 12
1612 1068 3 3 8
1702 1069 3 2 6
1269 1071 1 1 1
1142 1072 2 4 7
1218 1076 1 2 2
1161 1079 7 5 17
1274 1081 3 6 11
1179 1085 1 1 1
1788 1084 6 11 43
804 1090 1 5 5
548 1092 1 1 1
1122 1093 8 3 15
1086 1094 1 4 4
720 1100 1 2 2
1280 1100 1 2 2
1090 1102 3 2 5
850 1105 1 3 3
694 1106 3 3 9
1124 1106 3 5 13
1176 1107 5 8 25
1336 1109 1 1 1
1118 1112 1 2 2
1040 1114 1 3 3
1285 1115 1 1 1
1141 1117 2 1 2
1265 1116 2 14 15
1254 1119 1 2 2
866 1121 3 3 8
1054 1121 1 2 2
1120 1120 3 4 8
701 1122 4 5 13
1237 1123 12 13 90
1366 1122 1 1 1
1164 1128 1 4 4
1175 1133 1 3 3
1695 1134 2 1 2
1201 1138 1 1 1
1425 1140 2 1 2
1134 1144 2 2 3
587 1149 3 3 7
995 1149 1 2 2
1075 1149 2 2 3
825 1150 1 1 1
847 1151 2 9 13
973 1157 1 2 2
1128 1160 2 2 4
1228 1162 2 2 3
1778 1167 1 1 1
738 1171 1 3 3
793 1171 2 14 16
932 1171 1 2 2
1347 1173 1 2 2
745 1175 1 1 1
1500 1179 8 14 85
1833 1180 1 1 1
1835 1181 5 1 5
1558 1182 1 1 1
878 1187 3 2 4
988 1186 2 3 5
1539 1186 2 2 2
1168 1190 1 6 6
783 1193 1 3 3
1060 1192 3 9 20
971 1196 2 3 5
1369 1199 1 2 2
1048 1202 1 6 6
1664 1207 3 2 4
673 1209 1 1 1
791 1210 1 2 2
1041 1212 1 2 2
1309 1213 1 1 1
803 1218 141 10 443
1392 1227 1 1 1
