0 0 1840 1228 2087230
126 0 19 9 121
270 0 29 29 681
546 0 20 46 645
586 0 16 28 308
674 0 15 27 302
803 0 9 13 96
851 0 11 9 80
883 0 32 47 697
1035 0 61 54 1534
1102 0 88 37 1164
1184 0 120 96 2830
1431 0 48 35 1088
1718 0 20 7 103
165 5 20 19 267
493 5 15 22 245
966 8 13 30 243
636 19 14 21 243
722 19 8 11 63
1736 19 21 22 337
743 20 10 15 122
1794 20 26 24 446
450 27 29 54 861
805 28 10 16 125
1534 30 16 18 225
118 33 26 42 736
996 33 13 17 145
828 38 15 23 257
1451 38 45 66 1319
1587 39 71 50 2001
932 44 6 9 46
952 45 5 9 36
1026 48 7 11 61
749 52 9 14 95
1736 56 22 37 678
871 60 8 11 74
0 62 38 53 1187
659 62 15 21 240
1027 66 17 12 72
369 71 19 16 197
817 70 11 18 155
1074 70 6 8 44
1074 72 22 34 169
537 78 33 51 1183
1004 79 6 10 49
1827 78 13 42 329
1556 88 16 17 191
1149 90 16 20 241
1309 96 1 1 1
581 99 31 45 785
927 100 35 44 706
1007 101 111 102 3510
1008 104 6 10 41
801 108 7 15 86
909 109 5 9 37
1069 115 6 8 38
651 116 29 25 443
821 120 16 23 202
1516 120 43 40 1237
1466 122 18 26 280
1803 124 14 6 48
1638 127 25 37 697
117 129 43 57 1681
187 129 25 29 541
896 130 18 43 265
1218 130 10 15 114
842 139 5 9 43
27 140 20 17 255
236 140 37 58 1619
0 142 8 15 85
743 143 8 11 72
988 143 14 20 229
760 145 9 22 147
1138 144 11 15 107
1375 145 1 2 2
66 149 21 18 284
1278 152 1 1 1
529 154 14 18 198
731 158 7 12 69
1248 158 37 35 725
1173 161 3 2 6
864 164 5 7 30
813 166 16 30 394
1299 166 3 2 5
659 169 25 28 432
979 173 4 6 23
1752 177 22 23 384
869 179 10 23 129
522 183 16 24 297
902 187 11 27 203
934 186 25 28 492
1483 187 17 14 174
1632 186 18 19 247
1363 189 1 1 1
1370 188 1 1 1
188 190 17 5 37
975 190 11 26 131
1081 190 10 14 104
1166 190 2 1 2
853 193 8 11 69
995 193 6 9 44
1241 193 1 1 1
52 195 33 32 779
765 195 8 11 57
1380 194 1 1 1
717 196 8 9 55
1402 196 1 1 1
1426 196 1 1 1
603 200 25 38 703
1254 200 9 19 120
1071 203 1 1 1
1560 202 14 16 178
665 204 14 19 213
1131 207 39 66 769
1277 206 1 1 1
1415 207 2 2 3
1051 208 17 15 188
1237 209 1 1 1
291 211 19 25 220
318 212 1 1 1
547 213 11 12 105
868 216 6 8 40
885 217 5 7 28
1004 218 5 8 35
1431 218 8 7 36
566 220 19 26 399
839 220 5 5 17
939 220 13 17 74
123 222 17 22 290
1415 223 2 2 4
986 225 10 16 133
1288 224 4 1 4
1301 224 1 1 1
1595 226 25 25 469
725 229 7 12 71
1272 229 2 1 2
515 230 35 30 749
748 231 7 10 57
1189 231 1 1 1
1203 231 1 1 1
1836 230 4 14 40
1372 232 1 1 1
202 235 35 35 701
1078 234 2 1 2
1248 235 1 1 1
1097 236 6 10 35
1126 237 2 1 2
1524 236 2 1 2
1007 239 5 7 31
1037 238 23 28 189
1201 239 2 1 2
818 241 7 10 58
888 241 5 7 28
919 241 5 8 32
1070 243 6 9 47
0 245 31 25 544
1189 244 1 1 1
1300 245 27 41 508
1208 247 1 1 1
1265 247 1 1 1
1284 246 2 1 2
863 249 17 12 121
964 249 35 27 328
762 251 7 11 66
927 251 5 8 30
1195 250 2 1 2
1233 250 1 1 1
1117 252 2 1 2
1368 253 3 1 3
1461 253 4 5 10
408 254 18 27 390
675 254 12 18 171
1222 255 2 1 2
1236 254 1 1 1
1757 255 23 19 304
1016 257 6 6 31
1067 256 1 1 1
1190 256 1 1 1
1273 256 1 1 1
894 259 17 9 102
1617 258 20 19 268
1069 261 1 1 1
1545 260 1 1 1
1075 263 16 14 121
1171 263 15 21 177
1220 265 1 1 1
1234 265 10 8 37
1210 266 6 24 58
1251 266 14 15 114
1433 266 51 25 529
1024 268 20 13 82
1291 269 1 1 1
169 270 25 16 290
1277 270 3 2 3
1116 272 1 1 1
1645 273 17 17 223
451 274 16 21 269
865 274 8 12 81
1122 275 2 1 2
1158 274 10 12 94
1327 274 1 1 1
770 277 9 25 138
1088 277 14 31 367
1232 276 2 2 2
550 279 34 27 629
904 278 1 1 1
994 279 5 7 27
1352 279 30 37 573
1401 278 1 1 1
1826 278 14 16 169
737 281 6 8 34
928 280 14 18 170
1268 281 4 6 14
382 282 16 16 205
500 282 17 34 404
605 283 8 9 59
1320 282 21 21 276
1285 284 3 2 5
1351 285 1 2 2
681 286 11 16 144
950 286 4 6 18
973 286 4 6 21
1017 286 4 6 23
1278 287 3 3 5
1493 287 14 15 164
1185 288 9 8 17
1045 290 21 17 247
1117 290 50 32 933
1410 291 7 10 55
1760 290 49 37 1191
1387 292 7 9 45
1692 293 17 15 192
1240 294 1 1 1
56 296 31 29 675
1251 297 1 1 1
1173 299 1 1 1
1269 298 2 1 2
1180 300 1 1 1
1216 300 8 9 29
1275 302 3 1 3
613 304 10 12 98
708 304 12 16 147
1259 306 1 1 1
1212 308 1 1 1
1241 308 1 1 1
1397 310 17 19 229
1473 310 13 15 143
1663 311 1 1 1
892 313 5 8 32
999 313 5 8 31
1101 313 8 4 27
1537 312 2 2 4
592 315 14 15 143
880 318 2 3 3
1179 318 1 1 1
1196 319 10 14 95
1208 318 2 1 2
1503 319 12 13 123
538 323 1 4 4
1076 323 25 18 283
1158 323 20 24 303
431 324 16 21 256
861 324 7 11 58
930 324 7 11 63
1020 325 3 5 14
1229 324 1 1 1
1524 324 11 10 83
1112 326 4 4 13
780 329 7 11 58
989 328 10 14 115
501 330 16 21 262
660 331 7 4 22
711 330 16 22 277
1012 331 5 4 16
825 333 16 42 472
890 333 8 11 72
960 332 5 6 24
1634 333 3 2 4
1584 334 34 35 535
1384 336 38 41 908
1492 339 1 1 1
1038 340 3 3 9
601 344 32 33 534
748 345 8 10 59
1800 345 21 14 217
942 346 13 6 65
1016 347 11 14 53
804 351 11 15 109
363 353 18 24 337
534 355 9 9 57
930 354 1 1 1
1484 355 28 72 1033
962 356 4 8 25
871 359 3 5 14
41 360 47 50 1130
881 360 13 11 69
1094 360 15 26 318
941 363 4 1 4
992 365 12 6 39
193 370 13 11 110
1367 371 11 10 66
1793 370 19 14 208
746 373 7 6 33
924 374 6 13 48
715 377 6 5 20
1050 377 14 11 49
139 379 23 21 365
911 379 4 6 19
982 379 3 3 8
1034 378 3 5 13
996 380 3 5 14
1120 380 1 1 1
1212 381 7 8 49
329 385 17 21 239
850 384 27 25 238
1651 384 16 15 186
841 386 5 7 27
965 386 7 9 33
1600 391 29 33 650
1720 390 62 59 1342
1687 392 15 14 163
501 394 22 32 486
983 396 1 1 1
820 399 14 13 73
916 399 4 7 23
1013 399 18 22 290
945 401 3 5 14
994 400 4 7 25
1145 401 16 21 276
753 403 32 26 424
1104 403 1 1 1
1378 405 6 7 31
148 407 49 43 861
1082 406 10 15 120
458 408 20 26 405
970 408 7 16 62
651 411 11 16 136
990 410 3 6 18
909 412 4 4 16
1054 412 20 16 202
801 418 5 7 30
895 418 5 6 19
993 418 10 12 90
524 421 38 19 388
1034 420 13 13 140
1265 423 15 19 234
114 424 18 16 220
239 425 32 36 844
881 425 4 5 17
1099 427 7 15 69
917 429 3 4 8
396 430 1 1 1
966 431 3 5 13
987 430 1 1 1
846 432 3 1 3
1465 435 11 10 86
1522 434 16 16 200
825 436 5 7 28
889 436 4 5 16
1681 437 31 29 529
445 439 13 16 158
740 439 6 8 37
988 439 3 5 13
1362 439 5 5 20
793 440 3 4 11
1050 440 19 13 149
1091 443 1 1 1
1137 446 8 8 51
100 449 17 13 161
1161 449 10 9 48
1001 451 4 6 21
1278 450 18 21 303
766 453 18 23 221
903 452 6 10 52
1385 453 5 4 15
1007 455 15 6 48
34 457 56 45 1257
565 457 25 23 416
748 457 6 7 30
1096 457 2 1 2
941 458 3 4 11
1330 459 18 32 423
789 460 39 97 1868
1367 461 5 3 10
854 465 1 1 1
952 464 8 21 69
1046 465 1 1 1
1740 465 13 10 101
138 468 20 16 258
910 469 21 17 157
1017 469 17 27 222
1111 469 6 6 24
644 470 9 11 80
850 471 1 1 1
970 474 17 28 220
602 477 36 28 571
184 478 21 18 296
1714 478 21 21 342
666 480 21 24 224
738 480 6 7 37
876 484 5 17 55
1193 485 1 1 1
697 486 22 23 201
1070 486 1 1 1
1454 487 63 71 1212
750 489 6 8 37
1056 489 6 9 46
1233 489 2 1 2
1076 491 1 1 1
240 492 11 10 97
1362 493 5 5 16
575 495 2 1 2
142 500 45 33 994
278 501 12 12 115
1136 501 6 8 40
1336 501 5 5 18
1414 501 9 5 24
1816 500 24 13 222
660 503 10 15 118
986 503 37 40 547
1775 503 15 11 126
0 504 6 46 165
888 506 10 8 33
1111 507 7 9 46
966 509 1 1 1
562 511 1 2 2
1341 511 31 44 647
1562 511 12 11 108
769 512 5 7 25
846 515 4 4 16
503 517 1 1 1
575 517 20 22 315
1040 516 1 1 1
561 518 1 1 1
714 519 6 9 40
1288 518 13 14 132
621 521 12 15 142
1140 520 6 7 36
737 523 42 26 498
947 522 3 4 8
1052 522 1 1 1
1264 522 1 1 1
857 525 4 4 16
1266 525 1 1 1
1405 525 10 10 70
444 526 1 1 1
1033 527 1 1 1
1272 526 2 1 2
891 530 3 5 13
1537 530 34 42 1036
933 532 1 1 1
1123 533 13 14 112
960 535 2 3 6
847 536 4 10 33
906 538 7 12 59
950 538 3 4 12
355 541 18 18 256
939 543 3 5 10
1072 544 44 43 926
595 547 2 1 2
885 546 11 21 79
1021 547 5 2 9
549 549 8 8 50
625 548 10 11 84
1398 548 26 22 319
957 551 15 28 175
1046 551 10 14 117
1738 551 15 12 137
473 552 18 22 284
1316 552 5 3 12
1712 553 16 13 151
517 555 2 2 3
796 555 2 1 2
998 557 3 5 12
1207 557 2 1 2
644 559 13 18 187
559 560 11 15 147
340 562 18 21 325
530 563 9 8 61
936 562 6 6 32
154 566 20 16 225
1362 567 2 2 4
675 569 11 28 232
1015 568 3 3 7
802 572 32 23 208
1007 572 1 1 1
114 574 20 14 203
884 576 11 16 99
941 576 2 4 8
999 576 3 4 11
1233 578 1 2 2
1247 578 16 21 202
60 582 34 60 1312
979 583 10 4 32
1620 582 12 11 84
194 585 24 23 426
907 584 14 22 190
1314 584 22 21 207
246 587 15 19 216
964 587 2 4 8
1788 586 21 16 252
601 589 9 9 68
1000 589 2 2 4
848 590 4 4 12
946 590 3 4 11
576 593 13 16 160
1534 592 38 29 427
426 594 7 7 32
762 595 1 1 1
949 595 8 8 45
992 594 2 3 6
1013 594 3 4 11
1088 595 17 14 138
1400 594 21 26 405
1821 594 14 10 114
643 597 1 1 1
866 599 18 16 102
887 599 2 2 4
436 602 2 2 4
439 603 20 19 264
833 603 5 9 36
901 605 1 1 1
615 607 2 1 2
712 606 26 37 621
967 606 2 3 6
1045 607 2 4 5
753 609 4 5 16
810 611 4 4 12
986 610 10 31 152
1467 611 20 26 278
662 612 8 9 60
325 615 10 7 61
817 617 4 7 27
1644 616 15 13 153
1739 616 14 11 117
207 619 16 7 80
627 619 7 6 12
895 619 1 2 2
112 621 26 22 419
389 621 10 9 74
534 621 2 1 2
759 622 5 7 29
967 623 3 3 9
1257 623 1 1 1
1838 622 2 6 9
173 625 15 11 128
671 624 2 1 2
635 627 1 1 1
645 626 1 1 1
652 627 2 2 3
880 626 4 5 14
1438 627 9 9 68
1555 626 37 24 542
1290 629 4 2 6
1046 630 3 2 4
1651 633 76 49 1645
938 634 8 8 41
632 636 1 1 1
903 636 3 5 14
1727 637 13 11 94
608 639 1 1 1
799 638 26 17 146
863 638 18 17 117
958 638 5 6 22
1038 639 1 2 2
223 640 18 17 231
1064 641 3 3 5
1154 641 1 1 1
995 642 3 2 6
733 645 1 1 1
1051 644 1 1 1
614 647 3 3 7
1005 646 3 7 16
280 649 35 30 621
518 649 52 25 730
907 649 6 7 37
966 649 2 2 4
1454 649 11 10 87
773 651 27 25 355
1020 650 1 1 1
238 655 19 29 325
513 655 2 1 2
622 654 12 16 145
807 655 5 7 33
845 655 4 5 15
946 654 6 4 15
1053 655 1 1 1
1530 655 4 2 6
1448 659 1 1 1
364 661 15 15 173
927 661 2 2 4
1299 660 4 3 10
1769 661 13 9 87
991 663 2 2 4
1559 663 13 13 133
944 665 2 4 8
69 666 64 51 1831
750 667 5 17 66
1002 666 2 2 4
1094 667 2 1 2
19 669 2 1 2
583 669 8 10 61
893 668 2 3 6
995 668 3 5 14
673 670 27 36 494
691 670 1 1 1
876 671 4 3 12
1304 670 15 6 70
946 672 2 3 5
1138 672 6 6 30
838 674 1 2 2
990 674 2 4 7
1026 674 8 8 41
1535 675 11 11 102
153 677 1 1 1
811 676 4 5 15
950 679 2 1 2
1009 679 6 5 21
279 680 2 1 2
471 681 8 11 34
574 680 8 10 72
820 681 2 2 4
905 680 7 19 50
953 680 3 4 12
512 683 9 11 79
931 683 4 3 8
1176 683 12 15 150
1416 682 1 1 1
718 686 1 1 1
1078 687 28 45 422
876 688 2 3 5
324 691 2 2 3
611 691 11 11 92
833 690 10 13 109
995 690 2 6 12
559 693 34 37 495
807 692 13 6 35
870 693 3 3 9
1124 692 11 16 128
1164 692 2 2 3
19 694 27 23 499
960 694 2 3 6
1010 694 16 14 94
1070 695 7 1 7
1287 695 2 2 3
1314 694 2 2 3
714 698 4 5 17
1625 699 18 16 231
1696 698 11 8 61
201 701 1 1 1
638 700 18 20 126
744 700 1 1 1
760 700 5 7 26
782 702 1 1 1
1240 703 1 1 1
843 704 3 2 6
856 704 2 3 4
977 705 1 2 2
1241 705 1 1 1
1264 705 11 12 104
702 706 11 5 26
990 707 3 4 10
960 709 3 2 5
1432 708 13 25 120
1494 709 36 46 640
1003 710 4 8 18
1673 710 31 18 292
172 713 11 10 96
838 713 3 3 9
869 712 11 4 26
1017 712 40 35 610
485 715 2 2 3
746 715 1 1 1
1101 714 2 2 4
937 719 13 16 107
430 721 1 4 4
558 721 1 1 1
763 721 2 2 3
790 721 5 6 28
537 722 2 2 2
709 723 1 2 2
917 725 2 2 4
1059 724 2 1 2
1475 725 16 31 299
800 727 24 36 317
842 727 9 8 42
628 729 14 17 180
691 728 10 17 111
739 728 4 6 17
1159 731 15 22 192
1656 730 13 12 109
1706 731 16 17 231
545 732 11 6 35
1075 732 1 1 1
831 735 4 11 29
875 734 2 2 3
926 738 2 3 5
667 739 420 261 23022
1549 738 10 9 72
503 741 2 2 3
751 741 1 1 1
753 740 1 1 1
906 741 2 2 4
1198 740 26 49 542
713 743 4 6 21
947 743 3 3 8
1268 742 3 2 5
1289 743 1 1 1
770 745 3 3 9
893 744 1 2 2
486 747 2 2 4
613 747 3 1 3
970 747 2 3 5
1338 747 6 5 10
954 749 1 2 2
989 749 1 1 1
1075 749 3 2 6
1398 748 9 18 77
1416 751 7 7 43
1573 751 13 10 89
894 753 2 2 4
957 755 2 2 4
564 757 12 13 86
440 758 1 1 1
659 758 3 2 4
1624 758 20 16 201
1291 760 3 2 4
1352 760 18 25 294
745 763 1 1 1
792 763 2 2 4
900 762 5 6 25
1685 762 2 1 2
249 765 11 10 86
1126 764 1 1 1
710 767 4 4 12
782 767 5 21 59
876 766 1 3 3
615 768 1 1 1
1401 769 14 15 133
645 771 22 32 287
907 771 2 1 2
1690 771 12 7 49
492 773 9 9 69
848 772 2 3 5
938 773 1 3 3
992 773 1 2 2
319 774 16 14 171
957 774 1 2 2
943 776 10 9 27
971 777 8 8 46
174 778 38 15 337
766 779 4 7 19
870 779 2 4 8
898 779 4 5 20
914 778 2 1 2
923 779 1 3 3
1581 778 14 14 155
1610 779 15 13 133
96 782 1 1 1
675 784 3 2 4
1186 784 1 1 1
226 787 1 1 1
962 786 8 11 67
831 790 4 3 9
1101 790 4 3 8
1691 790 11 7 61
129 793 1 1 1
226 793 10 10 74
365 792 25 29 248
1126 792 4 6 21
637 794 3 2 4
847 794 1 3 3
922 795 1 3 3
928 797 11 22 118
491 799 14 23 212
597 799 1 2 2
325 801 1 1 1
248 803 8 5 27
302 803 13 12 109
746 803 12 8 61
904 802 1 1 1
1284 802 34 28 482
135 805 31 33 375
332 805 1 1 1
632 805 3 3 7
823 808 3 5 9
861 808 2 2 4
955 810 3 4 7
1072 811 6 8 40
801 812 6 7 33
1493 812 8 7 40
1171 815 21 17 175
26 816 26 22 436
869 816 4 5 19
968 817 3 4 6
984 816 6 3 16
1397 817 7 7 32
1558 817 10 9 66
858 821 11 7 32
488 823 1 1 1
815 823 12 11 82
886 822 6 13 30
951 822 2 2 4
949 824 1 2 2
973 824 1 2 2
1518 825 12 11 102
1682 825 10 6 22
740 826 2 2 3
1093 827 1 1 1
620 829 8 9 53
932 829 11 4 27
1091 829 1 1 1
1508 829 1 2 2
317 831 1 1 1
469 830 1 1 1
1075 831 8 23 95
974 832 2 2 4
1414 832 14 24 238
1098 835 13 16 152
1172 835 1 1 1
254 836 10 8 51
1161 836 2 1 2
1648 837 18 15 161
1738 837 1 1 1
218 839 18 14 168
332 838 8 7 34
497 839 26 16 202
785 840 5 5 19
1387 840 9 10 73
839 843 2 3 4
1568 843 11 10 77
903 844 2 2 3
942 845 5 6 10
532 847 23 14 160
922 847 10 12 33
1188 847 1 1 1
1281 846 2 2 4
1685 846 11 7 52
432 849 27 18 202
627 848 1 1 1
830 849 6 6 25
1278 849 2 2 4
1631 848 19 19 109
0 851 7 3 14
625 851 2 5 8
803 851 5 6 23
97 855 1 1 1
1720 855 17 16 163
381 856 16 14 153
563 857 7 8 46
838 856 2 3 4
936 856 1 1 1
1220 856 2 1 2
626 859 10 10 70
1119 861 1 1 1
182 862 2 2 4
1448 863 11 11 86
162 864 16 14 123
867 864 9 5 28
914 865 1 2 2
1006 864 2 3 6
490 867 1 1 1
542 866 10 11 93
908 867 4 5 20
685 868 3 3 7
1497 869 11 10 82
231 870 7 9 30
458 870 15 13 139
937 870 1 2 2
49 872 1 1 1
889 873 1 2 2
1087 874 8 11 68
1396 874 20 25 127
436 876 12 12 105
923 877 2 1 2
135 879 15 21 154
547 878 27 34 307
917 878 1 2 2
1634 880 10 8 67
515 884 1 1 1
981 887 4 6 23
1005 886 1 3 3
109 889 1 1 1
1025 888 10 14 108
1620 888 11 11 70
660 890 19 26 205
326 894 26 32 547
1287 894 3 2 5
974 897 2 3 5
989 898 6 8 38
961 900 2 4 6
1258 901 18 21 253
1009 902 9 9 62
1454 903 1 1 1
66 904 1 1 1
686 905 1 1 1
1101 904 4 4 12
1123 905 3 3 8
1586 906 21 24 329
1644 907 13 10 77
960 909 1 3 3
1053 908 9 11 72
1173 909 8 10 69
1513 908 9 9 65
1464 911 14 16 159
707 912 1 1 1
1546 915 25 11 113
941 917 19 21 136
993 917 10 17 93
1283 917 9 19 74
557 919 8 8 53
677 919 1 1 1
1113 919 5 5 17
1400 918 6 6 28
1693 922 1 1 1
1714 922 1 1 1
429 925 1 1 1
1732 924 1 1 1
974 927 2 1 2
1411 927 4 2 7
727 929 3 3 5
751 928 3 5 14
1014 929 3 3 7
1091 929 4 4 15
1354 928 3 2 5
1415 930 3 2 4
499 932 5 3 9
1110 933 23 40 380
1748 933 1 1 1
1340 935 9 9 68
1629 935 1 1 1
109 936 1 1 1
937 937 1 2 2
1633 939 2 1 2
126 943 1 1 1
235 943 17 24 185
542 942 11 8 42
645 942 6 7 31
1026 942 5 5 23
1834 942 6 1 6
914 944 2 10 12
1311 946 7 9 44
601 949 1 1 1
956 948 2 2 4
1440 949 13 22 99
331 951 9 8 52
935 951 1 2 2
1081 950 1 1 1
1282 951 1 1 1
1473 951 1 1 1
1670 950 1 1 1
0 953 7 3 11
1261 953 2 2 3
1283 953 2 1 2
413 955 1 1 1
575 954 11 12 99
767 955 2 4 5
1486 954 22 34 369
939 957 32 52 465
1730 956 1 1 1
69 960 34 15 275
549 961 8 9 52
1310 961 2 2 3
1251 962 8 7 39
478 965 3 2 4
1464 964 7 6 24
395 967 26 23 416
433 967 2 1 2
660 966 21 14 93
474 968 1 1 1
913 969 2 2 4
1160 968 10 16 97
1332 969 17 22 226
321 971 18 20 270
1228 971 20 14 172
1591 971 1 1 1
377 972 8 10 36
776 972 1 1 1
1021 972 24 30 465
1277 972 2 3 5
1296 973 6 6 27
1535 975 6 3 13
1799 974 1 1 1
783 976 9 11 61
916 976 1 2 2
922 978 1 1 1
1562 978 7 5 19
1599 978 1 1 1
1624 978 1 1 1
1700 979 5 4 10
689 981 3 3 7
910 980 1 1 1
977 981 4 5 13
148 982 27 23 437
252 983 24 15 217
803 983 3 4 11
888 982 1 2 2
1541 983 7 4 15
1604 983 11 7 52
53 985 22 19 162
640 985 5 6 23
758 984 2 3 5
1582 985 10 8 59
905 987 1 2 2
1514 987 8 5 28
1631 986 2 1 2
216 989 9 6 30
767 988 13 7 35
820 991 2 3 4
986 991 7 7 23
722 992 9 4 13
627 995 9 9 64
710 994 2 3 5
1155 994 2 1 2
1251 995 2 2 3
923 996 1 2 2
1073 997 3 4 11
365 999 10 10 69
610 1000 6 6 25
671 1000 13 10 63
888 1001 1 2 2
894 1001 10 16 99
1047 1001 22 10 151
179 1003 8 7 36
381 1003 10 8 62
422 1002 1 1 1
529 1002 32 39 424
861 1003 6 5 24
1354 1002 2 1 2
644 1005 16 16 151
813 1005 1 2 2
1016 1004 8 10 66
1314 1005 5 5 15
1402 1007 9 9 63
471 1010 1 1 1
532 1011 6 7 35
756 1010 2 3 5
411 1013 3 2 5
575 1012 2 1 2
1216 1012 2 1 2
1541 1013 33 31 475
827 1014 8 4 12
1378 1015 11 18 108
1492 1015 8 8 41
1524 1015 10 11 62
1344 1016 8 8 48
1430 1016 15 15 123
392 1018 2 1 2
423 1019 4 3 7
673 1019 13 8 47
931 1019 7 8 47
802 1021 1 1 1
906 1020 1 2 2
745 1023 10 12 95
1099 1023 9 14 70
856 1024 1 2 2
1143 1024 4 2 7
87 1027 6 4 14
730 1027 3 3 9
860 1027 3 4 11
1303 1026 1 1 1
70 1029 2 2 3
268 1029 3 2 3
412 1028 9 9 62
691 1029 6 6 31
952 1029 1 1 1
1062 1029 1 1 1
1597 1029 4 3 8
773 1031 1 3 3
927 1031 1 1 1
1235 1030 9 10 66
209 1033 1 1 1
330 1032 1 1 1
642 1033 4 2 5
900 1032 1 1 1
922 1032 1 1 1
1279 1033 6 7 35
1313 1033 1 1 1
1447 1033 8 8 44
387 1035 13 16 164
957 1034 1 2 2
976 1035 14 5 55
1188 1034 2 1 2
1197 1035 2 2 4
171 1037 2 2 4
720 1037 10 8 35
915 1037 1 1 1
1315 1037 2 1 2
134 1039 3 2 5
792 1038 10 5 21
961 1039 1 1 1
258 1043 11 8 67
297 1043 11 8 54
1287 1043 6 6 29
1492 1043 1 2 2
926 1044 1 2 2
762 1046 30 17 143
1685 1046 6 2 8
487 1049 1 1 1
609 1049 2 2 3
806 1048 18 20 112
481 1051 4 3 9
1252 1050 14 19 175
1381 1050 6 7 29
637 1052 11 11 84
929 1052 1 1 1
1319 1053 1 1 1
1423 1053 10 7 35
140 1054 21 22 350
186 1055 12 9 59
707 1055 2 3 5
318 1057 1 1 1
738 1057 2 4 7
659 1058 8 24 121
1097 1058 3 4 7
1547 1058 8 6 30
112 1061 1 1 1
425 1061 4 3 8
1224 1061 2 3 5
1616 1060 1 2 2
1602 1063 3 4 9
1619 1063 5 3 7
932 1065 1 1 1
961 1065 7 11 67
1114 1065 4 4 9
1283 1064 12 12 105
547 1066 9 10 67
834 1066 1 1 1
508 1069 1 1 1
586 1069 9 6 24
609 1069 5 6 23
1040 1068 1 1 1
1147 1068 2 1 2
1150 1069 3 4 6
1428 1069 5 2 8
423 1071 1 1 1
914 1070 1 1 1
938 1070 1 7 7
1028 1070 2 2 3
1081 1070 5 6 21
1836 1071 4 1 4
362 1073 23 29 516
760 1072 1 1 1
1474 1072 9 10 58
245 1074 9 8 56
526 1076 2 2 3
475 1078 4 4 6
896 1078 1 2 2
1000 1078 6 11 24
1059 1079 9 14 49
694 1081 4 5 18
725 1080 2 3 5
931 1081 1 1 1
1386 1081 5 5 18
1441 1080 6 5 17
322 1083 12 12 103
674 1082 1 1 1
1399 1085 34 28 354
1515 1084 1 3 3
814 1086 2 3 5
847 1087 1 2 2
889 1087 3 4 8
964 1087 4 13 24
228 1089 1 1 1
798 1089 2 5 10
198 1091 9 8 51
116 1093 2 1 2
1208 1093 1 1 1
81 1094 1 1 1
296 1095 2 3 4
487 1095 6 7 27
790 1095 1 3 3
835 1094 1 2 2
1536 1094 11 12 84
621 1099 8 9 59
945 1098 1 2 2
1193 1099 2 2 3
1445 1098 3 3 6
119 1101 2 1 2
683 1103 5 6 22
821 1103 1 2 2
932 1102 1 1 1
1023 1102 1 1 1
1461 1102 24 53 456
434 1104 2 2 3
740 1104 2 4 7
994 1105 1 1 1
1015 1105 7 10 58
1318 1104 2 3 3
833 1106 1 1 1
260 1109 26 17 150
789 1109 4 5 15
1125 1108 1 2 2
167 1111 1 1 1
640 1112 1 1 1
659 1112 5 4 14
1782 1112 2 2 2
557 1114 5 4 15
977 1115 15 39 200
1291 1115 2 1 2
1525 1114 21 22 139
198 1116 22 19 265
675 1116 6 7 25
1081 1117 1 1 1
1293 1117 9 19 87
230 1118 1 1 1
750 1119 3 3 6
810 1119 8 12 59
953 1120 4 4 12
1138 1120 8 10 61
395 1122 2 1 2
1598 1122 10 10 68
322 1125 9 11 72
968 1125 1 2 2
1404 1124 1 1 1
35 1127 1 2 2
714 1127 1 3 3
899 1127 4 5 12
516 1129 6 9 38
540 1129 4 5 12
854 1129 3 4 9
1037 1129 9 4 26
1639 1129 2 2 3
740 1130 2 1 2
1123 1130 1 1 1
1180 1131 1 2 2
1383 1131 1 1 1
731 1133 2 4 7
789 1132 1 1 1
799 1133 2 4 7
1076 1133 1 1 1
1074 1134 1 1 1
1328 1136 1 1 1
1433 1137 7 8 44
1443 1136 1 1 1
760 1139 1 1 1
1049 1138 2 2 4
1645 1138 4 5 9
366 1140 2 2 3
860 1141 1 1 1
901 1141 1 1 1
333 1142 26 28 520
621 1143 5 3 11
1224 1143 1 1 1
1290 1142 5 5 11
1415 1142 7 6 31
1587 1143 31 18 192
218 1145 11 11 74
1170 1145 1 1 1
630 1147 6 9 39
965 1147 2 2 3
159 1148 2 2 3
663 1148 2 1 2
715 1149 1 2 2
828 1149 1 1 1
879 1149 2 3 6
922 1148 1 1 1
1246 1148 4 5 15
536 1151 4 5 12
770 1151 1 1 1
931 1150 2 2 4
519 1152 7 8 35
945 1153 1 1 1
1092 1152 3 3 5
97 1154 1 1 1
1058 1154 2 3 5
1346 1154 6 6 26
718 1157 2 2 3
1182 1157 21 21 146
1412 1156 8 6 28
736 1158 7 4 13
798 1159 1 1 1
1653 1158 2 1 2
1699 1158 5 4 13
68 1160 2 3 4
581 1160 4 1 4
831 1161 1 1 1
927 1161 1 2 2
1242 1160 1 1 1
1305 1161 7 7 28
300 1162 2 1 2
917 1163 1 2 2
496 1165 8 7 37
1335 1165 7 7 42
274 1167 1 1 1
1090 1166 4 4 11
152 1168 7 7 22
587 1169 5 7 28
634 1169 2 1 2
849 1168 1 2 2
701 1171 1 2 2
809 1170 1 2 2
1213 1170 2 3 4
1388 1171 7 6 30
442 1172 1 1 1
741 1173 1 1 1
1311 1172 14 12 137
422 1174 10 13 102
483 1174 7 8 43
1149 1174 1 2 2
30 1176 3 6 8
359 1176 1 1 1
856 1177 1 1 1
1034 1177 2 2 3
604 1178 1 1 1
629 1178 6 7 30
728 1178 1 1 1
977 1179 2 3 6
1089 1178 1 1 1
1709 1178 2 2 2
511 1180 4 4 9
664 1181 1 1 1
1463 1180 1 1 1
239 1183 2 3 5
1364 1182 4 3 9
262 1185 3 2 5
685 1184 1 1 1
1208 1185 2 3 6
189 1187 5 3 7
684 1186 1 1 1
410 1188 7 8 42
1370 1188 8 5 23
1388 1189 7 15 57
1404 1188 5 5 19
1483 1189 9 10 53
231 1191 3 5 10
768 1190 10 4 15
1006 1191 2 2 2
1056 1191 1 4 4
655 1192 12 9 43
729 1193 2 4 5
1423 1192 6 7 31
1106 1195 1 1 1
1770 1195 2 2 2
108 1196 1 1 1
620 1197 4 5 10
792 1197 3 5 15
193 1199 3 3 8
563 1198 3 4 11
899 1199 1 1 1
972 1199 1 1 1
1023 1199 1 2 2
162 1201 1 1 1
44 1202 3 3 5
567 1203 17 25 61
1070 1203 1 1 1
161 1205 1 1 1
219 1205 1 2 2
1344 1204 3 5 14
765 1207 1 2 2
1045 1206 1 3 3
529 1208 6 6 27
19 1211 2 2 2
486 1211 7 17 86
1027 1211 2 4 6
1258 1210 2 2 3
596 1213 1 1 1
730 1213 1 2 2
1351 1212 10 10 68
742 1214 9 2 18
1233 1215 1 1 1
216 1217 1 1 1
1185 1217 6 11 46
131 1219 5 9 13
190 1219 3 2 4
638 1219 3 9 22
689 1218 1 4 4
177 1221 1 1 1
721 1221 2 1 2
659 1222 1 1 1
849 1222 2 6 11
110 1225 4 3 8
738 1224 1 4 4
762 1224 3 4 6
1290 1225 1 3 3
1810 1227 5 1 5
