0 0 1840 1228 2100161
14 0 4 6 11
409 0 35 12 165
502 0 12 6 58
726 0 8 4 19
751 0 18 39 568
782 0 9 6 40
1046 0 14 34 386
1104 0 7 10 55
1199 0 19 20 291
1243 0 32 37 586
1292 0 3 1 3
1327 0 7 4 16
1405 0 15 30 161
1608 0 24 17 311
1785 0 24 37 355
993 5 5 5 14
1364 5 7 11 49
379 6 1 1 1
920 9 16 46 590
1285 9 22 48 622
1515 16 13 21 192
592 19 25 77 963
518 22 7 17 97
1324 26 35 63 966
843 29 5 3 11
1535 29 59 35 1063
370 37 3 3 8
1088 36 19 72 750
1168 36 7 11 50
461 39 12 34 302
1809 40 31 35 750
1499 43 13 20 172
835 45 16 77 764
724 47 32 39 793
1384 47 4 5 12
1126 49 3 2 5
1369 54 5 10 40
1175 61 3 6 12
1009 62 7 26 158
1218 62 10 26 175
1246 63 41 44 890
514 67 8 15 98
1190 69 6 10 39
1238 69 6 12 47
1367 75 17 11 97
1043 81 27 27 414
1398 81 6 7 31
298 82 37 66 1702
454 83 10 18 125
666 83 17 11 102
973 84 28 39 591
1310 86 4 6 18
633 89 35 64 1124
412 93 8 8 38
1778 92 5 4 13
376 97 14 28 289
1376 96 7 12 54
1443 97 27 46 855
763 103 10 24 193
426 108 8 15 90
497 109 23 34 466
1283 111 1 2 2
937 114 8 18 112
398 116 20 48 809
1324 119 6 11 48
693 120 10 23 175
716 120 45 85 1088
1302 121 6 7 29
1167 122 3 7 16
1368 122 3 3 7
1392 125 5 9 31
1361 126 7 7 31
8 132 14 8 63
832 137 10 28 222
1135 137 6 11 48
1219 136 55 117 2507
1810 136 30 35 736
1291 139 5 10 34
573 141 13 30 313
1161 144 5 12 40
1275 144 5 10 30
1051 146 10 20 144
1317 147 4 8 24
1774 147 2 2 3
1399 149 21 39 527
998 150 26 35 267
1751 154 11 11 76
1258 162 12 21 168
1452 163 16 15 136
629 165 10 28 239
1348 165 18 19 166
948 167 17 47 320
1314 169 17 14 157
1057 171 11 30 176
1153 170 3 7 16
1187 171 29 36 509
1090 174 7 14 69
1131 175 3 5 14
1281 176 6 8 28
127 182 11 5 38
677 184 25 48 673
312 187 37 70 912
549 189 11 22 184
787 188 12 28 261
1118 189 12 24 189
1336 188 5 9 29
611 193 9 15 100
819 194 14 49 411
1441 195 17 16 196
514 196 9 4 21
645 200 13 25 238
1093 201 3 4 8
1481 205 1 1 1
1044 207 17 29 254
1292 206 6 13 53
1495 209 9 12 71
1479 211 1 1 1
715 213 8 18 122
1476 213 1 1 1
1144 215 4 7 21
1107 217 6 12 53
754 219 6 8 44
434 221 9 13 82
1341 221 3 5 12
1415 221 14 19 189
1444 221 9 9 55
928 223 10 18 146
1708 222 9 10 62
978 224 11 47 221
464 226 7 14 80
847 227 9 20 138
1097 231 14 17 136
727 233 23 38 570
1285 235 5 8 31
1330 241 5 9 26
1000 247 4 8 29
444 248 18 33 395
1219 249 3 4 11
1303 248 8 12 70
1431 249 9 16 100
637 250 11 21 159
799 251 8 16 104
1162 252 13 21 190
1063 255 19 41 385
902 260 7 12 64
1047 261 1 1 1
1242 261 6 19 60
1316 260 2 3 6
1165 262 42 103 1396
1264 262 4 8 23
1010 265 11 26 210
1101 267 3 8 15
337 270 14 24 266
1038 273 3 3 7
1411 273 10 14 96
1333 275 4 8 27
418 276 11 17 140
1309 284 4 6 15
1081 287 18 16 149
1115 287 4 7 15
728 288 15 18 156
1130 289 3 5 12
1710 290 65 81 2289
525 294 12 25 225
706 295 10 21 163
980 295 3 4 11
476 296 6 9 36
1680 296 17 13 95
1022 299 7 13 57
1136 301 18 33 303
798 302 8 16 97
1246 302 17 30 308
1661 303 8 9 47
975 304 27 20 140
1123 310 4 4 12
1433 311 9 12 67
951 315 5 9 36
754 317 8 23 151
1304 316 9 36 145
384 319 14 22 220
694 318 10 30 263
1327 319 5 8 27
1119 322 2 5 9
654 326 12 18 114
1016 327 40 39 557
737 328 3 4 9
1386 328 20 32 417
920 331 4 9 32
886 332 5 14 50
1282 334 4 1 4
325 337 16 47 559
434 337 67 45 1432
509 336 6 10 49
1080 337 3 9 21
410 338 5 5 17
804 338 8 16 101
868 338 186 180 14212
1155 338 19 31 355
176 341 6 2 11
1233 341 26 65 557
862 342 7 13 71
1292 351 4 6 15
1676 353 7 8 36
1229 354 4 6 14
716 356 31 97 1148
1145 357 1 1 1
781 359 17 23 182
1112 360 5 11 34
1084 363 5 10 30
421 365 9 14 102
1059 364 2 5 10
1690 366 28 35 679
1513 371 8 5 31
1190 373 3 2 4
1314 375 4 5 12
1334 377 34 45 532
972 378 4 4 16
1135 378 28 34 427
1739 383 20 21 245
1797 382 43 61 1392
125 385 17 16 208
1228 385 3 3 6
510 387 5 11 45
1276 386 4 5 13
554 388 5 8 35
1080 388 2 5 8
1298 389 5 6 19
1213 391 11 18 86
1562 390 25 33 499
373 395 15 22 238
1333 396 3 3 6
1258 398 14 8 48
1074 401 2 1 2
688 403 1 1 1
1290 402 6 12 48
408 406 6 9 48
611 406 1 1 1
606 408 2 4 7
1094 408 4 5 11
624 412 6 8 39
1274 414 10 24 108
1680 414 5 3 10
1189 418 2 3 5
398 421 12 23 224
1195 423 23 24 239
1227 425 4 6 12
802 427 7 17 93
1252 427 4 6 13
1103 429 2 3 6
1140 428 6 11 40
1092 431 2 2 3
1114 430 1 2 2
460 435 6 9 46
573 437 1 1 1
1831 436 9 27 173
1077 439 8 13 45
1128 438 3 7 16
679 443 10 22 159
1156 443 28 23 339
1445 443 19 29 356
1008 445 4 4 14
1055 444 3 6 14
1777 444 3 1 3
777 446 8 19 110
1195 449 24 44 326
942 451 1 2 2
1794 453 2 2 3
1016 454 6 4 24
1322 459 32 35 554
635 460 7 12 69
1089 461 1 2 2
1254 460 12 7 40
489 462 4 4 8
458 465 6 14 74
946 464 3 2 4
1134 465 10 20 128
836 469 7 17 102
1018 469 6 16 53
1233 468 3 4 10
665 471 3 1 3
1086 470 2 4 5
1281 470 3 3 7
507 473 7 11 46
703 472 13 71 537
1221 472 3 6 15
391 475 11 16 136
736 474 1 1 1
587 476 5 4 16
1173 477 3 4 8
788 478 7 12 56
424 480 3 3 7
1122 481 3 7 15
1610 481 4 3 9
1804 481 30 34 638
663 482 2 2 4
1012 482 29 57 414
1625 483 14 21 196
861 485 2 2 3
1242 486 3 4 10
1656 487 16 22 218
650 488 8 17 112
684 490 10 51 354
1518 490 17 21 221
1226 493 4 11 30
1445 493 19 27 324
747 495 6 9 36
966 497 9 6 26
1182 497 3 4 8
1381 499 12 24 122
385 501 19 22 267
550 501 1 1 1
560 500 2 2 2
866 500 3 5 13
823 503 1 1 1
927 503 1 2 2
1089 503 34 38 579
762 504 1 1 1
1221 504 1 1 1
1076 506 1 1 1
1245 507 2 1 2
1574 506 9 8 51
1189 509 5 10 38
1255 509 8 7 25
1331 509 1 1 1
1344 509 2 1 2
791 510 6 11 58
1068 510 2 1 2
336 512 27 18 354
849 512 1 1 1
1176 513 3 6 12
645 514 2 1 2
984 514 3 8 21
1005 514 2 1 2
1801 515 1 1 1
960 516 1 2 2
1348 517 7 6 29
851 519 3 1 3
875 519 1 1 1
1603 519 5 3 13
533 521 3 3 5
1162 521 7 9 44
1320 521 3 2 5
1130 522 24 60 590
477 525 1 1 1
848 524 1 1 1
1273 525 4 5 11
1713 524 1 1 1
452 526 8 11 67
641 526 2 2 3
1794 526 28 34 712
1248 530 12 19 134
856 533 2 1 2
1195 532 2 4 6
1347 533 14 20 194
914 534 7 10 28
1205 534 15 18 143
726 537 6 13 62
785 537 7 16 97
890 536 9 21 142
1318 536 8 13 73
433 538 6 6 23
497 539 2 1 2
985 538 16 17 144
1371 539 17 33 348
1073 541 2 1 2
191 542 1 1 1
470 547 4 6 17
1045 547 2 1 2
1060 546 2 4 5
1176 546 6 8 35
625 548 8 14 87
1082 549 1 2 2
1270 549 2 2 3
859 550 9 21 136
1241 553 3 4 9
935 554 4 9 24
1105 555 1 2 2
704 556 1 1 1
289 559 12 20 169
441 558 5 6 24
1000 558 2 4 8
1198 559 3 5 9
722 561 4 8 32
834 560 1 2 2
887 560 1 1 1
899 561 1 1 1
1825 561 4 2 8
771 563 17 26 136
1155 563 19 15 151
1244 562 3 5 13
1048 565 2 2 2
1260 564 3 5 10
823 566 6 2 10
904 569 1 1 1
1057 568 2 5 8
462 571 15 25 233
885 571 1 1 1
1100 571 2 7 11
848 572 69 114 3204
1077 573 2 5 10
1228 572 3 4 6
1702 572 3 2 4
892 576 2 2 3
1199 576 2 4 5
1571 578 27 19 209
1651 579 12 12 96
1084 580 1 4 4
319 582 11 16 143
717 585 5 8 27
926 585 4 12 31
1181 585 1 1 1
1213 585 1 2 2
445 586 15 31 181
703 587 2 2 4
953 586 2 2 3
1192 586 2 3 5
1175 589 4 3 9
735 591 4 12 27
948 590 16 22 137
978 591 4 11 39
1244 590 3 5 9
995 592 2 5 8
1084 593 24 36 273
1318 593 4 2 7
1446 592 13 19 156
1839 592 1 9 9
1044 595 17 16 155
1069 595 1 2 2
867 599 1 1 1
994 599 1 1 1
1005 599 4 9 34
1290 598 1 1 1
515 602 4 4 11
693 603 24 24 196
983 602 5 10 50
1074 603 1 1 1
1196 603 3 4 8
1229 602 7 6 16
1806 602 4 3 10
310 605 9 12 81
1127 605 1 3 3
1244 604 4 8 12
1580 605 3 4 8
635 607 23 28 245
1073 607 1 1 1
1523 607 2 1 2
1551 606 8 7 39
416 608 1 1 1
1025 609 2 3 4
1013 611 1 1 1
990 613 1 4 4
1364 615 2 2 3
669 617 1 1 1
1044 616 1 2 2
590 618 2 2 2
919 619 4 16 55
1202 618 1 3 3
1394 620 2 1 2
520 622 2 2 4
766 622 6 12 50
1129 622 3 6 13
826 624 5 12 49
936 625 4 10 28
1162 625 8 6 25
1182 625 3 14 29
1211 625 4 7 19
1416 625 2 2 4
1454 626 1 1 1
1488 627 2 2 3
371 629 11 13 122
1713 628 51 51 1156
988 631 56 83 1063
1070 631 1 1 1
1515 631 1 1 1
714 632 4 8 29
1257 632 2 3 5
695 634 16 17 128
1114 634 2 2 3
1568 634 4 4 12
1027 636 1 3 3
1346 636 12 17 131
1378 636 21 38 382
1533 637 10 14 94
1144 639 15 15 144
495 640 4 5 15
517 640 4 4 14
764 640 1 1 1
788 640 1 1 1
940 640 6 8 26
1058 641 2 2 3
1412 640 17 28 305
922 642 4 12 28
1037 643 3 5 11
1169 643 9 9 52
1215 642 3 3 7
1769 643 4 2 8
1673 644 27 29 488
780 647 5 11 45
432 648 8 15 89
616 651 8 16 101
667 651 6 9 40
1049 653 2 6 11
687 655 16 25 230
1771 654 19 20 247
546 656 1 1 1
1143 656 2 4 5
1288 656 18 25 264
1058 658 31 32 351
1317 658 22 44 576
1565 659 35 47 609
1200 660 2 4 8
966 662 2 6 10
738 665 4 2 7
1238 664 6 3 8
226 666 1 1 1
909 667 3 6 13
933 666 4 7 19
1137 667 1 1 1
1199 667 15 10 56
711 668 1 1 1
1801 669 3 2 4
1541 671 4 5 14
1166 672 2 3 5
1232 673 2 2 3
367 675 21 15 109
454 675 2 1 2
476 674 8 13 53
494 675 19 14 124
902 674 2 7 10
1060 675 1 1 1
1185 675 1 3 3
1276 675 1 1 1
1096 676 1 2 2
1103 678 11 17 104
1553 678 10 8 58
758 682 16 40 346
901 682 1 2 2
1140 683 2 4 7
1154 682 1 3 3
1197 682 13 10 48
890 685 10 14 50
1160 685 3 12 24
656 687 1 1 1
1126 686 5 15 28
1179 687 6 8 30
1230 687 1 1 1
448 689 6 8 38
642 689 6 5 21
913 688 3 9 21
976 689 1 3 3
939 690 2 5 10
992 690 9 7 29
1056 690 15 17 185
1149 690 2 2 3
412 692 12 17 154
1535 692 3 2 6
382 696 10 23 178
714 696 4 5 15
941 697 2 5 10
1084 697 1 3 3
686 699 10 17 95
978 698 5 14 36
1281 699 6 8 30
1040 700 1 1 1
1199 700 3 6 14
1518 700 4 3 8
1638 700 29 18 244
1037 702 3 5 7
1186 702 3 5 8
362 704 1 2 2
502 706 4 4 15
880 707 1 1 1
604 708 1 1 1
624 708 5 1 5
899 709 10 11 43
1538 709 18 18 201
519 711 2 1 2
750 710 396 340 35222
1266 711 1 1 1
997 713 1 3 3
1827 712 13 17 183
1269 714 5 7 31
1603 715 2 2 4
966 717 24 28 214
1459 716 7 9 47
607 719 6 11 52
1196 718 9 7 28
492 721 9 10 67
1159 720 5 7 27
797 723 2 1 2
900 723 9 14 86
550 724 3 1 3
680 725 8 15 63
1056 724 1 1 1
698 727 4 6 21
1498 726 4 4 13
885 728 2 1 2
1244 729 7 5 19
866 731 1 1 1
1017 731 2 6 7
882 733 1 1 1
1176 733 2 3 3
415 735 14 34 288
714 735 3 6 14
1036 734 1 1 1
1207 735 1 3 3
1224 734 3 5 11
1287 734 29 22 295
769 736 1 1 1
1195 737 2 3 4
131 739 2 1 2
463 738 6 6 31
1022 739 1 3 3
1052 738 14 21 188
1005 740 5 9 29
1033 741 1 1 1
1046 740 1 2 2
1330 741 2 2 4
705 743 5 9 36
758 742 5 12 51
957 742 9 6 46
740 745 2 1 2
1218 744 1 1 1
1709 745 1 1 1
316 747 8 9 52
860 747 7 8 35
1024 747 19 16 116
435 749 12 18 154
609 749 7 15 63
625 749 1 3 3
1187 749 2 3 4
1832 748 8 31 165
492 750 3 2 5
550 751 18 15 170
675 751 7 15 79
722 751 4 4 11
793 751 1 2 2
788 753 4 2 7
1327 752 3 5 13
1729 753 12 10 77
467 755 4 4 9
825 754 1 1 1
1000 755 2 3 5
1161 756 2 4 4
1183 756 27 30 362
1244 756 1 1 1
1413 756 2 1 2
521 759 4 5 16
913 758 5 8 26
953 759 8 9 39
1014 758 1 2 2
1046 760 1 1 1
1609 760 1 1 1
485 762 4 13 40
656 762 6 13 68
970 764 6 20 35
1623 765 33 40 490
828 767 2 4 4
901 768 2 6 12
1027 769 22 16 122
1255 769 4 4 13
760 771 10 29 169
831 771 11 21 48
1680 771 24 41 500
243 773 2 2 3
505 773 4 9 22
779 772 3 8 20
1173 773 1 1 1
457 775 10 19 153
868 774 2 5 9
904 775 5 11 42
1001 775 2 7 13
600 777 3 4 8
1143 777 23 6 56
1236 777 1 1 1
1244 777 9 13 89
1262 776 20 22 243
350 779 8 13 98
943 778 2 2 3
1024 778 1 3 3
1344 779 13 20 178
1484 778 2 2 4
668 781 13 17 173
916 781 5 12 14
1491 781 3 2 4
902 787 1 1 1
1170 787 4 4 8
876 789 28 41 309
939 788 15 15 75
1191 789 1 2 2
1029 790 1 2 2
1036 791 21 21 226
508 793 6 5 17
1075 794 4 7 22
849 797 10 5 27
912 796 2 2 2
1186 797 2 2 2
1020 798 1 1 1
716 801 1 1 1
870 801 1 1 1
910 801 1 1 1
1151 800 1 1 1
328 803 5 5 13
477 802 5 4 18
793 803 2 3 5
1001 802 19 16 129
504 804 3 4 9
994 804 1 2 2
1155 805 1 3 3
1231 804 1 3 3
656 807 9 17 98
677 807 21 29 174
933 806 7 16 53
1411 806 17 23 260
675 809 1 1 1
915 808 1 1 1
1142 808 1 1 1
1348 808 2 1 2
1753 808 7 5 20
1061 811 13 10 68
1133 810 1 1 1
1154 810 7 8 18
1353 811 1 1 1
991 812 2 6 10
1464 812 2 2 3
597 814 6 11 52
810 815 1 2 2
952 815 12 39 156
1252 814 11 16 110
1502 814 10 25 148
1809 814 2 1 2
491 817 2 3 5
1298 816 4 5 16
1340 817 3 2 5
921 819 4 7 22
1128 819 14 6 26
1174 819 2 3 4
1219 819 9 15 96
267 821 1 1 1
1810 820 18 12 123
868 823 14 3 23
1082 824 9 14 52
1151 824 2 3 4
1199 825 1 1 1
1400 825 1 3 3
1455 825 3 2 5
770 828 4 10 28
1347 829 1 1 1
638 831 10 12 53
729 831 3 5 11
831 830 12 19 112
1003 830 1 1 1
1617 830 16 17 178
616 833 1 1 1
884 833 2 8 16
974 832 2 5 6
1004 832 1 1 1
1047 832 16 19 192
1159 832 1 2 2
864 834 1 2 2
1332 834 13 18 164
407 839 1 1 1
1078 838 1 2 2
1146 838 3 7 12
440 841 1 1 1
1136 841 1 1 1
611 843 1 1 1
870 843 2 5 10
896 843 2 6 9
1728 843 13 9 69
333 845 16 18 130
673 845 10 13 82
1304 844 2 2 2
490 846 7 12 38
1002 848 29 41 270
441 851 5 3 13
972 851 1 3 3
985 851 2 5 9
1234 850 1 1 1
838 853 3 8 18
1029 853 1 2 2
1633 852 16 17 187
1821 852 19 27 311
1161 855 1 2 2
694 857 2 3 6
965 856 7 6 12
1040 857 1 1 1
1550 857 10 9 63
450 858 4 3 10
527 859 4 5 15
1055 859 17 21 199
1151 858 2 5 5
1797 859 4 2 7
736 861 15 23 109
873 861 2 7 9
1449 860 3 3 9
1027 862 1 1 1
668 865 3 6 17
900 865 12 19 84
939 864 23 18 240
1031 864 6 7 32
1140 864 10 8 26
1497 864 13 14 140
648 866 3 6 15
925 867 2 5 6
1253 867 9 4 21
205 869 1 1 1
977 869 9 1 9
1452 868 2 6 12
503 870 1 1 1
697 870 11 5 26
989 871 6 7 12
1048 871 1 2 2
1234 871 8 2 9
367 873 6 5 25
473 875 13 27 155
597 874 1 1 1
1132 874 1 1 1
1164 875 1 1 1
1435 874 11 10 73
346 877 2 1 2
876 876 11 11 42
1157 877 2 3 5
1247 876 3 3 8
224 878 1 1 1
521 879 3 4 8
1350 878 2 2 4
496 881 9 12 91
920 881 13 14 63
1450 885 20 12 98
671 886 15 25 128
937 887 23 7 58
1161 886 2 2 4
1225 887 1 1 1
364 889 10 17 109
685 889 1 1 1
1797 889 13 9 82
205 891 2 2 3
439 890 9 12 82
556 891 5 6 18
1127 892 1 3 3
691 895 3 4 12
1263 895 1 2 2
1313 894 8 8 48
664 896 1 1 1
1675 897 1 1 1
954 898 1 1 1
1149 899 1 3 3
575 901 1 1 1
999 901 10 2 11
1645 901 6 7 20
1749 901 2 2 3
1834 901 6 3 17
278 903 2 3 4
654 903 2 5 9
725 903 2 4 7
883 903 2 3 4
897 903 6 8 23
941 902 4 8 31
964 903 17 13 78
1120 902 1 2 2
1567 902 13 13 117
1011 904 46 30 608
1305 904 2 1 2
1410 905 6 7 35
1455 904 1 1 1
1479 905 3 5 11
1017 907 1 1 1
1436 907 4 3 10
408 911 6 13 55
692 911 17 8 68
917 911 4 6 13
951 911 5 7 16
1328 910 2 1 2
378 912 7 9 47
1483 912 6 5 18
1811 912 1 1 1
1813 912 15 17 194
469 915 4 6 19
482 914 9 8 51
681 915 1 1 1
746 915 5 12 34
1130 914 1 1 1
1524 914 9 10 65
1166 916 1 1 1
1236 916 2 3 6
1719 917 14 18 153
716 918 3 7 17
994 919 2 4 5
1746 919 27 25 357
1779 919 1 1 1
1198 920 14 22 139
1258 921 1 1 1
1323 921 3 2 4
1435 921 3 3 6
981 923 8 14 89
1143 923 4 5 14
547 924 1 2 2
662 925 16 34 245
961 924 9 5 28
1407 924 2 2 3
687 926 2 4 8
652 928 4 9 28
1520 928 1 1 1
1792 928 11 10 70
971 931 1 1 1
441 932 1 1 1
742 932 2 5 9
1045 934 5 14 48
1125 934 2 3 3
1149 935 7 9 43
1234 935 2 4 7
1821 934 19 16 205
424 937 2 2 2
115 939 14 11 99
524 938 2 3 4
1528 938 12 10 62
347 941 1 2 2
705 941 1 1 1
973 941 7 7 37
997 940 5 9 41
1017 941 1 1 1
1568 940 24 30 285
1282 943 2 2 2
1730 943 2 2 3
550 944 1 1 1
1201 945 8 13 76
1272 945 9 14 94
1746 945 2 2 4
1171 946 1 1 1
1482 947 6 7 21
708 948 1 1 1
1605 949 9 8 54
532 952 3 4 9
1008 953 3 5 12
1030 953 5 7 26
1184 953 1 1 1
465 954 2 2 3
522 954 1 1 1
1398 954 1 1 1
1508 955 11 8 61
481 956 1 2 2
528 957 2 3 6
993 957 1 1 1
1451 956 2 1 2
1018 958 1 3 3
1548 959 7 13 51
454 961 2 4 8
473 961 2 2 4
681 961 1 1 1
1227 960 22 16 144
723 962 4 4 14
513 965 8 12 50
707 964 1 1 1
606 967 1 1 1
682 967 12 18 54
1432 967 1 1 1
1630 966 14 16 142
428 968 1 1 1
1128 968 1 2 2
1486 971 2 3 6
1526 971 13 10 61
341 973 1 1 1
478 973 10 5 34
496 972 4 4 10
647 972 1 1 1
1346 972 1 4 4
564 975 1 1 1
1108 975 1 1 1
1737 975 12 10 85
1190 976 2 2 3
1349 976 1 1 1
397 979 5 5 19
454 978 4 3 8
462 979 23 18 193
621 979 3 4 10
635 979 11 15 51
664 979 7 25 84
1331 978 1 1 1
1692 979 22 22 300
272 982 1 1 1
1173 982 16 12 60
527 985 5 8 22
341 986 6 6 27
732 987 18 13 69
1600 987 13 12 116
501 988 1 1 1
552 988 1 1 1
1291 988 1 1 1
1379 988 2 3 3
1804 988 22 34 360
678 990 22 25 126
1398 990 2 2 4
1478 990 39 43 564
701 992 2 4 8
751 994 8 6 32
448 997 1 2 2
404 999 8 10 46
801 999 1 4 4
1209 999 2 3 5
1391 999 1 1 1
1424 1001 16 15 91
1521 1000 2 2 4
493 1002 2 6 8
590 1002 1 1 1
644 1003 1 2 2
1281 1002 1 1 1
1338 1003 3 3 4
116 1004 1 1 1
723 1007 2 2 3
1777 1006 2 2 4
721 1009 1 2 2
737 1009 4 7 21
1161 1008 7 9 42
1376 1008 1 1 1
1639 1008 2 1 2
1391 1010 1 2 2
1670 1011 14 10 59
1685 1010 1 1 1
649 1013 1 1 1
1470 1013 7 4 21
553 1015 1 1 1
595 1015 1 1 1
667 1015 5 10 36
746 1014 7 10 29
877 1015 1 4 4
1188 1016 2 3 4
1262 1016 10 10 59
454 1018 1 1 1
904 1018 1 2 2
1103 1018 1 1 1
901 1020 1 2 2
1246 1021 3 3 6
1354 1021 8 8 45
526 1022 4 3 5
1282 1022 1 1 1
692 1025 1 2 2
1452 1025 1 1 1
1528 1024 13 15 139
1568 1024 5 5 23
712 1027 4 16 35
725 1026 2 4 7
811 1026 2 8 13
1421 1027 1 2 2
415 1029 7 9 50
497 1029 7 11 38
661 1029 5 12 37
1128 1028 1 1 1
486 1031 4 5 16
625 1031 13 11 48
763 1031 1 1 1
388 1032 1 1 1
879 1032 1 1 1
646 1035 1 1 1
906 1035 5 6 13
948 1035 2 5 7
1133 1034 1 1 1
1375 1035 1 1 1
1558 1035 11 12 91
1579 1035 8 7 28
1726 1034 3 3 5
370 1037 6 6 30
571 1036 1 2 2
1150 1036 7 11 57
1328 1036 1 1 1
700 1038 3 7 15
992 1038 14 13 70
1254 1038 2 1 2
1257 1039 4 6 15
1333 1039 18 11 92
1409 1038 13 7 59
1699 1038 1 2 2
1722 1039 3 2 4
1812 1038 1 1 1
677 1040 1 1 1
686 1041 1 3 3
801 1040 2 3 4
919 1041 1 1 1
869 1043 1 1 1
883 1042 1 1 1
962 1043 3 2 4
1630 1043 4 4 12
404 1044 1 1 1
641 1044 1 1 1
770 1044 2 7 9
920 1044 1 4 4
1109 1044 3 1 3
1127 1045 1 1 1
1209 1044 1 1 1
1213 1045 26 30 228
1651 1044 13 16 158
438 1046 1 1 1
522 1047 1 1 1
586 1047 3 5 13
1120 1046 1 1 1
1379 1047 1 2 2
1437 1046 3 3 6
1679 1046 1 1 1
505 1050 1 1 1
724 1050 1 1 1
797 1050 3 7 17
909 1050 2 3 4
968 1051 3 4 9
1051 1050 1 1 1
1211 1051 1 1 1
359 1052 7 11 47
386 1053 5 5 21
528 1053 1 2 2
935 1053 2 4 6
1160 1052 1 1 1
1193 1053 1 1 1
1427 1053 1 1 1
1175 1054 1 1 1
325 1056 5 6 23
680 1056 4 2 5
695 1056 2 2 4
719 1057 1 3 3
779 1056 1 1 1
966 1057 1 1 1
1770 1057 15 12 124
313 1059 2 1 2
557 1058 1 2 2
646 1058 5 7 24
757 1058 2 5 8
1023 1059 7 24 75
1258 1059 12 15 95
1510 1059 2 1 2
508 1060 7 7 38
1709 1060 1 1 1
449 1062 4 6 22
711 1063 3 5 13
809 1063 4 2 5
1338 1062 1 1 1
1361 1062 1 1 1
771 1064 2 3 4
999 1064 2 4 8
1011 1065 2 2 2
1308 1065 1 1 1
583 1067 1 1 1
1044 1066 1 2 2
1152 1066 2 10 11
1243 1067 1 1 1
1700 1066 9 11 71
788 1069 9 2 10
1085 1068 3 4 9
1172 1068 19 27 172
1205 1068 1 1 1
1337 1068 1 1 1
1390 1068 17 13 133
444 1071 1 1 1
501 1070 4 4 9
727 1071 2 6 9
859 1070 2 1 2
1070 1070 2 4 5
666 1072 3 6 17
688 1073 2 4 7
891 1072 2 3 4
928 1073 1 2 2
973 1072 20 30 163
1441 1073 1 1 1
1759 1072 2 3 6
337 1074 1 1 1
603 1074 2 4 8
1091 1074 5 6 25
1271 1075 2 2 3
1360 1074 1 1 1
1450 1075 4 4 10
1464 1075 6 5 17
1739 1075 15 13 147
388 1077 4 3 7
632 1076 3 4 8
878 1076 1 1 1
1010 1077 2 1 2
1049 1076 2 2 3
1065 1077 2 4 6
1289 1077 1 1 1
1324 1077 1 1 1
745 1078 1 1 1
921 1079 1 3 3
1619 1079 1 1 1
1806 1078 2 1 2
844 1080 2 2 4
938 1081 6 11 26
947 1080 1 1 1
1116 1080 20 26 230
801 1082 1 1 1
842 1083 1 1 1
1000 1082 7 6 37
371 1085 1 1 1
407 1084 4 3 7
428 1085 1 1 1
700 1085 7 15 35
1099 1085 2 1 2
1110 1084 1 1 1
464 1087 3 7 14
611 1086 1 1 1
690 1086 1 2 2
765 1086 7 2 11
1069 1086 2 5 7
1206 1086 1 1 1
1563 1087 1 1 1
653 1089 8 8 39
815 1088 1 3 3
1269 1089 1 1 1
1451 1089 9 3 12
1568 1088 1 1 1
1682 1088 17 22 227
1731 1088 1 1 1
482 1091 2 2 3
997 1091 1 1 1
1571 1091 19 12 116
1723 1091 1 1 1
1770 1091 2 2 3
789 1093 1 1 1
1014 1092 1 1 1
1141 1093 10 12 76
1264 1092 1 1 1
366 1094 1 1 1
538 1094 5 2 6
872 1094 2 4 8
884 1095 1 4 4
1059 1095 1 2 2
1420 1095 1 1 1
453 1096 1 1 1
673 1096 3 9 15
807 1097 6 6 20
1055 1097 1 1 1
1516 1097 1 1 1
1552 1096 2 10 12
363 1098 3 2 4
590 1098 1 1 1
606 1098 1 1 1
829 1099 1 1 1
914 1098 19 15 91
1081 1098 1 1 1
1325 1099 1 1 1
1332 1098 5 2 6
1408 1099 1 1 1
1181 1100 1 1 1
1381 1101 6 5 21
1611 1100 8 13 72
304 1102 2 2 3
495 1102 9 11 66
560 1102 1 1 1
640 1103 1 1 1
843 1103 1 1 1
972 1103 1 1 1
1100 1102 1 1 1
1110 1103 3 3 8
445 1104 1 1 1
662 1105 10 8 55
729 1104 1 1 1
750 1104 3 5 8
982 1105 6 10 47
1007 1105 2 2 2
1151 1107 1 1 1
1298 1107 1 1 1
1489 1107 1 1 1
966 1108 3 6 14
1054 1109 2 1 2
1251 1109 2 2 3
1037 1110 3 6 14
1058 1111 11 16 45
1081 1110 1 1 1
1165 1111 1 2 2
1199 1110 4 1 4
1265 1110 1 1 1
463 1112 36 19 144
480 1113 1 1 1
837 1112 1 1 1
1473 1112 1 1 1
688 1114 4 7 21
875 1115 1 1 1
1051 1115 1 2 2
345 1116 11 13 64
503 1117 2 3 5
615 1116 3 5 13
848 1116 9 5 23
871 1117 1 1 1
952 1117 13 12 67
1203 1116 3 4 9
1310 1116 1 2 2
1372 1116 1 2 2
1543 1116 6 4 13
1637 1117 3 2 4
659 1118 2 4 6
763 1118 2 3 4
991 1118 3 2 6
1159 1119 11 14 61
1334 1118 6 7 26
1463 1119 1 7 7
172 1120 1 1 1
512 1120 3 2 4
811 1121 4 7 19
883 1121 2 1 2
1222 1120 6 4 23
1246 1121 13 10 44
1625 1121 2 2 4
796 1123 3 8 19
1046 1123 2 3 6
1108 1123 1 1 1
1610 1122 3 8 10
760 1125 1 3 3
839 1124 2 1 2
882 1125 1 1 1
444 1126 6 7 33
836 1126 1 1 1
863 1127 2 3 5
900 1127 1 2 2
984 1127 1 1 1
1049 1126 1 4 4
1192 1127 6 10 21
1216 1126 4 5 16
1518 1126 4 4 11
1595 1127 1 1 1
551 1129 1 1 1
1029 1128 3 1 3
505 1131 1 2 2
676 1131 5 7 11
738 1131 3 1 3
781 1131 1 1 1
857 1130 2 2 4
1140 1131 1 1 1
1241 1131 1 1 1
1357 1131 2 1 2
1619 1130 1 2 2
1645 1131 1 1 1
1680 1131 28 16 259
784 1133 1 2 2
927 1132 1 2 2
1015 1132 3 2 4
1354 1132 1 1 1
1462 1132 1 2 2
1621 1132 1 1 1
389 1135 1 1 1
751 1134 2 4 6
794 1134 2 4 7
905 1135 1 1 1
1093 1134 1 1 1
300 1137 2 1 2
855 1137 1 1 1
914 1136 2 1 2
981 1136 13 8 74
1050 1136 2 2 3
1384 1137 1 1 1
1440 1137 2 1 2
368 1139 1 1 1
434 1138 2 3 4
651 1138 1 2 2
655 1139 10 16 57
1302 1139 1 1 1
1332 1138 1 1 1
688 1141 11 6 34
725 1141 9 17 60
763 1141 1 2 2
1313 1140 1 1 1
1466 1140 9 5 35
792 1143 1 1 1
830 1143 3 7 16
836 1142 1 1 1
858 1142 1 2 2
1731 1143 1 1 1
1747 1143 7 11 26
363 1144 1 1 1
394 1145 2 2 3
619 1145 2 2 4
1039 1145 1 1 1
1430 1145 1 1 1
1587 1145 1 1 1
1614 1145 1 1 1
942 1146 1 1 1
1046 1146 11 10 33
1294 1147 1 1 1
1777 1146 2 2 3
465 1149 1 2 2
501 1148 1 1 1
641 1149 1 3 3
1058 1149 4 12 24
1283 1148 4 2 6
1443 1148 11 9 82
345 1150 1 1 1
876 1151 2 2 2
887 1150 1 1 1
974 1151 15 25 140
1191 1150 2 1 2
1522 1151 3 2 3
678 1153 1 1 1
788 1152 2 6 11
1173 1153 1 1 1
1380 1152 1 1 1
1572 1153 8 9 46
1665 1153 18 13 187
1692 1153 10 14 67
1729 1153 5 1 5
409 1155 1 1 1
673 1155 3 3 6
1125 1155 1 1 1
1309 1155 1 1 1
1812 1154 2 2 2
899 1156 1 1 1
935 1157 2 3 5
1212 1157 2 2 3
1276 1157 4 3 7
1458 1157 8 15 68
349 1158 4 4 12
472 1158 5 3 13
1129 1159 5 11 48
1190 1158 9 14 53
1295 1159 1 1 1
1430 1159 1 1 1
1546 1158 11 13 91
1756 1158 2 1 2
388 1160 1 1 1
404 1160 1 1 1
650 1161 1 3 3
820 1161 1 1 1
905 1160 1 1 1
1101 1160 1 1 1
1249 1161 1 1 1
1363 1160 1 1 1
1406 1161 1 1 1
576 1162 1 1 1
748 1163 1 3 3
1267 1163 1 1 1
1281 1162 3 2 4
1301 1162 1 1 1
811 1165 2 4 6
816 1164 1 1 1
870 1164 1 1 1
882 1165 2 1 2
1157 1164 1 1 1
1235 1165 1 1 1
659 1166 15 15 102
681 1166 5 5 15
999 1166 1 1 1
1009 1167 1 1 1
1069 1166 1 1 1
1141 1167 13 8 44
1180 1166 1 1 1
1477 1166 1 1 1
1489 1166 5 4 17
1592 1166 7 10 45
259 1168 1 1 1
621 1169 1 2 2
754 1169 2 5 8
911 1168 1 1 1
1305 1168 15 6 31
952 1171 1 2 2
1035 1170 8 3 10
1118 1171 1 1 1
1222 1170 14 14 86
1273 1171 5 4 16
1379 1170 9 15 81
1438 1170 1 2 2
496 1173 2 2 3
512 1172 2 3 5
642 1173 3 6 15
1046 1173 1 1 1
1059 1173 1 2 2
1259 1172 1 1 1
269 1175 1 1 1
300 1174 1 1 1
417 1174 1 1 1
725 1174 2 3 4
1027 1174 2 4 7
1250 1174 2 2 2
224 1177 1 1 1
307 1176 1 1 1
399 1177 4 5 13
553 1176 4 4 10
969 1177 2 2 3
1190 1177 1 1 1
1496 1176 1 2 2
420 1179 1 1 1
629 1179 2 2 2
932 1178 4 2 5
995 1178 1 1 1
1113 1178 2 10 12
1271 1178 1 1 1
1338 1179 1 2 2
1498 1179 1 1 1
544 1180 1 2 2
675 1181 1 1 1
719 1180 1 1 1
655 1183 1 2 2
962 1183 3 3 6
1141 1183 1 1 1
1400 1182 1 1 1
482 1184 2 1 2
639 1184 1 2 2
924 1185 1 2 2
1145 1185 5 8 28
1413 1185 23 18 161
1627 1184 36 34 453
1735 1185 1 1 1
177 1187 2 1 2
317 1187 2 1 2
335 1187 1 1 1
748 1186 2 1 2
789 1187 1 2 2
915 1187 3 7 16
1013 1186 1 1 1
1184 1187 1 1 1
646 1188 2 4 7
682 1189 3 7 16
862 1189 1 1 1
1005 1188 1 1 1
1037 1188 1 2 2
1203 1188 17 9 78
1296 1188 1 1 1
1375 1189 4 6 20
1520 1189 4 4 11
710 1191 10 2 11
890 1190 1 2 2
978 1191 1 1 1
1029 1190 1 2 2
1168 1191 2 2 2
1250 1190 3 4 9
1472 1190 4 2 5
54 1192 2 1 2
294 1193 2 1 2
586 1193 2 3 6
635 1193 1 4 4
995 1193 9 4 12
1083 1192 1 1 1
1105 1192 3 4 12
1128 1192 2 2 3
1277 1192 1 1 1
1320 1192 15 15 100
972 1195 6 5 13
1584 1194 10 3 14
674 1196 1 1 1
800 1197 1 2 2
1100 1196 2 1 2
1182 1197 10 4 15
1370 1197 6 14 62
1071 1198 2 1 2
1201 1198 2 1 2
1461 1199 6 6 26
1481 1199 2 2 3
491 1201 1 2 2
930 1200 2 2 2
1018 1200 1 1 1
1061 1200 1 1 1
1263 1200 2 8 9
466 1202 1 1 1
502 1202 1 1 1
652 1202 1 1 1
698 1203 1 5 5
855 1202 11 2 12
887 1203 10 1 10
945 1202 11 15 32
1029 1202 5 3 13
1161 1202 1 1 1
1405 1203 1 1 1
1612 1202 6 8 35
840 1204 1 1 1
1114 1204 1 1 1
1277 1205 1 1 1
879 1207 2 1 2
1140 1207 2 2 4
219 1208 1 1 1
280 1208 3 3 3
577 1208 2 5 8
782 1209 2 1 2
304 1211 1 1 1
489 1210 1 1 1
935 1210 1 1 1
1058 1211 1 1 1
1114 1210 11 10 45
1238 1211 1 1 1
1246 1210 16 11 37
727 1212 13 16 65
979 1212 17 16 151
1203 1213 1 1 1
1443 1213 1 1 1
633 1215 2 6 11
677 1214 6 9 28
939 1215 1 1 1
1031 1214 1 2 2
1070 1215 1 1 1
1088 1214 1 1 1
1206 1214 1 1 1
1225 1214 3 4 6
1315 1215 1 1 1
1774 1215 5 8 21
1829 1215 1 2 2
740 1217 1 2 2
854 1217 2 1 2
921 1216 8 5 12
964 1216 1 1 1
1073 1217 1 1 1
1289 1217 1 1 1
1344 1216 1 1 1
1473 1216 5 7 22
1217 1218 1 1 1
1450 1218 8 10 68
641 1221 1 2 2
847 1220 1 1 1
996 1220 13 8 28
1146 1220 1 2 2
1188 1220 2 2 3
1426 1221 1 1 1
1439 1220 1 2 2
1744 1220 1 1 1
783 1223 11 5 45
862 1222 1 1 1
883 1222 2 1 2
1024 1223 1 5 5
1063 1223 1 5 5
1126 1223 7 5 35
1191 1222 1 1 1
1281 1222 1 1 1
750 1225 2 3 6
822 1224 2 4 7
1108 1225 2 3 6
1293 1224 1 4 4
1340 1225 2 3 6
502 1226 8 2 9
872 1226 1 2 2
919 1227 1 1 1
1082 1227 1 1 1
1174 1227 1 1 1
1212 1227 1 1 1
1265 1227 1 1 1
