0 0 1840 1228 2161690
247 0 29 25 497
534 0 1 2 2
582 0 21 6 60
621 0 33 15 357
845 0 4 6 17
952 0 16 42 313
1011 0 3 5 11
1088 0 11 16 134
1122 0 19 13 142
1148 0 1 3 3
1174 0 1 3 3
1244 0 40 42 670
1303 0 14 17 39
1215 5 1 1 1
1226 5 1 1 1
814 8 5 6 25
1037 8 1 1 1
1375 9 1 1 1
1289 10 1 1 1
1372 11 1 1 1
1186 12 1 1 1
1012 14 2 1 2
1191 14 1 1 1
1336 14 1 1 1
1236 17 1 1 1
1326 17 2 1 2
1234 19 2 8 9
1390 18 1 1 1
568 20 10 19 149
1126 20 1 1 1
1153 21 1 1 1
1370 21 2 1 2
1382 21 1 1 1
994 22 1 1 1
1156 22 3 2 5
1173 23 1 2 2
1286 22 1 1 1
1313 22 1 1 1
1362 22 6 1 6
1397 23 1 1 1
128 24 2 2 3
466 25 28 46 1020
1102 24 1 1 1
112 26 10 3 24
1031 27 2 1 2
1121 26 1 1 1
1189 27 2 1 2
1221 26 1 1 1
1239 27 1 1 1
1376 27 9 17 46
1228 29 1 1 1
1432 28 1 1 1
203 31 20 26 362
1164 31 19 10 50
1350 30 1 1 1
1428 30 1 1 1
1439 31 1 1 1
1061 32 2 1 2
1132 32 2 1 2
1193 33 8 5 12
1349 32 1 1 1
1368 32 1 1 1
1396 33 1 1 1
1059 34 1 1 1
1408 34 1 1 1
1056 37 2 1 2
1087 36 1 10 10
1221 37 1 1 1
1326 36 1 1 1
1340 37 1 1 1
1411 37 1 1 1
1118 38 2 1 2
1252 39 1 1 1
1337 38 1 1 1
1475 39 1 1 1
1506 38 1 1 1
915 41 1 1 1
1317 40 2 1 2
1417 41 2 2 3
1430 41 1 1 1
136 43 1 2 2
996 42 24 28 295
1147 42 2 1 2
1212 42 10 15 65
1284 42 2 5 6
1295 42 1 1 1
1359 43 5 2 10
1367 42 1 1 1
1464 43 2 1 2
1143 45 1 1 1
1231 44 1 1 1
1237 45 3 6 18
1314 45 1 1 1
1391 45 1 1 1
544 47 17 42 448
1059 46 1 1 1
1437 46 2 6 7
1479 46 1 1 1
722 48 21 44 723
1129 48 1 1 1
1176 48 1 1 1
1266 49 1 1 1
1342 49 1 1 1
1356 48 2 1 2
1589 48 1 1 1
1794 48 1 1 1
1041 50 2 1 2
1117 51 1 1 1
1179 50 17 49 275
1249 51 12 13 78
1271 51 1 1 1
1624 51 1 1 1
938 53 5 8 23
1098 52 1 1 1
1115 52 1 1 1
1243 52 1 1 1
1310 53 1 1 1
1343 53 5 6 10
1393 52 1 1 1
1451 53 5 10 22
1471 53 1 1 1
1274 55 4 1 4
1289 55 1 1 1
1362 55 1 9 9
592 57 6 4 15
866 56 5 4 15
917 57 1 1 1
1388 56 2 1 2
1470 57 1 1 1
1021 58 11 10 20
1100 59 1 1 1
1157 58 1 1 1
1321 58 1 1 1
1385 58 1 1 1
888 60 6 14 53
984 60 1 1 1
1283 60 5 2 7
1297 60 3 6 8
1088 63 1 2 2
1117 63 1 1 1
1205 63 1 1 1
1328 63 9 5 13
1445 63 1 2 2
1163 64 1 1 1
1267 65 3 2 4
1472 65 1 1 1
1074 66 1 1 1
1240 66 1 1 1
778 69 40 68 1682
951 68 1 1 1
1055 68 1 1 1
1296 68 1 1 1
1370 68 3 4 8
1023 70 19 33 278
1063 71 2 1 2
1412 71 1 1 1
1426 71 1 1 1
1241 72 3 9 19
1390 73 1 1 1
1449 73 1 1 1
1528 73 2 2 3
1016 75 1 1 1
1113 75 7 9 15
1125 74 1 1 1
1152 75 1 1 1
1210 74 1 1 1
1277 74 1 1 1
1366 75 1 1 1
1395 74 5 11 16
1071 76 1 1 1
1078 77 27 18 212
1158 77 2 2 2
1264 76 1 1 1
1382 77 1 9 9
1473 76 3 9 10
1558 77 1 1 1
1561 76 2 1 2
1211 78 1 1 1
1259 79 1 1 1
630 81 3 4 8
1238 81 1 1 1
1301 80 1 1 1
1426 81 2 1 2
992 83 1 1 1
1045 82 1 1 1
1067 83 2 1 2
1224 82 2 8 9
1258 83 1 3 3
1293 82 4 5 20
1340 82 1 1 1
1606 83 3 1 3
1149 85 1 1 1
1164 85 1 1 1
1279 85 1 1 1
1414 85 2 1 2
571 87 37 65 1472
1010 86 1 1 1
1167 86 2 1 2
1127 88 1 1 1
1161 88 13 20 113
1253 89 1 1 1
1289 89 4 5 8
1462 89 10 6 34
1116 91 1 2 2
1139 91 8 5 17
1241 90 1 1 1
1311 90 1 1 1
1366 91 2 2 3
1381 90 1 1 1
835 93 2 1 2
1052 92 14 10 59
1228 93 1 1 1
1330 92 1 1 1
1400 93 1 1 1
1439 92 2 1 2
1485 93 1 1 1
1205 94 10 2 11
1230 95 1 1 1
1310 94 1 1 1
1271 95 110 49 1189
1340 95 1 1 1
1362 95 4 2 5
1390 95 1 1 1
1417 95 1 1 1
1080 97 75 70 1727
1338 96 1 1 1
1274 98 1 1 1
1421 99 1 1 1
1441 99 3 2 5
379 100 48 122 3307
1179 100 1 1 1
1249 100 1 1 1
1402 101 2 1 2
1549 100 1 1 1
1256 103 18 26 111
1428 103 2 5 6
254 104 2 6 11
1195 105 32 47 321
1211 105 2 1 2
1221 105 35 16 165
1411 105 1 1 1
680 107 21 56 835
952 107 5 8 25
1075 106 2 2 3
1097 107 1 1 1
1372 106 1 1 1
1413 106 1 1 1
31 109 21 19 284
1082 109 1 1 1
1385 109 1 1 1
1156 111 5 8 12
1390 111 14 14 34
1623 111 1 1 1
1180 112 11 9 61
1173 114 1 1 1
1426 114 3 3 5
1459 115 16 9 66
1552 115 2 3 3
1063 116 9 41 205
1482 117 2 1 2
1413 119 13 10 49
1432 118 1 1 1
450 120 15 23 247
1248 120 1 1 1
1385 122 1 1 1
1406 123 2 5 6
152 124 5 3 13
266 124 12 14 129
1165 124 1 1 1
1229 124 1 1 1
1437 124 1 1 1
1448 125 2 3 4
1430 129 1 1 1
1454 129 2 1 2
247 131 8 7 40
1170 130 15 8 65
1243 130 9 11 35
1228 132 1 1 1
1443 132 1 1 1
832 134 1 1 1
1308 135 3 3 5
336 139 7 7 41
856 138 40 65 1317
1038 139 4 2 6
1195 138 1 1 1
925 141 4 9 24
1194 140 1 1 1
1256 140 16 7 48
1156 143 1 1 1
1168 143 2 1 2
1224 143 9 12 28
1362 143 1 1 1
1478 143 1 2 2
829 144 3 3 5
1186 145 1 1 1
1341 145 4 2 5
73 147 44 34 981
1043 146 9 29 172
1288 149 1 1 1
1465 149 1 1 1
1202 151 1 1 1
1250 150 2 1 2
1294 151 1 1 1
1461 150 1 1 1
314 152 36 79 1841
1164 152 1 1 1
1189 153 1 1 1
1214 153 2 1 2
1234 157 2 2 4
1327 158 1 1 1
1241 161 2 1 2
1331 161 2 1 2
1167 162 2 1 2
1190 162 10 2 11
829 164 4 6 18
219 166 59 79 2459
1184 167 3 2 4
1286 166 1 1 1
1085 169 1 1 1
1219 168 1 1 1
1224 169 2 2 3
464 170 15 22 252
1285 171 1 1 1
1308 170 1 1 1
1084 172 1 1 1
1173 173 1 1 1
1782 172 1 1 1
680 177 1 1 1
1240 176 1 1 1
1635 178 3 2 4
706 181 1 1 1
1098 180 1 1 1
1222 181 2 1 2
1255 180 1 1 1
18 183 17 13 147
984 182 1 1 1
1019 182 4 4 10
1181 182 1 1 1
935 185 1 1 1
1489 185 2 1 2
1238 187 1 1 1
605 188 8 11 62
803 191 5 5 15
947 193 1 1 1
1081 193 1 1 1
937 196 1 1 1
1319 197 1 1 1
831 199 1 1 1
843 199 1 1 1
908 201 1 1 1
1122 202 1 1 1
1192 203 1 1 1
616 205 81 157 5497
925 207 1 1 1
974 206 2 2 3
920 211 9 15 56
873 213 29 78 1395
1018 212 4 6 23
1072 212 1 1 1
973 215 1 1 1
469 216 5 4 12
19 219 12 8 58
1425 218 1 1 1
955 220 1 1 1
1624 220 1 1 1
367 225 2 2 3
1430 227 1 1 1
577 228 8 13 83
1105 229 2 1 2
1110 228 1 1 1
860 231 6 13 47
1455 233 1 1 1
618 234 1 1 1
1107 238 1 1 1
77 240 46 60 1741
777 241 1 1 1
1276 243 1 1 1
617 244 4 3 10
767 244 1 1 1
840 244 1 2 2
963 246 1 1 1
647 248 1 1 1
748 249 14 31 307
948 250 1 1 1
990 251 1 1 1
1059 251 1 1 1
1088 252 3 2 5
945 255 1 1 1
1374 254 1 1 1
511 258 2 1 2
382 261 1 1 1
1519 263 1 1 1
1046 265 1 1 1
1061 266 1 1 1
150 272 16 14 71
983 275 1 1 1
1107 274 1 1 1
1482 276 3 2 4
200 279 25 38 521
504 278 1 1 1
730 279 20 25 280
1083 278 1 1 1
487 281 3 2 5
975 281 1 1 1
353 282 10 5 16
968 282 1 1 1
512 285 23 24 249
922 288 2 1 2
41 290 5 3 10
935 293 2 1 2
954 292 1 1 1
874 297 21 37 464
939 297 1 1 1
591 301 6 10 39
334 304 9 6 34
788 307 2 1 2
513 311 1 1 1
988 310 3 1 3
1164 310 1 1 1
728 312 3 2 3
1000 313 1 1 1
425 315 21 40 563
196 316 1 1 1
1024 317 1 1 1
781 319 32 77 1195
320 320 1 1 1
719 321 1 1 1
1063 321 1 1 1
1065 320 2 1 2
524 322 1 2 2
279 324 18 23 259
343 327 6 2 8
952 330 1 1 1
686 332 2 1 2
1010 332 4 3 5
1023 332 30 17 197
62 337 37 60 1239
537 337 2 1 2
985 339 1 1 1
1066 338 1 1 1
1186 339 1 1 1
311 340 3 2 5
523 340 1 1 1
608 341 25 33 586
1064 340 18 20 183
566 342 2 1 2
964 343 1 1 1
1219 342 1 1 1
110 345 20 34 318
1238 345 1 1 1
1265 345 2 1 2
52 346 1 1 1
383 347 2 1 2
51 349 1 1 1
955 348 1 1 1
997 351 11 8 41
308 352 10 15 107
544 352 3 1 3
874 353 1 1 1
1021 353 1 1 1
1123 356 1 1 1
482 362 16 35 293
741 362 1 1 1
1661 362 1 1 1
1287 364 1 1 1
1353 364 3 2 5
281 369 19 26 346
339 369 16 16 131
1063 368 1 1 1
1022 371 1 1 1
1268 371 1 1 1
202 375 1 1 1
471 375 1 2 2
1035 376 1 1 1
623 381 5 5 13
1317 381 9 14 75
753 382 1 1 1
935 382 1 1 1
1015 382 1 1 1
1147 383 2 1 2
151 384 2 1 2
1012 384 1 1 1
318 386 1 1 1
629 386 4 7 23
688 386 1 1 1
1009 387 2 1 2
114 388 5 5 17
722 390 1 1 1
740 391 18 39 424
249 393 3 1 3
369 394 16 19 194
873 395 19 37 436
928 395 2 2 3
624 396 4 4 15
647 396 7 10 35
310 398 4 7 15
1003 399 6 6 14
1580 398 1 1 1
554 400 1 1 1
808 401 2 1 2
1131 400 1 1 1
555 402 15 8 43
955 403 1 1 1
783 404 12 8 32
1214 404 1 1 1
1407 406 3 1 3
1190 411 2 2 2
774 412 2 1 2
942 413 4 8 26
1209 412 1 1 1
0 415 13 25 228
488 415 1 2 2
505 415 21 26 347
1009 416 3 1 3
601 418 4 1 4
650 419 11 28 239
687 418 1 1 1
803 419 18 44 327
124 420 6 8 24
840 423 1 2 2
1346 422 4 1 4
1430 423 1 1 1
792 424 1 1 1
238 427 1 1 1
426 427 1 2 2
243 428 11 12 102
264 428 9 7 38
374 428 10 14 68
988 428 2 1 2
672 431 1 1 1
403 433 5 13 56
910 433 17 58 800
1216 433 2 2 4
131 435 26 24 446
634 435 1 1 1
882 436 1 1 1
1008 437 1 1 1
1032 436 11 22 117
1086 439 1 1 1
442 441 7 8 40
760 440 14 32 286
1059 440 2 2 3
1230 441 3 3 7
710 444 1 1 1
640 447 1 1 1
384 451 4 4 10
797 451 2 1 2
584 453 7 5 14
873 452 9 5 26
267 454 7 5 27
716 455 1 1 1
739 455 1 1 1
1008 455 1 1 1
619 457 1 1 1
966 456 5 14 37
539 459 23 38 384
641 459 1 1 1
696 458 1 1 1
699 459 1 1 1
1086 458 1 1 1
1298 459 2 1 2
1634 458 2 1 2
439 461 5 3 6
645 461 1 2 2
863 461 2 1 2
1192 461 1 1 1
1027 463 1 5 5
368 465 14 19 193
518 464 1 1 1
869 465 1 1 1
934 464 18 87 1088
590 467 2 1 2
156 469 2 1 2
789 470 5 4 9
874 470 1 1 1
142 473 11 13 72
572 475 2 1 2
859 478 14 4 44
603 480 20 19 126
658 480 19 52 686
204 484 11 3 13
648 484 2 1 2
407 486 1 3 3
462 487 1 1 1
1028 487 3 2 4
629 488 1 1 1
858 489 2 1 2
253 491 28 14 162
844 493 13 14 111
988 497 21 44 524
1019 496 2 1 2
1135 497 3 2 4
1413 497 1 1 1
511 498 1 1 1
636 498 1 1 1
703 498 1 1 1
1045 498 3 2 5
585 500 1 1 1
1032 500 1 1 1
127 503 1 1 1
572 502 1 1 1
634 502 1 1 1
1338 503 2 1 2
694 505 1 1 1
630 506 1 1 1
348 509 1 1 1
709 508 1 1 1
1112 509 1 1 1
1029 512 25 26 130
608 515 1 1 1
1428 514 1 1 1
438 517 1 1 1
489 517 1 1 1
603 516 51 60 1680
641 517 4 3 8
1346 521 11 25 115
584 522 1 1 1
799 523 1 1 1
1017 522 2 3 6
1076 523 2 2 2
70 529 1 1 1
398 528 4 4 12
534 528 2 1 2
747 528 1 1 1
1195 528 1 1 1
1667 529 1 1 1
11 530 1 1 1
286 533 1 1 1
659 532 1 1 1
1468 532 1 1 1
381 534 1 4 4
793 534 1 1 1
1418 534 1 1 1
1395 537 2 1 2
361 539 1 1 1
689 538 1 1 1
1276 538 1 1 1
1010 541 2 1 2
328 542 1 1 1
527 542 1 1 1
123 544 1 1 1
253 545 1 1 1
698 545 1 1 1
722 545 1 1 1
768 545 1 1 1
1105 548 1 1 1
1145 548 2 2 4
1050 551 8 5 12
1114 551 1 1 1
1268 550 1 1 1
299 555 2 3 4
407 554 5 5 16
128 557 1 1 1
130 556 2 1 2
472 556 18 13 128
853 556 11 8 65
1220 558 1 1 1
763 561 1 1 1
1221 560 2 1 2
268 562 1 1 1
371 562 24 53 811
92 564 2 6 8
501 565 1 1 1
1076 564 1 1 1
405 567 22 44 658
684 566 1 1 1
1823 568 1 1 1
848 570 3 2 6
876 570 16 45 472
997 570 10 2 11
1082 570 2 3 5
1192 570 1 1 1
727 574 1 1 1
229 577 5 3 8
463 577 3 2 4
744 579 2 3 4
1406 579 2 1 2
618 580 8 4 18
1040 580 3 1 3
1081 581 1 3 3
539 582 1 1 1
578 582 20 28 334
679 583 14 9 56
650 583 413 256 22033
1021 583 1 1 1
1173 582 1 1 1
1259 583 1 1 1
122 584 1 1 1
517 584 2 2 2
716 585 1 1 1
1116 586 1 1 1
626 589 3 3 9
1056 588 1 1 1
659 592 4 2 6
1028 593 1 2 2
1032 592 2 1 2
535 594 1 1 1
664 595 3 12 15
711 597 4 5 13
1267 597 1 1 1
467 598 7 3 9
566 598 1 1 1
617 598 3 2 6
1085 598 2 2 2
1178 598 1 1 1
130 600 2 1 2
154 600 10 7 36
236 601 16 10 86
258 600 1 1 1
484 603 2 2 4
1056 602 3 5 10
568 606 1 1 1
1028 606 1 1 1
142 608 1 1 1
165 608 5 6 14
1553 609 1 1 1
648 610 1 1 1
1140 611 1 1 1
18 613 1 1 1
719 612 8 8 25
748 612 1 2 2
778 615 10 17 145
1403 614 3 1 3
1407 615 1 1 1
1655 614 2 1 2
72 617 1 1 1
558 617 25 45 418
1715 616 1 1 1
641 618 3 3 7
798 618 10 18 147
1106 619 8 1 8
398 621 6 4 13
421 621 1 2 2
1650 623 1 1 1
1829 623 1 1 1
255 624 1 1 1
532 624 1 1 1
1142 627 2 1 2
598 628 1 1 1
704 628 3 4 9
1079 629 2 1 2
74 630 2 1 2
281 631 17 20 208
476 631 4 7 11
614 631 3 2 3
514 636 1 1 1
47 638 14 8 78
523 638 1 1 1
1166 638 1 1 1
76 641 2 9 9
537 641 11 22 145
29 642 1 1 1
658 643 3 2 4
718 642 11 18 158
1355 642 1 1 1
166 644 1 1 1
1145 646 1 1 1
1812 647 7 3 14
167 649 1 1 1
190 648 27 31 475
345 648 47 43 779
911 648 20 49 680
74 650 1 1 1
1734 652 2 1 2
52 655 1 1 1
407 654 1 1 1
510 654 1 1 1
620 654 3 2 4
99 657 1 1 1
1708 656 1 1 1
1099 658 1 1 1
1349 658 1 1 1
109 660 1 1 1
663 660 2 1 2
1303 662 3 1 3
10 664 1 1 1
615 665 4 3 7
454 666 30 26 326
118 668 7 4 10
315 669 1 1 1
1693 669 2 1 2
139 671 3 2 5
115 673 1 1 1
623 674 17 22 241
1426 675 1 1 1
260 677 25 36 324
1150 678 1 1 1
1233 678 1 1 1
283 680 1 1 1
1072 681 2 2 3
1479 680 1 2 2
282 683 1 1 1
1684 682 1 1 1
505 685 20 24 119
1050 684 2 1 2
51 686 3 3 8
377 687 1 1 1
1242 686 1 1 1
1559 686 1 1 1
1700 686 2 1 2
301 689 1 1 1
1141 689 1 1 1
338 690 1 1 1
1117 690 2 1 2
1453 690 2 1 2
165 694 2 2 2
302 694 2 2 3
111 697 1 2 2
0 699 10 19 106
322 699 25 41 530
472 699 2 1 2
1642 699 1 1 1
612 706 1 4 4
1052 706 4 4 10
311 708 1 1 1
825 708 9 17 128
1197 708 2 1 2
1302 709 1 1 1
1439 709 1 1 1
206 711 1 1 1
610 711 2 3 4
1569 711 1 1 1
519 712 6 3 16
536 712 1 1 1
1058 713 2 4 7
558 716 1 1 1
414 719 15 8 45
632 718 2 1 2
1386 718 2 2 3
82 721 2 2 2
476 727 1 1 1
1812 727 2 1 2
140 731 15 22 199
371 730 14 16 147
1745 731 1 1 1
35 732 1 1 1
214 734 10 14 78
13 737 1 1 1
460 737 2 1 2
495 737 1 1 1
571 736 9 14 69
37 738 1 1 1
996 738 1 1 1
500 742 4 4 12
1171 742 1 1 1
1339 743 1 1 1
47 744 1 1 1
1337 745 1 1 1
1554 747 1 1 1
524 751 7 8 36
555 751 2 2 2
1423 751 1 1 1
439 752 1 1 1
98 754 2 1 2
659 754 1 1 1
933 755 38 28 324
1276 755 1 1 1
1605 757 2 3 3
319 759 1 1 1
351 759 10 7 59
518 759 1 1 1
419 760 1 1 1
671 760 3 5 8
1640 761 1 1 1
131 763 1 1 1
495 765 10 22 151
1033 764 1 1 1
1257 765 4 3 8
693 767 1 1 1
1569 767 1 1 1
1650 766 3 2 3
1688 767 2 2 3
57 769 1 1 1
362 769 5 4 13
1547 769 5 3 7
55 770 1 1 1
1318 771 1 1 1
445 773 1 1 1
66 774 8 6 26
664 774 2 1 2
1127 775 3 3 4
1325 774 4 3 8
1009 776 1 1 1
1457 776 1 1 1
1701 776 2 1 2
1778 776 1 1 1
544 779 1 1 1
1389 779 1 1 1
1589 780 1 1 1
65 782 1 1 1
1263 782 2 2 3
1290 783 1 1 1
1592 782 4 3 6
333 784 3 2 4
1784 784 2 1 2
445 787 12 19 169
1552 786 1 2 2
1509 789 1 1 1
651 790 1 1 1
708 790 4 4 12
1275 790 1 2 2
582 792 1 1 1
722 792 14 11 93
1046 793 12 21 200
1059 792 2 1 2
1224 792 1 1 1
1630 794 1 1 1
524 797 1 1 1
1255 797 1 1 1
1684 797 1 2 2
142 799 1 1 1
333 799 10 11 58
939 798 2 1 2
389 800 1 1 1
1257 800 2 1 2
532 803 1 2 2
1532 803 1 1 1
581 805 1 1 1
590 804 1 1 1
954 804 1 1 1
537 809 1 1 1
293 810 1 1 1
595 811 44 42 681
1745 811 1 1 1
406 812 1 1 1
429 813 1 2 2
681 812 25 36 531
1302 813 4 4 8
1497 812 6 8 22
1140 815 1 1 1
1747 814 1 1 1
0 817 2 2 3
91 816 5 4 12
757 817 1 1 1
1660 816 1 1 1
314 821 2 1 2
341 821 1 1 1
469 820 4 3 8
1558 820 1 1 1
1652 820 7 4 17
344 823 2 1 2
399 822 21 12 114
762 823 2 2 3
466 824 1 1 1
786 824 8 11 63
287 827 1 1 1
457 826 1 1 1
1065 826 1 1 1
1587 827 3 1 3
1305 828 1 1 1
1360 831 1 1 1
1467 830 2 1 2
1483 830 1 1 1
1771 831 1 1 1
66 833 3 2 5
175 835 9 10 67
194 835 1 1 1
376 836 2 2 2
500 837 13 19 146
636 836 2 1 2
1174 837 1 1 1
198 839 1 1 1
1131 839 2 1 2
766 842 1 1 1
1324 843 1 2 2
770 845 11 26 213
1388 844 1 1 1
1576 844 1 1 1
1343 846 4 1 4
359 849 22 15 167
557 849 6 7 18
970 849 1 2 2
1096 849 1 1 1
313 851 1 1 1
315 853 3 2 6
567 852 19 35 406
1132 853 1 1 1
1436 853 1 1 1
1513 853 1 1 1
1528 853 1 1 1
611 854 1 1 1
1428 856 1 1 1
726 858 1 1 1
454 860 13 10 85
333 863 1 1 1
540 862 3 8 10
1230 863 2 2 3
620 864 6 6 17
791 865 1 1 1
913 864 19 48 504
1489 864 1 1 1
1493 865 2 2 3
406 867 5 3 10
499 866 10 11 87
639 866 1 1 1
972 866 3 4 8
1085 867 1 1 1
1119 867 4 3 9
1273 867 1 1 1
1554 867 1 1 1
1787 867 1 1 1
675 868 6 9 40
1299 869 1 1 1
641 870 1 1 1
1788 870 2 1 2
389 872 2 2 3
418 873 5 3 9
545 872 2 1 2
812 875 7 7 37
1281 875 5 6 15
1162 876 3 1 3
1833 877 1 1 1
1419 879 1 1 1
485 881 4 8 19
648 881 1 1 1
1355 880 1 1 1
1635 881 7 4 12
988 882 8 6 26
267 885 3 2 3
1168 885 1 1 1
1471 885 1 1 1
93 886 1 1 1
343 887 2 2 4
943 887 31 64 841
210 889 1 1 1
411 889 17 33 389
654 888 20 21 209
801 888 1 1 1
840 888 15 46 395
1050 888 5 10 27
402 891 3 2 4
1120 891 1 1 1
693 892 1 1 1
1040 893 1 1 1
569 894 1 1 1
794 895 6 14 49
1138 895 1 1 1
1388 894 1 1 1
713 897 32 31 469
1389 897 1 1 1
602 898 2 1 2
1263 898 1 2 2
483 900 2 1 2
571 901 1 1 1
635 901 1 1 1
1247 901 1 1 1
1167 902 1 1 1
1266 902 1 1 1
1436 902 1 3 3
1775 903 1 1 1
754 905 10 20 141
781 906 5 7 13
1091 906 4 4 13
1391 906 4 2 7
1422 906 1 1 1
319 910 1 1 1
1450 910 1 1 1
1491 911 10 5 26
1739 910 1 1 1
309 912 3 3 7
1119 913 1 1 1
1464 912 5 5 20
8 914 1 1 1
993 914 1 1 1
292 916 15 10 83
1441 916 1 1 1
588 919 1 1 1
918 920 1 1 1
1440 920 1 1 1
1472 920 2 1 2
803 922 7 12 57
1267 922 1 1 1
523 924 2 2 3
1508 924 1 1 1
473 927 4 3 9
480 931 17 23 247
615 931 1 1 1
696 935 6 8 25
403 937 1 1 1
1498 936 1 1 1
1285 939 4 4 10
1003 941 1 1 1
1496 940 1 1 1
434 943 11 17 110
1069 942 1 1 1
300 945 1 1 1
645 945 1 1 1
1100 944 2 3 3
1515 944 1 1 1
124 946 2 1 2
1166 947 1 1 1
739 949 11 5 21
1260 949 1 1 1
1265 951 2 1 2
923 952 14 20 143
1211 953 1 2 2
1486 952 1 1 1
128 954 1 1 1
634 955 1 1 1
839 955 5 6 23
416 956 3 2 4
1397 957 1 1 1
1586 957 3 3 6
579 958 11 20 131
545 961 6 4 12
741 960 3 3 7
175 962 1 1 1
401 963 1 2 2
807 963 21 50 569
1346 963 1 1 1
404 965 2 1 2
533 965 9 14 61
1016 965 9 4 22
1099 965 1 1 1
733 967 1 1 1
1592 966 3 5 9
231 968 7 1 7
317 968 3 3 6
408 968 2 2 3
887 969 1 1 1
1257 968 1 1 1
1345 968 1 2 2
1445 968 1 2 2
911 972 1 6 6
955 972 28 79 950
514 974 1 1 1
770 976 4 5 17
837 977 7 6 23
48 979 2 1 2
1143 978 1 1 1
596 981 2 2 3
1137 982 3 4 6
1597 983 2 1 2
1640 983 5 3 12
347 984 2 2 3
370 985 4 3 6
411 984 1 1 1
659 988 1 1 1
741 989 2 1 2
353 991 10 9 48
900 990 5 5 21
9 994 3 1 3
402 995 2 2 2
852 994 1 1 1
887 995 6 5 18
1075 995 1 1 1
1616 995 1 1 1
171 997 2 1 2
734 996 1 3 3
46 998 2 2 2
1231 998 1 1 1
580 1000 3 1 3
1144 1000 2 1 2
1153 1000 9 5 23
1184 1001 2 1 2
1649 1001 2 2 2
111 1002 1 2 2
1462 1002 1 1 1
306 1004 1 1 1
589 1004 1 1 1
1123 1005 1 1 1
309 1006 2 2 4
631 1007 2 2 3
647 1006 4 4 10
1419 1006 1 1 1
83 1009 4 3 7
296 1008 2 1 2
695 1009 2 1 2
1066 1009 1 2 2
1393 1008 2 4 5
231 1010 1 1 1
1213 1011 1 1 1
0 1012 5 1 5
167 1015 6 6 15
345 1015 1 1 1
1050 1014 11 15 126
1702 1014 3 2 4
603 1016 1 1 1
750 1017 19 16 161
367 1018 1 1 1
660 1018 1 1 1
1331 1018 2 1 2
1443 1019 2 2 3
1446 1018 1 1 1
674 1020 8 10 43
122 1022 1 1 1
985 1022 1 1 1
0 1024 8 3 17
50 1024 1 1 1
567 1024 5 6 21
613 1024 1 1 1
1082 1024 1 1 1
273 1026 1 1 1
875 1026 11 19 113
1158 1027 3 2 5
1350 1026 4 3 7
274 1028 3 2 5
115 1030 2 2 3
203 1031 5 3 6
454 1032 1 1 1
1048 1032 1 1 1
934 1034 1 3 3
1225 1035 2 2 3
246 1036 1 1 1
473 1039 1 1 1
832 1039 1 2 2
1286 1038 1 1 1
735 1041 8 11 68
8 1042 5 6 18
208 1042 3 3 6
467 1043 1 2 2
1736 1042 7 2 10
178 1044 2 5 6
64 1047 3 3 5
234 1047 1 1 1
552 1047 4 5 18
625 1046 5 5 25
1436 1046 2 2 2
507 1049 9 8 63
1050 1048 1 2 2
82 1051 2 1 2
485 1051 10 13 53
631 1051 1 1 1
714 1053 4 5 13
838 1052 2 2 3
547 1054 2 3 6
657 1055 1 1 1
755 1055 1 1 1
42 1056 1 1 1
232 1057 1 1 1
997 1057 1 1 1
231 1059 1 1 1
397 1058 1 2 2
601 1058 19 11 75
870 1059 14 34 208
1431 1058 2 2 3
135 1061 1 1 1
207 1060 3 2 4
393 1061 2 2 2
544 1060 3 3 6
785 1061 8 9 58
1372 1061 5 5 18
194 1062 1 1 1
816 1062 1 3 3
1236 1062 1 1 1
259 1064 1 1 1
1662 1065 1 1 1
130 1067 3 8 9
324 1066 1 1 1
720 1067 1 1 1
823 1066 7 17 65
1008 1066 1 1 1
148 1069 5 5 11
313 1068 5 5 15
433 1069 1 1 1
534 1069 1 2 2
810 1069 1 1 1
1059 1069 1 1 1
1484 1069 1 2 2
21 1072 13 4 41
110 1072 6 2 9
1018 1073 1 2 2
1560 1072 1 1 1
1354 1074 1 1 1
269 1076 2 2 4
1152 1076 1 1 1
202 1079 1 1 1
244 1079 7 9 34
509 1079 15 23 226
606 1079 8 17 76
968 1078 12 14 105
38 1081 1 1 1
839 1081 4 4 9
912 1083 12 22 67
1061 1082 4 6 14
1156 1083 1 1 1
298 1085 1 1 1
669 1085 9 14 75
721 1085 2 2 2
991 1085 1 1 1
314 1087 1 1 1
623 1087 1 1 1
760 1086 2 2 3
1178 1086 2 3 3
1349 1087 2 2 2
1394 1086 2 1 2
187 1088 1 1 1
709 1089 2 2 3
1258 1088 1 1 1
1397 1088 1 1 1
393 1091 4 5 10
560 1090 1 1 1
805 1090 7 10 31
1450 1091 2 2 2
1733 1093 1 1 1
259 1095 2 1 2
174 1097 1 1 1
184 1097 1 1 1
205 1097 1 1 1
427 1097 1 1 1
574 1097 11 9 37
309 1099 2 1 2
1053 1100 14 5 37
423 1102 2 1 2
499 1102 5 12 42
1041 1103 2 2 3
185 1104 1 1 1
524 1104 1 1 1
146 1106 1 1 1
416 1107 1 1 1
456 1106 1 1 1
796 1107 1 1 1
1441 1107 1 1 1
482 1109 1 1 1
551 1109 2 1 2
557 1108 2 1 2
758 1109 1 2 2
962 1108 11 11 60
1537 1109 1 1 1
70 1112 2 2 2
66 1114 1 1 1
120 1115 6 9 28
602 1114 8 12 76
1075 1115 2 1 2
517 1117 1 1 1
783 1116 12 10 41
1242 1118 1 1 1
1333 1118 1 1 1
1400 1119 1 1 1
579 1120 1 1 1
886 1120 1 1 1
1379 1120 1 1 1
1399 1121 1 1 1
421 1123 1 1 1
1020 1123 3 3 6
1568 1122 2 1 2
610 1124 21 13 89
1110 1127 1 1 1
912 1131 24 10 67
1019 1132 1 1 1
1086 1133 2 1 2
1235 1133 1 1 1
653 1134 1 1 1
1226 1134 1 1 1
697 1137 2 3 4
1304 1137 2 2 3
0 1138 7 8 49
113 1139 2 2 3
851 1138 1 1 1
553 1141 5 11 40
1060 1141 1 1 1
1563 1140 2 2 3
537 1143 5 6 20
760 1143 1 1 1
1211 1142 2 2 3
656 1145 6 8 31
689 1144 5 7 27
779 1144 1 1 1
978 1145 1 1 1
1257 1145 1 1 1
1344 1145 6 3 7
12 1148 1 1 1
390 1149 1 1 1
630 1148 1 1 1
887 1148 1 1 1
889 1149 1 1 1
1323 1149 1 1 1
1649 1149 1 1 1
296 1151 1 1 1
743 1150 1 1 1
1107 1150 1 1 1
346 1153 2 2 3
1557 1153 1 1 1
80 1155 1 1 1
1038 1154 1 2 2
39 1156 7 6 21
956 1156 1 1 1
1112 1157 1 1 1
1579 1157 1 2 2
78 1158 1 2 2
1424 1158 1 2 2
402 1160 1 1 1
1273 1160 1 1 1
179 1162 1 1 1
748 1162 3 4 9
796 1163 1 1 1
177 1164 1 1 1
452 1164 5 5 7
271 1167 2 2 2
347 1166 4 5 10
594 1166 19 9 63
688 1167 1 1 1
715 1167 2 2 2
785 1166 2 2 4
886 1167 3 4 10
974 1166 1 1 1
1234 1167 2 8 9
950 1169 2 2 3
944 1171 1 1 1
1112 1171 1 1 1
1296 1170 3 9 14
36 1173 1 1 1
365 1173 2 3 5
448 1173 4 3 9
792 1172 4 3 11
1594 1173 1 1 1
281 1175 5 6 13
823 1174 3 2 5
1062 1175 1 1 1
677 1176 1 1 1
761 1176 2 3 5
814 1177 2 4 7
1092 1176 1 1 1
1567 1177 1 1 1
591 1179 3 3 7
698 1178 1 1 1
128 1181 6 3 13
217 1180 3 3 3
727 1181 1 1 1
1143 1181 4 3 7
476 1183 9 5 17
1231 1183 1 2 2
1831 1183 1 1 1
463 1185 1 1 1
1159 1184 1 1 1
1237 1185 1 1 1
1444 1184 2 1 2
1111 1187 1 1 1
1550 1188 1 1 1
440 1190 1 1 1
1088 1190 1 1 1
1379 1191 1 1 1
442 1193 1 2 2
727 1193 2 2 3
747 1192 3 3 7
1136 1193 1 1 1
284 1194 4 3 6
621 1194 4 15 24
1126 1194 1 1 1
1304 1195 1 1 1
174 1196 2 1 2
296 1197 1 2 2
1203 1196 1 1 1
447 1198 6 4 15
201 1200 6 4 8
756 1201 2 2 4
860 1201 1 1 1
984 1200 3 2 3
1022 1200 2 1 2
67 1202 2 3 3
847 1202 1 1 1
125 1204 2 2 3
343 1205 2 2 4
1054 1205 1 2 2
1153 1204 1 1 1
1258 1205 1 1 1
313 1207 2 2 4
577 1207 1 1 1
989 1207 1 1 1
1244 1206 1 1 1
1011 1208 1 1 1
1524 1209 2 2 2
315 1211 5 4 12
627 1210 2 2 4
766 1211 1 1 1
1003 1210 4 9 19
1108 1211 2 1 2
140 1213 2 3 4
845 1212 1 1 1
894 1212 1 1 1
1022 1213 2 1 2
1148 1213 2 1 2
800 1215 1 1 1
1545 1214 1 1 1
77 1217 1 1 1
877 1217 1 1 1
309 1218 1 1 1
633 1218 2 3 6
959 1218 1 2 2
21 1221 1 1 1
650 1221 1 1 1
960 1221 2 2 2
1295 1221 5 7 26
716 1222 1 1 1
1121 1223 2 5 10
666 1226 1 2 2
975 1226 10 2 20
1446 1226 2 2 4
