0 0 1840 1228 1811802
264 0 12 21 80
304 0 15 17 88
538 0 23 12 146
571 0 86 54 2582
661 0 18 10 137
725 0 16 27 258
742 0 570 490 92809
1320 0 7 47 203
1334 0 34 69 1464
1408 0 6 11 51
1728 0 6 7 17
1764 0 1 4 4
446 5 5 11 25
530 9 8 10 64
1414 14 6 8 39
1751 14 89 249 5829
474 18 45 139 1538
1595 23 24 12 163
1538 26 23 10 85
1574 27 1 1 1
1565 30 1 1 1
686 33 11 40 151
1379 37 5 7 26
1436 36 5 6 21
1509 40 18 10 78
1666 40 10 10 76
1768 40 4 17 35
528 42 3 5 10
1720 43 14 13 128
1431 48 4 6 19
725 53 5 7 28
1387 52 9 7 37
1279 55 98 214 8711
1611 56 42 53 779
1491 58 119 240 8969
526 61 1 1 1
1376 62 6 7 27
520 68 8 17 48
277 75 2 4 6
715 79 1 1 1
607 84 49 115 1547
1463 84 24 29 517
528 87 59 71 1667
1380 87 1 2 2
21 96 118 103 3592
507 96 17 44 295
1618 96 31 53 1174
728 100 4 6 20
894 104 6 2 8
1757 105 9 45 159
707 107 5 13 37
907 111 3 1 3
928 110 2 1 2
913 112 1 1 1
874 117 18 27 204
802 118 23 5 34
902 119 1 1 1
674 123 7 9 55
923 125 1 2 2
1812 127 11 7 42
701 132 1 2 2
618 134 4 6 18
710 137 4 5 15
829 136 1 1 1
835 139 1 1 1
663 140 11 13 95
721 142 4 7 19
1607 144 2 10 15
855 146 24 17 231
360 148 10 13 101
1084 148 1 2 2
505 155 45 18 266
921 155 1 1 1
789 156 1 1 1
934 157 2 2 4
817 158 14 11 113
1393 159 4 5 14
932 160 1 1 1
1606 160 1 9 9
852 167 1 1 1
948 167 1 1 1
573 168 6 17 39
793 171 1 1 1
543 172 4 4 13
668 172 17 12 78
777 173 9 5 30
328 175 44 67 1566
832 175 5 14 20
863 174 1 1 1
1366 174 4 4 15
764 178 10 15 119
870 183 2 1 2
1604 183 1 2 2
798 185 2 1 2
405 187 18 16 194
789 186 3 2 3
805 187 7 8 42
653 189 7 7 37
873 189 3 3 5
927 189 1 1 1
782 190 4 3 6
837 190 1 2 2
929 190 1 1 1
681 194 13 22 216
838 197 1 2 2
859 197 2 11 12
945 197 1 2 2
875 199 1 1 1
789 200 7 5 22
870 201 5 15 29
1665 201 10 9 64
659 203 4 3 8
723 202 4 6 18
887 203 1 3 3
1385 202 5 6 16
550 204 9 11 77
929 207 1 2 2
732 208 8 12 79
783 209 6 12 60
1410 211 4 4 11
1602 210 1 1 1
801 212 1 1 1
817 213 6 9 46
378 217 59 60 1050
840 216 1 2 2
1598 217 4 29 34
868 219 1 1 1
1749 223 3 14 23
856 224 12 5 55
938 225 1 1 1
1392 226 5 4 13
840 230 2 7 7
878 232 1 1 1
592 235 5 5 20
751 235 8 46 128
1380 235 3 4 10
441 237 5 5 18
565 236 6 8 37
645 236 8 12 79
1431 245 21 37 438
915 252 1 1 1
843 255 2 14 17
793 259 13 14 120
915 265 1 1 1
1360 265 6 5 17
107 267 43 42 668
1242 267 5 5 18
553 268 4 5 15
1295 270 3 5 13
847 272 1 1 1
942 273 2 4 7
808 277 15 17 121
832 277 21 24 287
993 279 3 3 7
1341 281 3 4 9
747 282 4 10 34
1299 282 18 18 235
1806 283 34 58 1438
1281 286 4 10 23
500 288 6 6 28
905 289 6 8 40
1256 288 5 6 23
708 293 8 11 73
1355 297 4 4 13
1239 300 1 1 1
416 302 7 7 32
472 303 23 31 373
1087 303 3 4 11
1295 302 4 5 14
1325 302 3 19 33
1280 304 1 3 3
1362 304 5 6 26
1279 310 1 3 3
1365 311 24 27 448
577 315 6 7 29
667 317 1 1 1
671 316 1 1 1
1280 318 1 4 4
753 321 11 18 163
816 323 6 10 45
1589 322 9 8 49
551 328 4 5 15
1624 328 9 7 39
1291 333 4 4 15
1268 334 4 4 13
949 336 4 2 5
1247 336 4 5 15
1297 337 4 4 12
523 338 4 4 10
913 343 1 1 1
1283 344 3 3 8
1602 344 27 28 501
916 346 1 1 1
1360 349 3 2 5
918 351 2 2 2
1301 350 3 3 7
1464 351 18 24 343
459 356 8 8 48
776 357 7 9 48
925 356 2 2 2
1271 356 3 2 5
962 364 1 1 1
933 369 1 1 1
1394 368 2 3 4
407 370 19 9 118
530 370 4 4 13
676 370 5 6 21
705 370 9 11 80
915 370 1 1 1
850 375 1 3 3
1415 378 3 7 16
935 380 1 1 1
749 384 6 7 36
1321 388 11 4 25
852 391 1 1 1
1790 391 9 30 131
575 392 3 3 8
896 393 3 5 13
788 394 82 239 7536
921 395 32 29 405
352 399 7 6 36
541 398 9 10 70
868 398 5 6 20
1011 399 16 33 198
1262 403 2 3 4
1423 403 3 3 8
141 405 1 1 1
144 406 1 1 1
636 407 8 10 66
993 409 4 5 15
828 410 1 1 1
1273 411 3 5 13
782 415 3 2 4
970 418 5 7 24
821 421 1 2 2
1127 421 3 4 10
1451 426 15 13 127
558 430 11 6 36
587 430 13 9 64
1242 431 42 31 513
1340 431 3 2 5
956 433 15 12 101
610 435 5 5 19
773 434 2 3 5
487 441 7 6 30
678 441 8 9 53
130 442 26 45 329
793 444 18 15 100
866 444 18 27 205
891 447 13 14 111
1375 447 19 19 232
376 449 8 7 46
1693 449 18 15 200
535 450 7 14 69
1499 451 25 24 473
1027 455 1 1 1
1435 455 11 12 101
1602 455 9 8 56
1207 458 2 2 4
763 460 13 15 152
438 463 4 4 11
1027 468 2 5 7
1347 468 12 21 140
1439 475 13 17 159
1008 480 3 3 5
1035 481 3 3 7
1761 483 21 18 268
621 484 6 8 37
904 485 17 17 96
1260 488 4 4 14
679 490 10 9 75
1222 490 2 2 3
862 492 4 8 18
487 494 15 17 131
1359 495 2 2 4
588 497 4 5 17
1054 496 11 6 50
1323 496 2 2 4
1085 499 8 17 48
869 502 1 1 1
944 502 9 29 88
1219 502 1 1 1
1249 505 2 2 3
1390 505 12 12 107
415 509 5 5 20
1042 509 8 8 50
659 512 11 11 72
1340 513 2 2 4
405 514 7 7 40
859 515 6 8 38
1010 515 17 24 287
1101 515 10 11 86
886 519 27 29 393
502 523 4 3 11
961 525 4 4 14
1337 525 3 2 5
331 527 8 7 46
301 529 8 6 38
1148 530 2 3 5
1297 531 4 3 11
1415 531 17 17 194
1125 532 6 8 40
647 534 5 5 17
863 534 1 1 1
1051 535 2 2 4
1097 537 3 4 11
484 538 10 11 89
862 539 1 1 1
1333 541 13 16 126
1025 543 340 126 22317
863 547 1 1 1
1029 547 3 3 9
1252 547 2 2 4
552 548 12 10 88
968 548 5 6 23
690 552 5 6 22
1548 555 59 44 1636
870 558 1 2 2
705 560 6 7 36
851 565 87 206 7702
934 564 3 14 19
659 570 5 5 20
755 571 4 5 17
879 570 5 4 14
620 573 8 13 74
987 573 1 2 2
794 577 1 2 2
741 581 5 7 23
1484 583 3 4 10
408 588 5 4 15
1386 588 3 3 7
1620 589 8 6 39
746 590 6 7 35
954 591 22 16 176
1029 591 1 1 1
1413 590 5 2 10
1540 590 8 6 38
1725 590 91 57 1964
302 595 9 16 87
683 594 5 5 21
737 597 4 3 6
866 596 1 1 1
608 601 6 6 27
661 600 5 5 20
714 601 20 16 120
882 600 3 6 16
806 602 1 1 1
780 604 5 5 21
1386 604 2 2 4
805 606 1 1 1
1423 608 11 9 27
1392 612 4 4 12
497 615 4 3 10
1000 615 4 7 12
1390 617 1 1 1
881 621 2 8 11
1359 621 12 3 18
556 623 159 164 6182
1554 622 9 7 44
1831 622 4 3 8
657 625 4 4 13
1289 626 2 2 4
1443 629 2 1 2
998 631 16 12 131
717 632 4 6 20
741 633 4 5 16
1522 637 5 4 13
409 638 5 3 10
824 638 13 22 225
1594 639 28 25 555
1203 641 32 41 819
774 643 3 4 8
970 642 3 3 7
1381 642 1 2 2
1393 643 3 3 8
1146 648 6 3 13
1189 650 2 1 2
1020 654 3 3 8
1072 657 2 1 2
1117 657 1 2 2
543 659 7 7 40
775 661 3 4 10
1176 661 2 2 4
1342 660 6 3 13
1532 661 1 1 1
1153 663 3 3 9
1091 664 1 1 1
1265 665 2 2 3
1096 666 2 2 4
1355 667 4 2 7
1010 669 2 2 4
1098 668 15 20 170
564 671 1 1 1
1257 671 3 5 8
1381 670 1 1 1
1038 672 4 6 9
1775 672 33 37 737
1382 675 14 14 167
830 676 1 1 1
1275 676 3 2 5
1081 681 4 4 14
1306 681 6 3 10
530 682 1 1 1
119 685 12 8 75
987 684 6 9 45
1131 684 8 3 12
1085 687 1 1 1
1454 686 2 2 4
737 689 4 5 18
1246 688 2 2 4
1449 689 1 1 1
539 690 2 2 4
1171 691 2 2 4
1264 690 2 2 3
757 693 5 6 23
1149 692 4 3 10
1423 692 6 4 16
477 694 1 1 1
1045 695 15 18 200
1163 695 4 3 10
1191 694 21 11 106
1397 694 1 1 1
1290 696 11 12 88
1757 697 1 2 2
445 698 5 5 17
545 698 3 2 5
1033 699 2 2 4
1237 699 3 2 5
1544 699 35 28 558
543 703 2 1 2
1673 703 9 6 40
156 707 14 10 94
360 706 7 4 21
410 706 2 1 2
200 708 16 5 45
1492 708 3 2 5
1533 709 2 2 4
967 710 8 8 47
1287 710 1 1 1
402 713 5 2 7
670 713 1 1 1
695 713 7 1 7
1168 712 30 18 257
1089 715 4 3 8
1166 714 1 2 2
1405 714 6 6 28
723 716 2 2 3
1219 717 3 3 7
1253 717 2 3 5
500 719 2 2 3
726 719 4 3 10
1113 719 2 3 4
1450 721 1 1 1
1638 721 2 1 2
153 723 1 1 1
206 723 1 1 1
437 722 3 2 4
1081 722 1 1 1
1124 723 1 1 1
1365 723 2 2 3
1461 723 24 26 432
1826 722 1 1 1
843 724 1 4 4
1140 725 25 25 187
1263 725 3 3 6
298 726 7 6 31
996 727 5 6 25
1072 726 2 3 6
1726 729 3 2 5
407 730 1 1 1
832 730 4 5 18
934 730 2 2 3
1127 730 3 2 5
143 732 1 1 1
250 733 1 1 1
583 732 1 1 1
677 732 1 1 1
1749 732 1 1 1
393 735 3 2 5
418 735 48 29 344
815 735 3 4 10
1091 734 3 3 7
1058 737 14 10 52
1083 737 7 4 16
1167 737 3 1 3
171 739 9 3 20
721 738 1 1 1
777 738 3 3 8
1074 738 2 1 2
1175 739 12 11 79
322 741 9 8 52
738 741 4 5 16
986 741 5 11 20
1112 741 3 1 3
1229 741 6 2 11
1248 740 1 1 1
483 743 2 2 4
1107 743 1 1 1
1292 743 3 6 12
1432 742 1 1 1
1642 743 1 1 1
1715 743 1 1 1
502 744 26 29 185
1806 744 1 1 1
351 747 1 1 1
386 747 3 3 8
1200 746 2 2 4
1809 747 3 2 5
186 748 3 2 6
955 749 5 5 19
1097 748 1 2 2
1246 748 1 1 1
1262 749 2 2 4
150 750 2 2 3
470 750 3 3 6
689 750 1 1 1
0 751 1162 477 202674
1081 751 3 8 16
1105 750 2 2 4
1330 750 5 4 14
1492 751 1 1 1
1640 751 1 1 1
1689 750 1 1 1
203 752 2 2 3
219 752 4 4 10
343 753 2 2 4
491 752 1 1 1
702 752 5 9 14
1067 753 4 9 26
1260 753 2 2 4
196 754 1 1 1
411 755 5 3 14
981 755 5 6 23
1229 754 2 2 4
1650 755 2 2 3
1778 755 1 1 1
1827 754 2 1 2
56 756 1 1 1
301 756 6 5 25
375 757 1 1 1
525 756 2 2 3
1147 756 18 6 50
1198 759 3 3 7
1241 758 4 2 6
1730 759 2 1 2
269 760 2 1 2
320 761 2 2 3
449 760 2 2 4
544 760 1 2 2
1307 760 1 1 1
1343 760 2 2 2
1359 761 3 2 6
529 763 7 3 15
920 762 11 19 162
1075 762 4 2 8
1106 763 3 2 4
1145 762 2 1 2
419 764 5 2 8
1120 765 3 1 3
356 767 5 3 14
377 766 6 2 9
392 767 2 4 6
1185 766 2 2 3
1624 766 2 1 2
333 768 2 1 2
1115 769 3 2 5
1165 768 9 2 18
1373 768 1 1 1
337 770 1 1 1
375 771 1 1 1
491 770 2 2 3
849 770 3 5 11
1016 770 3 3 7
1216 771 3 3 8
1278 770 13 4 18
1420 770 1 1 1
1597 770 2 1 2
313 773 5 2 10
389 773 3 2 6
761 773 6 7 29
1268 773 2 2 3
1533 772 1 2 2
1659 772 1 1 1
1699 772 4 2 8
1795 772 3 2 5
209 774 3 1 3
411 774 6 4 19
428 775 2 2 3
902 774 1 1 1
1020 775 3 4 11
289 776 3 2 6
490 776 1 2 2
507 776 1 2 2
1327 777 31 31 564
1690 777 2 2 4
501 779 1 2 2
691 778 9 13 84
1150 778 2 5 6
1201 778 2 2 3
1362 778 2 2 3
1406 778 3 2 6
153 781 21 6 64
234 781 5 3 11
657 780 4 5 9
1264 780 3 2 5
1505 780 1 1 1
1544 780 1 1 1
276 782 9 19 54
342 782 3 3 8
517 783 2 3 5
859 783 2 1 2
1158 782 22 9 99
1194 782 3 4 6
1230 783 4 12 23
1282 782 2 1 2
1365 782 6 5 15
1400 783 1 2 2
1484 782 6 14 30
1560 782 4 3 9
1688 782 2 1 2
1716 782 1 2 2
1767 783 3 2 6
257 785 2 2 4
411 784 48 22 230
857 784 1 1 1
1557 785 1 1 1
1743 785 4 4 10
1776 785 3 2 5
653 787 1 3 3
1207 786 9 4 17
1499 787 1 1 1
1525 786 1 1 1
317 789 3 2 4
329 788 24 14 72
1190 788 42 33 330
1243 789 4 6 11
1438 789 4 3 9
262 791 3 2 5
519 790 5 5 13
1296 790 2 2 3
1388 791 1 2 2
1721 790 2 2 4
187 792 1 1 1
242 792 1 1 1
1448 793 1 1 1
1470 793 4 4 11
226 795 2 2 3
363 795 2 1 2
529 794 2 4 8
1505 794 5 14 45
396 796 5 3 11
466 797 1 2 2
1256 797 1 2 2
1389 797 4 8 24
1636 796 3 6 12
1164 799 26 25 155
1234 798 2 2 4
1465 798 2 2 4
1545 798 1 1 1
233 800 4 2 8
268 800 2 3 5
383 800 2 7 8
797 801 9 5 19
1284 800 5 4 10
1415 801 1 1 1
1476 800 16 22 210
1540 800 1 2 2
1765 800 1 1 1
86 803 2 2 3
294 803 33 19 144
333 802 44 25 359
648 803 7 8 46
1566 803 2 2 3
511 805 1 1 1
838 805 4 5 18
1407 804 3 2 5
91 807 1 1 1
592 807 7 6 29
681 807 7 7 36
728 806 2 3 6
1316 807 4 3 11
1675 807 3 3 7
402 809 2 1 2
519 809 3 3 6
669 809 3 3 8
955 808 7 9 49
1439 808 3 3 5
1575 809 3 3 7
1615 809 1 1 1
282 811 1 2 2
415 811 25 17 118
1550 810 1 1 1
58 813 2 1 2
278 813 1 1 1
450 813 1 2 2
1225 813 22 29 280
1272 813 10 2 12
1713 812 3 2 6
1820 813 1 1 1
262 815 1 1 1
325 815 4 2 8
528 814 1 2 2
788 814 12 14 127
130 816 3 2 5
461 816 2 2 3
876 816 14 16 65
1189 816 14 15 84
1326 817 1 1 1
1328 816 40 28 590
1460 817 2 3 5
1605 816 1 1 1
141 818 2 2 4
404 818 1 1 1
1298 819 11 10 65
1425 818 6 13 47
0 820 5 1 5
67 820 1 1 1
97 821 2 2 4
446 820 4 2 7
1260 821 2 1 2
1285 820 1 1 1
1774 821 2 2 3
165 822 3 2 6
1456 823 3 2 6
214 825 2 2 2
382 824 5 3 10
1215 825 2 1 2
1258 825 15 13 35
1706 825 1 1 1
1717 824 2 1 2
997 827 4 4 11
1287 826 1 1 1
1528 827 58 49 1757
1630 826 8 4 23
1742 827 1 2 2
140 829 2 3 5
464 828 3 1 3
469 829 2 2 3
690 828 7 10 50
1187 828 1 1 1
1373 828 2 1 2
1386 828 3 3 7
1442 829 39 33 805
1714 828 2 2 4
36 831 2 1 2
311 830 1 1 1
340 831 2 1 2
474 831 2 1 2
73 832 2 3 5
437 832 21 17 117
1382 833 1 1 1
1415 832 1 1 1
255 835 1 1 1
317 834 1 1 1
320 835 7 13 33
1213 834 3 2 5
1413 834 2 1 2
250 836 1 1 1
360 837 2 1 2
825 837 4 4 13
856 836 5 6 27
1249 836 3 3 8
1284 836 1 1 1
1323 836 1 2 2
1488 837 2 2 3
1781 836 3 3 6
190 838 6 7 29
268 838 2 3 5
1164 838 13 12 54
1192 838 3 10 16
284 840 3 2 5
336 840 2 2 3
1202 841 11 12 32
1306 841 1 1 1
1621 841 2 2 3
348 843 9 4 23
1394 843 3 2 5
1747 843 10 4 19
0 844 7 13 57
199 845 2 2 4
213 844 1 1 1
276 844 4 2 8
678 844 4 3 11
774 845 3 4 9
1099 844 32 30 369
1303 844 2 2 3
304 846 1 2 2
430 846 2 1 2
1292 846 1 2 2
1327 846 13 11 25
1418 847 2 1 2
1688 847 3 3 7
264 848 3 2 6
172 851 2 1 2
438 850 5 5 15
1779 850 4 11 17
119 853 4 2 5
159 852 4 2 6
202 853 1 1 1
877 853 10 11 93
1283 852 3 3 7
1375 852 2 3 4
85 855 5 3 10
108 854 2 1 2
340 855 6 2 11
360 854 11 12 89
1131 854 8 4 25
1215 854 1 2 2
1247 854 1 1 1
1426 855 3 2 5
1720 855 1 1 1
110 857 2 2 3
175 857 3 2 5
312 856 3 3 6
1255 857 20 18 187
1645 857 1 2 2
131 859 5 12 25
1087 858 2 3 6
1393 859 2 8 10
1482 858 4 2 8
1654 859 4 2 6
1734 859 3 1 3
1319 861 2 2 3
1347 861 3 3 7
1760 860 2 2 3
12 863 7 2 12
59 862 2 2 3
264 863 2 2 3
345 863 6 8 21
1203 862 4 12 15
238 864 1 2 2
1440 864 2 2 4
1474 865 2 1 2
1483 865 7 12 29
71 866 1 1 1
88 866 6 3 15
187 866 2 1 2
371 867 6 5 20
54 869 4 3 9
445 869 2 2 4
872 868 2 2 3
1170 868 3 2 5
108 871 8 3 21
302 871 1 1 1
1165 871 1 1 1
1778 871 2 2 3
49 873 2 2 2
143 873 2 10 12
329 872 3 2 4
1133 872 27 8 77
1337 873 3 2 5
1414 872 1 1 1
1591 873 1 2 2
217 875 2 2 4
252 874 3 3 5
1089 874 9 3 12
1403 875 2 1 2
119 877 8 3 23
353 876 3 3 7
1084 876 1 1 1
1458 877 4 4 12
106 879 1 1 1
213 879 1 1 1
314 879 2 9 11
1216 878 21 24 169
1518 879 1 5 5
1735 879 22 21 315
1783 879 3 1 3
0 880 2 2 3
284 880 20 13 95
1093 881 48 28 364
1308 880 2 1 2
1377 881 1 1 1
1481 880 1 1 1
1833 881 1 1 1
127 883 6 8 19
1177 882 20 29 155
1816 883 1 1 1
89 884 7 13 46
194 885 3 4 10
365 885 1 2 2
1158 885 2 2 3
1318 884 2 1 2
1592 884 1 1 1
243 886 29 19 172
377 887 2 1 2
1407 887 2 2 3
1834 886 1 1 1
1146 888 2 2 4
1202 888 4 2 6
1266 889 26 34 405
1351 888 1 1 1
1768 889 7 3 17
28 891 2 2 3
207 890 14 15 56
237 891 1 1 1
1393 891 1 1 1
1533 890 1 1 1
1804 891 1 1 1
0 892 5 6 21
0 893 49 63 742
78 892 2 1 2
120 893 7 6 20
1322 893 3 1 3
1363 893 3 4 7
1590 893 2 2 3
20 895 3 1 3
64 895 4 2 6
144 895 1 1 1
229 894 8 8 30
1312 894 4 3 10
1683 895 2 1 2
14 897 3 2 4
154 896 17 10 50
1084 897 3 2 6
1155 897 12 8 54
1325 897 3 3 7
1538 896 3 3 7
186 898 12 3 20
1247 899 3 3 4
1484 898 2 1 2
1207 901 2 2 4
1357 901 2 1 2
1663 900 1 1 1
43 902 8 3 22
78 902 31 41 410
293 903 1 1 1
1210 903 16 13 96
1257 903 6 4 20
1374 902 1 1 1
474 905 3 2 4
1344 905 1 1 1
1456 904 3 2 5
1579 905 2 1 2
178 907 2 3 6
275 906 13 19 76
1493 907 2 2 4
1555 906 4 2 7
1740 907 34 26 526
128 908 3 3 5
1423 908 3 2 5
1150 910 2 2 3
1173 911 2 3 5
1200 910 1 1 1
1325 911 2 1 2
1345 911 3 2 4
1495 911 10 4 25
1831 910 1 1 1
63 913 1 1 1
156 913 33 28 248
1317 913 6 2 7
187 914 3 1 3
1228 914 4 3 11
1343 915 1 1 1
1358 915 3 2 4
1432 915 1 2 2
1475 915 1 1 1
1656 915 3 2 5
1785 915 10 16 64
210 916 4 4 12
1389 916 6 5 23
1603 917 4 3 9
1125 919 1 1 1
1138 918 7 4 21
1161 918 5 9 28
1457 918 1 1 1
1512 919 4 2 8
1556 918 17 6 36
191 920 1 2 2
205 920 1 3 3
218 921 3 3 9
1111 920 4 2 7
1247 920 2 1 2
1330 921 2 2 4
1475 920 16 12 47
1634 920 2 2 4
139 922 1 1 1
231 923 4 2 7
1128 922 4 2 5
1197 922 1 1 1
128 925 45 47 535
537 925 2 2 4
1206 925 1 1 1
1317 924 2 1 2
1335 925 2 2 3
1407 925 6 5 25
1421 925 1 1 1
1184 927 2 1 2
1210 927 1 1 1
1244 926 1 1 1
1811 927 1 1 1
119 929 7 12 44
282 928 2 2 4
435 929 3 2 5
1176 928 2 1 2
1363 928 1 1 1
1671 929 4 3 10
199 931 35 42 281
420 931 6 5 10
1399 930 2 2 4
1812 931 2 3 6
245 932 1 1 1
431 932 1 1 1
1290 932 1 1 1
1546 932 4 2 6
1689 932 5 3 12
103 935 2 2 3
210 934 2 1 2
246 934 3 3 6
1676 934 2 1 2
381 937 3 3 9
1142 936 13 5 37
1173 937 1 1 1
1236 936 1 1 1
1307 937 17 23 282
1335 937 2 1 2
1555 937 1 1 1
1815 937 9 6 29
1254 938 3 2 5
1294 939 1 1 1
1368 939 1 1 1
64 940 9 3 11
1584 941 2 1 2
1118 943 2 1 2
1219 942 13 9 35
1262 942 10 8 47
1640 943 1 1 1
1664 943 2 1 2
77 945 8 6 24
130 944 4 3 7
194 945 12 3 24
440 945 1 1 1
1170 945 2 1 2
1464 944 2 2 4
1513 945 13 13 53
173 946 3 2 4
241 946 4 7 11
266 947 7 4 17
388 946 1 1 1
432 946 1 1 1
1127 946 1 1 1
1194 947 2 1 2
1417 946 1 1 1
1529 946 2 2 3
1565 946 2 2 4
380 949 5 7 32
991 948 1 1 1
1154 948 2 1 2
1175 949 8 10 41
1363 948 1 1 1
1437 949 4 3 10
1643 948 4 2 8
1731 948 1 1 1
95 950 26 21 212
1135 950 2 1 2
1244 951 17 9 42
1698 951 1 1 1
1827 951 5 3 10
56 953 20 19 98
274 952 1 1 1
427 952 4 2 6
446 953 2 1 2
1135 952 13 17 103
1213 952 3 2 6
1233 953 1 1 1
1658 953 1 1 1
163 955 1 1 1
176 954 5 3 13
245 954 9 4 21
1344 954 13 5 25
1429 955 7 13 65
0 957 9 6 44
34 956 4 11 16
278 956 14 13 87
509 957 1 1 1
1127 956 7 6 20
1296 957 1 1 1
1758 956 1 1 1
181 959 4 2 8
386 959 2 2 4
1220 959 3 2 5
1389 959 2 2 3
1456 958 12 4 24
1817 959 2 1 2
43 961 9 8 30
1527 961 6 5 22
1099 962 4 5 16
1653 963 3 2 5
1662 963 8 7 24
190 964 2 1 2
1215 965 2 2 4
1474 965 1 1 1
1580 965 61 22 625
92 967 1 1 1
123 966 2 3 5
1804 967 2 1 2
0 968 34 25 325
488 968 2 3 6
1107 968 2 2 3
1152 968 4 2 7
1721 968 4 3 8
83 970 4 3 10
273 971 4 4 12
1121 970 5 3 12
1203 970 2 2 3
1251 971 9 7 52
1325 971 7 12 33
350 972 2 1 2
1118 973 23 38 307
1185 972 4 2 8
1540 973 2 1 2
1739 973 1 1 1
1796 972 2 1 2
1175 975 12 27 86
1469 974 3 2 5
1483 975 5 3 11
1792 974 1 1 1
1817 975 1 1 1
56 976 3 2 6
294 977 4 2 6
1236 977 8 2 10
1671 976 3 1 3
1827 977 1 2 2
1142 979 12 2 14
1218 978 1 2 2
1515 978 4 2 6
1655 978 3 2 4
1728 978 7 4 18
37 981 10 5 17
67 981 4 3 7
111 980 13 4 29
148 980 2 1 2
171 981 2 1 2
348 981 1 2 2
1220 982 4 2 6
1261 983 5 2 8
1341 982 2 1 2
1747 982 4 4 10
280 985 2 2 3
1154 984 4 3 8
1791 985 1 1 1
1812 985 2 2 3
28 989 2 1 2
276 988 3 3 8
497 988 3 2 6
1296 988 2 2 4
1319 989 5 7 21
1481 989 12 12 55
95 990 5 2 8
1192 991 8 2 15
1530 990 2 2 4
1556 990 2 1 2
74 992 11 3 15
1161 993 13 10 47
1569 993 1 1 1
1718 993 4 2 8
1765 993 2 1 2
56 995 4 4 11
502 994 5 4 19
1635 995 23 20 168
1837 995 3 1 3
1253 996 2 2 3
1377 996 11 3 19
1415 997 5 3 11
1469 996 3 1 3
1580 997 6 11 44
0 999 52 62 723
236 998 3 3 7
509 999 1 1 1
1524 998 17 23 252
1599 998 1 2 2
1725 998 1 2 2
1191 1000 1 1 1
1224 1000 5 2 9
1329 1001 1 1 1
1445 1000 1 1 1
1604 1000 12 4 32
1803 1001 5 3 9
1816 1000 7 6 15
1256 1003 4 2 5
225 1004 7 11 35
1389 1005 3 1 3
1689 1005 2 1 2
1773 1004 5 11 32
42 1006 15 8 52
61 1006 2 2 4
1138 1006 4 2 8
1206 1006 2 10 20
1753 1006 9 4 13
1145 1008 2 2 3
1617 1008 22 13 126
1133 1011 1 4 4
1287 1010 3 2 4
68 1012 1 1 1
143 1013 3 4 10
1266 1013 7 3 16
1564 1013 13 9 31
1661 1013 3 6 14
1731 1012 1 1 1
1809 1013 2 1 2
1821 1012 2 1 2
1833 1012 2 2 4
154 1015 11 3 19
1740 1015 3 2 5
125 1016 2 2 4
1015 1016 1 1 1
1229 1017 9 17 119
1299 1016 11 2 21
1600 1017 2 9 10
1803 1017 2 2 4
97 1019 5 3 7
116 1018 3 2 5
301 1018 11 10 38
1147 1019 22 7 44
1201 1019 2 3 6
1330 1019 2 2 4
1743 1019 15 23 123
1831 1019 1 1 1
137 1021 3 14 30
254 1020 1 1 1
1134 1021 10 4 20
1694 1020 2 2 3
1722 1021 9 9 43
1782 1020 18 14 84
1124 1023 1 1 1
1250 1023 5 12 24
1811 1022 14 16 64
1833 1023 7 7 25
262 1025 3 3 7
1215 1024 5 8 17
1591 1025 1 1 1
1677 1025 2 2 4
153 1027 8 4 24
1126 1026 2 1 2
1276 1026 1 1 1
1286 1026 8 11 42
1347 1027 2 2 3
1452 1026 1 1 1
1174 1029 1 1 1
1303 1028 2 1 2
1680 1028 2 2 4
1362 1031 1 1 1
1609 1032 2 2 3
1692 1033 8 2 14
1161 1035 2 2 3
1271 1034 1 1 1
1419 1035 5 5 19
1459 1035 3 2 6
1509 1035 3 2 6
1661 1035 3 2 5
1708 1034 13 11 64
1833 1035 7 6 30
1007 1036 8 6 14
1206 1037 6 4 17
1312 1037 1 1 1
1170 1039 14 11 73
1222 1038 5 5 13
1478 1038 1 1 1
1623 1039 19 10 34
1754 1039 26 15 177
1786 1038 4 3 8
1113 1041 28 11 185
1539 1041 1 1 1
0 1042 5 4 17
138 1043 1 1 1
1253 1042 17 11 76
1441 1043 2 7 8
1479 1042 2 1 2
1792 1043 1 1 1
116 1045 19 16 118
1244 1045 7 4 17
1324 1045 1 1 1
1374 1044 2 3 4
1385 1044 5 3 11
1700 1044 2 3 5
1740 1044 2 1 2
148 1047 10 6 32
349 1047 9 7 28
931 1047 6 4 17
1231 1046 4 2 7
1289 1046 1 1 1
1724 1046 6 5 18
1558 1049 37 29 653
340 1051 1 1 1
1024 1051 1 1 1
1191 1051 1 1 1
1824 1051 1 1 1
1154 1052 11 2 13
1813 1052 8 10 38
290 1054 2 3 5
1081 1055 45 38 423
1295 1054 8 3 22
1382 1055 3 2 6
1781 1054 4 9 15
5 1056 16 20 126
100 1057 1 1 1
360 1056 3 5 12
1327 1057 4 2 7
1355 1056 31 17 225
1677 1056 1 1 1
1743 1056 1 1 1
1832 1057 1 1 1
1023 1059 13 12 79
1644 1058 2 1 2
139 1060 16 8 66
1114 1060 39 19 245
32 1062 6 10 44
44 1062 23 19 154
1290 1063 1 1 1
1797 1063 18 21 139
1275 1064 2 1 2
1434 1065 6 2 11
1478 1064 12 5 41
301 1066 6 2 7
362 1067 3 3 7
1171 1067 8 8 23
1218 1066 8 8 18
1346 1067 6 4 19
1450 1066 4 2 8
1704 1066 15 9 37
1833 1066 1 1 1
1157 1068 4 2 6
1208 1069 1 2 2
1241 1071 2 2 2
1761 1071 1 1 1
218 1073 3 2 4
1639 1073 1 1 1
1274 1075 2 2 4
1183 1077 6 5 23
1265 1077 2 2 4
1462 1077 8 4 12
1030 1078 12 32 138
1220 1079 2 2 4
1276 1078 4 3 9
1562 1078 1 1 1
1778 1079 1 2 2
20 1081 7 6 34
1078 1080 2 2 4
1170 1080 4 3 11
1345 1080 1 1 1
1613 1081 4 2 7
1747 1080 2 1 2
7 1082 3 7 14
1166 1083 5 13 35
1377 1082 18 20 142
1431 1083 5 5 18
1715 1082 2 1 2
1213 1084 3 2 6
1320 1084 2 3 5
1513 1085 4 3 9
31 1087 9 3 27
853 1086 3 2 6
1193 1086 16 5 39
1234 1087 5 2 6
1477 1087 1 1 1
1636 1087 3 3 8
1407 1088 2 1 2
1546 1088 1 1 1
1037 1090 50 83 1148
1208 1091 14 25 94
1323 1091 1 1 1
1366 1090 2 2 2
1649 1090 2 1 2
872 1092 1 1 1
1288 1092 2 1 2
1752 1092 1 1 1
1449 1094 5 2 9
1659 1094 7 3 9
468 1096 3 2 6
1152 1096 1 1 1
1206 1097 1 2 2
1266 1097 16 5 37
1484 1096 5 10 27
1569 1099 1 1 1
1639 1099 1 1 1
1820 1099 20 5 40
1197 1100 2 1 2
1434 1101 13 5 55
1601 1101 1 2 2
9 1102 2 1 2
12 1102 18 10 83
1310 1103 10 7 36
1733 1103 2 2 3
1789 1102 2 1 2
0 1105 2 1 2
775 1105 2 1 2
1246 1107 7 8 36
1387 1106 4 3 7
1537 1106 3 2 4
1627 1107 2 2 3
746 1109 3 5 12
1114 1109 1 1 1
1448 1109 1 1 1
1543 1109 2 3 4
1018 1111 1 3 3
1177 1111 4 13 18
1512 1110 3 2 4
1525 1111 2 3 4
1784 1111 2 2 4
1089 1113 22 14 68
1744 1112 3 2 5
224 1115 2 1 2
366 1115 14 9 74
1201 1114 3 4 9
1704 1115 4 2 7
1725 1115 3 2 4
1750 1114 2 2 2
0 1116 6 10 35
19 1117 2 2 4
1487 1117 1 1 1
1838 1116 2 2 3
1364 1119 1 2 2
1414 1118 9 5 35
1459 1119 1 1 1
1490 1118 1 1 1
1503 1119 1 1 1
34 1121 1 1 1
739 1121 3 4 12
751 1120 4 5 17
771 1121 12 16 110
1505 1120 4 3 10
1556 1120 2 3 4
1606 1121 12 9 71
1084 1123 1 1 1
1126 1123 17 8 76
1270 1122 1 1 1
1285 1122 4 3 9
1518 1122 8 6 35
1788 1122 4 7 13
472 1124 3 1 3
1562 1124 21 23 256
1714 1125 11 10 28
1429 1126 2 3 5
1635 1126 2 1 2
1649 1127 4 3 9
43 1128 1 1 1
388 1129 1 1 1
793 1128 1 2 2
1165 1129 1 1 1
1739 1129 6 1 6
1755 1128 3 2 3
465 1131 5 7 27
807 1130 1 1 1
1248 1131 1 1 1
1327 1131 1 1 1
1341 1131 3 11 22
1469 1131 1 1 1
1620 1130 2 2 3
1698 1130 6 4 13
343 1133 3 2 5
348 1132 1 1 1
361 1133 9 6 34
735 1132 4 5 18
1172 1132 4 6 19
1254 1133 6 5 14
1272 1133 3 2 6
1304 1133 2 1 2
1323 1132 2 2 3
1624 1133 1 1 1
1766 1133 2 1 2
1813 1133 2 1 2
52 1135 1 1 1
313 1134 29 17 185
370 1134 54 58 842
1102 1134 3 4 8
1119 1135 1 1 1
1474 1134 2 6 8
1628 1134 6 4 12
1667 1134 1 2 2
1677 1135 2 2 3
1827 1135 1 1 1
1039 1137 2 1 2
1156 1137 13 15 77
1433 1139 10 4 26
1552 1138 1 1 1
1669 1138 3 2 6
1778 1138 1 1 1
396 1141 1 1 1
807 1140 1 1 1
1111 1140 5 4 17
1404 1140 1 1 1
1454 1141 19 11 52
1744 1140 1 1 1
352 1142 3 1 3
424 1143 10 4 23
1222 1142 12 6 56
1312 1142 7 7 33
1525 1143 2 2 3
1834 1143 6 2 11
1360 1144 3 3 5
1560 1145 1 1 1
1777 1144 40 34 392
1256 1147 4 6 21
1284 1146 7 5 17
1380 1147 5 10 29
1499 1146 2 2 4
401 1149 4 4 15
1088 1149 2 1 2
1192 1148 1 1 1
1206 1149 3 4 9
1320 1149 2 1 2
1402 1148 8 3 10
1510 1148 4 2 7
1710 1149 2 2 3
1759 1149 1 1 1
757 1151 7 6 22
1091 1150 4 5 15
1115 1150 19 25 150
1142 1150 2 4 7
1664 1150 1 1 1
348 1152 1 1 1
1253 1153 2 13 16
1411 1152 2 2 4
1664 1153 5 16 30
1817 1152 2 2 3
1150 1154 9 5 33
1185 1155 1 1 1
1422 1157 2 2 4
358 1158 3 2 5
1347 1159 1 2 2
1584 1158 7 3 10
1640 1158 11 14 65
1687 1158 1 1 1
1697 1159 4 6 14
263 1161 7 7 23
1275 1161 1 1 1
1304 1161 6 9 31
1428 1160 12 13 64
1548 1161 28 21 271
1656 1160 1 1 1
5 1163 19 21 191
1085 1162 15 8 45
1718 1163 1 1 1
1729 1162 1 1 1
1746 1162 1 1 1
109 1164 15 8 36
1613 1165 1 1 1
1713 1165 2 2 4
434 1166 1 1 1
1142 1167 7 2 9
1474 1167 1 1 1
1542 1167 1 1 1
1737 1167 1 1 1
1768 1166 3 1 3
104 1168 2 1 2
206 1168 3 5 12
426 1169 3 2 6
1405 1168 2 1 2
1779 1169 2 1 2
69 1173 2 1 2
1250 1173 4 3 11
1342 1172 11 3 28
1586 1172 108 48 1518
1672 1173 1 1 1
1784 1172 4 3 6
1279 1174 1 1 1
1447 1174 5 5 13
1583 1174 1 1 1
1177 1176 3 2 6
1214 1177 1 1 1
1291 1176 5 6 21
1508 1176 14 6 38
1685 1176 2 2 3
1701 1176 3 2 4
0 1178 4 4 16
39 1179 11 4 37
356 1179 119 49 1580
1089 1179 1 1 1
1107 1178 4 4 10
1143 1179 1 1 1
1146 1178 12 10 54
1196 1178 1 1 1
1260 1178 2 1 2
1690 1179 2 2 4
1794 1179 10 6 29
1271 1181 1 1 1
1321 1181 32 22 184
1427 1181 5 6 18
1718 1180 2 1 2
1767 1181 13 22 70
1044 1182 1 2 2
1377 1183 4 5 13
1749 1183 1 1 1
1093 1184 3 12 20
1223 1184 4 8 11
1720 1185 1 1 1
21 1186 18 9 112
444 1187 3 2 6
1169 1189 7 13 28
1384 1188 1 1 1
1473 1188 1 1 1
1735 1188 1 1 1
1107 1190 1 2 2
1164 1190 1 1 1
1515 1190 2 2 3
1834 1191 6 10 15
1511 1192 2 2 3
1583 1193 1 2 2
1799 1193 2 2 2
1182 1195 14 9 85
1261 1194 15 6 29
1817 1194 11 14 35
13 1196 2 2 3
331 1196 2 2 4
412 1197 2 2 3
727 1197 1 1 1
1128 1197 2 2 2
1240 1197 7 5 22
1280 1196 6 2 11
1529 1196 2 2 4
1702 1196 3 2 3
1729 1196 2 3 6
0 1199 67 29 708
396 1199 1 1 1
1368 1198 4 4 14
377 1200 2 3 4
1448 1201 3 3 4
1433 1203 1 1 1
1760 1202 1 1 1
1016 1204 14 24 91
1256 1204 2 3 6
1694 1205 1 1 1
1708 1205 1 1 1
1745 1204 1 1 1
929 1206 7 7 43
1204 1207 6 9 27
1427 1206 4 8 11
1437 1207 19 16 57
1721 1206 1 1 1
1767 1206 2 2 3
901 1208 1 1 1
902 1208 21 11 105
1377 1208 15 9 46
1800 1209 3 2 4
155 1210 1 1 1
459 1210 2 2 3
1258 1211 1 1 1
1280 1211 1 1 1
1355 1211 1 1 1
1717 1211 43 17 213
1052 1213 12 15 61
1166 1212 2 1 2
1568 1212 10 9 37
1596 1212 5 1 5
1699 1212 1 1 1
482 1215 2 1 2
1356 1214 6 2 12
1424 1215 2 2 4
1601 1215 12 13 60
1790 1215 6 4 17
1246 1216 1 1 1
1761 1216 3 3 6
759 1218 1 1 1
1004 1219 9 9 63
1236 1218 2 3 5
1366 1219 7 9 23
71 1221 1 1 1
164 1221 2 1 2
940 1220 3 2 6
1248 1220 2 2 3
1332 1221 7 7 43
1406 1221 1 1 1
1694 1220 1 1 1
754 1222 2 6 12
1680 1222 7 6 34
1836 1222 4 6 19
159 1225 3 3 9
407 1224 2 4 8
921 1224 8 4 29
1083 1225 4 3 7
1136 1225 3 3 7
1580 1225 2 3 6
1696 1225 6 3 13
905 1227 2 1 2
949 1226 5 2 9
1621 1226 1 2 2
1784 1226 1 2 2
1808 1226 1 2 2
