923 618
41 3
674 8
735 14
759 64
893 8
933 1
972 10
1015 2
1053 9
1209 2
1272 20
1362 16
1458 34
1769 1
804 12
1605 34
632 17
555 24
932 65
385 23
187 26
663 24
317 40
879 35
1114 37
1317 67
839 68
856 37
466 44
1015 41
1054 47
1146 58
997 43
1378 61
396 56
1540 63
971 50
58 59
629 66
357 76
291 74
894 83
1017 71
1246 77
8 96
594 91
671 89
1514 78
1600 92
194 83
987 83
870 87
497 103
998 109
955 94
972 94
1220 110
1413 112
717 131
1052 118
79 109
457 110
1274 144
684 112
852 137
1329 111
654 127
892 122
871 130
999 130
818 150
385 142
926 140
329 155
1375 138
1414 157
887 149
770 147
793 152
1019 149
408 172
1150 167
660 161
108 158
168 166
937 165
1030 159
459 172
1323 164
970 166
493 172
771 175
10 181
1044 175
1001 183
882 180
1300 179
339 187
583 187
656 192
898 204
1249 190
912 190
861 191
1362 200
200 193
41 204
626 195
372 219
713 212
1021 200
70 254
1294 213
522 212
684 208
768 228
972 211
1010 212
407 221
301 218
1487 224
269 229
679 225
1130 227
952 227
654 230
825 229
452 238
1077 232
553 237
969 236
1326 287
666 239
835 255
1032 245
6 243
955 246
9 250
1192 269
882 253
1041 253
196 266
1015 255
1088 261
454 270
381 279
973 263
428 267
947 263
1270 265
613 270
897 281
143 278
995 272
1217 292
862 289
1006 303
935 304
1151 296
974 292
26 294
771 297
133 293
253 296
414 298
648 303
1089 303
120 300
459 309
794 329
1175 311
845 313
895 308
1806 344
103 314
572 321
669 312
823 311
57 325
82 319
974 317
132 321
1463 320
38 350
405 321
866 324
1105 322
947 329
90 329
678 333
193 345
629 342
735 351
558 347
1286 348
229 347
834 344
1260 341
1401 348
1468 343
169 347
863 368
307 353
675 363
1013 347
1361 352
6 349
461 354
968 350
1113 360
761 356
946 358
501 360
911 358
986 357
76 360
994 365
97 364
402 373
1277 367
486 370
8 370
1369 388
264 377
963 375
1032 375
836 386
921 388
1346 387
348 384
736 378
1438 394
948 380
312 384
421 384
718 381
884 382
938 401
805 386
703 390
1014 388
1302 388
721 410
1014 399
1265 409
1541 401
894 403
961 421
816 407
408 403
856 423
178 408
1150 426
2 407
775 412
346 413
888 412
801 414
1368 424
88 414
753 427
470 441
915 420
1453 436
895 432
314 440
1240 448
633 429
817 437
195 433
793 439
975 438
1214 441
832 437
1407 447
733 457
914 442
82 443
433 447
1195 448
406 450
842 458
279 453
968 452
996 452
682 459
634 453
906 454
1352 463
509 458
895 456
199 460
0 461
1016 464
99 472
1203 469
819 468
1398 473
780 484
893 474
1144 483
461 473
588 476
812 481
938 488
397 484
477 490
800 478
672 482
752 491
984 485
550 490
863 485
1418 495
663 494
1348 500
189 503
1024 496
93 513
894 501
819 502
931 513
418 510
1006 516
1191 516
734 513
1252 512
1218 521
1359 535
719 520
1165 521
1034 519
793 524
1432 529
1239 533
433 531
459 529
769 539
355 532
1412 535
288 533
630 542
873 532
1277 544
543 535
701 547
798 536
830 537
860 535
76 541
317 537
669 540
257 540
294 548
45 543
738 543
834 550
938 570
959 544
981 543
344 546
1213 554
390 555
921 554
105 560
418 560
473 561
740 556
523 561
1006 560
670 559
1145 570
804 566
960 563
981 563
642 565
748 564
882 565
905 576
679 564
778 572
223 574
1253 588
423 576
1438 580
493 583
864 606
316 582
721 579
13 581
1212 582
1321 592
207 583
461 586
799 595
1181 605
396 606
469 597
822 606
1224 610
341 604
912 617
1017 602
306 605
694 616
1284 609
1157 608
356 610
766 610
1425 611
111 615
84 613
834 614
531 616
958 617
1056 620
1164 628
474 625
719 619
1255 637
1310 637
442 632
762 631
678 639
1145 638
898 637
147 647
506 643
712 651
808 650
932 645
1411 651
265 650
968 648
192 652
569 650
783 650
474 655
999 654
340 654
693 657
875 673
35 658
110 657
429 663
522 657
1459 664
388 660
791 661
1181 670
1201 662
1496 666
160 678
931 679
1264 668
907 666
1040 677
734 686
1230 671
301 675
536 673
0 676
193 674
381 684
486 679
998 681
1148 692
1240 675
426 680
782 684
1080 687
832 679
68 689
672 684
1212 703
44 690
137 691
900 688
402 694
680 691
913 692
236 702
1424 712
442 698
760 714
884 699
1392 700
721 736
970 703
485 705
86 707
1186 708
263 710
333 710
356 709
440 714
906 712
520 717
959 717
1326 722
889 766
432 727
942 721
394 722
804 721
313 724
346 726
547 727
808 726
1113 734
507 730
366 728
970 729
1364 732
1089 735
123 734
1191 737
401 753
588 741
321 744
428 744
1139 749
1504 742
768 752
298 754
564 745
137 750
617 753
1418 756
1075 756
116 768
516 756
18 759
852 914
947 766
510 761
790 763
971 759
1225 769
54 766
433 762
474 766
1331 765
772 765
832 768
449 769
570 772
1353 782
453 779
513 782
594 780
1156 791
458 783
404 790
1182 791
952 789
381 791
557 811
106 792
300 793
293 796
306 796
494 801
1189 799
927 804
1429 804
820 804
1316 808
646 806
854 805
839 823
862 808
1049 812
1190 817
1386 808
736 810
1347 809
185 815
439 813
787 812
88 821
255 825
418 834
508 833
492 826
766 832
1361 829
452 830
1152 836
104 831
241 829
865 845
1269 837
196 837
127 837
659 843
1176 842
527 840
731 843
812 843
1197 845
1485 845
897 856
1410 846
241 847
798 848
491 854
827 853
552 857
718 856
773 857
1345 858
179 856
319 856
593 856
1296 861
354 858
1231 864
192 860
1125 869
538 863
479 867
74 869
798 868
289 870
1410 872
840 873
1147 879
91 874
1171 890
592 878
210 880
494 881
801 880
1095 887
1208 887
551 885
852 882
407 884
456 883
769 884
1540 891
446 895
802 904
1137 896
1419 895
497 911
1117 899
1407 900
1284 908
247 903
327 903
311 906
428 918
599 909
617 913
579 916
692 912
1067 912
406 916
354 916
1206 922
527 919
631 922
678 920
1110 926
1188 932
121 930
463 928
13 930
156 938
244 929
495 930
376 933
550 932
1312 935
296 938
445 944
1162 936
1241 939
418 948
688 942
84 938
279 948
475 941
502 963
1069 942
617 945
400 948
1004 951
1061 953
1202 951
614 957
1403 952
1358 955
120 958
520 957
200 956
712 962
319 958
1111 960
186 962
446 964
639 962
1085 963
86 963
533 967
1362 971
945 977
243 975
393 976
538 978
1063 981
1194 982
1257 982
729 985
427 980
454 981
1173 985
440 983
652 986
1395 988
1102 988
259 989
562 993
1036 1000
504 997
656 1004
497 1003
909 1002
453 1006
1212 1011
439 1024
522 1009
1193 1012
538 1021
174 1016
456 1020
500 1015
468 1017
603 1023
326 1024
870 1021
1051 1022
252 1023
1263 1027
1172 1027
875 1028
905 1038
192 1038
747 1038
516 1043
1118 1042
499 1048
466 1047
752 1047
1098 1045
680 1047
1164 1057
480 1050
1393 1052
214 1052
398 1056
1119 1057
448 1060
624 1060
786 1063
708 1065
831 1062
1272 1062
486 1066
1220 1068
1373 1067
300 1068
382 1068
443 1068
1059 1070
793 1073
1404 1072
534 1074
457 1077
718 1075
553 1080
684 1081
882 1081
1211 1079
92 1083
566 1079
1079 1078
1155 1088
796 1082
844 1081
861 1083
612 1083
1306 1086
336 1085
634 1085
60 1088
705 1087
265 1088
329 1091
424 1089
440 1090
1222 1095
35 1098
495 1100
1077 1102
1143 1105
460 1104
1202 1108
1043 1109
1277 1108
1299 1107
735 1111
1257 1112
1092 1112
1320 1111
848 1115
1154 1114
1172 1114
655 1117
834 1115
175 1122
522 1121
411 1122
707 1130
472 1129
582 1124
877 1126
1086 1128
1144 1125
597 1125
810 1126
842 1125
1187 1133
1034 1127
1245 1133
1273 1128
1302 1132
578 1134
1065 1133
1222 1152
1264 1138
199 1136
367 1138
626 1139
111 1142
242 1143
399 1147
607 1142
947 1146
193 1146
454 1149
1088 1151
230 1151
518 1150
550 1151
1057 1156
89 1151
751 1159
811 1162
1271 1161
238 1161
1182 1161
16 1160
623 1162
730 1163
435 1181
1153 1171
1444 1178
1090 1177
681 1180
137 1182
207 1181
1058 1181
237 1194
253 1188
1300 1191
367 1193
606 1191
667 1196
258 1191
572 1196
1142 1198
461 1203
904 1200
543 1205
1342 1201
774 1208
1214 1206
1268 1206
332 1213
372 1211
786 1214
66 1217
129 1222
957 1221
1414 1223
1108 1226
1373 1225
