907 621
10 35
58 7
292 2
528 6
563 6
638 34
996 89
1075 9
1113 14
1143 1
1229 6
1326 47
1602 24
1716 17
1792 1
218 20
1263 8
1163 13
1833 21
968 20
919 40
349 38
506 28
700 36
1282 21
589 30
1085 28
1046 42
1121 47
1193 43
393 45
1165 53
1081 75
1214 54
259 62
536 87
114 71
1736 86
177 81
956 73
381 83
1185 78
622 90
857 81
1033 76
920 82
1247 80
1009 95
1222 90
579 100
694 113
819 101
471 107
1185 105
1163 109
348 113
1237 118
1091 111
1204 112
1274 112
1561 125
846 130
635 118
1081 132
409 128
950 124
1766 173
614 131
1255 123
150 139
113 137
660 139
336 136
1287 150
1506 137
778 155
1194 162
926 146
1102 149
1151 144
362 146
1425 171
1264 153
972 155
217 162
1167 158
1581 206
247 166
902 171
1516 169
952 170
1115 175
1219 180
278 183
1077 210
357 189
1107 187
1016 200
1291 191
837 202
1236 193
1169 194
100 207
961 206
1135 210
1632 215
583 212
1241 218
940 234
480 227
1031 224
1325 225
304 229
512 235
347 237
991 258
1095 237
1828 249
1250 234
1203 237
1782 305
1181 239
1268 239
1217 240
840 244
582 252
1429 248
1518 248
149 252
530 252
1416 254
1617 253
104 261
1597 253
1222 261
842 276
1106 260
1502 269
304 267
1047 297
1086 281
1147 282
759 269
1288 285
1530 269
620 284
1195 273
1341 297
485 288
942 280
1213 279
1617 295
1836 279
291 288
1542 286
120 311
599 292
1571 287
1412 297
1592 288
1225 317
1701 298
547 306
925 309
1492 305
1530 329
1179 305
1196 304
0 310
449 314
1567 309
482 325
1390 310
1460 339
1185 315
1678 315
636 322
1003 322
1176 324
1653 330
228 328
971 334
893 330
1134 326
376 327
258 336
282 334
613 336
1104 338
1057 335
776 340
1164 340
1257 350
436 344
1028 346
132 369
1120 354
1495 361
1087 359
1294 385
384 358
509 371
535 358
561 362
1712 399
790 366
479 358
592 371
829 370
922 395
965 376
1158 367
1372 392
257 378
802 380
860 385
534 384
1327 386
324 382
1648 399
1181 385
1209 391
1002 400
1030 417
1157 400
807 398
1231 398
1580 411
487 414
788 412
1119 409
1216 407
204 416
868 425
804 414
1198 416
1134 419
330 422
1112 432
1214 424
47 432
684 429
970 439
1079 426
1360 445
822 435
893 438
541 451
1056 459
1147 461
503 446
22 452
187 457
588 465
1234 455
258 457
825 459
942 460
1759 474
850 463
1201 465
49 465
903 464
1099 465
805 469
822 468
1023 482
1084 477
524 483
1253 495
1608 486
937 484
1104 482
604 502
1137 486
774 497
134 511
515 501
1048 496
1572 498
1126 509
1794 509
855 503
1087 504
1188 513
900 508
1167 506
75 517
1031 521
549 512
937 514
1100 514
165 522
825 521
843 529
1726 553
528 529
451 534
818 543
1152 529
1052 532
1104 530
911 532
1108 538
1268 542
1018 535
199 537
960 540
1192 538
114 542
234 550
1163 542
891 542
172 550
601 551
915 547
1326 566
357 553
1061 559
1544 553
473 559
1036 554
988 563
1114 557
1182 559
283 560
495 568
1106 561
1563 585
790 563
913 562
925 569
1827 570
136 576
794 597
905 569
1216 576
871 573
881 590
1532 573
389 577
544 577
215 581
1132 589
1398 580
1085 583
1024 582
1069 583
248 587
934 589
195 592
533 592
504 596
582 596
950 624
1581 625
1515 608
102 605
910 605
1174 599
1263 606
480 612
1232 603
1156 609
568 613
1107 611
1472 625
2 623
196 617
1033 622
1076 618
1701 623
1761 645
525 626
884 623
801 627
969 628
1105 640
984 650
1397 628
262 633
1154 635
1249 648
1608 640
347 645
603 649
859 638
1138 640
1682 651
168 655
887 644
100 651
138 647
1054 647
1809 661
475 657
1166 650
735 661
1197 657
835 660
311 660
1143 667
1321 690
30 658
1650 666
663 664
878 663
69 662
495 671
1115 667
290 670
1051 687
1107 677
1547 684
630 681
803 678
995 683
1471 692
1188 684
267 686
417 690
902 687
25 694
800 853
1504 702
192 694
879 696
1812 699
814 700
1076 707
1216 697
580 701
734 704
1719 706
864 705
1185 708
830 704
791 704
1045 706
562 709
1440 713
897 716
559 714
1009 715
1033 718
1481 719
478 735
517 725
1579 725
820 725
1002 728
921 728
1692 739
975 731
1241 731
878 740
1094 735
1337 749
1125 738
1155 747
1537 744
498 741
1026 740
1069 753
992 746
1484 750
854 747
1213 750
588 753
302 758
1516 757
1396 772
904 761
926 769
1108 763
1665 771
871 767
1131 765
1473 766
1610 770
1041 768
404 774
559 776
482 790
1037 781
1561 778
426 784
893 778
1094 781
803 782
1758 786
1136 790
574 788
859 785
250 788
206 793
841 791
1077 792
1588 791
512 794
1809 805
1117 793
1701 796
794 797
1297 797
1558 803
1056 801
183 819
784 810
1368 822
1766 814
1037 818
1236 829
387 827
1696 830
611 826
93 826
1434 839
765 834
1126 845
1561 836
1181 833
586 835
871 842
1460 843
783 841
1617 842
106 843
354 843
1057 846
1153 847
560 849
813 847
523 851
618 852
1170 852
1741 861
1600 859
457 858
512 862
550 866
1080 866
1335 872
1499 873
62 869
227 870
1311 872
1462 880
316 874
1560 876
426 874
984 876
463 883
991 893
1068 895
1528 889
1707 898
107 885
608 887
499 892
915 895
1056 894
1233 907
535 900
952 898
1013 902
1500 905
1166 910
1778 913
479 908
460 914
441 914
1836 920
97 925
422 925
1391 930
594 930
1119 925
161 927
1104 928
1245 937
1497 936
1051 942
1158 935
1459 949
1028 936
1422 944
71 940
1838 940
874 943
767 945
509 951
854 952
972 957
1760 966
349 955
819 957
1722 956
771 957
870 970
105 971
445 958
2 959
170 960
785 959
1121 961
1025 961
460 967
1190 978
355 969
811 974
1135 974
1488 977
1428 984
505 982
1082 979
1670 982
184 981
336 981
530 987
847 983
1024 984
454 1005
1050 992
1463 988
1010 991
1150 998
1694 996
887 1008
1496 997
1732 1002
555 998
911 997
992 1003
1292 1002
491 1004
1077 1004
579 1007
746 1005
1399 1010
504 1015
1127 1035
1385 1018
1486 1015
82 1015
760 1017
224 1022
1546 1019
28 1027
1021 1025
1553 1025
598 1033
1731 1037
217 1034
1015 1032
1171 1040
914 1039
1366 1036
576 1037
722 1039
855 1042
829 1039
706 1045
1768 1045
665 1052
1454 1049
745 1047
934 1052
46 1049
840 1053
688 1050
1042 1055
865 1060
1072 1058
760 1061
1399 1064
520 1066
1050 1067
570 1071
882 1068
943 1072
772 1073
919 1075
1586 1080
587 1076
1321 1076
1087 1074
1340 1084
1391 1082
1621 1086
1184 1095
1074 1085
815 1087
1715 1094
571 1091
1452 1101
96 1094
485 1093
892 1100
948 1101
333 1102
528 1114
1660 1109
763 1112
1039 1110
1687 1110
45 1111
939 1117
441 1121
594 1118
1028 1122
1299 1123
1437 1119
824 1127
459 1131
858 1128
1357 1127
1655 1129
907 1131
1049 1131
236 1138
1197 1135
1425 1133
204 1133
947 1138
1270 1140
1502 1139
1345 1140
1436 1145
1716 1142
197 1148
1308 1145
395 1151
1473 1148
1569 1150
937 1151
477 1153
1605 1156
645 1159
1539 1156
750 1159
987 1159
1025 1163
1236 1162
1458 1168
723 1167
1626 1192
839 1173
586 1182
1534 1181
563 1185
427 1188
483 1188
199 1189
1569 1191
498 1196
855 1196
1403 1198
513 1202
485 1200
352 1201
1388 1210
322 1205
1773 1206
708 1215
1243 1217
104 1223
1790 1219
1606 1220
329 1225
531 1225
553 1225
1213 1225
1499 1224
137 1225
185 1226
464 1225
736 1226
