903 615
256 52
330 3
362 13
516 13
575 0
751 8
810 7
1172 34
1229 8
1294 8
1447 0
1503 5
1408 10
1359 13
1037 23
332 25
701 32
873 43
1411 31
1685 37
1471 40
177 52
440 44
555 42
527 63
1430 50
977 52
1538 51
1484 88
1471 55
1559 61
923 76
1457 68
1113 68
621 76
1088 68
1375 74
1427 74
1313 72
778 102
1033 81
459 89
1335 84
1175 88
511 96
1211 110
1012 97
1401 98
398 99
615 105
1343 109
1662 96
45 114
1682 108
1318 109
320 117
713 125
926 121
557 132
495 135
1295 138
1250 136
736 152
1510 131
896 137
73 151
400 156
344 142
217 145
1140 173
1476 146
1509 149
457 155
1056 152
1355 154
492 157
692 158
1530 162
422 157
118 166
1609 191
1391 163
269 165
1218 182
1269 197
982 172
1020 168
1253 174
7 177
1501 178
339 182
1315 182
1402 182
533 180
866 192
1460 195
979 198
1412 207
635 200
580 207
1363 206
1017 205
944 207
898 210
1463 233
438 209
741 226
496 212
611 219
1043 220
780 227
506 227
1352 224
1835 245
818 233
340 245
547 246
1350 243
1378 241
43 251
1090 250
1163 253
1016 252
1222 250
474 257
639 257
1265 254
375 266
443 263
1154 291
1337 283
1421 261
1094 264
1116 263
1448 269
525 278
674 280
792 282
251 279
942 275
618 277
1404 280
1254 287
312 284
984 293
1062 283
186 293
1112 299
237 303
1303 301
1517 326
553 309
1081 315
304 304
849 307
925 305
1442 304
456 306
1358 306
957 316
1414 322
1128 329
463 324
706 326
328 324
806 325
1381 326
1804 325
1057 330
1257 337
1353 336
1024 335
568 350
408 341
673 342
987 342
1191 359
336 344
1242 343
1435 346
1310 349
1105 352
1421 349
1822 361
1076 360
1364 363
95 365
1102 393
1223 365
1487 361
978 367
1013 366
1296 389
707 369
412 369
477 375
773 378
1397 377
344 385
1473 386
454 383
750 376
1054 382
1445 378
357 379
940 385
920 385
1339 383
261 389
660 389
1826 403
1129 394
1206 394
1710 407
952 402
1181 404
1050 405
1585 413
1318 409
556 440
1027 424
1193 413
692 417
506 421
659 429
1203 418
1288 419
864 418
464 428
1084 434
1360 423
1747 431
1049 426
1462 462
982 427
1226 431
1298 430
434 438
1278 432
828 440
944 438
1601 448
1041 441
1408 440
293 444
514 447
951 446
975 446
1249 446
1193 454
907 450
935 452
1360 449
1393 452
1658 461
83 466
688 464
1374 457
328 460
361 459
1314 462
1795 464
257 468
1338 466
1211 468
1175 472
1266 494
1407 471
450 480
1051 479
1372 487
574 477
1308 475
716 488
1739 484
283 478
540 487
956 484
1345 486
1064 491
1200 494
1771 502
1327 490
284 494
939 493
835 497
1227 494
1404 501
1824 495
1034 500
567 504
124 506
1058 507
1384 507
307 507
354 509
1342 508
1010 514
519 514
1090 517
1209 523
439 527
937 526
1017 527
1306 553
690 537
1059 531
1186 529
1398 528
543 552
636 536
72 535
714 536
742 536
508 537
1213 535
1667 545
1132 554
1266 541
465 541
944 549
375 546
625 544
663 546
517 552
1046 598
758 552
1365 553
153 559
1068 567
1211 574
1353 560
661 567
879 562
698 566
346 568
1237 566
417 569
929 571
1261 570
1539 572
1337 571
954 576
1818 591
472 579
802 579
1247 574
300 577
367 584
570 586
970 584
152 586
1364 586
928 590
994 596
1239 588
1327 587
113 590
953 592
1758 592
874 596
947 603
1108 604
1542 613
976 604
421 608
1243 613
1223 606
1624 622
345 609
536 611
1744 615
307 611
653 610
672 614
1307 612
360 612
899 615
1373 658
956 616
1175 626
1199 618
291 620
726 620
1267 619
1310 620
320 623
1017 623
1505 642
701 632
777 633
904 640
956 639
1118 630
1003 639
1022 632
1155 631
1293 633
416 635
631 637
1211 637
151 646
187 643
1120 664
1239 640
691 644
67 643
1133 645
411 645
530 647
987 645
446 646
669 659
877 656
1400 647
1658 657
939 649
1285 663
1073 664
1316 667
990 657
112 664
306 661
450 662
527 667
1034 663
1202 668
1776 688
426 663
1601 678
1010 670
374 673
866 683
1562 677
647 674
940 673
284 674
765 679
1017 676
1221 675
1644 683
901 684
1232 682
978 686
1248 691
458 689
706 687
834 688
1030 691
1171 695
345 689
1806 690
100 693
119 696
1288 697
493 709
259 702
1568 705
1620 731
980 713
1714 720
406 704
302 710
377 705
1219 710
778 708
543 711
622 713
1241 726
665 716
1150 714
564 723
339 718
649 727
237 725
406 725
109 729
1030 869
1017 727
711 727
912 725
1196 725
1038 731
1107 729
1274 728
320 728
14 730
522 734
774 734
955 734
684 744
656 739
1257 739
1171 739
1155 745
1574 743
942 745
1695 746
1763 746
565 749
1246 748
287 750
320 750
733 749
1118 751
1534 751
651 755
1073 752
1186 757
499 754
584 759
1140 766
1667 758
294 758
961 759
1571 769
511 768
1285 763
1373 762
639 766
1162 777
1679 765
695 772
1083 770
1393 770
561 773
361 778
956 771
1275 773
1292 776
1327 772
1703 790
1497 776
219 780
1060 781
1102 780
1177 778
1024 787
91 788
806 785
272 790
338 792
1637 802
152 795
505 792
528 789
545 796
645 790
387 794
425 794
959 798
1154 792
1119 796
1257 798
452 800
598 803
1806 810
663 807
685 818
1377 806
1509 805
921 808
1243 807
998 812
432 810
618 815
1465 811
110 819
488 820
967 821
1127 830
1433 824
451 829
1080 831
1622 849
72 828
1496 835
493 835
614 840
1546 835
1255 844
287 840
479 847
236 841
640 843
89 844
314 844
503 844
215 850
994 854
947 848
1752 872
426 852
627 851
652 855
1433 862
1465 858
1830 869
839 861
1102 863
1380 865
321 866
1057 865
1519 877
687 867
734 867
1269 868
162 874
304 871
574 875
1352 873
1091 875
48 878
547 881
1227 881
1054 882
506 885
761 886
1244 886
490 887
518 888
695 888
1715 888
537 890
1047 890
1590 891
765 893
1362 901
1690 900
1439 900
1310 898
1541 897
1622 898
1324 898
904 903
1391 902
1628 906
491 908
561 910
806 907
1251 927
542 914
589 912
699 910
1293 909
1667 911
783 913
1402 921
1594 930
1651 953
498 924
1370 924
1502 923
517 931
969 930
426 929
544 933
1298 928
1452 927
163 930
201 930
1190 931
1403 934
1838 930
748 932
1500 942
504 933
605 939
882 935
1760 951
678 938
807 939
1432 947
561 944
346 946
879 945
1536 952
954 951
1006 957
260 954
674 953
135 957
207 957
232 956
291 956
1310 975
528 959
1256 956
1453 965
887 961
1214 974
1399 959
264 961
744 962
1189 962
1424 964
620 964
942 963
1231 966
679 969
1489 990
870 977
911 979
1383 982
668 983
1075 979
1712 995
542 1002
1056 981
1028 989
643 986
957 984
472 991
1067 990
1115 1004
303 992
323 993
560 996
883 997
1016 996
329 1002
739 998
695 999
828 1000
517 1006
1272 1000
174 1006
665 1016
1805 1006
1399 1019
1556 1022
1083 1014
1140 1011
1220 1012
1420 1015
641 1019
1195 1016
1767 1034
1030 1021
1253 1021
1060 1025
1614 1021
1108 1024
1329 1026
1458 1032
615 1032
581 1044
806 1037
959 1041
1128 1043
1364 1059
551 1041
1500 1039
1446 1044
1047 1047
1258 1047
126 1049
750 1052
775 1049
943 1054
626 1053
533 1061
1256 1052
1479 1063
740 1058
769 1058
1018 1059
1156 1059
1718 1059
598 1060
857 1060
1598 1084
482 1061
569 1070
1698 1067
1323 1074
1526 1068
515 1079
296 1074
778 1076
0 1075
435 1074
1122 1076
1460 1081
1503 1076
922 1086
1075 1080
1717 1079
1643 1086
149 1085
626 1096
654 1091
1479 1096
879 1089
944 1091
1404 1098
22 1094
1124 1096
170 1099
1165 1097
516 1101
722 1101
1733 1104
1345 1109
591 1111
705 1110
856 1113
1086 1113
1532 1111
372 1114
496 1116
532 1116
549 1118
566 1114
772 1118
785 1120
991 1119
113 1119
919 1124
966 1121
262 1121
1638 1121
1549 1134
1663 1123
516 1126
1134 1128
1400 1132
610 1134
1716 1136
1378 1136
1631 1134
145 1135
865 1135
1586 1148
1605 1137
629 1140
986 1142
512 1144
446 1144
640 1147
699 1148
1495 1150
895 1153
1094 1152
488 1153
1336 1158
1821 1154
94 1160
1420 1169
500 1160
586 1161
1715 1168
1399 1163
184 1167
492 1170
1788 1174
255 1176
1745 1178
876 1183
1067 1179
808 1182
1382 1184
564 1189
667 1201
1264 1191
1699 1188
943 1191
1421 1193
1642 1196
1741 1191
1558 1205
439 1194
1771 1203
1366 1195
215 1199
415 1200
1386 1201
406 1211
1317 1213
1323 1218
1380 1220
1244 1223
1493 1220
107 1225
1348 1225
1686 1225
1768 1226
