902 618
468 19
542 10
626 18
683 0
820 17
933 16
965 4
1121 103
1180 16
1325 0
1365 17
1388 3
1407 3
1434 2
1526 9
1631 9
1675 64
1769 75
692 21
716 16
1478 14
872 56
1298 25
1270 26
572 43
998 39
415 38
125 38
1020 37
500 42
548 35
376 45
600 64
525 47
1283 45
1423 60
956 55
794 62
398 60
741 69
939 59
1290 75
481 73
542 99
1353 99
1463 77
457 79
705 94
231 92
1216 83
428 92
1383 91
1239 88
1617 99
2 99
573 94
494 96
1435 104
447 111
728 108
1477 103
856 115
1031 113
1200 109
1530 121
1695 121
1274 160
1831 135
746 140
614 124
776 145
59 136
1450 123
13 126
891 130
19 143
1383 138
1011 151
1178 149
139 153
532 154
509 158
1037 161
1195 154
887 154
1331 186
431 171
1640 158
937 179
1063 185
539 165
127 187
544 199
499 190
706 188
913 190
999 198
1422 196
242 203
519 206
1210 204
1087 241
785 212
669 241
557 223
706 226
1373 229
1199 229
91 241
1032 232
1418 283
320 240
1682 257
555 254
1053 283
1233 246
1462 249
246 253
836 247
752 285
1032 250
1182 247
1214 254
158 263
885 268
942 266
332 269
1023 264
1327 264
1353 273
800 271
836 272
1507 294
1018 278
1182 278
340 289
1306 283
833 291
955 292
1103 288
1266 306
492 292
992 325
1548 293
1297 305
1029 299
529 317
1678 313
506 310
907 311
702 316
1318 310
1234 316
1195 334
1379 314
213 322
442 319
834 331
1474 342
1749 350
770 346
1832 351
1022 341
1146 336
713 344
1233 346
391 349
508 351
1039 341
1340 352
1530 380
1060 352
346 354
1279 352
877 354
1295 355
1314 354
812 378
96 361
89 371
912 371
964 381
994 378
550 379
1179 383
1613 414
744 403
1031 381
1066 392
712 384
1327 405
1131 396
705 393
1230 395
445 401
783 405
881 405
566 407
848 407
511 429
393 420
859 417
1098 419
559 422
1129 419
910 421
1155 432
1651 421
1034 431
696 430
1735 427
964 433
1291 429
1224 478
810 431
853 448
1370 451
103 439
462 440
578 442
1242 444
724 463
749 455
1045 451
818 456
1014 452
1445 464
533 452
1751 456
992 454
1337 461
1020 459
1704 458
479 467
570 466
693 479
834 482
774 492
1291 475
953 489
514 485
592 481
1003 484
1047 498
1501 514
374 491
1666 511
1023 493
926 512
1334 499
1282 501
1310 501
56 512
1104 504
345 505
1128 507
844 515
474 517
801 513
320 519
1154 523
524 522
1272 526
960 546
988 528
824 530
1045 531
1257 531
1023 533
1200 539
1682 543
377 546
1041 547
1568 567
538 552
718 559
799 554
1349 571
153 558
1450 572
1155 561
1094 562
1188 591
1332 561
653 569
1078 576
200 572
393 570
992 574
1689 570
1171 579
1095 584
1597 592
917 590
1496 603
476 590
1256 618
818 599
632 603
736 596
968 601
134 596
588 600
1222 598
714 606
513 609
473 607
656 612
858 607
1107 609
1401 632
393 619
1089 620
1761 628
771 623
1653 623
737 627
796 629
991 633
1121 636
1287 646
1542 634
466 639
1212 629
955 638
440 636
546 640
710 651
499 646
1228 674
1329 659
1090 653
1755 653
1062 675
1154 660
977 664
949 664
1437 672
787 671
1636 680
1595 672
1109 672
1500 671
1263 674
1807 695
813 687
1492 680
694 686
755 679
1209 681
967 684
548 685
762 686
487 689
1178 688
636 704
919 721
741 694
665 695
1413 735
728 700
410 703
848 703
1193 705
523 712
1066 717
1138 706
1292 733
539 709
898 718
999 718
1243 715
765 725
1151 718
1208 781
1254 736
1554 761
551 736
584 740
941 741
1836 746
1447 752
1152 744
1673 767
845 747
978 744
1065 746
690 752
745 753
768 754
1125 752
1244 758
1224 758
477 760
198 763
823 763
857 764
1114 767
406 768
912 805
341 768
665 768
629 777
1271 780
485 776
756 781
1781 788
1240 783
338 783
1004 802
1452 785
847 796
646 802
1318 805
502 797
577 798
1139 845
1515 821
465 806
750 817
1176 809
452 816
665 819
1194 814
818 819
956 818
481 826
1047 827
243 829
384 830
564 834
1094 828
169 838
515 833
1127 834
1541 839
737 835
1291 836
539 844
1218 842
1325 853
478 847
1010 849
530 851
782 853
1077 852
1686 869
1008 878
1070 880
607 864
1162 874
454 865
1829 865
1525 868
1302 874
926 872
505 873
480 874
757 885
956 888
630 880
732 879
1629 886
871 881
924 894
1107 889
385 893
881 895
1129 901
1164 912
84 903
789 906
1219 908
1327 923
60 911
1619 911
925 1080
1184 912
397 914
1293 933
1539 927
607 920
979 922
1235 925
474 922
757 921
691 923
1174 932
688 936
1208 936
1507 948
1124 943
598 943
910 943
1695 947
449 949
504 944
1377 956
57 951
559 950
863 955
719 957
922 958
1250 960
550 963
1621 979
333 967
645 974
1225 975
1429 981
1550 980
130 979
855 977
1063 978
1176 993
1207 979
593 994
483 988
850 995
941 992
1518 995
540 1000
362 1002
1222 1002
656 1003
1640 1014
829 1016
1208 1016
1290 1018
523 1026
1175 1027
1266 1036
376 1039
1223 1037
472 1043
823 1040
620 1041
856 1042
1515 1046
1282 1044
1548 1048
1325 1053
555 1062
1299 1087
1368 1064
420 1062
989 1077
1248 1084
564 1090
1398 1087
625 1095
451 1101
1349 1104
1556 1108
1367 1111
1204 1112
631 1118
428 1125
1313 1126
374 1124
457 1134
1175 1134
1281 1130
1430 1129
1686 1134
1311 1139
1278 1148
738 1149
116 1156
1497 1160
392 1163
418 1167
767 1167
454 1167
1417 1170
1479 1171
1312 1179
479 1175
472 1178
188 1184
834 1187
1173 1198
1553 1203
849 1199
1482 1213
701 1204
983 1204
1365 1204
1623 1204
1526 1207
1521 1213
107 1214
312 1223
1583 1224
1075 1225
