918 617
439 24
461 3
560 5
683 1
791 4
877 3
910 0
946 5
1079 26
1119 7
1177 14
1416 12
1466 1
1056 10
1342 45
753 44
1240 27
976 24
1021 28
562 35
892 31
1108 32
1591 31
793 40
1135 37
1385 76
1456 37
683 45
973 52
1119 40
1544 44
1578 47
474 45
843 47
410 48
1097 50
1604 61
1297 67
1565 63
1057 67
484 67
1081 62
1423 73
1014 69
1120 66
853 67
993 68
957 77
1031 70
1122 73
1044 78
1633 78
1080 85
936 80
1322 87
500 88
1025 88
1101 88
1546 100
718 105
1042 136
1147 91
1502 97
1444 99
1162 104
527 118
825 103
849 115
1119 106
1132 111
441 120
789 111
954 110
928 114
1109 117
1075 117
483 122
988 121
1087 121
1575 133
1121 127
1503 125
751 134
1164 132
1524 132
692 145
870 130
904 131
1231 137
976 139
554 143
923 138
959 145
796 141
1451 141
734 150
1085 152
907 147
430 156
719 155
877 165
1372 162
1537 166
563 171
1251 172
683 170
786 190
1223 174
412 173
928 180
1054 172
1002 171
1328 176
991 174
613 185
852 181
1471 204
517 192
743 179
1502 194
494 183
943 255
1379 194
1080 181
1193 187
457 188
892 186
1551 190
1090 188
1126 188
738 210
824 199
1434 200
1035 197
938 200
1410 203
1353 208
1527 218
931 209
443 218
1583 223
545 217
1364 223
128 216
1130 221
1336 217
498 228
472 226
1088 223
1059 241
413 230
678 226
697 228
1115 229
1031 233
1246 239
1404 232
587 242
771 236
1092 248
1379 252
687 247
1175 243
1206 251
1332 245
475 248
1027 252
1137 257
669 270
1348 258
1547 258
1079 287
527 281
1257 273
817 269
1041 267
772 280
1456 276
479 274
730 276
825 281
857 275
697 276
786 276
1048 276
1494 277
1220 279
1552 280
1144 284
494 285
1349 287
690 289
877 291
1541 292
1093 293
1379 293
648 317
1262 301
1304 303
411 303
861 305
708 306
735 317
1343 307
1363 305
850 319
796 315
1028 325
1059 317
1533 326
1374 322
593 324
934 323
1073 337
1146 336
791 326
1166 329
1438 341
518 330
1187 338
704 349
888 339
939 343
473 338
773 346
572 342
1010 340
1475 348
1348 344
667 348
1521 349
517 352
749 354
1398 354
1546 359
436 355
482 359
1185 361
542 359
1002 367
1002 426
1251 361
1324 361
1611 357
784 360
1404 368
1339 362
467 367
851 366
1068 366
507 368
1311 368
733 372
907 371
408 376
1352 378
498 373
676 385
486 377
943 377
1476 376
883 387
913 383
1051 382
1450 381
852 385
535 390
836 391
1180 383
1316 383
766 394
972 385
1517 387
1412 398
1489 393
808 396
896 395
1084 399
648 400
732 411
889 402
1473 410
435 409
869 407
1324 415
932 407
1449 410
691 408
1169 410
1123 410
1208 413
891 429
1231 417
1294 423
446 425
685 427
795 426
1070 423
1376 425
525 425
1481 427
659 431
1309 427
929 443
1151 430
470 432
853 434
745 433
830 437
1461 440
1494 439
705 443
758 448
501 443
526 448
1403 446
665 446
1120 451
1137 465
1260 459
803 462
897 456
1323 459
477 478
946 460
563 470
857 460
1188 465
442 464
1047 461
833 464
882 464
895 467
1348 477
665 475
1029 480
1118 471
724 474
769 474
981 484
1269 477
752 480
1442 482
534 494
764 483
1476 485
1109 486
872 493
440 490
640 490
1322 489
1365 492
988 498
1005 496
1060 499
1183 495
736 500
1264 499
1389 513
1506 505
834 506
1289 508
433 512
606 509
719 513
1036 514
1424 511
1510 509
885 513
962 512
1461 513
691 516
754 516
910 513
926 513
1328 515
1100 522
1305 527
1051 550
910 527
968 525
1466 527
877 528
1032 528
1045 527
1119 532
689 531
1343 536
734 534
792 534
984 541
7 535
1008 536
908 539
799 542
1312 541
697 544
1103 543
450 552
485 547
750 555
725 552
1285 560
1246 556
1405 558
971 559
1228 561
840 569
1070 563
649 573
1411 564
673 567
870 571
1009 575
1104 570
690 571
889 571
912 569
1252 574
1387 582
1448 573
1132 575
1424 583
666 576
788 592
548 586
1085 581
752 579
875 580
972 579
983 583
1299 586
434 588
568 589
1118 589
663 587
741 588
1187 591
1224 587
971 599
1013 589
1001 648
1169 591
500 596
698 592
1366 594
756 595
862 595
1068 595
1278 595
758 601
884 604
1318 601
408 602
1403 605
807 614
1287 606
489 607
588 611
731 608
1095 611
709 616
560 620
1157 615
770 631
1381 616
891 618
991 620
1269 620
1457 619
949 746
1399 625
882 624
1420 627
436 631
1215 628
1296 626
881 641
548 632
1279 631
1372 651
686 637
702 634
457 640
543 648
825 666
160 643
1354 644
865 658
659 649
794 648
939 655
515 655
1277 654
1409 655
455 659
719 658
1312 658
132 658
589 660
681 660
1058 661
1258 666
853 677
529 669
1444 670
490 678
967 675
1296 683
1382 676
522 681
671 677
1269 677
1328 683
1357 680
665 682
961 682
882 689
1208 686
442 687
590 687
651 685
61 686
526 696
623 692
460 693
506 699
637 705
1370 702
843 697
936 701
970 707
1238 699
1307 713
1346 704
1165 703
653 709
901 710
1272 708
385 710
677 710
1170 715
1247 715
1261 713
421 717
666 719
1007 733
1394 719
561 720
1129 724
1357 723
854 726
1239 734
1283 726
938 727
462 729
517 735
551 737
1345 734
1379 730
485 734
662 737
949 735
1200 735
1314 734
1768 732
584 741
1396 738
880 738
1153 739
636 748
493 748
453 758
1263 754
1532 755
510 774
658 758
1227 757
681 763
1162 763
1231 761
693 766
1318 771
425 765
1342 771
1376 771
704 774
1256 774
743 775
1119 780
1391 781
813 777
1242 781
1157 780
1265 781
317 784
482 788
1187 786
574 787
1269 786
461 807
699 789
739 792
1312 792
1564 791
686 795
856 794
670 795
753 795
1265 801
1111 802
1196 799
377 801
510 804
699 825
440 806
1279 812
579 807
1177 809
494 812
845 813
652 819
1306 816
1151 817
738 821
1102 819
1354 820
1138 821
1337 820
1835 821
670 823
1343 825
247 826
493 829
782 826
1236 826
1573 825
1144 827
1210 830
401 831
441 835
469 839
547 834
522 839
669 839
1307 850
579 844
850 843
1423 843
416 849
732 847
1218 845
1283 849
498 850
663 847
694 847
967 852
1140 852
210 851
460 849
620 858
556 853
696 853
796 856
821 855
483 857
233 859
321 859
372 860
147 862
528 867
648 865
691 864
491 868
1068 870
426 869
729 872
1336 868
468 874
1277 873
555 879
630 877
693 885
516 877
1214 878
652 886
1027 879
1060 880
1266 884
436 881
482 881
1247 898
621 885
1604 887
353 887
534 895
678 889
733 889
1083 888
1102 890
1391 890
550 891
1320 890
605 896
665 892
1017 893
1333 894
1304 896
958 899
1063 899
1146 900
1620 898
434 904
970 904
1129 912
480 911
1199 910
1297 906
528 908
451 915
615 912
688 914
224 912
507 916
595 914
654 923
1055 914
1288 913
237 915
951 923
1244 922
335 921
530 916
555 922
1278 921
680 927
462 930
728 929
1715 930
369 933
985 940
519 936
663 939
1229 937
1305 939
3 939
455 939
1730 938
486 951
1188 941
618 946
594 946
946 947
1082 946
1126 945
528 950
1238 947
1222 953
1647 949
63 953
683 954
1300 953
422 954
597 960
1078 954
1184 955
1167 955
698 962
1435 958
629 959
662 962
1043 962
1146 962
577 965
678 967
777 963
1114 962
1192 965
1485 966
1827 965
162 968
472 971
924 970
1071 966
1154 974
526 981
200 974
1478 972
1227 974
376 976
439 978
112 977
249 977
586 982
967 979
1562 978
800 979
1298 979
628 983
949 981
840 984
937 986
1281 984
469 989
974 987
1315 985
599 993
1029 990
1245 990
1662 988
643 995
1459 992
287 992
1218 992
496 996
1070 995
1133 992
536 1001
71 1002
199 998
558 998
1169 1004
1151 1007
260 1005
1196 1006
1304 1004
275 1010
747 1006
1097 1010
1223 1007
1263 1006
925 1007
400 1011
676 1023
1203 1014
549 1016
1567 1014
633 1028
1272 1018
926 1022
1145 1021
468 1021
526 1021
605 1023
1582 1023
328 1028
575 1028
289 1029
434 1036
484 1035
621 1032
949 1029
1107 1030
1251 1035
379 1034
1685 1034
103 1038
579 1045
1130 1037
562 1040
371 1047
444 1044
1185 1043
1224 1047
931 1047
1163 1053
328 1049
1735 1046
1794 1048
478 1055
529 1051
647 1050
684 1054
620 1052
706 1057
1783 1056
1182 1057
1715 1057
631 1057
1022 1064
1109 1057
1315 1062
1729 1060
97 1062
554 1062
924 1066
1208 1063
1240 1061
72 1068
1158 1064
1055 1066
807 1070
1165 1070
770 1071
548 1079
1122 1081
198 1078
594 1082
757 1085
1092 1080
1702 1081
298 1084
1290 1083
544 1086
576 1089
382 1088
466 1088
1247 1087
1575 1092
318 1092
912 1095
1634 1093
516 1096
829 1094
528 1103
637 1105
323 1109
519 1111
364 1110
1377 1110
384 1111
692 1114
911 1113
1178 1113
118 1112
599 1116
1108 1116
1774 1114
11 1118
544 1115
1238 1118
1554 1119
256 1118
569 1120
1174 1117
744 1120
1102 1122
101 1122
474 1128
1125 1123
669 1126
709 1127
261 1131
1291 1129
1075 1128
1224 1129
802 1133
997 1133
1409 1135
192 1138
295 1136
566 1136
618 1140
713 1138
1451 1140
584 1140
740 1142
889 1144
482 1146
1391 1148
722 1149
922 1146
801 1146
1222 1147
565 1151
907 1149
1005 1153
684 1151
1166 1156
1457 1155
43 1156
371 1156
823 1166
1052 1155
1153 1158
1724 1156
415 1158
954 1157
1090 1158
1103 1159
1329 1157
504 1161
783 1163
919 1171
1609 1166
1740 1164
91 1167
1208 1166
1295 1171
1488 1167
847 1167
898 1168
1118 1167
983 1171
479 1173
658 1180
242 1180
274 1180
1272 1183
580 1185
760 1184
968 1182
550 1187
45 1193
58 1191
813 1191
158 1197
1007 1194
1592 1192
564 1200
820 1195
536 1197
637 1202
349 1206
465 1209
577 1210
854 1214
304 1209
717 1212
872 1210
973 1212
299 1216
591 1215
743 1220
424 1217
403 1219
985 1220
1318 1222
1690 1217
919 1219
454 1225
954 1224
1824 1221
285 1225
500 1225
1830 1225
547 1226
643 1226
1352 1226
