917 619
99 43
338 19
396 41
644 18
680 7
787 4
820 6
932 20
999 0
1017 16
1054 0
1128 0
1148 44
1219 44
1288 114
1336 30
1502 2
1592 75
1704 0
1104 57
725 30
882 28
1406 23
1524 32
1042 24
452 91
750 26
784 26
1363 26
544 43
1267 36
1635 42
975 34
305 43
822 50
1412 37
991 48
1245 59
941 75
1405 61
186 70
903 54
755 59
1363 65
1480 75
971 69
874 71
1040 75
362 86
833 96
289 83
983 87
648 91
790 84
1669 92
720 96
917 94
1249 91
1049 98
1392 98
537 105
324 110
1312 149
878 144
1090 106
202 110
742 109
989 115
1213 119
1470 121
393 125
1042 122
132 134
246 124
24 130
67 132
1074 148
1514 130
793 151
700 131
1013 136
1211 170
1236 148
333 149
622 149
843 143
1129 155
108 153
1020 152
999 156
723 157
1258 159
970 167
1029 163
1346 168
133 173
758 167
924 167
569 174
390 184
998 177
442 185
841 187
934 178
715 187
1064 183
1135 199
1049 184
620 193
978 205
1113 189
466 197
1021 205
1317 191
511 197
539 198
683 194
907 202
425 202
1406 204
1065 204
869 213
141 213
1509 220
664 214
1182 224
1237 217
707 217
754 222
841 220
1062 226
180 225
1336 222
994 228
714 230
1574 240
811 233
918 253
437 246
512 249
784 242
972 249
821 249
1510 258
1269 252
775 253
1352 257
1654 277
402 271
1412 267
20 270
173 272
975 268
991 293
100 274
742 278
892 275
1051 272
802 273
316 283
703 278
1343 297
1706 282
1314 291
230 286
549 288
605 288
789 291
1063 301
436 310
678 294
871 296
768 305
951 305
368 314
505 308
1296 316
893 309
1466 330
167 321
802 330
462 323
901 320
967 320
1329 328
1165 330
991 332
1074 331
1428 334
1665 337
506 334
860 332
670 339
1112 339
1286 354
412 350
902 341
1010 343
1035 347
1418 365
979 345
831 369
929 355
692 354
108 368
714 358
505 368
967 361
901 391
1208 370
1260 363
275 363
767 366
1529 378
610 372
1051 370
798 372
1469 389
1315 376
1625 381
782 378
274 381
418 381
736 385
675 396
757 383
362 391
1008 386
1364 387
953 393
1230 394
1577 392
213 396
890 389
246 397
1156 407
1335 405
583 401
1646 406
796 403
128 408
418 408
781 410
1013 406
1286 411
1396 421
1027 413
104 414
503 420
1684 422
973 422
885 419
772 426
957 425
537 425
1011 427
736 433
164 429
631 429
964 433
1035 429
891 432
995 436
839 434
1430 442
1045 436
785 440
405 439
394 449
751 442
814 443
958 443
1026 444
843 443
1069 446
1049 447
242 453
779 450
689 461
191 452
956 471
1389 461
1491 465
1346 458
1034 458
733 458
919 460
1238 463
160 465
1557 475
1015 471
1113 485
1179 475
644 472
221 473
792 481
891 472
1074 471
415 484
1030 477
669 475
24 488
198 484
757 489
1091 484
931 488
987 484
1037 488
687 500
127 495
735 493
870 501
915 501
1005 498
821 517
491 508
975 517
750 506
936 519
786 515
405 534
1059 517
1345 516
1378 523
1675 526
878 530
1646 529
754 526
1604 535
658 529
1238 531
186 535
958 535
684 536
1022 534
1050 534
138 535
843 534
906 538
207 544
487 544
602 546
1283 553
1581 556
1022 559
1045 549
434 557
795 553
955 563
1399 560
1535 569
76 556
380 560
345 560
640 562
1337 560
880 563
730 570
850 567
926 567
1003 570
982 567
446 573
763 571
413 578
930 573
1053 577
863 578
1103 586
636 578
1023 609
124 598
1338 591
775 593
1046 613
880 594
1600 600
436 598
1369 605
946 602
1472 619
1259 613
460 621
701 607
386 620
406 612
1341 608
994 611
772 614
869 613
322 619
889 615
1507 623
961 615
1620 625
754 621
900 622
1070 672
801 628
1343 637
713 633
837 634
969 632
993 633
677 644
1052 639
744 642
863 640
905 646
968 645
1022 645
788 672
870 653
1179 658
1245 659
158 660
984 659
1032 661
1282 663
851 665
610 669
1516 687
928 669
1036 667
116 676
971 675
373 677
415 674
737 679
1206 677
907 679
1039 679
925 679
1609 688
931 685
283 689
857 701
1180 699
1239 706
645 703
1026 694
416 702
916 702
1004 697
472 713
791 715
824 706
965 709
1000 705
1041 705
511 710
1404 712
530 713
1025 713
708 715
108 722
1353 721
1610 728
986 725
348 727
1449 729
1052 731
770 733
954 733
1036 738
1238 742
754 733
900 731
1077 738
1567 740
677 736
825 733
276 735
879 741
996 749
168 743
301 746
757 742
383 747
51 750
1369 746
945 765
406 758
916 750
888 754
284 756
354 767
734 759
1183 762
790 775
882 764
1036 765
70 779
1022 765
1099 773
1607 777
101 768
890 768
430 773
862 773
984 771
1217 774
1270 776
1546 783
373 782
469 783
1064 789
948 784
1042 786
418 790
701 798
1412 792
663 793
957 791
1027 803
876 796
977 796
748 814
915 796
642 803
172 802
383 802
893 799
1339 805
595 805
795 814
102 813
961 806
903 817
666 812
881 816
1099 820
67 820
816 819
1619 822
943 826
469 825
441 831
781 828
1349 835
1408 834
690 831
1446 836
775 846
797 838
969 838
351 844
1590 856
808 843
1033 849
156 848
457 854
868 862
437 856
970 854
1622 863
957 859
1068 859
744 860
1006 860
1336 864
1382 865
701 861
842 862
883 865
674 869
754 870
1014 866
497 865
613 869
708 869
929 872
970 872
1032 875
413 875
1663 881
741 880
791 885
821 880
1252 881
466 885
972 902
1501 887
713 883
841 894
884 901
1024 887
1298 891
733 891
1236 895
1358 900
1392 907
155 904
491 902
652 899
1289 914
1335 912
88 913
512 913
821 916
889 1057
783 911
950 917
858 913
450 926
871 917
611 926
742 920
795 919
1316 924
1241 931
1569 929
343 930
958 927
1438 937
685 935
760 933
114 941
1618 941
396 939
544 936
1028 944
1310 935
708 939
851 942
324 943
805 942
1660 947
1135 947
953 947
1579 948
584 952
889 955
785 959
304 961
425 957
962 958
1307 962
1517 962
910 964
854 976
947 972
990 972
331 980
1018 980
381 979
886 983
934 980
289 986
915 982
1644 985
516 983
622 990
449 989
952 985
1295 986
900 992
1462 996
1526 990
378 996
842 994
1289 998
997 995
1546 1000
769 999
817 1000
884 1001
945 1000
489 1003
1191 1008
1572 1003
413 1006
452 1016
25 1008
334 1009
987 1010
1384 1015
1623 1014
9 1014
1090 1020
1490 1019
880 1028
1011 1023
1522 1034
1591 1031
1466 1035
495 1034
619 1037
1279 1032
1404 1036
653 1035
853 1033
1218 1044
705 1041
869 1043
1348 1045
1626 1047
412 1048
532 1049
457 1049
718 1049
1306 1052
1404 1062
1075 1080
258 1060
673 1059
1532 1067
349 1069
1575 1068
400 1071
459 1073
1509 1075
1201 1080
99 1079
424 1084
1356 1092
22 1084
522 1086
1601 1085
483 1088
147 1087
1409 1095
651 1092
443 1100
744 1098
423 1109
1333 1108
733 1114
254 1116
1174 1122
1489 1127
1219 1131
207 1138
1569 1139
1507 1149
923 1150
1068 1147
314 1150
486 1151
718 1155
579 1158
1005 1156
467 1157
1465 1163
494 1183
927 1170
782 1176
1609 1179
466 1183
723 1183
1487 1187
418 1193
930 1197
950 1198
559 1199
1280 1201
450 1207
220 1208
165 1215
270 1213
974 1224
1455 1224
720 1225
1187 1225
