909 617
148 1
236 3
301 3
331 4
420 2
489 0
1103 9
1304 2
1367 2
1442 7
1749 48
1406 7
1026 11
1212 11
1325 8
1737 13
1279 11
1390 23
1654 23
1223 34
1263 22
441 25
924 25
1426 22
1340 38
1369 28
301 40
1294 41
548 57
703 42
1097 39
1065 39
1399 50
878 47
275 49
1048 45
439 53
768 54
995 45
171 63
969 69
801 65
18 74
1190 65
332 77
75 87
1038 77
1298 70
1360 95
1407 71
283 85
478 76
704 81
383 81
1136 83
1177 86
1388 88
370 103
1067 94
1161 92
734 100
1198 93
1265 124
659 104
1395 94
881 103
1201 108
307 112
341 108
854 108
1515 129
402 113
1296 111
1325 120
1402 125
1097 114
1158 114
1230 112
355 124
708 123
1218 121
514 125
1056 126
416 127
1184 127
450 144
681 140
907 131
988 136
1114 129
722 158
871 136
1295 139
1352 133
334 138
812 158
968 150
1366 152
489 153
652 151
1203 155
1036 158
1229 161
1113 157
1289 161
1121 167
1318 175
1411 168
1613 178
1667 176
342 167
589 177
1284 176
940 176
1341 174
901 179
1140 187
1220 177
962 190
1178 185
562 185
1020 186
1248 183
223 186
1488 188
1054 196
1207 197
1354 188
1258 191
640 209
695 203
356 201
793 203
1275 196
1247 198
1410 214
1835 204
816 211
1110 210
337 216
892 224
1008 228
1178 214
281 225
1359 220
1030 217
615 226
960 225
1331 226
779 227
1189 227
1303 243
1495 222
1611 239
982 230
1225 227
1203 229
655 237
845 242
1155 230
463 231
1058 233
1387 232
365 246
748 234
1143 243
1335 246
1068 243
426 245
711 250
954 246
468 252
1165 246
1253 250
760 249
1238 255
790 261
1258 257
1417 261
1015 265
181 274
434 267
1219 263
1234 264
334 270
720 279
944 267
1157 269
1253 267
283 272
1293 272
1360 289
1125 280
1479 273
1198 276
1250 280
1467 275
1205 300
1296 301
965 288
1640 285
1160 287
700 306
933 293
1306 292
1705 293
1026 304
1073 298
982 320
1254 301
1429 303
1235 301
652 307
949 306
1172 309
449 309
1264 308
753 313
1692 314
1010 322
177 328
397 324
1158 320
1050 322
290 336
367 329
816 324
1121 326
1219 333
720 330
797 335
1195 333
1267 344
1397 334
445 337
824 341
1096 334
1162 335
1337 343
147 348
1420 343
1133 348
471 352
551 344
1745 354
1210 351
1227 350
1296 347
1316 372
682 351
723 362
1665 353
1072 354
392 367
581 363
1165 372
1193 364
1543 363
1220 368
1242 365
494 373
1270 428
1782 372
446 374
1131 375
374 376
958 436
1367 384
302 384
1260 375
1732 375
953 377
1209 382
1690 383
645 394
1060 383
1230 384
542 391
1141 388
1706 407
1059 392
1094 392
970 395
1001 394
900 397
1019 396
884 400
1564 415
1797 405
629 400
727 431
1084 407
1150 411
1286 402
1339 432
491 406
671 410
829 428
1202 407
213 413
799 411
1040 408
1232 414
476 410
992 411
1128 410
1628 413
582 415
362 425
1056 415
876 426
1465 416
175 426
1105 420
1122 420
323 432
1401 429
640 429
1068 426
424 428
609 429
1099 431
1203 433
1220 432
776 438
903 437
1081 436
1123 439
1191 437
1225 437
709 449
1234 443
1764 447
1314 445
338 449
1369 452
1019 461
1700 458
1110 462
1060 456
1152 464
394 459
1178 464
1310 461
553 463
708 474
925 471
1062 470
461 472
672 476
1545 480
379 479
1036 477
1828 503
800 485
412 483
624 493
1105 494
1634 503
1431 508
980 490
1224 497
1173 491
393 498
489 495
1094 491
830 495
951 494
1013 498
439 498
1056 495
1143 496
1206 500
464 498
781 503
662 505
913 503
1077 501
1323 510
1521 501
570 518
595 506
1147 506
1742 517
1060 506
1171 506
718 521
937 515
1246 534
814 521
1172 525
1194 549
1381 531
945 523
970 525
1146 541
826 529
478 537
1313 530
1018 530
1092 530
652 539
1649 539
615 539
674 550
1050 539
495 541
361 546
435 548
915 543
1285 547
1587 542
1162 546
1061 553
1479 557
742 551
890 550
728 553
918 551
1309 554
643 555
1118 555
1437 555
1601 555
692 556
946 694
882 560
954 560
1746 561
328 568
1572 561
1796 561
110 564
993 566
1553 567
461 564
508 567
1012 566
493 570
743 583
1215 578
413 575
1260 580
358 585
559 583
866 576
1283 575
1337 577
925 581
1034 577
1301 593
1702 583
1738 592
1072 583
984 582
1179 586
435 586
893 587
1768 586
388 590
682 590
1241 587
1540 588
1460 589
457 590
1046 592
1207 593
1371 599
1021 600
477 600
866 597
438 603
1167 599
1270 603
1678 600
234 616
1562 601
970 604
9 605
937 606
1035 607
1559 606
404 614
1540 609
993 609
1413 609
839 612
913 611
313 635
521 617
649 614
1094 617
1227 615
1162 621
1197 617
1279 618
1383 619
1727 621
540 617
1236 632
1372 617
1394 629
436 626
1365 634
429 654
889 629
1075 634
1152 631
1342 630
507 633
1321 644
440 637
554 636
1022 636
459 638
872 638
962 642
1203 643
1573 646
864 644
1482 648
467 648
522 645
901 648
1149 645
1617 645
372 648
501 651
1054 648
1750 655
332 652
1434 656
1627 650
923 654
1168 669
271 665
606 665
841 660
1468 659
1193 671
1371 662
1017 665
1341 666
516 666
1265 679
1492 673
882 670
1590 669
496 672
535 674
582 670
601 674
1290 675
1385 674
390 679
921 675
1245 678
1468 676
1600 674
1749 681
652 677
1024 680
643 682
1223 685
336 684
445 683
949 683
1129 687
1451 683
1656 716
1788 698
876 688
1294 693
1440 691
628 691
1141 692
494 694
533 693
399 696
448 696
1155 699
1734 700
469 697
1177 699
1229 698
1521 697
296 710
721 702
1494 712
1556 699
676 703
1369 730
320 702
1274 709
615 706
1122 708
1302 707
1225 709
1238 708
1251 709
1380 708
1832 723
418 711
714 711
956 713
337 720
1206 719
1425 723
1128 723
1154 722
1531 719
1697 724
1406 718
592 721
612 723
1618 725
451 725
1769 726
783 724
1312 724
71 726
741 742
1170 729
134 728
379 748
1281 728
1301 742
502 733
542 737
841 735
1140 739
1591 733
1446 736
804 739
1210 736
448 739
471 747
1340 746
411 742
1473 743
1549 742
1232 743
229 747
453 748
586 750
635 748
261 751
556 751
1194 756
495 751
1104 756
1567 762
1643 755
212 753
1617 760
40 757
854 761
1334 764
1747 772
270 764
909 761
1310 760
1361 760
101 764
1418 767
1383 767
848 767
1176 767
722 771
803 770
1155 774
444 773
936 772
1101 774
1182 774
1221 790
457 786
761 773
1235 773
1673 781
890 782
1293 781
377 776
870 777
1596 778
1623 787
777 782
959 781
1095 782
420 786
732 796
867 784
1143 784
336 792
915 791
307 789
553 787
714 788
434 792
597 790
1164 790
1810 791
806 800
1363 798
366 794
1419 795
1445 794
1521 794
480 805
610 798
625 797
783 796
881 801
1473 797
1771 797
429 799
1820 804
1480 801
1506 802
1685 804
560 805
1013 817
1839 810
1164 808
1329 810
1443 812
766 812
1742 814
381 815
706 816
822 816
1175 868
1382 815
1527 820
1562 816
1780 819
1627 817
109 820
1115 822
1308 823
266 824
476 823
1413 822
1709 829
956 827
1245 825
1402 827
1462 828
412 827
847 829
1065 837
1601 828
381 845
699 830
1810 830
506 832
1109 832
448 841
1090 840
1295 835
1411 835
1564 843
404 836
423 838
309 838
1005 844
1391 841
176 839
543 841
581 840
1210 839
564 843
622 841
777 843
799 845
1468 845
496 844
182 845
1669 849
576 848
630 847
1132 848
1259 852
1605 864
698 877
469 851
1425 851
1532 855
1718 862
1770 854
1831 858
558 853
497 864
1807 854
84 857
786 857
1461 858
750 859
1330 859
1401 859
1032 861
1386 861
434 867
478 863
601 865
630 866
1241 875
1338 865
765 868
1099 867
1269 869
1052 869
1550 871
1797 869
115 872
248 871
1448 886
635 879
740 885
1368 875
1679 878
1099 881
1406 879
763 881
1136 887
253 884
1217 887
1651 886
434 887
716 888
1623 897
497 894
1527 907
1547 889
426 894
520 893
1686 898
1090 902
440 903
477 900
1783 907
764 905
1000 903
1423 909
1128 905
698 905
1497 914
777 910
949 909
1561 914
377 914
401 910
718 913
541 912
1217 915
1291 919
1134 916
1310 931
457 916
702 923
1471 925
1590 925
750 926
670 925
480 927
526 925
1103 926
1396 925
338 929
724 928
802 928
452 929
1743 938
1811 937
563 931
941 936
778 940
1351 935
694 939
714 936
1045 936
1236 943
1663 938
397 941
526 938
584 938
375 940
306 944
615 942
725 949
796 943
1072 943
1116 947
463 946
1430 946
569 948
55 954
1182 952
231 952
649 951
1522 972
1046 960
1113 970
1256 956
1295 961
1489 957
1658 961
442 958
742 958
1449 957
1747 965
1633 965
449 962
684 961
1815 964
1166 963
737 966
751 969
1371 965
1455 968
483 967
512 966
1220 972
694 972
1433 983
1504 970
1562 977
434 977
455 973
548 972
379 974
589 973
730 973
1606 976
329 977
1187 981
557 982
585 978
616 986
1388 977
525 979
642 981
1081 980
1669 982
462 981
709 985
314 983
908 983
1723 991
541 986
1393 986
440 988
728 991
576 990
1398 994
1502 995
601 999
1360 996
1590 1006
1678 1003
450 1000
521 998
720 1010
1102 1001
1242 999
1324 1003
884 1004
1119 1001
1262 1002
392 1011
657 1003
1019 1004
1478 1007
262 1005
373 1008
536 1008
1133 1013
45 1011
280 1016
1090 1017
1756 1017
484 1013
681 1017
434 1015
463 1016
696 1017
955 1016
1403 1017
1578 1030
516 1020
1789 1018
738 1019
1353 1028
1437 1018
80 1022
1012 1020
1115 1022
1181 1024
703 1030
1525 1037
618 1026
746 1025
430 1029
368 1032
1079 1035
1446 1034
1053 1036
1746 1035
1020 1035
1408 1036
1376 1042
1667 1041
932 1041
1199 1045
1222 1048
1739 1039
621 1042
1468 1042
377 1042
1296 1045
699 1045
1349 1049
733 1052
1070 1048
1112 1047
1138 1047
127 1050
577 1052
1644 1049
32 1051
202 1051
446 1051
509 1052
716 1053
1764 1051
926 1053
1502 1055
456 1057
691 1059
1279 1056
367 1059
424 1057
592 1058
769 1058
986 1058
1039 1058
1694 1059
1743 1060
1131 1062
1233 1065
392 1068
1007 1072
564 1067
627 1064
1107 1075
361 1069
200 1069
1550 1074
707 1079
1707 1080
446 1074
763 1079
1218 1073
1392 1072
1479 1074
1055 1078
1199 1078
1617 1077
747 1083
1262 1078
1369 1090
941 1081
1600 1078
1680 1080
303 1082
371 1080
1139 1084
415 1086
552 1083
681 1087
1081 1085
1347 1084
1493 1084
462 1090
1430 1090
1502 1095
655 1095
695 1093
1093 1096
1280 1093
1210 1098
1176 1105
1245 1099
399 1100
1414 1106
1637 1103
1823 1101
1085 1103
241 1105
1113 1106
370 1111
1240 1109
1590 1111
594 1110
1432 1112
1453 1112
54 1111
1298 1126
1484 1113
1724 1112
449 1115
1092 1117
1193 1112
1363 1115
1507 1116
1574 1113
723 1118
875 1119
343 1119
990 1119
1035 1131
1348 1121
383 1121
604 1122
1225 1124
657 1124
1613 1123
608 1134
1176 1133
1630 1126
665 1128
348 1133
378 1131
440 1132
593 1133
910 1131
1066 1129
1249 1129
700 1132
1112 1142
1130 1131
1457 1147
1532 1132
1613 1137
1054 1138
1278 1138
1325 1138
1525 1139
874 1138
1354 1141
439 1142
1071 1142
1098 1143
1571 1148
50 1143
322 1143
709 1144
892 1144
932 1145
1018 1146
793 1145
1199 1147
697 1150
722 1149
1243 1147
1376 1146
1505 1149
1649 1146
965 1153
1149 1149
405 1162
655 1153
1172 1156
1430 1155
670 1156
950 1164
1 1157
648 1160
893 1159
1143 1157
1541 1158
678 1158
1792 1161
488 1165
585 1166
978 1170
1302 1163
1422 1172
1554 1162
1571 1165
1243 1166
1365 1165
862 1167
1011 1172
1357 1169
1471 1172
1494 1173
1754 1173
726 1171
784 1171
1117 1173
1186 1175
674 1179
806 1172
1299 1173
1148 1177
1589 1176
1464 1177
647 1179
1317 1180
1674 1179
480 1181
524 1181
944 1183
891 1189
964 1183
993 1184
569 1186
1525 1186
1277 1187
687 1190
1042 1194
1135 1191
617 1205
1404 1192
1483 1191
1533 1192
831 1196
1590 1199
657 1198
1193 1197
1220 1198
1313 1197
957 1205
994 1200
1357 1198
1110 1201
1389 1203
799 1207
1410 1204
1524 1202
1047 1206
1253 1209
650 1213
1269 1215
1434 1218
978 1211
1122 1213
786 1222
797 1217
1375 1222
1575 1213
634 1216
1154 1217
1307 1223
1543 1223
997 1217
1217 1217
1500 1217
241 1224
623 1219
768 1220
18 1224
933 1225
222 1225
424 1225
1104 1224
1179 1224
1407 1225
1570 1224
1776 1225
854 1225
884 1226
1194 1225
1355 1226
989 1227
1246 1226
