911 620
183 8
218 5
283 11
387 14
527 78
649 2
786 32
845 24
926 3
974 19
1184 21
1220 11
1282 0
1545 22
1585 21
1684 2
1815 98
456 22
700 30
174 34
1124 29
1405 43
84 50
1667 65
1733 54
299 56
1302 49
964 53
1230 50
892 56
1077 58
1278 66
1121 60
1571 76
812 67
916 67
996 66
466 70
1195 65
1039 80
1175 71
68 69
419 72
855 80
1303 79
770 90
353 88
960 98
998 114
1078 102
326 90
799 112
1146 92
262 94
918 103
1494 99
1629 101
1237 103
898 104
681 116
1120 108
1192 114
399 152
1572 135
1114 155
1211 127
609 122
647 130
178 133
260 129
818 129
1370 143
1194 129
1724 144
210 141
1458 146
721 137
517 137
561 143
1146 137
1186 139
1264 136
1834 145
951 148
1521 144
337 155
429 143
500 150
342 140
391 141
1246 143
460 145
379 146
467 147
825 157
258 173
641 180
698 159
1009 162
179 161
574 230
601 170
971 165
1200 155
1310 155
1226 155
460 180
587 158
670 158
732 211
574 166
677 164
1207 165
1268 167
361 170
716 174
798 208
1438 192
280 179
665 179
1147 179
505 181
436 182
919 192
1009 182
1774 202
195 187
1056 201
1129 198
305 195
422 188
1585 192
363 195
685 193
93 198
284 219
495 226
708 197
1521 209
384 198
1487 220
821 201
1834 231
657 229
1098 210
1158 213
1203 212
1382 219
431 217
484 211
628 209
1355 223
467 214
340 217
1234 226
1285 217
151 221
405 225
1271 229
931 232
337 233
1109 264
1561 250
23 239
421 254
909 241
1010 237
1188 241
176 243
266 253
993 242
1149 243
808 244
1798 261
499 295
375 246
772 263
1678 262
336 251
802 283
1062 270
941 253
1175 256
145 253
353 254
367 254
861 263
1221 257
310 261
948 266
142 264
975 272
1010 268
1135 263
13 268
357 266
835 270
383 279
754 273
1166 270
1210 274
437 273
1142 272
292 279
680 286
1331 307
257 280
360 285
1175 281
723 288
1190 285
146 284
399 288
1455 296
610 295
1137 290
909 314
415 296
556 303
1121 298
1786 310
768 306
1172 308
1000 306
970 331
1249 308
611 308
1214 313
414 327
825 312
1009 319
1039 318
836 331
787 323
314 324
943 331
1724 333
1111 332
995 330
1133 337
1776 371
768 338
1198 341
1011 339
378 349
1180 341
532 356
789 353
1368 354
1479 358
883 350
1209 366
405 351
736 356
1036 349
456 354
566 357
904 355
1838 360
274 362
1094 356
301 364
1153 357
392 360
169 364
233 368
690 376
977 364
150 374
950 372
1536 382
552 375
1133 384
205 379
1055 380
985 383
1100 378
795 395
1007 405
1388 393
497 397
1826 400
862 401
1294 395
918 463
1441 394
759 393
1582 404
1479 460
1411 402
79 401
751 406
980 402
1112 402
1165 404
1184 404
191 408
242 412
212 414
463 413
533 414
1226 412
1548 428
799 431
335 424
974 419
1205 421
555 419
1028 445
1060 430
1166 437
308 431
829 435
1594 439
980 448
769 435
1126 435
543 440
943 438
655 443
1133 441
284 448
520 443
767 459
1004 444
1230 450
204 451
336 446
456 452
507 447
479 453
1093 447
863 461
716 456
955 450
1203 459
1835 463
253 453
1118 454
1315 460
833 478
264 467
406 467
543 469
1136 466
30 468
1130 507
428 474
729 476
966 476
232 478
465 487
1062 498
536 504
1415 493
1637 488
35 485
879 489
1009 495
739 490
1566 500
281 496
488 496
953 496
768 494
244 497
805 519
868 498
1184 499
429 520
1377 503
1333 512
345 505
134 507
708 512
1251 518
404 510
847 520
976 511
102 517
1625 520
776 531
177 516
964 516
1097 518
360 520
547 520
232 522
984 532
482 531
517 532
700 534
722 533
1309 527
831 535
1026 529
1223 533
1714 558
917 542
943 536
297 544
336 538
358 537
174 542
149 548
1061 546
1438 547
475 558
874 556
228 552
520 556
783 554
954 568
188 560
590 553
1266 556
1458 559
1140 558
684 563
1016 564
1304 572
368 570
928 565
288 562
450 564
530 565
972 564
1072 567
1619 577
101 569
780 577
839 571
442 570
1038 575
1128 569
277 571
995 572
1107 582
514 596
610 574
1785 580
1477 581
688 581
1144 580
749 584
1673 589
266 582
916 583
1165 587
23 584
803 590
825 588
334 591
602 590
384 592
775 596
1505 599
169 595
485 595
977 605
1047 593
467 595
1014 597
1083 594
422 597
621 598
806 622
939 599
701 615
1043 602
1338 606
1800 627
912 609
264 608
934 610
1725 628
553 611
759 616
1427 616
1571 624
1078 619
182 617
272 617
847 624
363 623
421 639
644 625
722 631
493 625
594 630
1162 629
746 629
1041 628
180 638
788 638
935 633
556 645
1060 655
1089 639
1119 639
680 639
888 639
581 647
756 642
904 641
1321 651
647 643
849 647
925 684
1000 653
1469 652
197 651
516 688
969 663
878 650
943 649
1401 649
401 651
1151 656
1301 652
1430 666
797 659
701 659
893 663
1093 659
725 661
677 669
929 666
1158 669
1564 669
352 668
402 665
743 683
851 665
1033 666
1585 688
101 667
415 667
579 671
692 669
1212 674
945 674
1246 670
805 674
1103 678
1647 689
1822 679
443 675
600 677
395 680
460 677
721 679
1332 685
1758 687
432 686
81 684
262 686
822 681
1069 698
334 688
951 685
218 691
1044 688
1122 686
1150 685
1168 687
1252 700
156 689
694 689
761 696
1138 689
31 695
120 692
374 691
615 699
662 695
682 698
1536 702
541 695
970 713
899 709
291 701
352 702
641 703
1411 704
53 705
651 712
778 708
807 706
1489 719
841 712
94 710
859 711
602 718
797 721
1147 717
186 719
729 716
1038 720
730 729
828 722
1441 725
860 741
1115 731
276 725
524 727
1086 733
1541 758
1314 731
1291 735
420 731
468 733
551 742
485 739
890 982
915 751
1265 739
232 741
809 742
1250 748
517 749
607 748
406 752
462 756
1071 767
1051 752
943 756
432 756
1167 769
1391 799
1416 771
530 763
1334 782
352 766
593 767
816 768
1122 786
516 774
654 770
189 775
607 780
837 786
476 778
941 783
322 779
402 780
101 789
533 790
712 787
499 785
743 784
1045 793
211 796
1457 809
561 794
420 795
607 796
672 797
909 798
869 802
316 802
1057 818
718 811
817 805
374 806
496 807
965 808
1108 806
1323 807
325 808
392 808
456 812
547 811
698 807
884 809
1716 824
668 818
525 818
599 813
637 821
422 818
499 819
42 817
130 820
445 831
687 828
941 824
1314 822
718 826
1354 836
25 827
289 828
740 831
921 831
963 837
1089 840
1761 837
654 834
553 842
575 836
720 836
259 838
369 840
1673 843
185 842
1184 843
478 844
612 847
643 841
847 843
881 847
347 846
695 846
793 846
818 847
1406 849
1516 857
924 849
1336 855
90 853
262 854
896 852
1046 852
1652 865
529 854
661 856
1061 858
1098 854
438 865
998 858
1606 871
470 862
495 860
792 865
425 864
628 864
1084 865
679 864
829 914
888 867
925 868
687 870
235 871
1188 870
154 873
220 875
302 875
503 876
535 874
5 874
194 881
567 877
989 880
1092 876
654 876
666 881
704 882
209 881
1080 881
286 883
1064 884
1463 897
1503 908
271 886
480 888
924 900
1149 886
1690 906
222 891
1097 887
1741 890
394 890
431 891
507 895
604 892
2 891
1086 894
639 915
707 894
1137 899
1593 901
489 897
538 905
685 906
405 903
1237 909
447 904
1063 912
1371 905
474 915
130 919
897 913
72 912
1124 915
404 916
440 920
500 923
575 918
698 927
1331 929
417 935
398 922
1411 932
538 924
1309 924
886 931
354 929
662 928
449 933
547 938
305 932
616 940
670 940
1080 940
602 946
110 941
586 944
653 950
1582 950
1669 965
495 955
579 948
612 947
334 955
390 954
525 960
76 955
1223 967
311 957
558 958
765 959
1357 969
1475 965
203 962
906 962
1723 963
589 964
449 979
568 965
1265 975
1437 967
400 969
810 973
557 976
1073 973
533 979
415 977
864 975
501 977
1766 984
603 985
792 982
572 986
639 986
136 987
370 990
510 1000
1093 992
1183 1014
1401 997
436 993
1076 993
1307 995
464 1010
344 1005
255 1007
635 1006
402 1016
598 1010
659 1006
140 1010
335 1008
1077 1014
1379 1017
47 1010
489 1013
696 1014
710 1013
1307 1020
1608 1022
548 1028
683 1025
1651 1021
449 1023
477 1022
1270 1020
1699 1025
1638 1032
324 1032
469 1037
1206 1031
1317 1041
1538 1040
190 1036
576 1033
656 1034
167 1037
596 1035
434 1040
142 1040
601 1038
1370 1045
453 1055
1339 1047
648 1048
671 1043
176 1046
379 1047
395 1049
209 1052
351 1053
252 1054
614 1061
665 1059
127 1059
640 1059
219 1064
553 1061
710 1064
1599 1062
299 1063
411 1064
1547 1068
593 1070
175 1069
513 1067
126 1074
196 1071
283 1068
758 1073
849 1077
917 1075
1391 1079
558 1080
487 1078
1254 1079
263 1087
415 1080
536 1079
194 1082
991 1086
1091 1083
501 1087
672 1085
879 1083
1465 1092
1043 1099
715 1105
747 1091
904 1091
1498 1104
535 1096
792 1095
657 1101
57 1100
358 1103
468 1099
1009 1104
1598 1105
232 1103
280 1103
674 1104
804 1108
1575 1105
78 1109
586 1107
698 1111
739 1107
201 1112
494 1110
534 1114
750 1122
905 1112
294 1112
477 1118
1230 1111
1252 1113
1400 1115
513 1114
606 1113
569 1115
860 1117
157 1119
789 1117
837 1124
553 1131
239 1122
417 1125
498 1125
186 1128
519 1127
115 1131
250 1128
459 1132
1257 1134
1234 1135
233 1134
1489 1149
1321 1140
591 1138
1299 1145
363 1142
569 1140
966 1141
1447 1155
1580 1140
485 1141
777 1145
813 1145
513 1146
888 1144
1081 1144
1249 1145
124 1147
748 1153
496 1151
858 1151
673 1154
462 1156
596 1158
442 1162
849 1162
967 1162
473 1165
1222 1170
22 1168
1010 1167
603 1171
1548 1176
452 1174
726 1183
739 1176
852 1175
1174 1174
764 1175
1116 1175
1164 1177
1329 1177
1024 1180
336 1182
821 1189
1008 1184
395 1185
554 1189
294 1191
409 1197
659 1188
747 1194
1075 1189
1312 1189
639 1193
1156 1191
448 1196
1234 1198
577 1198
238 1200
311 1201
1541 1200
810 1204
57 1206
232 1217
1103 1212
1217 1212
827 1210
338 1216
546 1213
437 1216
738 1217
1317 1222
123 1223
250 1224
309 1225
519 1225
989 1225
433 1226
493 1226
1407 1226
