904 616
288 0
533 6
587 7
851 2
943 1
986 12
1078 1
1113 0
1190 6
1223 4
1271 1
1402 30
1492 5
1822 44
1360 10
193 11
922 15
1254 14
1470 15
1550 15
682 17
888 30
1515 34
592 36
942 58
616 42
1034 37
997 51
1072 38
659 52
237 54
521 55
973 53
1524 53
897 56
1137 55
1358 54
1472 56
1160 58
764 67
1428 66
1536 75
1196 95
919 79
1089 86
1757 90
890 85
1459 81
1303 85
1176 88
970 95
365 100
1429 96
1298 119
1257 110
1225 118
1375 105
598 111
1004 131
1695 131
1389 116
479 116
1175 117
1358 123
1116 121
1421 125
1471 125
907 157
1146 125
576 128
1402 126
465 133
556 127
614 133
1439 131
418 142
1170 144
1573 138
1197 149
488 149
1480 143
1449 144
1127 150
209 154
1488 157
1219 156
650 165
1537 161
1009 162
881 163
977 164
1267 179
819 170
1477 171
1597 196
916 177
1193 184
1573 173
875 233
804 178
856 180
985 183
1347 185
1078 191
1759 194
386 188
1437 186
1487 189
863 199
1827 207
536 204
580 201
1323 199
1356 196
610 200
1130 201
1297 201
644 206
800 214
927 203
1492 237
1250 211
1373 218
764 215
966 219
1088 221
334 220
1327 222
1211 217
944 224
1065 224
1130 229
1263 225
658 230
681 231
1208 266
468 230
1022 234
1287 229
542 235
567 233
1171 232
1207 234
1339 232
201 239
1405 234
820 246
1451 240
1795 256
950 248
1148 240
507 245
623 247
1345 252
928 243
1262 245
1694 276
804 245
486 255
1615 266
1134 255
467 257
1163 260
1440 260
720 260
858 261
932 260
975 264
659 266
1013 264
285 265
1119 273
1277 272
1526 264
262 269
938 268
1373 270
502 276
867 277
806 271
926 275
1387 270
1247 274
427 277
696 278
1441 276
1314 279
968 292
1502 304
573 289
1096 292
889 291
1463 292
848 294
476 297
754 300
807 295
920 306
1010 297
1434 310
666 302
859 301
880 308
1470 301
633 310
838 323
1390 308
1412 305
498 313
855 310
1120 317
1326 312
1198 327
73 318
320 320
221 323
595 323
729 321
1299 321
957 323
1267 322
1026 327
1083 333
1241 333
616 341
1107 338
1392 338
789 346
1227 341
907 346
238 351
1288 349
205 354
853 356
933 361
1094 368
1475 368
549 356
771 359
996 357
1338 356
815 359
1028 358
1319 357
509 360
1013 361
1148 365
607 367
1593 382
841 382
895 369
1268 388
872 377
1356 377
764 375
992 375
1212 377
1383 374
1729 375
420 378
1827 392
621 387
649 385
542 388
1346 387
554 390
903 395
1016 389
1130 390
462 393
509 392
1091 393
1679 400
401 396
1435 408
764 408
427 400
532 404
1192 402
1038 404
621 407
1182 408
1234 417
1310 408
1722 414
879 411
1171 410
1196 409
1288 409
718 415
839 417
867 470
523 419
643 419
1213 421
1124 429
1069 421
200 426
421 427
1347 426
934 437
505 431
1102 431
1359 432
285 435
1281 431
991 434
1180 435
488 439
1236 442
1185 439
593 444
821 446
887 444
1702 446
562 450
1143 455
1756 471
907 451
997 449
309 452
518 457
760 455
832 452
1184 451
1244 453
1069 459
1351 459
283 462
555 460
619 478
778 464
367 464
587 466
395 463
1394 469
1595 470
1818 486
542 466
813 472
1029 475
1248 470
529 471
980 474
491 478
643 477
924 480
251 478
1319 481
397 479
962 480
1335 480
1148 485
818 484
1067 484
1201 490
705 490
658 491
989 508
1142 490
829 492
1134 494
794 498
579 497
1157 504
1219 501
563 504
1275 504
1297 503
336 510
698 511
1126 508
1289 508
519 509
1020 512
400 512
652 513
1245 515
784 518
624 520
1393 519
688 521
957 524
434 524
1200 526
906 739
928 526
571 535
1531 532
1561 539
1041 529
1076 530
1218 530
640 535
768 536
1182 534
1341 533
1315 534
1471 541
376 540
860 539
875 541
1035 585
1286 549
1620 545
1400 549
1663 560
1239 560
829 547
1327 558
520 549
890 551
1212 549
394 551
1176 579
289 556
499 552
607 556
802 558
1517 560
489 559
848 564
1830 577
579 569
1347 577
1404 572
1499 565
554 569
1446 572
525 571
641 573
1762 580
365 575
474 572
1123 575
223 575
603 576
797 588
887 582
1144 584
1263 575
574 579
712 579
1541 580
978 581
1249 581
495 582
468 584
698 585
651 591
906 596
1080 598
1636 595
408 597
850 598
1209 599
234 598
399 601
506 602
958 601
535 604
891 606
985 608
1443 611
1772 615
600 615
1486 608
526 614
381 612
719 615
843 614
813 620
1297 616
1385 617
181 617
442 617
647 617
386 621
874 624
1104 624
1204 623
901 624
1309 635
957 626
1239 647
1656 639
542 628
667 629
1082 631
400 630
468 629
822 629
1008 637
1479 634
593 632
1197 632
1040 643
1569 635
1588 636
955 639
830 640
1072 641
1602 641
578 654
365 646
658 647
836 647
1412 651
1500 649
939 654
1123 652
1145 652
856 656
983 676
537 660
632 660
1212 661
1317 669
868 661
1158 662
1821 672
1181 674
465 668
670 670
1139 669
240 671
600 680
843 675
648 683
848 683
477 684
675 686
1048 683
329 686
491 687
1356 688
864 688
905 688
290 691
1168 696
1630 695
629 696
1432 698
1672 706
271 699
559 698
1595 710
411 702
1004 701
452 705
827 711
1010 707
1138 707
385 708
518 707
544 709
593 709
626 707
1492 719
1219 710
1384 723
1440 718
1551 714
505 714
1306 726
278 719
1180 720
1514 720
1334 721
623 725
569 725
680 727
403 728
1763 727
646 729
709 731
1341 732
278 733
752 737
1227 737
1714 734
294 736
499 740
641 738
1555 747
692 741
585 744
621 741
732 742
1409 743
1706 741
546 744
1788 754
1650 765
1168 750
1392 755
1147 760
635 758
1197 757
1708 759
1224 759
1304 762
554 765
736 767
502 765
1408 768
1442 767
648 767
1114 770
449 771
517 772
1309 770
765 773
1761 779
593 775
1338 775
1458 776
699 780
483 780
1127 786
603 786
619 784
1493 783
1305 785
717 789
1713 789
622 791
1098 802
247 791
674 792
1189 798
315 794
1835 802
526 796
1326 798
1144 800
1276 808
281 800
994 804
1301 805
1631 818
515 804
1433 811
260 813
713 813
1001 812
1175 811
1668 820
285 813
532 814
1295 812
1310 813
1061 824
1365 817
987 821
607 819
1400 821
588 824
735 823
1823 828
289 823
950 828
505 825
700 826
255 827
676 828
1730 832
784 835
591 833
893 835
1384 839
1483 840
772 844
1107 843
1363 841
420 842
689 849
1219 843
946 850
876 846
1151 859
1446 846
1658 848
297 847
590 847
1273 848
1359 847
495 849
529 849
913 857
1290 851
597 853
659 857
764 851
636 857
1801 857
1073 856
963 856
740 864
337 865
586 867
935 869
1186 875
1224 873
1013 872
629 870
410 873
504 873
1735 887
1275 881
1490 878
1050 881
1615 890
1012 892
379 884
562 886
1096 883
613 884
1066 887
1302 885
1804 891
578 894
786 895
814 888
1200 894
1283 894
1247 891
386 891
406 892
501 891
926 891
591 894
509 895
1060 897
1115 898
270 899
1090 899
1229 899
1210 902
1315 901
1458 900
1705 903
312 902
1656 909
236 905
543 907
724 907
1757 916
1390 912
1065 910
660 914
755 923
986 915
619 924
777 918
1249 920
1413 918
1136 927
953 924
1529 928
1568 938
662 924
730 939
1029 925
512 930
998 933
799 930
828 932
264 933
705 935
1253 936
480 939
1168 947
646 938
1282 940
1715 945
455 942
1059 944
1244 957
314 946
508 947
925 951
1274 949
962 952
1355 951
1297 951
1481 960
1582 956
329 960
795 962
1522 966
372 962
1004 964
1587 960
1397 966
1670 967
351 966
520 966
1603 978
569 973
784 973
973 976
1377 974
1644 980
911 978
842 978
1021 981
1114 983
1424 991
25 983
630 982
1037 979
1200 981
1297 980
1341 982
1058 982
1138 985
919 985
1322 1003
1156 995
1208 990
403 990
706 990
718 988
949 991
1558 1009
1626 992
836 992
1031 996
1100 991
1375 992
1227 993
1472 1005
968 998
1591 998
698 997
1400 1001
1520 997
684 1000
723 999
750 1001
1757 1001
590 1004
1219 1002
1010 1003
1038 1006
1172 1004
1363 1004
1439 1012
309 1010
528 1012
654 1013
1262 1018
1379 1014
1000 1015
1235 1014
611 1017
744 1016
978 1018
1203 1017
1077 1019
849 1021
1038 1030
804 1021
929 1024
762 1059
1829 1031
1640 1028
777 1033
1003 1034
518 1033
723 1033
978 1033
1346 1034
1359 1033
1375 1037
1597 1043
1143 1047
1157 1035
1202 1038
462 1040
973 1043
1514 1037
710 1043
1491 1044
996 1043
1340 1045
1417 1044
730 1053
774 1053
951 1051
1353 1050
691 1052
792 1058
1171 1055
1192 1053
646 1058
854 1061
967 1061
1274 1057
1225 1057
1513 1059
873 1067
950 1074
1313 1061
1760 1059
341 1061
1041 1061
1259 1064
911 1074
1182 1071
1207 1068
1340 1068
541 1068
732 1077
1270 1067
1479 1072
526 1070
702 1069
1029 1074
1366 1079
1276 1072
336 1074
797 1073
1202 1074
1295 1075
710 1079
191 1080
828 1078
1410 1081
547 1085
1166 1085
1337 1083
1571 1089
753 1090
1228 1085
1455 1089
658 1085
1322 1090
491 1092
899 1089
1151 1090
512 1094
863 1092
1252 1094
735 1093
1352 1094
1180 1110
1485 1101
721 1101
498 1106
731 1105
785 1104
1015 1105
1225 1111
1389 1105
1411 1108
1341 1117
1370 1109
1789 1106
758 1107
949 1107
1091 1109
1492 1118
507 1113
950 1132
1073 1119
1134 1112
1153 1114
887 1118
1046 1117
1096 1114
1289 1117
1570 1117
722 1119
1273 1134
1255 1123
824 1123
688 1124
811 1122
854 1124
1112 1128
732 1124
1685 1125
861 1131
917 1133
1150 1129
1567 1130
1589 1136
765 1130
1034 1137
715 1132
779 1136
890 1135
1078 1134
1328 1142
646 1138
824 1139
1396 1144
683 1140
1203 1140
1729 1139
911 1148
443 1146
731 1149
818 1147
859 1146
1047 1148
1248 1150
1284 1148
878 1152
607 1151
1055 1161
1077 1153
1124 1153
1161 1150
1290 1150
1037 1160
1101 1162
1342 1158
1748 1154
827 1155
1474 1161
126 1158
696 1157
714 1158
946 1158
658 1160
1187 1161
1198 1165
1258 1166
1807 1159
1214 1177
1397 1166
589 1164
1292 1168
580 1173
888 1184
898 1168
995 1168
706 1169
719 1169
851 1183
1082 1175
614 1176
722 1183
1270 1179
678 1201
815 1186
970 1181
693 1183
912 1181
1116 1188
1252 1183
1590 1184
1141 1183
491 1188
1190 1189
1440 1193
1606 1186
1763 1186
1168 1192
1362 1191
834 1195
1042 1202
582 1191
608 1192
931 1198
1131 1191
383 1195
541 1195
689 1195
997 1203
1282 1195
1334 1208
401 1198
1125 1196
1247 1198
1396 1201
1663 1201
1176 1198
1107 1208
881 1211
1133 1206
1286 1205
648 1208
1168 1207
1301 1212
1184 1212
1207 1212
574 1215
1435 1217
422 1216
785 1221
1766 1216
641 1218
1030 1218
1087 1223
995 1220
1201 1219
1397 1223
941 1223
622 1224
838 1225
1241 1225
1275 1225
1670 1225
664 1226
765 1225
976 1226
1059 1226
1541 1225
1638 1226
