921 614
267 7
405 6
456 10
515 0
532 2
665 43
729 4
750 1
767 9
788 2
805 8
838 6
864 8
968 4
1084 4
1151 4
1273 5
1319 5
1347 20
1382 12
1431 0
1487 7
1461 16
1028 19
359 24
937 16
875 19
487 21
798 24
861 24
818 26
522 31
1137 38
1170 40
1430 28
452 36
849 32
794 47
826 43
967 35
1457 35
1838 36
1380 43
1791 38
997 51
1413 45
1773 46
906 54
1187 57
436 65
4 61
872 70
975 64
1334 63
842 63
792 69
826 74
944 74
772 75
961 91
1022 79
12 75
573 83
797 87
480 108
981 90
1041 84
1108 89
1611 87
678 83
1420 88
516 97
619 99
1470 88
687 99
1009 92
1176 96
1277 101
541 120
713 102
1363 105
1697 103
417 111
1253 102
787 121
819 104
1135 111
1313 110
1584 109
454 113
922 122
1116 122
740 125
888 126
1327 132
817 128
497 134
665 134
726 131
717 150
422 155
949 145
1062 148
529 146
1045 146
764 145
808 149
987 152
1144 151
910 151
864 154
777 156
877 159
1393 163
612 158
1087 164
1274 158
466 163
647 159
733 170
938 161
907 161
1111 165
506 169
700 179
758 186
561 167
596 169
546 176
625 181
800 200
953 183
1355 193
428 187
1423 187
468 191
522 195
1151 198
869 195
1180 200
1396 201
890 198
1025 198
950 202
925 203
1096 219
657 210
988 206
1040 214
290 208
369 213
388 214
676 212
480 211
1138 227
1188 219
1171 219
1225 221
420 223
497 224
583 222
763 222
1019 224
568 224
626 225
454 236
689 226
730 225
836 227
743 229
876 233
1049 236
1314 235
950 243
1246 236
778 235
618 248
1104 240
419 245
968 252
1075 255
814 243
564 245
677 245
857 245
505 257
1123 251
692 252
791 253
921 254
992 257
698 258
725 258
812 261
599 264
662 262
744 271
1105 267
530 270
646 261
439 269
621 270
1163 268
827 275
983 287
688 278
708 283
889 279
654 281
761 281
966 282
566 285
729 284
480 291
810 287
1058 289
884 290
617 295
1163 295
1263 298
643 294
1106 297
1073 301
1284 313
573 314
845 301
875 304
800 306
466 311
1050 311
1240 323
525 319
805 315
905 314
971 315
776 319
1190 317
507 322
739 325
893 318
982 319
591 325
1046 323
610 325
1210 328
917 409
1103 332
1059 337
481 342
724 335
820 338
600 340
519 346
790 343
1072 349
748 348
807 350
732 350
768 350
1020 349
1366 354
569 352
783 354
1039 356
609 355
1246 365
534 358
676 358
1127 359
760 373
456 366
728 369
661 394
1082 378
625 368
805 379
554 393
446 376
611 375
496 384
1011 379
822 382
743 385
475 385
618 390
692 398
1328 409
531 399
1134 391
776 399
1280 394
792 398
813 399
1214 401
1237 400
1297 403
710 402
1071 407
299 406
612 406
745 406
600 413
477 416
1012 419
695 419
1114 421
605 423
719 425
1256 425
551 429
1225 427
764 425
821 428
596 431
734 431
767 459
1034 444
1074 436
675 434
777 434
529 440
708 439
766 441
689 454
1137 443
712 451
634 448
516 455
727 449
1187 449
1495 451
1247 464
547 455
473 460
602 455
643 454
817 459
1061 474
461 471
607 476
557 479
654 479
718 489
841 480
186 485
412 483
578 481
659 485
808 485
1266 485
464 487
852 567
692 491
1204 495
597 490
773 493
1284 494
512 501
666 498
566 502
627 500
738 509
1030 509
1254 502
821 504
673 504
784 504
945 506
548 508
763 507
789 508
776 510
809 517
457 513
704 513
1211 513
675 514
755 528
610 516
472 520
730 518
666 519
838 520
869 523
591 527
499 531
536 536
614 527
879 530
983 561
1085 530
671 531
1226 545
1021 540
490 547
560 544
722 545
1187 547
407 549
593 548
1062 547
1206 549
653 550
1027 551
765 552
705 553
748 556
730 559
959 561
1052 559
459 565
754 565
1211 572
1041 577
641 569
1285 574
1196 583
581 581
1168 583
784 593
668 596
543 593
601 597
1190 596
438 597
1232 600
548 614
723 602
793 606
947 606
1169 607
701 606
912 610
987 606
1014 615
475 612
519 616
733 613
1099 614
844 613
959 628
660 616
936 634
862 621
1079 621
770 626
1040 635
502 626
707 627
528 632
1143 631
1189 637
452 633
579 633
742 635
922 638
511 640
1011 641
1285 639
539 641
721 642
818 642
1231 640
454 649
478 649
685 648
786 661
1169 665
767 649
863 654
1205 652
907 657
666 654
983 654
1273 656
731 657
754 666
1021 668
1131 658
1154 660
595 659
937 674
997 666
506 671
582 665
801 665
525 666
718 669
556 669
879 669
968 672
1061 673
550 678
575 678
616 680
483 682
1477 680
1706 681
828 694
604 687
960 687
803 688
1075 751
339 690
907 692
1024 733
1182 697
545 694
691 702
1421 695
746 717
866 699
718 698
765 710
1374 700
612 702
878 705
958 762
1174 707
425 711
858 710
702 714
1081 711
531 714
835 712
883 743
662 714
902 714
930 722
560 740
1183 716
1237 716
636 718
1139 720
844 781
620 729
582 729
1580 726
1171 733
1222 733
319 732
477 735
1396 733
905 914
276 739
671 741
538 744
1198 744
1506 748
518 753
580 753
843 752
416 754
710 755
323 758
474 758
661 760
864 769
495 768
698 776
1184 769
1237 770
553 771
583 773
1216 774
1132 783
424 778
903 783
510 787
1374 785
432 790
1113 788
1173 788
894 792
539 800
870 794
650 796
966 812
1618 794
1069 824
1117 800
1143 799
967 800
1331 807
562 805
1179 805
808 831
1403 807
1121 812
528 817
637 813
1133 814
1156 814
507 815
573 819
1002 821
1054 825
629 825
1302 825
602 838
950 843
510 838
1150 834
579 836
1201 836
1334 839
1539 838
524 841
588 840
1601 839
627 842
1502 840
854 845
560 847
213 850
501 849
709 851
855 857
952 876
1204 853
1446 858
906 862
464 860
773 862
880 862
1143 859
522 861
798 882
1206 864
557 866
712 868
868 871
938 869
646 876
693 872
1042 875
1666 874
517 876
1199 875
1578 875
660 881
1155 878
709 880
844 885
715 894
560 886
1365 887
481 888
516 889
584 895
605 890
1553 891
565 915
619 902
498 904
652 905
695 906
795 911
980 911
676 916
576 917
1261 920
1687 920
442 923
657 931
593 934
1397 933
1568 934
730 940
1254 944
1414 946
1448 946
547 949
252 948
1428 953
1304 956
116 958
590 955
1132 960
435 958
1367 960
395 960
1394 962
531 966
550 963
1155 963
1508 972
290 976
608 975
664 976
593 981
946 980
1029 980
441 984
997 989
1120 991
1714 992
1071 997
1103 996
466 995
497 998
454 999
1518 1001
564 1003
981 1007
1011 1004
157 1004
744 1009
947 1006
1837 1005
528 1008
622 1008
718 1011
1094 1015
1024 1014
1697 1012
709 1018
1333 1018
925 1027
1643 1020
567 1037
656 1028
965 1027
408 1027
528 1030
1108 1033
1214 1033
729 1035
591 1036
534 1040
1702 1040
934 1042
1063 1043
757 1050
391 1052
1013 1053
629 1054
710 1052
1550 1055
1090 1056
567 1059
666 1058
850 1061
1002 1060
1078 1062
582 1062
469 1064
547 1069
721 1071
892 1075
1096 1066
203 1068
1356 1067
1262 1069
841 1077
797 1075
1171 1082
521 1080
868 1084
1063 1083
1108 1084
329 1088
555 1089
573 1088
1198 1087
734 1090
874 1090
586 1093
1031 1095
1072 1097
626 1099
550 1104
940 1104
532 1107
1060 1114
703 1112
970 1120
195 1118
839 1118
909 1120
989 1123
512 1131
573 1124
1046 1126
1073 1128
478 1128
628 1130
1706 1129
1026 1140
696 1139
749 1134
850 1133
422 1135
561 1135
1010 1138
1189 1139
568 1148
446 1144
864 1146
1060 1148
539 1146
973 1146
1212 1145
1094 1148
1032 1153
257 1156
342 1156
275 1161
542 1161
677 1161
894 1159
1127 1160
869 1163
929 1162
1001 1173
1174 1163
917 1168
433 1167
613 1167
1056 1171
1593 1168
29 1171
551 1173
1037 1172
602 1173
1617 1174
759 1176
640 1176
1215 1180
790 1184
597 1189
1052 1187
301 1189
915 1188
936 1186
1457 1185
81 1187
350 1193
544 1196
696 1190
855 1189
488 1194
976 1197
571 1196
1164 1200
421 1195
468 1197
518 1197
616 1199
684 1194
889 1195
948 1198
1684 1198
707 1198
1006 1201
1315 1200
377 1206
1745 1203
925 1205
357 1204
1060 1214
89 1207
549 1215
1751 1208
1823 1209
909 1210
416 1212
894 1211
147 1213
589 1216
918 1215
1511 1217
934 1219
1117 1217
992 1220
514 1225
584 1224
618 1226
1423 1225
