907 617
220 0
347 1
691 1
780 1
820 31
872 7
906 2
986 4
1038 16
1135 0
1299 11
1506 0
1575 13
1739 1
1127 13
1607 26
684 21
1269 14
409 25
723 33
1148 23
1184 25
309 28
635 28
1135 34
476 35
856 58
165 48
913 40
1183 39
1231 47
333 47
1044 46
668 57
1124 50
1202 52
376 56
1067 61
1800 75
215 69
1178 64
304 80
1009 76
1206 67
1280 63
1036 77
1269 68
709 72
1107 98
1261 72
135 81
611 89
733 74
402 79
1241 79
702 83
965 82
763 96
5 92
1194 93
1171 95
888 96
1577 106
1027 105
1297 104
223 106
1511 122
1738 128
413 118
1203 105
902 106
271 113
643 111
879 116
985 143
755 118
1151 136
1255 118
353 122
598 121
386 128
859 134
896 138
460 139
1105 147
1613 145
681 140
1193 144
1175 143
576 150
866 151
920 156
1748 157
873 158
1013 163
845 168
1536 173
378 167
914 161
1220 161
1185 172
870 196
888 165
928 168
205 170
1670 169
1693 198
1105 171
675 175
920 173
946 206
42 174
1662 177
1121 178
1221 180
1079 178
1096 179
1166 180
313 182
887 181
1042 181
812 204
1058 184
1093 187
283 192
902 197
930 194
379 198
417 198
1105 198
1271 222
841 203
1173 201
1640 204
587 211
774 216
1017 226
1038 214
842 230
904 215
1619 234
677 223
754 224
985 223
156 229
332 224
612 225
1490 232
297 230
801 227
817 225
643 262
1744 265
824 280
973 236
1133 261
1178 240
825 240
1665 242
934 260
819 242
986 267
832 255
1056 262
1368 280
105 256
405 252
857 249
1541 266
242 254
185 258
284 264
1100 260
890 262
1510 267
856 266
200 270
362 270
243 276
728 305
897 277
1178 273
379 278
1091 276
696 278
1153 279
750 283
1176 282
294 289
816 286
146 288
405 292
906 294
3 294
874 300
378 309
746 311
902 310
1054 313
1093 320
1121 314
875 320
1454 343
761 331
1074 322
663 324
811 330
987 363
1114 375
412 326
1147 328
1537 328
678 331
945 334
1061 334
1746 333
893 344
1074 339
1576 354
929 347
792 347
618 352
831 345
321 353
1357 361
300 355
205 370
658 361
335 360
312 363
746 377
357 372
1069 367
1322 380
726 368
1415 405
714 375
899 374
1509 396
645 396
840 379
1006 384
579 384
1074 385
663 388
864 416
1440 390
371 397
1030 408
1141 393
764 402
910 399
600 419
691 403
672 406
558 408
1072 409
993 425
1653 441
911 417
1057 418
391 426
824 435
845 423
756 427
577 432
329 437
396 442
232 446
977 439
811 442
1407 441
280 446
718 452
769 447
1794 446
661 454
1459 461
367 448
837 451
957 454
1063 460
397 455
1105 458
1763 470
812 458
1002 466
1085 462
1812 509
794 465
278 467
812 482
1165 477
3 474
669 488
225 477
937 477
310 476
847 482
293 483
1015 494
1187 480
1279 479
1355 483
29 483
426 482
693 487
951 482
630 498
1405 493
208 487
879 493
362 493
911 510
583 506
866 512
741 499
978 514
807 506
236 507
1273 521
658 520
358 511
951 512
286 516
634 516
1192 526
384 518
558 527
1506 529
741 530
925 524
1037 524
1371 549
642 527
800 529
900 754
398 538
1332 538
793 536
446 539
594 545
943 541
1012 541
570 545
636 547
663 553
326 554
756 566
259 555
817 555
359 558
647 559
897 566
862 561
444 560
938 568
989 565
1269 571
349 564
401 564
1023 566
959 568
974 572
1018 574
687 581
492 577
1428 598
613 580
1761 592
668 583
905 597
1232 591
1612 602
862 586
634 592
963 594
771 597
1308 591
593 599
749 599
979 602
312 598
341 598
255 607
869 608
1176 624
1516 627
1302 608
277 611
965 614
678 615
658 616
841 615
921 616
304 617
601 620
375 622
685 621
1349 628
1380 633
650 628
817 627
1716 632
271 629
145 631
351 638
1243 638
1778 640
665 642
744 637
1271 638
619 653
687 645
911 655
1558 654
792 648
1610 683
1139 660
8 651
807 652
1361 666
599 662
798 663
406 666
720 668
881 668
1032 673
1083 681
976 678
1265 672
1301 678
545 673
597 688
672 675
1212 680
1723 676
1185 681
657 693
806 683
1171 689
1760 684
183 696
305 701
428 695
422 698
836 699
937 698
1262 708
253 701
977 699
1215 711
1547 705
1670 709
355 701
903 700
513 704
1188 714
843 709
961 708
1118 713
562 713
541 715
589 717
911 722
1498 770
11 723
345 724
641 730
1242 737
1469 734
981 736
395 737
1202 744
58 739
361 750
1640 750
701 746
925 752
1545 758
55 753
1332 762
939 762
576 762
638 765
404 769
565 773
523 775
1218 778
597 779
1313 790
1108 789
388 795
1541 804
1335 800
1425 802
324 801
1219 821
617 815
1289 807
73 808
548 814
292 817
312 818
527 818
753 820
1194 820
400 821
601 829
716 824
1237 830
1480 835
644 840
797 841
1112 841
831 843
1410 847
1446 847
804 853
704 851
757 857
1334 863
872 868
1109 868
622 872
636 870
1388 903
389 874
651 881
572 878
1118 878
1510 877
775 879
1134 880
1427 887
742 887
804 893
535 888
380 893
1140 896
1369 896
973 904
1249 901
1300 903
359 898
1037 900
755 900
1098 899
1115 902
1451 903
1055 907
1205 911
1092 908
336 911
535 914
312 913
408 914
1173 913
1654 912
573 917
1026 918
363 919
605 920
672 919
828 921
1164 931
1400 919
662 923
949 929
724 932
1736 934
1075 940
609 940
1004 945
1033 945
703 946
1419 941
613 951
779 948
1407 957
859 954
1258 952
806 956
963 962
920 958
1050 960
641 962
1301 979
379 964
708 970
526 967
739 968
613 970
1016 986
1038 970
1672 970
1067 973
1210 975
564 975
823 976
1163 981
727 978
916 982
741 980
833 982
981 983
658 985
1404 987
614 992
738 989
1200 995
947 994
1049 994
583 996
600 996
596 1002
1031 1004
1274 1003
1396 1006
1338 1012
705 1007
926 1013
984 1024
1294 1013
1312 1013
1470 1013
684 1016
562 1022
1059 1023
1273 1020
1080 1020
514 1021
530 1023
647 1022
659 1027
1017 1023
1276 1042
818 1029
1539 1027
525 1028
710 1028
1003 1028
1238 1028
1182 1031
692 1032
1214 1035
1323 1031
576 1034
948 1036
1125 1040
1036 1043
612 1039
782 1042
1161 1042
1074 1042
1368 1043
212 1043
720 1044
756 1044
888 1047
672 1046
928 1045
440 1053
571 1051
991 1053
527 1053
1174 1064
1418 1061
711 1055
1209 1063
1249 1061
1474 1057
386 1058
964 1062
1308 1062
446 1064
475 1063
544 1065
655 1062
1043 1063
1481 1062
359 1066
765 1072
1101 1068
1282 1084
819 1073
952 1081
1013 1078
984 1086
1260 1082
831 1088
909 1090
966 1087
1008 1089
1257 1087
1192 1095
1820 1090
976 1091
1064 1100
1169 1097
1213 1101
1234 1099
550 1098
573 1095
710 1101
806 1098
1084 1102
937 1102
1128 1113
1262 1103
1498 1105
689 1109
1629 1107
859 1113
1096 1120
262 1113
931 1115
969 1113
985 1117
1028 1129
1296 1117
808 1117
1227 1118
659 1123
1162 1129
773 1125
873 1127
887 1125
919 1127
1247 1124
1408 1128
1510 1124
528 1124
814 1127
1187 1134
1212 1128
584 1130
831 1132
1138 1161
541 1137
667 1140
1069 1148
929 1140
987 1141
1274 1139
789 1142
710 1147
908 1147
1817 1146
592 1151
21 1148
1035 1148
1108 1151
1599 1148
1284 1149
1088 1155
1550 1156
1667 1154
841 1155
928 1154
1202 1157
1052 1163
1188 1162
1074 1163
797 1163
820 1164
953 1173
712 1168
902 1166
1031 1167
778 1171
800 1168
1082 1175
856 1172
1163 1177
1004 1175
809 1174
920 1174
541 1180
700 1189
1057 1181
756 1191
933 1181
1196 1182
723 1188
1181 1184
585 1185
1442 1185
630 1189
1094 1191
531 1191
786 1188
822 1201
971 1191
670 1196
1000 1195
1156 1191
857 1194
879 1196
1564 1194
555 1196
793 1198
925 1197
770 1209
1169 1201
693 1198
733 1199
962 1203
1039 1198
1113 1200
1556 1199
917 1204
851 1219
1132 1207
1551 1208
1006 1214
838 1210
995 1210
1180 1212
1675 1212
1080 1221
977 1216
1020 1219
1543 1217
921 1219
606 1225
933 1225
984 1226
1134 1225
1591 1224
1036 1225
1263 1225
