918 610
422 14
614 1
662 4
871 1
923 1
969 11
994 5
1046 11
1077 2
1096 1
1211 4
1258 0
1306 2
1411 5
1435 0
1574 33
1644 41
1739 37
785 7
800 21
601 13
1341 25
1426 11
670 26
890 17
748 21
1360 18
531 30
717 25
830 24
686 22
1016 21
1826 52
914 28
1069 30
623 33
739 36
1021 28
1050 29
997 46
1281 32
1312 31
772 36
867 34
881 33
986 33
1512 36
1534 41
442 58
1247 52
1413 61
964 51
1104 42
573 63
604 58
888 49
1095 56
842 59
1025 58
770 57
1310 73
797 71
913 64
1046 70
1592 71
1545 73
499 77
885 77
324 84
1001 81
1804 157
899 92
1033 95
1339 99
722 104
1016 88
1219 90
1439 90
1239 93
1401 95
535 95
859 95
1560 99
644 109
786 99
979 102
1306 104
1468 101
682 106
957 112
838 114
1020 112
1051 121
1079 109
768 119
1373 120
848 117
1212 120
870 121
1241 129
991 126
669 122
802 122
977 126
603 126
1427 126
408 129
699 132
901 130
780 130
1036 134
1168 132
1338 142
434 141
933 134
1454 135
949 162
793 147
604 152
667 168
764 156
930 152
1425 157
451 153
979 153
1376 173
876 160
1006 154
347 168
715 162
569 165
1004 164
1225 165
1544 176
962 168
331 169
383 174
847 169
1305 172
631 192
1180 179
302 179
527 184
1037 179
797 185
862 186
1052 186
474 190
764 189
938 195
1168 190
1302 193
1068 193
1203 191
823 197
1524 199
651 198
1552 203
843 201
898 204
1405 205
1185 203
580 211
801 209
1072 212
722 211
1030 214
1254 222
1310 215
885 222
1730 212
1158 219
1753 214
909 222
780 225
935 228
982 225
1429 229
1390 232
1732 225
1034 227
1746 227
1048 232
829 231
1200 233
641 236
1176 237
1083 242
414 241
820 245
1003 244
872 249
1006 249
1154 256
1255 253
933 254
1017 258
587 257
1231 257
801 260
425 268
818 264
864 264
935 280
949 263
1062 289
1213 272
382 273
984 273
1359 277
485 271
1379 275
295 280
587 271
966 272
1019 279
1090 278
857 275
1260 277
1424 282
623 286
970 278
999 283
1191 285
877 283
1273 286
713 286
812 284
452 287
1037 286
1450 290
354 297
422 292
487 291
439 290
755 294
970 297
1028 304
1288 306
689 303
1133 304
900 308
1455 307
542 309
804 326
1142 310
1270 311
934 315
604 317
915 316
1321 329
1388 318
576 322
1024 318
876 321
943 322
1059 321
1195 331
1213 327
1422 332
973 329
1026 332
1046 329
1243 329
591 341
634 341
655 334
1063 335
941 338
1126 342
1179 339
1367 339
994 341
1304 342
549 351
1038 345
892 355
1069 355
754 353
937 368
830 356
624 360
955 356
986 355
798 357
1149 362
1631 362
840 364
658 373
1222 368
795 376
906 369
584 375
913 375
966 377
1432 377
880 378
1003 379
774 380
827 380
1360 382
869 382
1313 385
922 415
1413 398
338 402
854 395
613 410
1344 402
800 401
571 407
286 411
967 414
1368 409
402 410
637 417
948 417
1305 412
357 412
982 411
1137 421
676 416
881 416
839 428
1388 427
528 434
1202 431
1312 431
1363 441
1408 437
822 438
1331 437
1439 439
1125 442
1185 440
638 445
498 449
620 444
1047 444
418 446
780 449
472 455
981 455
1241 454
644 456
875 457
1161 459
302 462
1215 465
1351 469
1554 467
894 466
1417 471
923 472
770 475
1544 475
995 479
830 478
1055 478
878 479
979 489
1097 483
789 484
1034 484
594 486
886 488
1047 491
328 491
630 491
904 494
1170 493
1307 495
1242 498
1415 502
1521 500
1784 499
291 502
786 503
735 505
1107 506
1219 510
1530 517
1171 508
1394 509
356 521
491 509
1373 509
882 511
911 513
1071 517
1134 522
1476 517
862 517
1342 519
749 521
1497 523
688 531
1259 532
577 533
1443 534
621 535
992 537
584 538
1299 539
785 545
1024 544
392 544
1403 547
627 554
908 568
1162 556
819 558
1290 556
789 557
1309 560
1355 557
954 560
1250 559
391 562
874 562
578 566
1085 570
1184 570
473 568
937 571
1136 575
448 573
861 574
1421 577
618 576
1001 578
564 578
740 579
931 581
1173 580
1384 590
1037 587
384 585
340 588
588 585
1014 587
627 592
1290 603
894 621
910 595
1083 597
1208 592
1327 600
617 599
1237 598
585 600
1030 605
1273 600
633 600
816 603
545 610
920 606
906 608
980 611
866 615
1270 613
1397 615
1164 619
1057 623
1134 623
960 625
873 630
778 629
639 632
591 633
1225 638
988 639
1025 639
1273 641
848 644
921 645
493 647
1366 650
820 648
1049 648
649 650
788 652
1393 653
587 654
854 658
943 653
992 657
1120 663
718 660
340 662
883 661
894 673
569 665
1250 666
276 669
303 668
774 673
435 668
956 670
972 683
495 673
1187 675
921 681
1446 680
1330 685
1379 680
585 688
375 690
707 689
853 691
642 695
609 699
790 697
1124 706
1310 696
337 698
1360 700
667 701
893 704
1055 705
1397 701
320 705
390 708
816 708
953 711
1343 710
859 716
1145 713
1175 721
885 723
1070 721
596 716
980 723
908 722
1401 722
834 725
1230 728
1317 731
937 746
631 736
1227 733
1287 749
1327 741
605 748
863 747
836 749
872 756
1044 755
759 760
857 752
998 758
1305 755
1330 764
585 760
808 759
964 758
1229 759
1412 759
900 762
729 764
903 801
104 771
1137 774
1226 777
670 776
439 793
679 782
1008 784
1063 781
964 782
207 788
1318 784
828 785
316 788
585 791
1183 794
1243 793
1038 799
1291 793
1146 795
183 799
1313 801
278 806
294 801
651 805
841 801
1416 807
831 807
847 807
1205 810
1736 804
612 807
1249 808
931 811
466 812
742 820
1056 820
1102 819
35 821
1233 822
1261 824
1276 825
1366 824
833 826
963 832
1019 827
131 826
792 832
1086 832
1162 836
548 849
654 846
754 844
1230 841
1202 848
1227 849
884 850
1267 850
671 853
1316 855
1350 854
642 860
690 857
1021 857
1534 859
1059 865
1283 868
394 871
892 871
477 876
1207 874
1703 872
688 877
759 878
1068 878
1191 878
515 879
1283 882
459 888
576 887
987 885
1467 884
667 887
1254 891
662 891
1106 895
1362 895
498 896
649 895
348 902
603 899
716 903
743 902
829 901
1355 906
1099 916
957 908
601 915
933 914
911 924
899 1062
267 919
883 920
985 917
310 919
371 922
466 920
1198 918
1342 922
1360 922
1391 923
809 925
1154 926
585 930
773 925
1266 930
1141 931
1221 935
507 940
607 938
1107 936
905 943
997 944
1385 941
1291 952
1209 950
1090 949
628 953
1156 953
561 956
576 957
693 957
1182 960
395 959
845 959
956 962
1328 960
1378 957
796 960
1239 958
638 971
1213 966
268 972
1036 969
1197 979
573 982
1239 993
610 991
1148 989
1290 991
1177 992
1324 992
899 996
922 996
1218 997
419 1003
893 1009
539 1006
1141 1003
1386 1003
1535 1004
852 1007
1425 1007
954 1010
179 1010
1024 1015
374 1023
1356 1025
712 1031
901 1036
1187 1033
274 1033
1221 1038
1396 1046
560 1042
930 1042
1209 1042
648 1045
687 1050
704 1047
909 1063
510 1068
1223 1079
674 1078
1283 1076
883 1075
291 1080
406 1100
1076 1091
1158 1080
1201 1081
1257 1088
176 1084
1289 1087
1167 1093
1381 1090
490 1098
508 1097
1153 1098
1180 1098
1042 1101
1323 1107
592 1108
724 1116
694 1110
168 1113
1201 1114
1294 1117
1170 1117
1349 1119
632 1122
1224 1130
587 1137
718 1128
1371 1133
540 1129
505 1134
431 1143
413 1139
511 1142
418 1153
352 1156
1235 1158
453 1164
567 1159
700 1162
1291 1170
1535 1162
857 1166
977 1166
1034 1167
1105 1172
122 1168
1205 1168
913 1173
934 1173
1181 1174
1276 1178
843 1182
1200 1184
554 1185
743 1183
1228 1183
202 1190
1369 1193
135 1196
297 1198
564 1196
1320 1205
1194 1211
841 1212
1207 1209
581 1212
767 1223
827 1222
979 1219
314 1224
1247 1226
