906 623
19 2
165 4
246 0
664 39
1002 9
1059 1
1105 7
1233 8
1607 16
1690 13
117 13
852 14
1798 84
942 18
51 36
773 43
734 47
591 36
1067 40
871 53
142 37
1184 38
1523 68
934 47
537 60
975 53
607 53
1029 49
559 56
1073 67
1116 64
901 65
804 68
630 79
164 93
951 86
990 76
1593 80
1102 86
701 93
1050 106
1059 86
1607 90
994 128
1081 99
794 93
661 97
1717 105
609 102
752 130
1095 103
1126 102
722 107
1116 132
1455 146
963 116
913 137
1174 124
267 125
127 123
699 126
351 130
1322 146
578 130
167 138
680 135
1648 158
807 134
599 149
841 147
1041 139
882 153
674 151
27 160
1713 173
768 160
738 197
1563 169
110 173
899 195
69 191
5 188
1569 179
705 178
1055 180
979 178
1502 219
1114 257
543 185
678 198
785 183
215 201
1031 197
973 192
925 192
800 195
171 199
720 199
581 231
639 202
843 198
1407 236
968 212
1538 216
1017 219
1043 227
1815 252
912 224
940 224
979 228
829 229
77 247
953 253
1536 252
1722 258
693 242
205 244
762 261
187 296
626 252
474 259
654 261
903 262
917 267
1420 285
708 271
1026 282
1173 306
979 284
686 300
992 287
791 295
1396 290
1624 316
1000 296
503 312
907 298
773 302
6 307
651 316
825 309
950 303
867 310
620 312
72 316
1042 324
735 330
758 320
921 316
995 318
1346 326
1784 321
679 337
405 329
452 332
1075 330
101 337
914 337
965 333
976 336
638 351
889 395
1032 345
970 341
987 359
716 347
755 349
895 350
254 357
907 356
113 359
740 365
765 363
563 365
1215 377
670 382
1478 376
758 369
930 380
1103 387
611 377
820 381
950 376
1526 391
1678 397
509 385
751 391
1419 393
1591 462
746 399
568 404
851 401
960 402
500 406
615 410
1723 431
136 420
811 426
1484 416
953 416
988 419
1836 427
844 420
859 419
1246 429
1009 420
663 430
949 426
1361 433
737 427
1063 433
216 440
286 439
981 434
44 438
747 442
1306 448
1335 456
677 443
177 460
630 466
1255 464
683 447
590 450
888 450
723 455
864 452
973 455
701 459
785 480
1475 470
224 470
525 465
891 465
972 481
883 473
1373 491
1008 492
724 487
948 482
703 485
147 489
528 485
889 501
388 492
934 504
1084 505
488 492
689 498
1256 521
738 506
1522 519
833 502
1315 507
1792 537
494 507
675 510
1123 511
544 514
273 517
709 517
750 517
680 517
962 517
1035 531
17 524
914 520
1375 520
872 524
152 525
177 535
156 538
981 549
1297 538
1322 539
677 541
1181 546
635 542
902 539
842 541
764 549
910 549
1712 558
1070 550
520 550
1579 582
1099 555
539 558
670 558
1115 560
46 560
240 561
703 559
849 561
910 587
798 564
937 565
674 569
1306 581
1081 574
1228 573
519 599
749 586
1064 580
1367 589
823 582
995 584
1211 595
169 595
720 584
1728 597
231 588
687 585
887 588
942 591
898 719
550 595
862 603
295 599
884 598
633 600
730 602
960 602
1023 620
624 617
1177 625
210 612
899 613
952 614
972 628
570 627
664 629
354 630
715 624
1769 632
44 630
918 627
1658 642
1470 682
951 634
177 640
435 646
530 652
1224 653
847 647
646 649
34 651
1427 650
1236 687
1543 660
1603 667
923 676
1199 657
866 672
499 666
195 668
550 672
571 670
1743 675
181 681
1335 700
901 684
446 694
490 692
1410 719
1 692
349 701
637 701
34 700
1660 706
896 715
1122 711
855 707
1146 711
553 715
698 716
613 721
1158 732
491 726
518 743
683 725
71 734
1275 743
344 739
686 737
1301 751
916 743
246 744
711 744
334 754
207 752
919 756
306 754
500 758
1146 758
543 766
692 767
1308 777
1500 811
1675 778
434 774
591 783
1611 800
1 788
1827 783
149 788
1397 800
518 798
1095 801
640 802
1347 813
312 808
762 817
1270 824
290 815
474 821
711 837
526 834
647 832
751 833
489 836
205 838
1168 852
799 861
1391 853
882 856
226 855
1537 866
1572 863
1093 860
1199 866
491 883
653 872
1397 883
269 869
1042 870
1294 888
1157 877
1074 874
196 871
711 872
834 885
748 880
1219 889
223 884
661 885
1261 890
49 890
315 891
722 895
653 908
1420 897
999 896
670 901
731 902
68 906
1528 907
616 914
1191 929
703 920
1279 926
486 922
1063 921
1381 935
1515 929
644 927
852 930
916 929
813 937
1414 940
1103 935
1616 938
68 939
679 947
1012 942
356 941
888 943
981 956
482 949
905 957
1337 955
526 953
1167 972
758 958
946 964
792 960
110 960
433 959
467 961
578 962
694 965
880 965
1564 974
1194 979
1226 975
184 971
485 981
671 975
349 976
738 985
830 987
343 989
846 1000
431 999
1334 1006
630 998
1437 1001
664 1004
352 1012
1275 1013
851 1016
1156 1019
1298 1018
1464 1030
933 1016
411 1020
1014 1016
316 1021
928 1024
701 1026
1238 1027
690 1031
979 1031
1017 1034
1116 1043
1336 1038
133 1037
889 1040
704 1043
465 1043
365 1048
949 1046
1201 1053
814 1054
993 1049
1100 1051
1066 1050
1570 1058
242 1062
375 1071
676 1059
1351 1065
559 1066
1286 1071
172 1070
319 1067
835 1070
669 1070
1206 1078
790 1075
684 1082
909 1078
713 1084
1300 1084
545 1084
1069 1085
1318 1089
68 1089
850 1089
13 1094
125 1094
986 1094
173 1094
342 1094
443 1094
1323 1095
1476 1098
497 1099
756 1107
902 1103
538 1105
340 1117
785 1118
1167 1116
951 1118
489 1118
724 1119
833 1124
1228 1123
213 1130
375 1122
750 1128
850 1128
904 1128
393 1126
812 1126
292 1130
329 1129
1093 1128
705 1137
814 1141
870 1144
1055 1145
1212 1146
1246 1147
271 1151
911 1154
890 1153
774 1159
1553 1155
1026 1160
804 1158
887 1164
1015 1167
692 1169
777 1172
1560 1173
846 1183
651 1178
749 1183
918 1180
237 1183
966 1199
1352 1187
871 1198
779 1194
358 1197
1011 1197
724 1199
1365 1203
555 1206
937 1207
990 1210
439 1208
1119 1210
722 1212
1331 1219
1084 1213
572 1216
777 1217
982 1214
653 1218
698 1224
921 1223
962 1218
1033 1223
463 1225
1221 1225
584 1225
955 1225
997 1225
