903 614
65 8
122 9
510 13
1105 4
1134 0
1185 8
1254 3
1595 22
876 10
1675 20
305 38
435 19
1377 9
654 31
1126 13
993 27
1198 21
143 27
1358 21
916 43
1324 24
797 32
820 46
768 40
1253 39
91 49
1021 53
1216 44
1239 47
1129 48
242 50
506 58
1279 53
1362 53
1760 108
1123 57
1187 56
1207 55
1340 58
432 61
1171 60
894 68
981 71
547 72
231 74
1101 78
1196 68
1232 85
30 135
749 90
936 83
575 92
1075 84
1347 78
331 104
916 85
169 100
1322 100
791 112
1669 100
266 106
1699 117
485 108
1012 122
969 115
306 115
466 116
1342 114
214 115
443 133
891 124
910 125
656 144
1221 129
498 135
738 134
218 133
320 136
1715 135
1039 142
1267 137
1316 138
1388 176
270 143
1077 149
1297 156
1210 154
1329 154
1137 157
594 168
977 164
1316 166
303 164
791 168
902 175
763 197
1166 170
332 169
958 180
1104 175
493 182
513 186
1138 184
1328 186
442 189
1575 191
282 196
1613 217
395 202
1003 197
871 201
355 200
1259 198
911 213
1298 199
326 213
477 208
1127 210
1219 207
1451 237
987 211
741 252
424 221
971 215
1222 226
272 229
862 229
1047 230
1102 227
1293 226
1206 228
609 240
1647 244
441 241
813 235
949 233
1672 237
1023 239
1199 241
419 245
1144 261
1770 256
502 245
986 246
1222 259
388 250
473 248
142 250
963 252
824 254
864 263
1184 258
1250 261
783 262
1066 297
1200 262
1823 271
1615 276
1332 270
336 275
464 287
775 279
1103 279
1190 278
260 280
824 284
281 282
928 298
998 300
1196 285
200 287
221 291
1024 291
1251 289
838 300
879 300
1150 299
314 300
1298 309
900 304
1163 304
1317 302
384 307
1191 307
177 321
1713 338
282 318
525 321
858 335
1135 339
340 337
1091 336
1240 327
956 328
988 331
1198 328
417 330
1033 332
935 336
952 332
374 333
704 338
1275 336
1003 339
1490 340
1224 347
599 350
481 379
1191 352
657 357
1061 351
1764 374
1208 358
1262 367
919 369
422 365
751 365
436 373
1822 378
944 369
241 374
1158 379
1222 377
1246 380
768 375
1063 377
458 381
864 384
607 382
391 384
885 388
977 389
276 386
947 401
1228 387
1494 417
591 393
629 401
1020 400
1424 400
327 389
1073 389
1359 389
524 402
924 398
1198 396
1159 399
715 404
1056 403
1546 409
1195 404
411 408
768 407
1288 406
686 427
1580 412
1100 409
1202 442
783 412
1760 427
1161 414
926 416
359 422
840 420
1613 420
190 419
299 423
907 426
496 423
648 432
718 428
965 438
1077 427
853 431
803 436
596 433
867 442
1045 435
1240 431
1273 432
480 438
734 448
1081 436
1157 436
1426 447
770 451
1113 466
429 448
1806 472
582 448
997 446
1539 447
301 448
673 458
457 450
546 459
1029 450
1076 454
898 454
327 459
1238 476
48 465
1004 465
469 464
874 475
1559 463
221 469
439 472
751 471
512 471
1173 473
1760 471
570 472
1043 476
1080 484
1401 474
337 479
361 494
429 480
821 485
1157 486
505 491
920 485
1487 493
1550 484
906 491
1194 506
1659 511
1151 494
702 501
1069 496
862 501
1561 500
601 498
1137 501
270 502
460 505
1213 504
479 507
769 508
1127 509
1417 530
1019 514
1122 517
1555 520
1101 518
1214 519
897 522
1055 527
1073 521
1156 521
404 530
757 528
786 542
830 527
876 528
1462 539
583 536
846 535
1014 555
1708 571
1583 542
315 544
1535 549
1815 570
872 542
969 542
1127 544
1223 549
1155 554
1631 566
891 554
979 568
473 559
518 559
710 569
453 563
213 564
1095 566
1219 567
1411 578
413 566
1122 567
1241 568
1311 567
945 569
273 569
377 575
917 575
1162 572
480 572
525 576
296 575
859 577
1287 575
5 577
1133 576
1007 582
494 579
322 587
681 583
372 586
1158 591
1025 589
741 589
1234 592
1334 588
640 591
868 594
1340 600
1063 594
923 618
1051 595
1178 596
1374 604
1561 597
876 601
1445 601
745 606
782 604
1086 601
1141 606
336 611
1125 604
1460 614
885 611
1255 606
1196 610
1663 611
825 613
960 617
1579 652
524 620
875 630
1116 618
1713 616
1838 623
674 630
1049 622
830 628
497 629
1058 639
1176 632
788 628
383 631
980 631
1146 682
1085 631
1393 632
1658 643
1033 635
1412 656
1710 651
352 644
782 642
1160 646
1495 648
630 651
746 644
371 648
1085 646
1463 646
461 648
707 655
856 655
1283 649
1028 652
977 654
389 656
1033 658
1070 664
540 668
672 661
728 667
5 665
315 667
473 666
751 665
1090 665
361 671
834 676
984 679
1312 675
932 672
858 676
1059 691
457 678
609 677
646 679
1015 678
1533 693
1806 679
1371 699
904 685
1262 681
1685 694
340 689
439 688
1726 705
1105 707
487 690
876 695
402 697
1642 707
444 696
1463 719
831 699
975 705
1280 702
676 712
825 704
737 715
957 710
836 710
1252 714
1415 712
284 711
458 708
564 714
891 711
422 713
1293 711
1126 714
1 714
1573 731
514 726
483 722
1763 719
823 727
914 724
1601 723
402 723
896 723
946 722
540 726
472 727
625 730
1033 728
927 876
1299 735
1418 746
321 735
679 745
718 735
1109 736
1227 735
1542 735
867 741
832 741
1533 750
477 746
736 745
939 745
401 753
1765 747
1037 749
338 754
644 751
1257 757
1300 755
1349 769
1379 753
913 755
1206 756
216 757
1396 761
940 764
324 766
541 771
1239 768
1276 769
1475 780
1558 791
386 773
986 774
1035 774
1685 777
288 775
1049 774
442 784
481 777
558 776
925 778
1120 781
1399 790
313 784
877 782
421 784
803 786
1197 788
394 791
510 787
921 788
215 790
822 791
1 791
496 795
583 793
886 792
1109 791
1034 796
970 802
686 811
879 797
1177 798
1373 805
1429 798
830 800
298 804
1284 800
483 804
1042 803
1309 803
1619 803
908 805
412 813
637 808
1657 829
1222 811
545 814
904 815
378 816
1214 815
1194 821
1394 824
1481 819
331 821
394 827
815 822
1272 821
1453 821
1788 821
1313 824
1512 824
942 825
1132 826
1489 825
1162 828
1233 836
1150 831
1375 837
226 833
1724 848
934 836
368 839
870 838
1187 854
278 842
1207 838
1439 841
1512 854
1263 844
1136 845
304 850
444 854
361 852
1285 852
326 853
916 854
1234 858
1269 854
1305 853
1290 858
1261 862
508 859
1672 868
454 864
599 862
843 867
1146 862
1390 862
1418 861
536 869
1307 897
1547 890
607 869
1451 883
349 873
1576 883
344 878
417 882
1239 885
1362 887
1228 881
602 884
1190 886
1180 891
1223 895
1636 898
428 894
1275 913
274 901
1521 899
346 908
689 916
1185 906
1745 902
310 918
1329 926
1449 916
1801 908
1205 911
469 913
382 923
392 917
1393 918
1530 921
514 919
1368 922
1590 917
258 919
1169 919
556 923
1153 927
1641 927
1245 939
570 930
756 935
1480 932
287 937
628 935
661 936
1350 935
562 939
1462 938
75 940
493 940
1205 940
398 940
1709 941
370 942
684 952
761 943
1384 952
1823 942
640 948
1525 959
549 950
1463 959
414 953
438 956
898 953
475 958
787 963
1141 958
1226 962
1444 959
508 963
1024 965
1199 978
1258 971
14 967
264 967
320 971
824 968
842 967
1235 971
675 986
1152 976
645 973
1452 971
223 972
297 975
1719 981
106 975
355 978
441 978
584 978
1317 980
1427 979
410 981
834 981
861 982
425 983
849 984
539 988
1329 997
1412 996
1576 988
1478 999
1525 999
438 997
1707 995
149 997
489 999
1045 999
1377 1005
934 1002
342 1004
280 1004
609 1007
709 1008
234 1007
757 1007
642 1011
572 1012
810 1012
1205 1014
364 1018
1180 1018
1294 1015
1306 1018
1441 1027
1467 1019
197 1022
538 1020
1275 1023
1423 1019
1516 1033
1682 1021
830 1023
994 1026
1044 1022
312 1027
145 1026
1678 1025
637 1031
234 1030
57 1032
345 1031
369 1031
417 1031
544 1033
1183 1047
169 1034
677 1038
714 1045
106 1036
985 1036
1227 1043
1301 1041
1462 1062
269 1048
405 1049
476 1045
254 1048
782 1050
349 1051
416 1054
662 1057
755 1057
966 1054
1257 1063
1293 1059
441 1057
606 1059
873 1061
1387 1060
1611 1058
681 1074
1018 1064
1049 1067
1126 1065
1762 1063
425 1065
972 1067
1431 1070
882 1070
1671 1077
126 1071
260 1082
1324 1088
278 1074
929 1079
1598 1088
359 1078
834 1083
382 1089
662 1087
1416 1086
236 1088
1362 1102
675 1098
968 1096
1037 1093
1275 1111
1649 1101
189 1092
511 1097
1469 1098
1562 1112
1216 1098
1693 1098
422 1100
809 1102
110 1100
266 1102
1203 1107
151 1106
278 1105
599 1105
1113 1107
330 1111
140 1110
386 1112
406 1109
794 1127
369 1118
672 1117
1414 1133
707 1127
1322 1126
46 1120
275 1119
400 1126
729 1122
1171 1124
119 1124
163 1122
599 1126
1149 1123
328 1129
420 1126
662 1125
1246 1131
1761 1126
73 1131
959 1128
1206 1128
346 1129
1368 1140
1504 1131
630 1136
1623 1134
313 1139
369 1141
590 1141
1614 1145
336 1140
52 1144
266 1143
389 1147
490 1147
705 1144
1068 1144
778 1145
289 1157
330 1149
471 1148
810 1149
1649 1149
1198 1153
570 1152
613 1155
1389 1160
671 1156
801 1157
1227 1159
1248 1158
59 1158
169 1158
1155 1165
1274 1161
1368 1167
194 1164
379 1168
606 1165
630 1163
672 1172
1480 1169
479 1171
717 1171
247 1172
638 1171
1654 1172
1680 1174
1235 1178
409 1178
1447 1178
808 1182
1397 1192
296 1183
775 1187
1093 1182
1476 1182
168 1185
49 1189
504 1189
950 1187
1140 1188
1171 1190
1201 1191
1263 1192
1769 1188
423 1190
618 1192
1536 1190
1569 1189
1120 1191
575 1194
259 1197
389 1199
410 1203
1184 1197
1326 1197
611 1200
1247 1202
231 1204
249 1206
381 1206
1655 1204
637 1210
1180 1210
142 1215
484 1211
420 1213
458 1214
738 1215
725 1216
288 1218
920 1222
1212 1218
1407 1223
350 1224
515 1224
1264 1221
174 1225
308 1225
556 1225
708 1225
1152 1224
246 1225
441 1226
1197 1226
