908 615
86 52
271 6
398 80
395 8
444 2
899 11
920 2
1037 12
1062 1
1116 8
1187 2
1266 3
1385 9
1833 18
121 13
945 10
577 15
1332 15
922 31
699 26
803 23
1215 19
471 28
1133 32
1226 38
1313 29
996 29
1272 34
971 37
1097 40
453 49
1704 59
797 50
1251 50
1614 59
580 56
942 57
1355 57
1157 55
1199 57
1286 67
1308 69
1805 89
925 74
569 78
1173 85
762 79
735 81
1222 91
229 84
1510 82
356 88
1120 84
1655 136
288 88
653 98
847 92
1262 88
1309 90
1091 98
580 101
1263 119
1761 99
820 114
274 108
83 108
326 111
450 114
1126 117
885 108
250 123
340 127
956 122
1147 143
1210 137
1 125
68 132
940 126
1419 132
492 134
620 129
768 132
563 137
141 134
791 135
1279 139
916 136
867 141
923 143
1107 144
972 149
591 157
839 151
215 160
620 160
45 165
1251 161
1223 166
1066 175
947 186
1111 171
402 181
1265 178
2 182
633 189
1091 181
863 185
1686 223
184 187
1016 190
1185 184
67 185
701 187
904 192
1136 191
1210 194
780 196
1087 196
1151 196
1108 203
717 204
761 204
1090 203
1771 214
188 202
899 208
501 212
1034 215
1210 221
1234 212
861 246
168 215
344 217
791 220
1097 214
880 221
1154 218
85 224
1186 219
57 222
449 221
670 226
1071 227
1131 230
1634 277
1179 231
821 235
1085 241
1119 244
1143 240
1339 247
933 244
972 244
1052 251
456 257
117 254
263 261
919 257
1192 269
1245 252
235 258
1216 254
725 262
1117 281
322 269
1141 263
1029 261
1164 263
1063 289
1156 274
552 280
1076 277
128 281
174 282
585 282
1013 283
1239 277
614 282
375 291
1146 284
1249 283
1289 287
772 291
1097 284
915 287
70 295
898 290
294 293
1265 297
908 297
803 298
872 348
251 303
820 307
1172 308
763 327
397 321
889 318
1060 331
452 324
805 324
1563 328
1010 319
922 324
1113 326
59 329
101 328
165 327
1131 327
355 329
902 332
1154 329
1837 336
789 331
839 331
481 335
951 335
128 339
221 336
1600 338
1222 337
1242 360
392 347
554 347
822 352
943 344
1086 343
1363 340
922 347
1129 347
110 354
351 368
1023 355
1033 361
758 359
1120 360
1182 368
399 367
1757 375
1057 370
1135 369
1087 376
702 378
1111 375
1002 381
1806 378
96 382
145 378
653 383
775 379
1161 378
959 385
1047 380
1118 381
1825 383
1206 384
638 386
1195 389
1069 409
415 412
926 393
1458 393
165 399
308 401
782 405
668 420
1575 403
1103 405
1151 405
48 404
367 409
1124 409
878 411
750 411
861 428
939 430
980 416
706 416
885 419
1098 419
1146 420
1590 424
549 426
1637 429
283 424
1017 436
757 425
1055 425
1102 449
377 431
1163 428
1181 430
72 433
1209 432
776 438
1336 455
1436 460
114 443
721 444
1185 441
1536 455
1150 455
1599 448
235 447
451 457
952 449
1226 449
993 457
1036 447
425 451
173 453
542 455
870 452
920 452
1279 474
886 454
594 460
1181 456
1779 465
248 458
760 460
105 466
749 473
1060 469
1578 500
235 471
494 472
999 472
1368 476
662 478
798 477
1157 474
314 476
541 478
422 482
1023 478
1074 478
1203 485
777 480
1088 481
345 488
386 490
847 486
865 490
1064 484
262 487
617 491
1162 489
818 489
245 488
965 491
1034 491
1760 501
1106 494
1070 495
372 502
541 501
834 498
283 505
929 502
1087 502
1521 503
995 502
1200 504
155 506
1133 507
1176 505
677 512
141 514
441 515
1032 511
1269 522
103 518
829 516
922 520
1153 515
583 526
1157 519
1027 528
1613 530
459 526
772 527
887 525
538 529
1528 534
743 530
798 545
395 533
628 532
1007 532
1114 531
1138 532
1171 535
158 537
426 541
1017 538
1281 541
75 541
768 541
846 540
1062 539
1479 542
460 544
1116 548
484 545
662 545
962 551
228 549
829 547
1070 547
1144 549
879 549
1046 562
1331 560
1624 549
169 551
849 553
738 559
901 554
1089 553
371 562
698 562
1008 558
1548 565
973 559
395 563
825 571
855 564
1506 568
73 564
621 567
977 565
1130 566
1180 566
929 569
962 571
1011 572
1167 571
1674 585
539 580
751 576
1122 573
802 576
1144 575
1161 579
1030 582
1285 578
1525 600
868 584
922 581
1000 583
1108 587
1745 581
741 584
632 587
889 586
1136 594
703 590
843 596
617 591
916 591
1073 598
447 596
1413 597
1767 601
241 593
1039 593
345 598
1274 598
539 603
607 598
961 619
1729 597
399 604
1036 602
314 606
739 602
1259 605
1638 601
135 604
775 606
987 603
1142 606
859 607
890 606
1125 609
1105 607
1489 609
139 616
569 615
170 612
1092 612
591 613
1283 612
450 618
1102 619
251 621
321 622
385 626
787 621
1158 621
857 625
1298 623
1600 631
1817 629
233 632
761 629
1114 627
1563 638
343 630
778 629
550 635
865 633
1141 633
1477 639
276 639
434 636
467 641
1283 654
1131 643
1336 648
739 641
1027 645
1828 651
247 652
747 650
897 652
984 652
1101 648
551 653
812 653
841 651
269 653
368 656
825 654
1043 655
1010 675
1494 660
802 658
289 662
466 667
720 659
850 660
1119 660
961 662
130 664
1090 665
1675 671
749 665
897 671
1185 666
1445 677
144 671
766 677
840 672
1137 674
629 675
807 684
1468 677
398 683
1311 678
306 680
327 682
379 681
1085 697
1180 694
611 680
1035 684
1398 686
903 686
1122 683
1488 694
1719 691
1625 698
248 689
1234 704
1308 697
462 693
491 697
780 699
969 695
171 701
608 703
1030 700
1130 700
1573 699
150 703
343 707
833 703
1000 714
765 706
848 709
1463 704
954 707
1196 711
164 709
816 724
1066 718
1154 709
123 711
182 710
737 712
1433 719
219 717
371 723
1510 722
1782 716
941 866
885 720
706 722
1212 719
1561 719
311 726
395 727
748 722
159 725
686 724
1024 727
460 736
539 728
1791 724
413 727
441 726
1707 745
946 731
567 733
105 734
1140 737
550 736
1034 736
1090 736
1275 736
1056 737
169 742
303 739
1375 744
1460 740
1757 741
337 742
1819 750
1041 754
1306 750
1393 743
511 748
738 745
1468 745
149 746
1450 751
717 755
990 755
1173 750
1233 749
348 753
392 754
755 751
1199 755
1562 767
940 769
1429 756
275 759
94 760
555 762
766 759
1278 766
905 763
175 765
736 766
998 765
290 767
1536 767
457 769
1406 769
426 772
499 772
672 772
1014 773
1660 781
712 774
302 779
564 776
966 776
982 776
252 777
372 779
878 779
1366 777
903 783
1454 788
323 782
1194 781
1632 786
626 785
192 785
1799 801
424 792
100 790
1154 789
865 791
1031 798
1336 791
470 797
1146 795
1287 807
55 797
369 799
557 806
1405 813
1471 799
1522 800
1002 813
1367 802
1729 812
14 805
667 809
1610 803
1623 808
1696 813
419 810
709 809
1143 809
596 814
353 817
1166 819
383 821
1344 832
206 822
244 824
565 830
600 825
836 825
1145 835
1190 840
343 829
1587 827
125 831
1399 850
1599 833
1632 841
188 835
481 835
628 850
1288 836
505 837
1474 845
1554 838
417 842
89 843
124 842
236 842
529 847
572 841
183 844
322 852
459 843
975 855
1255 846
1446 852
1500 844
382 845
937 848
1674 853
701 849
1292 860
483 851
389 856
865 857
1010 855
169 857
261 858
1520 857
1556 858
363 860
499 864
704 861
1149 861
1243 866
1649 860
521 864
1175 862
1789 865
198 865
1159 866
344 869
435 868
458 874
1273 873
280 876
963 872
1379 872
1223 874
1237 873
40 876
646 876
675 880
1657 876
1710 887
1824 877
1330 892
1533 880
202 882
237 882
553 886
1593 886
404 883
431 885
1406 882
1774 884
258 884
1196 883
1365 889
961 886
1207 886
1391 890
1419 885
716 888
1162 894
1256 887
123 889
326 891
358 888
505 891
597 892
1250 893
1282 894
438 904
164 900
817 904
1232 918
1257 902
1666 907
47 901
512 900
111 903
1209 907
1548 905
1560 903
153 906
389 908
486 905
713 906
1147 905
680 909
1400 915
1514 914
329 913
444 916
146 919
548 920
799 933
1349 947
207 922
490 923
623 921
1385 928
554 923
818 926
143 926
240 926
158 929
189 929
842 930
460 933
693 937
1613 940
11 934
546 935
594 933
1177 939
1569 937
1685 937
1151 943
1250 938
1474 938
301 940
450 948
672 946
1799 938
74 941
370 942
1236 941
1298 951
1502 943
476 950
551 945
1720 947
1231 954
428 950
705 950
1520 960
118 951
564 953
1641 956
523 955
886 957
947 956
1711 962
589 955
1498 956
232 957
664 960
713 965
601 959
818 959
1417 987
1785 959
542 962
1483 964
1201 970
788 976
913 968
455 975
1094 970
337 973
687 973
1256 972
410 976
764 980
902 977
1344 987
471 983
745 991
877 979
994 986
1555 981
1640 982
1081 989
364 987
909 993
692 990
773 989
959 986
1257 989
1053 989
1552 989
855 997
1303 1010
359 994
1611 995
1747 994
1828 994
194 996
482 995
885 1008
1249 996
433 998
941 1003
1176 998
1211 1003
76 1001
330 1003
596 1001
1441 1006
239 1004
713 1007
798 1008
1699 1016
1784 1006
1819 1004
1335 1034
1485 1008
476 1012
1182 1020
1112 1016
520 1020
930 1019
172 1020
1271 1021
124 1022
1828 1019
143 1023
419 1021
452 1026
1435 1021
367 1024
1556 1035
1782 1033
633 1026
130 1027
253 1029
511 1028
616 1026
770 1027
852 1028
863 1029
996 1034
1375 1033
1457 1031
1473 1028
150 1028
744 1039
1413 1030
897 1034
1396 1033
1055 1036
1626 1037
1820 1035
460 1037
292 1044
345 1039
1253 1056
1274 1043
1469 1069
1838 1040
46 1042
1194 1041
509 1045
1017 1043
427 1046
457 1045
585 1048
1298 1056
714 1050
1419 1049
1527 1051
90 1051
734 1056
1074 1056
1801 1053
481 1054
217 1056
435 1055
843 1058
77 1058
315 1058
223 1066
771 1059
1011 1059
1564 1060
519 1066
583 1061
925 1063
1042 1062
1540 1062
1598 1072
665 1063
614 1064
107 1067
966 1067
633 1070
704 1070
878 1071
427 1077
479 1074
605 1076
672 1077
726 1077
1230 1079
1535 1074
1330 1080
1706 1077
353 1077
500 1077
304 1079
638 1083
926 1080
1049 1081
1515 1088
1782 1088
19 1084
1411 1086
799 1093
1364 1088
443 1091
504 1088
986 1091
1299 1097
32 1089
1322 1093
1435 1095
1068 1091
1613 1098
1698 1092
345 1094
706 1097
896 1098
378 1097
521 1098
857 1099
1245 1097
482 1106
1125 1099
1768 1103
592 1101
1029 1105
1410 1102
728 1103
1343 1106
837 1110
285 1110
1269 1115
1477 1115
828 1116
1013 1119
299 1120
631 1121
1515 1119
1636 1119
1774 1116
264 1121
398 1119
494 1121
734 1125
1268 1136
1395 1129
1784 1121
1321 1124
1448 1125
142 1124
469 1132
504 1126
805 1129
385 1127
787 1130
1000 1127
1676 1128
1729 1127
343 1130
1541 1130
1368 1136
550 1138
754 1138
1193 1135
1473 1146
376 1136
1061 1142
1307 1141
632 1140
709 1141
773 1144
1431 1142
2 1149
190 1145
745 1147
951 1151
1586 1149
1806 1146
408 1148
1610 1153
1663 1150
1125 1151
17 1151
669 1151
1375 1156
278 1160
1224 1155
515 1157
488 1158
923 1160
1140 1163
1195 1164
413 1161
568 1164
1279 1162
322 1163
1731 1169
511 1165
771 1172
77 1169
267 1169
401 1174
534 1174
590 1170
1274 1168
1289 1173
1412 1169
228 1172
470 1177
748 1173
1710 1175
150 1177
434 1175
737 1178
1356 1184
1526 1178
291 1181
880 1186
1418 1179
1652 1184
50 1185
713 1186
1256 1186
1480 1197
266 1189
441 1189
1179 1192
1276 1189
361 1199
1520 1198
1264 1193
580 1195
156 1198
736 1199
1454 1200
1739 1206
1831 1200
390 1203
978 1200
220 1204
511 1205
1460 1204
1274 1210
1414 1215
725 1213
1122 1213
562 1214
50 1219
1493 1220
485 1219
1785 1223
1836 1216
1368 1220
1562 1220
1726 1221
599 1225
1085 1224
1696 1225
24 1226
1581 1226
