907 617
302 0
360 6
466 1
543 3
836 41
1032 0
1048 0
1065 12
1118 8
1187 18
1201 0
1258 6
1373 122
1508 14
1703 1
1825 33
970 14
1213 13
660 45
1138 23
932 21
595 26
1006 26
562 41
742 30
1048 59
1650 41
1090 46
1161 49
1260 97
1010 73
718 50
1222 45
607 66
968 56
883 53
907 52
167 60
1190 52
256 58
1120 58
1725 70
341 65
1210 62
863 67
414 70
1176 79
1425 94
117 96
251 94
1398 92
1173 117
1799 117
383 98
677 101
962 92
1090 96
1039 106
564 113
610 109
876 114
1129 109
299 124
733 113
1091 114
1705 123
964 139
1490 132
577 135
992 122
1023 122
1626 135
430 131
1149 139
1307 139
1446 133
678 142
819 144
1217 140
509 145
1007 150
1828 156
1191 153
633 155
1119 150
158 161
1037 167
1102 152
1748 171
869 158
1168 156
329 164
1066 169
1134 167
996 185
668 177
606 178
1415 179
1594 188
521 178
1179 186
1102 184
1255 180
588 192
1223 182
231 195
917 197
1054 192
1151 187
387 192
561 192
1715 191
889 198
324 200
1215 203
782 200
1106 208
433 207
942 210
1678 214
616 210
871 210
1146 232
1254 209
1781 228
309 212
354 219
574 218
973 214
208 225
1020 217
1457 241
1225 285
1255 226
526 232
1008 234
1039 238
295 243
554 247
171 266
1288 270
924 254
375 254
1098 250
1527 257
321 258
420 253
1004 251
1340 267
1678 273
807 256
861 258
1187 269
612 263
956 277
1071 282
571 287
1157 262
800 266
1007 272
1143 271
642 280
824 276
1034 297
1812 282
936 280
844 285
607 287
1324 287
436 291
703 293
812 295
1357 302
1766 300
995 302
627 302
1135 300
665 306
1097 304
939 309
296 312
586 311
916 309
1317 314
1718 335
1108 313
1625 319
675 320
900 316
261 323
973 320
1090 339
952 338
166 337
368 332
831 332
993 336
609 338
1329 332
930 364
1139 338
1179 358
1218 342
1242 343
1575 351
1762 357
539 351
877 349
984 349
304 349
839 352
1338 363
568 359
1372 374
506 363
1054 359
415 364
655 367
1004 370
1131 363
1244 359
1636 372
1412 375
106 376
837 372
1117 382
808 380
326 388
1579 382
1052 385
1211 389
1130 390
1173 402
1442 398
738 396
1712 417
1022 395
1200 419
1146 401
951 404
554 416
1007 405
160 412
264 407
1093 418
980 423
318 410
1225 415
922 480
1523 415
192 418
1072 416
1625 428
846 430
960 418
1012 419
1044 419
505 426
381 426
1121 434
616 433
799 431
998 431
1657 445
1145 431
1346 439
1161 438
1257 444
492 441
131 479
151 438
439 440
747 444
782 443
1821 446
1567 444
1072 460
1722 460
1148 447
397 450
1089 450
657 455
765 452
447 453
218 460
525 455
1164 458
345 455
566 465
1604 462
1119 460
1366 471
613 469
1008 473
1030 466
1140 474
1335 476
285 474
801 476
1239 473
1095 472
101 478
185 482
513 489
1286 480
1565 476
1178 493
1108 480
1052 491
1505 493
1024 487
1158 487
243 490
1128 491
1090 494
1606 522
607 510
211 505
585 497
1110 510
789 501
335 503
352 504
1381 514
1011 508
556 517
842 514
1407 519
767 515
1206 517
1715 536
239 523
809 520
1142 521
1160 522
517 533
984 538
1047 532
1085 530
862 536
1562 536
795 536
1142 560
296 539
588 548
884 538
1110 542
1438 545
1052 543
1182 553
899 561
1010 549
1081 550
1791 547
547 559
1392 559
1066 551
358 558
275 566
932 575
311 568
837 566
1005 564
1082 580
1010 578
1037 573
1109 565
529 574
802 569
968 571
1210 577
507 577
600 576
758 577
915 575
992 577
1098 577
1625 588
237 595
1490 585
562 589
1726 588
50 591
1023 584
891 591
1580 619
582 596
1150 595
866 600
311 598
754 599
1033 600
355 597
705 601
1009 634
475 603
1165 600
543 605
1184 603
205 606
504 609
806 614
1160 609
1175 611
895 608
921 611
935 610
176 616
487 619
522 615
595 616
1075 617
1525 616
1549 640
342 621
958 637
1142 615
735 619
898 629
1095 617
978 621
1210 619
1101 623
1132 624
1156 625
1695 630
1237 635
384 630
1055 632
303 643
774 634
613 641
1144 643
1119 637
1200 638
596 658
368 643
787 644
1083 645
338 647
508 649
1045 646
1065 650
447 652
536 652
858 656
880 652
1161 650
1351 665
1649 670
907 654
409 653
1094 654
1187 655
244 656
514 669
158 663
919 660
986 658
1072 660
786 663
1137 660
1256 676
52 667
938 678
967 670
988 672
1501 688
1607 702
1729 679
289 677
858 684
894 683
217 682
405 682
1023 694
1446 692
715 686
1183 692
190 692
531 694
754 689
956 689
1134 696
1052 694
1686 703
310 703
772 698
245 696
996 698
1079 698
1279 704
552 705
1325 703
1006 706
240 703
441 705
713 706
897 709
1037 708
124 708
394 708
739 711
824 708
862 709
973 713
876 713
1422 714
1534 720
189 713
763 712
429 716
1468 729
540 722
1092 718
1768 744
1262 724
1581 726
747 723
1059 724
227 726
249 726
1105 725
1085 729
970 740
1014 800
853 735
896 738
1365 740
1414 741
1319 740
826 777
843 742
1082 743
1109 755
920 751
997 751
875 748
510 751
1288 760
1500 752
20 757
210 754
230 753
560 763
1062 752
955 766
137 755
1085 764
1153 759
876 765
154 770
331 768
491 769
398 769
592 771
1570 793
1713 775
311 772
436 770
1253 771
636 774
467 777
894 775
1097 788
1476 777
516 780
768 780
938 781
1308 786
791 786
1063 792
744 786
1669 795
689 788
727 787
804 788
1038 788
239 791
863 790
881 798
1471 791
907 797
1147 792
1355 796
395 795
1528 812
1493 795
1074 798
452 800
502 813
802 799
747 801
326 808
1134 811
192 825
360 816
391 810
823 808
1724 817
772 813
521 815
742 813
961 815
123 823
244 821
720 816
930 820
1081 817
389 818
839 833
946 960
1105 822
889 842
797 830
942 829
861 846
520 833
731 829
582 837
148 840
339 834
539 838
812 874
367 839
760 853
1164 852
103 845
721 842
1232 851
1605 847
1481 845
558 850
635 848
933 865
698 850
736 854
826 852
1452 854
136 857
342 855
689 858
1308 863
1697 867
421 859
843 879
314 859
564 860
227 863
1036 865
1149 863
532 868
1346 873
106 873
154 874
672 874
496 873
206 876
866 877
491 879
361 887
1322 882
519 886
958 893
985 886
12 889
561 892
1403 889
177 892
1196 895
70 895
495 896
936 893
1378 896
516 907
1002 903
1267 902
596 905
912 908
976 911
1389 902
1634 899
28 904
231 908
1426 909
1580 912
446 917
939 913
621 908
951 908
825 910
1034 910
1543 925
1698 929
868 915
478 918
560 923
1005 940
190 916
829 917
894 926
119 920
855 920
1174 922
1373 925
1408 927
362 925
1744 924
1773 928
351 930
681 931
1287 936
1510 944
298 934
1235 941
201 936
400 940
855 941
1395 941
190 941
926 941
224 943
494 950
970 949
239 946
440 946
681 947
1584 970
294 954
257 961
699 956
1422 961
1537 956
727 957
159 959
507 960
882 961
283 970
1310 969
356 962
1678 962
514 966
1686 967
351 967
717 970
544 972
610 969
1094 970
149 975
198 980
556 979
1277 972
1614 974
426 978
1486 979
473 980
1458 981
1826 976
522 978
1402 980
1436 981
400 985
709 989
383 991
500 991
1267 989
117 989
618 989
1321 990
362 994
451 993
575 993
433 1001
694 997
743 997
1353 995
487 1004
1339 1001
706 1000
1311 1003
395 1002
464 1004
1595 1006
286 1010
624 1004
645 1007
768 1007
1284 1011
112 1012
1130 1006
540 1024
576 1012
836 1013
1513 1034
1196 1010
1566 1015
692 1019
1268 1016
478 1031
1232 1025
437 1021
1414 1024
50 1023
349 1025
1448 1025
426 1028
653 1029
1299 1030
244 1028
411 1029
443 1032
558 1028
1128 1036
1212 1034
1315 1041
1342 1030
124 1039
1465 1040
1587 1031
29 1042
178 1047
852 1033
1747 1034
1056 1037
1291 1044
1365 1040
246 1044
1426 1046
630 1046
785 1044
812 1046
382 1044
403 1045
509 1049
76 1051
343 1048
603 1050
699 1049
930 1054
1247 1051
209 1055
412 1050
470 1064
818 1054
368 1058
436 1069
537 1075
35 1060
333 1065
517 1060
683 1060
1056 1067
552 1067
1079 1068
1283 1063
231 1070
806 1066
1147 1066
1537 1066
691 1072
385 1076
824 1084
888 1072
1255 1073
1342 1071
1475 1072
501 1073
911 1071
737 1073
790 1076
627 1074
1122 1075
74 1080
1514 1084
166 1081
425 1102
467 1122
931 1084
1233 1080
190 1087
313 1082
569 1081
739 1081
598 1084
657 1090
807 1083
45 1085
1358 1087
284 1089
336 1089
1441 1092
716 1090
1338 1089
90 1101
917 1095
122 1094
175 1097
1034 1100
1281 1097
908 1096
311 1096
535 1099
1225 1096
1627 1098
395 1098
804 1103
1488 1107
389 1101
1152 1105
1178 1101
166 1102
454 1103
575 1108
858 1115
1405 1106
900 1109
1087 1106
988 1109
1171 1114
1233 1114
138 1112
212 1111
227 1123
1645 1111
630 1118
828 1124
1249 1114
1378 1117
1325 1120
1677 1115
194 1119
679 1118
809 1119
1016 1121
1270 1118
1790 1117
314 1120
379 1129
919 1123
985 1121
1126 1126
1423 1121
354 1123
522 1124
578 1129
743 1126
1300 1129
516 1134
896 1128
1492 1127
8 1131
160 1128
273 1129
1361 1130
998 1130
493 1133
901 1133
399 1137
650 1139
804 1134
1467 1142
255 1140
292 1151
1238 1141
356 1142
592 1147
1312 1141
1199 1147
418 1149
1749 1144
155 1144
183 1152
303 1147
331 1144
533 1150
570 1146
633 1161
1325 1149
558 1150
863 1150
1252 1147
1494 1153
35 1150
1232 1150
1291 1152
1 1151
667 1151
1765 1153
117 1157
512 1154
840 1156
955 1155
1009 1154
1729 1153
249 1160
442 1186
870 1158
1534 1160
713 1157
921 1158
1336 1166
66 1159
349 1159
390 1160
526 1165
943 1161
992 1159
1554 1165
1643 1163
150 1164
206 1165
558 1165
657 1165
1594 1165
828 1167
615 1173
1680 1167
794 1173
964 1171
1184 1171
1378 1173
1432 1170
1448 1183
17 1174
327 1172
1222 1174
692 1175
835 1173
979 1174
484 1188
1315 1178
164 1194
1017 1180
1513 1188
84 1185
526 1190
599 1184
959 1184
1382 1200
271 1185
500 1186
556 1184
654 1187
698 1187
1177 1190
211 1187
789 1188
1485 1190
811 1190
1545 1189
556 1205
1271 1194
471 1201
781 1193
1114 1193
1227 1194
382 1196
1420 1196
1505 1196
315 1204
605 1198
638 1204
1074 1199
1300 1201
1322 1201
360 1204
1343 1204
1528 1208
1594 1202
838 1209
208 1211
1080 1207
339 1210
1289 1210
454 1211
507 1218
79 1220
21 1215
99 1216
785 1218
1260 1218
1487 1221
1604 1222
121 1220
133 1224
829 1223
1022 1222
331 1224
386 1221
458 1224
478 1224
1415 1224
103 1223
192 1225
601 1225
920 1224
348 1225
864 1225
1065 1226
1144 1225
1355 1226
