918 618
73 4
240 4
449 8
555 7
737 8
1093 8
1693 7
937 22
145 30
618 35
1080 39
219 42
1144 26
723 36
502 40
1380 66
671 45
960 59
893 54
673 70
1448 88
115 91
699 71
525 110
790 72
811 73
467 81
598 79
881 80
1051 84
610 90
752 103
895 99
651 108
667 100
947 112
1697 112
482 112
814 113
281 135
840 122
454 123
1470 161
66 156
202 143
654 145
913 158
1057 149
1 155
1077 161
747 158
817 174
501 174
644 166
445 168
274 179
340 181
21 187
634 189
836 205
431 205
781 208
942 208
255 222
504 215
1253 233
987 221
366 221
473 229
1337 225
756 231
1314 230
869 237
1580 245
546 248
633 246
797 245
931 251
80 259
260 265
850 260
871 262
728 262
1328 269
567 276
914 269
1165 285
344 272
1490 310
376 277
672 278
481 279
615 278
133 282
689 290
994 291
739 293
767 296
369 300
842 298
653 301
818 309
897 308
1012 302
317 311
708 343
127 321
1001 316
576 331
939 321
482 329
530 343
1052 331
621 332
890 347
788 347
341 336
72 348
828 340
923 346
1311 346
482 351
1161 348
204 363
417 358
983 372
97 363
949 366
661 376
694 378
1278 403
15 402
519 390
604 394
341 399
657 416
1310 402
400 403
623 416
882 410
1424 423
1717 433
507 415
939 407
441 426
738 427
979 414
997 417
598 418
696 422
899 422
819 456
1304 452
197 446
1015 445
1608 463
251 447
490 460
666 448
878 452
620 452
79 457
651 462
860 461
1024 476
710 471
1445 480
960 475
1674 478
473 504
353 499
521 502
597 497
980 505
856 501
307 504
372 510
721 534
827 510
634 539
1483 541
494 522
786 535
198 531
515 528
17 543
990 548
1196 540
1304 549
944 550
393 563
672 559
220 559
337 570
1224 564
1385 611
780 574
702 568
866 571
1796 590
1596 593
819 579
806 585
748 588
1296 598
299 588
848 605
981 599
593 599
928 602
1167 616
195 602
1488 618
1263 608
32 620
682 621
873 628
72 627
651 628
630 631
515 633
1273 659
837 636
854 637
620 640
766 650
940 641
489 646
1338 654
433 651
953 654
702 662
793 658
1647 661
76 663
485 662
866 672
23 676
293 672
592 675
772 684
633 677
649 675
677 684
1181 678
518 687
604 691
699 693
361 699
491 703
528 699
858 708
1120 712
1641 716
1196 708
1224 711
431 715
1251 734
426 724
535 728
848 737
773 731
735 734
58 741
1589 755
508 752
696 755
568 755
627 761
721 761
833 769
102 769
186 773
953 768
454 771
493 779
610 786
997 909
1169 778
664 790
714 794
1324 798
428 784
529 789
764 794
1774 788
125 792
736 793
1157 801
245 800
743 817
6 811
1188 807
181 811
295 821
424 822
537 826
571 838
455 838
1639 859
485 853
739 862
1708 861
354 869
1683 875
552 874
611 869
1001 870
529 872
670 889
618 880
1543 882
225 888
522 890
792 894
386 906
709 916
1662 920
782 913
841 916
630 915
681 939
1796 936
1503 948
703 949
403 961
675 961
1177 978
614 988
1465 995
285 987
768 1009
366 1015
130 1017
581 1019
499 1021
630 1037
670 1035
343 1040
156 1042
338 1046
589 1046
252 1051
657 1050
687 1049
580 1063
960 1067
754 1066
765 1073
425 1076
883 1081
395 1079
290 1081
402 1092
1473 1100
625 1102
496 1104
730 1108
746 1136
765 1146
637 1154
247 1203
66 1215
787 1218
751 1225
