899 603
263 14
302 0
468 0
566 5
598 10
768 0
860 24
918 6
1047 1
1061 0
1130 4
1243 2
1354 10
1497 3
887 7
198 24
1108 20
353 8
775 13
1151 12
1570 15
1034 16
1648 21
508 23
999 21
925 32
1755 28
1064 31
1522 36
461 32
824 37
882 31
953 31
1423 42
1033 41
1206 43
1459 51
348 51
1077 43
1699 54
974 59
1134 48
1285 63
639 52
760 52
805 50
473 58
501 76
535 61
579 62
291 74
819 62
1541 74
1131 63
467 64
1585 76
1057 69
1151 69
667 73
1073 84
1492 72
593 77
1186 80
651 83
346 81
1013 86
947 87
211 92
1312 95
1426 89
987 89
1117 89
7 103
1200 99
343 99
619 109
422 96
551 99
1022 118
443 100
1005 103
1457 103
253 109
1136 104
377 102
580 111
1657 109
462 103
1624 104
1728 110
320 104
413 107
919 105
932 110
895 110
1179 111
1070 118
724 112
684 125
919 121
42 131
1155 120
1513 128
76 133
710 125
771 124
839 127
941 121
810 125
1214 131
283 138
657 135
1654 140
1433 137
1601 132
1708 134
235 135
426 132
1059 134
1397 141
1745 136
211 131
356 132
787 137
828 137
947 133
1140 136
557 136
608 161
249 143
1079 146
761 142
821 146
1038 161
208 148
1323 155
451 150
741 168
546 160
631 148
676 151
876 157
903 152
349 151
987 252
974 152
1112 155
172 160
1231 161
488 155
505 162
1463 165
681 160
1634 167
668 163
841 160
1183 161
259 190
467 167
565 168
1259 162
16 172
332 171
814 164
1062 174
1101 174
1121 178
699 192
183 170
716 170
1761 175
787 174
821 176
1688 178
1705 172
1434 179
1297 175
1663 195
82 186
202 184
991 184
440 179
662 183
500 186
1283 183
1715 195
1837 183
459 196
753 195
817 192
537 194
1028 190
1101 207
1292 189
1481 195
1603 200
1143 191
797 194
1160 192
1432 198
521 197
146 200
208 198
312 247
357 201
607 196
639 216
1179 197
1460 199
1789 205
562 216
586 205
1397 201
621 207
1518 206
685 211
732 206
788 216
508 218
1242 210
225 209
670 221
1261 240
1341 221
138 215
925 214
1292 210
192 230
762 215
1416 214
1442 213
1461 213
212 214
480 214
86 217
113 219
162 216
529 221
609 223
754 223
1167 224
1388 229
1499 231
387 226
477 222
742 228
429 224
465 229
574 259
1643 230
106 226
1224 227
1781 235
446 228
658 232
814 237
1101 243
145 233
518 239
1134 232
1286 238
1473 263
127 237
442 278
475 234
1169 239
1149 237
372 243
654 238
690 241
1437 246
1569 243
1231 264
1133 245
1191 251
783 254
1419 249
703 249
746 256
905 253
1671 258
864 260
886 251
923 250
937 251
824 262
1583 250
653 262
1589 273
717 262
844 260
673 257
1282 294
27 260
125 258
221 277
407 276
1636 263
494 260
1180 263
1725 261
159 262
1837 262
803 270
900 267
946 267
1113 273
702 275
1433 301
522 272
657 302
735 280
1786 277
138 272
779 297
921 280
645 282
1065 275
1208 278
1358 292
1506 276
1646 275
1708 277
1723 277
472 277
1809 278
838 281
857 283
896 287
1338 282
507 283
534 286
751 284
974 293
815 286
1112 288
1138 290
1796 285
720 301
1097 292
1694 289
1819 308
384 302
486 300
1388 313
908 295
1172 293
367 297
539 313
743 307
1126 299
463 299
507 304
1622 329
1797 312
357 315
922 311
1030 302
1195 306
8 311
1768 304
1232 314
1701 306
836 324
964 308
1117 307
1512 314
1561 319
206 310
597 314
721 345
1307 310
1538 309
407 315
1122 313
1657 310
1676 312
1470 312
565 321
978 319
1528 325
327 321
758 324
877 320
1588 325
203 321
808 323
1152 320
1728 325
683 324
1168 331
1509 331
32 336
507 333
1778 327
934 337
1139 328
438 332
797 333
914 331
1203 333
1291 332
400 334
1216 341
1250 344
1477 346
1648 333
1772 332
1833 332
948 337
964 339
559 339
773 342
1669 339
1692 341
407 346
600 354
673 341
907 339
998 340
368 341
890 344
1349 342
1711 340
819 355
984 369
1781 350
1832 345
115 364
212 357
582 349
1152 351
1364 347
1533 346
1717 348
284 354
425 347
630 360
1305 356
1584 351
247 356
897 351
1639 351
857 356
1684 350
876 354
1441 359
1539 354
1811 358
1130 356
1205 357
1226 358
954 358
1005 358
1261 357
1383 378
1520 365
1777 390
542 359
1828 358
1244 392
749 399
1184 364
1553 362
1712 363
1749 363
183 365
1146 368
789 375
1665 421
1174 368
1272 370
1422 373
1552 376
551 372
951 427
1487 372
318 378
413 373
844 379
575 375
809 385
1153 375
1232 374
375 380
1276 381
1462 389
549 390
599 379
227 380
495 386
688 381
1078 383
1174 383
1576 427
1144 395
1215 394
259 402
517 391
654 388
830 388
1335 400
1830 387
797 394
1522 400
145 396
704 402
1075 398
1819 403
211 398
1312 398
683 400
1367 399
1429 398
1491 403
119 400
595 401
780 407
634 408
673 404
1732 405
466 404
1069 406
1080 409
1301 406
1143 407
1442 408
307 414
477 409
662 416
1264 410
1751 438
138 417
176 413
1398 410
1403 425
1509 417
439 416
725 420
1176 469
1353 421
534 419
1315 415
1377 418
114 425
370 417
467 417
516 417
817 417
1189 417
1253 420
282 422
608 426
1445 591
1623 428
1645 420
1784 425
1813 424
411 421
1525 426
686 423
384 431
587 425
715 427
1310 426
1439 426
264 428
453 426
541 428
562 429
1820 433
1836 426
182 434
419 429
696 428
1078 430
1502 429
666 431
1058 432
1273 430
1332 433
1426 433
157 436
574 434
799 434
1309 442
1357 433
720 436
241 438
399 445
431 444
1632 437
1071 442
1420 439
484 441
519 441
1095 456
1220 459
1350 444
1786 443
278 445
505 446
671 445
818 445
1519 449
1829 450
639 446
761 447
1259 445
1649 444
378 448
477 453
562 456
1126 453
458 449
347 454
726 451
1490 459
1808 459
493 454
649 460
707 457
739 457
49 454
82 458
1072 461
1251 468
1378 464
1293 459
1356 461
1739 463
115 463
342 461
1778 460
712 468
1287 464
216 468
258 476
781 467
880 466
1759 469
1834 472
382 484
602 487
1035 468
1401 467
1516 472
1109 500
1528 469
321 472
731 474
1112 475
1211 473
1349 473
1607 474
1727 471
349 476
425 473
693 475
1304 477
1534 485
1693 513
474 478
1734 475
1800 500
447 494
769 481
1506 481
811 480
1240 479
562 482
678 485
740 487
1592 482
1750 499
1779 487
222 486
885 484
971 484
1285 487
1565 483
341 496
641 497
1253 487
326 488
784 488
980 489
1634 489
125 494
577 488
694 489
712 495
964 489
1718 506
47 491
1248 524
239 512
1014 505
1065 493
1656 494
910 500
1296 514
285 519
505 510
1485 499
1609 500
1814 499
160 500
969 530
1463 502
468 502
822 503
859 503
1246 503
1819 504
66 505
615 507
666 506
731 506
92 506
1529 508
1585 507
464 511
759 513
1506 519
1831 512
371 515
429 523
900 513
1340 537
1156 520
642 518
658 541
479 541
538 518
729 524
801 519
1558 520
115 519
611 528
832 520
1459 537
1627 544
1665 518
1780 540
1810 519
50 526
586 522
1035 522
1055 523
90 524
29 526
396 525
1526 538
1740 527
2 526
151 538
526 535
1122 716
1806 531
12 529
746 530
817 533
993 529
1042 530
1279 529
1755 531
314 535
344 540
200 532
411 546
556 537
1173 532
1495 532
769 536
1425 538
446 539
1726 537
1817 537
231 539
1237 545
72 548
299 543
737 548
827 543
1562 545
499 544
1474 544
1592 544
1721 547
1749 552
221 551
1286 547
1506 591
1734 544
1822 545
806 550
1807 552
244 553
548 557
607 559
693 562
189 560
441 559
455 553
1261 560
753 560
1157 557
1588 559
124 559
827 563
1552 565
1825 563
732 565
913 560
1238 559
1425 563
1709 567
239 563
503 561
674 565
938 563
1009 564
1476 563
1610 581
1740 565
36 567
521 564
1293 568
996 568
1323 567
1682 567
398 569
1452 570
292 570
550 570
562 598
1013 572
1180 572
66 573
79 575
278 577
1232 579
1643 576
155 578
452 576
491 600
503 577
654 580
946 575
1434 580
1591 580
420 585
617 585
750 577
1332 576
210 591
525 583
795 581
975 578
1700 584
1781 583
243 584
333 582
151 586
266 587
544 588
1682 583
48 584
724 584
965 607
990 588
1726 586
340 588
360 593
510 588
689 596
734 586
850 594
1193 592
1739 588
104 597
892 590
502 592
596 607
673 613
1838 593
145 601
1751 594
394 597
1018 597
1640 605
1827 603
369 603
1239 600
1603 599
1709 610
1734 612
174 601
248 603
300 600
389 611
635 621
717 606
1597 602
228 605
271 615
313 605
332 606
532 612
1766 607
742 610
1033 610
1664 609
1682 609
124 625
418 611
1603 621
1785 614
425 615
1837 615
208 625
293 619
706 619
835 617
930 623
1564 637
329 622
242 627
465 630
1677 629
1814 633
81 632
178 624
365 623
1753 634
1766 627
354 635
717 627
1826 626
905 629
946 629
1470 630
1505 631
1524 630
1587 630
1616 638
614 631
653 634
1654 635
484 633
526 650
704 636
843 634
1017 634
1485 633
1786 637
160 636
219 651
277 645
315 641
421 635
719 637
625 636
998 652
1689 640
1671 640
473 641
657 640
915 646
141 654
373 649
717 652
1634 652
96 646
424 650
934 650
1685 647
1703 654
344 650
622 654
1793 653
170 651
602 650
699 657
958 653
1596 663
1672 664
411 661
861 656
1299 659
322 661
75 659
1726 663
1831 666
261 661
599 662
645 669
671 671
1639 671
365 673
466 670
548 675
343 666
524 667
1814 667
45 678
293 671
204 670
580 671
1743 671
699 681
906 676
2 678
243 677
306 679
602 678
1623 678
1785 681
122 682
352 681
368 696
993 683
1738 694
239 687
448 696
1013 683
1602 691
1714 687
1804 694
524 688
1779 686
1586 691
1631 694
216 689
568 691
1665 692
1820 690
131 697
605 734
618 691
289 696
400 695
182 697
219 700
899 699
1775 699
199 702
481 705
542 700
1654 705
1683 700
497 702
667 700
1163 708
561 706
630 705
669 722
265 732
645 706
1759 706
190 708
324 706
460 713
396 716
409 709
427 713
504 710
525 711
1696 709
12 713
576 714
1485 715
1561 718
1621 726
225 719
1532 719
636 715
514 718
621 719
1704 720
1735 727
334 722
549 732
1464 750
1584 720
1818 723
191 722
356 725
415 727
1711 733
686 725
1575 726
642 730
1429 726
129 734
1654 737
292 731
529 734
1595 730
169 740
371 735
1837 735
299 739
1551 735
1792 742
332 740
702 743
1423 742
94 740
525 741
1491 743
1573 741
491 758
684 755
1586 743
1603 743
213 745
521 759
106 748
319 751
379 749
564 747
636 748
230 749
286 751
431 780
578 751
1634 753
145 765
392 752
1288 752
1737 755
1436 758
1587 765
180 756
722 756
656 756
1301 758
1770 758
1814 758
1510 764
1696 763
437 762
459 766
227 763
299 766
1665 764
1713 773
313 767
472 780
83 768
716 773
807 773
101 771
358 771
391 770
883 777
932 781
1781 772
1805 773
1836 775
254 776
323 779
746 773
852 771
1521 782
1659 771
51 774
511 773
287 780
693 776
1821 791
105 778
1748 782
970 781
1114 781
1610 782
226 782
576 780
653 788
784 790
1510 782
40 785
113 783
597 789
763 790
1037 783
1684 787
392 788
946 785
79 787
336 794
861 792
955 787
1477 789
1551 802
1564 788
1700 792
1642 792
1723 789
244 795
275 795
564 797
1320 792
23 792
167 795
665 804
1090 802
1117 799
1590 797
1712 800
605 800
694 799
719 808
953 798
969 804
1499 804
1627 805
1676 799
1769 799
138 801
182 802
445 835
745 827
1690 802
1779 802
398 802
365 811
580 808
874 811
1047 807
1331 805
1359 817
340 809
400 816
501 814
600 808
803 809
903 808
1387 809
1473 819
826 814
1024 814
549 811
617 813
790 811
844 818
1077 816
1307 813
1664 811
1806 813
1825 811
528 814
691 829
1048 823
1132 835
1323 816
223 821
643 817
925 818
952 822
990 820
1635 822
476 821
1694 825
422 818
590 820
889 822
1604 821
1733 833
1768 820
1828 831
562 839
730 823
1523 822
245 833
1576 822
180 826
333 851
356 827
597 824
916 825
1813 828
294 844
516 836
626 831
1511 828
1664 839
97 832
205 833
267 831
37 830
874 832
1570 835
1801 836
370 835
412 835
798 834
1072 834
19 836
64 835
588 839
709 845
825 836
1630 841
42 838
145 837
618 837
936 837
1460 841
1789 837
794 845
1705 856
150 843
180 845
200 842
379 840
475 846
99 851
1838 849
1138 851
1537 845
1550 849
609 848
873 847
957 849
980 849
1481 846
1531 853
1725 867
13 853
191 850
771 865
908 850
659 857
1680 853
1613 862
1641 857
59 856
240 856
528 883
577 856
976 856
1127 855
1473 858
1761 860
163 864
366 871
635 869
814 886
1073 871
1424 879
271 858
419 911
789 864
1063 860
5 860
933 863
1030 865
1149 869
1322 863
1585 879
1669 874
542 869
740 867
850 867
557 874
579 868
727 873
1515 868
256 870
484 870
511 871
604 870
1212 871
1456 872
125 881
925 873
1020 875
1779 872
1116 874
1377 873
804 876
1176 875
1691 877
32 877
53 881
312 889
753 877
839 878
1467 877
1516 898
1743 882
469 880
675 883
691 878
772 879
1384 884
1647 894
1784 879
1824 890
381 883
403 883
488 889
628 883
944 895
1161 893
213 886
576 899
591 889
870 890
1627 890
228 888
287 888
733 894
760 888
1202 906
1470 922
23 890
459 893
618 891
1665 888
1770 894
99 892
545 893
1134 892
1599 892
271 892
667 895
965 893
1038 902
1668 893
1793 912
154 894
425 897
66 899
842 904
1067 906
1227 896
42 900
607 902
656 899
783 901
1023 899
1125 911
108 901
194 901
293 905
913 913
985 911
1566 906
183 904
490 913
367 906
435 906
680 907
1547 909
57 911
1412 909
1712 908
262 910
549 923
1623 908
1827 910
96 913
339 910
629 915
884 915
1232 1048
1588 910
1663 917
312 914
579 914
724 917
948 916
1820 913
158 924
207 916
1425 918
298 917
593 932
960 917
1096 917
1705 918
1722 918
1814 917
1834 922
119 924
371 934
528 921
746 921
811 920
328 921
598 980
1037 929
1073 921
519 948
690 953
1589 924
714 937
1572 926
1765 925
821 934
848 933
1220 930
1615 931
1679 929
1716 929
1331 931
1444 940
1551 931
1697 933
34 934
104 934
316 946
347 933
560 936
644 933
288 935
492 943
667 937
769 937
950 943
1116 937
1433 937
243 944
1078 943
1568 946
1730 938
1768 937
734 966
1467 941
1599 942
1795 940
1821 946
411 954
925 942
1040 951
1397 967
1533 945
208 947
660 949
1749 948
113 947
1608 948
1141 949
347 953
380 955
569 961
854 952
1705 967
1779 952
448 952
1366 956
1740 954
964 955
994 957
1435 959
1730 957
891 962
1009 962
1621 957
1661 958
343 959
790 959
872 960
1442 985
1551 961
1836 961
86 967
1527 963
1601 961
1808 962
55 962
108 969
298 978
369 965
730 1018
1114 964
184 967
261 969
443 974
481 974
1654 975
356 973
386 968
533 971
1020 971
1094 977
1169 968
1759 968
1800 971
39 970
342 994
670 969
1597 969
216 971
774 973
948 973
1361 985
1636 973
1691 970
173 972
862 974
1280 973
137 996
832 977
931 978
1677 974
374 980
664 977
1001 981
1261 976
1272 979
1584 985
892 979
1625 989
1 980
194 1000
640 981
1051 982
1767 983
911 989
939 984
1793 987
423 989
1252 991
1543 991
488 996
1118 989
1599 992
1686 988
1729 993
226 1006
681 990
966 994
1011 995
1511 992
1700 989
454 996
731 991
893 1000
1835 1007
327 996
378 997
405 997
514 1000
1043 1001
1482 1001
1617 1002
1064 1000
1233 999
1736 1000
396 1002
428 1003
1109 1006
1126 1002
1205 1006
1502 1009
1758 1005
1788 1002
997 1005
1261 1004
1701 1002
94 1008
659 1006
850 1009
1662 1016
1678 1007
272 1008
978 1008
1369 1018
1471 1008
1539 1010
1648 1009
1819 1007
76 1008
292 1015
473 1009
626 1009
924 1012
497 1011
539 1016
888 1013
1565 1035
440 1018
773 1020
906 1012
1034 1016
1223 1023
1736 1014
670 1020
849 1022
1463 1016
1806 1015
56 1020
524 1023
1007 1039
1102 1018
1405 1020
126 1026
930 1022
1358 1019
427 1027
501 1037
1436 1029
1638 1024
277 1039
398 1027
600 1038
1092 1028
1281 1026
1468 1030
173 1031
327 1026
363 1030
472 1026
1395 1061
1505 1035
1587 1029
466 1029
746 1030
1041 1037
1063 1028
1448 1035
1516 1030
1543 1030
1722 1033
5 1033
483 1033
1630 1031
1648 1038
1735 1037
37 1036
139 1035
201 1051
256 1033
455 1043
564 1076
1270 1038
1808 1034
659 1037
842 1043
979 1042
90 1045
302 1046
770 1043
811 1045
1580 1038
1475 1039
1493 1039
943 1041
1077 1054
1523 1041
1678 1054
1716 1041
17 1045
334 1053
871 1070
957 1050
1536 1044
1609 1046
1828 1044
61 1048
917 1045
1521 1061
414 1053
614 1057
636 1068
1348 1050
383 1049
926 1051
1712 1060
133 1052
675 1058
13 1057
124 1056
356 1054
391 1057
784 1064
1063 1056
761 1056
1104 1057
154 1057
169 1058
451 1061
1827 1058
523 1069
816 1074
1336 1065
1626 1060
463 1064
984 1062
1655 1061
1773 1060
96 1062
294 1068
355 1084
729 1062
1024 1062
1051 1064
1447 1064
1469 1065
1489 1066
81 1070
175 1078
249 1070
927 1077
1579 1081
1599 1066
753 1066
434 1070
484 1071
995 1073
1816 1069
342 1073
1036 1076
1084 1073
1122 1097
1437 1074
106 1072
441 1073
493 1080
597 1088
720 1090
9 1077
319 1078
451 1083
766 1077
1009 1080
1679 1084
48 1079
665 1154
769 1105
979 1081
1627 1078
1442 1085
1816 1082
28 1089
157 1092
198 1084
410 1088
1319 1084
1359 1109
1473 1090
1514 1086
1800 1085
247 1088
312 1091
795 1086
1039 1093
1724 1099
424 1094
511 1087
976 1130
1064 1089
275 1089
490 1110
686 1089
1 1090
60 1095
999 1092
812 1096
942 1097
1009 1098
1631 1097
110 1109
223 1111
630 1107
891 1098
1081 1112
1608 1098
33 1098
524 1100
1392 1104
440 1111
882 1109
1693 1115
536 1106
1101 1103
1 1105
192 1116
246 1106
271 1108
551 1104
993 1105
1475 1115
1537 1111
1611 1106
1623 1111
740 1109
825 1108
908 1112
1398 1147
1509 1114
1584 1114
1786 1111
364 1121
802 1112
838 1139
949 1123
1428 1112
325 1118
894 1126
299 1118
418 1125
608 1125
730 1133
1015 1118
1038 1117
1144 1118
1733 1123
266 1116
1561 1118
1648 1147
1662 1119
547 1127
1530 1127
58 1131
512 1124
925 1123
1551 1128
1605 1126
94 1125
241 1124
1518 1125
1713 1127
1764 1125
47 1129
913 1135
146 1133
479 1128
519 1138
585 1131
1079 1128
1140 1131
1429 1130
1615 1130
1838 1128
436 1138
710 1135
1152 1134
1507 1144
1597 1132
1674 1138
1793 1132
114 1134
272 1136
1040 1139
1451 1137
405 1159
754 1142
806 1135
945 1136
258 1142
459 1142
1436 1139
1469 1143
1780 1136
131 1140
238 1143
564 1142
1712 1151
1832 1140
339 1142
379 1143
888 1175
1115 1157
1396 1141
195 1147
781 1162
1756 1146
105 1145
291 1147
832 1148
1083 1148
1431 1144
1555 1146
151 1147
249 1155
336 1158
551 1152
568 1163
1539 1152
94 1150
940 1152
1385 1151
1681 1152
78 1154
135 1157
221 1158
450 1152
1032 1160
114 1152
301 1162
1068 1175
1760 1153
385 1156
1436 1160
1808 1156
723 1161
907 1160
1378 1157
1596 1167
1739 1158
537 1162
751 1159
361 1165
444 1162
481 1161
833 1163
1454 1162
108 1165
180 1167
1157 1167
1424 1183
491 1173
743 1168
963 1165
1249 1164
48 1175
264 1168
511 1166
841 1168
1276 1173
1539 1173
1804 1183
590 1171
946 1203
1506 1169
1832 1175
73 1173
462 1173
1005 1174
1330 1191
1568 1172
507 1175
727 1174
1686 1173
196 1175
524 1175
1740 1176
129 1177
254 1177
12 1179
277 1188
769 1209
864 1183
1133 1181
1623 1182
169 1182
421 1181
1040 1183
1255 1192
1501 1187
1704 1186
554 1185
579 1187
723 1185
989 1188
1462 1182
1645 1188
439 1186
478 1185
530 1188
837 1191
1566 1187
1585 1195
210 1190
323 1193
1126 1210
300 1191
449 1193
936 1189
1138 1190
1173 1191
1212 1214
254 1200
1049 1193
1463 1193
1485 1195
1563 1205
66 1196
403 1197
1604 1206
158 1197
433 1197
457 1199
557 1196
876 1200
1456 1203
1668 1207
508 1204
861 1207
1402 1208
538 1200
591 1214
636 1206
1066 1214
1264 1201
1512 1202
372 1209
485 1205
1273 1217
1719 1219
73 1206
177 1206
457 1215
687 1209
1477 1219
223 1212
327 1209
351 1212
420 1210
842 1217
1032 1212
273 1218
1731 1215
517 1222
884 1214
1353 1220
1444 1212
1531 1214
394 1218
493 1219
621 1219
696 1218
1377 1223
1518 1216
574 1217
206 1218
551 1218
1020 1224
1312 1223
26 1222
72 1223
169 1224
341 1220
1291 1224
1432 1223
186 1225
300 1224
423 1225
580 1225
646 1223
944 1224
1694 1225
1742 1225
47 1225
1499 1226
1650 1225
632 1226
1600 1226
