920 614
594 6
802 2
910 8
1011 4
1256 11
709 8
1066 8
1280 12
1377 8
874 16
791 18
570 20
964 27
630 25
763 35
1421 33
1382 26
1439 28
1143 29
553 37
802 32
900 29
996 32
1271 34
1131 33
661 38
1201 40
608 47
633 49
866 47
841 57
951 53
918 58
672 59
857 62
650 77
1537 76
718 85
1347 83
584 93
914 92
802 94
852 103
1124 89
1003 95
1555 99
1369 100
1163 111
1225 113
759 108
1068 107
1313 107
869 108
979 116
1139 109
575 125
960 118
1119 117
1536 119
1055 124
689 140
740 132
1445 129
853 130
648 144
1203 131
805 136
713 136
849 136
1148 147
954 144
912 143
1331 148
546 149
604 151
784 147
1257 148
1112 148
835 153
1059 149
625 155
891 154
1229 165
1553 157
913 232
850 162
883 159
1041 175
558 178
980 169
647 178
1114 175
1298 175
832 184
1338 178
781 180
1138 179
692 185
1428 187
1497 187
1551 192
1054 194
581 202
723 202
1147 214
813 212
1036 209
1342 212
679 220
1009 215
1077 219
1376 217
646 248
727 220
1171 225
1308 221
1054 223
1381 235
716 227
818 226
1018 225
1428 228
731 229
1263 234
613 237
710 235
1113 237
770 238
1471 239
728 240
749 241
818 244
687 243
542 250
1256 249
585 252
720 255
518 260
563 260
607 269
733 270
1169 267
1303 267
530 267
1107 268
708 274
1139 274
677 274
754 274
1383 278
791 277
1161 284
698 288
769 283
832 287
1110 286
640 294
1402 289
1072 288
1299 297
1506 297
961 299
1207 300
739 308
1263 304
715 305
771 307
1453 308
534 311
563 313
902 310
973 311
1063 312
614 317
925 315
781 315
1204 319
1137 321
1322 321
763 322
1427 323
1376 326
745 326
908 328
1284 332
1352 332
155 334
831 331
892 332
950 335
1234 332
1248 335
607 336
1202 342
677 344
1140 342
637 343
870 344
618 343
756 345
771 350
897 346
1370 347
608 354
632 350
740 353
1276 350
1054 353
558 354
706 357
981 361
1232 362
1361 362
817 370
836 372
1154 368
554 381
883 372
981 388
651 373
635 385
743 376
1122 381
1046 380
598 383
850 416
1028 381
510 395
940 400
710 395
911 396
1051 394
1303 394
1390 393
1162 398
1333 402
650 399
773 403
561 404
1185 403
1292 407
972 414
1256 414
641 416
1019 420
607 419
924 418
1095 418
730 426
1195 420
588 428
1167 429
936 431
540 431
668 436
1305 441
1241 437
1261 439
533 440
568 447
985 443
681 441
770 441
897 448
1089 447
1002 446
1175 447
538 449
1070 452
641 455
826 458
880 457
670 470
756 461
960 464
981 471
994 470
1266 464
575 468
707 467
1082 466
639 473
1039 476
544 473
922 473
605 477
886 475
588 483
1019 478
1243 481
707 486
1160 483
1075 485
654 492
1319 486
618 499
728 493
784 495
1087 496
1019 507
601 505
676 503
437 506
920 506
964 509
1171 511
650 522
874 511
1259 514
1087 520
835 524
749 542
1291 528
1029 529
561 533
1142 544
1703 533
1019 579
710 544
939 543
1063 572
1190 542
575 544
1317 545
692 549
915 550
1417 547
869 552
973 554
1147 556
594 564
929 560
1165 557
562 560
875 563
996 565
790 573
826 568
852 573
705 572
774 571
826 621
1108 572
532 575
1219 573
517 575
949 612
1225 579
1252 575
1295 576
1574 577
898 758
887 582
309 586
552 586
1390 584
1830 586
1109 593
1268 592
630 595
607 596
655 597
853 597
1136 600
1499 600
580 603
1233 603
409 607
901 611
316 611
591 613
1073 635
1212 617
1257 618
526 619
559 618
1282 620
513 627
1220 628
862 630
901 631
580 631
1006 635
959 656
1020 659
695 647
1049 649
569 652
645 652
1207 654
1322 655
595 660
1119 656
680 656
1087 676
1151 658
1393 657
898 670
1257 662
990 665
1002 664
1065 666
528 665
817 666
564 672
1293 675
834 683
952 685
800 685
999 690
617 684
1323 687
448 687
576 687
1525 687
517 689
534 689
607 691
780 689
657 693
785 696
565 695
1201 696
938 698
577 703
1102 704
1433 707
959 707
463 711
795 730
1165 713
952 723
555 721
1008 721
922 725
518 729
1435 731
514 737
645 744
712 747
772 746
980 751
592 748
469 754
498 753
650 754
554 757
603 764
676 764
1249 765
1192 767
486 773
598 784
575 786
524 787
547 790
1241 789
1430 791
1135 798
577 804
126 807
1377 806
400 807
670 810
560 813
587 814
537 816
1138 814
1487 815
476 821
297 823
1109 828
534 833
732 830
544 831
602 831
1685 834
1495 842
680 845
958 849
1667 853
1063 862
659 867
461 870
1074 867
1014 874
956 877
525 884
618 886
537 889
1005 892
1399 893
1522 893
477 904
863 904
551 909
835 914
796 912
1069 916
552 917
497 920
547 924
595 932
870 928
1071 935
498 934
537 935
904 939
713 944
899 948
980 955
847 962
1665 960
525 965
436 970
622 977
549 978
858 982
361 989
682 990
522 997
558 995
626 996
1556 995
1046 1000
1578 1000
1064 1001
62 1004
538 1003
692 1002
1196 1007
930 1014
323 1019
701 1018
973 1020
1642 1024
533 1027
689 1022
868 1023
1047 1023
484 1025
1291 1024
1769 1031
377 1032
398 1035
1475 1039
435 1039
913 1039
951 1042
577 1041
929 1043
1392 1045
524 1057
1346 1052
1078 1063
501 1073
696 1064
619 1068
675 1071
933 1074
784 1070
1822 1071
1219 1073
544 1078
557 1087
798 1075
293 1081
664 1086
744 1084
716 1098
897 1087
1108 1088
1643 1089
351 1093
1052 1091
1260 1090
871 1098
970 1102
391 1108
544 1117
422 1107
1404 1108
314 1112
363 1111
512 1113
643 1122
740 1113
1181 1117
1094 1116
424 1124
678 1128
713 1125
163 1130
318 1128
430 1131
796 1129
921 1130
831 1134
943 1133
1694 1134
505 1134
709 1141
896 1137
906 1144
356 1144
1108 1144
289 1149
524 1150
481 1149
937 1150
1072 1149
633 1153
948 1159
499 1154
790 1155
398 1159
572 1172
1054 1164
1090 1158
1150 1160
1353 1158
201 1169
559 1161
1808 1159
473 1162
880 1171
904 1162
526 1170
1194 1165
378 1169
136 1170
278 1172
429 1179
743 1175
1081 1175
855 1174
1048 1174
1414 1175
353 1176
922 1177
963 1207
687 1182
1267 1182
514 1186
1022 1181
1117 1182
808 1188
859 1186
1077 1185
715 1187
765 1193
695 1204
800 1209
547 1193
1068 1193
659 1195
1024 1196
1542 1193
483 1197
643 1196
1430 1197
890 1214
920 1202
1092 1206
1454 1206
998 1204
1225 1207
486 1206
858 1207
848 1214
1256 1211
465 1216
1366 1211
333 1218
736 1223
529 1220
909 1220
936 1223
673 1225
759 1224
291 1225
354 1225
612 1225
686 1222
861 1224
1320 1224
1348 1224
576 1226
1008 1225
1025 1226
1117 1225
645 1227
