914 618
431 16
492 18
562 1
600 5
923 3
969 12
1179 6
1220 1
1564 62
1612 1
1688 8
1747 1
1784 8
155 17
1049 14
1136 18
41 21
1160 17
916 39
767 30
110 37
1018 24
339 35
676 30
991 30
1056 30
1712 52
1247 37
1208 35
1080 49
1223 59
985 54
499 60
1809 130
1029 60
1386 75
814 64
1183 76
1268 64
1323 68
62 73
873 75
1004 69
1086 72
4 83
1136 76
1147 91
178 81
711 85
1032 86
1110 112
129 88
941 103
262 95
836 91
1006 98
744 119
417 121
1057 108
1204 107
672 111
1178 120
776 119
505 146
575 128
1272 150
1199 124
1301 126
1043 135
1137 128
886 130
224 139
930 141
8 153
284 148
872 144
1089 146
852 154
920 157
819 158
962 162
1007 174
1554 157
105 165
539 173
371 173
1172 177
1535 206
573 179
681 195
178 191
761 175
1363 188
1404 197
1103 187
94 193
926 194
1139 190
242 193
850 193
423 199
907 192
68 203
993 225
1124 201
460 206
952 201
634 212
501 220
1256 213
1180 212
1061 212
1083 208
912 226
557 221
1227 220
1727 234
292 229
1212 221
433 238
1050 235
1030 233
456 240
844 236
933 239
875 239
258 249
1076 242
1125 256
773 252
951 255
1173 253
1607 271
91 261
806 270
205 263
234 265
352 267
659 267
1031 262
1093 267
2 264
127 272
280 277
495 273
969 282
1109 269
1160 275
164 281
118 280
206 290
546 294
61 286
933 298
847 290
999 289
457 298
486 308
883 294
897 296
1099 305
1131 296
1064 294
1168 301
2 297
116 359
320 315
687 325
855 316
1588 331
277 318
803 313
1649 326
1825 329
51 326
1516 319
20 315
1223 336
889 325
991 319
1166 319
196 318
1029 320
1723 330
264 326
11 323
943 328
1041 335
788 332
1122 348
191 342
438 349
165 344
215 341
250 355
604 347
960 372
1146 345
1019 345
1172 351
1189 347
780 355
1272 365
873 352
924 351
1065 357
479 357
1085 372
896 368
1150 354
202 376
1242 361
59 362
159 359
1533 366
148 365
514 370
801 370
1183 367
49 368
996 382
159 376
1138 376
558 387
1037 378
1054 397
1367 392
1594 397
789 388
1031 385
1171 391
827 389
924 395
1426 389
1189 391
1524 446
1709 395
180 394
60 398
1224 398
896 407
1092 405
173 399
870 405
33 403
498 426
77 405
170 405
263 409
1538 418
99 422
156 439
1175 418
719 425
1068 421
982 428
0 419
924 448
48 422
65 423
835 432
1779 431
120 426
867 432
1011 428
1137 434
1205 442
324 436
1460 443
1054 434
29 464
1000 443
134 437
1091 442
1077 440
689 456
1669 451
895 443
1115 445
570 459
811 448
1244 449
633 460
881 483
1692 476
1743 476
1786 489
1628 469
283 463
1419 476
595 472
1307 475
132 481
766 469
798 469
1040 470
1125 481
1470 484
786 479
1176 476
947 483
1072 486
1095 479
856 482
1016 503
1152 480
1227 488
1495 494
910 489
976 498
267 492
571 495
697 504
864 489
953 504
180 498
874 496
1082 503
925 506
941 502
1062 505
1372 514
782 511
1125 505
291 512
1599 517
1106 514
1509 522
585 520
488 523
1168 523
1334 546
1622 526
50 522
1119 531
1154 522
640 532
1218 551
222 539
784 548
1072 559
1553 552
499 541
867 536
995 538
173 542
678 540
1154 539
115 543
966 543
1148 548
657 550
970 550
1010 577
1130 551
1189 551
1455 558
482 562
943 553
1171 555
306 568
912 562
1770 565
869 563
744 562
515 562
960 563
1278 563
1523 561
553 573
579 569
697 567
175 591
507 573
828 574
1836 586
1262 584
283 574
1131 595
894 580
956 579
1619 594
853 582
974 582
136 594
1450 591
85 602
274 600
978 588
1789 600
839 591
401 596
779 595
888 599
1052 600
585 600
860 599
1072 595
453 606
388 601
1237 614
1463 604
984 612
1090 606
1585 610
487 621
866 610
946 620
817 614
1112 613
1434 613
14 624
701 620
568 619
750 623
911 626
1198 621
766 629
1093 629
794 639
1553 635
1131 634
987 635
1052 637
304 639
425 644
1138 639
560 651
962 643
999 641
265 646
510 649
1160 657
861 654
1068 651
988 669
1281 659
329 654
595 685
744 659
1668 658
200 658
271 654
1100 656
151 677
1025 658
1043 662
671 661
1123 661
301 664
821 669
1061 668
1197 674
709 673
525 672
460 677
970 673
1739 682
880 674
1086 680
175 676
488 681
830 685
215 677
1663 688
783 683
1768 685
65 689
511 688
757 685
1114 682
920 686
1426 683
1055 687
1510 710
880 697
531 691
980 692
1091 692
116 707
290 697
1072 715
260 720
787 703
1442 701
19 702
41 705
933 706
1388 710
1715 728
982 709
1466 721
947 732
727 714
994 724
1047 722
769 721
910 721
1108 728
346 724
527 732
971 733
326 733
355 734
833 754
1422 734
183 738
852 739
205 746
452 758
491 744
870 740
1747 750
907 743
1003 746
1161 762
775 752
1036 754
1088 748
1058 747
875 754
101 760
557 760
1078 758
1101 754
1445 770
255 766
624 755
1529 759
65 765
710 761
959 762
646 762
810 761
762 766
1184 773
296 766
512 765
886 767
994 806
314 772
1095 769
720 771
209 784
480 773
800 792
1072 776
1658 786
1040 779
87 782
713 785
4 789
432 788
860 782
1091 800
160 783
485 785
599 790
638 783
1107 785
1480 787
655 788
561 799
934 791
1538 799
964 798
926 967
939 814
1065 811
1416 803
355 806
854 802
656 806
833 805
1038 804
1019 806
202 809
606 811
866 810
1609 819
642 811
1401 823
44 814
299 816
888 817
464 820
1452 818
619 817
1716 823
1808 827
250 819
375 822
586 826
629 827
872 820
2 825
665 820
954 835
1097 826
1496 835
1565 832
526 833
260 829
431 831
1037 836
1146 833
1377 845
786 834
879 837
648 838
117 849
179 842
579 841
617 848
1091 839
1183 838
266 842
859 841
1209 840
695 845
411 846
429 854
916 859
886 859
1667 859
552 872
1413 854
1515 854
167 858
847 856
525 857
1005 867
1833 863
1799 867
399 861
944 861
978 864
458 867
866 867
322 871
968 867
95 869
161 874
1108 870
1446 881
267 873
635 870
792 871
897 885
1695 883
190 880
951 875
597 877
516 882
731 881
1266 884
127 880
280 880
1137 886
1405 890
202 906
422 890
859 893
392 892
641 890
999 889
1520 893
344 893
814 893
1383 891
923 893
1646 899
566 899
660 897
690 919
1149 902
1493 912
112 907
817 906
259 910
475 911
610 916
1 908
846 911
962 914
12 923
491 912
641 915
355 920
389 919
561 914
1584 918
529 922
456 921
1409 937
865 921
1539 928
82 925
268 928
440 928
233 934
508 931
558 938
857 933
905 932
1576 935
110 936
21 942
427 942
915 943
59 955
254 953
867 955
1346 953
1715 951
174 948
322 949
664 950
761 948
567 954
645 954
528 965
1551 958
311 956
684 957
731 959
448 960
355 968
697 965
758 962
842 966
212 969
396 977
740 966
887 975
278 974
1255 980
1389 988
430 984
504 978
576 976
73 982
104 983
516 992
490 989
1635 987
320 994
673 995
562 996
743 996
540 1000
193 1005
227 1007
605 1013
727 1003
434 1004
1834 1007
701 1005
334 1008
399 1009
489 1010
1160 1016
1352 1010
176 1009
689 1010
1475 1035
426 1014
759 1015
1103 1016
69 1020
1056 1016
98 1017
567 1024
1354 1025
1382 1020
368 1022
444 1021
537 1038
643 1032
774 1027
1078 1025
1118 1037
1507 1031
702 1033
388 1039
1016 1036
684 1038
794 1040
1693 1044
324 1042
1076 1042
229 1051
584 1045
436 1046
552 1066
1151 1056
1337 1046
63 1046
596 1059
1004 1064
192 1057
956 1063
351 1057
217 1063
316 1062
1501 1065
1472 1077
435 1071
618 1066
732 1067
923 1069
1447 1076
322 1070
759 1075
70 1074
86 1076
966 1075
195 1075
575 1080
1362 1078
325 1078
665 1079
1027 1080
1309 1080
1337 1080
1568 1081
372 1079
526 1080
641 1082
864 1082
914 1083
500 1082
777 1084
1401 1086
249 1084
440 1086
594 1087
171 1090
198 1090
457 1091
893 1088
367 1090
742 1090
879 1109
143 1093
213 1093
694 1095
998 1093
1087 1095
1356 1096
1562 1104
1013 1101
1223 1105
755 1100
575 1105
614 1104
1281 1112
681 1103
1512 1111
1535 1110
330 1108
993 1107
397 1113
526 1112
1086 1109
371 1113
592 1111
645 1113
281 1112
553 1117
1095 1121
687 1118
862 1117
1027 1115
462 1117
484 1119
606 1121
624 1119
1392 1122
1613 1122
500 1121
538 1122
579 1125
1200 1129
650 1127
845 1125
1561 1128
414 1126
1234 1134
237 1129
353 1134
528 1135
262 1136
311 1137
760 1137
873 1139
982 1148
1000 1140
410 1139
699 1142
601 1144
741 1144
1059 1145
203 1149
296 1145
726 1148
1111 1151
653 1150
1446 1152
268 1151
471 1151
1035 1153
1157 1151
1629 1151
432 1159
16 1159
211 1156
721 1155
1562 1158
1545 1159
97 1162
166 1159
223 1161
263 1160
308 1160
1665 1163
967 1160
540 1163
637 1166
744 1168
296 1168
629 1173
652 1168
1280 1168
458 1174
1350 1170
71 1177
1033 1172
1485 1172
575 1176
716 1177
152 1176
304 1178
679 1184
758 1176
1137 1180
1405 1185
166 1179
212 1185
528 1181
380 1182
548 1182
234 1182
264 1184
356 1184
600 1191
896 1186
1263 1185
573 1188
361 1192
1668 1190
273 1195
996 1194
734 1197
852 1199
1218 1197
322 1206
344 1206
822 1200
1092 1201
570 1209
1368 1207
1124 1211
598 1216
741 1213
1293 1215
234 1215
511 1215
424 1222
652 1221
1315 1216
736 1224
1282 1223
139 1223
1342 1224
172 1225
485 1225
1638 1224
199 1226
388 1225
558 1226
1518 1227
