929 619
263 10
594 1
638 5
846 1
960 17
1012 1
1092 6
1131 5
1263 17
1308 7
815 10
1234 22
572 28
1364 22
479 46
116 27
1380 35
213 42
1173 34
1197 35
1087 40
1008 54
1215 47
1284 43
1361 43
1238 47
552 69
1437 48
731 68
1186 76
1253 57
940 56
1344 54
1452 56
1362 59
594 57
867 57
1027 60
890 66
1285 60
1297 63
1332 66
794 96
1370 69
1030 90
1241 76
1114 78
1397 77
1090 85
1382 81
1474 79
631 82
1224 85
1294 84
594 117
1166 101
1291 90
1467 91
1142 91
1056 97
1209 94
1329 123
1126 141
405 158
1265 112
1428 104
254 106
1205 124
1234 110
690 134
953 110
41 117
1158 115
1398 118
1186 116
1467 119
1066 131
1419 123
457 130
1406 124
154 124
271 130
250 133
1176 135
1246 132
339 142
876 161
1039 139
926 144
1264 142
1229 148
95 164
1046 155
332 188
1194 162
830 166
241 204
471 179
26 188
1020 183
608 192
804 192
664 288
922 217
886 247
1019 214
471 217
25 222
580 234
862 236
103 266
618 245
754 261
157 279
212 292
736 290
357 284
519 294
43 291
884 315
594 304
338 306
434 333
797 357
287 333
345 327
1033 339
80 364
620 356
1072 350
119 360
1000 354
312 358
489 375
290 381
347 376
625 383
1320 386
630 389
115 390
749 408
376 401
879 411
625 397
649 399
311 400
1005 402
558 405
789 408
943 416
4 429
513 428
654 431
811 443
126 422
247 433
268 430
377 433
405 438
917 460
143 445
1035 448
444 444
766 454
1231 442
385 452
587 454
876 454
270 456
967 461
548 475
441 461
374 472
941 503
790 471
147 478
865 479
613 486
667 502
209 484
264 497
850 499
995 515
1043 528
627 542
642 518
1350 529
1017 523
399 529
1052 552
408 555
482 561
858 559
383 585
92 566
415 586
849 570
882 588
1001 570
230 578
622 581
585 595
687 588
846 723
627 590
660 592
664 601
712 598
469 598
618 598
160 603
244 605
1056 604
166 609
720 616
782 623
569 639
641 618
802 626
1109 619
399 622
705 629
288 640
477 634
54 641
76 645
542 649
723 650
1815 647
202 661
368 662
920 668
616 665
463 678
120 670
631 683
270 694
516 697
51 686
3 707
333 713
1053 708
828 715
521 713
1058 714
423 723
147 740
377 736
218 740
575 740
501 743
527 753
959 768
356 761
671 761
499 775
1258 766
363 770
1549 769
68 775
1326 775
1593 783
450 794
709 791
729 796
1051 802
337 803
610 830
692 833
1303 814
1499 817
92 817
470 821
1655 821
413 826
789 828
179 839
506 845
774 857
370 854
560 852
316 853
575 869
459 864
541 866
623 866
921 886
408 867
503 871
973 867
1120 868
678 871
419 873
814 878
1282 877
486 884
1637 882
991 884
959 921
419 903
666 897
846 904
1051 892
796 902
730 911
758 913
783 908
1092 907
1392 906
1494 912
310 913
1466 914
298 920
805 927
474 928
488 942
699 938
1286 940
439 950
745 950
928 959
840 957
1586 958
584 966
546 962
742 961
815 986
537 969
1020 966
1593 967
234 968
317 969
911 974
966 1009
771 978
839 979
1138 983
1642 984
371 986
358 994
901 992
890 996
1156 1001
648 1007
84 1009
169 1017
1054 1021
755 1025
677 1024
3 1025
569 1026
879 1032
1351 1027
204 1031
738 1045
10 1045
209 1043
1739 1042
178 1045
553 1049
627 1048
511 1052
490 1057
715 1054
547 1055
612 1062
876 1073
545 1061
788 1065
1374 1063
131 1070
825 1073
150 1071
315 1070
26 1073
112 1072
246 1083
516 1089
609 1085
973 1084
840 1082
916 1091
1062 1084
672 1091
394 1092
808 1094
578 1101
1057 1101
501 1106
965 1113
122 1119
605 1120
789 1120
1020 1124
621 1131
923 1135
2 1141
554 1146
539 1145
659 1148
691 1146
1346 1145
41 1158
749 1163
454 1165
348 1167
602 1169
887 1168
1234 1170
1296 1173
449 1173
793 1172
282 1177
814 1178
592 1180
131 1182
1144 1182
481 1185
747 1193
285 1195
622 1203
449 1199
203 1201
316 1212
1005 1213
633 1219
1296 1224
1121 1225
979 1226
