907 617
302 0
334 0
360 6
466 1
543 3
597 0
836 41
1032 0
1048 0
1065 12
1118 8
1187 18
1201 0
1258 6
1373 122
1508 14
1703 1
1825 33
970 14
1213 13
660 45
1138 23
932 21
595 26
1006 26
562 41
742 30
1048 59
1650 41
1090 46
1161 49
1260 97
1010 73
718 50
1222 45
607 66
968 56
883 53
907 52
167 60
1190 52
256 58
1120 58
219 51
1725 70
341 65
1210 62
863 67
414 70
1176 79
1425 94
117 96
251 94
1398 92
1173 117
1799 117
383 98
677 101
962 92
1090 96
1039 106
564 113
610 109
876 114
1129 109
299 124
733 113
1091 114
1705 123
964 139
1490 132
577 135
992 122
1023 122
1626 135
430 131
1149 139
1307 139
1446 133
678 142
819 144
1217 140
509 145
1007 150
1445 140
1828 156
1191 153
633 155
1119 150
158 161
1037 167
1102 152
1748 171
869 158
1168 156
329 164
1066 169
1134 167
996 185
668 177
606 178
1415 179
1594 188
521 178
1179 186
463 176
1102 184
1255 180
588 192
1223 182
231 195
917 197
1054 192
1151 187
387 192
561 192
1715 191
466 191
889 198
324 200
1215 203
782 200
1106 208
433 207
942 210
1678 214
616 210
871 210
1146 232
1254 209
1781 228
309 212
354 219
574 218
973 214
208 225
1020 217
1457 241
1225 285
1255 226
526 232
1008 234
1039 238
295 243
554 247
171 266
1288 270
924 254
375 254
1098 250
1527 257
321 258
420 253
1004 251
1340 267
1678 273
807 256
861 258
1187 269
612 263
956 277
1071 282
571 287
1157 262
800 266
1007 272
1143 271
642 280
824 276
1034 297
1812 282
936 280
844 285
607 287
1324 287
436 291
703 293
812 295
1357 302
1766 300
995 302
531 294
627 302
1135 300
646 297
665 306
1097 304
939 309
296 312
586 311
916 309
1317 314
1718 335
1108 313
1625 319
675 320
900 316
261 323
973 320
1090 339
952 338
166 337
368 332
831 332
993 336
609 338
1329 332
930 364
1139 338
1179 358
1218 342
1242 343
1575 351
1762 357
539 351
877 349
984 349
304 349
839 352
1199 350
1338 363
568 359
1372 374
506 363
1054 359
415 364
655 367
1004 370
1131 363
1244 359
1636 372
1412 375
438 364
106 376
837 372
1117 382
808 380
250 378
326 388
1579 382
1138 383
1052 385
1211 389
1130 390
1173 402
1442 398
738 396
1712 417
1022 395
451 397
1200 419
1146 401
951 404
554 416
1007 405
160 412
264 407
1093 418
980 423
318 410
1225 415
922 480
1523 415
192 418
1072 416
1625 428
846 430
960 418
1012 419
1044 419
505 426
381 426
1121 434
616 433
799 431
998 431
1444 427
1657 445
1145 431
1346 439
1161 438
1257 444
492 441
131 479
151 438
439 440
747 444
782 443
1821 446
713 440
1567 444
1072 460
1722 460
1148 447
397 450
1089 450
657 455
765 452
447 453
1187 451
218 460
525 455
1164 458
1400 452
345 455
566 465
1604 462
1119 460
1366 471
1423 461
613 469
911 464
1008 473
1030 466
1140 474
1335 476
285 474
417 466
801 476
1239 473
1095 472
101 478
185 482
513 489
1286 480
1565 476
1178 493
1108 480
1052 491
1505 493
1024 487
1158 487
243 490
1128 491
1090 494
1606 522
607 510
211 505
585 497
711 496
1110 510
475 499
789 501
335 503
352 504
1381 514
1011 508
1210 505
454 511
556 517
842 514
1407 519
767 515
976 514
1126 515
1206 517
1715 536
239 523
809 520
970 519
1142 521
1160 522
1120 522
517 533
984 538
963 527
680 528
1047 532
1085 530
1784 528
954 530
862 536
1562 536
678 534
795 536
1142 560
296 539
588 548
884 538
1110 542
1197 537
1438 545
1052 543
1182 553
899 561
1010 549
1081 550
1791 547
547 559
1392 559
1066 551
358 558
967 555
275 566
877 557
932 575
250 558
311 568
837 566
1005 564
1082 580
1010 578
1037 573
1109 565
529 574
674 566
802 569
968 571
790 569
1210 577
507 577
600 576
758 577
915 575
992 577
701 574
1098 577
1625 588
237 595
1490 585
295 581
562 589
1726 588
25 583
50 591
1023 584
891 591
1580 619
582 596
1150 595
866 600
311 598
676 595
754 599
1033 600
1249 594
355 597
602 597
705 601
1009 634
475 603
522 598
1165 600
543 605
1184 603
205 606
504 609
951 605
1485 604
690 606
806 614
1160 609
1175 611
645 610
895 608
921 611
935 610
176 616
487 619
522 615
595 616
1075 617
657 613
868 613
1525 616
1549 640
342 621
958 637
1142 615
1258 614
735 619
898 629
1095 617
684 619
978 621
1210 619
691 620
207 623
1072 623
1101 623
1132 624
1156 625
587 624
743 624
1695 630
1237 635
384 630
936 629
1055 632
1260 628
978 631
303 643
720 632
774 634
613 641
1144 643
976 636
1119 637
1200 638
596 658
685 638
368 643
787 644
1083 645
338 647
508 649
711 645
1045 646
938 646
1065 650
447 652
536 652
824 649
858 656
880 652
1161 650
1351 665
1649 670
907 654
409 653
754 652
1094 654
1187 655
244 656
514 669
963 655
988 654
158 663
919 660
986 658
1056 656
1072 660
677 659
786 663
1137 660
1256 676
1098 662
52 667
700 663
718 664
948 664
1122 664
938 678
1015 666
967 670
988 672
1501 688
1607 702
1729 679
736 674
289 677
858 684
1131 676
762 678
894 683
217 682
405 682
1023 694
1446 692
387 682
715 686
1183 692
190 692
531 694
602 689
754 689
956 689
1103 689
1134 696
1052 694
1686 703
310 703
772 698
245 696
435 694
1109 695
996 698
1079 698
1279 704
552 705
1325 703
1006 706
240 703
441 705
713 706
897 709
349 704
952 705
1037 708
1064 706
124 708
394 708
739 711
824 708
862 709
973 713
876 713
1422 714
1534 720
189 713
763 712
429 716
942 714
1306 714
1468 729
136 716
540 722
596 716
1092 718
1768 744
454 718
1262 724
1581 726
747 723
1059 724
227 726
249 726
1129 723
510 725
798 725
1105 725
386 727
1085 729
1185 727
806 728
970 740
1014 800
42 732
191 732
984 734
1149 733
330 735
853 735
896 738
1365 740
1414 741
1319 740
826 777
843 742
1082 743
1832 741
339 743
368 742
1109 755
920 751
997 751
875 748
292 749
510 751
1288 760
1500 752
20 757
210 754
230 753
560 763
1062 752
955 766
137 755
365 754
631 757
1085 764
1153 759
876 765
154 770
331 768
491 769
1351 764
398 769
592 771
1119 766
1570 793
1713 775
311 772
436 770
1253 771
636 774
711 772
872 770
467 777
765 773
894 775
1097 788
725 775
1172 775
1476 777
516 780
768 780
801 778
938 781
1308 786
721 780
1749 780
791 786
865 783
978 782
1063 792
414 784
744 786
1669 795
1736 785
1789 785
284 786
689 788
727 787
804 788
1038 788
219 789
239 791
248 788
577 789
863 790
881 798
1471 791
907 797
985 792
1147 792
1355 796
395 795
1528 812
281 794
1493 795
203 797
221 796
1074 798
1784 797
452 800
502 813
802 799
921 800
747 801
1234 802
326 808
787 804
1134 811
1207 806
192 825
360 816
391 810
823 808
1724 817
772 813
521 815
742 813
961 815
1077 813
123 823
636 815
244 821
474 816
720 816
930 820
1060 816
1081 817
389 818
1047 819
1651 819
587 821
839 833
946 960
1105 822
1200 820
1378 820
1688 820
889 842
1388 823
447 824
797 830
942 829
254 828
861 846
978 827
520 833
731 829
1657 828
613 831
958 832
471 832
582 837
148 840
339 834
539 838
812 874
367 839
566 837
1022 837
1799 836
89 839
602 838
760 853
1164 852
103 845
700 840
721 842
1001 842
1232 851
1605 847
327 843
400 843
1481 845
474 844
685 844
229 847
297 847
558 850
635 848
651 846
933 865
698 850
736 854
826 852
910 851
781 852
1452 854
136 857
342 855
612 854
689 858
1308 863
1697 867
395 856
421 859
843 879
119 858
314 859
564 860
647 861
1046 861
1413 860
227 863
609 862
1036 865
1149 863
383 864
532 868
1775 865
183 867
342 867
463 867
1051 866
1346 873
51 869
427 868
544 869
1790 868
106 873
154 874
439 871
672 874
967 871
496 873
139 875
206 876
866 877
1432 875
491 879
630 877
361 887
413 879
696 878
1050 880
1322 882
337 880
1264 880
161 882
328 882
519 886
958 893
985 886
12 889
39 885
561 892
1403 889
142 886
177 892
1196 895
70 895
467 889
495 896
936 893
348 893
917 894
996 893
1054 893
1378 896
1683 893
1809 893
123 895
537 894
1629 895
516 907
1002 903
1267 902
596 905
912 908
928 899
976 911
1028 898
1389 902
1634 899
28 904
231 908
1426 909
1580 912
134 904
446 917
939 913
1664 904
349 907
621 908
951 908
1355 906
825 910
1034 910
1543 925
1698 929
868 915
1140 912
102 913
478 918
549 913
560 923
1642 912
1654 913
14 914
370 914
1005 940
1191 914
190 916
829 917
894 926
119 920
855 920
1174 922
1373 925
1471 920
842 923
1306 923
1356 922
1408 927
1611 922
362 925
1744 924
407 927
632 927
927 926
955 927
1350 926
1773 928
331 928
351 930
421 928
623 928
681 931
131 932
1185 930
1287 936
1510 944
298 934
1235 941
1760 933
35 936
201 936
400 940
855 941
914 934
1782 935
291 937
333 937
552 936
690 936
1038 936
1395 941
363 938
506 938
918 939
1646 938
0 941
190 941
660 940
926 941
224 943
494 950
970 949
1272 942
239 946
440 946
668 945
681 947
956 945
1182 944
948 948
1201 947
1340 946
532 949
569 949
1831 949
17 950
900 952
1584 970
162 952
294 954
257 961
409 954
559 954
699 956
873 954
1393 954
1422 961
1537 956
22 957
362 956
521 956
540 956
551 956
727 957
868 957
1819 957
24 959
159 959
507 960
573 958
882 961
894 959
215 960
283 970
306 960
685 961
1310 969
356 962
452 962
1015 962
1678 962
514 966
980 966
1686 967
351 967
717 970
544 972
610 969
1094 970
149 975
198 980
341 971
556 979
642 970
676 970
1277 972
1614 974
106 972
426 978
998 974
1486 979
473 980
1458 981
317 976
669 977
1011 977
1826 976
522 978
1402 980
583 980
1139 981
1431 980
1436 981
387 982
1658 982
400 985
709 989
1340 985
383 991
500 991
741 987
773 988
1267 989
1343 986
1521 987
117 989
230 990
593 989
618 989
682 989
1518 988
1839 988
17 991
1321 990
1704 991
1798 990
57 992
323 993
362 994
451 993
575 993
1096 993
433 1001
446 995
694 997
743 997
1272 995
1353 995
1462 995
487 1004
566 996
590 996
767 996
1339 1001
15 998
301 998
330 998
358 998
540 998
643 998
706 1000
1311 1003
88 1001
395 1002
517 1000
1160 1001
1381 1000
62 1002
281 1002
297 1003
464 1004
553 1003
1093 1002
1122 1003
1484 1002
1595 1006
27 1005
66 1005
286 1010
624 1004
645 1007
768 1007
1180 1004
1284 1011
1626 1005
1838 1004
112 1012
685 1007
1130 1006
1356 1007
1810 1007
244 1009
540 1024
576 1012
781 1008
836 1013
1513 1034
1636 1009
1676 1008
661 1011
1196 1010
47 1012
321 1012
443 1012
622 1012
1437 1012
1566 1015
76 1014
280 1015
692 1019
775 1014
799 1014
1268 1016
371 1017
478 1031
569 1016
594 1017
633 1016
709 1016
1232 1025
1404 1017
1588 1017
238 1019
294 1018
368 1018
437 1021
1314 1018
1414 1024
1667 1018
50 1023
180 1020
349 1025
670 1020
185 1022
206 1022
1448 1025
1821 1023
304 1024
426 1028
653 1029
847 1025
1114 1025
1299 1030
1632 1024
244 1028
411 1029
443 1032
564 1027
615 1027
666 1027
757 1027
1287 1027
558 1028
704 1030
707 1028
1128 1036
1212 1034
1315 1041
1342 1030
81 1030
124 1039
254 1031
266 1030
1465 1040
1587 1031
29 1042
178 1047
198 1033
320 1032
591 1033
852 1033
1747 1034
361 1034
400 1035
521 1035
550 1035
633 1035
409 1037
728 1036
1056 1037
1740 1037
730 1040
1291 1044
1365 1040
246 1044
613 1041
664 1040
1426 1046
142 1043
630 1046
716 1042
785 1044
812 1046
1629 1042
304 1044
382 1044
403 1045
431 1044
650 1045
1343 1045
259 1047
509 1049
678 1047
766 1046
1073 1046
1363 1046
1373 1046
76 1051
343 1048
603 1050
673 1049
699 1049
744 1049
930 1054
1247 1051
158 1051
209 1055
412 1050
443 1050
470 1064
483 1051
777 1051
818 1054
1766 1054
298 1057
368 1058
385 1056
436 1069
537 1075
617 1057
653 1056
665 1057
35 1060
577 1059
832 1059
1130 1058
270 1061
333 1065
517 1060
624 1061
661 1060
683 1060
1056 1067
1262 1060
1669 1060
63 1063
238 1063
552 1067
681 1063
780 1063
1079 1068
1240 1062
1283 1063
1453 1062
231 1070
594 1064
636 1065
710 1065
764 1065
806 1066
1147 1066
1178 1065
1357 1065
1537 1066
251 1067
691 1072
955 1067
149 1069
273 1068
385 1076
678 1068
824 1084
888 1072
1255 1073
1342 1071
1475 1072
206 1071
290 1071
501 1073
579 1071
794 1071
911 1071
1215 1071
1243 1070
668 1073
737 1073
790 1076
1151 1072
1163 1072
1379 1072
1763 1073
174 1075
327 1074
603 1074
627 1074
644 1074
700 1074
724 1074
972 1075
1122 1075
74 1080
202 1076
355 1076
710 1076
803 1077
1237 1076
1365 1076
1377 1076
1407 1077
1514 1084
1576 1076
166 1081
425 1102
467 1122
749 1078
931 1084
1233 1080
89 1080
190 1087
313 1082
370 1080
459 1083
569 1081
739 1081
796 1081
881 1081
1533 1081
359 1083
558 1083
598 1084
657 1090
807 1083
1004 1083
1141 1083
1328 1084
45 1085
86 1084
233 1085
549 1084
691 1085
727 1084
859 1084
1358 1087
284 1089
336 1089
579 1087
959 1087
1399 1086
1441 1092
1497 1086
716 1090
1028 1089
1338 1089
1796 1089
90 1101
404 1090
631 1092
917 1095
1623 1090
1641 1091
122 1094
140 1093
175 1097
378 1092
567 1092
696 1092
758 1093
952 1093
1034 1100
1186 1094
1281 1097
1815 1094
2 1095
78 1095
198 1095
358 1095
376 1095
908 1096
311 1096
535 1099
736 1097
1225 1096
1397 1096
1627 1098
299 1098
395 1098
518 1099
804 1103
1254 1099
1458 1099
1460 1098
1471 1098
1488 1107
368 1100
389 1101
845 1100
1152 1105
1178 1101
166 1102
185 1102
454 1103
895 1102
208 1105
219 1104
575 1108
858 1115
919 1105
1241 1104
1405 1106
232 1106
548 1106
596 1106
900 1109
1087 1106
1569 1108
1633 1107
272 1109
967 1108
988 1109
1171 1114
1233 1114
1435 1108
138 1112
212 1111
227 1123
346 1111
402 1111
451 1110
668 1110
783 1110
1645 1111
1777 1110
69 1112
161 1112
290 1113
630 1118
674 1112
828 1124
1249 1114
1378 1117
531 1115
601 1114
720 1115
736 1115
1325 1120
1677 1115
1720 1115
194 1119
679 1118
809 1119
973 1117
1016 1121
1270 1118
1355 1117
1525 1118
1790 1117
314 1120
379 1129
455 1118
919 1123
985 1121
1126 1126
1282 1121
1423 1121
1508 1121
1712 1121
354 1123
522 1124
578 1129
660 1122
743 1126
1300 1129
1434 1122
1785 1123
295 1125
394 1124
516 1134
596 1125
896 1128
1492 1127
8 1131
160 1128
199 1127
273 1129
415 1127
526 1127
661 1127
1272 1126
1361 1130
1534 1126
1738 1127
1828 1127
998 1130
1384 1128
131 1130
493 1133
1580 1131
1721 1130
277 1133
309 1132
901 1133
1441 1133
1632 1132
399 1137
650 1139
804 1134
1001 1135
1467 1142
57 1136
255 1140
292 1151
549 1136
861 1136
888 1137
1238 1141
1570 1137
356 1142
592 1147
622 1138
1312 1141
1636 1139
54 1141
166 1141
678 1141
1199 1147
1257 1141
1268 1141
50 1142
71 1143
151 1143
167 1143
418 1149
578 1143
656 1144
1716 1143
1749 1144
98 1144
155 1144
183 1152
303 1147
331 1144
533 1150
570 1146
633 1161
1325 1149
1511 1144
1573 1144
1761 1144
558 1150
700 1146
751 1147
863 1150
1252 1147
1494 1153
1507 1147
35 1150
235 1149
672 1149
1160 1148
1232 1150
1291 1152
1570 1148
1640 1148
1 1151
387 1152
667 1151
763 1150
824 1150
1029 1151
1362 1151
1765 1153
1782 1151
117 1157
512 1154
786 1152
840 1156
955 1155
1009 1154
1214 1153
1372 1152
1729 1153
78 1154
249 1160
442 1186
693 1154
870 1158
1534 1160
1787 1154
314 1157
336 1156
492 1157
713 1157
921 1158
1336 1166
66 1159
349 1159
390 1160
526 1165
655 1158
943 1161
992 1159
1080 1158
1129 1158
1317 1159
1361 1159
1554 1165
1643 1163
1673 1159
104 1161
150 1164
331 1161
358 1161
675 1161
1275 1161
1469 1161
73 1163
206 1165
555 1162
558 1165
657 1165
1254 1162
1594 1165
43 1164
231 1164
272 1165
323 1164
342 1165
735 1164
828 1167
1506 1165
6 1167
615 1173
733 1166
809 1167
961 1166
1000 1167
1202 1167
1255 1167
1680 1167
128 1169
268 1168
673 1168
778 1168
794 1173
964 1171
1184 1171
1378 1173
1432 1170
1448 1183
17 1174
327 1172
580 1171
765 1170
1222 1174
77 1172
236 1173
345 1172
692 1175
719 1173
835 1173
979 1174
1621 1172
70 1175
341 1175
377 1174
95 1176
226 1176
408 1177
484 1188
648 1177
935 1178
1315 1178
1398 1176
1829 1176
51 1179
164 1194
319 1179
604 1179
854 1179
1017 1180
261 1180
398 1180
550 1180
1513 1188
84 1185
264 1183
311 1183
526 1190
599 1184
959 1184
1382 1200
271 1185
339 1184
500 1186
543 1185
556 1184
654 1187
698 1187
729 1184
825 1185
1177 1190
1551 1185
1566 1184
211 1187
789 1188
1099 1186
1485 1190
191 1189
375 1189
575 1189
612 1188
737 1190
811 1190
1545 1189
259 1191
329 1190
362 1190
556 1205
622 1190
869 1192
1271 1194
1678 1191
224 1192
401 1192
471 1201
781 1193
1114 1193
1227 1194
43 1194
382 1196
402 1195
667 1195
849 1195
1021 1195
1420 1196
1505 1196
346 1197
830 1196
83 1199
315 1204
605 1198
638 1204
799 1200
813 1199
1074 1199
1300 1201
1322 1201
1477 1199
360 1204
690 1200
900 1200
925 1200
1060 1200
1164 1200
1343 1204
1528 1208
1594 1202
93 1203
238 1203
697 1202
793 1202
1135 1202
1239 1203
1662 1203
240 1205
337 1204
838 1209
912 1205
132 1207
208 1211
599 1207
705 1207
710 1206
1080 1207
1660 1206
76 1208
301 1208
339 1210
356 1209
396 1208
651 1209
759 1208
779 1208
915 1208
1289 1210
420 1211
454 1211
507 1218
809 1210
959 1211
1005 1211
1161 1210
1545 1211
63 1213
69 1212
79 1220
131 1212
260 1212
610 1213
629 1212
1335 1212
1701 1212
21 1215
99 1216
224 1216
406 1215
576 1214
785 1218
688 1216
852 1216
1054 1218
1260 1218
1487 1221
1604 1222
121 1220
133 1224
291 1219
614 1218
829 1223
1022 1222
1108 1219
331 1224
386 1221
458 1224
478 1224
686 1221
738 1221
803 1220
1415 1224
1697 1220
103 1223
192 1225
601 1225
683 1225
920 1224
1012 1222
1796 1225
348 1225
395 1226
864 1225
1065 1226
1144 1225
1355 1226
43 1227
545 1227
1297 1226
