914 615
329 44
573 6
790 6
806 6
924 94
890 3
1045 2
1108 5
1122 0
1171 1
1186 2
1212 0
1290 115
1273 1
1374 3
1738 117
1200 7
919 14
1149 12
647 21
748 16
1204 15
597 26
1148 19
1498 29
1085 27
1374 29
1194 32
1671 28
808 35
1154 32
1532 33
1584 31
1055 41
1172 35
1560 36
774 49
1169 39
1205 50
1514 44
1028 45
1161 47
747 54
1084 52
1112 54
1104 66
1269 63
1497 70
1452 69
577 70
1195 79
834 73
925 78
1230 76
681 84
818 81
1094 81
1043 86
1132 82
1159 90
1619 85
1225 87
827 90
1141 88
775 105
1014 92
1117 93
884 97
570 106
1274 99
812 116
797 107
1554 117
1566 104
1215 107
1135 112
1164 114
1646 113
1095 117
1373 119
1189 118
1110 123
1188 121
1496 131
1139 130
1521 135
1546 135
1128 138
1470 136
1217 138
1222 143
1643 155
714 151
781 154
1163 150
1522 157
1188 158
1418 157
1420 156
1172 158
1203 160
1098 163
1110 163
1126 164
658 169
1226 165
740 172
1140 168
1269 168
766 178
823 177
1085 175
1163 174
1137 177
1062 187
1223 191
796 185
1113 185
1141 186
1195 188
1544 193
1124 194
567 198
1084 193
1505 197
1177 197
1153 205
1060 206
1137 208
1560 210
1206 209
1717 209
1103 217
1217 212
901 213
925 223
1017 217
1288 216
727 219
1127 218
909 218
1037 219
1266 218
1193 227
1212 224
877 251
743 242
917 227
1077 227
1093 232
884 228
913 229
795 234
1043 234
832 241
901 234
1267 236
769 247
888 239
916 241
945 256
982 245
1142 244
914 245
1501 248
1609 249
1206 249
1552 249
839 259
1055 257
1172 254
808 272
1128 260
1520 258
872 258
1028 262
1100 265
1512 264
983 272
1007 265
1226 264
1134 274
1213 269
890 268
1107 278
1281 270
1063 278
767 278
1173 274
1528 273
1038 276
1252 275
1305 275
1646 277
865 276
1575 280
570 279
1178 278
839 289
880 280
1298 283
913 344
1265 284
557 288
859 287
941 284
693 291
1639 290
1826 293
1083 294
1056 295
675 300
760 298
778 298
853 294
1024 297
1123 297
1510 300
993 304
1096 304
1177 304
960 305
1146 304
1218 301
1278 302
1802 301
832 306
1720 307
1049 314
1128 310
1475 313
1001 316
947 325
1201 316
1268 315
828 317
1593 317
838 318
1411 326
1194 323
832 323
867 322
1130 326
1149 323
1255 325
1012 327
869 329
1187 330
775 338
847 331
853 330
1269 334
648 336
712 335
939 340
1099 337
1291 333
1467 336
1169 336
1311 335
959 344
1018 341
1078 340
1134 342
1194 338
1263 341
1555 339
1232 340
1321 341
892 344
1158 346
1183 344
1285 344
839 348
842 358
887 349
1143 349
863 351
1117 351
934 354
1215 353
1129 362
620 364
746 358
954 358
1275 359
1165 362
1195 370
1180 366
1434 367
596 383
746 369
783 367
1107 380
1206 364
1386 372
825 368
974 370
1148 369
816 381
1088 375
1314 373
1491 373
661 377
952 379
1043 376
829 377
1173 382
736 386
1075 401
1219 384
1316 385
839 386
1158 387
1131 393
742 397
840 390
943 395
929 393
1000 395
1322 398
1474 404
673 405
1006 404
1053 403
1121 403
1507 406
712 413
1211 404
821 412
1263 409
687 417
1303 412
936 415
1029 418
1095 418
1165 421
855 421
1128 419
1219 417
1258 419
1428 423
738 423
926 425
1218 421
1261 425
1232 429
854 429
1052 429
1211 430
340 541
1188 443
1472 431
1543 431
865 439
1049 436
1146 435
1216 436
1528 435
1098 453
1171 438
1450 440
1292 439
1421 443
945 444
1600 455
895 449
956 445
1042 453
1083 445
128 460
1117 447
781 451
860 451
1280 453
1177 455
1068 462
1562 457
662 466
993 460
1157 461
766 462
834 461
1417 462
826 463
878 463
585 474
884 465
890 468
1268 470
898 471
1126 473
869 480
964 474
1257 473
632 478
816 569
833 475
1056 483
1442 479
1800 478
925 477
1227 478
1347 484
1495 487
541 486
1077 484
1652 480
707 483
729 482
837 486
1285 480
1529 483
742 486
773 505
1130 488
677 491
1186 492
1226 494
1763 585
716 500
1562 498
998 504
1101 501
1526 504
1028 506
1128 505
1733 505
945 507
965 509
1085 514
1133 513
1163 517
1342 515
1434 514
1614 515
721 521
1227 518
1570 520
1186 519
581 525
1534 520
1649 523
1063 528
1192 524
1672 523
1226 527
948 533
1119 530
1289 529
906 541
989 538
1093 538
1157 540
754 539
1073 539
1409 544
1492 543
1085 545
545 552
747 549
1331 550
980 556
711 563
912 555
1018 552
1064 556
1090 556
1233 555
1275 554
1205 559
1104 567
1048 559
1295 558
954 564
1278 564
976 565
1030 567
1079 575
1161 566
671 573
901 575
511 578
1335 572
928 585
972 614
1556 579
1140 580
1454 582
1673 579
994 586
1338 584
1065 582
453 591
1056 587
1097 586
616 594
794 591
908 598
1636 594
731 598
1131 596
1222 599
1127 607
1200 614
542 612
1071 611
1491 612
1225 610
1281 618
715 615
1040 623
1060 614
1144 617
1188 613
1323 615
960 618
1163 625
1203 623
561 625
1005 624
1133 626
701 627
1004 627
1185 639
1273 627
729 630
1261 629
1003 630
944 633
1002 633
1076 632
1000 638
1239 640
680 646
785 672
824 640
1033 646
705 647
877 678
946 652
997 646
1429 648
996 649
995 652
1191 652
1486 651
575 655
1071 652
1095 654
1259 654
994 655
1492 655
1660 655
673 657
1167 657
993 658
1100 660
962 660
992 661
1181 663
1238 661
322 664
436 663
1141 662
833 664
1468 671
960 668
1012 669
919 674
972 678
1211 675
1629 675
483 678
495 677
1708 678
350 678
666 687
825 680
949 683
1646 680
929 684
1312 681
1746 682
1083 683
620 693
549 694
693 689
965 691
1022 691
1037 694
435 696
807 695
736 699
990 697
1060 716
1131 703
1239 702
1495 709
790 705
877 769
1199 704
1127 708
1144 709
781 710
792 712
993 720
1034 717
1239 718
674 713
1139 715
897 719
688 723
904 721
788 731
1088 728
1122 722
1027 728
1201 726
1316 728
1159 730
403 731
1025 731
485 738
736 735
1112 745
548 741
665 743
726 739
1258 739
1197 746
1090 744
878 745
1079 744
1510 747
1061 748
1260 746
628 749
1130 752
1250 751
1135 760
653 762
1030 767
1072 761
694 763
910 763
994 763
1179 763
1461 774
1566 768
1091 783
1172 771
1056 796
1132 770
1230 771
971 776
1006 779
1829 779
619 775
1191 775
1245 777
1537 781
1169 778
1201 779
702 785
1196 782
484 784
1111 788
615 791
1026 803
1116 791
868 794
1146 800
1174 797
1240 797
604 801
632 806
1106 798
822 810
1272 801
1365 801
880 802
1382 802
1749 803
769 810
885 809
1115 838
1186 806
1222 804
792 806
782 809
865 813
609 815
848 813
1406 813
877 812
958 814
970 816
1077 821
1187 812
1237 813
1016 814
585 820
893 817
728 821
686 822
855 822
874 822
903 834
1028 822
1238 830
1552 825
1031 828
1218 830
987 834
1028 834
850 836
1798 836
1267 841
809 842
879 846
986 841
1027 842
1523 844
1047 843
1231 843
1461 847
772 850
831 876
1060 845
647 850
981 848
931 849
904 852
803 853
1290 853
1059 861
922 857
966 870
1300 858
1520 856
924 859
1196 860
926 862
1041 863
1229 862
1246 864
911 979
906 865
1781 865
644 869
1474 869
886 873
914 872
1180 870
1733 871
1133 873
1709 873
938 876
941 879
1016 888
1029 879
1779 879
945 881
891 887
1166 882
1048 896
1159 888
543 892
1082 890
1145 892
532 893
1524 892
999 898
1081 898
927 898
959 926
1120 903
576 905
964 904
988 907
1013 904
1082 905
1099 909
1270 906
905 908
1012 908
1133 908
984 910
1001 910
981 914
1075 915
994 917
1040 918
577 922
827 924
1076 920
991 923
1014 923
465 933
1401 926
989 928
944 933
929 936
904 945
876 947
939 948
994 947
1034 951
1595 951
891 957
1343 955
992 957
1003 957
1468 973
1725 971
1307 973
873 975
482 977
439 980
672 982
1301 983
457 989
1197 993
1406 990
1519 999
1253 993
432 996
1238 994
1242 996
1412 996
1494 1000
475 1005
621 1004
1206 1003
1260 1004
1303 1003
1134 1004
1438 1006
1379 1011
1149 1014
618 1013
1175 1017
655 1019
1512 1019
1210 1030
1691 1031
689 1032
1089 1033
1395 1035
1593 1034
375 1037
1241 1038
1547 1038
1101 1041
1013 1043
1126 1042
1209 1051
118 1048
1198 1049
1625 1049
586 1051
1493 1050
1643 1050
1457 1052
1351 1055
1498 1056
1694 1055
683 1062
733 1063
1295 1057
1432 1058
1155 1059
1314 1065
968 1068
185 1068
755 1070
1032 1069
1381 1068
1555 1068
1048 1072
1287 1070
1551 1073
1771 1071
957 1075
698 1075
1085 1078
1839 1074
1186 1079
1711 1079
850 1084
976 1081
566 1082
633 1082
934 1086
1042 1082
901 1085
1050 1087
1077 1084
1429 1084
1545 1084
627 1090
964 1092
1012 1087
403 1090
1095 1088
1269 1089
1338 1088
654 1091
1130 1091
1309 1093
870 1095
1058 1103
1099 1097
679 1099
1501 1099
452 1101
845 1102
1090 1104
1412 1104
1447 1103
799 1104
1138 1105
446 1107
695 1106
857 1108
174 1109
601 1108
619 1113
1677 1110
992 1113
494 1115
1523 1115
1594 1115
40 1117
787 1121
1034 1117
912 1126
1040 1124
987 1125
1204 1125
190 1126
452 1128
1004 1130
447 1130
1043 1131
1133 1135
395 1137
480 1137
759 1139
664 1139
810 1140
1045 1138
1130 1139
897 1141
1222 1141
1723 1141
384 1142
1403 1143
1778 1143
1758 1144
488 1147
595 1148
963 1148
1383 1146
753 1151
786 1149
924 1150
1411 1149
733 1151
1124 1150
1444 1151
1144 1154
1435 1153
1494 1152
590 1159
605 1157
1375 1157
1568 1158
942 1159
1452 1159
864 1162
885 1162
1029 1160
1137 1164
1464 1160
1056 1162
1722 1163
224 1164
1479 1164
569 1168
978 1170
1128 1170
857 1173
1468 1172
1011 1179
1167 1177
735 1178
865 1179
1452 1178
1457 1181
1600 1180
191 1181
718 1182
1290 1180
221 1182
903 1184
994 1183
1424 1183
189 1184
1002 1185
1197 1184
469 1187
616 1187
716 1186
864 1188
397 1192
579 1189
679 1192
1088 1188
246 1192
647 1192
744 1192
1428 1193
1094 1195
1459 1194
1471 1195
686 1197
1035 1196
1357 1198
38 1203
1027 1202
1361 1202
1638 1202
36 1204
278 1210
471 1209
485 1209
441 1211
1187 1211
1637 1212
1672 1215
1675 1218
1034 1218
1249 1218
1253 1219
266 1220
1027 1224
1239 1225
425 1226
1380 1226
1613 1226
1755 1226
