905 627
2 30
250 5
427 67
499 14
688 99
794 152
862 33
1069 101
1258 1
1377 44
1411 1
1593 58
182 15
1293 35
1357 29
850 30
230 40
803 38
572 44
899 54
1720 102
282 76
834 74
233 74
588 77
1276 76
263 75
813 80
907 81
893 81
897 82
1171 87
1638 105
912 90
89 93
160 94
915 98
620 100
905 100
876 102
947 103
1302 111
862 106
1196 113
263 114
1553 117
590 120
866 128
1376 124
1247 120
1355 119
939 147
1521 132
987 123
282 127
1232 127
1216 141
1150 150
1404 147
1584 149
409 148
1297 152
1096 166
1268 165
1683 157
975 159
499 167
865 175
1178 178
1198 172
1235 176
1151 177
201 178
1298 181
384 185
1258 185
897 191
452 203
1343 222
586 212
885 208
1268 204
1094 213
1151 207
1399 247
942 218
1566 241
1686 227
208 214
918 221
961 217
1645 223
209 218
662 309
74 229
489 230
891 231
1271 232
1248 242
1373 240
453 243
1091 242
1185 250
581 258
531 253
964 250
1287 256
1102 281
1638 286
405 281
1243 276
611 277
881 276
1198 274
1218 282
1263 289
1758 299
919 289
446 295
481 300
901 299
930 297
1511 316
355 302
888 303
292 314
547 325
272 343
346 312
761 321
1370 355
1611 322
605 322
685 318
920 319
1123 335
809 320
914 322
1314 326
785 326
1152 333
1243 332
686 330
1654 336
437 428
807 344
1182 335
1219 334
348 338
671 335
145 336
702 340
835 336
879 352
578 353
686 352
946 352
837 345
1772 360
221 347
722 421
1754 346
1238 359
1307 351
1010 385
185 359
227 392
1064 385
1096 359
10 453
353 367
1121 369
1504 367
1270 375
1834 397
1188 384
42 386
1498 392
363 385
357 387
262 397
586 406
624 406
863 407
1544 430
357 408
556 408
1266 406
801 406
899 426
940 408
972 408
1117 423
83 411
1629 417
78 413
802 413
1000 412
304 427
383 418
959 417
185 434
1015 421
1046 424
992 422
818 431
994 425
1231 426
1260 429
997 432
103 428
1292 436
601 447
967 435
233 436
984 434
1171 438
990 441
1701 479
234 443
357 449
970 443
807 453
975 451
994 450
1052 454
1111 455
1307 453
997 453
1326 453
528 460
980 458
1022 458
1041 462
831 470
1188 466
237 464
1082 466
222 470
895 488
1008 464
281 472
986 466
1070 472
373 470
1197 481
239 477
374 476
1054 476
1153 486
974 482
240 486
242 495
1014 493
1214 495
949 503
379 501
1232 500
1072 503
328 510
527 529
748 514
1058 505
1064 511
977 516
472 520
1438 523
808 515
1199 518
1116 521
1236 519
1613 521
902 523
904 527
920 528
1166 530
392 534
1724 540
455 537
627 544
810 545
913 556
1129 551
1033 543
1081 544
1215 544
736 551
564 550
1191 551
369 556
960 556
861 557
979 560
1046 561
1176 560
1297 561
668 564
697 560
1089 571
801 568
933 566
1011 568
360 566
386 576
1655 569
984 572
1200 570
705 573
749 577
1179 577
453 582
716 578
1104 606
1299 585
321 590
438 593
666 589
932 625
580 593
869 595
1248 601
1257 599
191 603
643 601
1263 600
652 603
1330 603
525 607
608 604
754 605
726 616
703 610
1054 611
1185 618
493 623
1224 616
587 619
809 619
884 618
1018 619
238 626
141 624
446 631
669 630
689 630
1312 639
1231 635
805 641
1029 640
917 639
1252 640
1337 638
504 645
716 643
735 640
996 643
1549 644
751 644
954 740
700 650
1246 646
738 649
760 649
913 657
181 657
373 660
1040 678
1482 656
1122 659
1168 658
1450 658
754 660
679 663
1076 663
547 669
702 667
1101 668
1283 669
141 669
522 668
1624 676
1482 675
301 678
1225 678
1405 678
1209 682
1265 680
1449 708
1671 681
850 692
179 693
542 695
19 691
198 691
613 691
618 690
1233 690
1291 698
40 694
75 695
1719 694
56 696
1695 697
523 699
1699 698
1211 701
1353 700
159 703
586 703
32 705
636 704
1268 709
1484 705
1830 718
477 711
566 714
629 709
1217 708
1635 709
140 711
1504 710
110 715
341 716
1246 714
1604 715
80 716
374 721
445 722
652 717
21 718
296 719
1543 719
86 720
1008 722
274 723
515 723
1229 722
1267 723
1506 723
547 728
1246 724
1654 725
1215 726
480 730
1606 728
191 731
29 732
91 735
1227 733
1252 732
1645 733
111 735
1483 735
1174 737
3 738
1615 743
1260 741
1280 742
544 743
1481 743
381 747
1452 744
1476 744
1733 767
1836 749
536 749
1223 747
1267 746
1455 746
739 749
755 752
1439 748
1514 748
1166 752
294 752
488 753
687 754
1244 754
1444 752
273 755
486 754
1180 755
1365 754
1523 754
149 759
497 756
547 760
1536 758
400 758
621 758
668 760
680 761
1519 760
1567 760
1192 762
1308 763
20 764
474 765
531 767
662 765
7 767
447 767
621 768
1413 768
1564 766
254 768
1362 770
1138 773
1150 771
1785 770
193 775
364 773
452 773
1211 774
1384 773
1462 772
401 778
845 775
1172 779
1280 778
1353 775
1836 783
560 776
1135 776
1303 778
1548 777
455 778
466 783
1375 778
1597 778
126 780
607 780
1187 785
1260 781
1398 781
506 782
524 786
670 792
1155 783
1226 783
1247 783
1471 782
1474 783
552 784
708 785
1112 784
1127 785
1318 785
1810 784
275 790
372 786
385 787
451 787
706 787
824 786
1162 788
1294 786
1418 786
1457 791
207 798
426 790
1285 790
1400 792
629 793
1201 793
1263 793
1382 793
1446 816
104 794
164 794
1172 795
24 799
639 796
910 798
1177 797
1225 802
1257 796
1298 799
1357 801
1396 797
564 799
696 799
1271 806
1495 799
1547 798
1742 798
1762 799
544 807
792 800
852 801
1161 808
1213 800
1575 800
1603 801
1737 830
394 803
455 817
686 802
702 802
814 806
904 803
1421 807
651 804
1247 804
1292 804
1387 804
584 806
1118 807
1630 807
772 809
864 812
1406 808
52 811
591 811
637 825
683 810
1510 811
475 813
992 812
1076 813
1389 813
1404 812
295 816
408 815
504 814
773 814
776 815
914 815
1182 814
1195 820
1228 815
1372 815
1776 815
1014 816
1278 817
1309 816
1593 816
236 822
389 819
477 818
513 820
671 821
697 818
752 819
1636 819
174 821
377 821
715 821
1006 820
1138 826
1169 821
1234 820
1247 822
1345 824
1394 820
312 822
851 822
978 825
1061 829
1174 823
1476 823
279 825
491 824
716 825
792 825
1162 825
1219 826
1259 829
1415 825
1548 829
1639 825
474 827
657 826
1037 829
226 829
384 829
545 829
741 842
855 828
1009 828
1079 828
1324 838
1577 829
47 830
578 831
1098 830
1430 831
371 834
487 833
841 833
1232 833
1791 832
64 834
337 834
850 834
994 834
1088 835
1262 844
1359 836
1697 834
322 836
804 836
910 842
1236 838
1564 837
1807 837
1179 839
1363 839
1784 839
471 840
510 842
1190 840
1342 841
1372 841
320 842
669 845
867 845
1196 845
1397 848
1570 843
1785 842
87 844
358 844
808 860
994 845
1049 845
1108 844
1160 844
1480 853
1602 867
1798 844
278 846
476 847
706 847
766 847
1000 846
1081 847
1096 847
1153 847
1209 846
275 849
484 849
496 849
594 849
849 848
1053 848
1282 848
1359 849
493 850
573 850
898 851
1200 850
1243 858
1326 872
1460 856
1547 850
467 857
922 859
954 855
1066 852
1114 853
1286 855
561 854
773 854
1026 859
1272 855
1320 855
1354 854
1439 855
1577 854
132 856
164 856
345 856
592 856
831 857
1308 856
377 858
497 859
553 871
771 858
938 859
1101 860
1491 872
1657 858
848 861
1068 860
1199 860
1811 861
1831 861
374 862
433 862
659 864
981 863
1119 863
1412 863
1785 863
747 867
944 864
1080 864
1169 865
1223 865
589 867
645 866
1088 866
1098 888
1191 881
1401 866
1529 890
1705 867
1728 866
286 868
352 869
413 868
873 869
1000 868
1271 880
1392 869
1819 869
508 870
1358 871
1760 872
640 872
702 873
1103 872
1155 872
1213 878
1740 872
171 875
379 875
502 874
844 875
921 876
1072 875
1138 878
1179 874
1366 874
1386 876
1403 877
1415 874
32 877
201 876
714 879
896 878
1242 876
1353 887
1456 876
1460 877
1650 877
1778 876
1004 886
237 881
881 883
1162 885
1408 880
1717 882
1830 881
469 883
589 882
622 883
775 902
1016 883
1018 882
1127 882
1391 883
1793 884
27 885
685 888
937 884
1044 888
1079 884
1232 886
1564 885
89 887
432 886
834 892
869 887
925 886
942 887
1065 887
1121 887
1143 886
1426 886
1486 887
1692 886
302 891
608 888
806 888
1380 888
1416 889
1761 889
755 890
1746 891
1835 890
404 893
991 893
1828 895
22 895
216 900
275 894
295 894
453 894
944 894
985 895
989 894
1078 894
1129 895
1208 899
1280 894
1456 894
1599 894
1636 895
269 896
398 896
481 897
883 896
978 899
252 898
379 907
502 908
676 901
941 900
1321 898
1383 899
1446 905
447 902
473 901
594 901
850 908
1057 900
1299 960
1381 909
1702 907
78 903
317 903
894 906
1011 903
1221 903
1468 902
1683 903
910 906
1226 909
1240 904
1497 904
1577 909
1651 906
294 906
320 906
393 907
468 906
825 912
1065 906
1183 907
1357 909
1420 906
1485 906
556 909
616 909
1031 911
1098 908
1133 939
1245 909
1259 910
1341 914
1435 909
1626 912
164 911
467 910
1113 910
1191 910
1412 910
408 914
1073 921
1473 918
1720 913
147 914
188 914
460 915
538 915
650 914
902 915
1015 914
1194 915
1239 914
1671 914
1763 915
197 917
439 916
572 917
882 917
918 919
1775 919
1802 921
370 920
861 919
1309 919
1435 919
1514 919
320 920
614 920
728 921
983 921
997 920
1109 921
1180 925
1205 925
1317 921
1378 923
1509 921
1586 921
1787 920
549 924
634 922
872 923
929 923
1022 923
1035 924
1235 935
1598 924
21 925
155 926
242 925
283 925
365 924
671 929
747 930
853 924
877 933
1268 925
1583 926
1721 924
307 926
653 926
1705 932
1829 948
9 928
135 929
205 928
448 939
620 928
834 929
1003 929
1500 929
211 931
217 930
322 930
349 935
393 932
822 931
1310 930
1340 930
1448 938
1517 931
1545 931
1571 931
1664 930
1760 931
185 932
725 934
892 933
1061 952
1096 933
1477 932
1687 940
39 934
478 936
1320 934
1330 936
1499 934
1646 963
69 936
297 948
1103 939
1203 937
1419 937
1470 938
1561 940
8 938
129 938
908 944
1043 939
1173 941
1402 938
1659 938
486 943
631 940
846 940
1079 941
1189 941
1310 940
1359 941
1731 941
214 942
355 943
420 946
611 942
695 947
793 943
1002 945
1338 944
1425 943
1533 948
1601 943
1748 950
1783 943
1793 942
460 944
502 945
841 944
860 944
1570 950
1771 944
506 946
739 946
1098 947
1193 946
1493 949
1800 949
393 951
479 948
578 954
958 950
1037 949
1197 970
1303 948
1518 949
1604 948
426 950
726 950
829 951
851 951
855 950
1347 951
1478 950
6 953
779 952
1585 955
671 954
930 954
1185 954
1306 955
1332 963
1354 954
1379 956
202 957
224 956
374 959
430 959
614 957
674 956
724 956
886 956
937 959
990 956
1152 957
1317 957
1430 957
1438 956
1467 957
278 959
819 959
995 959
1245 966
1600 958
1706 959
1808 958
106 961
717 962
1020 963
1163 961
1187 961
1270 963
1398 961
1486 961
1527 962
1556 960
1732 961
824 965
1084 963
1142 962
1719 962
193 965
1374 965
1419 964
1728 967
1782 967
1797 965
91 966
214 966
286 967
407 967
869 969
943 967
1035 971
1350 969
1561 967
1757 966
172 969
401 968
559 968
627 968
1275 969
1386 968
1464 969
1569 969
1801 968
65 971
381 978
395 972
504 972
1226 971
1279 971
1478 974
1545 970
1592 971
1703 971
207 973
740 973
777 972
927 973
958 975
992 973
1052 974
1164 973
1520 973
1683 976
1711 974
1810 973
13 974
513 975
564 976
659 981
743 974
1151 976
1262 974
1392 975
1413 982
1439 975
1508 975
1572 975
1744 974
319 977
940 976
982 977
1119 978
1394 977
1717 977
1796 978
172 979
585 978
815 978
1031 978
1142 982
1217 979
1260 998
1722 978
1736 988
1761 984
262 980
354 992
817 981
1546 994
1777 982
1802 980
1820 998
547 984
893 983
1044 982
1615 983
1723 983
714 985
734 985
999 985
1235 984
1356 984
1396 985
1492 990
772 987
1009 986
1027 987
1048 987
1363 990
1482 987
842 988
1077 993
1152 989
1208 988
1440 989
1601 989
15 991
35 995
68 994
137 991
293 993
478 991
628 990
686 990
878 996
1016 996
1179 990
1374 991
1501 1070
1617 990
10 993
265 997
327 992
565 992
701 992
1004 992
200 994
645 995
769 994
989 995
1389 994
1591 994
1630 994
1665 995
313 997
384 996
518 999
633 996
1040 997
1115 1002
1335 997
1418 1005
1469 996
1513 997
1669 997
1704 996
220 999
593 999
716 999
853 1000
947 999
1145 998
1685 998
250 1001
439 1002
918 1000
996 1001
1131 1000
1177 1000
1475 1001
1602 1015
1761 1014
1791 1000
66 1002
280 1002
501 1002
903 1003
1213 1017
1439 1003
1641 1006
1741 1012
6 1005
400 1007
1331 1015
1353 1004
1680 1005
1719 1007
149 1006
305 1007
645 1007
954 1016
988 1007
1121 1007
1163 1007
1350 1007
1710 1007
1774 1007
18 1009
40 1012
351 1009
893 1008
909 1009
1144 1009
1219 1009
1561 1009
1683 1009
1838 1010
51 1011
138 1011
221 1011
455 1011
532 1012
598 1011
838 1011
1016 1010
1077 1011
1364 1037
1436 1021
1802 1033
1 1013
193 1012
218 1012
382 1012
428 1012
619 1012
1011 1015
1306 1013
1701 1013
1724 1016
210 1014
270 1015
334 1014
490 1031
770 1014
1074 1015
1544 1015
32 1016
131 1017
681 1020
875 1017
933 1016
1040 1021
1105 1021
1251 1021
1534 1017
1681 1026
1833 1017
13 1019
55 1019
202 1019
273 1019
281 1018
781 1022
935 1019
1307 1019
179 1021
441 1020
556 1021
710 1024
903 1020
939 1021
1016 1020
1126 1020
1149 1021
1288 1028
59 1022
394 1022
627 1023
661 1023
733 1022
1068 1023
1569 1022
1665 1025
261 1025
461 1025
477 1025
638 1027
886 1024
911 1026
1142 1025
1702 1026
326 1026
464 1027
515 1029
618 1029
690 1027
1092 1028
1118 1030
1185 1031
1262 1027
1541 1027
1556 1027
1627 1026
84 1035
536 1030
565 1028
894 1031
1244 1034
1445 1050
822 1032
1534 1033
1754 1032
403 1035
807 1033
998 1033
1001 1032
1032 1033
1409 1037
1417 1032
1770 1032
170 1035
224 1034
245 1035
356 1035
926 1034
1083 1039
1590 1043
1044 1037
1266 1036
1300 1042
1526 1036
1638 1038
1674 1037
1717 1037
1730 1038
1779 1037
153 1046
461 1043
578 1040
1251 1039
1701 1039
408 1041
682 1041
877 1043
1202 1041
1401 1040
1574 1040
1647 1041
1748 1047
1839 1041
53 1044
333 1044
864 1042
1192 1047
1395 1042
1713 1043
33 1045
425 1044
529 1044
559 1044
698 1044
893 1046
922 1044
1220 1044
1240 1047
1262 1045
1540 1044
1672 1044
71 1047
245 1047
543 1046
794 1051
852 1046
1018 1047
1051 1047
1559 1046
1661 1046
23 1049
41 1049
450 1049
533 1049
827 1052
1142 1049
1207 1055
1285 1049
1617 1060
199 1051
419 1050
658 1050
1228 1051
1651 1053
1702 1051
144 1054
307 1052
410 1052
471 1053
994 1052
1134 1052
1187 1052
1246 1052
1655 1087
1693 1052
1731 1056
59 1054
97 1054
274 1054
338 1058
429 1054
514 1055
1233 1054
1315 1056
1564 1059
1708 1054
1837 1055
137 1057
252 1056
270 1057
498 1057
888 1058
1113 1057
1289 1057
1391 1056
1771 1056
265 1058
361 1059
939 1058
1179 1059
1396 1058
1762 1070
1802 1058
155 1061
405 1060
502 1060
1297 1070
1676 1061
1717 1062
1785 1061
28 1063
204 1063
373 1063
643 1064
1002 1063
1258 1067
1582 1062
1598 1062
1665 1062
25 1064
396 1064
533 1065
1067 1065
1161 1067
1178 1064
1195 1067
1276 1064
1378 1079
1399 1064
1423 1064
1669 1067
122 1069
380 1067
557 1066
768 1067
1017 1067
1109 1067
1233 1066
1345 1078
1465 1071
10 1069
84 1069
189 1069
314 1069
548 1068
811 1068
880 1068
1695 1073
58 1071
320 1071
479 1070
493 1071
816 1073
925 1071
1079 1072
1129 1071
1365 1072
1554 1070
1568 1070
1713 1070
1732 1071
1837 1071
246 1072
1092 1072
1104 1072
1242 1082
1593 1078
1797 1081
1114 1074
1134 1077
1185 1074
1217 1075
1518 1075
1735 1075
37 1076
82 1077
150 1076
179 1081
483 1077
509 1077
904 1079
955 1078
1072 1077
1208 1083
1321 1076
1334 1076
1402 1105
1479 1077
80 1078
134 1079
804 1082
1168 1092
401 1082
453 1080
988 1080
1262 1084
120 1082
368 1089
545 1084
712 1085
1086 1084
1283 1090
1305 1083
1362 1083
69 1084
190 1084
346 1085
600 1084
606 1085
953 1085
1416 1084
1443 1090
1575 1096
1599 1084
1727 1117
1758 1093
1788 1110
1835 1094
47 1087
199 1087
326 1087
470 1086
982 1088
33 1089
219 1088
451 1088
588 1090
705 1089
818 1088
1118 1088
1356 1090
1371 1089
240 1090
314 1090
392 1090
820 1091
943 1090
999 1092
1092 1090
1137 1090
1234 1091
1319 1109
1699 1091
1817 1091
84 1093
514 1098
760 1093
1231 1093
423 1094
571 1097
640 1095
1031 1096
1262 1095
1331 1094
1593 1094
1690 1098
82 1097
269 1096
342 1096
491 1106
637 1100
940 1097
0 1099
77 1099
284 1103
1106 1100
1140 1098
1273 1099
1371 1110
68 1101
171 1101
267 1104
300 1101
366 1101
395 1101
471 1100
817 1103
1008 1100
1423 1101
1545 1101
1611 1107
1651 1100
364 1103
1153 1103
1196 1105
1227 1103
1442 1102
1819 1103
166 1109
233 1104
523 1105
927 1106
1541 1113
134 1106
530 1107
615 1107
634 1107
683 1111
1070 1107
1177 1109
1628 1107
1752 1109
313 1109
350 1109
731 1109
833 1111
1134 1108
1647 1111
153 1111
256 1110
457 1111
602 1111
656 1113
737 1111
1041 1110
1110 1110
1119 1112
1828 1111
218 1113
294 1116
374 1115
865 1116
1236 1120
1291 1113
38 1115
326 1117
1105 1115
1153 1120
1281 1136
1560 1115
1587 1114
1691 1115
0 1117
356 1117
574 1125
622 1117
1078 1117
1222 1117
1393 1116
1571 1116
1667 1122
1821 1119
614 1120
726 1118
1066 1119
1573 1130
1637 1122
261 1121
589 1121
708 1123
1203 1121
1288 1121
24 1123
1116 1123
1548 1148
305 1124
461 1125
649 1126
1184 1128
107 1127
418 1127
493 1128
538 1127
875 1128
1019 1127
1222 1127
1442 1131
1468 1130
1630 1127
473 1132
634 1128
783 1130
798 1129
903 1130
1169 1128
1330 1128
1389 1128
553 1134
1029 1131
1098 1150
1127 1132
1603 1134
1801 1169
306 1132
338 1133
1055 1132
1073 1132
1090 1132
1398 1133
1413 1132
1658 1170
58 1141
106 1135
238 1134
329 1134
386 1139
404 1135
422 1135
950 1139
1123 1135
1189 1138
1244 1134
1429 1138
1488 1160
242 1136
345 1137
1783 1138
202 1140
456 1144
1218 1139
1461 1147
152 1140
602 1147
716 1141
1162 1141
1314 1140
1320 1141
1586 1140
16 1142
31 1143
116 1142
136 1145
702 1143
1176 1143
1338 1143
1386 1162
1419 1142
1651 1143
1693 1143
174 1145
210 1144
336 1145
338 1144
1108 1145
1152 1145
1157 1144
1220 1151
1232 1144
432 1150
895 1153
1234 1149
1685 1147
323 1152
1114 1148
1421 1149
1618 1149
83 1150
280 1151
414 1152
706 1151
880 1150
1252 1151
1265 1150
1280 1151
1372 1151
1440 1151
41 1154
77 1155
220 1153
392 1157
659 1152
776 1152
798 1153
918 1154
967 1153
1148 1152
732 1154
1315 1154
1336 1156
1418 1154
1726 1190
226 1156
252 1157
412 1157
1159 1156
1176 1157
1193 1156
1358 1158
1408 1162
272 1159
340 1161
847 1158
1051 1158
1206 1158
1289 1167
1424 1159
2 1162
199 1162
362 1160
1112 1161
1196 1160
1230 1161
1265 1164
1317 1160
1442 1166
555 1162
853 1162
1136 1166
1694 1162
18 1165
307 1164
513 1165
797 1165
1354 1172
424 1168
1165 1166
1178 1170
1239 1170
1515 1167
1698 1166
1228 1168
1306 1169
1324 1172
1424 1189
1446 1169
1536 1168
234 1171
409 1170
499 1170
858 1172
973 1170
1515 1179
1562 1170
126 1173
134 1181
245 1173
377 1172
422 1173
516 1173
532 1178
1104 1173
1220 1172
1448 1180
0 1175
324 1175
366 1175
376 1175
417 1174
490 1175
626 1174
1250 1174
1542 1177
83 1176
1032 1177
1113 1177
1167 1176
1198 1177
1339 1183
1571 1177
13 1179
86 1179
112 1179
314 1179
566 1179
833 1178
1054 1178
1258 1178
1280 1178
1311 1185
165 1180
1188 1181
1224 1180
25 1183
200 1183
340 1182
353 1191
367 1183
453 1185
1076 1184
1394 1182
233 1186
248 1185
401 1186
512 1185
668 1185
924 1184
1024 1184
1200 1185
1274 1185
745 1187
836 1186
1038 1190
1292 1186
1405 1186
1504 1193
1526 1187
117 1188
433 1188
500 1195
578 1191
1139 1189
1154 1190
1238 1191
1360 1192
1401 1190
1565 1192
18 1190
471 1190
1212 1190
1284 1194
1641 1206
167 1192
212 1192
246 1192
331 1192
529 1199
594 1195
655 1192
756 1192
1208 1193
1261 1205
1321 1192
1541 1211
45 1195
79 1194
215 1194
240 1195
257 1195
290 1194
429 1196
694 1197
917 1194
1308 1195
1378 1200
102 1197
375 1196
900 1196
1078 1198
1176 1196
1219 1201
1347 1196
97 1204
1331 1202
1356 1198
1481 1198
10 1201
283 1201
628 1201
1838 1201
47 1218
245 1203
542 1203
639 1202
1123 1209
1472 1202
1590 1204
1628 1203
1073 1204
1088 1205
1152 1204
1196 1211
1336 1216
128 1206
417 1206
1456 1213
1468 1206
1576 1214
1669 1206
340 1209
1018 1208
1029 1210
1094 1208
1097 1209
1277 1208
1283 1216
621 1211
705 1211
766 1212
1223 1212
1406 1211
1479 1215
1668 1219
532 1212
1046 1216
1297 1212
1312 1213
306 1215
395 1221
503 1214
1083 1215
1137 1215
1160 1217
1238 1214
1314 1214
1373 1214
1412 1215
1425 1216
1613 1216
8 1217
236 1216
459 1216
886 1217
923 1217
1304 1217
1600 1219
1763 1222
1834 1216
427 1218
673 1218
797 1219
1170 1222
1211 1218
1316 1218
1369 1224
1386 1219
1535 1219
270 1222
508 1221
654 1221
1053 1221
1076 1221
1142 1221
1215 1220
1485 1221
1817 1220
1837 1224
84 1224
142 1222
534 1225
1059 1225
1298 1224
224 1226
1191 1226
1422 1226
154 1227
183 1227
238 1227
509 1226
625 1226
1014 1226
1314 1227
