922 622
435 99
628 131
793 35
831 45
887 65
941 0
1079 33
1190 1
1275 18
1422 33
1515 2
1543 0
1588 1
1625 0
1348 19
914 25
1507 37
1539 34
979 37
1189 37
1364 38
1344 44
306 90
1439 44
916 48
1219 52
1007 54
1339 57
1150 63
933 78
982 79
1115 96
1028 81
1220 102
1545 87
1383 86
1158 101
1192 87
1724 204
1086 95
1050 102
1513 112
1264 98
585 111
1354 121
823 200
817 115
1322 138
1064 127
968 128
1122 127
1225 128
1249 134
1270 133
1016 135
1280 150
832 146
1300 145
957 149
1381 155
1572 161
1485 254
935 166
1101 163
1228 163
1409 191
981 170
911 204
967 180
1080 175
1332 185
988 193
1277 248
887 181
1274 183
881 186
1077 272
1015 204
1158 191
1365 199
953 192
1082 193
890 193
1217 200
1212 206
951 229
1196 213
1577 224
1043 220
889 229
1177 243
1349 232
1018 250
1227 242
896 243
920 242
830 248
844 248
1135 254
461 257
959 251
895 266
823 256
961 254
976 254
919 259
728 264
1219 261
980 264
1412 273
950 265
818 268
855 268
827 271
847 289
990 285
1268 281
818 283
1017 286
1384 286
436 291
493 291
919 289
977 288
837 290
1078 292
905 297
774 298
828 300
945 301
865 300
896 303
930 303
1307 336
470 309
970 320
917 314
933 311
1141 312
1305 312
861 317
880 312
929 320
1149 316
890 316
1396 320
903 321
1207 322
888 323
946 322
1125 324
501 330
882 326
918 326
954 327
602 333
1003 336
652 339
714 459
890 336
917 339
522 341
724 342
821 352
878 342
540 348
771 348
875 345
889 351
1163 347
874 349
909 350
1208 353
928 351
968 351
529 355
606 460
837 355
924 355
956 354
883 356
1188 357
1573 367
879 374
916 359
929 363
908 368
967 364
1016 368
1334 364
1407 374
459 368
1117 372
1181 373
824 373
540 377
553 381
976 381
1240 382
905 391
1308 384
1270 386
389 389
1214 394
954 396
1099 389
1568 402
1074 397
1330 401
807 405
1197 408
1212 406
1145 410
1596 418
351 413
1003 414
930 413
1055 421
1247 415
1471 418
923 560
1163 420
990 424
1307 427
1037 447
1162 433
1351 448
855 440
1258 445
528 441
976 440
444 443
1165 442
1215 442
1085 443
560 447
724 454
992 452
1391 469
1526 461
997 468
1114 461
1182 462
1101 465
396 468
1230 466
1439 482
961 469
1055 469
1014 476
1547 477
217 477
491 487
628 480
1057 482
535 484
552 489
1644 487
835 492
1033 487
880 492
1144 497
1214 493
1083 491
470 495
1414 504
898 503
961 497
1107 510
562 500
966 499
1026 501
425 503
1174 506
798 520
535 514
1499 514
560 517
1189 518
1838 550
1208 521
905 534
1249 526
1120 527
1270 528
976 536
1143 533
447 540
819 544
1072 541
1206 537
546 544
1185 540
1192 544
1762 543
419 550
1757 557
1251 550
1029 556
1206 553
1279 555
1052 558
1175 560
656 559
888 563
1465 566
1653 568
1202 586
763 572
960 577
564 579
1494 583
620 577
985 579
428 581
607 579
866 583
1162 582
1270 580
1054 587
1230 591
1015 592
599 595
1032 596
1066 596
1094 595
767 599
1320 600
1097 601
686 607
963 603
990 607
837 618
1281 619
792 615
1107 612
522 614
741 621
710 625
1055 614
1008 618
1180 616
613 621
768 626
450 622
892 622
1197 621
501 626
555 625
604 626
620 625
680 625
958 628
1185 627
585 639
1174 631
1120 635
1169 635
797 637
794 638
837 667
1163 641
431 644
468 645
653 655
744 651
942 646
704 645
1213 645
453 651
684 649
810 648
1010 651
572 659
790 651
1219 650
1474 660
1162 659
700 661
730 663
1274 669
673 667
1124 667
617 666
862 667
1106 667
1028 672
1366 683
733 674
929 675
602 677
766 677
1129 676
1261 678
649 679
690 681
702 678
725 678
753 678
970 685
398 682
780 681
934 693
996 684
672 683
1183 684
677 688
1149 686
439 688
590 688
618 688
1309 693
696 688
1094 695
1130 691
1251 692
852 693
1042 693
754 731
647 698
739 698
1177 701
1054 704
1375 709
467 707
1286 715
474 713
917 718
1478 724
397 718
649 719
856 720
1190 718
1558 719
429 721
489 723
950 724
995 724
543 727
1155 728
965 729
1433 732
983 730
1077 730
1230 732
559 735
1637 745
980 743
1134 740
526 744
583 740
942 741
1009 747
367 745
799 801
1163 742
1324 743
630 747
805 748
1120 747
1175 749
502 749
476 752
787 751
1052 755
436 756
792 755
1133 756
579 760
1163 757
794 758
776 761
796 761
1148 763
1227 761
332 767
1079 763
588 764
483 770
528 768
861 767
798 788
823 770
1479 768
752 771
1094 772
409 777
753 773
939 812
1076 772
763 776
830 775
600 777
456 783
759 783
609 786
504 788
603 792
1519 790
566 793
577 796
1109 797
574 798
724 799
1135 799
1388 806
533 803
730 801
618 811
1171 803
1280 812
474 804
480 806
502 807
771 807
909 808
794 812
837 948
1150 818
1194 820
417 820
644 820
1489 820
568 827
1142 823
1181 822
1221 828
461 825
511 824
405 826
488 828
536 828
306 832
577 831
1139 832
596 833
601 832
971 838
1154 836
456 836
314 838
533 843
1245 847
623 840
1017 840
492 844
1218 844
709 845
390 846
959 852
413 849
425 849
572 848
581 850
896 851
584 853
618 854
543 860
731 859
1204 872
482 862
1635 861
1143 864
347 865
1184 865
413 867
507 869
827 869
590 869
635 871
239 873
806 874
601 877
1478 877
491 877
527 887
1004 879
255 878
426 879
1175 878
155 880
207 881
867 881
589 886
34 885
315 887
339 886
375 885
488 888
562 887
1114 888
370 889
411 893
716 892
771 892
921 889
331 895
1144 892
65 892
471 895
694 896
975 899
1074 903
447 900
467 901
536 900
809 902
969 900
374 905
433 902
1193 905
1411 905
29 905
421 905
553 908
1254 906
296 907
387 907
568 907
1606 906
499 909
452 911
1172 911
1627 922
406 914
478 915
1406 918
289 922
508 918
368 920
389 923
7 923
435 922
1161 924
1212 924
1297 929
1698 922
1069 925
1239 924
1754 925
1807 924
261 927
472 931
545 930
1259 931
379 933
465 933
507 933
106 935
1242 935
1254 934
495 936
519 939
1173 938
119 939
536 942
1436 943
1464 942
94 942
452 943
1055 943
82 948
388 947
471 954
1148 947
1329 958
1060 951
1197 950
1349 951
60 953
353 953
515 952
1096 954
37 954
300 954
208 957
1233 965
521 958
1210 960
330 961
198 963
513 968
1073 965
1126 967
1138 964
1474 979
267 967
1171 968
1556 967
1583 967
335 968
547 968
100 970
292 970
1142 971
1528 978
1542 971
294 983
342 979
1348 977
387 976
461 977
537 978
1505 975
234 980
1165 976
574 978
1061 979
190 981
397 981
1119 982
10 982
268 983
551 986
1133 983
353 985
580 984
1091 985
1591 984
129 987
507 987
1100 987
124 988
371 997
1248 990
88 990
528 990
633 991
510 993
583 992
7 994
253 996
614 994
641 994
1519 994
146 999
175 997
349 996
439 997
456 997
681 1012
1042 998
598 998
712 1034
312 1000
335 1000
540 1001
577 1001
1288 1009
246 1003
506 1004
1447 1005
104 1005
179 1006
212 1006
407 1004
1112 1005
91 1007
378 1007
561 1007
1083 1007
1597 1006
1719 1007
410 1009
614 1011
790 1009
1784 1008
171 1015
189 1017
318 1011
434 1011
1130 1016
57 1012
259 1020
338 1014
580 1012
749 1013
536 1017
649 1014
823 1015
1037 1021
1054 1016
1170 1015
1348 1016
43 1016
86 1016
473 1025
826 1016
9 1018
277 1020
458 1018
633 1023
729 1020
745 1021
327 1023
419 1023
558 1023
1108 1028
71 1024
599 1024
747 1024
780 1025
1241 1024
1556 1025
227 1026
243 1026
321 1026
407 1026
486 1026
575 1026
585 1027
611 1027
659 1026
788 1026
129 1028
451 1032
554 1028
831 1029
883 1043
1194 1034
1529 1028
81 1030
793 1031
143 1033
192 1032
205 1033
515 1034
667 1036
44 1035
423 1035
552 1036
627 1034
694 1034
741 1037
306 1037
400 1040
616 1040
871 1036
1054 1039
1150 1037
213 1038
339 1039
366 1040
1128 1039
1387 1039
1439 1045
111 1045
156 1040
437 1042
535 1041
633 1042
652 1040
1121 1041
1363 1041
1485 1042
56 1043
288 1045
561 1045
826 1047
234 1044
776 1047
1075 1044
228 1047
369 1046
447 1052
927 1046
1272 1054
1548 1054
17 1049
939 1049
194 1052
667 1054
803 1051
247 1058
398 1053
495 1053
740 1054
781 1052
801 1053
970 1054
1643 1052
151 1054
269 1056
379 1055
625 1056
793 1054
988 1057
1457 1056
33 1056
120 1057
144 1057
368 1057
395 1058
510 1056
599 1058
964 1056
1023 1058
1061 1057
1152 1058
1307 1056
113 1059
647 1059
165 1061
293 1060
556 1061
590 1060
910 1060
1073 1061
1111 1061
94 1063
424 1062
456 1063
516 1062
816 1065
948 1063
356 1066
387 1068
431 1065
686 1067
831 1064
890 1065
1006 1065
1102 1066
1253 1065
1572 1064
324 1066
475 1067
756 1067
857 1070
904 1071
34 1069
125 1068
136 1069
194 1068
261 1068
281 1068
297 1069
346 1069
567 1068
617 1069
644 1069
1237 1069
548 1071
670 1097
695 1071
372 1074
441 1080
794 1077
931 1073
1139 1073
47 1080
257 1075
630 1077
683 1074
869 1075
923 1074
933 1074
941 1076
1026 1074
1195 1079
1282 1074
83 1077
150 1078
213 1077
218 1076
356 1090
409 1092
479 1079
1084 1078
1095 1076
1130 1077
516 1087
546 1078
608 1079
998 1078
1040 1081
692 1082
710 1092
832 1087
886 1080
1023 1081
1256 1083
210 1083
236 1084
288 1086
308 1084
327 1083
460 1083
544 1083
614 1083
808 1083
920 1083
91 1085
261 1087
337 1086
397 1086
571 1085
720 1084
810 1084
813 1085
1228 1097
1345 1084
41 1087
318 1092
487 1087
784 1087
815 1086
818 1087
863 1087
898 1087
1187 1088
1684 1087
4 1093
430 1088
933 1088
451 1095
589 1090
786 1091
876 1091
892 1091
1467 1091
20 1093
158 1093
563 1093
735 1093
769 1092
910 1093
981 1092
1043 1092
1343 1094
1388 1092
83 1095
230 1094
497 1095
538 1095
549 1096
479 1096
572 1100
620 1124
621 1096
797 1109
1262 1097
1322 1096
25 1098
525 1100
924 1105
1127 1099
1446 1099
33 1100
93 1100
863 1102
1167 1102
103 1104
431 1109
488 1104
457 1104
623 1105
776 1108
1075 1105
17 1106
275 1106
339 1106
386 1106
415 1107
504 1107
541 1107
1176 1107
1734 1106
43 1109
326 1108
373 1125
1129 1109
49 1111
405 1111
467 1120
1489 1111
268 1113
306 1113
577 1114
73 1118
96 1114
147 1116
163 1115
254 1116
330 1120
513 1117
716 1116
731 1114
783 1118
841 1118
1154 1114
1362 1122
1577 1117
1670 1122
532 1127
559 1118
734 1117
762 1118
888 1122
903 1120
89 1120
500 1136
1110 1122
1181 1120
271 1124
411 1123
453 1122
693 1122
1065 1123
1598 1122
585 1125
686 1129
776 1126
1003 1125
1036 1125
1124 1124
1554 1125
39 1128
248 1126
550 1127
566 1127
670 1127
1396 1127
1521 1127
1567 1128
64 1128
95 1129
236 1131
307 1129
790 1129
879 1128
925 1131
1702 1130
1751 1128
131 1131
165 1130
221 1130
1076 1131
1093 1132
8 1133
48 1132
107 1133
346 1135
423 1134
555 1132
662 1135
770 1134
1197 1133
1823 1133
207 1134
710 1135
784 1135
824 1134
251 1136
585 1137
597 1136
368 1143
457 1139
481 1139
659 1139
693 1142
932 1138
1478 1139
1540 1139
1605 1139
75 1140
145 1140
293 1143
674 1141
1017 1142
1140 1141
1775 1140
89 1143
430 1142
469 1143
552 1144
592 1142
1530 1148
1723 1142
326 1146
434 1147
578 1145
669 1145
763 1145
777 1145
975 1145
992 1145
996 1144
247 1147
406 1147
648 1160
716 1146
889 1149
957 1146
1747 1147
126 1151
197 1150
387 1148
418 1149
599 1149
665 1148
828 1149
61 1150
265 1151
420 1151
635 1150
680 1150
863 1153
1042 1151
1112 1151
1499 1150
1 1153
36 1159
66 1159
177 1153
263 1153
347 1152
636 1152
725 1153
1611 1153
261 1154
382 1156
400 1158
425 1156
566 1157
781 1161
904 1154
1161 1154
1183 1155
106 1158
276 1168
533 1158
575 1165
682 1157
816 1159
462 1159
477 1159
712 1158
763 1159
919 1159
947 1159
1363 1158
1367 1159
1676 1158
140 1161
359 1161
595 1160
389 1169
721 1169
761 1162
1047 1163
1100 1171
1218 1162
1375 1164
134 1165
161 1164
301 1165
321 1170
518 1166
546 1165
557 1164
668 1166
1018 1164
1497 1164
156 1166
373 1168
605 1167
813 1167
906 1166
1302 1166
1699 1167
536 1169
709 1168
1713 1169
27 1172
193 1170
243 1171
347 1170
470 1175
635 1174
691 1171
941 1170
1129 1172
80 1173
211 1174
406 1176
426 1173
446 1172
820 1174
1544 1172
1657 1173
85 1175
125 1175
187 1175
656 1175
1460 1175
1630 1175
20 1177
134 1176
259 1181
591 1176
646 1177
672 1185
978 1177
1665 1181
149 1183
354 1182
487 1179
602 1183
701 1178
798 1185
817 1179
868 1179
969 1179
981 1179
1559 1178
95 1184
184 1181
201 1180
293 1181
429 1180
456 1181
513 1181
753 1180
919 1180
1175 1181
1546 1185
1599 1182
47 1183
278 1185
290 1183
493 1183
546 1182
81 1184
242 1185
747 1184
21 1187
75 1186
173 1187
222 1186
346 1188
386 1186
576 1191
617 1189
637 1190
1092 1187
1480 1192
1674 1188
120 1193
315 1189
361 1189
404 1189
454 1189
717 1189
872 1189
1461 1188
99 1190
139 1190
194 1191
206 1192
341 1191
444 1192
490 1190
550 1190
591 1191
754 1191
1549 1190
288 1197
319 1192
501 1192
509 1206
816 1193
874 1192
1209 1192
67 1198
111 1195
176 1198
502 1195
648 1195
939 1196
1735 1195
88 1196
333 1197
728 1198
1188 1196
1348 1200
1459 1202
1564 1197
1583 1197
466 1199
476 1215
1204 1200
1657 1198
1775 1199
5 1200
189 1200
207 1201
238 1200
273 1205
367 1200
704 1200
1254 1200
1827 1201
165 1203
167 1202
391 1203
678 1202
819 1203
1523 1206
1698 1203
1 1205
327 1205
341 1205
488 1205
605 1207
1034 1205
1412 1204
1436 1204
1596 1204
1651 1206
460 1214
576 1208
652 1210
782 1206
797 1206
1143 1208
1245 1206
1427 1206
96 1209
359 1208
533 1208
553 1213
594 1208
685 1208
773 1210
816 1209
1096 1209
1397 1208
1565 1208
1576 1208
302 1210
344 1210
367 1219
600 1212
1604 1211
1133 1212
1260 1213
325 1215
588 1215
628 1215
1191 1215
1417 1214
45 1222
349 1216
401 1218
415 1218
445 1217
583 1216
1435 1218
1513 1216
1533 1217
1545 1216
1612 1217
105 1223
179 1219
214 1219
216 1218
280 1223
350 1220
495 1219
676 1220
12 1221
138 1221
560 1220
710 1220
777 1220
897 1223
1307 1221
1624 1221
147 1225
185 1225
386 1222
409 1225
638 1225
881 1225
1519 1222
1780 1222
27 1226
313 1226
423 1225
533 1226
622 1225
758 1225
1078 1226
1403 1226
0 1227
170 1226
340 1226
671 1227
1562 1227
