918 612
15 20
151 18
203 18
287 18
346 87
578 0
738 7
839 2
995 2
1213 1
1231 0
1282 3
1387 2
1411 99
1611 52
1677 15
1205 10
950 12
770 12
1509 15
621 18
1172 16
865 41
1082 31
1207 22
666 23
1307 24
903 27
689 32
839 34
1556 29
704 30
988 49
1159 31
1380 34
614 42
924 36
643 38
1162 38
1259 39
536 39
1812 37
913 43
929 42
899 44
940 49
1488 47
1355 56
591 51
161 113
295 113
911 53
932 66
1132 59
1252 71
24 85
1182 62
1538 59
752 62
1100 58
211 93
1518 71
843 66
828 72
885 66
949 66
1307 81
878 84
941 74
1148 78
1449 77
568 81
954 79
1061 79
1114 81
1001 83
1095 82
1377 80
1689 82
931 88
913 85
1534 88
651 94
915 88
1126 92
1441 93
723 100
709 105
935 102
533 108
676 109
1667 111
803 115
888 117
940 108
930 110
1005 129
1283 112
1298 181
837 119
950 113
1102 113
1172 115
1215 128
500 119
696 118
1471 116
1115 123
1497 119
661 126
944 122
1195 121
1273 124
616 126
932 125
215 135
752 129
907 128
1126 132
715 131
793 135
954 133
921 134
644 159
749 142
1099 145
864 147
1120 142
982 142
688 146
841 148
930 145
217 149
1135 204
1251 149
885 152
900 159
672 155
1130 154
831 159
856 159
917 156
218 160
915 158
967 165
570 164
801 172
219 167
945 169
1832 166
986 167
1171 169
1355 170
1542 167
874 168
924 171
784 173
883 175
937 192
1011 176
1207 186
1628 184
865 181
877 184
861 184
672 200
859 187
895 186
1028 193
1161 189
1362 193
1510 194
888 237
912 194
545 201
959 201
1330 204
1568 201
965 206
1067 205
1556 204
1018 220
587 218
708 219
774 221
1517 222
1729 227
676 229
955 224
941 255
603 231
692 234
547 239
571 239
663 242
954 237
310 286
814 241
973 241
977 240
1015 243
363 286
772 249
819 259
928 246
455 251
540 253
1192 249
694 250
604 259
1145 261
1277 260
1488 261
680 266
960 268
794 264
640 269
699 268
743 268
231 305
989 276
595 271
1181 283
1091 271
1482 273
544 276
1442 276
489 279
1067 281
599 280
527 283
1135 283
635 285
1370 284
1535 286
860 290
468 292
741 295
911 293
1127 294
622 296
1374 299
963 312
1302 304
1439 302
800 308
1309 309
692 311
1134 318
1165 316
878 321
1070 320
505 318
1223 333
1491 327
677 328
982 329
367 329
892 329
331 330
1005 339
1188 347
718 339
505 338
944 343
1116 339
374 415
1435 341
744 346
320 394
1060 345
1353 345
1478 345
1503 346
514 351
647 347
886 350
394 350
625 351
860 352
903 371
929 349
655 356
827 352
639 354
1064 355
1617 356
689 355
892 360
921 359
766 363
779 362
972 361
1583 379
983 363
973 364
1051 373
914 371
646 374
685 377
974 441
240 377
1372 377
1348 380
598 381
1094 382
1282 381
1108 382
920 387
949 386
526 392
708 386
748 389
774 388
934 393
1059 396
241 393
1111 399
1201 393
904 394
1344 398
242 399
894 432
1176 397
1328 398
907 401
948 405
1011 415
1133 408
1369 407
1032 408
1243 409
1503 418
243 411
919 410
650 413
740 416
1087 419
1169 415
606 417
927 426
244 423
1598 443
626 424
1344 428
1119 426
1209 426
1045 430
856 436
1299 434
1382 434
245 435
753 443
1105 439
1052 444
1368 441
1692 442
636 445
930 449
918 451
1116 453
344 452
792 454
845 457
1148 457
1460 454
1353 456
525 462
717 459
278 461
299 462
315 462
341 462
366 462
688 464
959 568
1241 462
703 470
854 471
1432 471
627 469
1050 469
1070 470
1135 471
1015 476
595 476
710 482
844 482
669 483
864 480
895 485
1142 483
1031 485
544 486
1221 486
1236 494
1052 492
655 495
1066 495
1280 493
510 498
1215 510
1358 498
1581 497
701 505
921 501
1653 498
1433 518
1099 505
1485 506
1030 542
1070 509
1457 513
1243 519
636 524
709 526
761 526
943 526
1267 532
1394 523
690 530
871 532
604 540
1080 541
946 543
1157 551
528 544
671 554
626 554
690 554
1416 556
1617 554
477 558
582 558
818 566
1392 558
929 563
1078 562
566 564
1343 563
647 574
1210 568
1403 569
850 573
1218 574
1231 578
535 579
769 576
904 577
1067 577
1310 577
1395 575
1110 579
1131 578
579 580
705 579
837 580
871 581
548 587
385 590
675 593
807 603
588 591
1009 595
563 594
859 601
1356 593
710 597
1045 597
1252 602
1077 602
1312 602
1322 602
571 625
1059 607
512 611
1220 613
1334 612
1296 623
829 618
1100 631
705 643
832 621
836 624
1116 623
653 626
815 637
843 627
1405 628
492 630
550 630
604 630
935 629
1622 631
850 631
905 632
1418 631
758 648
1077 632
1216 652
863 636
865 637
950 642
1124 640
932 641
377 645
1425 644
490 646
683 648
1633 646
781 647
860 649
612 655
799 658
1067 651
1289 651
1392 654
873 667
969 659
1359 663
929 659
545 661
1112 661
1142 660
467 664
664 667
826 674
841 667
736 680
1091 669
1251 685
536 674
796 672
979 676
1562 673
774 679
1042 675
1101 675
1392 677
503 679
1208 676
705 682
529 685
806 683
1219 683
566 686
853 685
934 704
877 734
1334 688
1100 691
990 703
804 705
550 697
717 712
749 696
976 697
641 703
1046 700
1564 712
1229 703
740 707
1029 711
314 710
1202 713
587 715
1116 725
1394 714
823 716
826 721
834 744
907 723
924 728
1085 725
1242 722
1404 723
558 725
578 726
705 724
540 728
738 751
499 729
842 729
696 731
816 736
932 732
847 735
1006 741
1198 735
1396 734
488 737
551 737
1287 737
787 747
939 739
601 747
1418 748
561 752
1238 750
806 755
413 757
454 758
495 757
778 756
1034 758
1581 757
1646 758
986 760
1144 759
1586 758
965 761
1152 766
1196 766
1403 763
777 762
805 762
1230 763
396 767
650 773
769 770
847 769
819 772
1385 771
966 776
1060 773
768 775
1394 776
779 778
846 783
1078 778
1206 781
873 888
483 786
601 788
917 788
568 792
755 814
806 794
646 794
1025 794
674 798
726 795
355 803
607 798
730 799
1113 806
965 800
1217 805
61 800
786 804
1080 803
1163 802
469 805
1082 806
725 809
791 810
1030 811
1163 813
1179 813
1292 812
1087 815
1164 816
349 817
953 819
825 821
600 826
1224 824
1377 824
531 826
457 826
416 828
339 831
469 842
1107 832
1343 831
323 833
719 835
1403 835
776 836
492 837
1557 847
563 848
402 842
1406 841
216 845
1306 853
1174 851
1382 847
584 853
1352 853
1146 863
483 860
576 859
1245 859
1585 859
1634 866
455 874
1270 874
248 875
533 885
573 887
329 887
504 889
1277 890
455 893
473 894
491 896
1264 897
1226 897
463 902
1558 912
478 912
564 913
1321 913
473 914
1360 920
472 921
520 921
204 922
1229 923
1256 925
495 927
1567 927
1151 929
448 935
452 934
213 944
535 944
994 944
1406 955
1445 955
436 946
1234 948
859 951
324 951
594 952
691 954
415 958
1162 955
500 957
915 958
1071 958
534 970
655 963
681 960
781 959
992 958
1024 963
266 963
1053 966
774 966
853 969
348 968
674 973
688 969
917 973
1305 974
338 975
891 977
573 976
1059 978
1340 985
817 987
1214 981
379 983
525 984
626 982
692 984
770 986
978 982
447 985
464 985
991 986
431 987
459 988
543 987
603 988
656 990
709 992
944 990
558 993
745 1002
1208 990
27 993
362 992
598 993
1256 994
798 997
1229 995
549 999
553 998
592 999
685 1004
862 1000
626 1001
762 1004
843 1004
984 1005
1034 1004
1236 1003
443 1006
648 1005
784 1009
1377 1015
458 1009
367 1010
976 1015
1041 1019
1074 1012
448 1018
483 1013
551 1013
575 1017
728 1019
987 1025
533 1021
924 1022
1204 1024
1297 1020
65 1023
511 1023
257 1025
828 1025
92 1027
1089 1030
543 1031
615 1034
663 1033
315 1032
442 1033
470 1032
464 1034
636 1035
966 1036
683 1036
178 1041
438 1040
387 1042
652 1043
751 1046
806 1043
1031 1046
1286 1043
1337 1042
267 1045
414 1044
498 1044
1312 1046
1322 1044
522 1047
590 1051
1256 1050
637 1053
687 1058
730 1055
856 1053
839 1058
855 1057
564 1058
578 1059
775 1058
539 1061
563 1060
854 1060
1004 1060
739 1063
1365 1081
894 1068
476 1067
499 1067
547 1071
650 1071
768 1067
867 1073
990 1069
1230 1067
168 1068
428 1070
603 1074
741 1069
766 1068
1036 1070
114 1072
715 1074
938 1074
678 1082
689 1076
255 1078
739 1078
814 1078
642 1081
929 1081
1176 1091
211 1083
349 1083
494 1087
1107 1083
464 1087
436 1087
448 1087
526 1087
993 1089
1102 1086
782 1089
370 1095
477 1095
574 1097
311 1097
651 1096
811 1101
854 1098
1453 1097
272 1099
507 1099
1142 1100
1342 1099
249 1102
461 1100
480 1101
557 1100
606 1100
116 1104
166 1103
1008 1104
327 1105
773 1106
520 1109
784 1107
1028 1107
1164 1107
105 1110
144 1111
795 1111
1072 1110
1351 1111
100 1112
234 1112
422 1112
498 1112
553 1112
764 1112
1333 1113
418 1116
463 1118
964 1117
1171 1118
391 1118
493 1122
511 1119
1158 1119
1214 1120
774 1120
26 1122
142 1124
267 1123
386 1123
431 1123
1115 1127
650 1125
679 1126
475 1126
633 1126
351 1129
380 1129
412 1128
455 1129
932 1130
580 1131
786 1134
998 1131
674 1133
399 1135
470 1134
771 1136
816 1135
247 1137
122 1141
344 1139
485 1139
914 1140
575 1141
1367 1140
392 1143
1240 1144
844 1144
1080 1145
1335 1144
14 1146
359 1146
468 1148
535 1147
838 1146
82 1149
429 1148
551 1152
653 1149
682 1148
725 1149
1375 1149
796 1150
813 1153
875 1153
627 1152
733 1153
1359 1157
487 1159
1041 1154
1191 1157
1311 1156
820 1158
473 1161
319 1163
341 1162
865 1164
250 1166
412 1164
304 1166
406 1167
466 1168
924 1167
998 1167
1302 1166
1127 1169
108 1170
141 1171
758 1173
423 1172
263 1174
472 1175
518 1175
455 1177
564 1176
642 1180
106 1178
181 1179
273 1180
1289 1179
926 1181
9 1185
12 1184
149 1185
751 1185
234 1186
255 1187
495 1186
1184 1186
266 1191
437 1188
574 1189
867 1191
209 1192
660 1192
785 1194
726 1195
482 1201
736 1196
22 1199
520 1200
707 1201
299 1204
515 1206
1234 1206
1321 1207
906 1209
1136 1209
1151 1209
663 1211
1060 1211
68 1214
462 1213
618 1213
219 1215
639 1216
659 1214
235 1216
285 1217
817 1216
712 1221
1787 1218
1321 1220
148 1226
819 1225
433 1226
