906 620
409 0
427 4
583 6
635 26
886 12
909 0
975 85
1037 1
1300 42
1540 0
1640 56
923 9
271 23
421 25
1047 37
1102 28
609 31
170 39
527 37
512 47
832 41
619 44
875 60
1035 58
558 51
759 51
1068 53
66 60
573 59
785 60
957 65
1081 65
1504 64
1809 82
904 100
45 70
708 89
1769 87
569 82
646 82
816 103
1073 93
214 90
1277 85
1106 105
1048 90
1295 92
1187 90
1259 93
520 92
1571 142
729 100
629 100
1177 101
872 102
754 106
776 109
844 107
1161 104
582 109
1268 117
403 111
170 121
1227 122
575 132
454 139
482 137
549 134
877 133
1289 132
1371 166
681 144
769 139
509 144
740 150
920 153
1236 146
583 147
1309 147
703 149
802 151
1153 147
368 154
1428 184
1182 153
1464 170
196 154
556 167
503 169
1295 169
423 166
470 169
781 176
579 181
863 176
236 177
739 174
1148 202
1206 177
1522 178
1034 184
942 191
652 192
891 188
903 227
1235 212
1396 200
717 193
558 196
825 206
275 203
419 201
847 203
1274 203
421 202
874 219
1292 210
525 209
527 211
451 214
741 216
1256 216
391 222
1175 221
1325 245
604 227
660 227
1668 291
1042 232
360 239
971 247
990 287
1223 237
746 258
1196 237
452 244
1132 242
678 262
1264 251
705 258
363 264
801 266
825 259
494 266
432 265
954 273
463 269
871 271
926 287
1733 292
1245 276
1478 303
1162 279
518 282
650 291
1014 289
1101 314
130 291
772 313
1073 289
1304 301
819 293
842 298
27 302
1228 300
1773 333
1151 305
856 368
1275 311
1390 318
239 313
247 315
251 316
255 317
815 318
971 318
258 318
263 319
1001 327
942 322
1324 338
572 325
598 339
848 328
642 330
1175 331
1231 331
734 344
1173 332
1149 347
1197 338
560 342
833 344
696 345
819 348
781 350
1225 346
495 349
910 376
794 358
1355 366
225 362
605 361
963 360
1475 414
358 371
1257 364
1411 375
828 367
266 372
598 372
1101 375
1218 374
439 376
503 380
986 389
1075 390
293 379
673 386
827 387
1280 385
460 401
1544 396
57 400
477 399
609 400
1267 400
579 397
584 398
808 398
295 408
786 402
783 404
1193 405
339 409
619 407
708 411
623 408
627 409
972 416
631 410
879 412
1286 414
778 419
398 421
1018 423
924 427
848 425
1142 456
1349 455
306 432
603 440
771 446
874 439
719 455
585 439
1229 441
1033 445
855 446
314 445
824 444
317 446
813 449
1182 447
956 457
1091 451
179 456
645 451
1110 452
1020 470
394 460
864 468
925 466
798 462
56 462
793 464
603 476
1059 474
1263 479
790 487
430 478
1110 484
1535 488
1394 500
528 496
990 490
829 494
1328 507
812 497
989 502
1139 512
1569 523
824 503
1059 504
778 510
832 511
1220 517
1446 530
900 526
859 516
1404 519
860 529
492 532
1096 530
1259 528
559 532
953 546
1181 529
1275 527
1190 534
1236 532
1052 537
1113 543
1153 535
410 543
928 540
813 541
281 544
347 546
546 558
816 542
1063 548
902 564
629 560
1225 562
1147 575
443 563
25 567
1273 564
1460 564
1171 566
119 575
1218 581
812 589
668 594
1501 609
1126 588
1210 593
438 592
784 597
1398 593
67 595
168 600
1326 601
1219 599
1239 613
752 609
900 603
1376 618
454 609
822 612
1003 607
1596 625
271 615
354 615
904 616
647 638
717 620
852 620
888 620
826 625
746 626
894 679
563 636
815 633
374 632
280 634
327 641
1272 635
444 644
1187 637
597 641
822 816
1250 659
720 663
934 648
951 651
489 651
863 651
537 655
404 657
851 658
766 674
584 660
703 659
1078 664
31 665
956 668
974 667
852 669
440 677
171 675
990 675
794 680
599 683
734 685
1705 697
1195 693
1247 691
577 696
1052 695
397 701
686 700
1074 711
875 717
1256 703
748 704
1119 702
722 709
543 716
701 707
322 716
294 715
834 712
711 713
853 724
1114 712
1188 714
568 731
930 720
724 727
1262 728
782 723
907 732
1502 747
1672 760
742 735
887 735
746 746
917 740
1559 743
874 745
907 750
727 759
1534 763
877 750
574 759
616 757
1087 763
889 762
919 761
1168 761
529 766
862 763
921 762
923 763
748 765
865 765
332 768
901 770
1243 773
1283 774
943 768
754 799
869 771
709 777
884 775
911 775
924 777
879 789
1039 778
979 782
1317 803
923 782
1480 836
1542 805
354 795
933 795
1410 804
439 797
920 803
5 800
708 813
838 798
958 803
590 805
732 803
511 807
1024 809
1175 808
1098 811
1118 811
739 879
1044 813
1066 814
549 820
974 827
431 823
683 827
426 829
587 829
1027 832
365 836
639 840
707 836
899 834
1641 840
592 839
762 843
1041 845
1244 851
923 854
769 859
609 861
1135 863
1189 861
767 867
983 866
1688 879
705 872
1066 880
773 895
138 892
1264 908
985 895
1042 897
1108 902
1550 922
1017 912
412 909
525 914
870 910
1087 922
473 929
846 1010
741 933
882 934
300 940
783 940
859 939
1346 955
860 946
1538 946
772 958
1497 966
1429 966
1127 956
294 960
835 963
1140 963
400 975
469 979
1197 978
1366 1001
1226 1008
1184 1008
359 1014
422 1013
1088 1017
1071 1018
1327 1036
1514 1033
1231 1036
1094 1038
1378 1058
1536 1056
524 1060
334 1062
1161 1060
633 1065
1002 1070
1288 1096
415 1097
898 1102
1189 1106
713 1114
1008 1114
943 1118
1682 1117
240 1126
1682 1129
1123 1135
1334 1130
154 1137
1546 1148
934 1145
1331 1147
1133 1148
823 1155
945 1150
982 1162
1027 1165
769 1168
1765 1170
569 1173
1264 1173
498 1174
1180 1176
1518 1176
1197 1180
835 1184
1147 1182
705 1189
1166 1194
1202 1200
1523 1199
914 1206
1222 1207
