924 620
78 13
231 4
319 2
561 27
709 67
768 2
822 6
842 0
985 6
1018 6
1070 20
1170 40
1222 5
1258 110
1317 6
1390 0
1454 0
1500 4
1664 5
740 11
269 18
663 19
926 13
1577 22
870 17
1349 28
422 40
801 24
1135 34
1425 19
1540 29
1480 75
1784 37
140 57
614 36
765 32
953 35
219 73
835 40
935 77
978 45
1006 41
863 44
1201 43
488 50
1592 48
1338 47
242 54
810 52
1337 52
1515 59
1652 62
1053 63
1437 68
755 67
1112 62
824 68
873 74
988 68
1407 83
1333 69
1362 86
1195 68
556 79
1212 80
998 78
347 89
475 83
797 79
1178 79
1332 77
849 84
1040 87
1578 92
92 91
1008 88
1678 110
1807 88
609 108
909 95
974 96
1069 94
890 94
195 105
1640 112
1782 114
1835 104
1033 127
286 123
664 118
699 114
483 122
777 125
971 127
339 139
892 119
934 142
747 128
1064 139
999 137
1535 134
1591 158
447 139
838 135
1420 149
151 139
720 142
375 144
1719 152
108 162
206 158
1099 155
1621 148
1681 159
661 157
741 148
611 161
848 157
890 156
780 164
1050 160
980 162
1025 162
964 166
176 175
1012 167
1506 174
501 177
833 172
1072 172
535 179
682 177
797 177
1112 179
1619 178
1041 195
1476 194
248 184
290 196
759 181
957 183
976 188
1303 199
604 193
1239 200
732 191
1188 212
1757 200
87 224
196 198
561 195
876 207
1129 197
1703 213
684 195
856 197
1323 198
687 196
962 201
989 202
643 210
1556 211
439 213
900 208
1001 206
1630 222
126 228
794 211
831 221
1118 212
1025 213
777 214
1075 219
221 218
748 224
1150 220
1407 221
526 233
994 221
176 232
674 231
771 224
899 227
374 241
1366 226
1538 231
1006 227
1023 230
1111 227
1311 235
1098 233
1251 239
976 235
1443 239
1663 243
868 237
602 235
439 247
1131 236
724 257
916 241
1128 238
948 243
1039 243
849 250
1022 272
1210 246
1392 253
1214 252
512 259
748 258
894 261
1119 251
1482 255
1309 258
951 269
969 260
1123 254
1627 266
1159 258
1536 266
1046 262
1085 268
778 273
797 268
597 267
1224 269
823 273
996 270
342 278
638 277
1438 289
584 279
1146 284
736 284
1065 303
1340 283
1583 298
790 286
935 289
991 289
699 296
970 292
800 299
1276 297
505 312
613 313
859 299
899 299
580 299
875 300
958 306
841 312
540 307
898 320
1295 310
1551 317
994 310
450 315
479 319
1041 316
96 322
984 321
680 323
1093 320
937 331
581 349
1623 335
977 329
74 332
346 338
663 345
1000 361
791 342
738 341
1033 343
1461 351
114 359
1353 342
1162 348
1786 343
162 350
216 359
719 349
1525 371
865 353
1277 363
967 356
1111 358
1687 362
742 369
712 362
1410 365
613 364
822 361
1340 361
261 367
812 366
842 411
920 367
1364 370
75 383
1013 409
378 378
1653 381
770 372
819 375
937 380
974 382
293 385
525 382
795 376
1336 381
959 381
1081 388
1310 383
444 390
710 396
906 382
1476 386
0 392
671 387
1130 390
1295 387
1382 404
228 400
903 392
160 399
1060 426
915 398
794 396
943 401
106 405
415 408
612 408
774 400
971 401
1689 412
370 407
1221 402
1603 412
193 406
770 427
440 408
458 414
666 411
1032 413
1110 415
950 413
930 421
1 420
445 426
588 430
636 421
964 432
1357 434
545 444
640 425
1193 429
247 434
1093 434
1165 434
642 429
805 429
978 429
69 445
220 431
272 438
730 435
1273 431
346 448
1037 439
1432 441
108 439
703 438
1630 442
808 439
295 453
229 449
801 443
869 448
954 444
328 455
886 447
1515 464
753 449
888 451
1326 463
759 452
961 476
1486 459
983 457
765 456
1038 466
772 467
1399 472
1433 464
90 469
504 468
847 460
434 468
693 468
794 462
863 486
479 464
792 464
804 465
893 466
991 464
1018 467
1662 466
481 466
816 479
1114 471
668 472
1004 477
363 472
987 475
785 487
1028 479
1105 479
711 485
1489 489
342 485
974 486
1297 487
942 487
1061 491
1566 496
564 494
753 497
907 489
140 497
456 502
504 501
729 493
845 493
927 493
1143 493
1596 494
971 493
1079 493
1213 495
592 503
819 503
1017 496
716 498
949 500
1029 501
710 500
893 502
1296 501
998 507
1066 506
1186 502
124 509
690 509
483 506
954 512
1198 517
1266 507
979 510
303 515
1078 516
887 517
1394 524
534 523
582 520
810 519
853 519
909 519
286 524
721 523
830 521
561 525
803 527
981 558
1295 530
1326 528
739 529
1133 527
45 543
243 536
867 535
829 537
1007 533
1059 534
1467 538
851 537
946 557
1620 543
617 546
904 540
485 553
878 544
1549 544
468 543
796 544
555 550
681 544
683 545
744 547
423 547
767 548
1285 549
1039 551
1243 550
1260 569
1346 554
665 564
775 554
1167 552
1398 562
1473 557
758 556
811 557
896 585
962 557
711 573
999 558
433 563
1118 559
585 563
765 565
1297 562
1520 568
1599 563
798 566
1010 570
174 566
347 575
597 571
420 572
779 576
1354 581
822 576
550 592
1032 578
598 578
836 579
1329 582
842 581
1040 584
177 588
499 592
599 586
654 587
883 586
1766 586
641 591
805 595
1467 593
38 590
483 595
981 591
996 593
588 597
765 598
1156 594
1344 597
989 600
1106 600
1564 603
1428 606
132 606
882 603
1303 610
594 604
867 606
1001 631
1142 604
886 607
970 608
795 611
621 610
697 619
923 613
1348 611
579 617
1047 613
1281 613
666 615
863 615
950 616
1545 618
545 621
875 620
1372 618
410 621
489 624
606 621
1077 629
776 624
918 624
1142 637
978 625
1462 635
586 626
634 629
859 636
884 626
942 629
611 629
1385 634
238 633
270 642
1049 632
334 636
839 635
898 633
930 634
1322 638
797 638
1163 635
549 643
1233 636
648 638
978 657
1105 640
1760 641
211 649
817 646
894 643
161 650
947 646
685 655
1521 652
1561 652
1702 647
1780 647
716 650
1216 648
1284 662
388 655
869 652
952 651
509 656
667 653
831 656
938 659
1014 655
1025 656
1658 656
649 657
706 659
1042 664
789 659
891 659
910 662
957 660
1467 661
1654 659
602 665
805 663
881 661
1010 664
858 664
1196 677
1664 666
1019 670
911 681
957 700
1654 670
822 673
763 675
811 676
838 675
1471 679
609 677
1075 682
1555 678
191 686
1655 680
236 688
486 687
677 682
1004 682
1527 687
851 686
1590 690
814 688
932 689
980 688
505 689
729 701
793 690
1330 690
1629 688
137 700
518 696
1079 690
46 692
1130 693
1179 693
1544 697
1617 693
1 703
467 717
1018 695
282 696
1264 696
356 699
826 699
927 700
1460 699
1301 702
415 703
449 707
901 711
1367 705
1660 702
581 709
937 704
1096 707
503 709
816 708
1410 711
357 711
762 712
1745 711
282 713
838 715
891 716
1103 714
1273 713
1814 713
520 714
872 904
1188 718
1386 719
1519 720
7 717
536 726
853 717
1008 717
333 720
665 719
1255 719
1327 723
1350 721
697 724
1020 727
1826 722
223 724
788 728
868 727
1166 726
363 732
853 746
1574 729
69 731
400 735
1025 731
1090 730
1540 730
1087 732
484 735
752 737
943 735
1279 735
683 736
706 738
1006 736
736 753
1077 738
1546 738
1673 745
142 742
191 748
236 743
642 741
917 781
1003 741
341 747
764 743
962 748
1123 743
1354 747
1445 751
466 747
536 748
793 747
814 746
573 749
778 747
1024 747
1539 750
8 757
449 755
694 761
904 753
1005 751
1306 756
1277 753
1726 752
882 758
1042 756
1200 762
869 759
1018 760
279 762
581 760
602 761
707 760
1258 763
1360 775
1572 768
490 764
786 775
892 766
950 767
1158 782
1653 767
679 776
739 768
843 771
876 769
1020 769
1403 773
502 773
297 773
769 775
1120 774
2 776
610 784
1312 778
64 792
176 781
1061 783
1250 780
142 792
639 782
878 784
1092 787
484 786
854 785
867 785
1408 786
550 791
707 787
1492 793
297 790
808 791
567 790
713 792
847 794
520 799
638 798
771 804
1813 794
208 805
337 800
953 797
1252 797
1294 800
88 798
663 800
828 801
1273 798
1554 805
1571 798
607 801
694 818
720 802
794 804
858 802
930 802
963 804
600 808
292 806
329 809
849 817
1236 809
1256 807
1383 809
1526 806
764 820
813 809
1084 809
1314 818
803 816
1181 811
1781 810
969 814
1244 814
1508 818
381 815
481 814
947 824
1489 815
571 826
1545 821
1293 831
1421 822
1816 819
9 827
181 839
538 824
1347 830
1626 823
350 829
470 829
904 824
1652 825
924 842
504 831
1092 831
1552 829
527 833
809 836
1268 830
1641 830
1660 831
273 836
735 845
782 836
758 837
228 836
1376 837
1835 840
858 848
877 838
1243 839
1255 848
895 847
1370 842
1704 841
761 842
1137 844
302 845
833 848
120 847
460 847
618 846
1658 852
767 862
790 850
1070 849
1532 851
1693 849
289 855
452 850
470 851
1222 850
1317 853
1474 850
423 855
713 859
372 856
409 855
545 861
785 856
1739 854
349 857
526 856
817 858
1307 860
1429 857
1504 860
1524 861
1775 859
18 865
1423 865
1568 863
850 872
905 870
1107 865
1381 867
1496 865
322 867
394 867
1068 868
1439 866
1699 866
1823 866
0 868
1540 872
1325 871
241 873
380 873
1041 872
1360 876
1744 872
329 876
777 875
811 878
1158 874
1307 885
1468 878
231 876
585 878
752 876
1053 877
99 878
399 878
534 883
1097 882
1123 880
1675 881
506 883
882 883
1386 886
1550 882
515 886
1351 892
49 889
317 888
469 891
1081 890
1217 894
1476 894
1591 888
160 893
779 893
850 893
28 894
431 898
803 896
1066 896
573 898
1314 898
1647 902
1685 896
330 900
370 901
502 904
1196 898
1422 898
1584 903
1714 898
172 906
545 901
769 901
1042 902
1384 903
352 905
402 903
599 903
1320 904
1762 903
396 905
877 905
287 910
485 906
889 906
1144 906
1398 911
1566 906
1724 906
459 913
577 916
888 908
1068 909
1370 908
1627 909
797 910
1271 914
1613 915
1695 910
483 912
793 912
1289 915
20 914
40 915
883 916
1187 914
271 918
318 916
334 916
517 924
820 916
945 916
1257 917
1559 916
1838 916
1300 925
92 921
211 927
423 920
906 925
1192 921
1407 920
1487 920
323 923
365 923
1139 934
1210 924
487 928
1520 930
1630 925
1723 924
418 929
538 936
1012 927
1233 927
1272 927
1433 928
1721 927
268 936
452 929
1216 929
1624 928
354 932
612 930
197 932
241 933
1317 933
1479 935
1641 932
472 935
495 935
441 937
558 937
1017 936
1284 944
647 939
1189 942
426 941
569 945
1020 941
1120 941
1755 940
19 943
1053 945
28 945
226 958
323 944
614 947
139 949
596 946
1368 946
369 948
1441 949
272 950
519 952
670 951
720 950
1234 950
1246 950
1541 951
1545 950
176 963
541 958
1562 955
267 956
731 957
745 958
1476 961
444 959
623 958
715 961
1227 962
1297 964
1433 962
261 961
344 961
347 960
375 963
384 960
757 960
1645 960
415 963
620 963
666 963
518 965
638 967
737 970
1052 964
1073 968
1261 964
1512 971
150 967
693 968
1428 967
477 969
1134 969
1195 969
1284 971
1363 969
1546 970
1788 968
321 974
571 973
1012 971
1027 972
1330 973
1443 971
1671 971
1718 971
339 973
379 984
491 973
1232 972
1306 975
1348 973
1364 972
1674 972
296 980
598 984
1196 975
1691 975
498 983
551 977
620 979
749 978
771 977
1008 976
1477 976
462 988
544 983
1158 983
1792 978
698 981
984 981
201 993
365 982
1438 984
1494 983
1185 984
1458 985
1487 984
1532 996
276 987
817 988
982 988
1053 986
1096 988
1115 994
1258 988
355 988
406 988
561 988
689 989
1322 992
1366 989
311 991
485 993
550 992
708 994
1187 991
1346 993
1405 991
520 992
1044 994
1058 992
1282 992
1657 993
132 994
242 994
507 995
637 994
1167 995
1223 994
1302 997
1482 998
285 996
350 999
406 1000
1079 997
1437 999
1668 998
270 999
540 1003
654 1006
730 999
795 1002
1041 999
1140 998
1425 999
1500 1000
374 1001
765 1000
997 1000
1007 1000
1162 1001
1248 1002
2 1009
462 1013
598 1006
670 1003
720 1004
276 1005
395 1026
489 1006
684 1005
868 1005
1016 1010
1371 1005
1382 1004
1664 1004
1703 1005
112 1012
562 1007
992 1006
1472 1006
1569 1006
1052 1009
1600 1008
283 1011
287 1010
850 1010
864 1010
991 1010
1160 1010
1321 1015
1716 1010
1718 1012
1756 1011
216 1023
499 1017
616 1013
809 1014
1202 1018
149 1014
476 1014
558 1015
561 1014
580 1015
887 1015
1090 1014
1339 1025
1468 1020
1493 1015
263 1019
330 1018
383 1017
423 1017
609 1016
974 1016
1374 1019
1608 1016
409 1019
524 1034
708 1019
1035 1019
1303 1018
1432 1019
1805 1020
449 1024
623 1020
996 1021
1114 1022
1149 1021
356 1028
417 1025
739 1024
764 1023
828 1024
1178 1022
1416 1023
561 1024
1063 1025
1275 1027
1529 1024
1544 1027
1827 1024
319 1026
346 1026
584 1026
977 1029
1032 1028
1488 1029
1633 1026
277 1028
329 1028
615 1028
918 1028
1604 1028
0 1031
85 1031
109 1030
155 1039
301 1034
592 1030
719 1033
750 1030
1535 1032
1647 1033
1662 1030
1810 1031
263 1045
612 1032
732 1033
1667 1032
1205 1038
1292 1037
1615 1036
203 1041
319 1036
324 1037
566 1037
1157 1036
1174 1036
365 1038
585 1043
623 1039
798 1039
1164 1039
100 1041
331 1042
549 1042
643 1041
683 1040
1042 1041
1154 1041
1255 1044
1476 1040
443 1042
480 1045
600 1042
612 1043
622 1042
1313 1045
1433 1051
1464 1046
21 1046
350 1045
462 1045
614 1045
673 1044
734 1046
759 1046
881 1045
1418 1047
79 1062
363 1054
564 1046
971 1066
1033 1047
1196 1046
1228 1046
1355 1048
1567 1047
304 1048
693 1050
783 1050
1365 1056
1704 1049
287 1057
541 1061
824 1057
841 1050
869 1052
939 1052
1742 1052
28 1053
63 1053
215 1054
309 1052
838 1053
1309 1053
1572 1053
103 1055
406 1054
428 1055
893 1058
40 1057
465 1062
570 1059
763 1056
1623 1056
112 1061
143 1058
349 1058
396 1060
507 1060
604 1059
806 1058
1018 1059
1047 1060
1398 1060
149 1069
481 1061
653 1063
670 1060
721 1061
754 1060
1171 1062
1183 1061
1444 1061
1495 1060
302 1071
411 1063
588 1065
946 1063
1075 1069
1286 1063
1339 1066
1381 1063
1519 1062
181 1064
249 1066
1223 1064
1415 1065
370 1067
416 1067
426 1066
804 1066
869 1066
1191 1074
1442 1066
1459 1067
404 1069
497 1069
719 1069
734 1071
783 1071
185 1070
314 1071
363 1071
1098 1076
1243 1072
1264 1070
384 1072
433 1072
524 1079
1268 1072
1359 1073
123 1074
345 1075
489 1081
1259 1083
1350 1080
1571 1075
1603 1078
1718 1074
375 1077
428 1077
670 1087
895 1078
954 1076
1065 1077
1237 1090
1445 1078
1471 1077
1532 1077
1767 1077
112 1079
278 1078
602 1079
655 1080
959 1078
1151 1080
1422 1085
446 1081
558 1092
608 1080
929 1098
1006 1085
1173 1084
1371 1086
49 1082
229 1083
711 1087
763 1084
803 1082
1277 1084
1318 1099
108 1084
254 1086
464 1084
819 1085
1450 1084
1453 1085
77 1086
431 1088
1218 1087
1396 1090
1475 1089
307 1092
361 1093
380 1090
533 1088
732 1089
775 1088
832 1090
1066 1092
1586 1089
68 1094
99 1097
196 1091
278 1090
415 1091
806 1090
861 1092
974 1093
1131 1090
1495 1095
595 1095
740 1093
1418 1092
228 1096
290 1094
461 1097
825 1094
377 1097
401 1096
816 1098
1217 1097
216 1098
512 1112
534 1101
616 1100
786 1098
1140 1099
1390 1098
1415 1099
1288 1103
1405 1100
1588 1100
1660 1102
1810 1101
324 1103
452 1104
781 1108
893 1105
1432 1105
74 1110
160 1107
395 1105
420 1104
568 1129
708 1107
811 1105
1135 1104
1384 1107
1451 1104
1614 1104
1834 1105
41 1107
441 1116
1012 1107
1692 1106
1837 1106
403 1108
614 1108
852 1111
1229 1109
1492 1108
0 1111
88 1111
190 1110
277 1114
301 1111
465 1111
478 1110
821 1111
988 1112
1109 1110
1266 1111
91 1113
128 1112
143 1113
187 1112
732 1112
825 1113
900 1113
945 1119
966 1115
1208 1114
1456 1112
1469 1113
1595 1112
175 1115
207 1115
725 1121
902 1114
914 1119
926 1115
1262 1115
1398 1117
1472 1115
1502 1115
98 1122
340 1117
425 1118
497 1118
755 1117
795 1117
1091 1116
1113 1117
1162 1117
122 1119
139 1118
232 1119
260 1121
293 1119
395 1121
604 1119
1177 1118
1197 1118
1579 1118
355 1121
415 1120
629 1124
787 1120
1183 1121
155 1122
305 1125
762 1123
805 1124
1048 1125
1253 1124
1258 1122
1300 1122
1703 1123
1838 1123
487 1127
1009 1127
1096 1125
1360 1127
40 1128
65 1126
143 1128
213 1126
325 1129
372 1128
391 1127
674 1126
612 1128
623 1130
1051 1129
1069 1129
1201 1135
1337 1129
1504 1130
189 1133
530 1130
596 1132
777 1133
1296 1132
1672 1131
228 1132
344 1139
463 1138
539 1136
996 1133
1160 1133
1464 1133
279 1138
590 1143
603 1136
818 1134
1094 1134
1187 1134
1338 1135
1525 1136
109 1137
251 1141
376 1139
1223 1143
1562 1143
1621 1138
217 1139
390 1147
405 1140
631 1144
908 1138
955 1139
1019 1138
1401 1141
1428 1143
1725 1141
168 1142
362 1141
423 1140
768 1142
1211 1141
1382 1140
432 1142
496 1142
739 1144
882 1145
1273 1144
1311 1150
1352 1143
1249 1147
1261 1146
1669 1145
219 1146
513 1146
646 1147
668 1146
990 1147
1130 1158
1715 1150
548 1149
770 1149
1364 1151
1586 1149
1673 1149
21 1150
210 1157
221 1150
356 1157
411 1152
748 1151
1078 1151
1256 1151
1409 1155
1574 1150
264 1152
469 1154
806 1152
1551 1152
638 1154
789 1154
820 1157
920 1154
981 1154
1293 1155
74 1157
235 1157
535 1158
583 1159
616 1158
658 1157
784 1156
960 1156
1003 1159
1561 1156
1656 1158
38 1158
281 1158
440 1158
485 1159
697 1160
733 1158
942 1158
1439 1159
1457 1160
98 1164
169 1169
491 1161
550 1160
596 1165
1097 1160
80 1163
259 1172
415 1163
748 1162
922 1163
1035 1162
1113 1163
1221 1164
1339 1163
1394 1168
1514 1163
1548 1162
347 1167
377 1178
454 1169
749 1165
796 1164
933 1165
1089 1164
416 1167
508 1167
527 1168
578 1167
624 1168
652 1174
807 1167
1053 1167
1172 1166
1233 1175
1618 1166
317 1168
432 1169
727 1170
1200 1169
1376 1168
1622 1169
19 1170
542 1176
1004 1170
1034 1171
1289 1173
1445 1172
1759 1171
482 1179
631 1174
925 1175
12 1175
24 1176
121 1175
744 1174
768 1175
1037 1174
1131 1180
1643 1180
418 1178
507 1180
714 1178
898 1177
1092 1177
1181 1177
1405 1178
1706 1180
357 1178
461 1179
6 1181
152 1180
353 1186
410 1186
628 1181
782 1181
855 1180
1756 1182
157 1189
233 1183
678 1182
1086 1183
1147 1183
1247 1183
1391 1182
1478 1190
1522 1183
1723 1182
312 1189
541 1196
581 1187
1036 1185
1400 1185
1601 1185
1761 1185
33 1187
331 1187
740 1187
897 1189
1040 1187
1269 1188
1554 1186
1695 1186
1809 1187
192 1189
254 1188
487 1188
614 1189
1194 1189
270 1191
448 1193
604 1191
800 1190
826 1191
951 1190
1009 1190
1149 1191
1175 1190
1211 1190
1313 1192
1373 1190
635 1193
711 1192
725 1194
831 1194
866 1194
969 1198
1105 1192
233 1202
366 1196
753 1199
1395 1194
1529 1195
1686 1195
97 1199
125 1197
289 1198
455 1197
494 1201
631 1196
793 1197
933 1198
1136 1197
1210 1197
1243 1197
1438 1196
1561 1196
78 1201
434 1200
518 1200
1004 1201
1116 1198
1195 1198
1372 1198
1524 1210
141 1201
285 1201
462 1201
614 1200
697 1202
1323 1202
1546 1201
179 1210
262 1204
508 1208
641 1202
653 1203
846 1203
1076 1202
1220 1205
1344 1203
1453 1208
282 1209
407 1205
483 1204
580 1204
800 1205
916 1207
1235 1204
1264 1209
1269 1204
1370 1204
1579 1205
337 1207
408 1208
1036 1206
1582 1207
1837 1207
71 1209
670 1210
798 1213
1141 1209
156 1210
159 1211
422 1210
1042 1211
1153 1210
1661 1211
1718 1213
315 1213
1019 1212
220 1214
279 1215
365 1223
615 1214
652 1215
1111 1217
1373 1214
1396 1217
808 1216
1312 1217
1375 1217
258 1222
400 1224
527 1220
1160 1219
1200 1219
1536 1220
1669 1218
132 1221
464 1224
510 1225
624 1221
1057 1224
1177 1224
1281 1224
1469 1220
82 1225
130 1222
443 1225
485 1225
591 1222
634 1224
735 1222
959 1224
1166 1225
1248 1225
42 1226
143 1225
294 1226
308 1226
586 1225
732 1225
788 1226
941 1226
1344 1226
1653 1225
125 1226
415 1227
1132 1226
1642 1226
