907 622
131 2
202 13
564 11
626 6
710 3
950 28
1030 84
1680 5
1793 10
1027 9
871 14
87 29
1108 13
1181 17
1273 23
1197 21
993 29
172 34
1238 29
1312 32
736 35
611 42
1134 37
1707 59
1817 39
1201 53
1165 53
1009 46
537 69
871 53
7 66
799 64
1807 62
848 90
120 66
325 66
571 63
163 67
908 65
1286 66
241 78
1115 82
668 89
404 98
1150 95
957 96
1762 85
1475 94
1093 89
1723 122
1060 94
1647 100
1073 99
132 103
649 107
1787 107
820 106
1207 107
615 139
796 110
517 128
1233 115
1363 128
1187 122
1124 118
1602 117
816 135
1275 124
1582 120
363 133
770 125
1060 127
24 129
153 157
212 135
1153 139
871 150
114 138
746 141
1084 141
335 147
653 151
723 145
435 146
1245 147
1797 206
845 155
1170 168
198 165
275 163
1687 159
1057 167
1216 173
1576 166
1634 165
532 173
761 181
1099 174
1150 176
687 178
124 181
1069 181
1420 178
1749 179
450 198
862 209
1124 182
608 200
940 195
645 192
961 270
42 193
699 198
1727 191
1581 199
569 220
732 205
1124 197
829 199
1610 198
1484 201
1273 205
1649 206
1199 213
1614 211
1168 213
1621 212
1707 212
84 218
1556 221
1622 215
1590 217
1406 260
137 225
931 224
534 228
1173 226
1226 224
1622 227
105 248
608 236
942 232
1693 231
518 233
629 235
1508 232
1642 232
770 238
1476 237
1542 236
1677 236
1133 241
226 245
811 243
1154 242
301 249
791 245
855 251
1159 248
1501 250
1537 253
798 248
1618 252
799 251
1009 252
1041 256
1636 252
172 254
1438 255
69 259
782 259
1507 256
1754 256
1758 257
651 265
1176 261
1629 261
411 279
1514 263
1693 263
270 274
538 284
1465 264
1609 264
1593 266
1020 271
484 290
1078 279
1137 274
766 273
854 279
1460 273
1547 278
1614 272
789 285
1472 274
344 278
1051 278
1207 280
1663 279
1093 283
1513 280
1537 286
708 289
1027 291
1647 283
1665 283
1737 282
265 288
1458 284
1502 285
1590 285
1464 287
1366 288
1524 289
1576 288
1749 288
874 300
1507 290
1519 295
1607 296
1655 290
770 296
1571 292
1671 346
1752 293
220 296
1556 294
1639 294
1659 296
1669 298
694 308
1581 301
1656 303
1755 320
1509 328
125 311
181 312
1207 311
1648 309
755 319
1097 312
1732 314
581 314
1153 318
1801 313
107 322
623 318
1417 314
1580 315
1033 318
1104 318
524 332
1125 319
1647 319
599 326
1222 320
1588 321
1790 321
1577 323
1780 323
826 329
866 336
1053 325
1558 325
1163 337
677 361
808 332
1566 328
1183 335
1444 332
1774 332
406 349
563 338
87 340
718 337
1089 340
1838 340
1808 341
111 347
1455 342
1604 342
1619 342
1245 345
1278 345
1422 344
1618 345
1782 345
1818 345
1769 346
1047 349
1555 348
470 370
723 350
756 355
1808 354
802 355
832 366
1588 354
148 357
1159 354
1222 357
1260 354
1254 357
1575 357
1774 356
125 358
1502 359
600 363
1186 361
1302 377
1521 374
1097 363
1794 362
1820 362
522 365
632 370
877 393
1492 367
1012 369
1499 369
1007 380
1044 409
1105 375
71 379
789 386
1359 399
1492 378
1557 392
1616 379
695 385
706 404
921 399
936 389
1503 395
597 396
1170 392
535 399
1833 420
747 398
1477 400
1138 400
1120 403
1210 438
1265 401
152 406
957 404
937 405
408 409
1128 409
1188 408
1449 408
465 414
966 414
1094 413
354 416
775 427
1589 428
1003 419
341 427
836 424
1109 425
673 429
1095 426
1151 426
516 440
1082 430
1418 430
717 433
972 433
1292 433
1363 432
268 434
1166 434
1364 434
546 438
565 437
1144 438
1271 437
257 438
627 439
821 440
240 442
398 451
629 443
949 444
1001 442
1113 444
1269 446
495 455
588 459
832 447
1127 447
1251 444
1244 447
1748 449
164 454
625 458
59 455
683 455
945 457
1170 455
439 463
275 470
799 460
1033 461
1103 465
1152 459
109 472
1058 464
555 479
765 472
1045 468
639 470
1293 469
38 473
982 487
1280 470
1008 472
1383 472
1562 473
497 491
1040 476
1068 477
1292 475
1459 484
680 477
727 478
746 477
1125 481
1046 482
1150 484
622 487
1179 485
726 494
945 488
1320 486
361 488
590 497
779 491
310 501
1011 493
1238 513
786 495
900 497
1295 498
1357 496
794 504
936 513
1088 499
64 509
951 500
1307 502
1437 507
712 506
1035 512
1141 508
1181 506
1480 507
1615 545
88 514
1164 508
275 511
1102 512
461 516
739 523
1169 513
1506 512
1336 514
397 525
1050 518
1082 517
1211 516
434 523
628 518
1120 529
580 523
715 527
1148 520
1296 521
1341 521
542 522
991 525
965 531
1774 529
783 529
1021 527
4 535
677 531
1035 529
997 531
1054 531
1287 530
196 536
791 534
947 533
1069 533
619 571
110 536
753 537
563 538
1013 540
1151 539
1723 561
115 540
232 541
323 540
456 562
545 544
565 541
828 540
1288 540
913 543
1048 543
64 547
1211 545
694 552
1094 546
1272 547
378 554
522 548
1080 548
1295 567
1454 560
326 552
647 550
920 552
995 552
1091 552
1156 550
1276 554
1358 551
1115 552
1533 555
839 560
908 556
1177 557
868 559
1182 558
1196 562
1671 576
194 560
562 560
591 561
762 561
161 564
723 565
911 564
976 570
999 565
384 567
736 566
1069 568
686 579
796 569
809 569
852 568
1019 569
1252 569
139 576
832 571
1097 570
66 573
1124 574
1155 572
306 574
746 575
835 574
1100 575
269 577
922 577
994 577
382 578
810 579
909 579
44 582
74 580
189 581
900 581
1153 584
121 587
199 583
786 583
1023 584
1260 583
1426 583
754 584
933 595
983 585
1253 584
42 586
184 587
1095 586
1279 587
269 590
1139 588
503 591
798 590
907 591
20 593
984 593
998 594
1063 592
1224 592
109 594
373 594
575 596
663 597
707 598
844 596
895 597
1040 599
1055 595
1074 601
1142 596
1162 596
608 601
946 602
987 606
1144 598
1397 598
70 601
181 604
531 604
546 605
883 607
1110 604
348 615
958 608
1155 606
1196 607
7 608
192 609
775 610
834 611
1106 611
565 614
868 616
889 612
980 615
676 614
761 615
925 616
1120 614
157 617
770 618
1696 616
465 644
1031 619
178 621
519 621
784 627
861 624
1023 622
1162 620
1296 622
384 628
406 625
1463 625
155 628
501 637
806 627
880 626
845 632
984 629
1206 629
1327 628
866 630
894 632
1058 632
1375 641
293 633
716 632
1345 633
1409 635
188 634
672 634
689 639
734 635
1154 635
1825 635
120 639
199 636
211 637
704 638
841 642
878 638
930 658
1821 636
181 638
1104 639
1249 640
105 647
377 641
565 641
757 641
884 643
961 641
1109 641
1453 641
167 643
625 643
1057 644
1338 642
1613 657
1836 643
163 644
722 661
899 649
1126 644
1191 644
1137 650
1020 649
1318 648
2 653
227 654
627 676
53 654
139 657
858 654
1173 652
1343 652
191 654
349 654
1289 655
1435 654
805 657
1484 657
540 662
1039 659
1401 675
527 661
827 661
982 661
1180 660
20 663
93 662
184 663
957 663
1005 663
1095 663
1119 662
1239 663
744 665
897 668
1058 665
1227 665
1278 665
146 666
794 668
1084 667
1175 666
761 669
1222 668
1498 670
155 670
854 670
1457 675
206 674
771 672
162 674
512 688
871 676
1096 674
166 677
297 678
850 678
956 680
1200 677
690 678
1132 679
1141 678
1237 678
1253 680
552 682
1658 681
1752 681
0 683
1012 683
1054 685
1186 682
347 684
834 686
1703 684
250 688
783 688
899 694
81 689
439 690
533 690
694 690
965 689
1026 688
1059 689
1166 689
194 691
764 691
988 691
1086 691
1122 690
1234 691
236 694
1694 692
1709 694
649 701
1249 695
15 696
984 697
1097 697
943 699
1347 710
742 702
1133 700
302 703
478 712
1094 702
1219 703
698 706
949 709
1161 704
1195 704
609 707
720 712
936 708
1076 706
23 708
331 713
366 710
557 719
779 711
842 723
934 711
1322 710
123 713
621 713
1020 714
1159 712
36 714
261 714
1180 714
1194 715
1221 714
1275 715
1490 714
1231 717
286 719
408 726
635 723
989 718
53 721
202 721
217 720
899 721
951 723
1175 723
250 728
1129 725
1509 736
875 726
867 859
1077 726
1198 726
663 739
700 728
992 728
356 731
583 734
725 730
897 730
1354 730
95 736
1008 735
1062 735
1417 734
57 738
904 737
517 738
809 738
880 751
1159 751
1235 739
498 740
699 741
1114 741
107 745
295 742
934 751
1592 766
1080 747
1104 747
1336 747
805 748
916 750
973 749
1061 748
1099 748
1191 749
34 750
140 752
743 751
1055 751
1262 750
685 752
781 754
1298 753
196 754
859 754
645 757
1303 756
1411 756
518 761
560 759
1085 759
1254 759
613 760
1001 760
1128 761
178 771
254 764
1185 763
1347 775
1514 775
154 767
904 765
1089 765
1208 765
287 767
412 779
482 767
627 770
1175 767
821 769
863 769
955 768
1072 768
1092 768
1258 768
97 773
592 775
668 771
785 783
1006 773
1792 798
219 777
950 780
1186 794
1109 776
537 781
674 778
846 779
1220 778
1251 780
972 786
1141 782
281 785
578 785
917 784
1165 785
1260 785
1636 784
278 786
1084 787
1132 787
1142 787
1169 786
320 790
447 795
649 790
1244 788
47 791
203 791
556 799
993 790
1113 791
1117 792
1123 793
1213 796
1318 793
1710 792
1288 796
1662 795
236 796
421 803
1006 797
1425 798
106 801
378 800
965 799
1248 799
578 801
871 815
321 809
838 813
896 802
628 810
956 806
1444 805
1488 805
937 806
1113 808
1135 806
1563 821
532 809
1288 810
176 811
393 810
467 811
127 814
579 818
205 819
1102 816
468 819
521 818
1390 818
1723 818
501 821
909 823
1114 822
1264 826
293 822
653 827
999 822
1147 822
1154 823
1198 823
1715 822
363 824
928 824
1305 826
1246 833
1355 829
170 831
965 830
1226 830
458 840
515 835
916 834
981 833
564 835
577 835
1153 849
1273 835
1665 834
403 836
572 836
632 836
813 836
1112 836
89 842
935 838
1698 839
193 840
698 841
923 841
59 842
244 844
1391 851
1702 842
53 845
390 846
490 845
956 846
1367 847
102 849
145 850
286 849
911 850
1298 849
1336 868
890 851
898 850
1366 852
445 853
651 857
669 852
1108 852
175 855
359 862
595 856
857 855
1772 855
285 856
386 856
494 857
1228 856
1357 857
167 859
509 858
1124 858
1464 859
850 861
920 860
1106 861
11 862
685 864
888 866
914 864
926 864
515 868
1177 867
559 874
1234 868
428 871
485 871
596 877
630 870
912 871
1162 870
1292 871
418 874
475 878
503 873
703 873
1111 873
548 874
1113 874
1217 877
130 879
311 876
1168 879
186 881
1146 881
1192 884
1529 905
19 900
446 888
265 890
673 894
1063 890
1669 890
433 894
1064 893
1078 894
1701 911
400 896
177 899
343 908
416 899
518 898
563 899
610 899
1123 898
360 901
440 901
1332 900
1801 955
494 905
612 903
634 903
1178 904
445 908
639 907
1003 906
1282 907
469 909
977 908
513 913
552 910
666 910
732 911
1163 910
92 913
408 918
702 917
1159 912
1395 916
480 915
592 917
250 916
1236 916
1265 917
1656 931
286 919
1086 930
228 922
283 920
942 921
1175 920
1314 928
1012 923
173 925
588 924
1193 925
159 926
437 935
686 940
584 935
1205 928
1364 929
1 932
327 932
533 933
982 933
1276 932
1443 933
116 943
918 935
317 938
469 937
655 936
1198 942
1416 937
536 939
557 942
906 940
1380 939
5 941
478 941
599 943
737 940
301 943
492 943
510 946
572 945
635 946
713 944
1253 944
1555 944
459 946
482 947
718 947
909 947
1477 947
376 955
849 950
894 951
1136 951
1387 951
1691 951
299 954
432 953
899 953
1567 952
337 955
419 962
603 956
1218 955
650 959
672 959
1109 959
1322 959
1397 959
348 961
613 966
1187 962
1257 963
1538 961
313 964
104 965
266 965
927 965
1078 964
1531 965
226 967
289 967
1250 967
1562 968
644 969
866 968
905 969
1155 969
1596 983
724 971
384 977
491 974
564 975
1346 972
135 976
307 974
1184 976
1674 974
670 981
691 978
460 987
713 980
731 981
908 981
958 981
293 983
684 988
900 983
1217 1007
266 986
322 991
978 991
543 988
715 989
1274 988
1393 988
261 992
294 994
528 992
796 992
215 995
732 999
880 994
307 999
571 998
151 999
438 998
859 999
1124 999
27 1000
709 1000
1532 1000
149 1002
420 1009
459 1006
493 1003
822 1003
1450 1002
132 1007
907 1004
1549 1013
200 1007
722 1006
1569 1007
20 1009
92 1009
346 1010
815 1010
586 1012
646 1011
959 1010
1061 1013
1491 1010
696 1012
757 1013
873 1014
310 1014
494 1016
697 1014
1525 1015
1590 1027
1634 1014
475 1020
671 1017
826 1016
1023 1017
1257 1029
628 1026
763 1021
778 1026
876 1021
1174 1022
1441 1020
559 1026
1385 1023
219 1024
529 1025
1027 1024
1042 1025
495 1034
695 1027
928 1027
1067 1026
135 1030
414 1043
836 1029
703 1031
869 1030
1353 1031
394 1033
1147 1036
582 1035
612 1034
741 1034
984 1034
1665 1045
584 1036
686 1037
1444 1037
215 1040
1292 1040
1643 1041
465 1056
777 1044
148 1045
193 1046
579 1046
969 1044
1466 1054
1707 1045
229 1047
231 1046
566 1047
1183 1055
516 1048
697 1064
769 1048
1247 1048
651 1051
1366 1051
1554 1050
361 1055
490 1052
687 1052
1776 1066
18 1055
734 1054
242 1058
724 1057
810 1057
1201 1057
86 1058
107 1058
147 1059
593 1058
208 1066
515 1062
619 1060
855 1060
672 1062
894 1062
1170 1064
181 1065
251 1065
1273 1065
538 1067
588 1069
885 1068
1250 1066
631 1071
1608 1081
438 1070
1363 1072
247 1074
281 1075
310 1075
420 1074
576 1078
1124 1075
186 1077
393 1076
411 1077
553 1076
985 1076
1135 1077
661 1081
1181 1081
1485 1079
287 1081
639 1081
1064 1080
515 1083
1438 1083
455 1085
671 1091
737 1084
1396 1085
228 1087
690 1087
710 1087
860 1087
1345 1088
1373 1086
84 1093
114 1091
231 1088
402 1092
656 1089
748 1089
808 1089
290 1093
1203 1090
1271 1091
1446 1091
1827 1091
2 1093
343 1096
582 1095
830 1094
851 1092
1114 1092
1837 1093
240 1095
374 1101
494 1095
691 1095
701 1097
523 1101
602 1098
1172 1096
1230 1096
1251 1097
1706 1098
337 1100
458 1101
1131 1100
662 1103
999 1103
1795 1102
1834 1103
10 1105
205 1105
488 1104
563 1105
881 1104
1644 1105
573 1114
605 1106
651 1107
1153 1108
1188 1107
1589 1106
6 1108
283 1111
513 1108
694 1109
1167 1109
428 1110
473 1110
701 1113
745 1112
420 1114
481 1114
1651 1115
711 1118
794 1118
964 1117
1673 1125
347 1119
1629 1119
377 1120
547 1126
1299 1120
1634 1123
468 1123
1098 1123
1525 1122
1096 1125
1397 1127
1528 1124
137 1130
487 1127
510 1127
781 1127
1140 1129
190 1131
314 1129
726 1129
813 1128
1828 1129
298 1130
716 1131
827 1131
1199 1135
112 1134
694 1132
769 1132
1029 1132
1316 1133
1768 1153
537 1134
627 1134
669 1137
701 1139
1378 1144
1737 1135
296 1136
370 1139
1101 1139
1434 1137
318 1139
989 1138
1207 1138
411 1142
1209 1141
58 1144
558 1145
1039 1145
282 1147
655 1147
156 1148
405 1149
673 1149
708 1148
1197 1148
1573 1158
1282 1152
1668 1159
394 1156
1267 1152
122 1155
144 1155
147 1154
270 1156
606 1155
702 1154
754 1155
1085 1154
1624 1155
1823 1154
664 1162
1127 1156
496 1164
936 1158
392 1162
519 1161
1032 1161
1801 1160
251 1162
424 1167
726 1163
848 1163
874 1163
85 1167
1085 1164
1143 1166
1453 1164
66 1167
141 1168
549 1170
624 1166
1059 1167
1186 1166
646 1173
780 1168
1102 1169
1125 1169
1280 1169
196 1171
357 1170
395 1174
564 1170
658 1170
1122 1171
996 1173
1407 1172
224 1175
468 1174
501 1174
1461 1174
462 1177
587 1176
1042 1176
1331 1176
106 1178
641 1179
267 1181
594 1180
116 1182
417 1183
605 1185
1434 1184
414 1184
722 1184
726 1185
777 1185
826 1184
1091 1185
244 1187
412 1187
541 1187
669 1187
1598 1204
166 1189
348 1191
763 1189
1093 1188
1123 1188
1338 1192
140 1190
1028 1190
1096 1191
386 1193
758 1193
1765 1195
67 1195
1673 1195
39 1197
358 1198
736 1197
1796 1200
288 1202
673 1201
833 1201
0 1202
261 1204
318 1204
529 1205
747 1206
1077 1206
1494 1206
150 1209
188 1208
314 1209
337 1211
715 1209
1302 1209
614 1211
773 1210
812 1211
178 1212
207 1213
370 1213
414 1214
458 1213
1675 1212
1760 1217
131 1216
764 1216
1305 1214
1361 1215
297 1217
376 1218
480 1218
1162 1218
1680 1219
252 1221
540 1221
563 1220
775 1221
820 1224
1622 1221
397 1225
712 1224
1668 1225
1186 1226
1502 1225
160 1227
803 1227
1478 1226
1635 1227
1819 1226
