922 638
932 79
1283 2
1480 92
1577 83
1711 68
1748 73
1800 77
1834 86
1245 28
1266 31
1224 40
1551 59
1159 81
38 164
433 98
1483 96
413 105
211 180
1164 111
1446 109
1392 117
1444 118
591 126
646 125
529 138
393 177
1277 144
758 152
681 160
728 156
556 190
726 173
881 187
645 172
1638 296
633 185
699 242
1236 178
1038 194
1571 318
807 222
857 232
1080 200
298 205
1047 213
947 210
496 215
1026 223
1295 214
1756 256
1065 224
1174 217
1010 222
1284 223
610 225
1210 224
902 228
1091 237
942 262
1005 230
1119 231
632 235
1720 236
1513 279
773 241
1476 345
1055 246
1234 293
882 246
1 246
896 256
1155 248
1457 249
1061 287
1020 255
1174 254
1720 262
476 255
1140 257
472 256
1126 259
1437 359
993 264
1170 266
609 280
869 277
1157 278
1401 279
770 279
1104 277
996 296
1385 370
1350 282
631 284
822 289
1194 287
592 289
1121 290
501 300
1269 294
1284 305
1354 418
1130 325
1612 297
1614 296
939 317
1760 339
864 315
1185 315
813 321
644 326
696 328
1180 327
782 349
797 333
536 340
818 351
601 338
1086 340
1160 340
1275 349
1516 364
1054 357
877 359
1182 350
967 355
1331 364
684 358
1007 371
753 366
1167 358
932 359
814 375
916 371
1289 370
1042 377
1125 384
844 372
1368 373
564 379
738 375
769 376
789 375
816 406
1761 397
731 403
1098 384
784 385
958 388
1170 386
762 387
799 386
797 389
1020 390
656 397
602 395
859 392
272 398
777 395
1175 399
716 396
862 423
994 406
499 404
790 401
942 407
749 404
1200 406
530 425
569 437
711 408
900 416
1518 410
972 415
1163 420
1217 420
834 421
715 426
738 422
818 422
988 425
1109 427
1318 425
849 425
737 426
840 433
1146 433
760 429
1039 434
811 430
909 437
1018 432
613 436
733 433
805 434
825 434
1055 438
713 439
746 438
692 444
1512 440
728 459
783 442
806 443
1499 443
1504 442
820 444
1017 447
1115 446
1195 447
770 447
815 447
843 465
1470 449
753 450
1276 464
1465 450
516 457
796 464
871 454
879 482
1054 458
1089 459
1647 513
819 459
771 460
806 460
994 469
1409 461
1588 596
1403 463
570 467
587 470
973 467
493 471
635 469
666 471
821 470
1204 469
761 471
785 470
930 479
1116 472
774 474
1240 474
711 475
722 474
758 476
795 475
856 480
1045 479
1139 492
723 480
789 481
825 483
369 514
745 488
766 483
778 485
1521 578
725 487
1060 496
1177 492
727 500
792 495
794 494
818 495
865 500
1443 548
754 509
766 496
1108 497
708 501
780 499
837 499
1387 570
543 506
615 505
666 506
893 505
789 508
800 506
811 507
841 507
996 508
1105 514
407 512
822 509
850 508
774 510
837 514
1355 545
730 514
1167 515
939 521
1061 528
1481 526
792 519
806 526
854 536
672 524
700 534
819 521
777 524
830 525
760 527
976 532
417 538
753 532
799 541
598 537
1175 539
936 548
1120 538
666 543
905 544
1207 545
1482 553
736 543
1103 545
1157 544
764 557
560 552
734 546
1126 560
1096 553
639 557
991 561
816 557
827 564
1161 559
1336 558
711 584
1052 572
579 571
792 574
1650 627
618 575
841 584
1020 584
849 577
872 579
896 588
914 580
929 583
1133 581
1244 594
517 584
961 585
1409 582
1075 587
1483 594
737 594
1353 616
1321 604
638 602
764 775
805 602
869 624
921 605
710 611
1041 613
706 612
927 615
723 617
1338 618
894 618
991 621
585 639
666 634
469 631
1115 640
1148 634
1069 633
1318 638
1162 655
973 643
1011 645
1276 643
902 645
616 647
904 681
625 660
456 659
944 658
997 678
931 659
1022 667
1091 663
1126 670
856 666
839 666
1203 667
840 669
847 675
365 675
1099 675
1293 676
565 681
930 681
339 684
440 683
1078 681
863 685
1024 688
1267 687
1375 691
1474 692
1508 692
1068 701
1406 692
874 705
411 705
1136 703
855 704
1014 707
1155 711
1126 713
1352 722
505 727
532 730
631 728
1009 728
1126 728
1034 729
895 733
982 734
1080 732
1300 737
957 737
1137 734
1067 736
1152 739
1177 739
925 751
1201 762
523 753
649 755
964 755
1059 753
1170 753
626 757
737 754
1032 756
730 762
581 760
608 761
970 763
879 765
1163 768
852 764
941 767
648 771
860 793
1423 781
841 788
965 782
1044 788
652 790
1507 784
1110 790
1077 792
1058 794
922 799
954 804
1238 812
467 802
1070 805
633 802
598 809
623 812
1153 830
1122 817
569 824
949 826
851 822
922 829
1179 823
1085 829
707 830
1288 832
1353 832
988 836
561 839
961 840
1100 845
934 848
620 855
913 853
1033 856
1759 853
1121 856
1093 858
1692 857
578 863
666 860
988 863
692 868
195 871
382 871
1349 878
1642 869
313 873
1141 872
1163 874
1230 886
498 875
951 875
974 877
1764 874
1777 875
362 880
1066 877
1115 877
1013 901
1399 886
554 887
475 886
671 886
1109 886
1262 892
1292 891
511 892
691 890
591 895
1164 895
690 895
1143 905
1194 897
1059 896
1074 898
689 898
1161 901
633 905
965 905
828 909
866 910
923 912
945 913
613 915
1085 915
1194 915
849 915
976 920
716 917
831 917
476 922
1199 920
1455 930
1127 926
1130 924
524 934
1111 930
1181 932
593 939
978 943
1089 933
704 945
857 937
1031 937
1095 936
1324 937
838 945
850 939
923 941
719 940
1283 943
541 947
1033 946
995 949
1062 959
1081 953
1100 954
1124 961
865 959
944 960
365 960
497 960
1540 958
1237 968
459 964
545 965
656 964
1259 965
618 968
843 968
1175 969
638 970
1079 975
736 1091
822 978
897 982
942 984
1070 983
1264 983
1111 991
705 992
776 988
590 994
1029 992
893 999
1017 998
1047 997
1125 997
1418 1004
1172 998
935 1002
1100 1004
583 1005
1133 1006
854 1007
433 1010
1070 1013
1108 1013
688 1017
705 1014
594 1016
825 1016
1266 1014
625 1019
745 1017
1201 1018
1281 1021
1550 1021
1254 1022
916 1025
349 1031
736 1031
286 1033
612 1032
771 1034
784 1031
795 1032
867 1042
696 1037
1234 1037
670 1045
1068 1041
1180 1043
640 1045
1258 1057
747 1049
910 1049
34 1050
1237 1050
141 1053
700 1057
1111 1053
1197 1057
721 1060
1153 1058
1767 1062
413 1067
750 1068
1123 1070
441 1077
1500 1078
134 1080
1133 1081
1298 1080
64 1089
1361 1088
1268 1091
219 1094
146 1094
1125 1095
1267 1101
1172 1102
1476 1102
211 1105
1106 1105
1538 1104
1074 1109
1298 1107
1323 1116
1039 1112
1252 1116
1561 1115
1163 1116
1238 1117
1763 1119
461 1125
1017 1123
1117 1123
48 1122
1157 1122
960 1124
1046 1125
1222 1124
1181 1127
1020 1132
1057 1131
1192 1131
1260 1132
316 1134
1160 1138
1132 1140
1252 1141
258 1146
1257 1147
1670 1147
392 1153
850 1153
966 1152
1003 1152
1398 1151
22 1152
201 1154
1061 1158
823 1154
1192 1156
1226 1154
1573 1155
460 1159
943 1157
1146 1161
1358 1158
323 1163
745 1164
1033 1162
948 1164
996 1167
1298 1164
963 1167
1121 1167
1191 1166
446 1171
764 1173
1065 1171
435 1174
1038 1180
1126 1174
944 1174
1169 1175
1406 1175
935 1178
1264 1179
1298 1177
1489 1177
1107 1179
1140 1179
1172 1178
861 1182
1064 1183
1100 1185
668 1184
945 1187
1118 1185
813 1188
383 1192
608 1189
962 1190
981 1190
1253 1189
1566 1188
1685 1188
878 1191
1210 1193
1016 1199
421 1195
926 1195
1091 1195
1161 1195
1136 1196
1173 1197
1320 1196
859 1198
1140 1198
1292 1199
1337 1198
2 1201
870 1201
1001 1201
1120 1200
1196 1200
1341 1201
1492 1200
757 1206
1032 1202
1045 1202
1070 1203
1077 1202
1097 1203
1368 1203
624 1207
715 1204
743 1206
828 1206
885 1206
957 1206
1178 1204
1350 1204
1799 1204
448 1208
1004 1207
1496 1207
1571 1206
853 1210
962 1209
1014 1210
1057 1209
1284 1209
1403 1209
1145 1211
1194 1211
802 1217
810 1212
924 1213
966 1213
1048 1221
1105 1219
1191 1215
1214 1215
1838 1215
454 1217
859 1217
984 1217
1223 1217
1292 1217
721 1224
930 1224
1178 1220
1269 1221
1001 1225
1161 1225
786 1226
808 1227
863 1227
