916 614
810 0
906 2
966 16
1041 3
1116 53
1141 5
1198 0
1233 0
1250 7
1279 1
1308 0
1354 1
1426 11
1018 6
1021 9
1272 10
724 22
1585 22
937 24
1299 19
1256 29
1308 30
1352 30
1276 37
1326 53
979 33
679 39
1450 41
821 46
922 45
947 43
1375 53
953 79
982 57
1136 49
1026 84
1443 63
687 57
881 56
755 64
770 64
914 63
880 95
939 65
1001 74
1294 82
919 72
156 76
1386 102
794 81
1449 77
716 85
739 87
824 84
1353 82
1253 98
1145 91
907 93
1184 93
1556 107
702 104
1217 95
859 96
1075 102
1171 104
1325 101
837 103
1049 134
1361 105
781 110
808 111
1178 112
890 124
665 122
634 121
1073 122
1154 121
1277 120
1345 121
758 128
1149 123
1151 122
948 125
1146 124
799 132
1138 127
1141 126
1322 126
974 136
1134 128
1301 133
700 131
949 132
996 137
945 145
894 138
1029 144
1234 144
853 148
708 149
1520 147
1008 155
899 153
880 212
886 153
1279 172
842 167
1302 162
898 165
715 170
814 166
816 171
927 171
1023 177
1327 172
681 174
904 172
1149 173
1412 174
1209 176
923 179
1394 180
1131 185
1461 185
949 192
856 191
712 198
853 192
1517 223
964 194
1188 198
821 202
683 207
783 203
913 202
1064 207
751 207
905 206
731 210
828 209
1405 209
781 212
926 213
1117 227
1208 213
1601 224
719 219
1269 220
1378 220
957 227
184 228
1047 227
597 234
1134 235
1368 236
796 238
945 245
955 236
813 238
1254 264
677 242
824 241
1044 246
1149 247
1390 261
610 251
986 249
1058 249
648 252
1367 253
720 254
933 271
1050 258
1101 280
1061 266
836 262
1544 288
820 294
844 274
1015 279
1525 281
1116 280
1290 287
862 294
1134 295
1350 295
771 294
928 305
1268 307
1075 301
1120 304
682 303
626 309
761 309
839 315
904 318
1241 312
783 316
623 318
1007 342
659 319
930 317
1291 321
592 324
852 330
943 328
1329 335
1057 328
685 327
967 336
1346 324
1182 339
628 341
983 344
1030 343
1352 361
928 351
701 346
1069 346
1100 345
744 349
798 347
1082 349
1278 354
1505 352
636 355
1254 354
726 357
943 405
786 369
863 360
903 364
922 366
941 364
1039 366
1173 367
846 369
749 370
919 369
1245 375
623 375
663 373
1071 379
1094 374
1265 375
922 377
1133 378
1110 380
759 385
1398 387
777 386
1359 385
1435 385
889 397
910 387
1274 391
730 390
908 390
1055 390
982 391
706 399
1029 403
1109 401
1196 401
1432 406
1316 406
1080 408
1359 409
1006 411
1265 419
1397 410
1181 415
1151 416
671 418
1006 491
1037 432
886 426
1127 430
781 430
841 428
974 425
1355 427
956 432
1251 434
708 437
760 439
819 445
847 436
894 440
737 438
916 438
626 443
939 441
1538 449
653 443
929 444
910 463
879 461
1040 452
1149 451
603 453
1036 457
940 467
1252 466
731 462
1026 461
1019 463
1795 484
1080 476
655 474
710 471
845 472
1271 473
1383 481
1476 495
864 487
1359 484
748 503
1252 488
1057 492
1368 493
834 498
601 499
880 503
1295 516
728 503
832 505
955 510
1159 506
1325 533
1509 514
641 514
720 512
863 539
1547 519
1234 521
1356 519
733 519
811 519
913 531
1108 525
786 529
1242 531
1139 545
1084 545
944 551
1161 554
548 548
751 550
883 554
1001 576
1478 549
794 555
1064 556
772 565
972 565
694 567
1046 569
978 577
939 572
928 607
1093 575
1237 575
1158 588
1189 586
1251 588
750 597
1226 593
723 598
1102 603
1239 596
870 603
620 601
640 602
787 614
817 606
1460 611
739 623
571 610
654 609
618 611
1052 615
680 614
834 641
1063 617
1108 622
857 621
987 625
1432 634
685 627
599 630
762 641
924 637
705 640
1235 638
606 640
1043 643
778 651
896 647
1014 647
906 651
662 652
792 652
867 654
879 653
1032 658
693 661
672 660
785 666
1139 677
1520 666
940 674
1065 669
1298 668
1345 668
879 671
891 671
1239 673
800 684
1199 680
821 674
1114 679
1256 675
1022 677
1050 680
723 680
842 680
860 688
615 688
987 701
1046 701
655 692
1438 701
843 695
935 696
1372 697
760 706
827 719
1029 700
617 700
715 704
1495 706
1108 720
906 826
721 714
870 716
964 712
949 729
741 725
1144 722
1275 732
1061 726
1253 731
801 733
1671 741
791 735
975 735
1217 734
974 737
1028 737
901 739
968 740
863 743
818 745
1164 744
835 748
1004 750
893 760
546 753
833 752
1011 756
1172 754
495 758
1000 758
1203 760
1129 764
1330 763
1242 773
993 769
778 776
1199 785
620 782
839 778
1484 782
794 786
598 792
518 792
799 796
579 800
826 799
655 802
869 801
1215 812
616 810
851 811
680 825
6 826
660 829
1270 830
663 834
1196 834
1500 841
1284 843
1299 852
1200 860
701 853
1178 858
661 862
713 864
128 870
1159 871
536 879
696 873
698 872
1109 882
1191 882
1136 893
1154 886
1288 894
1445 891
993 894
1090 895
710 896
1400 900
321 897
727 898
1213 898
1234 911
645 903
965 907
580 906
892 907
1720 912
548 914
618 913
894 913
982 913
1005 914
702 916
689 921
1177 922
565 925
850 927
517 928
825 932
936 932
1179 930
376 932
1010 933
552 936
741 939
803 942
938 941
1099 939
277 941
847 951
966 942
161 942
57 946
688 949
500 950
606 948
715 949
774 952
821 950
1533 957
1013 952
1429 951
444 952
1236 953
1309 952
529 954
1293 955
368 958
552 959
908 959
1093 959
1007 962
1137 965
204 965
486 965
514 964
502 967
584 967
786 968
917 970
726 972
812 972
862 970
1060 973
100 975
674 975
927 976
1235 978
598 980
696 981
797 980
797 995
1490 985
225 983
835 983
903 989
74 987
452 987
1026 987
1329 986
581 990
992 989
862 1005
1123 995
402 995
983 995
1001 998
585 1004
925 999
1033 998
535 1007
990 1004
204 1004
470 1004
662 1005
460 1007
483 1007
561 1006
1736 1008
1114 1010
1463 1016
635 1011
673 1010
904 1013
207 1013
652 1012
669 1012
201 1014
546 1014
580 1017
914 1014
929 1017
973 1020
393 1025
758 1026
344 1026
477 1033
675 1032
695 1031
1490 1026
437 1028
493 1030
774 1029
191 1030
927 1031
1050 1033
434 1035
625 1040
1073 1041
77 1036
518 1037
750 1038
966 1040
364 1043
383 1042
563 1048
945 1048
1040 1045
393 1048
425 1048
704 1049
672 1052
749 1061
771 1051
1499 1060
1063 1057
1310 1053
378 1054
533 1055
558 1055
562 1054
617 1054
645 1054
817 1055
1839 1054
191 1057
872 1061
273 1059
922 1064
999 1062
667 1062
196 1064
423 1064
664 1064
764 1064
1113 1067
34 1067
237 1067
333 1067
392 1067
506 1066
633 1067
1149 1072
173 1069
570 1070
982 1068
322 1071
338 1071
527 1070
217 1074
579 1073
646 1073
631 1075
83 1077
669 1077
838 1082
1332 1079
269 1079
374 1079
684 1080
24 1082
978 1082
1192 1091
141 1084
350 1086
73 1089
271 1088
343 1089
770 1089
990 1089
39 1090
589 1090
794 1092
235 1092
450 1092
550 1093
976 1092
262 1100
328 1094
552 1095
968 1095
572 1097
698 1097
124 1100
765 1102
809 1100
853 1101
336 1101
540 1104
577 1104
198 1105
454 1104
1002 1104
304 1108
378 1108
807 1110
1086 1108
1402 1108
313 1110
377 1111
781 1111
882 1112
296 1113
346 1112
418 1112
863 1114
1000 1114
7 1117
146 1117
473 1118
848 1120
425 1123
560 1118
113 1121
386 1120
717 1121
1390 1127
650 1126
749 1125
269 1126
436 1126
743 1128
1280 1129
993 1131
1742 1132
512 1134
563 1137
473 1139
587 1139
257 1141
309 1141
458 1140
794 1141
731 1143
198 1144
414 1144
575 1145
987 1145
1121 1144
1206 1146
532 1147
617 1147
1276 1146
455 1149
610 1148
983 1150
915 1152
1012 1154
1116 1153
1200 1153
91 1156
914 1155
204 1156
425 1157
478 1157
624 1157
822 1156
1014 1159
1025 1160
87 1160
363 1167
395 1163
459 1161
418 1168
477 1164
1284 1165
0 1167
336 1167
62 1168
312 1170
381 1168
713 1169
1005 1170
1174 1173
967 1175
338 1178
393 1178
411 1182
794 1179
1438 1179
118 1181
293 1180
420 1180
503 1181
823 1184
287 1182
377 1182
1149 1182
399 1184
719 1185
22 1188
325 1188
673 1191
1075 1191
403 1191
203 1193
245 1194
393 1193
488 1193
496 1192
984 1193
1450 1195
656 1197
228 1199
375 1199
298 1203
442 1204
359 1207
395 1207
564 1207
982 1207
254 1208
295 1208
317 1210
373 1208
508 1208
638 1209
822 1209
1626 1209
397 1210
1035 1213
255 1217
514 1217
999 1216
260 1219
528 1219
296 1221
385 1220
639 1222
1057 1222
532 1226
132 1226
256 1227
