908 624
371 1
406 25
669 12
736 3
796 59
831 18
886 6
985 60
1092 45
1103 7
1140 1
1171 25
1209 12
1258 46
1495 40
1735 2
56 23
492 6
1438 13
901 24
869 32
516 55
354 57
1138 90
1057 80
697 75
439 64
1408 104
1734 152
342 79
869 78
1588 74
913 78
676 87
746 97
238 102
896 84
1075 96
1171 117
215 115
695 111
672 126
1638 141
1497 128
1808 161
205 134
401 150
1089 137
269 134
768 150
836 146
995 219
1038 146
1101 198
983 144
1027 144
1665 145
88 163
368 151
1205 159
1373 148
518 157
860 168
303 162
1158 157
1421 158
938 163
717 172
817 168
437 170
690 189
1091 165
1053 175
1236 169
1180 201
785 199
1411 192
1163 178
1228 178
530 186
884 188
915 193
1256 190
331 214
1156 189
1281 189
1292 189
758 199
1275 190
1458 233
497 201
810 247
1139 197
1312 196
1334 196
1280 203
1339 199
1028 202
1294 201
950 205
1234 202
6 207
1145 205
1252 205
98 207
1369 207
86 210
1275 209
1293 239
1344 210
1435 210
1142 243
413 223
956 222
1377 231
1262 218
1204 225
1217 225
1041 229
1586 235
876 231
1189 230
1253 230
1357 232
1056 232
1122 233
1429 233
433 240
780 244
873 237
1167 236
917 243
968 240
861 244
1047 241
1337 241
1501 273
755 252
1052 243
1183 248
933 250
1098 250
1350 251
471 253
1100 252
1173 253
1249 253
1405 257
1170 254
305 263
446 262
649 261
1041 256
1191 257
198 262
873 263
1027 261
1316 260
1418 263
1104 265
1237 265
1834 287
843 267
1060 267
1102 266
1158 266
1058 269
1093 269
374 277
1013 270
1042 275
1256 270
1092 273
1181 272
1339 273
1391 273
690 278
824 277
1149 275
1270 274
114 284
738 290
1080 277
1119 276
1310 276
349 279
1220 279
1292 283
1302 279
1380 278
945 294
1242 281
1335 281
309 288
921 288
1069 306
1188 284
1202 286
1217 285
1266 284
352 286
450 299
664 306
1234 286
1106 290
1268 291
1695 296
1221 292
1278 294
1283 292
1558 292
1422 297
1102 300
1126 297
993 302
1019 318
873 307
887 301
1137 301
1265 301
473 308
291 311
1146 306
821 312
834 314
803 315
392 324
550 318
982 316
1096 318
1170 317
1740 336
1130 319
1395 318
1123 320
995 323
1150 324
1535 325
863 334
936 354
1072 333
987 336
1445 348
1189 354
1402 334
1127 350
1633 352
368 345
805 345
660 345
1092 354
324 353
675 351
1013 355
389 355
712 424
893 352
981 352
984 354
1388 353
1696 390
423 360
453 367
1078 365
660 368
1344 365
829 383
869 369
1034 371
1038 370
994 377
1084 379
1325 384
353 381
617 394
1024 388
1387 411
1046 443
654 404
686 396
870 396
311 406
857 403
1015 403
1030 405
603 412
631 411
1096 415
854 415
764 423
836 420
990 417
1151 417
192 424
467 425
619 418
680 420
1005 437
1780 433
582 425
686 431
819 435
864 439
929 475
436 437
974 435
57 443
343 441
730 434
1666 445
402 461
953 438
965 438
729 443
902 445
987 445
1598 462
1370 463
537 449
1118 458
311 451
643 455
668 452
820 454
893 455
844 455
1442 458
1791 459
194 461
665 460
977 460
264 463
1498 465
333 475
987 469
500 473
628 473
963 473
1073 499
1317 488
975 488
1143 493
959 483
354 484
124 492
726 486
817 489
1481 490
909 488
999 488
1415 501
1722 501
784 496
1008 506
388 499
904 504
1027 501
1289 504
768 511
743 515
501 512
637 516
676 536
1310 517
798 521
831 522
970 519
159 520
713 531
889 531
1399 532
604 533
918 527
1324 532
1703 552
139 530
291 534
1371 545
426 537
966 552
1344 542
1619 548
509 546
16 546
427 547
640 551
780 556
14 549
873 549
101 551
465 554
848 551
989 554
1027 572
98 552
1136 554
1316 575
856 559
1286 559
712 571
981 566
523 565
729 565
1590 572
382 576
872 568
950 587
346 573
639 569
894 572
196 573
1162 574
442 576
780 582
827 581
840 578
618 581
906 581
1177 582
1443 600
215 588
908 584
1052 584
1561 585
738 592
1134 607
975 588
1042 591
637 597
1358 601
1024 598
1175 601
1691 624
752 603
821 614
101 605
852 605
999 609
1051 618
1588 656
848 612
974 629
702 654
618 629
1533 628
745 623
864 623
803 626
1313 624
400 626
846 629
1362 641
375 637
816 643
454 639
939 648
1086 638
1244 647
507 641
558 641
1013 661
1033 640
576 642
1000 643
1049 642
566 644
583 644
317 653
1150 660
802 655
564 653
616 658
658 656
1122 660
520 661
539 658
378 684
777 668
962 669
817 664
1030 667
1318 673
1771 666
265 670
1341 669
1521 676
755 675
1286 683
442 677
521 677
360 681
667 680
816 679
1108 687
321 685
597 685
487 687
966 686
998 687
1218 687
1440 690
1349 694
1001 711
988 696
677 699
1034 698
2 701
608 701
653 700
752 708
801 883
637 707
799 706
1614 715
52 713
339 712
1345 708
284 714
885 712
1095 711
1115 716
156 712
1038 713
820 715
1178 726
243 722
1075 752
345 725
639 737
938 724
685 735
100 728
1454 736
1317 745
703 734
918 735
1499 735
266 736
1004 746
1374 743
1596 736
109 738
1278 748
1401 756
407 746
414 740
491 742
822 745
469 745
731 745
1041 752
1355 745
1358 746
926 752
362 753
971 751
985 751
709 752
744 761
1601 762
689 754
469 758
657 759
713 761
1536 768
1564 770
0 764
253 763
619 762
621 763
433 766
622 767
445 770
624 776
791 780
830 773
1505 793
264 776
639 774
1310 775
596 777
686 777
842 776
1117 782
1769 791
392 800
552 795
354 794
662 803
1708 813
903 802
1392 807
613 801
719 810
1249 806
1647 805
1433 808
352 815
816 813
1177 813
574 814
1288 822
315 818
1104 824
1517 825
709 824
768 824
569 825
1201 824
0 827
389 829
1031 827
521 830
523 832
108 837
1584 840
430 842
426 846
68 848
1159 848
1640 855
1694 848
266 859
1249 857
443 855
1359 860
72 866
440 856
982 864
1112 864
1263 861
317 864
765 868
564 872
1010 875
94 872
455 873
1270 873
77 874
1319 882
330 877
84 879
370 887
581 883
956 880
1095 887
1597 884
958 887
1609 889
1628 888
1645 889
1557 901
1595 893
278 897
1511 897
1660 897
1739 901
614 912
1 904
210 908
441 905
1224 915
359 906
334 914
964 917
355 912
996 913
1291 912
391 916
506 917
1762 916
626 923
583 931
1331 935
901 931
957 934
1414 942
1704 930
875 934
1708 934
256 936
17 939
259 938
927 938
332 941
992 952
1019 954
1219 941
965 944
1476 951
1311 946
1619 944
474 955
586 952
1621 946
902 952
1554 954
339 958
657 956
1201 963
505 962
1068 965
1451 962
613 967
928 972
691 967
1271 971
1407 979
541 973
677 976
1313 984
962 977
591 980
880 985
61 986
1098 987
1753 989
514 992
627 1004
1457 1014
1517 1004
1798 995
336 1000
415 996
687 1002
278 1000
369 1000
276 1002
609 1002
806 1004
1771 1004
1401 1015
713 1009
1606 1009
1041 1013
1244 1010
1341 1025
313 1017
315 1016
642 1024
1019 1018
599 1025
1090 1018
1257 1021
1143 1023
890 1024
1065 1028
1278 1030
316 1031
1021 1032
1618 1050
571 1042
904 1043
179 1042
618 1043
870 1045
594 1042
1090 1043
313 1045
488 1045
630 1045
726 1046
888 1048
1002 1051
1367 1046
1474 1047
346 1049
493 1048
851 1055
1054 1048
943 1052
566 1052
987 1058
1448 1056
326 1056
1189 1058
1055 1063
755 1064
781 1062
1555 1069
1696 1066
124 1068
361 1069
356 1071
195 1075
553 1074
921 1078
129 1083
426 1082
297 1086
931 1090
1195 1087
1525 1096
1015 1090
563 1097
363 1098
537 1098
689 1102
1236 1099
1302 1100
248 1101
646 1101
899 1107
1046 1100
1242 1101
1573 1101
1047 1103
1074 1102
1186 1104
1485 1112
182 1106
468 1108
851 1110
1268 1114
1324 1109
566 1110
417 1112
414 1114
1187 1120
532 1119
1518 1116
1624 1117
1233 1120
1580 1118
474 1126
991 1129
619 1131
1027 1130
1403 1141
1081 1134
586 1136
701 1136
1119 1136
1362 1140
372 1142
1689 1147
1162 1153
30 1152
1270 1160
319 1163
34 1160
605 1161
1135 1161
607 1162
806 1169
1429 1164
716 1166
1395 1168
86 1167
1099 1166
583 1171
1443 1170
1727 1175
692 1177
728 1177
858 1179
1335 1178
702 1187
1172 1188
529 1189
1137 1189
286 1194
336 1192
651 1193
583 1195
1341 1203
1634 1202
613 1205
79 1207
635 1206
727 1208
1419 1208
232 1210
564 1214
11 1217
1362 1217
