914 608
183 17
1010 0
1157 1
1231 1
1278 11
1315 0
1385 0
1771 5
1175 8
1301 9
1705 13
1098 11
1344 12
1341 14
1620 21
1027 22
908 29
1337 27
1653 30
1161 31
1476 39
1272 40
1808 38
1665 45
888 48
1317 46
1462 42
179 123
1099 48
1445 50
1745 59
1647 61
1022 60
1434 76
969 67
947 68
1383 66
1457 67
904 75
1032 72
1473 69
1300 78
1319 77
1099 80
1259 83
1477 81
974 85
1455 83
1240 95
1269 107
1107 104
1642 102
1724 108
1001 100
1496 105
1148 104
1293 113
1064 114
1359 117
1098 122
1228 120
1526 121
1276 136
923 129
1093 131
1075 136
1676 154
1315 140
1815 143
1371 150
1395 142
1455 147
1340 150
1404 153
1189 152
94 159
1214 161
1281 164
949 166
1261 160
1465 163
1397 164
1310 165
894 171
1774 168
1372 169
1605 174
915 180
1433 184
1260 220
1453 192
1224 195
1367 195
1182 208
1372 202
912 215
1390 202
1355 203
841 208
1283 214
1005 214
1079 213
1470 225
1454 221
860 224
1450 223
1496 223
880 226
1025 234
1130 229
1171 228
898 231
1224 243
1596 240
563 238
1429 238
860 241
1200 241
825 252
1366 251
857 300
1411 251
932 252
977 260
1431 255
1229 260
1098 260
1278 310
1736 271
1178 266
1222 277
1060 275
1801 277
1245 278
952 281
1305 281
1381 280
1762 285
892 285
1197 288
1300 288
1369 289
1271 290
1256 301
1425 299
901 313
562 308
1016 314
1581 305
1361 311
1228 314
1320 314
1246 321
984 327
1113 325
1576 329
562 327
1432 330
1817 329
1028 331
1618 332
1749 341
894 342
1250 340
1784 346
1375 355
1714 343
1161 351
773 351
1196 353
981 354
1493 355
1230 370
1615 357
1158 361
1301 367
1246 371
826 372
828 374
957 382
1754 396
858 393
1006 392
902 395
1357 405
1015 401
951 403
1020 403
1544 409
1010 409
1228 409
1420 408
1034 415
1365 421
1469 423
1466 424
974 427
1041 427
1054 435
1019 433
1643 435
897 438
1033 478
1403 450
1251 443
1592 444
752 453
1781 454
1273 454
935 457
1179 464
1270 466
1827 474
1327 474
1604 472
749 476
850 480
1198 480
997 485
975 492
1317 487
1411 502
993 491
1091 491
1812 495
1087 492
1235 498
1336 496
1363 494
1147 502
934 511
1144 529
1211 519
1258 519
975 522
1707 525
1223 530
1075 531
997 533
1236 536
1420 537
764 544
932 555
1733 563
1109 561
1162 560
1333 561
1486 563
1434 566
1542 563
1154 568
1214 568
1237 568
1131 569
1311 575
1417 577
1659 582
1024 586
925 584
1584 593
961 588
1324 587
1640 588
1182 596
1225 600
766 604
1020 604
1035 603
855 609
876 612
1148 619
804 618
1355 622
994 622
1193 624
1757 623
1007 626
973 630
1233 631
1809 633
1821 634
1425 639
1571 637
1711 636
936 643
950 642
843 644
1272 643
953 645
1558 655
1009 649
854 654
1413 661
1143 665
981 668
964 679
1324 672
940 675
1718 674
1119 686
1460 690
1336 695
1078 694
965 698
1279 701
1301 699
952 715
1758 710
865 711
921 714
936 710
1295 718
1056 719
935 721
1765 726
1718 735
1245 739
949 743
965 740
1403 741
1308 742
777 752
1238 748
1289 752
1178 760
1434 760
1609 761
1498 762
1060 767
954 770
1603 766
1677 771
1599 768
1008 774
926 774
1158 780
1091 783
957 788
1170 799
981 804
846 803
1761 807
933 807
1199 807
975 809
961 812
1167 815
991 820
1655 823
1525 821
1007 823
958 825
1053 825
1165 826
1022 831
1127 839
984 839
1158 846
1316 850
1079 854
884 855
1104 855
1257 855
1319 865
1229 862
1138 881
929 880
1084 881
1094 881
926 891
1467 889
959 891
1141 891
1342 890
1030 901
1189 901
698 902
887 903
846 913
805 914
884 912
1011 914
1005 917
780 926
997 923
1170 930
1053 925
1189 925
1218 924
1227 925
1237 934
1139 948
798 940
1012 941
1175 941
1222 946
742 948
1098 953
1237 956
1235 958
531 964
1242 969
1239 972
1120 978
1229 983
847 986
1046 1068
1239 992
1297 987
1299 990
980 1000
870 1000
1712 1004
1244 1002
1158 1012
1411 1010
1028 1015
697 1091
826 1124
647 1127
1552 1135
1029 1189
222 1193
227 1192
