923 613
33 97
151 132
398 2
424 14
457 27
478 37
520 1
556 4
667 4
688 18
735 18
871 38
922 19
943 16
1062 19
1107 20
1130 17
1225 0
1532 1
1569 82
1351 11
288 149
1168 18
1033 14
1452 15
820 21
1428 19
668 34
1377 163
764 37
1492 37
521 37
1151 49
1262 48
1119 48
522 55
810 53
912 54
1455 57
1297 61
984 61
1046 61
717 66
1280 67
1432 67
775 70
956 72
1736 78
800 78
1251 81
1066 95
1463 85
689 91
900 88
1163 97
523 97
1350 93
732 94
1200 95
835 98
1046 93
546 105
662 98
1028 102
799 107
645 113
947 110
1018 117
1112 127
1142 124
1355 129
1279 130
656 132
755 133
119 132
139 132
266 132
951 134
1000 140
1072 142
675 138
1095 138
891 146
1192 141
908 140
1269 232
586 147
838 145
551 145
683 149
859 145
861 144
918 146
1252 149
763 150
1310 161
1033 152
704 155
856 152
644 155
1458 156
876 158
911 159
1055 166
852 162
865 163
925 174
1494 165
846 177
1006 166
741 167
890 178
1340 174
870 175
904 174
980 186
1178 177
689 179
947 181
734 201
878 181
1050 184
1086 274
1158 187
827 187
863 183
909 182
694 227
1242 193
1305 198
787 192
812 192
1344 193
908 193
1426 195
76 197
895 194
901 195
959 195
804 197
817 196
916 198
677 201
800 199
1512 206
1497 206
881 205
909 205
966 204
761 209
894 208
927 209
935 208
798 214
837 212
1041 216
1179 226
1448 217
823 223
77 224
872 220
887 221
646 223
1308 226
857 225
888 224
932 225
1016 229
675 227
901 226
948 226
748 233
1433 233
864 238
876 235
736 242
914 237
1340 241
542 239
787 247
900 248
935 242
578 257
934 245
680 246
843 247
951 249
968 246
1465 246
681 248
979 250
1460 249
1581 264
869 250
916 250
923 258
857 261
868 255
981 258
78 259
736 296
774 260
1033 260
707 261
903 262
876 264
936 264
910 269
1045 269
846 271
945 273
763 276
833 279
860 276
875 277
914 277
1148 290
720 279
930 299
870 321
951 281
806 287
1011 296
683 286
709 286
748 287
869 287
890 289
640 294
1393 295
697 297
313 446
1345 299
800 301
1536 309
957 300
1371 304
1235 312
1602 308
646 309
785 307
122 374
208 459
765 313
947 308
1078 311
1286 311
1457 313
249 359
696 321
1360 311
964 312
1043 317
914 349
951 315
1385 325
1026 329
1170 324
933 324
641 326
797 328
955 327
1366 327
951 329
803 334
1308 335
908 334
935 335
1043 339
1407 337
940 338
949 339
674 342
1353 341
707 344
1373 345
684 347
1431 347
1575 361
978 353
577 357
1658 360
797 360
810 361
1008 361
1229 361
1175 364
1362 365
1504 366
786 370
1482 368
1245 373
1286 375
741 379
617 382
1677 386
792 387
1038 394
1199 391
707 391
1315 391
602 395
703 395
998 400
919 403
1102 404
1253 401
1432 401
830 406
1294 417
544 410
669 407
761 416
941 412
979 413
1430 416
926 414
1205 419
1552 422
736 423
902 443
503 426
609 424
972 428
983 424
1311 432
790 435
1059 431
1439 430
1512 432
942 599
595 436
639 436
996 437
1376 435
733 440
1248 448
1011 443
1075 442
1505 441
841 448
590 451
1568 506
1216 457
178 456
1303 455
1386 457
729 458
793 462
878 460
1101 461
1418 463
1059 463
1449 464
179 468
816 466
858 469
1352 518
751 469
874 466
1467 467
895 470
1422 473
1435 476
877 481
938 477
1477 485
993 481
798 485
832 484
1146 491
757 488
1343 487
1503 487
897 507
1110 506
886 491
777 495
1264 499
1515 498
703 502
1138 504
1319 505
1486 507
133 514
722 515
1022 516
668 521
1671 518
1166 519
698 526
1238 536
1587 522
1421 527
1119 528
1154 528
1047 529
1069 533
1018 537
898 532
909 532
736 538
771 541
908 538
867 541
814 545
627 547
1090 547
1336 546
874 547
1376 547
647 553
617 552
852 552
829 557
767 560
1032 559
1126 557
1405 556
1152 559
1349 560
1049 565
1063 571
1548 567
772 570
1005 580
1335 581
1362 569
696 573
1135 571
897 575
1373 574
1296 582
1421 578
490 578
1148 584
1394 582
822 586
847 587
1237 584
1053 588
1075 591
1474 597
685 593
749 593
1439 607
882 595
588 598
606 599
1311 597
1198 616
751 605
1244 608
804 613
546 614
726 614
1080 615
1088 621
292 622
662 624
536 624
569 624
720 628
1215 627
1649 630
675 628
1318 630
855 631
578 633
794 637
805 669
549 639
623 641
867 638
659 644
1461 650
529 643
586 651
516 647
742 647
672 649
777 652
561 650
609 652
1117 652
482 653
1219 659
529 659
1338 659
996 669
683 663
883 665
641 670
844 680
676 672
700 673
872 671
1028 670
507 673
865 674
1049 678
425 677
1301 676
330 683
1071 687
1189 686
1380 685
216 687
629 690
755 686
671 690
750 688
1055 689
558 692
816 701
1001 693
1018 696
1034 699
1422 705
783 727
860 704
499 702
589 703
1225 701
551 704
1312 703
480 709
724 709
915 708
1330 709
833 711
1009 710
1547 714
716 714
767 714
836 712
839 713
1374 714
844 715
846 716
853 718
856 719
1049 720
981 725
1218 724
1008 731
1064 727
1156 726
490 730
552 729
707 730
854 746
899 733
818 732
1045 737
1335 735
1380 736
1347 755
1100 738
1531 740
820 743
1150 743
1197 743
1742 752
452 748
826 749
934 750
556 751
959 754
1303 750
572 754
736 759
801 765
1129 763
1285 757
783 758
888 794
452 761
542 760
865 765
946 764
657 769
1150 770
563 770
559 775
1052 777
632 778
1321 778
1254 778
770 784
586 784
716 822
1401 787
604 785
524 788
627 788
733 788
1297 790
753 788
625 791
1555 795
571 797
804 796
1308 797
1260 801
816 825
963 803
1029 808
614 814
988 811
762 813
787 823
827 814
532 818
831 818
1346 821
834 822
335 825
536 824
839 827
226 827
1210 835
1562 827
136 828
572 829
930 835
963 832
996 833
1296 832
387 833
1051 833
642 836
843 836
1024 837
782 840
844 838
1004 840
1233 838
847 843
665 845
826 846
849 848
1172 849
1271 849
827 850
852 861
898 853
114 853
116 852
829 860
110 854
589 854
437 862
652 859
1102 858
621 859
1022 859
1047 859
1147 864
306 861
974 862
1011 862
1049 865
780 872
976 867
571 870
1054 870
1290 872
246 872
602 873
745 872
1329 874
326 874
392 877
853 968
1313 875
552 883
593 878
922 877
1043 877
1084 882
1354 877
24 879
452 882
811 882
1441 886
9 888
371 888
541 889
883 893
276 891
327 891
465 890
1011 890
93 893
827 897
711 901
802 896
1182 899
784 909
1224 911
1336 913
570 909
367 911
1297 910
1475 910
1115 911
294 913
507 915
698 915
1144 916
0 916
538 917
1317 921
185 924
1239 926
1215 930
560 934
366 932
594 933
1355 936
44 939
165 938
270 939
363 938
1221 940
1308 943
1394 944
408 944
550 944
400 947
493 946
430 948
551 950
585 949
70 950
179 951
1296 960
576 954
1215 955
217 956
239 958
509 962
446 960
1220 962
146 963
1198 962
1428 968
52 965
1262 965
1323 967
0 969
299 969
376 968
480 971
582 971
549 976
56 975
113 974
354 975
445 975
1208 976
439 977
1369 979
94 979
536 980
78 984
425 984
485 985
544 984
126 986
453 989
520 986
1223 988
287 990
407 989
1149 990
269 992
375 993
563 994
1314 995
1268 996
59 998
302 998
1290 1001
1553 1001
107 1003
548 1006
236 1006
514 1005
167 1006
1161 1008
240 1009
428 1012
157 1011
260 1011
536 1011
1267 1011
1241 1014
403 1015
332 1016
421 1017
1354 1016
519 1019
1197 1019
1090 1025
1289 1023
334 1025
485 1025
1074 1024
176 1029
29 1029
250 1029
404 1029
489 1029
495 1028
315 1030
1352 1030
632 1034
703 1033
459 1036
569 1035
291 1036
323 1037
611 1036
1040 1037
1355 1039
186 1040
847 1041
1164 1041
51 1043
477 1044
511 1048
892 1044
583 1045
1151 1046
1235 1044
279 1047
414 1046
495 1047
538 1048
560 1046
768 1050
230 1049
392 1054
429 1048
566 1048
878 1049
910 1050
1165 1048
1215 1051
315 1053
811 1053
1263 1053
817 1055
824 1054
284 1056
353 1057
616 1060
733 1056
1511 1057
0 1059
564 1058
597 1059
303 1061
374 1061
547 1061
572 1070
730 1062
886 1061
670 1069
742 1063
49 1065
489 1065
589 1064
767 1067
1173 1065
277 1066
803 1066
348 1069
446 1069
524 1079
417 1071
254 1073
400 1073
689 1074
825 1075
758 1078
299 1079
329 1079
607 1084
791 1078
955 1078
1194 1079
465 1081
785 1082
65 1082
74 1083
357 1082
256 1087
433 1087
481 1090
562 1086
616 1086
763 1086
813 1088
1204 1086
552 1096
682 1088
389 1090
688 1091
1395 1091
405 1092
670 1093
729 1093
791 1095
1149 1095
154 1094
749 1094
252 1096
311 1104
334 1098
429 1096
463 1102
573 1101
747 1097
32 1098
358 1098
509 1100
527 1102
617 1098
762 1099
879 1103
1290 1098
418 1105
1018 1102
779 1103
922 1103
660 1106
706 1105
560 1107
907 1109
333 1109
481 1114
501 1108
604 1115
784 1109
1113 1111
110 1110
276 1110
942 1112
1239 1112
154 1113
209 1112
723 1114
808 1118
18 1115
45 1118
220 1115
782 1116
827 1115
1127 1116
118 1116
203 1117
298 1117
639 1121
666 1116
938 1117
287 1119
516 1118
664 1118
1281 1126
278 1123
437 1122
467 1120
526 1121
735 1130
662 1137
879 1125
914 1123
6 1124
261 1125
447 1124
491 1137
575 1125
1770 1125
2 1129
407 1130
1299 1129
146 1130
190 1135
551 1134
627 1131
834 1135
1495 1130
135 1132
353 1132
468 1133
569 1134
816 1135
228 1135
622 1136
779 1141
852 1137
122 1138
547 1141
588 1139
1067 1139
1165 1139
393 1141
612 1145
804 1141
824 1144
914 1141
1250 1141
351 1143
1140 1142
744 1153
757 1144
718 1152
944 1146
1286 1147
1695 1149
286 1149
553 1155
641 1148
1135 1149
118 1151
530 1151
632 1157
682 1150
200 1152
428 1152
297 1154
519 1163
577 1155
935 1156
1278 1154
1402 1155
346 1157
424 1156
890 1160
436 1159
578 1164
1119 1160
1473 1162
123 1162
495 1162
610 1163
618 1168
656 1162
751 1163
851 1163
930 1164
67 1166
665 1165
952 1165
1206 1165
597 1166
798 1167
1093 1168
215 1170
381 1168
817 1169
1280 1168
1830 1171
239 1171
248 1170
894 1172
1237 1170
25 1172
82 1174
290 1172
756 1172
1483 1172
301 1175
648 1176
673 1179
844 1175
168 1178
415 1178
500 1177
785 1178
1683 1177
538 1179
718 1178
807 1179
1444 1178
12 1180
96 1181
443 1187
552 1180
578 1186
630 1180
1315 1181
1338 1180
534 1183
612 1187
882 1183
1332 1182
48 1184
74 1184
359 1186
391 1188
396 1184
626 1186
912 1185
1164 1188
81 1186
344 1187
547 1186
660 1186
64 1189
477 1190
112 1190
194 1190
272 1191
496 1192
528 1191
748 1193
826 1190
116 1193
232 1197
428 1193
464 1193
710 1197
1005 1192
207 1197
635 1195
764 1196
1269 1195
1291 1195
599 1197
895 1198
1058 1197
1245 1196
121 1200
288 1199
402 1198
414 1199
489 1202
67 1202
157 1201
357 1201
591 1201
645 1201
774 1200
355 1202
742 1202
1025 1204
1750 1202
96 1207
222 1205
228 1204
471 1215
524 1204
570 1205
603 1204
52 1209
388 1206
1311 1206
191 1208
512 1213
653 1210
15 1211
187 1211
274 1211
381 1210
355 1212
542 1214
611 1213
624 1216
719 1213
273 1214
560 1217
592 1215
1301 1215
69 1216
397 1217
225 1219
343 1221
360 1218
607 1218
89 1224
166 1225
231 1221
239 1220
444 1221
1124 1220
1192 1224
330 1222
381 1225
655 1224
820 1225
33 1226
194 1226
428 1225
494 1225
506 1226
1358 1225
451 1226
