921 621
136 3
284 12
555 22
593 10
680 13
807 5
856 3
898 19
1067 23
1144 23
1231 42
1452 14
1725 2
174 14
500 15
972 23
642 28
725 23
1745 29
747 26
1806 31
463 53
809 35
1541 38
130 53
1001 40
835 48
1474 72
1624 62
934 48
953 49
1029 52
753 58
1746 74
874 64
17 82
665 71
1035 72
377 78
822 78
1076 73
1084 90
552 104
1006 83
1834 97
1563 96
1156 99
1309 96
597 120
946 117
1060 155
1010 108
803 115
911 112
1071 118
666 128
827 130
1536 139
1473 136
1809 127
1649 145
137 159
199 142
902 157
1222 137
844 143
36 148
253 169
2 150
746 148
994 152
764 155
1143 150
1375 145
76 157
1278 152
535 162
734 163
1267 173
1174 161
866 166
820 180
1299 166
671 181
980 175
1762 188
873 190
529 194
906 201
945 198
1490 193
1640 195
1363 189
1370 188
194 191
979 202
1085 196
1166 190
856 197
997 196
1241 193
68 210
768 200
1380 194
720 199
1402 196
1426 196
615 216
1258 207
1071 203
1566 209
671 213
1148 233
1277 206
1415 207
1059 215
1237 209
300 226
318 212
551 218
870 219
887 219
1006 221
1434 220
575 232
841 222
943 230
130 232
1415 223
990 232
1289 224
1301 224
1607 238
728 234
1272 229
530 245
750 235
1189 231
1203 231
1837 237
1372 232
218 251
1078 234
1248 235
1099 240
1126 237
1524 236
1009 241
1052 250
1201 239
820 245
890 244
921 244
1072 246
15 256
1189 244
1311 259
1208 247
1265 247
1284 246
870 254
979 259
765 255
928 254
1195 250
1233 250
1117 252
1369 253
1462 254
417 266
680 261
1222 255
1236 254
1768 263
1018 259
1067 256
1190 256
1273 256
903 261
1626 267
1069 261
1545 260
1079 269
1179 273
1220 265
1237 268
1213 276
1255 272
1451 277
1034 273
1291 269
181 277
1278 270
1116 272
1652 280
458 283
868 279
1122 275
1162 279
1327 274
773 288
1094 291
1232 276
566 292
904 278
996 281
1366 298
1401 278
1833 286
739 284
934 288
1270 283
389 289
508 298
608 287
1330 293
1285 284
1351 285
686 293
951 288
974 288
1018 288
1279 287
1499 294
1187 291
1054 298
1138 306
1412 295
1787 311
1390 296
1699 299
1240 294
71 310
1251 297
1173 299
1269 298
1180 300
1218 304
1276 302
617 309
713 311
1259 306
1212 308
1241 308
1404 318
1478 316
1663 311
894 316
1001 316
1103 314
1537 312
598 322
880 319
1179 318
1201 325
1208 318
1508 325
538 324
1085 330
1168 333
438 333
864 329
933 328
1021 327
1229 324
1529 328
1113 327
783 333
993 334
508 339
662 332
718 340
1013 332
832 355
893 337
962 334
1635 333
1600 351
1403 356
1492 339
1039 341
616 360
751 349
1809 351
948 348
1021 353
809 357
371 364
537 358
930 354
1495 389
963 359
871 361
62 381
886 365
1101 372
942 363
999 367
198 374
1371 375
1802 376
748 375
926 380
717 378
1056 382
150 389
912 381
983 380
1035 379
997 382
1120 380
1215 384
338 394
861 399
1658 390
843 389
967 389
1613 405
1752 427
1694 398
512 409
983 396
826 405
917 402
1023 409
946 402
995 403
1152 411
766 415
1104 403
1380 408
178 425
1086 413
467 420
972 415
656 418
991 412
910 413
1063 419
802 420
897 420
996 422
546 429
1040 425
1271 431
122 431
255 442
882 426
1101 435
918 430
396 430
966 432
987 430
847 432
1470 439
1529 441
827 439
890 437
1695 450
451 446
742 442
989 441
1363 441
793 441
1059 446
1091 443
1140 449
108 454
1163 453
1002 453
1286 459
772 463
905 456
1387 454
1016 457
55 481
576 467
750 460
1096 457
941 459
1338 474
810 508
1368 461
854 465
954 476
1046 465
1745 469
147 475
921 476
1027 484
1113 471
647 475
850 471
978 487
619 489
193 486
1724 487
676 491
740 483
878 491
1193 485
707 496
1070 486
1484 520
752 492
1058 492
1233 489
1076 491
245 496
1363 494
575 495
167 517
283 506
1138 504
1338 503
1418 502
1828 505
664 509
1002 521
1781 507
1 528
891 509
1113 511
966 509
562 511
1360 532
1567 515
770 515
847 516
503 517
584 527
1040 516
561 518
716 522
1293 524
626 528
1142 523
757 535
948 523
1052 522
1264 522
858 526
1266 525
1409 529
444 526
1033 527
1272 526
892 532
1555 549
933 532
1129 539
960 536
848 540
909 543
951 539
363 549
940 544
1092 562
595 547
890 554
1022 547
552 552
629 552
1406 558
965 561
1050 557
1744 556
481 562
1317 553
1719 558
517 555
796 555
998 559
1207 557
650 567
563 566
348 571
534 566
938 564
163 573
1362 567
679 582
1016 569
821 587
1007 572
123 580
887 584
941 577
1000 577
1233 578
1254 586
75 608
983 584
1625 588
206 595
912 595
1326 595
253 595
964 588
1798 594
604 593
1000 589
849 591
946 591
582 600
1555 607
429 596
762 595
952 598
992 595
1014 595
1094 601
1409 606
1827 598
643 597
874 608
887 599
436 602
448 611
834 606
901 605
615 607
726 622
967 607
1045 608
754 610
811 612
990 623
1476 625
665 616
329 618
818 620
1651 621
1745 621
213 621
631 622
895 619
124 631
393 625
534 621
761 625
968 624
1257 623
1838 624
179 629
671 624
635 627
645 626
652 627
881 628
1442 630
1573 637
1291 629
1046 630
1685 659
940 637
632 636
903 637
1732 642
608 639
806 644
871 647
960 641
1038 639
231 647
1064 642
1154 641
996 642
733 645
1051 644
614 648
1005 648
293 663
543 662
909 652
966 649
1458 654
786 665
1020 650
247 671
513 655
627 661
808 658
846 656
948 655
1053 655
1531 655
1448 659
370 667
927 661
1300 661
1775 664
991 663
1564 668
944 666
103 687
751 676
1002 666
1094 667
19 669
586 674
893 669
995 669
686 687
691 670
877 672
1310 672
946 673
1140 674
838 674
990 675
1029 676
1539 680
153 677
812 678
950 679
1011 681
279 680
475 687
577 684
820 681
908 687
954 681
516 688
932 684
1181 689
1416 682
718 686
1091 706
876 689
324 691
616 695
837 696
995 692
578 709
812 694
871 694
1129 699
1164 692
31 705
960 695
1016 701
1073 695
1287 695
1314 694
715 700
1633 706
1700 701
201 701
642 710
744 700
761 703
782 702
1240 703
844 704
856 705
977 705
1241 705
1268 710
709 707
991 708
960 709
1439 717
1512 730
1004 712
1686 718
176 717
839 714
874 714
1038 729
485 715
746 715
1101 714
941 725
430 722
558 721
763 721
792 723
537 722
709 723
917 725
1059 724
1481 741
811 740
844 729
634 737
696 737
740 730
1165 740
1661 735
1713 738
549 734
1075 732
832 739
875 734
926 739
860 876
1553 741
503 741
751 741
753 740
906 741
1209 766
714 745
948 744
1268 742
1289 743
771 746
893 744
486 747
614 747
970 748
1340 748
954 749
989 749
1076 749
1401 754
1418 754
1578 755
894 753
957 755
569 763
440 758
659 758
1632 765
1291 760
1360 771
745 763
792 763
902 764
1685 762
253 769
1126 764
711 768
784 777
876 767
615 768
1407 775
656 784
907 771
1694 773
495 777
848 773
938 774
992 773
326 780
957 774
945 778
973 780
195 785
767 781
870 780
899 781
914 778
923 780
1587 784
1616 784
96 782
675 784
1186 784
226 787
965 790
832 791
1102 791
1695 793
129 793
230 797
377 805
1127 794
637 794
847 795
922 796
932 804
497 808
597 799
325 801
251 804
308 808
752 807
904 802
1301 812
150 820
332 805
632 806
824 810
861 808
955 811
1074 814
803 815
1496 815
1184 823
38 826
870 817
969 819
986 817
1399 820
1562 820
863 823
488 823
819 827
888 828
951 822
949 824
973 824
1523 829
1687 827
740 826
1093 827
624 832
936 831
1091 829
1508 829
317 831
469 830
1078 838
974 832
1420 843
1103 842
1172 835
258 839
1161 836
1657 843
1738 837
226 846
335 841
509 846
787 842
1390 844
839 844
1572 847
903 844
945 848
542 853
926 851
1188 847
1281 846
1690 849
443 859
627 848
832 852
1278 849
1640 857
2 852
625 853
805 853
97 855
1728 861
388 862
566 860
838 857
936 856
1220 856
630 863
1119 861
182 862
1453 867
170 871
871 865
914 865
1006 865
490 867
546 870
909 869
686 869
1501 873
234 874
464 875
937 870
49 872
889 873
1090 879
1406 885
441 882
923 877
142 889
559 894
917 878
1638 883
515 884
982 889
1005 887
109 889
1029 894
1625 892
669 904
338 907
1287 894
974 897
991 901
961 901
1266 911
1013 906
1454 903
66 904
686 905
1102 905
1123 906
1594 917
1650 911
960 910
1056 913
1176 913
1516 912
1470 918
707 912
1556 919
949 928
997 924
1287 923
560 922
677 919
1115 921
1402 920
1693 922
1714 922
429 925
1732 924
974 927
1412 927
728 930
752 930
1014 930
1092 930
1354 928
1416 930
501 932
1119 949
1748 933
1344 938
1629 935
109 936
937 937
1633 939
126 943
242 956
548 946
647 945
1028 944
1836 942
914 947
1313 950
601 949
956 948
1445 958
334 954
935 951
1081 950
1282 951
1473 951
1670 950
2 954
1261 953
1283 953
413 955
580 959
767 956
1496 966
956 982
1730 956
86 967
552 965
1310 961
1254 965
479 965
1466 966
407 978
433 967
671 972
474 968
913 969
1164 976
1340 980
329 980
1236 978
1591 971
380 975
776 972
1031 987
1277 973
1298 975
1537 975
1799 974
786 980
916 976
922 978
1564 980
1599 978
1624 978
1702 980
690 982
910 980
978 982
161 992
265 989
804 984
888 982
1544 984
1608 986
63 993
642 987
758 985
1586 988
905 987
1517 989
1631 986
219 990
774 991
820 992
988 994
725 993
631 999
710 995
1155 994
1251 995
923 996
1073 998
369 1003
612 1002
677 1004
888 1001
898 1010
1057 1004
181 1006
386 1006
422 1002
546 1023
863 1004
1354 1002
652 1012
813 1005
1019 1008
1315 1006
1406 1010
471 1010
534 1013
756 1010
412 1013
575 1012
1216 1012
1552 1025
831 1014
1382 1024
1495 1018
1528 1019
1347 1019
1437 1022
392 1018
424 1019
676 1023
933 1022
802 1021
906 1020
749 1028
1103 1030
856 1024
1144 1024
89 1028
731 1028
861 1028
1303 1026
70 1029
269 1029
416 1031
693 1031
952 1029
1062 1029
1598 1030
773 1032
927 1031
1239 1034
209 1033
330 1032
643 1033
900 1032
922 1032
1281 1036
1313 1033
1450 1036
392 1042
957 1034
982 1037
1188 1034
1197 1035
171 1037
723 1041
915 1037
1315 1037
134 1039
797 1039
961 1039
262 1046
302 1046
1289 1045
1492 1043
926 1044
770 1056
1687 1046
487 1049
609 1049
817 1055
482 1051
1258 1058
1383 1053
641 1057
929 1052
1319 1053
1426 1056
149 1064
190 1058
707 1056
318 1057
738 1058
662 1070
1097 1059
1550 1060
112 1061
426 1062
1224 1062
1616 1060
1603 1064
1621 1063
932 1065
963 1070
1115 1066
1288 1069
551 1070
834 1066
508 1069
588 1071
611 1071
1040 1068
1147 1068
1150 1071
1430 1069
423 1071
914 1070
938 1073
1028 1070
1083 1072
1837 1071
372 1087
760 1072
1477 1075
249 1077
526 1076
476 1079
896 1078
1003 1083
1063 1085
695 1083
725 1081
931 1081
1387 1083
1443 1081
327 1088
674 1082
1413 1097
1515 1085
814 1087
847 1087
890 1088
965 1093
228 1089
798 1091
201 1094
116 1093
1208 1093
81 1094
296 1096
489 1098
790 1096
835 1094
1540 1099
624 1103
945 1098
1193 1099
1446 1098
119 1101
685 1105
821 1103
932 1102
1023 1102
1473 1125
434 1104
740 1105
994 1105
1018 1109
1318 1105
833 1106
269 1116
790 1110
1125 1108
167 1111
640 1112
661 1113
1782 1112
559 1115
984 1131
1291 1115
1534 1122
206 1124
677 1119
1081 1117
1296 1127
230 1118
751 1119
813 1124
954 1121
1141 1124
395 1122
1602 1126
326 1129
968 1125
1404 1124
35 1127
714 1128
900 1128
518 1133
541 1130
855 1130
1042 1130
1639 1129
740 1130
1123 1130
1180 1131
1383 1131
731 1134
789 1132
799 1134
1076 1133
1074 1134
1328 1136
1436 1140
1443 1136
760 1139
1049 1138
1646 1139
366 1140
860 1141
901 1141
346 1155
623 1144
1224 1143
1291 1144
1418 1144
1601 1150
222 1150
1170 1145
632 1150
965 1147
159 1148
663 1148
715 1149
828 1149
879 1150
922 1148
1247 1149
537 1152
770 1151
931 1150
521 1155
945 1153
1093 1153
97 1154
1058 1155
1348 1156
718 1157
1195 1167
1414 1158
738 1159
798 1159
1653 1158
1701 1159
68 1161
582 1160
831 1161
927 1161
1242 1160
1308 1164
300 1162
917 1163
499 1167
1338 1167
274 1167
1091 1167
155 1171
589 1172
634 1169
849 1168
701 1171
809 1170
1213 1171
1390 1173
442 1172
741 1173
1317 1177
426 1180
486 1177
1149 1174
31 1178
359 1176
856 1177
1034 1177
604 1178
631 1180
728 1178
977 1180
1089 1178
1709 1178
512 1181
664 1181
1463 1180
239 1184
1365 1183
263 1185
685 1184
1208 1186
190 1187
684 1186
413 1191
1372 1189
1391 1195
1406 1190
1486 1193
232 1192
773 1191
1006 1191
1056 1192
660 1195
729 1194
1425 1195
1106 1195
1770 1195
108 1196
621 1199
793 1199
193 1200
564 1199
899 1199
972 1199
1023 1199
162 1201
45 1203
573 1212
1070 1203
161 1205
219 1205
1345 1205
765 1207
1045 1207
531 1210
19 1211
488 1220
1027 1212
1258 1210
596 1213
730 1213
1355 1216
746 1214
1233 1215
216 1217
1187 1222
133 1223
191 1219
639 1223
689 1219
177 1221
721 1221
659 1222
849 1224
111 1226
738 1225
762 1226
1290 1226
1812 1227
