903 614
65 8
122 9
510 13
967 0
1105 4
1134 0
1185 8
1254 3
1595 22
876 10
1675 20
305 38
435 19
1377 9
654 31
1126 13
993 27
1198 21
143 27
1358 21
916 43
1324 24
797 32
820 46
768 40
1253 39
91 49
1021 53
1216 44
1239 47
1129 48
242 50
506 58
1279 53
1362 53
1760 108
1123 57
1187 56
1207 55
1340 58
432 61
1171 60
894 68
981 71
547 72
231 74
1101 78
1196 68
1232 85
30 135
749 90
936 83
575 92
1075 84
1347 78
331 104
916 85
169 100
1322 100
791 112
1669 100
266 106
1699 117
485 108
1012 122
989 108
969 115
306 115
466 116
1342 114
214 115
443 133
891 124
910 125
656 144
1221 129
498 135
738 134
218 133
320 136
1385 133
1715 135
1039 142
1267 137
1316 138
1365 137
1388 176
270 143
1077 149
1297 156
1210 154
1329 154
1137 157
594 168
977 164
1316 166
303 164
791 168
902 175
763 197
1166 170
332 169
139 172
958 180
1104 175
493 182
143 177
513 186
1138 184
1328 186
442 189
1575 191
282 196
1613 217
395 202
1003 197
871 201
355 200
1259 198
911 213
1298 199
326 213
477 208
1113 206
708 206
1127 210
1219 207
1451 237
987 211
741 252
424 221
971 215
1222 226
1288 221
272 229
862 229
1047 230
1102 227
1293 226
1206 228
609 240
1647 244
441 241
813 235
949 233
1672 237
1023 239
1199 241
419 245
1144 261
1770 256
502 245
986 246
1222 259
388 250
473 248
142 250
963 252
824 254
864 263
1184 258
694 256
1250 261
783 262
1066 297
1200 262
1823 271
1615 276
1332 270
336 275
464 287
957 274
775 279
1103 279
1190 278
260 280
502 279
576 279
824 284
281 282
928 298
998 300
1196 285
200 287
221 291
514 289
1024 291
1251 289
838 300
879 300
1150 299
314 300
596 298
1298 309
900 304
1163 304
1317 302
1823 301
384 307
612 305
372 307
1191 307
199 308
343 308
430 310
573 311
1261 311
721 313
177 321
1713 338
282 318
525 321
598 316
858 335
1135 339
340 337
1091 336
1240 327
689 323
704 323
713 322
776 326
956 328
988 331
1198 328
417 330
1033 332
935 336
952 332
374 333
704 338
483 334
1275 336
250 336
967 338
1003 339
1029 339
1490 340
949 341
1224 347
308 343
599 350
481 379
614 344
272 346
1191 352
657 357
1061 351
1764 374
1837 353
247 355
1208 358
1086 359
1262 367
544 361
919 369
422 365
751 365
630 364
715 364
436 373
1822 378
588 368
896 368
944 369
737 371
241 374
599 373
1094 372
1158 379
1222 377
1246 380
768 375
1063 377
1098 375
458 381
695 376
864 384
564 379
581 379
607 382
661 380
223 382
391 384
566 383
885 388
908 383
977 389
1099 383
1122 383
276 386
755 385
947 401
1228 387
1494 417
591 393
629 401
1020 400
1385 386
1424 400
327 389
813 388
1058 389
1073 389
1359 389
253 390
911 391
524 402
566 395
924 398
1198 396
1630 394
1159 399
1378 399
1403 399
715 404
1056 403
1546 409
666 402
836 403
1195 404
244 404
411 408
768 407
1288 406
575 406
686 427
1580 412
1100 409
1202 442
783 412
1046 410
1079 411
1760 427
109 412
607 413
872 413
1161 414
926 416
1198 415
225 416
359 422
475 417
571 416
840 420
1613 420
190 419
299 423
589 418
754 420
907 426
496 423
1087 421
478 423
514 423
614 422
704 422
540 425
648 432
718 428
965 438
1077 427
1127 424
853 431
879 426
803 436
1462 428
152 430
596 433
867 442
930 430
1045 435
1240 431
1273 432
305 432
1541 432
480 438
734 448
1081 436
1094 434
1157 436
1013 436
1426 447
770 451
511 441
755 441
1113 466
1146 441
1266 441
429 448
849 442
883 443
926 443
1177 442
1806 472
452 444
582 448
997 446
1539 447
301 448
673 458
457 450
546 459
1029 450
445 450
1076 454
513 453
898 454
1274 453
176 454
327 459
536 455
983 455
1756 454
814 457
1238 476
565 459
809 459
1279 458
48 465
310 460
461 461
571 460
1004 465
1082 460
1324 460
155 463
217 463
469 464
874 475
1390 463
1559 463
1431 465
221 469
285 466
717 467
908 466
920 466
439 472
751 471
930 469
1041 468
512 471
1173 473
1760 471
1772 470
570 472
798 472
1043 476
1080 484
1401 474
337 479
504 475
553 475
1342 475
579 476
646 477
765 478
782 476
361 494
429 480
715 479
1313 479
617 480
1385 480
778 483
821 485
1157 486
247 484
505 491
774 485
920 485
1317 485
1427 484
1487 493
1550 484
393 486
525 486
906 491
1168 486
1296 487
1616 487
486 489
566 489
735 489
738 488
1034 491
1194 506
1311 490
1659 511
485 493
1151 494
1361 492
536 494
558 494
641 494
682 494
702 501
808 494
1069 496
144 496
720 496
774 497
862 501
1561 500
538 498
601 498
843 499
1137 501
270 502
460 505
540 502
1213 504
479 507
1046 504
1062 505
1474 504
1512 505
1831 505
401 506
769 508
1127 509
680 509
1047 509
1299 509
546 511
678 511
1417 530
393 513
724 513
1019 514
1049 514
1122 517
1555 520
205 516
247 517
1101 518
1136 516
1214 519
267 519
696 519
897 522
1055 527
1073 521
1156 521
1330 519
404 530
500 521
528 520
646 520
744 520
1598 521
16 522
519 523
757 528
670 524
786 542
1089 524
166 527
341 527
830 527
876 528
1359 527
373 528
1025 528
1462 539
1743 528
435 530
583 536
734 531
1134 531
1225 531
732 533
846 535
1014 555
1035 533
1235 532
1509 532
1708 571
1583 542
744 537
811 537
879 536
315 544
749 538
1189 538
1535 549
1815 570
827 540
853 540
872 542
969 542
1218 540
1481 541
713 542
1311 543
1498 542
232 545
544 545
1067 545
1127 544
991 547
1223 549
184 548
610 548
655 549
749 549
1155 554
1348 551
1397 550
1631 566
277 552
584 552
891 554
979 568
1427 554
1663 555
473 559
518 559
594 557
710 569
765 559
260 561
453 563
1571 560
213 564
748 563
1095 566
1126 563
1171 562
1219 567
1411 578
413 566
426 564
1078 564
1122 567
1241 568
1311 567
1384 565
805 566
836 567
893 567
945 569
273 569
377 575
839 568
917 575
1162 572
480 572
525 576
1109 570
1503 570
296 575
859 577
1287 575
5 577
166 574
797 574
1061 574
1133 576
1345 575
1493 574
330 576
1007 582
1063 576
1111 576
1113 578
1757 577
494 579
1086 578
149 582
322 587
681 583
595 583
776 582
1195 582
1278 583
1437 582
372 586
1068 584
1158 591
125 586
629 586
773 586
1025 589
741 589
1056 588
1234 592
1315 588
1334 588
640 591
868 594
1218 591
1340 600
474 593
1063 594
923 618
1051 595
1081 595
1178 596
1374 604
1561 597
298 599
876 601
983 598
1445 601
301 600
369 600
462 600
516 600
745 606
782 604
1086 601
1141 606
1577 600
336 611
362 602
372 602
996 603
1226 603
1572 603
412 605
683 605
1125 604
1460 614
885 611
997 606
1255 606
1066 609
1180 609
1196 610
1663 611
446 610
491 610
506 612
693 611
1038 610
825 613
960 617
1068 613
1398 613
1579 652
524 620
875 630
1116 618
1713 616
763 618
1838 623
674 630
1049 622
1732 620
1776 620
159 622
241 622
482 623
830 628
1074 623
1195 623
341 624
497 629
1058 639
1081 625
1176 632
1608 624
788 628
997 626
1213 627
1610 626
1637 627
1725 627
383 631
980 631
1111 628
1146 682
1752 629
428 631
999 632
1085 631
1393 632
1658 643
596 633
960 632
1306 633
1364 633
733 634
840 635
1033 635
1311 635
1412 656
221 637
1682 636
1038 638
1074 638
1271 639
1710 651
199 641
347 640
352 644
782 642
978 641
1115 640
1160 646
1495 648
473 643
630 651
746 644
1004 643
1348 643
371 648
467 645
1085 646
1463 646
461 648
707 655
830 646
856 655
559 648
1283 649
485 651
530 651
1028 652
1759 651
977 654
1149 652
389 656
186 657
503 657
561 656
583 657
826 656
1033 658
1070 664
540 668
672 661
728 667
1269 658
5 665
315 667
347 665
473 666
751 665
971 665
1090 665
604 667
361 671
834 676
984 679
1077 669
1094 668
1312 675
1372 668
687 670
932 672
190 673
1026 673
1080 672
409 675
858 676
1059 691
1208 674
1333 674
1344 674
457 678
609 677
646 679
1015 678
1533 693
1806 679
172 679
1371 699
1507 678
1670 678
904 685
1262 681
1288 681
1095 683
1685 694
223 685
340 689
439 688
1726 705
464 686
494 686
1105 707
487 690
625 689
813 689
272 691
876 695
1761 691
757 693
1178 693
1338 692
43 694
402 697
418 694
458 695
1642 707
420 696
444 696
911 697
1301 696
1463 719
119 698
432 700
831 699
960 699
975 705
1182 699
1231 698
268 701
467 700
605 701
1184 701
1229 700
1280 702
664 703
676 712
825 704
1763 702
737 715
806 704
957 710
1213 704
497 707
577 707
701 707
836 710
1087 707
1240 706
1252 714
1415 712
284 711
390 708
458 708
470 708
564 714
891 711
1084 709
422 713
1293 711
46 713
525 713
855 713
1126 714
1 714
336 714
1020 715
1226 715
1573 731
1756 715
514 726
646 716
1282 717
1680 717
483 722
607 719
846 718
1398 719
1763 719
823 727
860 721
914 724
1039 721
1188 720
1601 723
1609 721
402 723
896 723
946 722
1316 722
93 725
540 726
803 724
1067 724
472 727
625 730
1001 727
1033 728
1629 726
1690 726
927 876
942 728
465 730
1071 731
1267 731
7 732
1126 733
1174 732
1206 732
1299 735
1418 746
321 735
679 745
718 735
894 735
1109 736
1227 735
1391 734
1542 735
947 736
467 739
596 738
701 738
867 741
1240 739
1256 738
0 742
114 741
750 741
832 741
963 741
1196 740
1361 740
498 742
1022 742
1116 742
1189 743
1204 743
1212 742
1497 742
1533 750
231 745
477 746
533 745
736 745
939 745
1366 744
110 746
230 747
401 753
512 746
977 747
1765 747
522 749
860 748
1037 749
338 754
588 750
644 751
995 751
1257 757
1332 750
1204 753
1300 755
1349 769
1379 753
75 755
282 754
506 754
805 755
913 755
936 755
976 754
1206 756
1271 755
1507 755
54 757
216 757
443 757
969 756
1690 756
491 758
1033 759
53 760
439 761
1018 761
1120 761
1247 761
1318 761
1396 761
65 763
495 763
940 764
965 764
1153 763
233 765
324 766
541 771
1139 764
1239 768
1276 769
1324 764
1475 780
1476 764
426 766
511 767
521 766
716 766
841 767
1055 767
1558 791
230 769
386 773
473 769
986 774
1035 774
1685 777
288 775
1049 774
503 772
1148 773
1328 773
1390 772
442 784
481 777
558 776
1213 774
1519 774
1732 775
355 777
662 776
925 778
965 776
1020 776
1259 776
258 779
1120 781
1399 790
313 784
656 781
877 782
200 782
421 784
803 786
1169 783
1197 788
174 784
394 791
510 787
977 785
1168 785
687 787
921 788
1221 787
1266 787
1704 787
215 790
473 789
822 791
1245 789
1305 788
1 791
85 791
376 790
496 795
583 793
735 791
886 792
1029 790
1055 791
1109 791
1034 796
1228 793
1817 793
815 795
970 802
1438 795
1441 794
1673 795
224 796
686 811
879 797
1010 798
1177 798
1373 805
1429 798
76 798
202 799
629 799
830 800
1314 799
199 801
298 804
810 801
1284 800
483 804
951 803
1013 803
1042 803
1193 803
1229 803
1231 802
1309 803
1348 802
1619 803
639 805
908 805
1208 805
1251 805
1499 804
1740 804
412 813
637 808
1657 829
162 808
163 810
661 810
1222 811
1280 811
1612 811
232 812
268 813
545 814
843 813
904 815
1191 813
378 816
390 815
596 815
599 814
973 815
1022 814
1165 815
1214 815
1626 815
208 816
235 816
820 816
1194 821
1210 817
1355 817
524 818
934 818
1394 824
1481 819
142 820
255 820
331 821
394 827
815 822
1272 821
1326 820
1431 821
1453 821
1496 820
1788 821
103 823
650 823
1166 823
1181 822
1240 823
1313 824
1512 824
71 825
461 825
942 825
1132 826
1489 825
54 827
206 826
707 826
1455 826
1699 827
978 828
1018 829
1162 828
1233 836
1245 829
1014 833
1150 831
1330 831
1375 837
75 833
226 833
1724 848
129 835
329 834
410 835
833 836
934 836
957 835
1136 835
1433 835
151 837
368 839
870 838
1187 854
1260 836
1496 836
1586 837
278 842
303 839
1207 838
1682 839
94 841
133 840
206 840
1212 841
1402 840
1439 841
1499 840
1512 854
135 842
1263 844
1333 842
1562 843
1631 843
294 844
448 846
1136 845
12 847
50 847
926 846
957 847
1007 847
304 850
419 848
444 854
548 849
588 848
1128 848
1427 849
361 852
1144 850
1215 850
1285 852
1385 850
326 853
463 852
916 854
1154 853
1234 858
1269 854
1305 853
1402 852
1486 852
1775 853
983 855
1159 856
1290 858
270 857
529 857
1261 862
1819 856
184 858
347 858
508 859
1672 868
454 864
599 862
652 860
843 867
1146 862
1163 860
1390 862
1418 861
536 869
588 863
1000 862
12 864
224 864
311 864
961 864
1307 897
1360 865
1398 865
332 867
972 866
1547 890
607 869
907 869
1326 868
1497 868
149 870
219 871
433 870
466 870
688 870
1124 871
1343 870
1451 883
1806 870
349 873
1202 872
1345 873
1576 883
1415 874
344 878
474 876
590 877
1136 877
417 882
905 878
1135 879
1181 879
1239 885
1362 887
20 881
146 881
904 881
1228 881
323 883
602 884
1397 882
1131 885
524 887
577 887
1128 887
1190 886
1276 887
1612 887
358 889
433 889
1341 889
1618 889
25 891
337 891
851 890
1180 891
190 892
452 893
590 893
1156 893
1223 895
1269 893
1636 898
428 894
587 894
1486 895
1501 894
417 897
670 896
971 896
1275 913
1391 896
274 901
399 899
466 898
1348 898
1521 899
346 908
373 900
1194 901
441 903
528 904
689 916
1185 906
1407 902
1433 903
1745 902
310 918
1329 926
1372 905
1449 916
1596 904
1237 907
1801 908
1205 911
1359 908
1374 908
139 911
469 913
1148 911
1176 912
1718 913
382 923
392 917
659 915
1393 918
1530 921
514 919
577 916
1356 916
1368 922
1498 917
1590 917
1607 917
258 919
575 918
648 919
1169 919
1229 919
556 923
1153 927
1181 921
543 923
1189 924
1223 925
1641 927
1795 925
71 927
351 927
1245 939
1375 926
579 929
589 929
1583 928
1777 929
570 930
756 935
1287 931
1480 932
1589 931
1745 930
28 933
287 937
628 935
661 936
549 935
1350 935
147 937
562 939
789 936
1397 936
1462 938
1724 937
75 940
356 939
493 940
1205 940
1353 938
1439 939
398 940
730 941
750 941
1406 940
1709 941
370 942
392 942
684 952
761 943
1124 942
1384 952
1407 942
1823 942
52 944
294 944
640 948
804 944
1525 959
152 946
344 947
549 950
1728 947
1792 946
654 948
717 949
783 948
1463 959
414 953
438 956
772 951
1414 951
494 952
582 953
855 953
898 953
1148 952
1290 953
1362 952
1816 953
398 955
475 958
701 954
583 956
787 963
808 957
970 956
1141 958
1185 957
1226 962
1297 957
1619 956
1000 958
1444 959
49 961
336 960
960 960
110 963
508 963
566 962
1024 965
1111 963
1178 962
1410 962
489 964
758 965
802 964
1199 978
1258 971
1838 964
14 967
264 967
278 967
320 971
491 966
824 968
842 967
1166 967
1235 971
1307 967
1548 967
1580 967
459 968
675 986
891 968
974 968
1152 976
1284 968
72 971
558 971
645 973
921 971
1452 971
17 972
223 972
297 975
395 972
1282 972
1719 981
106 975
355 978
1219 974
371 976
441 978
584 978
880 977
1138 976
1317 980
1427 979
1796 977
410 981
754 978
834 981
1008 979
1038 978
1349 979
313 980
369 980
759 980
861 982
966 981
1076 981
425 983
476 982
545 983
639 983
641 982
849 984
1111 982
1121 982
14 985
281 987
310 986
384 986
539 988
1092 986
1285 987
1329 997
1412 996
1576 988
336 989
753 989
1009 988
1014 989
1189 989
1217 989
134 990
700 991
763 991
969 990
1478 999
1823 991
320 992
732 993
869 993
1171 992
1525 999
438 997
525 995
943 994
1168 994
1293 995
1304 994
1707 995
149 997
489 999
800 996
895 996
1015 998
1045 999
1377 1005
1742 996
934 1002
342 1004
589 1001
989 1002
1011 1001
1618 1000
280 1004
308 1003
319 1003
791 1003
968 1004
1649 1002
434 1005
609 1007
709 1008
1216 1005
1234 1005
234 1007
757 1007
1247 1006
642 1011
728 1009
1291 1009
572 1012
721 1010
810 1012
929 1011
1125 1011
1205 1014
1276 1010
1402 1010
486 1012
698 1012
150 1015
364 1018
1180 1018
1251 1014
1294 1015
1340 1016
1839 1015
414 1016
1306 1018
1407 1016
1441 1027
1467 1019
1575 1017
197 1022
220 1019
446 1018
538 1020
1275 1023
1333 1018
1396 1020
1423 1019
1516 1033
1682 1021
437 1020
830 1023
982 1020
994 1026
1044 1022
1158 1020
312 1027
145 1026
1017 1024
1678 1025
637 1031
740 1028
1267 1026
234 1030
384 1028
668 1029
699 1028
1040 1028
57 1032
345 1031
369 1031
417 1031
489 1030
544 1033
1183 1047
1317 1030
1395 1031
1701 1032
169 1034
497 1033
597 1032
677 1038
714 1045
954 1032
1777 1033
106 1036
505 1035
985 1036
753 1037
878 1037
1046 1036
1656 1037
353 1038
744 1039
928 1038
1227 1043
1286 1038
1301 1041
1348 1038
1481 1038
164 1040
451 1040
609 1041
1113 1041
1462 1062
1720 1041
269 1048
468 1043
822 1042
209 1044
405 1049
476 1045
586 1044
796 1046
1361 1046
1487 1044
1781 1044
254 1048
378 1049
782 1050
150 1051
349 1051
457 1051
641 1051
911 1050
19 1053
416 1054
662 1057
738 1052
755 1057
779 1053
883 1052
910 1053
966 1054
1257 1063
1802 1052
315 1054
794 1054
1293 1059
1685 1054
13 1058
298 1056
441 1057
529 1057
606 1059
649 1057
873 1061
817 1059
822 1058
1098 1058
1387 1060
1611 1058
182 1060
681 1074
1018 1064
1155 1061
616 1063
914 1063
1049 1067
1126 1065
1369 1063
1669 1063
1762 1063
425 1065
459 1064
638 1065
698 1064
972 1067
1431 1070
1839 1064
488 1066
1061 1067
1393 1067
519 1069
767 1069
882 1070
1301 1069
1395 1069
1671 1077
126 1071
220 1071
260 1082
1324 1088
1517 1070
1534 1071
1545 1070
278 1074
295 1073
597 1073
929 1079
463 1075
604 1075
739 1075
755 1075
1159 1075
514 1077
1278 1076
1520 1076
1598 1088
359 1078
834 1083
1163 1079
1483 1078
177 1080
382 1089
473 1080
785 1081
821 1080
1193 1081
1238 1081
534 1083
662 1087
1416 1086
1540 1082
236 1088
578 1085
631 1084
321 1087
571 1087
923 1086
1362 1102
173 1089
675 1098
794 1089
968 1096
1005 1089
1037 1093
1165 1089
1240 1089
1275 1111
1649 1101
189 1092
461 1091
1479 1090
1820 1091
116 1092
249 1094
851 1092
1571 1092
511 1097
746 1095
790 1094
984 1095
1286 1094
1469 1098
1508 1095
1562 1112
76 1096
405 1096
426 1096
1216 1098
1693 1098
224 1099
313 1098
422 1100
465 1098
537 1098
593 1099
809 1102
952 1098
95 1100
110 1100
241 1101
266 1102
1401 1101
519 1103
581 1103
873 1103
1203 1107
1528 1103
1750 1102
151 1106
278 1105
562 1105
599 1105
1113 1107
120 1106
257 1106
330 1111
587 1106
722 1106
1050 1106
1823 1106
60 1108
140 1110
386 1112
406 1109
505 1109
1522 1108
1827 1109
52 1111
485 1110
509 1110
606 1112
1169 1110
1441 1110
1796 1111
462 1112
748 1115
794 1127
1130 1112
9 1116
369 1118
491 1114
619 1115
672 1117
1414 1133
71 1117
555 1117
707 1127
841 1117
1322 1126
46 1120
275 1119
471 1119
576 1119
779 1119
1075 1119
90 1120
400 1126
617 1120
729 1122
1171 1124
119 1124
163 1122
599 1126
882 1122
1149 1123
328 1129
352 1124
372 1125
420 1126
662 1125
749 1124
1047 1125
1246 1131
1640 1125
1761 1126
1800 1124
73 1131
505 1126
564 1127
684 1126
767 1127
959 1128
1206 1128
1641 1127
346 1129
498 1128
570 1129
814 1129
256 1131
1368 1140
1504 1131
630 1136
1177 1133
1623 1134
1779 1133
194 1135
209 1134
313 1139
543 1134
720 1135
743 1134
1011 1135
369 1141
386 1137
518 1137
1292 1136
1463 1137
515 1139
590 1141
1271 1138
1332 1138
1614 1145
336 1140
572 1142
1591 1140
52 1144
103 1142
266 1143
389 1147
409 1143
490 1147
536 1142
688 1143
705 1144
1068 1144
86 1144
88 1145
170 1145
422 1144
676 1145
725 1144
749 1145
778 1145
955 1144
289 1157
330 1149
471 1148
559 1147
606 1146
303 1148
364 1148
810 1149
956 1148
1649 1149
1690 1148
1729 1149
938 1152
1198 1153
570 1152
613 1155
758 1152
771 1152
977 1152
1389 1160
1498 1153
159 1154
221 1155
339 1154
671 1156
801 1157
1227 1159
1248 1158
1455 1154
484 1157
756 1157
59 1158
169 1158
496 1159
683 1159
846 1159
962 1159
1155 1165
1274 1161
1799 1158
142 1160
310 1160
417 1161
1014 1161
1313 1161
1368 1167
1715 1160
194 1164
379 1168
606 1165
630 1163
824 1163
1006 1162
672 1172
822 1164
1480 1169
1517 1164
354 1166
479 1171
595 1166
717 1171
775 1167
1711 1167
200 1169
304 1168
1669 1169
1688 1169
247 1172
638 1171
1040 1171
1054 1171
1189 1170
276 1172
628 1172
1654 1172
1680 1174
30 1175
599 1174
1235 1178
53 1177
263 1176
328 1176
409 1178
1010 1177
1447 1178
651 1178
761 1179
808 1182
918 1179
1397 1192
296 1183
321 1181
440 1180
585 1181
775 1187
794 1180
1093 1182
1634 1181
1838 1181
242 1183
471 1183
1014 1182
1376 1182
1476 1182
27 1185
168 1185
1015 1185
1066 1185
1654 1185
49 1189
215 1186
404 1187
449 1186
504 1189
644 1187
950 1187
1140 1188
1171 1190
1201 1191
1263 1192
1564 1186
1769 1188
26 1188
239 1189
423 1190
484 1188
618 1192
1320 1189
1457 1189
1483 1189
1536 1190
1569 1189
703 1190
815 1191
933 1191
1120 1191
1187 1190
1582 1190
532 1192
1659 1192
1776 1193
575 1194
865 1195
63 1196
75 1196
259 1197
389 1199
410 1203
651 1197
1184 1197
1326 1197
1826 1197
522 1199
611 1200
860 1198
1739 1198
1828 1199
430 1200
975 1201
1247 1202
1531 1200
1715 1201
231 1204
476 1204
1207 1202
249 1206
381 1206
693 1205
775 1205
881 1205
1213 1205
1655 1204
497 1206
554 1208
807 1206
1112 1206
1114 1207
1275 1207
53 1209
229 1209
311 1209
326 1208
515 1209
637 1210
756 1208
1082 1209
1180 1210
142 1215
484 1211
787 1211
1194 1211
1497 1210
118 1213
247 1213
283 1212
420 1213
458 1214
738 1215
1621 1212
1623 1213
725 1216
1299 1214
288 1218
360 1216
612 1217
920 1222
1041 1217
1212 1218
1407 1223
350 1224
358 1220
412 1221
515 1224
670 1221
891 1221
1264 1221
174 1225
308 1225
393 1222
539 1225
556 1225
708 1225
1152 1224
232 1225
246 1225
441 1226
719 1225
903 1226
1197 1226
1428 1225
29 1227
464 1226
667 1226
1095 1227
1618 1227
