912 626
284 1
406 144
465 0
484 13
527 35
604 12
1090 51
1589 32
1627 35
1667 37
1699 39
1745 8
1806 0
1831 17
283 16
246 9
305 64
281 58
619 80
502 142
567 61
1774 68
583 73
335 73
430 93
566 92
1239 141
1069 107
577 113
1420 124
840 117
1318 111
1036 112
1560 118
1304 122
1017 120
1242 115
1146 118
1764 133
984 125
338 125
695 129
1140 134
874 136
1321 142
1113 134
1163 138
964 139
1034 139
1059 137
1084 138
1104 143
1292 146
1539 152
940 149
1178 147
1831 166
807 152
429 155
742 155
1113 158
851 157
606 159
1044 221
1182 163
1371 160
1466 208
696 167
1760 175
1083 171
1313 169
898 174
1300 208
718 185
1297 176
428 182
1109 190
1159 205
462 180
551 193
1197 202
1237 182
780 238
493 276
1624 219
1590 200
921 210
1498 207
1549 192
59 191
955 195
974 203
580 198
893 209
515 205
1136 197
1231 205
1 200
875 217
1829 233
59 207
8 203
684 207
1216 214
10 204
12 205
14 206
635 265
22 209
1243 213
1642 214
35 215
39 217
498 230
42 218
44 219
536 236
675 225
46 220
48 221
51 222
1123 231
1279 224
1383 226
54 224
64 229
346 229
1591 228
427 246
1739 237
856 234
564 245
996 242
73 233
515 235
1205 232
1499 241
75 234
77 235
54 325
1201 241
1253 247
1137 248
1644 248
1220 252
1287 261
1515 257
922 256
701 256
1162 258
1131 262
1487 268
881 267
967 266
1019 268
985 272
1210 271
1256 268
1321 286
564 273
1101 275
1145 282
1231 280
848 286
1176 285
396 291
1285 300
1832 300
1450 296
1202 294
1732 301
680 298
1471 302
1024 307
1064 298
1220 313
892 315
1417 311
957 310
558 317
805 314
1269 313
1035 323
1317 318
1381 322
513 321
782 319
1576 318
836 324
928 323
1061 319
1360 324
297 321
1292 328
389 330
1129 336
254 377
1104 336
1239 332
986 332
936 338
527 335
745 340
1174 338
1039 347
873 352
296 373
792 348
805 350
1213 350
403 354
658 352
824 352
1247 356
1319 356
789 355
1084 359
775 356
814 356
1425 367
820 360
1147 360
631 365
770 362
799 363
831 376
1156 364
910 368
509 369
677 373
991 371
1053 370
1174 367
781 369
1232 371
1835 384
615 377
1133 379
1573 379
775 397
792 377
1193 378
1261 379
1800 390
468 379
803 388
954 381
1098 383
1339 380
750 381
477 383
752 382
1249 410
1050 389
1286 388
852 389
985 414
1476 399
717 404
517 406
1008 401
1214 403
732 412
1270 406
832 406
863 406
913 409
1056 407
866 428
771 411
774 412
838 415
819 418
1147 416
69 417
748 416
1036 437
1207 419
755 421
940 424
757 422
760 423
827 423
1079 425
1132 428
1319 424
728 424
769 424
779 424
794 424
846 424
771 426
1200 441
838 432
962 433
850 432
477 435
576 448
762 435
784 439
805 437
1272 439
831 440
1296 443
1556 446
826 443
844 443
729 445
477 449
788 447
764 449
801 449
1255 458
1230 452
704 467
837 452
813 454
871 455
1151 464
629 463
739 458
1178 463
766 464
762 481
794 461
833 463
850 465
901 473
266 467
867 466
1594 470
753 466
800 466
294 473
1067 470
1278 479
797 473
799 472
841 473
864 483
1361 490
1732 484
1078 482
515 483
314 480
606 485
1447 480
1106 488
1211 493
832 506
1061 489
1295 486
1232 490
457 494
803 504
858 504
1026 502
1196 501
725 501
749 501
744 503
758 502
888 514
990 512
1159 508
401 509
740 515
791 508
1076 513
410 511
1051 518
665 515
1198 518
856 531
1219 516
1251 519
756 523
928 523
690 523
771 521
785 521
789 547
965 524
1274 524
725 526
1106 525
1192 525
1233 525
557 530
614 534
1169 529
1756 538
1259 536
751 537
1063 542
839 542
746 547
1044 546
1805 554
1582 552
1085 550
1527 552
712 556
821 552
954 555
1009 556
1238 562
1185 557
1285 558
1049 561
1195 563
833 563
846 563
911 573
1033 565
1013 567
888 571
1149 574
1211 573
1274 577
815 593
1042 586
1288 584
497 591
1070 591
974 593
1115 596
1361 603
927 605
892 605
418 610
674 610
733 611
841 604
1207 614
958 612
1238 608
1833 623
1380 616
778 613
800 612
850 616
1308 613
780 615
1129 615
1514 616
1749 618
902 622
761 618
1181 620
1551 621
799 764
980 625
748 623
775 625
918 635
1084 627
1282 631
1212 629
1255 632
685 633
1038 637
708 638
1197 639
1248 638
1302 639
1085 646
1342 645
903 643
1178 646
710 645
1203 649
1487 647
468 653
546 653
1511 652
711 649
1228 652
598 658
1282 663
1358 667
407 673
996 662
1118 662
1300 664
936 669
1096 675
1780 673
681 668
512 674
638 671
985 676
550 678
675 677
1416 684
1181 686
1248 690
660 724
1199 690
941 691
429 696
1209 703
988 702
1367 708
576 706
965 705
1267 704
858 704
1028 705
886 707
1074 708
1001 712
1040 713
1300 715
485 721
586 717
1163 718
1399 725
1202 718
1260 723
1620 724
1079 723
902 726
21 729
40 728
867 729
914 729
910 733
1 732
1230 733
1379 735
1107 737
1169 751
1050 741
1130 742
1079 745
1294 742
1610 752
889 753
990 752
1042 751
1254 750
1341 757
929 759
636 767
1091 763
408 772
987 768
651 783
886 773
1108 773
875 776
1022 779
1233 789
1285 784
912 783
1070 786
1785 797
676 799
1189 783
475 789
503 798
1311 802
543 807
657 796
1175 802
922 805
1555 802
891 808
1599 806
1211 811
927 812
1126 814
1269 814
931 814
1068 817
1208 826
943 826
1176 819
1234 819
683 836
1255 837
641 820
1004 824
1072 823
1178 828
1283 826
470 833
1124 833
863 834
977 835
1065 833
635 842
914 841
1003 842
1145 844
1185 841
487 848
982 847
1165 845
1103 853
949 859
1088 859
418 863
563 862
1267 865
1344 872
1131 872
459 869
1173 865
1044 868
1247 870
1209 875
1173 879
1223 885
1269 890
1232 899
1776 900
609 904
1310 901
509 905
679 903
1274 902
1216 911
1577 907
668 917
861 908
1268 908
1011 914
1041 918
1257 914
525 925
929 919
1064 926
1178 931
744 940
937 934
1265 938
1575 931
1350 936
400 939
593 939
1281 935
497 944
671 954
758 938
886 941
959 939
1396 939
905 951
1197 945
775 1055
765 947
871 946
949 949
970 948
1043 951
464 955
1097 952
436 961
696 961
942 959
1283 958
809 958
1169 962
1208 963
545 965
1181 963
755 973
1633 973
930 970
1081 970
1187 973
1053 977
1727 991
712 983
1174 985
1212 990
1533 993
798 996
825 995
1237 992
1329 997
1083 994
919 1002
882 998
1093 1000
1300 1000
1189 1007
1177 1007
737 1011
1107 1012
651 1013
772 1014
422 1017
667 1016
1450 1027
1051 1020
1095 1018
1327 1018
1209 1021
1278 1022
1314 1021
1786 1035
1143 1036
1298 1029
1113 1034
1407 1039
1177 1043
1325 1044
361 1053
1102 1054
1829 1071
433 1060
450 1061
1318 1060
1660 1063
1119 1073
1469 1071
1261 1076
1315 1080
1442 1094
1075 1092
1593 1093
1204 1099
413 1101
1175 1109
1217 1106
582 1111
1120 1111
1070 1113
1091 1121
1156 1116
1483 1122
725 1121
1173 1123
920 1125
1555 1122
1304 1127
1374 1127
1122 1132
1217 1131
1018 1135
705 1137
368 1144
1313 1141
598 1144
721 1147
631 1150
986 1148
1033 1149
908 1151
1006 1152
1459 1150
791 1157
1173 1158
982 1164
1260 1162
1166 1165
1534 1172
716 1169
1078 1169
558 1171
1320 1176
794 1178
1452 1178
1590 1181
939 1180
633 1185
894 1184
1187 1186
1213 1186
721 1187
962 1186
1178 1192
1015 1194
993 1195
526 1199
752 1196
430 1200
1240 1198
1078 1204
1129 1206
1171 1210
990 1215
1519 1216
1115 1217
1009 1219
1147 1219
391 1221
1757 1221
1438 1225
1503 1222
1063 1225
1186 1226
1225 1225
1675 1227
1744 1227
