918 608
1081 2
1253 3
432 8
709 13
1055 14
1544 21
482 24
385 30
966 36
1358 44
1415 43
919 54
1394 66
1037 63
901 69
1279 80
959 84
1291 83
1271 97
1221 106
1248 116
1172 114
523 116
1518 125
1623 124
1229 129
1541 136
1136 140
1181 140
1250 145
788 158
1271 153
867 164
974 156
1205 156
742 163
1178 156
1687 162
1584 162
978 167
1776 166
457 173
1253 175
612 172
1141 213
1083 185
780 187
798 197
933 196
776 195
895 194
1059 195
1628 209
458 219
1584 223
1681 224
1107 222
794 228
741 230
434 236
1697 230
1009 241
1106 243
1744 251
825 251
1242 253
1026 261
882 257
1303 262
455 261
430 265
1107 265
503 269
1692 281
780 276
1247 275
904 282
1077 280
428 286
1107 284
1647 286
1436 288
1141 291
1560 290
1161 297
779 304
868 305
1198 305
1178 306
908 313
1126 309
1139 308
842 317
891 324
1302 329
1207 336
1584 342
1621 342
1100 351
1298 349
958 354
1226 357
1170 357
1203 356
487 361
1122 359
726 361
1405 366
817 363
1336 364
1722 370
742 376
1219 378
1825 393
887 391
490 398
911 395
1093 397
933 408
1270 403
1420 403
446 408
1123 410
912 419
817 423
912 462
1295 430
1357 434
1657 438
903 434
728 437
1429 439
891 440
999 454
1371 453
877 466
875 469
1163 470
1071 478
1541 493
850 503
1214 508
1017 517
1834 526
524 545
863 564
1105 564
525 578
803 576
1187 579
1641 580
1468 582
246 599
959 600
850 607
1450 605
890 605
1165 604
1220 604
711 609
976 610
1393 608
1137 614
306 615
1020 612
886 624
1144 621
1236 627
1774 639
831 634
1718 638
762 646
1635 642
941 645
957 652
1201 654
806 656
832 658
1786 658
834 660
550 671
1401 673
1781 673
1780 676
840 679
1488 683
812 680
1145 687
1175 681
828 690
1240 694
1656 688
1776 689
811 691
1775 692
1763 698
827 699
1197 702
1157 705
699 713
823 710
1769 710
1768 713
1767 716
1766 719
1765 722
1764 725
1763 728
1762 731
746 735
1761 734
1760 737
1759 740
1758 743
1757 746
1756 749
1755 752
1752 767
1715 765
832 769
940 784
1745 783
1744 786
1743 789
1742 792
1741 795
830 798
930 805
866 800
885 799
1740 798
1739 801
882 804
1738 804
1737 807
962 808
1736 810
1735 813
1734 816
1733 819
1732 822
968 858
1011 859
958 860
1132 870
907 881
1443 883
560 884
1132 882
576 890
880 897
875 901
870 905
1013 923
1043 909
993 912
1046 916
1114 916
1095 923
918 928
753 933
1109 944
1088 949
804 952
1100 956
396 958
1717 961
1109 967
1114 974
1275 976
589 984
724 984
712 983
919 1049
1111 989
706 991
749 993
721 1001
689 1015
1443 1011
711 1020
667 1029
1167 1121
1139 1183
49 1214
