900 630
358 3
385 6
409 25
598 0
614 21
702 144
898 0
1187 47
480 8
489 55
593 19
513 94
805 26
570 28
593 50
540 103
617 59
1587 69
1710 75
1531 78
566 114
1356 106
1591 107
1224 105
1194 108
1724 163
1081 113
1296 116
1248 119
14 134
1102 122
743 123
1407 124
1071 127
1098 192
1292 135
592 132
1209 128
1640 152
1561 166
951 140
1259 138
1836 142
1355 143
922 140
1031 147
1398 179
741 148
809 151
1331 154
876 157
928 160
1351 155
1345 162
1253 209
529 167
914 171
391 173
1307 172
1030 178
490 186
874 189
1325 192
302 342
534 193
926 194
972 236
783 198
821 198
1350 199
832 271
1028 210
1633 206
1659 212
561 212
1345 212
1595 212
585 218
915 226
606 220
881 222
1426 224
1336 231
1400 233
1630 242
1174 255
1307 248
1748 256
514 261
533 258
574 264
376 261
1036 262
1376 263
1246 268
1470 291
1100 281
1624 288
523 285
1025 285
1263 288
369 289
1192 292
1109 306
1 299
582 304
7 301
1008 305
1134 302
10 302
14 303
652 305
614 307
1282 307
1442 311
523 414
559 310
994 312
1065 312
1022 318
1042 318
1270 319
1838 329
1039 337
1195 336
628 447
683 337
369 339
1011 347
1571 343
1644 351
1102 367
923 351
992 348
1167 349
1271 350
673 353
1232 356
988 353
1042 364
692 356
694 357
835 361
10 361
990 359
1001 358
1211 360
1394 371
694 444
1326 361
1822 363
1302 365
742 369
590 369
991 410
578 376
985 379
1479 381
961 377
1829 388
1006 379
1060 379
1204 380
646 391
965 385
1215 386
1066 388
310 390
313 391
320 393
591 396
1043 407
1075 405
790 403
1250 431
1631 418
738 407
846 406
1420 411
1559 426
578 411
1059 419
1311 412
1379 418
943 414
1289 424
1453 436
840 423
1167 424
758 432
890 431
907 432
944 428
951 434
481 438
977 440
932 447
953 442
1075 445
1715 465
1184 449
970 451
985 450
1086 452
1212 451
1009 456
1576 456
953 463
740 462
1057 475
868 466
1040 463
1197 463
1082 464
595 469
1080 473
1805 480
947 473
996 473
1027 473
250 474
987 475
847 479
1567 477
829 485
1324 481
1352 481
934 483
1075 501
451 488
951 484
1000 485
935 487
965 491
1022 489
410 494
750 494
916 494
936 490
938 493
940 497
954 496
1447 502
241 590
991 497
997 496
1009 496
1240 499
1268 500
985 499
982 502
1371 503
960 505
975 504
1026 504
1039 505
1007 509
1145 510
1173 510
606 513
956 512
1292 512
493 514
905 520
982 512
1050 513
579 519
753 518
1260 519
997 543
1282 522
1330 522
1620 523
987 523
1026 524
957 524
970 527
1048 527
1192 529
1227 530
426 533
1370 533
1283 537
1423 537
686 541
891 542
1047 543
763 542
968 551
1074 540
1265 542
728 543
1563 544
512 548
1362 547
488 552
1251 550
1321 550
506 555
662 567
419 562
928 560
1280 561
769 567
1327 564
1104 579
1236 566
1286 565
645 574
953 569
554 572
918 571
439 575
675 573
973 573
1273 574
946 575
853 580
1618 585
1779 590
996 583
1208 582
575 585
722 586
1262 584
1674 592
1179 597
755 607
899 592
934 595
1050 598
560 602
1019 606
1100 604
1450 607
534 609
858 612
1111 610
613 611
957 616
1069 619
1604 612
831 617
588 618
1016 753
667 620
979 618
1113 635
1152 619
1394 624
564 625
741 624
1261 623
311 658
927 630
1180 629
1330 629
1096 630
1234 630
1136 630
1688 643
669 647
717 639
907 646
596 644
929 643
1190 644
1489 646
1529 663
930 647
949 647
1203 649
1306 650
729 650
1168 652
1428 653
1113 661
1350 663
580 665
1263 662
1151 666
1625 667
253 668
610 669
1191 668
652 673
527 675
896 676
1226 682
617 687
749 688
1264 685
881 723
497 697
562 696
629 699
708 703
662 705
1256 704
786 714
1147 705
239 714
1241 711
556 713
510 717
310 720
1200 717
756 723
520 724
1238 724
905 728
1208 725
590 731
776 730
826 730
810 728
1086 729
239 732
1126 731
1190 738
370 737
1104 736
627 747
792 737
1132 742
1248 738
1265 740
316 747
519 744
1172 747
898 749
710 754
593 756
1298 752
1070 762
568 756
1201 756
414 762
1250 760
1275 761
1615 761
1680 768
1106 765
742 770
882 769
809 772
1656 771
613 774
1174 773
897 775
1056 774
1119 784
840 778
595 780
871 785
1254 779
1300 781
1832 794
1165 786
1259 788
1275 786
1177 790
685 791
458 795
543 793
632 798
1095 794
744 799
1222 799
1243 800
1358 803
425 806
1411 816
612 810
1647 818
1688 826
1175 819
840 827
1239 827
550 836
825 834
360 845
1432 836
1075 847
850 844
1270 850
1530 846
1613 846
757 864
875 852
1308 858
570 855
636 859
686 859
880 857
311 863
1592 870
883 866
603 868
1170 868
806 868
524 872
959 872
1381 874
1276 875
474 878
1094 876
1175 876
1231 885
447 885
491 883
1161 882
1144 886
1178 884
790 888
1250 893
556 891
980 889
530 894
982 921
643 901
1279 900
1300 900
523 902
612 909
1607 911
547 905
873 916
953 916
682 915
1308 914
1327 917
648 926
899 928
1526 938
824 929
493 933
574 937
1689 945
1038 934
1014 1051
1387 943
386 943
416 941
1297 947
1356 940
1588 940
635 944
1013 941
1335 943
622 944
1037 950
585 960
617 957
1137 958
996 957
566 958
947 968
522 962
1281 969
1627 964
1257 966
1339 971
1724 978
1121 970
416 975
1638 973
348 978
1067 975
1348 976
462 979
1492 989
392 985
425 983
536 995
1315 998
430 996
1026 999
303 1002
606 1000
1103 1000
915 1003
974 1003
1400 1009
1615 1014
499 1021
559 1018
635 1026
1333 1020
464 1022
1053 1027
1309 1042
378 1035
1064 1035
595 1036
545 1037
1748 1048
672 1047
1604 1054
270 1048
521 1051
629 1061
673 1064
651 1077
690 1075
589 1080
553 1079
1678 1077
488 1082
443 1087
469 1084
478 1097
452 1093
844 1097
1666 1095
500 1099
872 1099
1756 1106
793 1101
1513 1101
854 1104
1622 1102
1802 1103
914 1109
244 1107
431 1107
886 1107
1478 1111
229 1114
946 1113
426 1115
678 1118
1110 1118
668 1124
854 1125
894 1122
1300 1130
609 1126
371 1127
730 1127
1553 1128
1616 1134
475 1131
1651 1153
687 1138
1453 1135
1285 1137
1185 1142
1457 1139
940 1145
1105 1144
1377 1148
1129 1155
289 1150
950 1161
1212 1155
148 1154
825 1157
908 1157
1179 1157
1251 1161
1237 1160
1491 1158
464 1163
714 1161
1546 1170
815 1164
923 1166
1733 1165
792 1166
852 1169
1030 1172
1512 1176
356 1172
1450 1171
117 1172
1002 1174
1009 1172
1196 1177
1837 1175
436 1178
124 1178
829 1183
1173 1185
43 1186
1149 1188
839 1191
1732 1188
1635 1204
454 1192
673 1192
1448 1193
1746 1192
358 1194
449 1195
950 1196
1114 1195
1177 1197
463 1200
564 1202
1243 1203
1394 1205
622 1206
1174 1203
1597 1209
647 1205
1764 1205
1216 1208
1261 1207
1340 1207
1745 1207
551 1211
604 1208
931 1209
1535 1209
10 1210
1094 1213
603 1222
1052 1218
433 1222
1451 1220
1204 1224
1578 1221
1721 1220
575 1225
1275 1222
1682 1225
1173 1225
1583 1226
181 1227
369 1226
547 1227
1349 1227
