902 618
468 19
542 10
626 18
683 0
820 17
933 16
965 4
1121 103
1180 16
1325 0
1365 17
1388 3
1407 3
1434 2
1526 9
1631 9
1675 64
1769 75
692 21
1287 7
716 16
1478 14
872 56
1298 25
1270 26
572 43
998 39
415 38
125 38
1020 37
500 42
548 35
376 45
600 64
525 47
1283 45
1423 60
956 55
794 62
398 60
741 69
939 59
1290 75
481 73
542 99
1353 99
1463 77
457 79
705 94
231 92
1216 83
428 92
1057 80
1383 91
1239 88
1617 99
2 99
573 94
494 96
1435 104
447 111
728 108
1477 103
856 115
1031 113
1200 109
1530 121
1695 121
1274 160
1831 135
10 119
746 140
614 124
776 145
59 136
1450 123
13 126
891 130
19 143
1383 138
311 134
1011 151
1178 149
139 153
532 154
509 158
1037 161
1195 154
887 154
1331 186
431 171
1400 157
25 159
1640 158
937 179
26 163
1063 185
539 165
28 167
127 187
30 173
546 179
544 199
499 190
511 186
706 188
913 190
999 198
1422 196
242 203
519 206
1210 204
1087 241
785 212
669 241
557 223
706 226
1373 229
1199 229
91 241
140 230
1032 232
1418 283
320 240
1682 257
555 254
1053 283
1233 246
1462 249
246 253
836 247
752 285
1032 250
1182 247
1214 254
158 263
1316 254
885 268
942 266
332 269
1023 264
1327 264
1353 273
800 271
836 272
1507 294
1018 278
1182 278
340 289
1306 283
833 291
955 292
1103 288
1266 306
492 292
992 325
1548 293
385 293
1297 305
1029 299
529 317
1678 313
451 301
506 310
907 311
702 316
1318 310
1234 316
1195 334
1379 314
213 322
442 319
834 331
1474 342
1749 350
770 346
1832 351
1022 341
1146 336
713 344
1233 346
391 349
508 351
1039 341
1379 340
1340 352
1530 380
1060 352
346 354
1279 352
877 354
1295 355
1314 354
812 378
1087 359
96 361
89 371
912 371
110 366
964 381
994 378
550 379
1179 383
1613 414
744 403
1031 381
1066 392
712 384
1327 405
1131 396
705 393
1230 395
445 401
783 405
881 405
566 407
848 407
511 429
800 410
1352 410
1366 412
393 420
859 417
1098 419
559 422
1129 419
910 421
1155 432
1651 421
1034 431
696 430
1190 424
1735 427
964 433
1291 429
1224 478
810 431
853 448
1370 451
103 439
462 440
578 442
1242 444
724 463
749 455
1045 451
818 456
1014 452
1445 464
533 452
1751 456
992 454
1337 461
1020 459
1704 458
479 467
570 466
693 479
834 482
774 492
1291 475
953 489
514 485
592 481
534 482
1003 484
1047 498
1501 514
374 491
1666 511
1023 493
926 512
1271 492
1163 495
1334 499
306 499
1282 501
867 501
1310 501
56 512
1104 504
345 505
1316 504
1128 507
844 515
474 517
724 513
801 513
320 519
1154 523
524 522
1272 526
397 523
960 546
501 524
803 524
988 528
824 530
1045 531
1257 531
390 530
409 532
413 530
1023 533
1200 539
1682 543
1119 540
1066 542
1224 543
377 546
1041 547
1568 567
538 552
718 559
799 554
1069 547
1023 551
1689 551
1349 571
153 558
838 554
497 556
900 557
1450 572
1155 561
1094 562
1188 591
1332 561
653 569
1078 576
1637 565
578 567
595 567
200 572
393 570
992 574
1689 570
580 571
252 579
906 579
1171 579
1232 581
1095 584
1597 592
923 584
917 590
1496 603
476 590
1256 618
818 599
632 603
652 593
847 594
1239 592
1574 592
736 596
930 595
968 601
134 596
496 597
556 597
588 600
1222 598
714 606
928 601
513 609
473 607
656 612
530 607
532 606
858 607
1107 609
552 611
1401 632
1009 612
393 619
607 617
323 618
1089 620
1761 628
771 623
1203 620
1653 623
737 627
796 629
903 627
991 633
1121 636
1287 646
1542 634
466 639
659 629
1212 629
594 630
944 631
955 638
885 635
440 636
514 636
970 636
546 640
596 639
1654 638
710 651
883 640
941 640
930 642
499 646
973 646
565 646
581 646
173 648
1135 649
1228 674
1329 659
974 650
1765 651
927 652
962 653
1090 653
1755 653
523 657
802 657
1062 675
1154 660
1188 658
582 658
804 658
977 664
588 662
949 664
722 665
1437 672
787 671
934 667
1636 680
1595 672
405 671
1109 672
1274 670
1285 670
1500 671
1170 672
1263 674
1807 695
575 674
813 687
1311 675
1492 680
694 686
755 679
987 676
545 679
566 680
648 680
1209 681
482 683
967 684
1088 682
548 685
762 686
487 689
1178 688
459 689
636 704
919 721
741 694
665 695
1413 735
728 700
410 703
848 703
1193 705
702 705
948 705
459 708
523 712
537 706
750 706
1066 717
1138 706
1292 733
539 709
769 709
1174 709
1092 710
898 718
999 718
1243 715
765 725
1151 718
1208 781
506 723
816 723
1177 723
1016 725
1254 736
1136 731
997 735
1554 761
551 736
584 740
941 741
1666 737
1836 746
454 738
1447 752
93 740
1152 744
1673 767
502 742
845 747
978 744
1065 746
314 746
561 749
690 752
1131 749
745 753
768 754
1125 752
1389 750
1034 752
1244 758
1094 754
1224 758
477 760
198 763
823 763
857 764
1114 767
1174 763
406 768
912 805
1138 765
341 768
665 768
629 777
1081 768
600 770
1087 770
1155 771
1271 780
485 776
756 781
1160 773
1339 773
1781 788
1240 783
301 783
338 783
1004 802
305 785
466 785
1127 785
1452 785
519 786
847 796
1129 790
646 802
1318 805
502 797
966 793
1263 792
577 798
1725 800
1139 845
1515 821
465 806
750 817
1744 804
1176 809
484 810
868 811
452 816
665 819
1194 814
1765 812
818 819
842 817
956 818
1402 818
1782 818
443 821
736 821
1127 820
843 822
1065 822
481 826
1015 825
1047 827
199 826
243 829
384 830
564 834
814 826
844 827
1094 828
169 838
515 833
528 833
1127 834
1541 839
737 835
784 835
1291 836
1775 836
701 839
1116 838
539 844
1218 842
1726 840
1325 853
723 844
478 847
848 846
981 848
1010 849
1498 849
530 851
782 853
913 851
1077 852
466 853
1192 852
917 854
1686 869
1008 878
1070 880
539 861
607 864
1162 874
1823 863
454 865
1521 865
1829 865
1398 867
1525 868
1302 874
926 872
1271 870
1744 871
473 872
505 873
1102 872
480 874
757 885
902 876
956 888
1091 877
630 880
732 879
1033 879
1629 886
1783 878
871 881
441 885
924 894
1107 889
1452 886
1467 887
385 893
723 889
881 895
1127 889
100 891
1291 891
355 894
351 896
576 897
700 897
1129 901
1337 897
280 899
1164 912
84 903
1397 900
789 906
1148 904
1702 905
1219 908
1327 923
60 911
450 908
483 909
1260 908
1413 908
1619 911
1661 908
925 1080
1184 912
508 913
397 914
681 914
1106 914
1293 933
1539 927
607 920
1467 917
501 918
890 919
979 922
1190 918
1235 925
474 922
565 920
757 921
913 921
691 923
1174 932
1252 931
688 936
790 933
929 932
1208 936
1462 933
1507 948
1623 932
751 934
1124 943
598 943
1793 937
395 938
509 938
910 943
1057 940
1695 947
449 949
504 944
1265 942
1313 945
1377 956
1398 945
57 951
1073 946
1219 947
404 950
559 950
1153 948
1442 948
1278 950
863 955
1413 953
719 957
890 954
473 958
922 958
1250 960
550 963
1569 960
1621 979
333 967
939 967
528 968
645 974
993 969
1225 975
1429 981
661 971
735 970
1550 980
875 972
981 976
1372 975
130 979
855 977
983 979
1063 978
1157 978
1176 993
1207 979
986 980
1235 982
199 984
485 984
593 994
396 989
457 989
483 988
850 995
1459 989
446 991
941 992
724 993
1217 992
1518 995
494 994
694 994
1043 995
1151 994
1452 995
1541 996
1650 996
540 1000
898 998
1601 999
362 1002
1042 1001
1222 1002
1326 1000
656 1003
144 1005
667 1007
1640 1014
669 1008
1297 1008
1178 1012
829 1016
876 1014
1208 1016
1225 1014
1424 1016
1509 1016
1826 1016
80 1019
1290 1018
1477 1018
1539 1019
1693 1020
523 1026
1124 1023
1515 1022
1540 1022
1001 1025
1175 1027
1210 1027
1635 1027
414 1029
574 1029
1164 1031
1266 1036
106 1032
1169 1033
1247 1032
1408 1032
128 1034
1618 1035
376 1039
625 1037
1223 1037
111 1039
472 1043
823 1040
863 1038
620 1041
856 1042
1126 1041
1177 1041
1401 1040
1426 1040
1515 1046
276 1042
1282 1044
1142 1044
1153 1046
489 1046
1548 1048
285 1049
1141 1048
1210 1049
1157 1050
1232 1051
1325 1053
555 1062
1299 1087
1368 1064
161 1057
249 1057
330 1058
429 1059
1701 1059
420 1062
867 1061
1414 1061
1512 1061
1163 1062
201 1064
291 1064
1119 1065
1259 1064
487 1067
907 1067
1282 1069
122 1071
194 1072
1137 1073
1481 1073
1219 1074
989 1077
461 1079
1390 1080
117 1082
1248 1084
1329 1084
564 1090
1398 1087
512 1090
1255 1093
162 1095
625 1095
1195 1095
1172 1097
1252 1098
1519 1099
399 1101
451 1101
1419 1100
337 1102
690 1103
1349 1104
1556 1108
581 1106
424 1108
1367 1111
1204 1112
1476 1111
1483 1110
1487 1111
1334 1113
1385 1113
631 1118
1489 1114
107 1116
318 1117
1304 1117
1316 1116
301 1119
428 1125
1331 1120
1432 1120
296 1122
1226 1122
1313 1126
374 1124
1185 1128
457 1134
493 1128
1175 1134
1281 1130
1430 1129
1362 1130
1397 1130
1403 1133
1686 1134
128 1135
283 1135
1367 1134
1159 1137
1349 1136
130 1139
326 1139
559 1138
1311 1139
557 1140
1515 1142
112 1145
128 1145
693 1145
1278 1148
1380 1144
646 1146
1381 1147
1497 1146
35 1148
376 1149
738 1149
1760 1149
347 1151
472 1150
1226 1150
1439 1151
266 1153
450 1153
1139 1152
116 1156
457 1155
719 1154
665 1160
1497 1160
392 1163
418 1167
586 1162
1264 1163
1391 1163
694 1165
767 1167
1316 1164
454 1167
679 1166
1666 1167
1417 1170
309 1171
1037 1170
1479 1171
5 1172
1236 1173
1312 1179
1571 1172
69 1174
479 1175
552 1174
1358 1174
1286 1176
231 1179
472 1178
1249 1179
1627 1179
724 1180
198 1183
188 1184
834 1187
966 1184
1489 1185
1308 1186
62 1188
1564 1189
418 1191
1156 1191
1551 1191
282 1193
1050 1193
1101 1193
342 1194
1544 1195
1100 1197
1173 1198
1553 1203
496 1198
849 1199
278 1201
968 1200
1482 1213
524 1202
701 1204
842 1203
983 1204
1025 1202
1365 1204
1623 1204
91 1205
521 1204
675 1204
839 1205
1526 1207
692 1207
759 1207
1035 1206
659 1208
733 1208
1264 1208
1081 1210
1188 1211
1521 1213
107 1214
689 1212
1767 1212
1066 1215
1017 1219
1359 1219
1670 1218
275 1221
287 1220
312 1223
1583 1224
1075 1225
1315 1226
361 1227
