908 615
86 52
271 6
398 80
395 8
444 2
899 11
920 2
1037 12
1062 1
1116 8
1140 0
1187 2
1266 3
1385 9
1833 18
121 13
945 10
577 15
1332 15
922 31
699 26
803 23
1215 19
471 28
1133 32
1226 38
1313 29
996 29
1361 27
1272 34
971 37
1097 40
453 49
1704 59
797 50
1251 50
1614 59
580 56
942 57
1355 57
1157 55
1199 57
1286 67
1308 69
1805 89
925 74
569 78
1173 85
762 79
735 81
1222 91
229 84
1510 82
356 88
1120 84
1655 136
288 88
653 98
847 92
1262 88
1309 90
1091 98
580 101
1263 119
1761 99
820 114
274 108
83 108
326 111
450 114
1126 117
885 108
250 123
340 127
956 122
1147 143
1210 137
1 125
68 132
940 126
1419 132
492 134
620 129
768 132
563 137
141 134
791 135
1279 139
916 136
931 134
867 141
921 142
923 143
1107 144
972 149
591 157
839 151
215 160
620 160
1018 159
45 165
1251 161
1223 166
1066 175
947 186
1111 171
402 181
1265 178
2 182
633 189
1091 181
863 185
1686 223
184 187
1016 190
1185 184
67 185
701 187
904 192
1136 191
1210 194
780 196
1087 196
1151 196
1108 203
717 204
761 204
1090 203
1771 214
188 202
899 208
501 212
1034 215
1210 221
1234 212
861 246
168 215
344 217
791 220
1097 214
880 221
1154 218
85 224
1186 219
57 222
449 221
670 226
1260 222
289 225
1071 227
1131 230
1634 277
1179 231
821 235
746 235
1085 241
1119 244
1143 240
1339 247
813 242
933 244
972 244
1052 251
602 247
755 246
456 257
774 249
117 254
263 261
919 257
1192 269
1245 252
235 258
1216 254
725 262
601 257
676 257
1117 281
322 269
1141 263
1029 261
1164 263
744 262
1063 289
1156 274
552 280
622 273
1089 273
1092 272
1076 277
128 281
174 282
585 282
1013 283
1239 277
614 282
375 291
825 280
1146 284
1249 283
1289 287
772 291
1097 284
715 285
817 285
915 287
70 295
898 290
294 293
1265 297
908 297
803 298
872 348
929 297
226 298
251 303
820 307
1172 308
763 327
397 321
889 318
1060 331
452 324
805 324
1563 328
1010 319
922 324
1113 326
59 329
101 328
165 327
1131 327
355 329
592 326
902 332
1154 329
1837 336
789 331
839 331
481 335
951 335
128 339
221 336
519 335
846 335
1600 338
1222 337
1242 360
392 347
554 347
822 352
943 344
1086 343
1212 340
1363 340
676 343
922 347
1129 347
110 354
351 368
701 354
755 355
1023 355
541 356
733 357
1033 361
758 359
941 359
1120 360
687 361
1182 368
399 367
1096 364
1306 365
1757 375
689 367
1057 370
1135 369
720 371
840 370
939 370
1087 376
702 378
807 373
915 373
973 373
1111 375
1203 373
789 375
917 375
1002 381
1806 378
96 382
145 378
653 383
744 376
775 379
845 376
956 377
1161 378
928 378
945 378
959 385
1047 380
1118 381
1825 383
538 382
1206 384
1796 382
516 384
638 386
940 386
1195 389
792 388
1069 409
1812 389
415 412
785 390
796 391
938 390
1027 391
926 393
1458 393
845 394
1303 394
165 399
592 397
741 396
994 396
308 401
782 405
668 420
1575 403
1103 405
1151 405
48 404
367 409
839 406
928 407
1124 409
739 409
878 411
623 410
750 411
861 428
642 412
762 413
911 412
939 430
578 415
601 415
980 416
706 416
885 419
1478 417
698 418
1098 419
1146 420
1590 424
549 426
645 421
731 421
1637 429
283 424
729 422
915 422
989 422
1017 436
647 424
742 424
757 425
1055 425
1102 449
377 431
1163 428
1181 430
764 429
966 429
980 428
72 433
842 431
979 430
1209 432
1275 431
624 432
699 433
908 432
776 438
798 437
644 438
704 438
749 439
1336 455
1436 460
114 443
593 440
721 444
1185 441
1536 455
741 443
1150 455
1280 443
1398 443
1599 448
235 447
451 457
952 449
1226 449
1389 444
993 457
1036 447
1055 447
425 451
601 449
1197 448
173 453
542 455
870 452
920 452
1279 474
782 453
886 454
1405 453
594 460
817 454
1181 456
1676 455
1779 465
248 458
686 457
727 457
760 460
935 457
855 459
683 460
105 466
709 464
749 473
1060 469
1652 467
1578 500
235 471
382 470
494 472
999 472
1368 476
662 478
798 477
887 473
988 472
1049 472
1157 474
314 476
541 478
891 474
1125 474
422 482
705 477
1023 478
1074 478
1203 485
777 480
1041 479
1088 481
1107 480
345 488
386 490
847 486
865 490
1064 484
262 487
593 484
617 491
1039 485
1162 489
818 489
961 486
245 488
526 489
716 488
965 491
1010 489
1034 491
1760 501
1106 494
1070 495
1094 495
372 502
541 501
834 498
998 499
283 505
750 501
929 502
1087 502
1521 503
995 502
1200 504
155 506
495 504
1133 507
1176 505
1480 506
498 506
661 507
677 512
695 509
1115 509
1714 508
1806 509
141 514
441 515
1032 511
1093 511
1269 522
103 518
553 515
829 516
922 520
1153 515
555 517
583 526
1157 519
1027 528
1613 530
459 526
772 527
887 525
1048 523
1124 522
538 529
641 524
1349 524
1229 526
1528 534
1814 526
407 528
631 528
743 530
798 545
1005 529
1161 529
395 533
628 532
1007 532
1114 531
1138 532
1171 535
524 533
158 537
426 541
677 536
1017 538
1281 541
75 541
768 541
781 539
846 540
1062 539
1479 542
460 544
653 541
1116 548
243 542
484 545
662 545
552 544
962 551
1010 544
228 549
829 547
1070 547
1144 549
879 549
1046 562
1251 548
1331 560
1624 549
169 551
849 553
1358 551
1511 551
34 552
642 552
738 559
901 554
1089 553
1165 552
371 562
698 562
1008 558
1211 556
1548 565
928 559
973 559
1228 559
395 563
825 571
855 564
1506 568
73 564
621 567
1298 563
245 565
646 565
977 565
1017 564
1130 566
1180 566
1300 565
1221 567
1609 566
929 569
1107 568
416 570
962 571
1011 572
1167 571
1674 585
539 580
751 576
1122 573
30 575
172 574
802 576
1086 574
1144 575
1161 579
1030 582
1285 578
0 578
33 578
638 578
1525 600
868 584
922 581
1000 583
1108 587
1356 581
1745 581
453 582
741 584
1176 582
89 585
632 587
889 586
929 585
1136 594
86 587
652 586
703 590
843 596
1156 587
1316 587
175 589
568 588
617 591
916 591
1073 598
1228 588
447 596
1413 597
1767 601
241 593
962 593
1022 594
1039 593
67 594
345 598
1054 595
1239 594
1274 598
208 596
539 603
607 598
961 619
1206 596
1729 597
155 599
399 604
1036 602
1153 598
1208 598
1556 599
22 601
314 606
460 601
739 602
1259 605
1638 601
114 603
135 604
775 606
987 603
1012 602
1142 606
1328 602
111 605
859 607
890 606
1043 605
1125 609
1808 605
108 606
611 607
679 606
1059 607
1105 607
1211 607
1280 607
1489 609
139 616
569 615
1197 609
1248 608
170 612
1092 612
499 612
591 613
637 612
737 612
1283 612
492 615
545 615
761 614
1228 614
450 618
869 616
1102 619
1116 617
251 621
645 619
321 622
385 626
787 621
1158 621
1221 622
857 625
1298 623
1378 622
1534 622
1600 631
1817 629
70 625
406 625
233 632
611 627
761 629
1114 627
1349 627
1563 638
343 630
778 629
1172 628
1486 629
1736 629
550 635
865 633
1141 633
1737 631
915 633
1200 632
1477 639
276 639
434 636
751 635
908 634
1055 635
1824 635
467 641
1283 654
1700 637
447 639
1131 643
1336 648
739 641
1027 645
1371 641
1720 641
730 643
402 644
1185 644
204 646
601 647
643 647
1361 647
1828 651
247 652
747 650
897 652
984 652
1101 648
1389 649
1522 648
376 651
551 653
812 653
841 651
1212 650
269 653
368 656
825 654
1043 655
1356 652
183 654
782 655
939 656
1010 675
1186 655
1494 660
6 657
75 657
802 658
289 662
385 659
466 667
720 659
850 660
1119 660
1738 658
388 661
606 661
961 662
1243 660
130 664
1090 665
1675 671
1751 663
749 665
1115 665
1408 664
1516 665
391 667
446 667
897 671
1185 666
1251 666
1317 667
342 669
573 669
638 669
742 669
1273 669
1445 677
1773 668
144 671
656 671
766 677
840 672
645 673
1137 674
1244 672
1524 672
1629 673
1716 672
629 675
807 684
973 675
1118 675
1211 674
1468 677
1806 675
174 677
398 683
712 676
1209 676
1311 678
1703 676
1808 676
306 680
327 682
379 681
859 679
1085 697
1180 694
1354 678
611 680
944 681
1035 684
1398 686
856 684
903 686
941 683
959 683
1122 683
1488 694
1719 691
594 685
1151 685
1547 685
513 686
744 686
1070 686
1146 686
1625 698
248 689
951 688
1234 704
1308 697
1599 688
78 691
118 691
313 690
462 693
1777 690
491 697
537 695
662 695
746 695
780 699
969 695
1106 698
1684 696
171 701
608 703
649 698
1030 700
1130 700
1573 699
150 703
666 700
1417 701
343 707
833 703
1000 714
1459 702
765 706
848 709
1463 704
1742 704
875 707
954 707
1025 707
1158 706
1196 711
164 709
816 724
931 709
1066 718
1154 709
123 711
182 710
519 710
737 712
758 711
1265 711
1130 712
1433 719
30 714
219 717
371 723
616 714
1510 722
1782 716
465 717
941 866
885 720
1137 717
1334 716
318 719
532 718
570 720
706 722
966 718
1151 718
1212 719
1561 719
103 721
128 720
311 726
395 727
435 720
748 722
979 720
159 725
686 724
762 723
924 723
1024 727
1564 722
1800 722
460 736
539 728
727 724
1335 725
1581 725
1791 724
413 727
441 726
695 727
1085 726
1707 745
838 728
946 731
1336 728
567 733
901 731
105 734
531 733
1140 737
1210 732
1231 733
1561 732
550 736
1034 736
1090 736
1126 734
1275 736
860 736
932 736
1056 737
1190 736
169 742
270 738
303 739
355 739
670 738
1375 744
1460 740
1757 741
35 741
337 742
474 741
1166 740
1819 750
1041 754
1306 750
1393 743
511 748
738 745
939 745
1468 745
1603 745
1767 745
149 746
1450 751
717 755
990 755
1173 750
1233 749
217 751
302 751
348 753
392 754
755 751
1083 750
1272 751
1477 751
1015 752
1199 755
1489 753
1562 767
1795 753
940 769
1352 754
1429 756
104 757
257 757
275 759
570 756
669 757
760 756
1165 757
1331 757
1349 756
94 760
449 759
555 762
766 759
1075 758
1278 766
905 763
175 765
249 765
736 766
998 765
1360 765
290 767
541 767
1072 766
1536 767
457 769
478 768
635 768
972 769
1406 769
314 770
426 772
476 770
499 772
625 771
672 772
1014 773
1341 771
1372 771
1519 771
1660 781
1792 771
1800 770
136 773
712 774
1069 772
1491 773
302 779
564 776
966 776
982 776
1094 775
199 777
252 777
372 779
753 777
878 779
928 777
1006 776
1366 777
147 779
226 778
903 783
1339 778
1454 788
323 782
574 780
620 781
1194 781
1472 781
1632 786
485 782
626 785
921 782
1057 782
1376 782
1418 783
192 785
536 784
1017 785
1799 801
424 792
529 786
973 787
1072 787
1085 787
100 790
521 788
965 789
1154 789
1502 789
269 790
705 790
865 791
951 791
1031 798
1300 791
1336 791
1424 790
1489 790
1066 793
1194 793
1685 793
470 797
1005 794
1146 795
1287 807
1308 795
1535 795
55 797
369 799
557 806
588 796
927 797
1382 796
1405 813
1471 799
1691 797
338 799
539 798
622 799
1349 799
1441 798
1522 800
1592 798
263 800
581 801
618 800
1002 813
1367 802
1729 812
14 805
498 802
667 809
1478 803
1610 803
1627 805
1752 804
412 807
602 807
974 807
1623 808
1696 813
1759 806
32 809
419 810
709 809
1143 809
1170 808
1181 808
1197 809
575 811
932 810
1051 811
223 812
596 814
953 812
1238 813
1359 813
1537 812
1066 815
280 817
330 816
353 817
473 819
925 819
956 818
1166 819
1212 818
138 821
383 821
1313 821
1344 832
206 822
244 824
496 823
565 830
600 825
702 823
1171 822
1614 823
157 825
173 825
836 825
1145 835
1190 840
290 826
343 829
1487 826
1525 827
1587 827
441 828
1309 829
125 831
653 831
1022 831
1256 830
1033 833
1175 833
1399 850
1492 832
1599 833
1632 841
1686 832
188 835
413 835
481 835
628 850
651 835
929 834
1027 835
1288 836
1546 835
216 838
505 837
1474 845
1515 837
1517 836
1554 838
417 842
968 839
1003 840
1179 839
1222 838
1431 839
89 843
102 840
124 842
236 842
287 841
529 847
572 841
1015 841
1359 841
183 844
322 852
459 843
975 855
1255 846
1446 852
1500 844
382 845
1314 844
1378 844
937 848
1674 853
1821 847
553 850
658 849
701 849
1132 849
1292 860
1586 848
1759 849
251 850
483 851
1018 852
1319 851
463 852
686 854
1517 852
76 854
389 856
865 857
1010 855
169 857
261 858
1520 857
1556 858
363 860
1146 859
1538 859
1646 859
1775 859
409 860
499 864
564 860
704 861
942 861
1149 861
1243 866
1261 860
1649 860
298 862
418 862
521 864
565 863
944 862
1175 862
1216 862
1318 862
1708 863
1789 865
198 865
292 865
1159 866
1539 865
1712 865
344 869
435 868
458 874
1000 867
1186 867
1273 873
1510 867
165 868
713 869
1010 868
1476 869
280 876
724 871
945 871
963 872
1259 871
1379 872
143 873
224 872
989 873
1203 872
1223 874
1237 873
40 876
646 876
675 880
1207 874
1657 876
1710 887
1824 877
325 876
1330 892
1533 880
202 882
237 882
553 886
1414 878
1593 886
404 883
431 885
621 881
1186 880
1406 882
1774 884
258 884
1151 883
1196 883
1365 889
726 884
961 886
1207 886
1391 890
1419 885
41 887
669 886
716 888
943 887
950 886
1162 894
1256 887
114 888
123 889
326 891
358 888
683 888
1141 888
1452 889
505 891
1115 891
1636 890
521 893
597 892
638 892
1250 893
1282 894
750 895
147 897
438 904
1221 896
164 900
817 904
1232 918
1257 902
1666 907
47 901
229 901
293 901
512 900
711 901
111 903
121 902
1209 907
1548 905
1560 903
153 906
239 904
389 908
486 905
713 906
1147 905
1769 905
288 907
664 907
680 909
836 907
1183 907
1287 907
1454 906
190 908
491 908
690 908
1274 908
1400 915
1462 909
1514 914
329 913
1464 912
300 914
444 916
1173 915
256 917
268 917
1194 917
146 919
383 918
548 920
799 933
1349 947
43 921
207 922
263 920
490 923
526 921
623 921
1385 928
554 923
658 922
725 923
818 926
1563 922
143 926
240 926
1187 924
1366 925
1476 925
1498 926
561 927
675 928
1266 927
1361 927
1421 927
133 928
158 929
189 929
706 929
740 928
842 930
1543 929
1630 928
155 931
460 933
693 937
1484 931
1613 940
1826 931
11 934
274 933
546 935
594 933
1122 932
880 934
1177 939
1264 935
1569 937
1685 937
243 936
355 937
436 936
1151 943
1211 937
1250 938
1407 936
1474 938
301 940
450 948
672 946
1422 939
1799 938
32 940
74 941
370 942
822 941
1236 941
1285 941
1742 940
192 942
752 943
1298 951
1382 942
1502 943
172 945
476 950
551 945
775 945
883 944
1708 944
1720 947
931 946
1231 954
1480 947
294 949
428 950
705 950
1520 960
118 951
564 953
760 951
1641 956
274 953
358 953
523 955
886 957
947 956
1108 952
1197 953
1405 952
1711 962
1825 952
589 955
929 955
1498 956
57 956
184 956
232 957
664 960
713 965
912 957
1147 956
601 959
818 959
848 958
1417 987
1785 959
263 960
542 962
682 960
730 961
804 962
1483 964
513 962
753 963
994 963
1201 970
1616 962
1672 962
270 964
942 964
1009 965
515 967
557 966
756 966
788 976
913 968
1263 967
1619 967
1821 967
433 969
446 969
455 975
894 968
989 969
1094 970
1230 968
1826 970
337 973
672 971
687 973
1294 971
1469 971
933 973
1256 972
410 976
512 975
634 976
764 980
47 976
808 977
902 977
1237 976
1344 987
1562 977
1599 977
380 978
432 978
471 983
678 978
745 991
877 979
921 979
1162 978
83 980
629 981
994 986
1120 981
1170 981
1506 981
1555 981
1640 982
1669 981
163 983
299 982
596 983
1081 989
1109 983
1243 983
1572 982
262 985
364 987
401 984
909 993
1655 985
1715 985
265 987
603 987
692 990
773 989
928 986
959 986
1257 989
1273 986
1592 986
1630 987
1728 987
525 989
980 988
1053 989
1373 989
1552 989
1695 988
45 990
457 991
855 997
1294 992
1303 1010
1329 990
1789 990
156 992
359 994
441 993
542 993
1064 993
1461 993
1611 995
1747 994
1828 994
194 996
375 995
482 995
512 995
885 1008
1123 995
1185 994
1249 996
1368 995
298 997
347 997
399 996
433 998
941 1003
1032 996
1176 998
1488 996
1112 999
1211 1003
1471 999
76 1001
319 1000
330 1003
369 1000
596 1001
1269 1001
1441 1006
1561 1001
1676 1001
239 1004
619 1003
713 1007
1019 1002
109 1005
607 1004
798 1008
1235 1004
1699 1016
1784 1006
1819 1004
204 1007
136 1008
612 1008
774 1009
1222 1008
1335 1034
1485 1008
476 1012
829 1010
1182 1020
1423 1011
1463 1010
1764 1010
1789 1011
385 1013
428 1013
677 1012
1112 1016
1760 1012
190 1015
326 1015
379 1015
520 1020
752 1014
930 1019
172 1020
626 1017
1146 1017
1166 1016
1193 1017
1245 1016
1271 1021
1518 1017
124 1022
259 1019
320 1019
460 1019
647 1018
1828 1019
143 1023
419 1021
452 1026
987 1020
1030 1021
1239 1021
1253 1020
1435 1021
1467 1021
1478 1021
243 1023
367 1024
587 1022
878 1023
1556 1035
1584 1022
1782 1033
592 1025
633 1026
666 1025
776 1024
1442 1025
130 1027
253 1029
316 1026
511 1028
616 1026
770 1027
852 1028
863 1029
996 1034
1375 1033
1457 1031
1473 1028
1602 1026
150 1028
744 1039
961 1029
1413 1030
984 1031
344 1033
667 1032
897 1034
919 1033
1396 1033
1055 1036
1253 1034
1359 1034
1530 1035
1626 1037
1820 1035
233 1037
365 1037
460 1037
590 1036
834 1038
292 1044
345 1039
1253 1056
1274 1043
1469 1069
1838 1040
46 1042
162 1040
606 1041
698 1042
718 1041
1194 1041
1464 1041
509 1045
636 1043
672 1043
915 1042
1017 1043
1775 1042
142 1044
427 1046
457 1045
585 1048
793 1044
1187 1045
1298 1056
788 1046
1142 1047
1327 1046
1756 1046
51 1049
370 1049
392 1049
667 1048
714 1050
787 1050
1419 1049
1527 1051
1705 1049
90 1051
161 1050
648 1050
734 1056
1074 1056
1590 1050
1743 1050
1801 1053
190 1053
481 1054
759 1052
902 1052
217 1056
435 1055
755 1055
843 1058
1751 1054
77 1058
129 1057
146 1056
315 1058
620 1056
808 1057
815 1056
867 1056
955 1057
223 1066
297 1058
396 1059
771 1059
1011 1059
1552 1058
1564 1060
519 1066
583 1061
925 1063
1042 1062
1159 1061
1540 1062
1598 1072
334 1062
665 1063
980 1063
82 1065
163 1065
603 1064
614 1064
742 1065
789 1065
818 1064
1174 1065
1718 1064
1721 1065
107 1067
966 1067
1034 1066
293 1069
441 1069
633 1070
704 1070
1550 1068
878 1071
1141 1070
1218 1071
1324 1071
1753 1070
1780 1070
346 1073
427 1077
479 1074
545 1072
605 1076
672 1077
726 1077
1006 1073
1230 1079
1535 1074
58 1075
276 1075
700 1075
905 1074
954 1074
1121 1074
1274 1074
1330 1080
1396 1074
1635 1075
1706 1077
200 1076
353 1077
388 1076
500 1077
1022 1076
304 1079
638 1083
926 1080
1049 1081
1372 1078
1515 1088
1673 1078
1824 1079
252 1080
463 1080
753 1081
861 1080
974 1080
1727 1081
1782 1088
1819 1080
19 1084
526 1083
579 1083
824 1083
1196 1082
1275 1083
1411 1086
1831 1083
799 1093
1151 1084
1346 1084
1364 1088
443 1091
481 1086
504 1088
611 1086
986 1091
1047 1087
1101 1086
1299 1097
1692 1086
32 1089
631 1089
755 1089
1322 1093
1435 1095
559 1091
618 1091
700 1090
731 1090
1068 1091
1251 1092
1613 1098
1698 1092
345 1094
684 1093
706 1097
871 1094
896 1098
334 1094
746 1094
1801 1094
378 1097
393 1096
521 1098
656 1097
857 1099
1245 1097
1645 1097
137 1099
247 1099
482 1106
721 1099
1125 1099
1359 1099
1768 1103
297 1101
592 1101
686 1101
769 1102
1007 1101
1029 1105
1184 1100
1410 1102
422 1102
434 1103
728 1103
1343 1106
47 1105
342 1104
556 1105
645 1105
877 1105
1158 1105
1422 1105
294 1106
376 1107
837 1110
188 1108
285 1110
394 1109
651 1109
779 1108
450 1110
1210 1110
1269 1115
1365 1110
1377 1111
1477 1115
726 1113
789 1112
1002 1113
1508 1112
132 1115
419 1114
828 1116
1013 1119
1812 1115
299 1120
454 1116
525 1118
631 1121
762 1116
950 1117
1330 1117
1515 1119
1567 1117
1636 1119
1715 1116
1774 1116
152 1118
264 1121
398 1119
583 1120
1343 1118
1616 1119
150 1120
378 1121
494 1121
554 1121
671 1120
734 1125
1039 1121
1159 1120
1268 1136
1395 1129
1784 1121
121 1123
833 1123
1321 1124
1448 1125
142 1124
428 1124
469 1132
504 1126
565 1124
805 1129
385 1127
535 1126
645 1127
687 1126
748 1127
787 1130
1000 1127
1676 1128
1729 1127
216 1128
343 1130
580 1129
890 1129
1436 1130
1541 1130
171 1130
564 1131
703 1130
920 1131
1368 1136
1586 1131
665 1132
988 1133
1415 1133
156 1135
550 1138
565 1135
651 1136
754 1138
865 1135
989 1135
1161 1135
1193 1135
1473 1146
310 1137
312 1136
376 1136
482 1137
636 1136
797 1137
1061 1142
1307 1141
632 1140
709 1141
773 1144
1200 1139
389 1141
1431 1142
1696 1141
2 1149
190 1145
496 1142
745 1147
1579 1142
278 1145
661 1144
833 1144
951 1151
1016 1144
1586 1149
1806 1146
408 1148
936 1147
980 1146
1387 1146
1610 1153
1663 1150
14 1149
392 1149
511 1149
648 1149
772 1149
1125 1151
1241 1148
17 1151
669 1151
820 1150
1375 1156
1768 1151
278 1160
1224 1155
1312 1153
336 1155
515 1157
546 1155
1286 1154
221 1157
363 1156
988 1156
1159 1157
128 1159
441 1160
488 1158
667 1159
923 1160
1000 1159
1140 1163
1195 1164
74 1161
413 1161
568 1164
1214 1160
1279 1162
322 1163
334 1163
876 1162
1267 1163
1731 1169
171 1166
511 1165
722 1164
708 1166
771 1172
1105 1167
1391 1167
77 1169
267 1169
340 1169
401 1174
534 1174
590 1170
1211 1169
1274 1168
1289 1173
1412 1169
1674 1169
228 1172
667 1172
1334 1170
1568 1170
470 1177
748 1173
898 1172
951 1173
1594 1172
1710 1175
1811 1173
150 1177
434 1175
737 1178
837 1174
851 1174
986 1175
1146 1175
1348 1174
1356 1184
1526 1178
291 1181
555 1177
682 1176
880 1186
1418 1179
1749 1177
216 1178
689 1178
846 1179
519 1180
625 1181
968 1180
1009 1181
1652 1184
1659 1180
1703 1180
1830 1181
50 1185
214 1182
239 1183
574 1183
713 1186
728 1182
1166 1182
1256 1186
1534 1182
1564 1182
484 1185
673 1185
935 1185
981 1184
1000 1184
1161 1185
1188 1185
1271 1185
1424 1185
1480 1197
71 1186
108 1186
472 1187
852 1187
266 1189
441 1189
489 1188
1179 1192
1276 1189
1297 1188
1511 1189
1751 1188
226 1190
361 1199
942 1192
1520 1198
1634 1191
1764 1191
268 1192
771 1192
1264 1193
1602 1193
1770 1192
580 1195
685 1195
805 1195
156 1198
450 1197
643 1197
736 1199
428 1198
707 1198
1454 1200
1739 1206
1831 1200
390 1203
431 1200
705 1200
978 1200
1218 1200
1615 1200
1655 1201
220 1204
511 1205
623 1202
651 1202
1460 1204
172 1207
703 1206
759 1207
1043 1206
1220 1208
343 1208
406 1208
545 1208
951 1208
1274 1210
1414 1215
1546 1208
147 1211
224 1211
239 1210
598 1210
725 1213
1122 1213
1831 1210
142 1212
562 1214
1397 1212
1626 1212
5 1215
50 1219
269 1215
492 1214
930 1215
1235 1215
1259 1214
1493 1220
485 1219
656 1216
1519 1217
1568 1216
1785 1223
1836 1216
609 1218
1368 1220
1510 1218
1562 1220
1726 1221
169 1221
571 1220
1673 1220
308 1225
599 1225
620 1225
781 1222
1085 1224
1509 1222
1696 1225
24 1226
510 1226
825 1226
1581 1226
297 1227
997 1226
1399 1226
1564 1227
1747 1227
