916 622
95 6
175 5
381 5
426 3
661 28
751 27
930 15
1013 114
1044 9
1060 4
1125 11
1334 0
1370 14
1405 25
1497 44
1596 1
1685 39
869 42
821 22
1622 33
36 31
235 32
362 29
712 25
409 29
696 34
1576 84
433 30
470 30
174 40
385 42
206 40
1120 56
1159 42
1252 50
121 50
449 51
1445 66
279 59
705 59
1328 73
845 59
204 80
808 94
977 72
840 73
927 90
298 79
1398 159
379 83
651 86
537 86
589 92
1130 86
1657 97
64 99
324 95
1258 98
271 100
30 105
395 104
1162 110
672 108
1074 105
1095 110
956 115
112 115
652 120
577 121
733 125
804 123
504 128
1652 157
459 154
934 132
812 153
1092 134
677 136
599 140
47 156
370 153
400 146
945 146
637 165
770 156
1304 152
1558 172
703 149
870 150
1180 162
949 152
973 157
1089 164
599 167
680 171
845 192
798 170
125 179
221 179
75 186
1195 191
1510 195
1094 190
412 186
665 199
1081 186
319 190
445 194
1468 204
789 192
875 222
1362 219
809 204
267 207
995 223
360 217
1093 212
211 224
64 219
109 226
630 224
1061 214
307 223
1158 225
771 229
47 222
1207 234
1632 227
277 238
1663 230
548 244
407 240
676 238
1073 238
1550 255
1627 237
54 239
777 249
1052 244
1078 245
87 248
802 248
315 246
1026 250
305 259
716 263
379 260
798 260
161 268
929 272
1655 285
995 269
874 287
1017 271
773 274
908 271
1451 270
670 282
63 284
895 275
1042 281
1273 295
998 279
580 282
958 283
334 291
1586 283
375 287
831 285
986 287
1446 295
231 287
1023 291
1072 293
157 291
233 288
790 292
571 303
1100 298
823 297
1042 303
1495 316
653 300
941 310
366 310
972 305
1079 311
1330 315
1014 326
318 324
979 311
276 315
385 317
403 318
822 315
594 331
1243 334
964 332
804 323
898 321
57 327
856 328
298 334
148 341
1046 334
1085 333
226 346
617 337
277 340
836 339
1583 338
661 343
541 349
889 344
936 345
1522 380
684 352
733 360
984 349
633 355
660 366
909 357
774 373
843 360
1347 358
336 363
1056 362
1125 367
260 374
919 370
1024 369
1045 372
1078 376
1310 374
65 380
798 374
831 375
1009 377
555 383
804 392
1388 394
610 382
991 383
1317 425
81 390
344 395
826 386
911 388
1050 387
390 393
846 388
652 391
256 400
524 395
632 395
951 404
1054 405
587 404
1005 402
1076 400
1149 396
297 403
744 405
859 400
1763 400
1214 412
233 410
657 406
837 404
181 408
620 409
648 412
795 433
65 420
307 418
431 427
540 421
860 412
758 428
782 415
843 415
871 415
1019 416
192 422
807 419
855 418
884 419
1078 427
825 428
1030 423
866 422
1043 423
586 449
647 429
845 427
1125 436
1407 427
1502 439
331 444
844 429
861 428
977 432
134 438
962 432
74 435
913 436
263 442
825 438
836 437
1046 437
628 445
811 445
865 438
573 440
846 441
922 442
823 446
840 446
901 460
1035 450
208 453
1378 452
1409 473
652 459
1065 455
1624 464
211 457
792 457
820 467
1372 457
818 458
928 462
855 461
123 463
365 465
699 469
1256 493
1011 470
105 469
412 471
1042 470
609 471
437 472
729 475
963 477
498 476
1325 488
994 491
1047 482
1069 479
1092 481
1293 485
515 486
109 486
792 485
413 487
814 487
144 487
148 488
150 505
804 499
890 509
945 492
341 498
779 496
735 497
941 497
553 504
1070 499
1016 507
298 506
379 508
1345 527
1587 516
966 510
288 510
428 512
765 510
1056 510
700 520
932 511
937 516
969 534
333 525
1479 537
658 532
992 522
433 530
278 528
234 532
271 534
314 532
799 532
343 555
1031 535
1090 544
583 537
615 536
297 541
1285 541
1036 544
563 550
1306 551
761 552
801 573
1006 548
90 549
685 548
714 549
921 549
1048 549
626 550
933 561
1018 550
312 552
162 575
171 555
1040 554
505 562
781 564
886 588
977 561
596 569
855 572
261 574
358 565
736 568
829 565
981 565
216 568
827 568
1015 578
229 574
984 575
1467 590
770 588
1419 589
817 578
911 578
623 582
908 580
210 582
319 584
715 590
747 594
813 584
987 584
1047 587
403 590
857 586
952 590
1304 606
100 590
156 589
829 597
981 593
557 605
1339 605
379 592
631 601
962 595
306 598
927 600
13 599
1181 629
148 602
319 607
1533 601
1043 602
1493 613
470 605
1048 607
1126 609
57 616
580 620
611 616
643 611
689 625
946 610
1424 610
1792 610
789 612
858 615
963 614
991 613
350 617
488 621
1039 620
1094 614
380 620
1416 616
807 636
1449 618
1083 627
755 626
1515 635
1369 659
571 643
769 631
1590 631
650 633
664 637
395 637
469 638
629 645
740 639
885 638
297 644
970 643
1295 640
687 648
892 653
955 647
533 645
878 647
1034 645
1067 651
1626 657
526 653
730 655
990 649
62 652
239 651
1764 650
946 657
962 654
1286 660
1309 662
208 659
505 662
678 656
1710 660
104 658
121 659
412 662
1030 674
125 660
1130 660
1217 661
802 664
1214 663
1824 663
273 665
706 670
619 685
917 668
344 670
844 668
933 677
1271 680
475 670
554 670
796 670
864 671
1456 678
1601 670
189 676
561 675
661 680
337 678
790 685
1535 691
741 688
1164 691
1213 695
850 688
960 688
975 688
1047 687
244 689
310 691
341 693
815 705
1011 690
94 690
500 691
546 694
1584 691
207 697
256 692
656 693
759 695
780 696
844 692
1073 696
572 704
932 705
1186 710
396 702
921 699
943 703
1034 701
767 702
1748 702
957 705
1401 705
1599 706
237 711
314 710
595 716
736 715
1042 710
354 713
772 712
786 710
845 710
946 713
278 713
1307 739
934 739
969 715
401 727
562 719
768 717
867 716
965 717
1391 717
1467 716
889 720
1370 719
1441 735
1474 720
679 726
1026 723
1508 722
1644 730
715 731
765 726
1058 731
1386 725
875 727
1254 727
1597 727
825 738
1536 728
217 736
696 731
789 730
1010 731
1342 730
380 733
603 733
663 735
857 734
1694 732
1193 735
1281 736
14 738
782 738
1024 737
571 749
1204 759
1714 738
530 741
707 744
859 740
855 883
1719 741
1509 742
758 745
911 753
1408 755
350 750
736 751
796 759
876 759
145 757
479 755
280 759
391 756
331 756
502 757
625 759
1689 757
590 763
458 764
1561 763
298 765
617 767
736 764
1183 764
1526 765
1670 764
901 767
503 768
1505 768
788 792
943 770
1034 777
1236 773
1535 770
701 775
1725 773
270 775
368 777
474 775
571 777
916 795
351 782
860 786
962 778
425 784
560 792
1313 779
1766 779
137 781
1769 780
301 788
530 784
710 783
723 782
947 795
732 788
476 789
1536 787
1733 786
690 789
831 789
580 796
900 791
967 790
1206 797
502 796
741 793
821 792
823 793
1037 793
1245 799
1563 792
714 800
1072 802
1470 797
963 799
1346 800
237 800
328 800
1019 800
1266 810
1415 801
1466 801
670 806
1638 803
740 804
891 808
407 807
1693 807
1826 807
54 809
639 811
695 813
1164 808
1715 808
1057 816
36 812
145 813
392 813
762 813
828 813
1189 820
107 817
364 815
592 824
656 815
1231 817
1361 815
775 818
881 820
612 823
748 819
733 828
1545 820
1756 820
762 834
836 822
922 823
1017 823
1219 823
781 825
1363 825
153 827
572 829
915 826
939 835
1083 827
1149 837
1511 828
1524 828
306 831
786 831
1424 831
347 835
420 838
853 838
1734 834
971 838
1644 837
1199 854
1764 839
112 841
407 840
610 842
631 841
1121 841
798 843
872 843
899 850
1242 857
263 845
310 845
456 846
597 849
833 847
1186 844
1613 845
1612 847
1626 846
483 850
552 849
811 848
866 849
1015 848
1512 848
1538 849
85 850
407 852
1229 851
102 855
250 856
279 854
1045 852
1129 863
1273 853
1550 852
350 857
789 854
873 855
1510 855
410 856
1085 868
1523 867
428 863
602 861
1325 861
163 864
204 864
297 862
881 865
1070 865
312 867
548 868
1397 913
36 869
790 868
957 868
1794 869
461 871
803 874
1471 872
40 875
1042 876
1272 886
211 877
607 893
1491 876
225 882
1166 883
1503 879
1573 879
408 880
452 880
792 881
809 882
1062 885
1432 888
1577 881
106 888
1546 883
246 884
422 884
1219 885
1312 884
1367 886
1480 886
70 888
1329 888
351 892
508 890
128 894
297 894
536 899
566 894
473 898
1168 897
1418 896
112 899
201 899
1283 907
1326 909
1421 901
1447 903
588 906
1195 905
1214 905
1232 918
1780 904
1180 908
1374 907
1451 906
1783 908
300 909
1117 908
360 911
1687 911
1712 911
1787 910
1655 919
14 915
120 917
370 918
1025 920
1132 915
1826 917
563 921
194 918
488 920
627 923
668 925
307 920
471 920
1159 934
1188 920
1762 920
1764 921
287 924
1542 922
45 925
588 925
1274 925
1334 925
1455 924
83 927
312 929
376 926
1266 926
718 942
1819 929
272 930
519 934
1317 935
1473 934
750 938
1297 936
1344 959
346 945
497 942
1124 947
1229 943
1560 940
537 942
744 945
1736 943
594 948
1039 945
1280 953
254 947
646 946
1308 946
1575 954
311 949
524 948
567 950
810 984
1402 949
1480 949
471 950
1367 951
219 953
372 955
1108 952
45 954
634 956
769 960
1038 956
1681 955
1766 954
276 956
329 957
1000 968
1469 956
1838 957
6 958
1022 959
1078 958
1130 974
1160 958
100 962
313 962
586 961
701 963
420 962
556 968
594 969
621 967
1118 963
1228 963
1539 962
1785 962
405 965
540 971
1305 968
1503 964
1506 965
1789 964
750 967
1030 967
1412 967
1607 969
363 972
1267 984
1644 971
247 972
493 974
905 980
918 972
1321 973
1533 974
87 975
144 979
968 976
383 977
704 978
755 979
1419 977
460 979
1430 979
648 980
1153 985
1570 980
1574 984
1584 981
440 982
511 984
693 983
1014 983
1209 982
1011 985
1332 987
307 987
338 990
430 986
454 990
1764 987
571 991
953 989
969 991
1203 990
1216 989
1511 989
1524 989
1526 990
539 992
599 995
644 994
766 992
1007 994
1799 995
79 997
1361 997
1529 997
1561 997
551 999
915 998
993 1006
1708 999
142 1000
325 1000
379 1001
461 1001
505 1000
528 1003
1150 1000
302 1003
1221 1013
1430 1003
1585 1004
395 1006
413 1004
436 1005
492 1005
699 1006
1498 1004
100 1008
545 1007
605 1009
650 1006
1035 1009
355 1009
422 1008
646 1009
887 1009
1070 1008
682 1012
331 1012
1108 1013
1464 1013
376 1014
402 1014
596 1014
666 1021
745 1014
759 1014
864 1015
1387 1021
1546 1014
1658 1015
516 1017
526 1016
937 1016
1028 1016
1063 1019
1439 1017
1553 1017
479 1018
1118 1019
87 1021
440 1021
552 1025
1195 1035
582 1030
945 1023
1585 1022
204 1030
493 1024
573 1024
648 1027
706 1025
1050 1033
1447 1024
1488 1024
1797 1025
305 1028
420 1028
626 1026
1016 1027
1132 1035
1335 1037
1683 1027
532 1028
874 1034
1445 1036
1535 1028
1538 1029
177 1031
734 1031
918 1034
1355 1030
689 1033
767 1036
1582 1034
267 1035
338 1035
411 1034
451 1036
799 1036
976 1035
1092 1035
1748 1034
1750 1035
265 1037
436 1037
545 1036
853 1036
1256 1036
1644 1036
1794 1036
653 1038
747 1042
988 1041
1099 1039
1161 1043
1219 1039
1586 1039
1778 1039
1420 1050
1521 1040
343 1042
529 1047
764 1044
788 1052
1454 1042
1529 1042
1566 1047
1764 1043
635 1048
944 1045
121 1049
664 1050
938 1047
942 1046
345 1048
439 1048
1327 1049
483 1051
504 1050
1579 1052
334 1053
547 1055
681 1054
709 1059
982 1053
1345 1052
171 1054
984 1056
1044 1056
1292 1054
304 1057
1627 1057
266 1058
301 1058
684 1058
836 1060
874 1060
947 1059
1322 1065
343 1061
758 1061
214 1063
379 1066
611 1062
811 1065
118 1064
610 1065
1442 1065
584 1073
1466 1067
1476 1066
1010 1068
210 1071
298 1071
445 1078
469 1070
544 1071
623 1071
970 1070
1012 1070
1132 1071
504 1076
669 1077
766 1080
358 1075
525 1074
565 1080
923 1076
933 1074
1001 1076
1077 1074
1284 1087
1355 1078
1414 1075
1649 1074
1699 1075
289 1076
613 1076
204 1078
272 1079
350 1078
382 1081
462 1079
541 1079
912 1078
317 1089
640 1080
1246 1083
794 1083
1098 1091
1183 1082
1674 1082
374 1084
436 1086
535 1085
1492 1085
450 1087
635 1086
787 1086
1384 1088
1043 1089
1801 1089
333 1091
346 1090
609 1092
728 1095
818 1100
1353 1097
1813 1091
255 1093
500 1092
515 1093
753 1092
802 1094
1434 1092
1495 1092
113 1095
192 1096
970 1098
50 1096
280 1096
298 1100
370 1103
390 1099
1369 1096
1420 1101
1749 1097
115 1098
166 1098
432 1099
1510 1098
1626 1098
1725 1098
322 1101
483 1101
562 1102
667 1100
944 1100
989 1105
1043 1100
1627 1100
1722 1100
225 1102
1108 1103
1602 1102
475 1108
482 1104
741 1104
1312 1105
1594 1105
1770 1105
1831 1105
180 1106
243 1106
495 1107
531 1108
623 1111
858 1106
943 1106
1563 1107
1734 1107
1773 1106
687 1112
726 1108
1233 1109
1308 1109
1372 1111
72 1110
90 1111
314 1110
1048 1111
1703 1110
1782 1111
435 1113
727 1113
1490 1114
1551 1112
192 1115
335 1114
393 1115
498 1115
982 1117
998 1116
1161 1114
1740 1114
302 1117
339 1118
941 1116
1088 1116
1341 1129
1811 1117
1066 1118
248 1120
321 1120
344 1121
455 1126
586 1120
922 1121
1119 1121
1383 1122
1409 1122
480 1122
1650 1123
478 1124
573 1130
291 1127
331 1126
497 1126
638 1129
800 1127
811 1130
887 1128
1186 1142
252 1129
419 1128
421 1129
537 1130
590 1128
739 1129
1059 1130
1210 1133
1261 1128
1318 1132
224 1135
336 1130
376 1131
653 1133
1265 1134
185 1132
395 1133
544 1133
924 1133
1716 1132
361 1135
363 1134
512 1135
555 1136
632 1135
791 1138
1229 1142
1250 1134
1720 1135
294 1137
314 1137
350 1141
707 1137
1470 1137
1557 1136
1619 1136
137 1139
332 1138
515 1138
1040 1138
1326 1139
1440 1139
274 1142
306 1140
387 1141
405 1141
1254 1141
1563 1140
58 1142
411 1143
651 1142
745 1150
982 1146
1269 1144
1817 1143
422 1144
427 1147
432 1144
627 1150
888 1146
1518 1144
1738 1146
12 1146
153 1147
233 1148
286 1161
542 1147
956 1146
1597 1146
168 1149
262 1155
449 1149
469 1148
524 1154
676 1149
1122 1152
1248 1149
14 1150
335 1151
800 1150
1072 1150
1327 1164
1240 1152
1593 1152
1682 1152
1727 1153
378 1154
1559 1156
85 1157
590 1164
1735 1157
177 1158
514 1159
599 1158
803 1160
854 1158
1480 1158
1564 1159
349 1162
355 1160
428 1161
620 1160
654 1160
1147 1163
1175 1163
1288 1161
230 1163
1600 1162
418 1166
1081 1164
337 1167
454 1176
494 1167
761 1171
1054 1166
1168 1168
177 1169
387 1169
529 1169
664 1170
689 1169
1152 1168
1452 1169
1468 1169
175 1170
1153 1170
1621 1170
298 1173
378 1176
478 1173
602 1173
1212 1173
93 1175
403 1180
431 1175
522 1174
551 1175
630 1174
693 1176
798 1175
1050 1175
1562 1174
358 1181
426 1177
661 1180
780 1177
1047 1176
1564 1176
253 1181
316 1178
839 1179
937 1178
1167 1179
1219 1178
1264 1178
287 1181
505 1182
626 1181
838 1181
900 1185
1290 1181
1367 1181
1542 1180
1544 1181
172 1183
223 1182
437 1186
794 1185
1551 1182
40 1184
90 1184
409 1185
548 1184
572 1198
582 1184
1794 1185
259 1186
384 1190
522 1186
753 1189
849 1186
1586 1187
45 1189
306 1189
918 1189
942 1190
973 1188
1201 1188
198 1191
1427 1190
100 1193
285 1192
426 1193
467 1192
537 1193
613 1202
1109 1196
93 1195
303 1194
1159 1195
857 1197
989 1196
1019 1198
1517 1197
88 1198
140 1199
239 1199
263 1199
322 1199
564 1199
770 1199
944 1198
980 1200
1401 1198
1495 1199
28 1201
114 1200
233 1204
278 1200
403 1204
480 1200
1253 1201
1464 1200
1498 1201
1729 1200
136 1202
1079 1205
147 1204
1037 1205
1453 1208
16 1207
591 1206
1195 1206
200 1208
342 1209
360 1209
426 1209
1619 1209
1660 1208
41 1211
54 1214
119 1211
252 1210
380 1211
440 1210
516 1215
778 1211
1372 1210
1752 1211
99 1213
421 1213
541 1220
644 1212
1270 1213
1330 1213
1764 1213
716 1215
782 1214
1036 1215
1339 1214
1391 1215
206 1217
220 1216
1011 1217
1069 1218
1327 1217
1507 1217
1551 1218
255 1219
657 1218
802 1219
1509 1219
1688 1218
166 1223
326 1225
355 1224
380 1225
406 1224
192 1225
289 1225
431 1225
688 1225
700 1225
707 1222
911 1222
1008 1224
1310 1225
1603 1225
12 1226
72 1225
87 1225
304 1225
472 1225
591 1225
744 1226
1150 1226
504 1227
839 1226
1487 1226
