909 617
156 11
334 3
460 5
611 3
730 13
785 0
783 42
878 0
1053 1
1218 2
1259 19
1624 33
1689 20
1815 17
958 18
1174 15
683 25
854 15
1014 17
446 18
973 28
1138 20
1069 27
356 42
481 31
1170 36
714 39
986 34
1401 42
1515 45
458 55
915 43
483 50
968 55
1129 93
1060 74
951 68
679 68
1235 83
320 67
865 71
929 66
740 70
913 68
1341 77
1111 71
1161 68
1412 83
590 78
1446 96
564 82
814 89
892 78
138 84
848 99
1021 83
720 92
1178 91
1044 93
201 94
203 95
1682 118
363 125
383 99
654 103
1191 99
997 102
1114 103
1478 110
874 125
506 110
436 113
1198 113
1148 116
312 122
429 122
768 134
998 126
1024 130
1609 162
421 133
333 136
1195 136
911 143
496 146
816 150
1138 142
945 169
458 152
574 153
839 152
93 155
967 153
1182 153
1381 164
716 158
791 159
1156 159
1020 164
1057 166
1581 164
7 163
1132 170
704 206
764 176
382 179
831 176
1302 187
1225 197
863 181
1007 181
1154 184
1095 183
894 189
971 184
731 186
1385 195
734 214
1643 205
502 198
759 199
205 198
468 199
790 218
1008 198
959 204
725 201
978 203
383 209
1295 202
1535 238
1278 214
1086 223
1187 221
427 214
1164 211
967 213
1123 228
899 216
610 218
808 216
819 218
1243 238
1336 242
464 225
766 235
910 226
1155 226
814 236
1050 229
1005 231
1701 253
535 236
1074 233
1030 233
406 246
346 239
316 243
871 243
984 240
616 252
1153 261
859 252
893 249
1103 252
1461 284
636 255
1126 252
368 255
971 257
1091 253
1177 267
1835 258
1429 268
537 268
477 275
851 271
1047 267
1581 294
1351 268
1738 290
916 361
1362 283
1256 273
1061 277
1324 275
1120 277
510 285
858 282
1197 285
758 293
1008 288
1090 287
412 300
811 291
1115 288
1392 290
729 292
1135 317
216 293
29 294
1307 305
858 300
218 307
766 313
1176 318
182 307
851 321
1227 326
50 317
728 310
1086 311
1682 312
799 328
1027 316
1104 316
463 323
823 319
1337 335
1285 321
1045 324
502 327
838 332
753 330
1102 354
1502 345
21 340
677 344
825 357
933 336
1407 352
753 343
720 343
1078 343
1610 350
516 353
1378 345
1522 370
235 351
493 364
765 352
1009 352
584 353
794 371
1070 355
1369 354
1228 364
462 367
632 367
651 358
1029 361
1080 361
1281 360
1125 381
1278 365
849 370
1274 368
414 376
1296 371
395 375
516 377
1378 374
200 380
1143 376
837 378
1068 386
476 388
760 386
580 385
823 393
1288 391
243 392
676 396
415 398
515 395
853 396
856 390
1044 414
263 393
1488 393
796 395
384 399
1267 405
1446 409
1084 404
1173 411
465 405
490 407
999 418
438 410
819 406
840 408
1082 410
1113 412
561 416
1472 437
756 418
798 423
1023 415
1263 414
838 418
1081 417
818 420
1357 425
972 420
1606 428
427 423
1524 440
1104 424
1135 424
490 426
1063 426
1148 426
535 430
605 429
920 432
1081 431
774 434
940 433
1102 434
1386 433
1566 440
506 435
132 441
239 440
791 440
1113 449
1378 477
536 447
946 446
442 449
507 452
932 456
870 450
1127 450
798 461
1014 452
1677 457
719 455
982 457
1021 457
814 460
892 460
1216 458
511 463
644 463
715 461
779 466
941 460
1029 462
558 469
742 478
1153 473
1260 466
865 465
847 467
1006 467
844 469
528 471
952 473
994 473
855 475
1088 482
1617 500
857 483
871 480
1043 495
1063 480
1304 489
269 480
436 481
618 485
885 489
468 484
764 492
811 485
1012 485
1124 482
784 486
838 486
953 498
1065 485
648 487
682 486
986 488
344 491
440 492
716 492
791 521
860 511
922 499
1016 498
1097 500
1121 500
1423 514
1459 506
445 509
499 505
1335 502
716 504
1410 504
139 510
226 507
1079 507
1562 514
632 511
649 511
745 513
1084 511
678 517
948 513
1522 517
98 517
575 514
587 516
818 516
897 519
183 520
494 518
611 518
730 519
878 518
988 523
1000 519
1167 523
1065 520
1123 521
881 522
928 524
1398 524
1464 528
1312 532
266 528
523 534
567 528
747 530
890 530
1009 546
734 532
1092 535
611 532
681 537
870 537
922 534
950 535
1054 535
616 537
959 536
1045 537
445 540
809 544
836 546
1059 540
343 543
909 544
1215 550
1258 548
667 547
761 549
919 545
946 545
1028 545
718 551
939 547
1088 547
1490 557
500 549
609 549
1060 553
1650 549
465 551
534 550
3 560
482 553
733 552
883 553
507 556
521 555
545 555
1108 565
1312 558
1346 568
1393 557
315 559
747 560
891 602
1073 560
343 561
945 561
721 562
1024 563
444 565
831 565
1038 564
1092 565
1549 567
113 568
522 566
846 568
914 569
701 580
1040 571
1264 570
471 573
727 573
813 576
964 576
740 577
948 577
1015 579
1444 590
397 579
539 585
774 594
834 579
961 579
1577 579
554 580
852 582
1100 580
1251 581
1376 586
457 584
790 583
438 585
668 585
750 585
643 586
954 589
1059 587
1156 590
1220 597
255 590
844 592
950 594
1008 594
1028 593
1077 593
447 595
745 595
322 600
786 598
839 600
974 598
1097 597
1013 599
1081 601
260 603
517 603
751 602
1015 602
133 605
456 608
617 604
1271 616
1288 605
365 606
815 609
989 606
1031 678
1141 606
152 610
556 610
1091 609
1249 612
1026 610
1191 613
396 613
513 612
541 613
754 616
791 623
1474 618
955 615
1496 628
76 616
767 617
425 619
524 619
1051 619
616 624
682 620
857 622
1029 621
339 623
579 623
634 628
1098 622
459 630
1289 627
122 632
490 629
571 631
1039 630
1063 635
1711 628
1097 631
1433 643
412 637
1094 638
1414 634
511 636
542 638
677 638
1137 654
763 642
801 642
627 643
966 643
1615 643
461 644
748 645
1050 645
1275 646
921 868
1082 650
281 648
545 650
1110 659
977 658
284 654
672 655
869 656
458 656
470 658
661 657
825 659
924 658
1177 660
169 661
269 661
369 660
600 660
822 661
1082 660
1444 660
536 665
970 665
1539 668
1194 667
1396 674
630 667
799 666
852 667
991 667
662 674
1012 669
978 678
1287 673
1043 672
1064 673
335 674
460 677
1191 674
882 678
903 687
595 684
820 679
1451 678
872 681
804 688
472 694
393 691
572 692
727 691
858 692
1083 692
1330 692
486 692
1254 698
554 707
966 695
1341 696
1065 698
1135 697
1283 720
1313 696
723 699
624 704
892 706
937 724
1531 705
1407 706
520 709
957 714
1013 706
1317 735
206 711
865 713
1468 713
830 719
1578 722
1399 732
1158 725
822 725
511 726
1251 731
979 731
1005 727
536 731
671 734
1210 738
188 734
845 731
878 739
743 738
956 735
1190 736
607 737
862 738
375 739
402 739
553 742
895 740
167 741
622 741
1027 741
1657 741
208 743
1361 743
641 744
955 744
1041 744
1525 749
620 747
1503 747
1385 753
492 751
521 751
701 751
737 750
793 751
1149 754
1174 752
1210 751
85 752
598 753
716 753
934 757
947 753
1125 758
605 758
1506 761
409 759
823 759
894 759
902 761
1753 758
621 762
751 760
837 762
1060 764
1094 764
950 763
975 764
995 765
1351 768
398 767
462 767
684 766
1040 769
539 772
720 771
874 768
443 772
875 771
477 774
567 774
697 773
1006 773
1028 773
1065 773
1498 772
230 775
593 774
453 777
636 777
799 777
1007 808
1249 777
1295 777
484 781
925 782
999 779
1010 780
609 781
1061 782
1344 780
1452 783
1629 781
280 783
907 782
911 783
567 785
643 788
858 793
1028 787
1140 788
1400 786
1252 790
1399 789
744 797
686 792
972 793
1173 794
1388 799
723 794
904 801
482 797
835 801
1095 798
467 807
1425 803
691 804
1325 812
1483 806
1536 807
549 804
759 805
606 806
1209 811
565 808
849 809
1078 813
1224 808
566 812
684 812
732 811
1443 811
670 812
924 813
414 815
568 815
1135 814
396 816
659 819
1167 819
1266 816
1305 817
1347 821
580 818
613 819
574 821
1142 820
1229 820
765 828
1149 823
1369 823
1560 822
478 824
550 824
1153 824
344 830
485 833
837 833
1219 833
1355 838
455 835
738 834
256 838
720 838
1229 841
1309 836
1424 836
1457 836
670 840
771 841
999 838
1013 839
509 841
562 842
1048 840
1047 843
1262 843
501 849
1302 850
730 847
898 847
994 846
1010 846
1237 847
1703 847
254 848
712 848
1151 848
644 850
884 851
1335 860
1390 850
1411 853
1556 850
189 853
297 853
398 852
567 853
393 854
709 855
755 854
876 854
893 855
565 858
902 857
1658 857
1357 859
761 863
1192 862
1212 860
1264 863
1395 860
1543 861
578 863
709 868
781 863
1284 864
266 868
581 867
1526 867
550 869
776 868
450 872
591 873
1801 872
732 875
790 875
636 877
752 880
1190 884
1223 879
1304 885
1583 879
1751 878
423 881
1436 883
1715 880
577 882
765 883
490 885
562 886
628 885
742 884
1708 884
1764 887
518 889
1271 901
477 890
672 896
782 890
1220 890
1419 890
690 893
426 894
1374 894
1430 895
510 896
623 896
1168 900
1391 901
770 899
781 904
705 902
1219 900
1332 911
1352 902
1546 901
1748 900
485 902
593 903
684 902
736 903
768 904
1154 904
1503 905
1350 907
1470 909
1740 907
553 909
1210 911
1225 910
587 913
643 912
775 913
340 915
526 918
763 914
1364 916
640 917
1613 916
1679 918
592 919
1105 918
1487 918
344 922
603 922
620 923
743 924
1234 937
1393 928
812 928
1302 925
1479 925
1522 925
1797 950
147 926
754 927
774 932
747 929
794 933
1166 929
501 930
1618 931
474 933
538 933
623 933
1264 941
1498 935
521 936
734 936
1295 937
1387 936
1075 938
1160 940
1168 938
1351 944
1288 941
1413 941
1632 941
586 942
1081 942
1208 942
333 944
623 944
778 946
1043 945
1305 954
603 946
524 949
590 948
783 951
1075 951
1549 949
667 951
1040 950
1176 953
1197 954
766 953
1472 953
1094 956
1247 955
1320 954
1336 955
1644 955
1108 957
1256 959
1576 957
443 959
602 960
778 958
1226 958
1231 959
573 960
664 961
730 961
966 963
988 963
1428 965
564 965
1024 966
1212 964
1445 964
783 966
1001 968
1253 967
507 969
1051 970
1165 969
1222 969
1208 971
688 972
796 973
1548 973
707 975
1323 977
1498 975
276 978
622 977
1071 986
1141 979
1200 976
603 979
734 978
754 992
768 978
782 984
898 982
394 981
479 980
1264 980
1306 981
1391 983
839 985
1223 986
1243 985
1331 988
1411 985
160 986
666 987
954 989
1246 988
795 991
987 990
1273 993
1298 990
1477 991
481 992
587 993
689 992
718 995
1217 995
1316 993
504 994
615 995
811 994
984 994
1339 995
392 996
530 997
601 997
1167 1002
1232 997
1709 997
461 998
591 999
637 999
939 999
1247 1006
364 1001
776 1000
535 1007
692 1002
709 1003
1687 1002
796 1004
558 1008
726 1006
1031 1006
1182 1006
1295 1009
1322 1006
1368 1006
577 1008
678 1009
780 1009
1278 1010
328 1010
330 1011
539 1011
620 1010
690 1011
732 1011
927 1016
942 1011
971 1011
1153 1012
1171 1010
1034 1012
1135 1014
1361 1012
608 1015
1204 1026
1330 1017
471 1016
1069 1016
505 1019
533 1019
675 1018
1003 1018
1005 1019
1225 1018
1287 1019
1372 1027
1737 1019
521 1021
712 1022
857 1025
886 1021
1123 1021
1149 1020
1304 1020
1543 1020
40 1023
604 1023
973 1022
1157 1026
1252 1031
1262 1022
1336 1022
544 1026
502 1026
771 1027
838 1029
1068 1028
578 1028
641 1028
895 1028
1111 1029
1299 1029
451 1031
489 1030
653 1031
873 1030
918 1031
1143 1032
1225 1031
1329 1031
1463 1031
608 1032
621 1033
683 1032
1298 1032
980 1035
1273 1036
1313 1035
49 1037
690 1037
1015 1038
1122 1037
1202 1038
1363 1036
630 1039
735 1047
763 1039
1579 1038
797 1041
817 1040
1091 1041
356 1044
604 1043
615 1042
785 1043
824 1042
1018 1043
1237 1043
1315 1044
1576 1043
769 1045
906 1046
1060 1044
1235 1044
717 1046
1191 1047
971 1049
1053 1049
1340 1049
1752 1049
435 1051
533 1054
582 1050
596 1051
806 1051
1117 1051
1204 1050
791 1053
860 1053
931 1052
1020 1052
1151 1054
1424 1053
656 1054
1227 1055
1239 1055
1338 1055
625 1056
704 1057
769 1061
508 1058
632 1059
669 1058
785 1059
1074 1062
1093 1062
1199 1058
1266 1058
1374 1060
321 1061
1155 1061
1499 1061
1318 1062
1355 1063
553 1065
641 1064
933 1067
612 1067
650 1066
692 1068
985 1068
1414 1066
566 1069
1117 1070
1209 1069
1288 1069
600 1070
606 1073
664 1071
712 1071
1270 1072
1308 1070
655 1072
904 1073
998 1074
1019 1073
1283 1073
1317 1073
819 1074
923 1077
1012 1077
1067 1076
1104 1075
1168 1076
1248 1075
1489 1075
1210 1077
1378 1077
343 1080
561 1078
1103 1079
1228 1079
1305 1080
1511 1078
690 1080
877 1081
1092 1081
1156 1081
1188 1091
1254 1080
284 1083
836 1083
801 1084
812 1085
956 1085
1026 1086
1141 1085
1175 1084
1217 1089
1280 1085
1326 1091
1401 1085
640 1087
374 1089
535 1089
777 1090
791 1094
981 1088
1277 1091
1310 1090
1815 1088
482 1090
907 1091
1040 1091
1355 1092
558 1092
1132 1094
1290 1093
481 1095
915 1095
989 1094
1150 1094
457 1096
620 1097
896 1096
933 1096
1000 1097
1181 1097
1228 1099
1257 1097
1597 1097
453 1099
1044 1098
1350 1099
20 1106
1035 1102
1389 1105
449 1103
564 1103
883 1103
1263 1102
1135 1104
1371 1104
394 1107
684 1107
1282 1106
1344 1106
1514 1107
1111 1109
1167 1111
411 1110
434 1110
470 1110
616 1112
678 1117
722 1111
912 1116
1145 1111
1189 1111
1314 1111
789 1113
933 1113
563 1115
1106 1115
1370 1115
1495 1116
503 1116
575 1117
632 1116
700 1117
797 1118
884 1116
974 1117
1282 1117
1431 1120
468 1118
1207 1118
1524 1118
1631 1118
837 1121
946 1123
989 1121
1485 1120
667 1122
781 1123
1067 1125
1246 1130
642 1124
828 1124
853 1125
956 1125
1009 1126
1358 1124
1445 1129
1515 1124
366 1127
741 1127
844 1127
1054 1127
1275 1128
229 1128
763 1131
809 1129
1109 1130
1225 1129
1415 1129
1586 1129
460 1131
509 1131
714 1131
784 1131
1079 1131
1160 1132
1284 1131
1317 1131
1379 1130
428 1132
699 1133
810 1134
980 1132
1332 1132
1372 1136
1451 1133
1554 1132
1693 1133
587 1134
906 1136
1291 1134
208 1136
363 1136
705 1138
716 1137
1000 1137
1186 1148
1219 1139
1418 1137
1556 1136
424 1139
590 1139
687 1138
794 1138
1120 1140
1467 1139
365 1141
726 1142
505 1143
754 1143
1212 1146
1353 1144
1436 1143
528 1144
843 1144
888 1144
977 1147
1160 1144
378 1146
818 1146
842 1147
1266 1149
1408 1149
1447 1146
522 1148
646 1148
1083 1150
1096 1148
1128 1149
1254 1148
701 1150
720 1152
1108 1153
455 1153
488 1153
1281 1152
1615 1154
1709 1154
462 1154
995 1154
1245 1156
1324 1154
1329 1155
370 1156
619 1159
755 1159
820 1156
835 1156
1003 1157
1222 1168
1455 1156
1563 1157
530 1159
644 1159
1094 1159
1173 1159
1724 1159
792 1161
813 1161
844 1161
875 1161
899 1161
929 1164
1349 1160
1397 1161
565 1163
855 1163
919 1164
1051 1163
1118 1163
1242 1163
1353 1166
1507 1168
423 1165
467 1164
483 1165
605 1164
859 1164
946 1165
959 1165
834 1166
840 1167
886 1166
976 1172
1039 1167
1091 1167
1119 1167
1262 1167
1817 1169
387 1168
785 1169
800 1168
901 1168
1097 1170
1278 1168
1412 1172
1424 1168
1674 1169
810 1171
1010 1172
1038 1178
1263 1171
1451 1170
463 1172
521 1173
692 1172
1050 1172
1121 1173
1247 1172
1467 1172
507 1175
781 1175
1082 1175
1163 1175
1289 1176
1308 1175
1333 1175
766 1176
778 1177
1166 1177
1195 1177
1253 1176
1434 1177
618 1179
939 1178
970 1178
1317 1179
1369 1179
1557 1179
813 1182
1054 1180
1097 1187
1110 1181
1142 1185
1242 1180
1325 1180
1340 1182
1587 1182
842 1182
1217 1183
1539 1183
441 1184
541 1184
878 1184
997 1185
1189 1184
1510 1185
1542 1185
393 1187
416 1186
822 1189
1034 1187
1298 1186
777 1189
879 1189
983 1188
1366 1189
913 1191
1055 1191
1119 1190
1227 1194
1330 1191
1614 1191
528 1193
653 1192
750 1193
775 1193
866 1193
902 1195
927 1195
975 1192
1000 1194
1193 1195
1249 1193
1383 1193
1394 1193
1426 1193
1692 1194
367 1194
581 1194
1105 1195
1378 1194
1751 1195
869 1196
961 1196
1271 1196
386 1199
455 1198
483 1198
654 1199
1124 1200
1188 1201
1204 1208
1528 1200
1557 1200
878 1202
995 1203
1237 1204
1278 1203
1507 1203
302 1205
773 1204
860 1206
1373 1206
1517 1204
388 1206
835 1208
927 1206
939 1206
946 1207
960 1206
983 1212
1164 1207
1297 1206
1347 1207
1453 1207
430 1208
1036 1208
1388 1212
1456 1208
524 1213
609 1211
656 1210
677 1210
741 1212
791 1211
1121 1210
615 1213
787 1212
876 1212
907 1212
964 1212
967 1213
1249 1213
1592 1213
179 1214
443 1215
816 1214
903 1215
1114 1214
1252 1216
1305 1217
173 1217
393 1217
439 1217
475 1216
527 1217
744 1216
839 1217
1081 1216
1098 1218
1151 1217
1219 1221
1240 1217
773 1218
1293 1218
1401 1219
651 1221
719 1220
1073 1223
1144 1223
1158 1221
1345 1224
1382 1220
1423 1220
325 1225
970 1224
1288 1225
1557 1225
5 1225
538 1226
814 1226
927 1225
1207 1225
1233 1226
1421 1225
687 1227
702 1227
1037 1226
1300 1227
1406 1226
