913 622
42 3
96 1
221 35
324 8
408 9
512 0
605 0
680 2
734 6
780 13
943 2
1005 5
1062 0
1128 5
1156 6
1249 13
1274 1
1418 39
1510 6
1636 26
1726 14
1783 14
803 9
845 7
713 29
923 18
259 26
605 20
829 15
1556 29
1320 48
1597 32
652 35
901 27
940 30
1005 31
896 40
803 52
291 52
1285 57
399 55
699 46
963 50
354 64
557 49
784 55
1003 79
626 62
895 57
145 58
833 59
1057 84
907 73
954 69
942 75
1656 108
938 84
1223 104
1318 123
917 87
1030 102
433 96
796 97
821 98
605 101
873 97
260 108
59 106
586 104
1604 136
1100 116
1779 102
893 114
928 110
944 112
747 118
1376 115
977 117
369 124
908 121
419 128
692 145
903 128
354 127
1374 126
972 133
257 140
778 133
1397 131
872 134
925 158
61 151
292 140
303 138
748 145
835 148
1054 150
640 159
581 169
1007 157
1294 148
1098 150
1257 153
1282 152
446 163
1457 180
885 159
1033 163
1339 158
1353 158
1678 174
329 171
153 170
1293 165
1379 164
1531 164
427 173
1421 167
945 169
991 176
1212 177
1427 168
675 175
1248 171
1291 172
1318 172
742 182
98 190
656 188
1276 177
834 178
783 181
1321 180
1366 180
1526 239
1016 185
1343 182
1595 182
229 200
31 194
627 196
681 192
1416 230
776 196
1386 191
1397 191
1188 192
819 244
129 200
1064 202
997 202
1208 220
723 206
894 203
914 204
1187 206
931 214
1041 210
1319 236
1371 229
1635 208
1620 218
1669 211
161 217
1180 247
1302 216
1666 212
1390 215
903 219
1140 216
1285 216
1452 217
1227 228
1389 218
698 222
1277 243
95 246
846 230
870 233
920 226
1467 223
934 225
1453 224
494 230
662 228
893 230
1013 241
764 240
1300 232
567 247
225 242
1355 240
1619 240
357 248
840 242
1217 243
1385 243
934 265
332 266
402 254
677 249
449 263
1220 248
1396 249
1061 292
1227 251
1359 255
1300 259
1447 260
914 260
1430 261
1292 263
472 272
697 268
1266 267
1341 266
1359 267
1457 266
1212 301
1304 268
1367 268
905 273
1143 270
1243 273
1015 275
1300 276
1349 276
1229 279
502 289
613 283
765 286
684 287
1295 286
237 289
744 290
1026 292
159 304
646 293
869 291
1183 290
1282 291
1586 305
929 299
878 298
653 301
845 304
1151 321
96 308
734 309
1286 306
1320 305
806 315
1027 317
1750 313
927 316
1003 316
981 319
53 324
1261 318
1266 319
519 332
658 333
710 325
230 330
379 329
1573 341
967 327
1408 336
479 353
415 341
1497 335
941 343
273 342
725 339
1289 345
1480 348
1258 364
1321 351
326 353
874 352
1059 347
1201 348
670 357
711 358
731 352
808 352
998 353
944 359
844 369
916 360
1379 366
1018 401
1060 360
349 363
1291 369
274 369
733 366
352 370
1183 371
1552 389
643 376
942 407
922 382
1140 381
723 396
915 388
1386 400
107 393
820 411
871 398
984 399
1063 395
1177 395
1603 403
397 403
1333 400
417 407
561 399
495 405
114 408
918 403
1308 423
966 404
1048 404
1459 414
643 410
1066 408
1070 411
1252 414
681 412
951 410
1168 411
975 416
1498 418
237 431
553 433
747 439
987 423
1082 423
1351 430
700 435
852 451
1166 442
1188 440
852 430
522 445
872 437
955 436
204 443
502 436
721 438
802 445
1035 460
86 441
600 441
604 444
959 444
1549 449
996 446
1104 446
1001 448
43 454
772 455
1004 451
249 455
431 463
3 468
1083 455
1145 454
1280 463
388 462
1001 458
1789 470
794 463
958 461
145 462
887 464
1313 463
714 467
898 469
1437 491
105 477
525 473
1506 473
668 478
694 478
921 481
158 481
802 479
945 478
1372 492
964 481
882 482
546 493
1113 484
1270 488
712 493
171 493
500 493
582 490
685 490
927 491
1126 490
960 494
1003 493
1301 501
341 497
850 495
1021 494
731 497
788 509
1041 499
670 499
938 506
1061 507
206 512
524 512
586 506
891 506
422 511
692 514
1486 513
875 519
1539 524
1094 515
1252 515
321 516
703 552
671 522
935 523
949 524
853 538
992 542
446 533
1224 533
1570 535
1051 534
1273 550
1456 546
1509 534
883 537
908 537
1052 536
598 544
1054 541
1055 543
1362 548
337 556
795 545
1533 564
477 549
965 549
761 552
809 559
874 552
1008 552
314 559
919 563
948 565
856 585
969 578
1323 563
892 575
1325 564
480 575
1483 575
163 574
522 576
1063 588
1046 576
922 576
1005 593
692 580
931 582
458 590
508 583
732 580
1224 585
1384 585
1508 592
897 582
1141 598
820 593
1245 595
681 590
1458 606
525 597
956 609
126 597
1115 599
202 600
1332 600
203 602
588 602
384 610
699 623
788 622
893 610
1107 608
1292 611
1414 614
190 619
721 614
827 615
1373 629
486 616
414 621
993 619
1534 630
915 621
1336 628
639 633
957 628
5 657
987 650
408 630
755 639
1080 633
1179 639
292 635
1413 640
729 639
1505 640
726 640
786 640
1125 647
494 646
931 645
878 647
335 653
472 670
495 649
596 649
1285 648
1435 651
1264 659
1525 650
715 652
1097 652
521 657
380 662
938 661
200 658
560 659
104 660
631 663
720 661
956 661
1074 663
1210 663
1490 664
102 662
844 694
1137 665
766 666
1233 667
415 668
610 669
1136 668
1342 678
531 678
1294 680
572 678
969 676
896 680
752 680
767 682
882 694
1090 682
1239 683
577 685
949 685
977 693
1173 692
318 692
708 687
797 695
247 692
508 689
726 688
1308 692
1473 694
749 695
943 699
1125 693
684 696
817 696
1363 710
809 699
1059 698
663 705
723 702
769 703
1088 706
1427 715
195 707
543 708
927 834
1496 719
876 709
174 711
728 710
759 717
814 713
1514 710
446 712
467 721
1170 714
684 716
974 718
357 719
1140 719
731 722
1243 729
632 726
747 730
819 729
1219 728
867 730
101 730
939 730
321 732
778 735
920 734
148 736
718 738
863 738
381 741
408 741
793 739
849 757
950 740
184 740
1065 740
1270 744
1293 744
1426 751
1451 743
704 743
782 747
962 744
254 744
1021 750
255 746
665 747
870 746
90 752
551 752
924 748
864 751
140 757
486 756
951 752
1255 754
1666 752
222 755
289 754
565 761
699 754
804 754
901 756
958 761
1252 759
927 760
424 762
1778 763
399 764
982 765
33 774
496 768
523 767
1359 769
111 769
542 769
933 772
962 769
1398 787
96 774
979 770
250 775
959 781
558 778
613 786
675 792
570 782
890 791
985 783
1295 786
498 789
591 789
1248 789
250 791
852 792
1040 795
1292 793
222 795
511 798
538 797
693 795
946 795
1152 799
650 801
690 800
1132 800
932 803
1521 802
972 818
398 812
601 806
926 806
1287 808
206 809
946 814
1309 811
1359 812
504 814
887 810
1234 812
992 819
363 824
744 818
1268 822
563 822
468 835
565 825
1231 830
726 827
585 829
274 830
728 831
268 833
747 833
1283 833
1451 835
511 835
1265 836
1383 843
346 841
1436 841
412 841
706 842
296 843
437 845
722 842
13 846
76 849
253 847
516 849
736 845
749 846
1364 852
746 854
719 854
784 857
682 857
1419 865
1500 862
654 864
750 862
599 862
672 868
1199 874
1044 872
1322 881
1027 887
7 885
706 879
765 878
1398 884
534 883
1105 890
1512 883
320 886
787 884
1251 893
169 884
355 886
609 887
1001 887
1351 888
631 891
1013 888
1079 896
613 893
665 892
531 905
708 898
778 898
1347 898
597 900
610 900
1372 903
1419 905
1448 905
548 901
1124 910
235 911
723 907
1275 909
457 909
621 914
985 909
1024 912
364 913
455 910
1014 910
1190 911
1725 915
1225 932
1342 933
1763 920
834 923
977 925
1663 923
325 927
1777 927
1289 936
494 932
944 933
1141 937
1819 932
455 935
1015 939
936 937
964 936
1502 940
1707 937
873 939
1043 939
566 943
865 941
1713 941
20 943
483 943
582 944
149 951
381 945
832 947
465 946
1269 947
293 948
729 950
810 948
295 950
350 950
493 951
639 950
643 955
1280 956
612 954
616 968
788 960
884 958
1062 960
1503 961
466 962
924 958
986 959
1260 960
258 962
979 962
72 965
1607 969
1209 966
1395 967
744 969
974 969
1130 972
1350 975
1492 972
93 971
561 970
746 970
867 989
910 971
1034 986
1300 979
590 976
716 974
1007 981
1672 978
554 981
746 980
765 980
936 984
301 985
755 984
905 989
1248 984
1590 984
736 989
1118 992
1783 987
363 989
496 989
659 990
670 988
1706 988
1784 989
822 990
1370 993
1317 996
48 995
142 994
651 996
1348 996
1395 996
1198 996
646 999
845 1002
210 1000
371 1000
630 1001
663 1007
1498 1004
1528 1007
213 1008
285 1009
542 1009
545 1008
591 1009
1242 1008
678 1011
964 1012
944 1016
53 1017
600 1018
1228 1016
811 1021
875 1023
969 1022
1159 1021
1197 1021
1373 1020
1349 1026
1494 1026
827 1029
137 1027
421 1026
1241 1034
616 1029
1020 1032
313 1031
503 1030
1669 1030
887 1035
1167 1036
399 1038
1464 1038
1057 1043
1263 1042
473 1041
68 1043
71 1042
441 1043
443 1042
878 1048
1040 1049
605 1047
1009 1047
1023 1052
1084 1059
60 1051
566 1053
698 1050
912 1052
974 1051
269 1059
614 1052
1244 1054
1761 1053
192 1055
249 1054
520 1054
811 1054
403 1057
416 1057
342 1059
671 1058
1489 1059
174 1067
494 1060
1007 1064
1390 1074
492 1062
1018 1064
324 1064
425 1067
452 1064
805 1064
896 1064
923 1066
1237 1072
92 1069
472 1070
246 1073
493 1077
857 1074
970 1073
1460 1076
242 1074
803 1076
1607 1074
365 1077
377 1077
735 1077
1175 1077
1273 1076
1318 1080
1425 1078
784 1079
1601 1078
348 1085
1577 1081
672 1082
1131 1083
1206 1082
861 1085
1303 1091
95 1090
719 1086
1368 1089
436 1092
623 1091
1222 1092
276 1092
308 1092
641 1092
643 1093
860 1098
1088 1094
1325 1098
509 1095
721 1095
1344 1095
145 1097
342 1096
1349 1097
195 1099
624 1101
794 1102
923 1102
664 1102
1386 1103
279 1105
691 1104
530 1109
758 1109
914 1109
299 1114
662 1111
469 1114
596 1112
1337 1114
618 1117
917 1123
1437 1117
103 1119
719 1118
1212 1120
672 1125
1405 1123
203 1124
738 1129
1423 1128
186 1127
1373 1130
116 1129
220 1129
1277 1130
934 1131
1030 1132
1138 1132
549 1136
826 1135
1395 1140
259 1139
1022 1141
1208 1138
256 1141
1193 1141
507 1142
1143 1147
1361 1145
54 1145
63 1144
310 1149
333 1144
349 1149
505 1145
556 1146
667 1145
819 1145
1196 1144
1235 1144
1262 1144
1299 1146
1713 1144
386 1148
1201 1149
254 1149
165 1153
492 1150
1323 1154
1414 1151
197 1155
721 1156
942 1156
250 1158
590 1160
773 1160
1021 1170
1212 1162
322 1163
441 1162
771 1162
1401 1163
1300 1168
1416 1165
666 1168
803 1167
822 1168
1116 1166
1354 1167
1771 1168
1144 1168
192 1171
330 1170
897 1170
1566 1171
449 1173
1518 1172
1400 1175
572 1179
757 1176
1268 1180
616 1180
941 1181
541 1183
614 1183
764 1183
994 1183
1190 1185
359 1185
479 1184
873 1184
77 1188
677 1187
913 1186
1305 1187
29 1188
663 1194
1442 1189
1779 1189
471 1190
581 1190
678 1191
1147 1194
470 1192
1199 1194
1351 1192
578 1194
623 1197
1173 1195
180 1196
536 1197
764 1198
1119 1200
433 1200
501 1201
556 1201
637 1201
825 1200
897 1201
606 1203
263 1204
767 1205
932 1209
111 1207
1008 1206
1215 1209
903 1211
1236 1212
1334 1214
538 1222
605 1217
802 1216
978 1216
442 1220
499 1224
1685 1221
1130 1225
351 1225
623 1225
847 1226
1225 1225
1316 1225
1173 1226
