920 614
594 6
802 2
910 8
942 0
1011 4
1256 11
709 8
1066 8
1280 12
1377 8
874 16
791 18
570 20
964 27
630 25
806 19
763 35
1421 33
1382 26
1439 28
1143 29
553 37
802 32
900 29
996 32
1271 34
1131 33
661 38
1201 40
608 47
633 49
866 47
841 57
951 53
918 58
672 59
857 62
650 77
1537 76
1320 71
958 72
718 85
100 79
1347 83
584 93
914 92
802 94
828 89
852 103
1124 89
1003 95
1555 99
1369 100
1163 111
1225 113
759 108
1068 107
1313 107
869 108
979 116
1139 109
875 116
575 125
960 118
1119 117
1536 119
1055 124
689 140
740 132
1445 129
853 130
1207 129
648 144
1203 131
805 136
713 136
849 136
1148 147
954 144
912 143
1331 148
546 149
604 151
784 147
890 145
1257 148
634 146
1112 148
835 153
1023 149
1059 149
625 155
891 154
1229 165
1553 157
913 232
920 156
850 162
883 159
1041 175
558 178
980 169
647 178
1114 175
1298 175
832 184
1338 178
781 180
1138 179
692 185
818 183
1160 186
1428 187
1497 187
1551 192
1054 194
581 202
723 202
945 203
1147 214
813 212
1036 209
1342 212
679 220
1009 215
695 215
1077 219
1376 217
646 248
727 220
1171 225
1308 221
1054 223
1381 235
716 227
818 226
1006 225
1018 225
1428 228
731 229
1263 234
1314 227
613 237
792 230
710 235
1113 237
770 238
1128 237
1471 239
728 240
749 241
818 244
687 243
542 250
1256 249
585 252
720 255
732 253
1222 255
518 260
563 260
697 258
699 260
607 269
733 270
1169 267
1303 267
530 267
1107 268
708 274
1139 274
677 274
754 274
780 274
1383 278
791 277
1161 284
698 288
769 283
832 287
1110 286
1590 282
640 294
1402 289
1072 288
786 288
1347 288
987 292
1299 297
1506 297
961 299
1207 300
739 308
1263 304
616 303
715 305
771 307
1453 308
675 307
873 307
534 311
563 313
902 310
973 311
1063 312
614 317
925 315
781 315
863 315
1204 319
1137 321
1322 321
763 322
788 320
812 321
1427 323
1376 326
745 326
908 328
698 326
1284 332
1352 332
155 334
548 331
831 331
869 330
892 332
950 335
1234 332
1248 335
607 336
1202 342
677 344
847 338
984 338
1140 342
637 343
763 341
870 344
934 342
618 343
756 345
771 350
1245 343
783 345
897 346
989 345
1370 347
608 354
632 350
740 353
1276 350
1054 353
1156 350
1179 351
558 354
706 357
1178 354
761 359
981 361
1232 362
829 361
1361 362
1437 362
770 365
817 370
836 372
1154 368
554 381
883 372
981 388
651 373
632 372
635 385
743 376
822 374
1122 381
713 379
769 380
1046 380
598 383
850 416
1028 381
770 386
510 395
940 400
710 395
911 396
1051 394
1303 394
1390 393
1162 398
1333 402
650 399
749 398
773 403
561 404
694 402
1185 403
1320 402
733 405
1292 407
1509 404
718 410
972 414
1256 414
547 412
641 416
1019 420
607 419
924 418
1095 418
730 426
1195 420
588 428
757 420
1270 421
688 422
748 422
1167 429
936 431
540 431
967 431
668 436
743 433
973 434
1305 441
1150 436
1241 437
1261 439
1409 436
533 440
568 447
985 443
681 441
770 441
698 444
737 443
897 448
1089 447
1002 446
1129 444
1175 447
766 447
538 449
1070 452
514 453
745 454
1030 452
641 455
826 458
681 456
880 457
1599 457
670 470
756 461
795 458
1663 459
1329 461
792 462
844 462
960 464
981 471
994 470
1266 464
575 468
707 467
1082 466
639 473
748 466
729 468
1039 476
544 473
922 473
1054 472
605 477
886 475
1263 472
145 475
588 483
725 475
1105 475
760 478
1367 476
1019 478
1243 481
707 486
1160 483
809 482
832 483
1075 485
654 492
1037 484
1319 486
921 486
1036 486
521 488
575 488
810 489
1033 488
1174 488
618 499
685 491
728 493
1229 491
784 495
508 494
1087 496
1420 494
896 498
754 499
885 498
1019 507
601 505
906 501
676 503
840 503
437 506
920 506
1266 505
964 509
1171 511
650 522
874 511
623 513
1259 514
1631 515
1662 515
1418 516
1087 520
794 522
1234 521
1315 520
835 524
813 525
749 542
940 526
1291 528
1029 529
1139 528
561 533
703 531
719 531
780 531
1285 530
1313 531
1474 531
1621 530
1142 544
1583 532
1703 533
1019 579
631 539
710 544
656 541
813 541
939 543
1063 572
1190 542
1257 540
575 544
1317 545
328 544
692 549
1386 544
776 547
915 550
1417 547
672 548
906 548
801 551
869 552
782 553
973 554
1147 556
238 555
1608 555
539 556
594 564
677 557
929 560
1165 557
1337 556
562 560
807 559
982 558
1208 559
1340 559
1406 559
695 560
731 560
856 561
875 563
1352 560
245 562
1078 564
1647 562
996 565
520 566
544 566
759 566
790 573
826 568
371 568
852 573
904 570
981 568
255 570
631 571
705 572
739 571
774 571
826 621
917 571
1108 572
1171 571
532 575
915 572
1219 573
517 575
949 612
1225 579
1252 575
1295 576
590 577
1574 577
253 578
898 758
887 582
823 583
379 583
309 586
552 586
1315 584
1390 584
1830 586
1144 587
1755 586
834 588
1168 589
650 591
1109 593
1268 592
1484 591
1663 590
146 592
267 593
306 592
541 592
630 595
607 596
655 597
853 597
1136 600
1285 595
1499 600
595 597
1001 596
609 599
898 599
580 603
988 600
1233 603
34 603
338 602
371 602
675 602
300 606
794 605
887 605
409 607
659 607
830 608
1052 607
434 608
901 611
1127 609
316 611
366 610
401 610
630 610
868 610
1333 610
563 613
591 613
1314 612
1671 614
1109 614
1352 614
1397 615
496 617
671 616
1011 617
1073 635
1212 617
1257 618
1475 616
526 619
559 618
886 619
1007 618
1282 620
1514 622
1503 625
286 626
513 627
644 626
809 627
849 626
1139 627
1220 628
1419 626
1451 626
1479 626
619 629
643 629
862 630
901 631
580 631
1006 635
1471 630
1663 630
1057 633
1199 632
972 635
1093 635
1365 635
690 637
869 636
959 656
1325 637
814 641
584 643
788 643
856 642
1020 659
1521 643
695 647
1049 649
1230 645
1608 645
916 646
1177 646
1339 646
1462 646
569 652
645 652
1478 649
1062 650
1207 654
1322 655
1380 650
177 652
515 652
595 660
660 652
1418 652
1119 656
680 656
829 658
1087 676
1151 658
1267 656
1393 657
1572 657
799 659
898 670
1076 659
1527 659
1176 660
1257 662
629 662
990 665
1002 664
1065 666
1458 663
528 665
817 666
561 667
780 667
1131 666
547 668
606 669
677 669
1044 669
1828 669
564 672
798 671
1198 671
1140 672
1208 672
1532 673
1293 675
1721 675
834 683
861 676
1274 677
162 678
712 679
952 685
1037 679
1404 678
1566 679
800 685
999 690
617 684
1297 683
1457 683
1520 682
506 684
1323 687
448 687
576 687
1194 688
1525 687
1675 687
517 689
534 689
607 691
780 689
1143 689
1418 689
1486 689
1586 689
657 693
925 691
1206 690
1351 691
1644 691
710 693
785 696
818 692
1151 693
565 695
810 694
1201 696
984 696
859 699
938 698
1239 699
213 702
577 703
1658 701
1761 701
639 703
1102 704
1140 703
882 706
1433 707
683 708
959 707
1270 706
1715 707
894 708
463 711
795 730
868 714
898 713
1165 713
559 715
971 714
1145 715
18 718
952 723
555 721
681 718
1008 721
705 720
911 720
1190 721
339 722
690 722
922 725
1648 722
843 724
888 725
1146 725
1562 724
518 729
999 727
1239 726
1454 727
1664 727
699 728
880 729
1182 729
544 731
866 731
1435 731
540 732
904 732
1169 733
1355 733
238 735
622 735
939 735
514 737
1536 738
645 744
823 738
847 740
605 741
926 741
1178 740
883 744
1310 742
1483 742
712 747
772 746
980 751
1341 747
1710 746
592 748
1583 749
955 751
967 751
1177 750
284 753
469 754
498 753
650 754
1279 754
554 757
1439 757
1346 758
467 760
822 761
950 761
154 762
603 764
676 764
1487 762
355 764
408 764
821 765
1187 764
1249 765
1541 764
669 767
1192 767
1664 766
486 773
1426 770
1171 773
1753 773
1382 777
1698 776
382 779
613 778
659 778
1548 780
598 784
717 781
1381 780
575 786
692 783
1204 782
1767 783
524 787
338 786
547 790
1241 789
1398 790
1430 791
259 796
269 796
462 796
545 797
565 797
1135 798
1290 797
1410 797
1457 797
1751 797
1169 798
1289 801
1631 798
421 801
656 800
1102 800
1350 802
577 804
126 807
1377 806
1708 804
400 807
501 806
652 806
667 807
1832 806
670 810
221 810
560 813
1002 811
587 814
537 816
1138 814
1487 815
732 817
1826 816
476 821
1111 818
1126 821
297 823
461 824
723 824
1109 828
1378 824
449 826
534 833
644 826
732 830
1288 827
1530 826
673 828
1036 830
544 831
602 831
704 831
693 832
997 833
1106 833
1685 834
146 838
222 839
389 838
551 838
720 839
1065 841
1105 841
1144 841
1245 841
1638 840
28 843
460 843
510 842
545 843
667 843
905 843
932 843
992 842
1495 842
314 845
556 844
656 844
680 845
871 844
958 849
1094 845
1465 844
359 847
974 847
1308 846
1800 846
603 848
1330 848
171 850
538 851
383 853
537 853
770 853
870 853
1177 852
1667 853
637 855
1278 855
529 858
709 856
904 857
1348 857
1641 857
1686 856
986 858
1085 859
1316 859
1448 858
1615 859
809 861
1063 862
564 863
567 862
922 862
485 865
659 867
279 866
388 867
461 870
615 867
1074 867
1299 867
347 869
631 868
645 869
26 871
416 870
872 872
1507 871
1014 874
1200 873
454 874
552 875
568 874
675 874
1105 874
632 877
956 877
1170 877
338 879
472 878
819 878
878 878
1669 879
724 881
911 880
952 880
968 882
480 883
525 884
984 883
1467 883
618 886
995 885
1109 884
700 887
720 886
924 887
537 889
561 888
591 890
792 888
1093 888
1133 888
675 890
867 892
1005 892
1087 891
1399 893
1408 890
642 893
711 892
950 893
1380 892
1522 893
234 894
401 894
627 895
745 896
596 896
865 897
1081 896
519 898
932 898
980 899
995 898
1063 899
579 902
664 900
742 901
887 900
985 901
1022 902
1033 901
1064 901
1151 901
359 903
477 904
863 904
877 902
1215 902
551 909
565 904
597 905
650 904
964 905
1244 905
1535 906
221 908
387 908
461 908
1514 909
450 911
835 914
883 911
983 911
166 912
796 912
1137 912
1697 912
1069 916
1081 914
1149 914
525 917
552 917
634 916
1086 918
1420 916
1581 919
360 921
497 920
632 921
758 920
547 924
579 923
1183 922
453 924
595 932
870 928
1040 924
451 926
707 926
755 927
765 926
1645 927
1806 927
437 928
955 929
1085 928
1170 929
1071 935
337 932
498 934
644 933
1008 933
537 935
716 934
828 935
620 936
988 937
1051 937
1159 936
1233 937
904 939
929 939
999 939
1693 939
713 944
494 942
560 942
868 943
1066 942
1517 942
899 948
1355 945
1431 944
55 947
57 946
203 946
745 948
825 948
1142 949
1400 948
987 950
1059 950
363 953
980 955
142 954
221 956
515 957
838 956
847 962
1101 956
1013 958
1037 959
1085 959
1665 960
399 961
427 960
487 961
537 960
694 960
989 960
1036 961
798 963
862 962
1391 962
1752 962
35 964
432 964
490 964
525 965
634 965
885 964
1053 965
1293 964
1309 965
28 966
350 967
751 967
887 966
919 967
1007 968
1776 967
510 969
700 969
797 969
949 970
965 969
1085 969
436 970
1001 971
1302 970
1720 971
926 973
1077 972
1166 972
1194 975
460 977
475 977
477 976
622 977
967 977
1014 976
1055 976
549 978
1048 978
1702 978
514 981
761 981
858 982
973 981
1562 981
473 983
504 983
530 982
873 982
1404 983
250 986
485 987
616 987
637 987
278 989
361 989
682 990
715 988
917 989
927 988
1190 988
553 991
1112 990
1157 992
1220 990
619 993
870 992
994 993
522 997
558 995
626 996
775 995
912 994
924 994
1173 994
1556 995
297 996
446 997
1046 1000
1578 1000
772 998
992 998
563 1000
613 1000
978 1001
1064 1001
1144 1000
1168 1001
62 1004
538 1003
610 1002
692 1002
265 1004
572 1004
820 1005
1017 1005
1277 1004
416 1007
431 1007
650 1006
761 1006
981 1007
1196 1007
1463 1006
674 1009
763 1008
809 1008
1345 1008
493 1011
1234 1011
1426 1010
205 1012
520 1013
595 1013
930 1014
1069 1013
1700 1012
498 1015
828 1014
848 1015
1062 1015
323 1019
371 1017
611 1017
701 1018
973 1020
635 1018
855 1019
1181 1018
1768 1018
503 1020
606 1021
765 1020
1079 1021
1275 1021
1642 1024
410 1022
533 1027
625 1023
689 1022
868 1023
1047 1023
1266 1022
1277 1023
1355 1023
439 1024
484 1025
930 1025
968 1025
1021 1024
1148 1025
1192 1025
1234 1025
1291 1024
1424 1025
1696 1026
646 1027
657 1026
1043 1027
1164 1027
1179 1026
160 1029
370 1028
569 1030
764 1029
1769 1031
559 1031
870 1030
996 1031
1701 1032
377 1032
466 1032
1127 1032
124 1035
398 1035
452 1035
812 1034
890 1036
1252 1034
1475 1039
230 1037
593 1036
613 1036
435 1039
596 1038
913 1039
951 1042
1603 1038
178 1042
577 1041
929 1043
1204 1040
476 1043
493 1042
767 1042
797 1042
861 1042
1233 1042
1288 1042
1462 1043
504 1045
867 1044
1005 1045
1392 1045
238 1047
705 1048
972 1046
1433 1047
1653 1046
530 1048
843 1048
1049 1048
1117 1049
1563 1048
524 1057
563 1052
618 1050
672 1052
715 1051
855 1051
949 1050
1346 1052
1603 1051
1629 1050
113 1053
503 1052
694 1052
1127 1054
1412 1052
1430 1053
314 1055
481 1054
596 1054
744 1054
768 1054
824 1054
1529 1054
648 1057
758 1057
881 1057
909 1056
1078 1063
687 1058
736 1058
699 1061
892 1060
1166 1060
1544 1061
576 1063
645 1063
1306 1062
501 1073
662 1064
696 1064
830 1064
995 1064
1031 1065
1557 1064
195 1066
316 1067
619 1068
675 1071
713 1067
933 1074
971 1066
553 1068
784 1070
1105 1069
1161 1068
1377 1068
1761 1069
1773 1068
1822 1071
592 1070
873 1070
1139 1071
1208 1071
1219 1073
1633 1070
646 1073
987 1072
1045 1073
1635 1072
299 1076
544 1078
557 1087
727 1075
798 1075
844 1076
1009 1075
1051 1075
1441 1075
410 1077
582 1076
722 1076
753 1077
1029 1076
293 1081
514 1079
652 1079
762 1078
777 1079
849 1079
1124 1078
1227 1078
250 1080
378 1081
1561 1081
331 1083
362 1083
664 1086
744 1084
910 1083
1095 1082
1155 1082
1256 1083
384 1085
647 1086
1098 1085
1235 1084
1310 1085
1334 1085
190 1087
625 1086
716 1098
779 1087
897 1087
1108 1088
1474 1086
491 1089
586 1089
610 1089
638 1088
649 1089
750 1088
753 1089
1162 1088
1643 1089
1670 1089
351 1093
393 1090
437 1091
690 1091
733 1090
771 1091
822 1091
979 1090
1031 1090
1052 1091
1260 1090
181 1092
650 1092
877 1092
1733 1093
382 1095
686 1094
697 1094
786 1097
871 1098
970 1102
1042 1097
1120 1097
1407 1097
367 1098
595 1098
902 1098
912 1098
1710 1099
538 1100
571 1100
812 1101
1136 1101
1188 1100
1258 1101
1278 1100
1359 1101
252 1102
391 1108
449 1103
544 1117
570 1103
624 1103
751 1103
763 1102
1326 1103
1590 1102
1620 1102
26 1104
569 1105
619 1105
734 1104
773 1105
1039 1104
1418 1105
422 1107
768 1106
1123 1106
1404 1108
64 1111
531 1108
1144 1109
314 1112
363 1111
497 1110
512 1113
643 1122
696 1111
889 1110
902 1110
960 1110
1497 1111
527 1112
615 1113
740 1113
778 1112
826 1112
860 1113
1046 1112
1088 1112
1174 1113
1329 1112
1358 1113
264 1114
451 1116
1181 1117
662 1117
862 1116
938 1116
1018 1116
1057 1117
1094 1116
309 1119
612 1119
673 1118
735 1118
836 1120
920 1119
1155 1119
782 1120
1076 1120
1083 1121
1198 1121
1224 1120
1384 1120
1542 1121
52 1123
424 1124
718 1123
831 1123
465 1124
678 1128
713 1125
738 1125
755 1124
774 1124
814 1125
919 1125
966 1125
1030 1125
163 1130
318 1128
391 1127
588 1127
630 1126
977 1126
1056 1127
1146 1127
1176 1126
1321 1126
353 1129
430 1131
551 1128
796 1129
921 1130
965 1128
986 1129
1689 1128
1743 1129
1820 1129
563 1131
571 1130
1152 1132
463 1133
831 1134
892 1132
931 1133
943 1133
1694 1134
418 1135
505 1134
573 1134
709 1141
775 1135
877 1134
1099 1134
1154 1135
1269 1135
1292 1135
539 1137
684 1136
781 1137
855 1136
896 1137
978 1136
1733 1137
744 1138
783 1138
884 1138
1032 1138
1104 1138
1177 1139
1531 1139
492 1141
736 1141
906 1144
1172 1141
1293 1141
356 1144
550 1142
592 1143
1105 1142
1372 1142
1785 1143
1837 1143
218 1145
841 1145
1108 1144
289 1149
444 1147
513 1147
524 1150
603 1147
681 1147
712 1146
826 1146
1050 1147
1205 1147
328 1149
368 1150
481 1149
584 1148
937 1150
1072 1149
1288 1149
1556 1149
633 1153
677 1150
728 1151
760 1151
785 1150
831 1150
1025 1150
1138 1150
1442 1150
796 1153
948 1159
987 1152
1043 1153
1061 1153
1122 1152
1213 1153
1217 1152
316 1155
499 1154
598 1154
790 1155
845 1154
862 1154
891 1154
1013 1155
1567 1154
398 1159
572 1172
750 1157
808 1157
1054 1164
1067 1157
1090 1158
1128 1157
1150 1160
1353 1158
201 1169
559 1161
625 1159
772 1159
859 1158
1018 1158
1630 1159
1808 1159
473 1162
508 1160
528 1160
678 1160
726 1160
844 1161
880 1171
900 1160
904 1162
1027 1160
1101 1160
1701 1162
383 1163
526 1170
1007 1162
1336 1163
1638 1163
776 1165
807 1164
1072 1164
1194 1165
1210 1165
606 1166
792 1166
837 1166
921 1166
991 1167
1138 1166
1285 1167
378 1169
688 1169
736 1168
779 1168
835 1168
977 1170
1023 1169
1105 1168
1189 1168
1260 1168
136 1170
269 1170
278 1172
429 1179
505 1170
638 1170
705 1170
713 1171
743 1175
760 1171
862 1171
928 1171
1081 1175
1425 1170
395 1172
798 1172
809 1172
827 1172
855 1174
1048 1174
1157 1173
1414 1175
353 1176
632 1174
643 1175
700 1174
1003 1176
1017 1175
1034 1174
473 1176
622 1176
666 1177
773 1176
922 1177
942 1176
963 1207
1094 1176
1101 1177
1248 1177
1456 1177
668 1179
687 1182
725 1178
850 1178
896 1178
902 1179
1027 1178
1267 1182
472 1181
514 1186
774 1181
796 1182
935 1180
1022 1181
1117 1182
1138 1181
603 1182
808 1188
1162 1183
1457 1182
405 1184
859 1186
1077 1185
358 1186
583 1186
616 1187
715 1187
765 1193
980 1187
993 1187
1177 1187
695 1204
736 1189
800 1209
834 1188
840 1189
982 1189
1126 1188
1154 1189
1186 1189
248 1190
346 1191
381 1191
490 1191
547 1193
608 1190
732 1191
910 1191
1068 1193
1094 1190
1287 1191
270 1192
659 1195
754 1193
895 1193
939 1192
990 1193
1024 1196
1151 1193
1376 1193
1542 1193
243 1196
418 1195
483 1197
867 1194
914 1195
1007 1194
1135 1194
1344 1195
385 1196
446 1196
527 1197
643 1196
878 1196
1044 1197
1078 1197
1252 1196
1430 1197
372 1199
420 1198
551 1198
553 1199
871 1199
890 1214
941 1199
992 1199
1087 1199
1164 1199
1583 1198
1779 1198
515 1200
738 1200
861 1201
883 1200
920 1202
931 1200
1058 1202
1106 1200
378 1203
604 1202
639 1202
652 1202
967 1202
1041 1203
1092 1206
1224 1202
1454 1206
524 1204
860 1204
998 1204
1225 1207
1441 1204
68 1207
268 1207
486 1206
621 1207
858 1207
1025 1206
1335 1207
496 1209
848 1214
904 1208
917 1208
1256 1211
1371 1208
1649 1208
430 1212
465 1216
740 1211
1198 1211
1277 1211
1366 1211
1418 1210
879 1212
926 1213
333 1218
426 1215
736 1223
1017 1215
1175 1214
1303 1215
529 1220
581 1217
616 1217
913 1216
1005 1217
1716 1217
603 1218
635 1218
909 1220
936 1223
1063 1219
1089 1218
1287 1220
1315 1219
1326 1218
161 1220
560 1221
673 1225
715 1221
759 1224
993 1220
1091 1221
1209 1220
1342 1221
291 1225
354 1225
612 1225
686 1222
861 1224
1031 1222
1051 1225
1299 1222
1320 1224
1348 1224
1513 1222
144 1225
537 1225
576 1226
1008 1225
1025 1226
1117 1225
209 1226
262 1227
277 1226
625 1227
645 1227
950 1227
1192 1227
1566 1226
