930 596
272 7
308 6
551 3
618 20
670 3
730 11
1042 175
1322 21
1350 28
1411 5
1729 2
1764 1
447 11
533 13
1416 17
1794 151
494 103
1607 28
1549 30
1574 27
1565 30
690 53
1380 40
1437 38
1517 43
1670 44
1770 50
529 44
1726 49
1432 50
727 55
1391 54
1319 164
1629 72
1547 175
526 61
1378 65
523 73
277 76
715 79
630 140
1474 98
560 125
1380 87
71 153
514 120
1632 122
729 102
896 104
1761 124
709 113
908 111
928 110
913 112
886 130
813 119
902 119
677 127
923 125
1817 130
701 132
619 136
711 139
829 136
835 139
667 145
722 144
1607 148
864 154
364 153
1084 148
521 163
921 155
789 156
934 157
823 163
1394 161
932 160
1606 164
852 167
948 167
575 176
793 171
544 173
678 177
780 174
350 202
834 181
863 174
1367 175
768 184
870 183
1604 183
798 185
412 194
790 186
807 190
655 191
873 189
927 189
784 190
837 190
929 190
687 204
838 197
859 202
945 197
875 199
791 202
871 209
1669 205
660 203
724 204
887 204
1387 204
554 209
929 207
735 213
785 214
1411 212
1602 210
801 212
819 217
405 246
840 216
1599 230
868 219
1749 227
861 225
938 225
1394 227
840 233
878 232
594 236
753 258
1381 236
442 239
567 239
648 241
1442 266
915 252
843 261
799 265
915 265
1362 266
133 295
1244 268
554 269
1296 272
847 272
942 274
816 284
842 290
994 280
1342 282
748 285
1305 291
1825 315
1282 289
502 290
907 292
1258 290
711 298
1356 298
1239 300
418 305
482 321
1087 304
1296 303
1325 310
1280 305
1364 306
1279 311
1376 325
579 317
667 317
671 316
1280 319
757 329
818 327
1592 325
552 329
1628 331
1292 334
1269 335
950 336
1248 338
1298 338
524 339
913 343
1283 344
1613 358
916 346
1361 349
918 351
1302 351
1472 362
462 359
779 361
925 356
1271 356
962 364
933 369
1394 369
417 374
531 371
678 372
708 375
915 370
850 376
1416 381
935 380
751 387
1326 389
852 391
1793 404
576 392
897 395
830 515
936 412
354 401
544 402
870 400
1019 412
1262 404
1423 403
141 405
144 406
639 411
994 410
828 410
1274 413
783 415
972 420
821 421
1128 422
1458 432
563 432
592 434
1268 445
1340 431
965 439
611 437
773 434
490 443
681 445
142 472
801 449
874 461
898 453
1384 456
379 452
1701 456
538 455
1510 462
1027 455
1440 460
1605 458
1207 458
769 467
439 464
1027 469
1352 476
1444 482
1009 481
1036 482
1770 491
623 487
912 496
1261 489
683 494
1222 490
863 496
494 502
1359 495
589 499
1059 498
1323 496
1088 509
869 502
947 515
1219 502
1249 505
1395 510
417 511
1045 512
664 517
1340 513
408 516
861 518
1018 526
1105 520
899 536
503 524
962 526
1337 525
334 530
304 531
1148 531
1298 532
1423 539
1127 535
648 536
863 534
1051 535
1098 538
488 543
862 539
1338 548
1167 595
863 547
1030 548
1252 547
557 552
970 550
691 554
1576 575
870 558
707 563
896 680
935 571
660 571
756 573
881 571
623 579
987 573
794 577
743 584
1485 584
410 589
1387 589
1623 591
748 593
961 598
1029 591
1415 590
1543 592
1769 619
306 603
684 596
739 598
866 596
610 603
663 601
725 608
883 602
806 602
781 606
1386 604
805 606
1425 611
1393 613
498 616
1001 618
1390 617
881 624
1366 622
635 695
1558 625
1832 623
658 626
1289 626
1443 629
1006 637
718 634
742 635
1524 638
410 638
830 647
1608 650
1218 662
775 644
971 642
1381 642
1394 643
1148 649
1189 650
1020 654
1072 657
1117 657
546 662
776 662
1176 661
1344 661
1532 661
1154 664
1091 664
1265 665
1096 666
1356 667
1010 669
1104 677
564 671
1258 672
1381 670
1039 673
1791 690
1388 681
830 676
1276 676
1082 682
1309 682
530 682
124 688
989 688
1135 685
1085 687
1454 686
738 691
1246 688
1449 689
539 690
1171 691
1264 690
758 695
1150 693
1425 693
477 694
1051 703
1164 696
1203 699
1397 694
1294 701
1757 697
447 700
545 698
1033 699
1237 699
1565 713
543 703
1677 705
162 711
363 707
410 706
207 710
1492 708
1533 709
970 713
1287 710
403 713
670 713
698 713
1187 719
1090 716
1166 714
1407 716
723 716
1219 718
1253 718
500 719
727 720
1113 720
1450 721
1638 721
153 723
206 723
437 722
1081 722
1124 723
1365 723
1472 736
1826 722
843 725
1150 735
1263 725
300 728
997 729
1072 727
1726 729
407 730
833 731
934 730
1128 730
143 732
250 733
583 732
677 732
1749 732
394 735
433 745
816 736
1091 734
1063 740
1087 738
1168 737
174 739
721 738
777 738
1074 738
1179 745
326 744
739 743
988 745
1113 741
1231 741
1248 740
483 743
1107 743
1292 745
1432 742
1642 743
1715 743
514 760
1806 744
351 747
386 747
1200 746
1809 747
187 748
957 751
1097 748
1246 748
1262 749
150 750
471 750
689 750
656 1017
1081 754
1105 750
1332 751
1492 751
1640 751
1689 750
203 752
220 753
343 753
491 752
704 754
1068 757
1260 753
196 754
413 756
983 757
1229 754
1650 755
1778 755
1827 754
56 756
303 758
375 757
525 756
1157 758
1199 760
1242 758
1730 759
269 760
320 761
449 760
544 760
1307 760
1343 760
1360 761
531 763
925 771
1076 762
1107 763
1145 762
420 764
1121 765
358 768
379 766
392 768
1185 766
1624 766
333 768
1115 769
1169 768
1373 768
337 770
375 771
491 770
850 772
1017 771
1216 772
1283 770
1420 770
1597 770
315 773
390 773
763 776
1268 773
1533 772
1659 772
1700 772
1795 772
210 774
413 775
428 775
902 774
1020 776
290 776
490 776
507 776
1341 792
1690 777
501 779
695 783
1150 780
1201 778
1362 778
1407 778
163 782
235 781
658 781
1265 780
1505 780
1544 780
280 792
342 782
517 783
859 783
1169 786
1195 783
1231 787
1282 782
1367 783
1400 783
1486 786
1561 783
1688 782
1716 782
1768 783
257 785
434 793
857 784
1557 785
1744 786
1776 785
653 788
1212 788
1499 787
1525 786
317 789
336 796
1214 804
1244 792
1439 789
262 791
520 791
1296 790
1388 791
1721 790
187 792
242 792
1448 793
1471 795
226 795
363 795
529 795
1506 800
397 796
466 797
1256 797
1390 800
1636 798
1174 810
1234 798
1465 798
1545 798
234 800
268 801
383 803
802 802
1286 801
1415 801
1481 809
1540 800
1765 800
86 803
311 808
359 816
651 806
1566 803
511 805
839 807
1408 804
91 807
594 809
684 810
728 807
1317 808
1676 807
402 809
520 810
669 809
957 811
1440 809
1575 809
1615 809
282 811
428 817
1550 810
58 813
278 813
450 813
1235 830
1277 813
1714 812
1820 813
262 815
326 815
528 814
793 820
131 816
461 816
881 824
1195 821
1326 817
1348 828
1460 818
1605 816
141 818
404 818
1303 823
1427 823
2 820
67 820
97 821
447 820
1260 821
1285 820
1774 821
166 822
1457 823
214 825
383 825
1215 825
1263 832
1706 825
1717 824
998 828
1287 826
1556 852
1633 827
1742 827
140 829
465 828
469 829
692 832
1187 828
1373 828
1386 828
1462 845
1714 828
36 831
311 830
340 831
474 831
73 833
445 841
1382 833
1415 832
255 835
317 834
322 840
1213 834
1413 834
250 836
360 837
826 838
858 838
1250 836
1284 836
1323 836
1488 837
1782 837
193 841
268 839
1170 842
1192 841
284 840
336 840
1205 847
1306 841
1621 841
351 843
1395 843
1751 844
2 850
199 845
213 844
277 844
679 845
775 846
1113 860
1303 844
304 846
430 846
1292 846
1331 849
1418 847
1689 848
265 848
172 851
440 851
1781 853
120 853
160 852
202 853
881 858
1284 853
1375 853
86 855
108 854
342 855
365 859
1133 855
1215 854
1247 854
1426 855
1720 855
110 857
175 857
313 856
1266 863
1645 857
133 864
1087 859
1393 861
1483 858
1655 859
1735 859
1319 861
1348 862
1760 860
15 863
59 862
264 863
347 867
1204 867
238 864
1440 864
1474 865
1486 872
71 866
90 867
187 866
373 868
55 869
445 869
872 868
1170 868
111 872
302 871
1165 871
1778 871
49 873
143 878
329 872
1144 874
1337 873
1414 872
1591 873
217 875
253 875
1092 874
1403 875
122 877
353 877
1084 876
1459 878
106 879
213 879
314 883
1229 888
1518 881
1745 889
1784 879
0 880
293 884
1114 897
1308 880
1377 881
1481 880
1833 881
128 887
1185 894
1816 883
91 889
195 886
365 885
1158 885
1318 884
1592 884
257 898
377 887
1407 887
1834 886
1146 888
1203 888
1280 906
1351 888
1771 889
28 891
212 895
237 891
1393 891
1533 890
1804 891
1 895
27 929
78 892
123 894
1323 893
1364 894
1590 893
21 895
65 895
144 895
233 896
1313 895
1683 895
15 897
161 900
1085 897
1159 899
1326 897
1539 897
190 899
1247 899
1484 898
1207 901
1357 901
1663 900
46 902
91 921
293 903
1217 907
1259 904
1374 902
475 905
1344 905
1457 904
1579 905
178 908
279 916
1493 907
1556 906
1756 920
128 908
1423 908
1150 910
1173 912
1200 910
1325 911
1345 911
1498 911
1831 910
63 913
173 928
1319 913
188 914
1229 915
1343 915
1359 915
1432 915
1475 915
1656 915
1790 924
211 917
1391 918
1604 918
1125 919
1141 919
1163 921
1457 918
1513 919
1564 921
191 920
205 921
219 922
1112 920
1247 920
1330 921
1479 925
1634 920
139 922
232 923
1129 922
1197 922
149 949
537 925
1206 925
1317 924
1335 925
1409 927
1421 925
1184 927
1210 927
1244 926
1811 927
121 933
282 928
435 929
1176 928
1363 928
1672 930
219 952
421 932
1399 930
1812 932
245 932
431 932
1290 932
1547 932
1690 933
103 935
210 934
246 934
1676 934
382 938
1146 937
1173 937
1236 936
1314 948
1335 937
1555 937
1817 938
1255 938
1294 939
1368 939
67 941
1584 941
1118 943
1223 947
1266 944
1640 943
1664 943
80 948
131 944
199 946
440 945
1170 945
1464 944
1519 951
174 946
242 948
269 948
388 946
432 946
1127 946
1194 947
1417 946
1529 946
1565 946
382 952
991 948
1154 948
1177 953
1363 948
1438 950
1644 948
1731 948
108 957
1135 950
1249 955
1698 951
1828 952
65 959
274 952
428 952
446 953
1141 963
1214 952
1233 953
1658 953
163 955
178 955
248 955
1348 956
1431 960
4 959
35 961
285 959
509 957
1130 959
1296 957
1758 956
182 959
386 959
1220 959
1389 959
1461 959
1817 959
47 964
1529 962
1100 964
1654 963
1665 965
190 964
1215 965
1474 965
1611 975
92 967
123 966
1804 967
11 978
488 969
1107 968
1153 968
1722 968
84 970
274 972
1122 971
1203 970
1254 974
1327 976
350 972
1127 992
1186 972
1540 973
1739 973
1796 972
1180 983
1470 974
1484 976
1792 974
1817 975
57 976
295 977
1238 977
1672 976
1827 977
1147 979
1218 978
1516 978
1655 978
1731 979
41 983
68 981
117 981
148 980
171 981
348 981
1221 982
1263 983
1341 982
1748 983
280 985
1155 985
1791 985
1812 985
28 989
276 988
498 988
1296 988
1321 992
1487 992
96 990
1195 991
1530 990
1556 990
77 992
1165 998
1569 993
1719 993
1765 993
57 996
503 995
1648 1003
1838 995
1253 996
1383 996
1417 998
1470 996
1582 1002
25 1028
236 998
509 999
1532 1010
1599 998
1725 998
1191 1000
1225 1000
1329 1001
1445 1000
1608 1001
1804 1001
1818 1002
1257 1003
228 1006
1390 1005
1689 1005
1774 1009
46 1009
61 1006
1139 1006
1206 1010
1757 1007
1145 1008
1625 1015
1133 1012
1288 1010
68 1012
143 1014
1269 1013
1570 1016
1661 1015
1731 1012
1809 1013
1821 1012
1833 1012
160 1016
1740 1015
125 1016
1015 1016
1232 1024
1304 1016
1600 1020
1803 1017
99 1019
117 1018
307 1021
1160 1020
1201 1020
1330 1019
1748 1030
1831 1019
138 1027
254 1020
1136 1022
1694 1020
1725 1024
1792 1025
1124 1023
1252 1029
1818 1029
1835 1024
263 1026
1217 1026
1591 1025
1677 1025
156 1028
1126 1026
1276 1026
1288 1030
1347 1027
1452 1026
1174 1029
1303 1028
1680 1028
1362 1031
1609 1032
1695 1033
1161 1035
1271 1034
1420 1036
1460 1035
1510 1035
1662 1035
1714 1039
1836 1037
1010 1038
1208 1038
1312 1037
1177 1044
1224 1039
1478 1038
1629 1045
1764 1046
1787 1038
1126 1046
1539 1041
1 1043
138 1043
1261 1044
1441 1046
1479 1042
1792 1043
125 1052
1247 1045
1324 1045
1374 1045
1387 1044
1700 1044
1740 1044
153 1049
352 1050
932 1048
1232 1046
1289 1046
1726 1047
1578 1062
340 1051
1024 1051
1191 1051
1824 1051
1159 1052
1815 1054
290 1054
1103 1074
1298 1055
1383 1055
1781 1059
12 1064
100 1057
360 1057
1328 1057
1367 1063
1677 1056
1743 1056
1832 1057
1029 1063
1644 1058
147 1062
1134 1069
34 1066
54 1069
1290 1063
1807 1072
1275 1064
1436 1065
1484 1065
303 1066
362 1067
1174 1070
1221 1068
1348 1068
1451 1066
1711 1070
1833 1066
1158 1068
1208 1069
1241 1071
1761 1071
219 1073
1639 1073
1274 1075
1185 1079
1265 1077
1465 1078
1034 1091
1220 1079
1277 1078
1562 1078
1778 1079
23 1083
1078 1080
1171 1081
1345 1080
1614 1081
1747 1080
7 1085
1167 1090
1384 1090
1433 1085
1715 1082
1214 1084
1320 1085
1514 1085
35 1088
854 1086
1200 1088
1236 1087
1477 1087
1637 1087
1407 1088
1546 1088
1057 1130
1215 1105
1323 1091
1366 1090
1649 1090
872 1092
1288 1092
1752 1092
1450 1094
1662 1095
469 1096
1152 1096
1206 1097
1276 1098
1486 1101
1569 1099
1639 1099
1827 1101
1197 1100
1440 1103
1601 1101
9 1102
19 1106
1314 1105
1733 1103
1789 1102
0 1105
775 1105
1248 1110
1388 1107
1537 1106
1627 1107
747 1111
1114 1109
1448 1109
1543 1110
1018 1112
1178 1116
1513 1110
1525 1112
1784 1111
1100 1117
1745 1112
224 1115
373 1120
1202 1115
1705 1115
1725 1115
1750 1114
1 1119
19 1117
1487 1117
1838 1116
1364 1119
1418 1119
1459 1119
1490 1118
1503 1119
34 1121
740 1122
752 1121
775 1127
1506 1121
1556 1121
1611 1124
1084 1123
1135 1126
1270 1122
1286 1122
1521 1124
1790 1125
473 1124
1571 1131
1718 1130
1429 1126
1635 1126
1650 1128
43 1128
388 1129
793 1128
1165 1129
1741 1129
1756 1128
467 1133
807 1130
1248 1131
1327 1131
1341 1136
1469 1131
1620 1130
1700 1131
344 1133
348 1132
364 1136
736 1133
1173 1134
1256 1134
1273 1133
1304 1133
1323 1132
1624 1133
1766 1133
1813 1133
52 1135
325 1141
387 1162
1103 1135
1119 1135
1474 1137
1630 1134
1667 1134
1677 1135
1827 1135
1039 1137
1161 1143
1437 1140
1552 1138
1670 1138
1778 1138
396 1141
807 1140
1113 1141
1404 1140
1461 1148
1744 1140
353 1142
427 1143
1227 1144
1315 1145
1525 1143
1836 1143
1361 1144
1560 1145
1797 1157
1257 1149
1286 1147
1382 1151
1499 1146
402 1150
1088 1149
1192 1148
1207 1150
1320 1149
1406 1149
1511 1148
1710 1149
1759 1149
760 1153
1092 1151
1125 1163
1142 1151
1664 1150
348 1152
1253 1158
1411 1152
1666 1162
1817 1152
1154 1155
1185 1155
1422 1157
359 1158
1347 1159
1587 1159
1643 1164
1687 1158
1698 1161
264 1164
1275 1161
1306 1164
1432 1165
1563 1169
1656 1160
13 1171
1090 1165
1718 1163
1729 1162
1746 1162
116 1169
1613 1165
1713 1165
434 1166
1144 1167
1474 1167
1542 1167
1737 1167
1769 1166
104 1168
206 1170
427 1169
1405 1168
1779 1169
69 1173
1251 1173
1346 1172
1643 1196
1672 1173
1785 1172
1279 1174
1449 1176
1583 1174
1178 1176
1214 1177
1293 1178
1515 1178
1685 1176
1702 1176
1 1179
43 1180
420 1209
1089 1179
1108 1179
1143 1179
1151 1182
1196 1178
1260 1178
1690 1179
1798 1180
1271 1181
1335 1191
1429 1183
1718 1180
1772 1191
1044 1182
1379 1185
1749 1183
1093 1187
1224 1187
1720 1185
28 1189
445 1187
1172 1195
1384 1188
1473 1188
1735 1188
1107 1190
1164 1190
1515 1190
1835 1194
1511 1192
1583 1193
1799 1193
1187 1199
1268 1197
1821 1203
13 1196
331 1196
412 1197
727 1197
1128 1197
1243 1199
1282 1196
1529 1196
1703 1196
1729 1197
34 1215
396 1199
1369 1199
377 1201
1449 1202
1433 1203
1760 1202
1022 1214
1256 1205
1694 1205
1708 1205
1745 1204
932 1208
1206 1210
1427 1210
1450 1217
1721 1206
1767 1206
901 1208
910 1213
1382 1211
1800 1209
155 1210
459 1210
1258 1211
1280 1211
1355 1211
1738 1221
1057 1223
1166 1212
1573 1215
1598 1212
1699 1212
482 1215
1358 1214
1424 1215
1605 1219
1793 1216
1246 1216
1761 1217
759 1218
1008 1222
1236 1219
1369 1222
71 1221
164 1221
941 1220
1248 1220
1334 1224
1406 1221
1694 1220
754 1224
1683 1224
1837 1224
160 1226
407 1225
924 1225
1084 1226
1136 1226
1580 1226
1697 1226
905 1227
950 1226
1621 1226
1784 1226
1808 1226
