920 614
62 6
173 8
373 4
468 0
498 13
537 4
555 3
652 5
798 4
1013 6
1096 4
1115 2
1141 18
577 8
605 9
819 8
947 8
1222 8
892 14
661 15
546 16
776 17
825 17
798 27
933 29
619 22
380 26
446 27
405 30
773 30
1095 34
90 41
460 33
532 36
296 38
386 40
516 40
994 44
508 46
670 47
866 45
631 48
807 63
943 54
776 54
28 58
297 60
30 61
1026 83
429 68
648 65
526 67
596 71
690 67
709 70
520 71
779 74
943 139
555 87
600 79
780 77
901 76
980 80
505 85
261 88
679 87
740 85
655 99
438 90
134 93
363 93
823 94
914 93
303 101
526 97
540 100
1046 98
1315 95
1319 94
859 99
1000 112
143 105
826 104
546 106
961 118
1119 110
817 115
310 112
597 116
834 117
851 117
415 126
1049 132
558 137
783 133
420 132
914 132
918 133
974 138
1351 135
1016 157
824 142
319 146
972 142
675 147
640 147
904 147
784 151
360 152
986 152
868 155
204 158
881 172
971 157
327 161
758 163
784 161
516 162
816 164
1129 166
520 164
605 170
851 173
996 182
150 170
652 174
358 172
471 173
588 172
723 179
906 174
1032 191
741 185
578 183
940 180
489 183
810 182
757 186
904 187
918 186
529 190
890 188
920 196
1319 188
639 192
891 191
948 190
1116 196
591 195
877 193
426 199
570 194
840 199
880 194
488 200
883 203
952 233
541 207
749 206
966 207
809 207
878 210
1014 208
726 211
845 211
201 214
590 216
681 215
824 215
810 214
1000 216
744 218
1007 222
528 224
991 222
315 224
504 228
445 227
595 229
875 227
998 227
1115 231
545 228
1021 234
336 230
411 231
40 236
378 234
602 232
426 235
743 235
900 238
986 264
424 239
692 240
707 241
879 239
890 239
914 239
381 240
536 240
862 245
549 247
656 242
931 242
944 243
818 245
606 253
1128 250
628 251
868 252
373 258
922 253
39 255
828 271
971 254
1000 255
743 257
541 258
769 260
871 261
672 264
793 262
894 266
636 267
874 265
926 264
332 266
972 267
328 268
415 269
852 272
1356 269
688 271
622 274
595 277
1053 275
908 277
1045 276
583 280
643 280
784 286
903 281
1016 283
626 284
872 283
901 283
1097 285
598 284
113 287
867 288
915 286
250 289
298 293
926 290
345 292
607 295
452 293
650 298
910 292
279 303
760 297
802 295
1039 296
383 296
885 298
445 300
664 303
238 303
893 303
991 303
1123 305
803 304
854 305
512 307
1052 308
620 311
105 313
267 313
711 315
816 312
480 316
949 321
993 318
1111 316
1675 317
748 317
767 319
1048 328
347 323
405 324
474 326
599 323
880 323
970 327
609 327
1115 329
779 332
629 340
826 334
1767 334
736 338
1110 341
682 340
728 343
952 350
824 345
892 350
1042 350
183 347
384 347
598 347
835 351
858 346
577 348
448 351
987 355
236 352
437 356
84 358
498 359
590 359
617 359
691 359
1095 366
820 363
1019 366
530 365
625 365
734 364
755 365
797 364
630 374
884 367
897 369
419 368
909 370
414 371
545 370
726 375
810 370
608 377
652 375
941 379
368 377
693 377
881 377
994 377
883 379
991 394
528 384
672 381
589 383
779 383
836 386
676 385
913 386
1094 390
759 386
442 388
679 389
757 389
815 388
780 393
907 394
1048 397
1196 393
559 395
715 400
589 404
106 400
461 401
621 401
741 400
868 401
546 402
794 402
641 405
765 404
870 405
1119 405
1094 406
453 411
790 411
1313 410
613 412
302 415
558 415
845 414
883 420
664 418
701 418
760 419
872 416
920 419
644 421
748 422
846 421
399 423
632 424
959 427
900 426
628 427
519 430
677 433
867 430
1079 430
657 434
690 430
762 438
994 446
576 433
703 442
1321 432
814 438
476 438
631 442
1290 437
561 441
596 441
918 441
612 443
279 445
660 445
903 445
1030 451
775 447
795 446
815 447
1084 447
735 448
792 448
1049 449
1102 451
356 451
696 450
844 452
877 453
326 455
719 453
503 455
618 455
847 456
1069 454
409 456
1166 456
478 459
569 462
612 459
662 459
879 459
1048 459
152 461
724 464
501 463
903 462
185 464
529 464
1005 478
1343 465
435 467
557 467
622 468
637 469
748 470
154 470
485 470
895 470
908 470
979 477
1083 472
501 475
776 472
704 475
722 474
777 474
885 478
830 478
1063 480
633 482
693 483
860 484
623 484
687 486
768 485
881 488
1076 490
449 492
526 491
761 490
912 720
921 492
1291 490
472 493
865 493
870 492
1116 493
602 498
619 494
1023 498
500 496
559 496
838 498
894 497
940 496
945 498
215 498
468 499
703 498
645 500
723 506
1113 503
692 502
858 502
150 504
526 506
1028 505
554 509
125 510
643 510
752 516
494 513
651 514
1035 512
342 515
497 515
730 526
862 521
991 518
1080 519
565 522
626 521
996 522
663 524
832 523
1021 523
1166 523
446 524
461 525
622 524
761 526
340 529
453 526
532 527
552 526
602 527
660 527
383 529
496 530
607 528
679 529
774 534
821 529
1576 528
580 530
872 531
920 530
1053 547
359 533
545 533
741 532
764 532
492 535
690 536
893 535
337 537
595 537
626 536
665 538
1113 537
390 540
928 538
935 540
998 541
515 542
578 543
855 542
896 543
1116 543
404 544
714 546
767 545
70 547
501 549
615 550
626 549
732 548
1192 548
304 552
772 550
923 550
567 558
1222 552
1453 554
520 556
661 557
696 556
1413 557
757 566
1522 559
649 561
706 564
769 561
1422 561
662 562
741 564
1006 569
610 567
640 566
728 566
374 569
622 569
650 570
701 569
987 570
575 571
674 570
855 570
956 571
114 573
271 572
392 574
844 573
212 574
676 576
725 576
1209 577
482 579
664 581
502 581
507 580
587 580
764 582
293 583
493 582
632 584
705 584
864 582
879 582
1091 584
287 585
973 587
480 587
539 587
676 589
723 590
537 590
581 590
629 592
680 594
692 591
926 591
533 593
547 592
553 593
650 598
746 593
994 595
1074 599
700 597
1018 595
1287 594
669 596
895 597
265 601
514 600
681 601
866 601
186 602
308 603
823 604
228 605
252 605
376 604
629 605
708 604
976 604
633 606
725 606
858 606
683 608
871 611
240 611
954 610
226 613
317 612
670 612
314 615
555 615
687 617
852 618
874 614
896 614
1095 618
1109 615
875 616
971 620
948 623
1206 618
421 621
520 621
720 623
830 622
234 623
254 622
453 622
475 622
584 622
530 625
651 625
692 625
747 625
866 624
986 625
921 627
871 628
288 634
358 631
515 630
727 630
872 630
924 632
487 633
872 637
578 635
707 639
810 637
833 637
976 640
1073 638
1085 636
1109 636
619 638
640 638
842 639
860 642
220 643
900 642
921 642
450 646
1076 646
432 646
679 646
240 649
464 648
642 648
657 655
737 650
824 649
853 651
428 651
455 653
608 650
203 655
527 656
601 655
283 657
566 657
721 657
896 657
954 657
1015 656
1081 657
384 658
1323 659
634 662
683 662
719 660
950 661
11 663
500 663
664 663
812 671
1246 663
248 664
455 665
582 664
1000 666
1010 664
800 667
877 667
1067 667
246 669
422 669
714 668
832 668
896 673
628 671
224 673
413 673
557 673
692 673
1129 672
218 676
447 677
678 674
844 675
521 680
736 679
122 678
636 679
939 678
376 680
417 681
546 681
687 683
60 682
346 684
423 682
592 683
625 682
722 683
1238 682
145 684
368 684
532 685
655 684
665 685
1094 685
1394 684
325 687
584 688
656 686
908 687
272 689
110 691
719 690
911 691
1072 690
614 694
593 694
673 697
1336 697
1421 699
671 700
684 700
466 703
530 704
821 702
898 703
289 704
448 704
879 705
183 708
394 707
572 707
471 709
564 708
1368 712
492 712
630 713
122 715
603 714
627 714
547 722
664 717
1085 716
466 718
1080 718
240 721
526 720
721 720
429 723
706 723
471 726
696 724
383 727
701 728
1075 730
101 729
190 729
298 729
1104 729
306 731
434 731
530 731
587 732
683 733
735 734
599 737
705 737
600 739
632 738
523 740
733 741
420 743
465 743
483 746
1515 744
562 746
721 747
365 752
698 751
1136 754
1226 755
352 757
606 757
646 757
724 757
471 758
507 758
305 761
469 760
662 761
722 761
316 762
601 763
630 762
259 765
1185 764
37 766
435 766
18 768
328 769
511 768
621 769
694 768
1212 768
392 771
1208 770
487 773
1789 772
674 775
613 778
641 782
232 782
269 780
451 781
667 781
685 781
1109 781
377 782
615 785
734 784
790 787
1227 786
1490 787
1192 788
185 790
353 790
404 790
869 793
907 793
408 794
456 795
534 794
540 795
849 796
940 796
309 797
570 796
625 797
650 797
972 797
995 803
1122 796
122 799
483 799
727 802
809 801
896 801
633 803
7 805
510 805
537 804
543 805
696 805
805 805
825 805
1032 804
1049 804
1080 806
123 807
1488 807
946 816
1194 809
1097 812
302 813
567 813
833 812
145 816
407 816
503 814
329 817
1055 816
779 819
1551 819
495 820
609 821
980 821
990 821
395 823
397 822
617 823
692 823
712 822
1071 822
1179 823
209 828
643 826
762 826
371 828
639 828
807 829
1015 829
776 831
155 833
719 832
182 834
721 836
741 835
1073 834
307 836
534 837
499 843
290 841
432 841
526 840
652 841
865 840
884 841
1066 841
746 843
815 843
851 842
999 842
375 845
1012 846
1022 845
1558 845
774 846
623 850
784 848
526 850
602 852
800 850
1089 850
441 852
908 853
1055 853
829 854
569 856
853 857
535 859
826 858
42 861
810 863
1008 865
58 867
422 866
629 867
1087 866
1384 867
469 869
800 869
785 870
1540 871
481 872
594 872
694 872
1092 872
1107 872
868 875
1207 875
603 876
982 877
1004 877
547 880
795 880
462 882
796 882
1009 882
1015 883
380 884
389 885
1041 885
444 887
868 887
630 891
905 890
590 893
752 892
971 892
1215 893
1235 892
18 896
138 898
368 899
94 900
413 901
442 900
494 901
849 901
297 912
505 905
982 905
1076 904
753 907
806 907
598 908
826 908
394 912
1548 912
635 915
1018 916
1610 914
369 918
883 919
644 920
1034 921
1336 920
1504 921
481 925
536 923
561 922
338 925
1106 924
1040 927
1469 927
1207 928
292 931
336 931
477 932
313 936
329 936
474 938
581 939
842 938
1315 940
47 943
558 943
662 942
328 944
501 944
817 944
1804 945
278 946
697 947
580 948
739 948
1466 949
529 952
536 955
1333 954
286 956
408 957
569 957
571 956
598 958
744 957
810 956
1119 959
353 962
445 961
496 961
606 961
1392 961
1117 963
381 964
611 965
875 964
946 965
694 967
752 967
927 968
1419 969
701 970
1051 970
102 972
881 975
1013 973
1048 973
1121 973
280 975
384 975
718 974
1450 974
1765 975
52 976
1480 977
277 979
889 978
1032 982
1483 978
45 981
569 980
1045 980
440 983
741 983
825 982
960 982
344 985
714 984
1055 985
1083 986
1757 991
358 988
811 988
1120 989
1353 989
376 991
517 992
1043 990
1374 991
1 993
1028 996
1536 994
280 1001
777 1000
919 1000
1145 1000
1195 1001
1261 1001
1288 1001
111 1002
820 1002
805 1005
1032 1004
1056 1006
1071 1008
481 1010
931 1006
948 1007
503 1009
902 1010
939 1009
680 1011
721 1011
1051 1011
267 1012
393 1012
525 1013
791 1012
628 1015
332 1017
829 1016
919 1016
1098 1017
204 1018
265 1018
335 1019
618 1018
935 1018
283 1022
565 1020
1153 1020
1253 1020
478 1023
611 1023
689 1022
923 1023
996 1023
710 1024
761 1025
847 1024
959 1025
955 1027
374 1030
777 1031
1236 1031
344 1033
370 1033
820 1032
914 1033
14 1035
516 1034
719 1034
751 1035
1136 1034
438 1037
587 1037
1250 1036
428 1039
1151 1039
475 1041
477 1040
581 1041
733 1041
597 1044
843 1042
970 1042
36 1044
16 1047
104 1046
871 1047
881 1047
660 1049
731 1049
852 1049
905 1049
923 1049
1459 1048
812 1050
1032 1050
1329 1051
644 1053
696 1052
783 1052
1043 1053
1657 1053
867 1058
1011 1055
458 1060
531 1057
671 1056
830 1057
522 1058
572 1060
924 1061
932 1073
1194 1060
1223 1061
1207 1062
866 1064
886 1064
1039 1064
1135 1064
148 1067
348 1066
433 1066
888 1067
956 1066
1278 1066
841 1069
878 1068
1028 1069
1125 1069
637 1070
966 1071
1022 1073
447 1074
655 1075
703 1075
919 1074
1681 1075
360 1076
1344 1077
1405 1078
1794 1079
42 1080
55 1081
493 1080
665 1080
647 1082
683 1082
872 1082
51 1085
261 1085
302 1085
790 1084
883 1085
942 1085
459 1088
554 1086
819 1087
853 1087
956 1087
1234 1086
39 1088
894 1088
1020 1088
967 1090
1295 1091
379 1093
749 1093
785 1092
821 1093
905 1093
1000 1092
1177 1092
1200 1092
1330 1092
1086 1095
1180 1094
1221 1095
669 1097
780 1096
953 1096
501 1101
591 1098
846 1098
903 1099
915 1099
1043 1098
1368 1099
681 1100
923 1100
1167 1101
467 1102
1080 1103
1092 1104
45 1105
326 1104
1026 1104
1044 1105
47 1107
365 1106
632 1109
974 1106
706 1109
709 1108
746 1108
883 1108
1151 1109
1307 1108
116 1110
488 1111
779 1111
792 1110
923 1110
1121 1110
1184 1110
1359 1111
839 1112
888 1112
1280 1112
749 1114
857 1115
921 1115
1042 1115
1179 1114
1230 1115
1176 1116
787 1118
936 1118
1016 1119
1123 1118
563 1120
821 1120
903 1121
918 1120
979 1120
1047 1121
1191 1125
1650 1120
371 1124
897 1123
1225 1123
1264 1122
1630 1123
1649 1122
641 1124
699 1124
770 1125
959 1125
1052 1126
1345 1125
343 1127
767 1127
911 1126
1071 1127
502 1129
822 1128
948 1128
1128 1129
18 1130
635 1131
916 1131
1060 1130
467 1133
814 1132
940 1132
998 1133
1096 1132
1230 1132
171 1135
792 1135
935 1142
964 1134
1078 1135
1185 1134
434 1137
538 1137
897 1136
954 1136
1015 1136
1491 1137
1546 1137
625 1139
720 1138
1037 1139
303 1140
761 1140
1159 1140
1024 1142
1287 1143
229 1145
519 1145
688 1145
960 1145
995 1145
1148 1144
1180 1145
1193 1145
15 1147
648 1148
811 1146
836 1152
1027 1147
1183 1147
13 1149
132 1149
458 1151
590 1149
851 1149
943 1149
1086 1149
1102 1149
1234 1149
1352 1148
583 1152
1074 1150
1188 1150
356 1157
694 1152
434 1157
1081 1155
1588 1155
542 1156
675 1157
890 1157
993 1157
1037 1156
1170 1157
1362 1156
1460 1157
606 1158
662 1158
687 1158
763 1158
1118 1159
1326 1158
1453 1158
360 1162
400 1161
777 1161
824 1161
1242 1160
810 1163
1084 1167
1113 1165
1138 1162
882 1165
939 1165
1008 1165
1019 1165
1060 1164
1145 1165
1190 1165
1346 1165
552 1167
1161 1167
1266 1167
1494 1166
455 1168
969 1168
1102 1168
1149 1168
1194 1169
1212 1168
1340 1168
1739 1168
1155 1171
222 1173
809 1172
1072 1173
1137 1173
429 1174
463 1174
1171 1174
1512 1175
416 1178
545 1177
555 1176
982 1177
990 1176
1029 1177
1095 1177
1277 1177
1459 1177
1564 1177
603 1179
849 1178
1242 1179
1475 1178
389 1180
509 1183
925 1180
978 1181
1071 1180
1086 1180
547 1183
848 1182
1205 1184
1224 1182
523 1185
630 1185
845 1185
891 1185
994 1185
668 1186
797 1187
838 1186
914 1187
1171 1187
1260 1187
625 1189
638 1189
948 1188
1143 1188
435 1190
660 1190
830 1191
951 1191
1154 1192
381 1193
515 1192
591 1192
643 1194
1084 1192
112 1195
431 1194
456 1195
856 1196
887 1195
928 1194
1041 1195
1081 1195
1131 1194
249 1200
766 1196
939 1196
504 1199
979 1199
1148 1199
525 1200
771 1200
875 1201
916 1203
992 1201
1107 1200
1214 1201
596 1202
801 1205
880 1202
789 1204
889 1205
954 1206
1005 1205
1114 1205
1282 1205
535 1206
564 1208
576 1207
833 1211
865 1211
1071 1206
1201 1206
1243 1207
549 1209
1292 1208
1401 1209
1603 1208
577 1210
1022 1210
1409 1210
1443 1211
202 1212
416 1213
478 1213
507 1213
812 1213
627 1214
644 1215
665 1214
823 1215
975 1215
980 1214
996 1222
1045 1217
650 1217
802 1217
940 1216
958 1216
1014 1217
1374 1217
440 1219
698 1219
816 1218
1116 1218
1159 1218
457 1221
707 1221
789 1220
1022 1221
1044 1220
1080 1221
1187 1220
1201 1221
329 1224
743 1222
902 1225
1202 1225
735 1226
1075 1225
1163 1226
1226 1225
1456 1226
549 1227
779 1226
848 1226
1014 1227
1097 1226
1284 1226
1645 1227
