913 608
570 1
841 2
868 26
984 5
1170 7
1315 134
1388 7
1479 13
1785 13
901 19
1116 19
1177 18
835 37
996 32
1016 35
1055 38
1436 55
978 49
1023 38
739 46
775 55
610 71
1034 54
518 56
812 67
686 71
733 75
910 75
820 80
1496 85
975 80
1062 81
775 92
1469 100
1017 93
1074 91
970 96
996 103
826 100
737 106
1827 109
771 123
928 112
840 114
873 122
1443 122
969 124
1022 263
1064 131
1459 150
697 140
695 144
1099 146
829 150
900 158
756 155
1544 182
1483 181
1132 176
1234 173
760 174
1104 198
1399 183
847 177
711 189
1233 188
680 203
777 202
566 203
828 203
954 205
748 213
1247 265
1068 216
752 219
900 231
1786 233
882 233
1619 247
1166 228
1742 253
758 236
953 250
931 245
1542 254
431 258
683 262
1505 275
882 268
943 271
897 274
1186 278
755 285
810 286
954 304
704 302
595 301
1189 307
862 330
83 316
681 315
1478 326
1256 325
967 335
1333 339
1566 345
1263 350
1423 346
993 349
637 356
806 362
734 362
598 364
1480 377
565 371
769 371
862 368
962 394
684 374
816 375
1805 385
620 378
766 378
861 379
876 389
1027 385
1617 395
761 389
1001 394
855 397
745 400
768 400
813 404
1122 408
701 405
775 403
1175 408
329 409
478 416
1652 416
720 415
1401 421
783 474
797 416
850 425
1009 430
1584 451
752 438
956 446
1218 441
808 447
1313 444
1260 449
1528 456
727 461
843 451
1629 472
813 452
849 467
90 457
1193 457
932 464
762 461
759 462
953 473
815 471
807 475
685 477
735 476
738 481
1371 476
860 479
827 481
1139 487
914 487
566 488
847 493
1250 496
845 499
855 499
1584 499
720 501
844 503
910 505
957 504
731 504
1448 559
1501 519
836 526
1634 525
1093 522
1572 536
741 523
957 522
1036 526
1240 527
420 528
726 529
894 530
634 537
749 535
1225 538
1046 543
907 554
945 549
679 554
1092 554
1603 601
1255 564
1507 565
1069 567
831 574
993 578
1316 584
1558 592
1642 585
1528 591
1084 588
1735 596
901 593
1240 595
560 597
1043 615
1061 601
1175 603
823 614
1232 605
1475 621
767 612
842 617
758 619
1009 628
663 626
1757 634
638 639
945 635
815 634
836 646
981 643
811 641
810 643
861 656
880 646
928 663
1102 649
810 655
1126 657
685 660
803 667
909 740
613 664
825 683
1527 673
682 672
947 674
1313 673
802 676
873 677
855 683
1606 694
926 692
867 698
933 697
1055 706
839 713
946 710
1133 710
1235 709
996 712
827 717
1513 729
838 721
1068 722
927 727
726 726
1415 728
984 732
1120 730
1544 748
1008 746
1129 746
1095 754
988 753
617 758
1337 774
682 776
1238 783
1577 802
647 794
895 799
811 805
898 842
863 806
946 808
680 814
836 854
780 832
560 831
744 831
884 830
1004 847
793 853
747 849
811 848
1578 851
644 853
777 855
1273 858
746 861
1005 867
1665 870
703 871
765 876
978 876
1228 871
1039 874
729 884
944 879
1429 885
622 885
843 884
1370 893
825 888
844 890
685 900
762 903
740 897
888 895
1396 895
987 902
796 899
711 903
801 903
736 914
1079 916
821 917
576 918
755 924
1415 936
716 938
740 935
749 936
752 938
988 945
1035 950
1652 959
854 952
839 954
1618 961
332 959
610 959
840 960
662 964
729 981
800 1089
842 964
657 967
1313 974
1643 973
615 977
650 976
872 978
769 983
850 988
596 991
604 990
852 993
1133 1001
813 1008
758 1005
732 1007
660 1022
1514 1037
838 1044
1386 1047
1482 1053
808 1050
1324 1059
1433 1069
544 1074
1299 1083
1429 1138
1556 1142
1632 1142
381 1152
384 1154
292 1167
289 1168
314 1171
1016 1173
109 1175
107 1176
555 1183
385 1184
151 1186
1718 1191
107 1199
156 1198
30 1209
1158 1210
386 1213
384 1214
353 1222
417 1222
1198 1226
212 1226
