909 617
148 1
236 3
301 3
331 4
420 2
489 0
1103 9
1304 2
1367 2
1442 7
1749 48
1406 7
1026 11
1212 11
1325 8
1737 13
1279 11
1390 23
1654 23
1223 34
1263 22
441 25
924 25
1426 22
1340 38
1369 28
301 40
1294 41
548 57
703 42
1097 39
1065 39
1399 50
878 47
275 49
1048 45
439 53
768 54
995 45
171 63
969 69
592 55
801 65
18 74
1190 65
332 77
75 87
1038 77
1298 70
1360 95
1407 71
283 85
478 76
704 81
383 81
1136 83
1177 86
615 84
1388 88
370 103
1067 94
1161 92
734 100
1198 93
1265 124
659 104
1395 94
881 103
1201 108
307 112
341 108
854 108
1515 129
198 109
402 113
1296 111
1325 120
1402 125
917 111
1097 114
1158 114
1230 112
940 112
355 124
708 123
1218 121
514 125
1056 126
416 127
805 125
1184 127
450 144
681 140
907 131
988 136
1114 129
1150 127
722 158
806 129
871 136
765 132
1295 139
1352 133
334 138
812 158
586 142
968 150
1366 152
489 153
652 151
1203 155
779 153
1175 153
796 155
1036 158
1229 161
1113 157
1289 161
1121 167
1318 175
1411 168
1613 178
1667 176
342 167
873 167
555 169
589 177
658 169
1284 176
661 170
940 176
701 173
1341 174
532 175
901 179
1140 187
1220 177
962 190
1178 185
562 185
988 180
1020 186
1248 183
223 186
1488 188
931 184
1054 196
400 187
919 186
930 186
1115 187
1207 197
1354 188
1258 191
640 209
846 191
695 203
356 201
793 203
812 194
1275 196
745 197
951 196
1247 198
1410 214
1835 204
852 198
530 202
816 211
508 205
1110 210
984 206
337 216
892 224
948 210
801 213
1008 228
1178 214
281 225
1359 220
940 216
1030 217
1042 216
123 219
588 219
615 226
922 221
960 225
1331 226
779 227
1189 227
1303 243
1495 222
1611 239
982 230
1225 227
732 227
1025 227
1203 229
655 237
845 242
1155 230
463 231
1058 233
1387 232
365 246
741 232
748 234
1143 243
1335 246
573 238
597 238
1068 243
426 245
711 250
871 240
993 241
954 246
468 252
733 245
969 244
1165 246
918 246
1253 250
760 249
593 250
928 252
1238 255
679 254
768 254
879 255
790 261
953 257
965 257
1258 257
1417 261
700 258
913 259
1015 265
181 274
434 267
643 263
804 263
1219 263
1234 264
334 270
720 279
752 265
831 264
944 267
1000 265
1157 269
1253 267
744 269
283 272
1293 272
1360 289
1466 271
1125 280
1479 273
599 274
1070 275
1198 276
1250 280
1304 274
1467 275
841 277
858 276
1010 279
822 281
1045 281
1205 300
1296 301
965 288
1640 285
624 286
861 287
1160 287
700 306
933 293
1306 292
1710 290
1705 293
1026 304
373 296
1073 298
982 320
1254 301
1429 303
1235 301
652 307
949 306
1063 302
1172 309
1142 304
449 309
1264 308
753 313
1123 311
1692 314
841 315
867 314
719 316
957 316
968 317
1010 322
1053 316
177 328
397 324
914 318
1158 320
926 321
1050 322
290 336
367 329
816 324
1121 326
1219 333
720 330
1088 326
1108 326
797 335
1104 329
1195 333
1267 344
754 330
1397 334
445 337
491 332
494 334
662 335
824 341
939 334
960 334
1096 334
1162 335
1055 336
1337 343
147 348
697 338
900 339
1420 343
1133 348
471 352
551 344
1508 342
1745 354
1210 351
1227 350
1296 347
1316 372
682 351
723 362
904 350
1665 353
527 353
643 353
1072 354
632 357
1047 356
392 367
581 363
1165 372
1549 359
522 362
755 362
1011 363
1193 364
1543 363
615 364
1220 368
1242 365
494 373
679 366
1270 428
1782 372
446 374
655 371
786 370
1131 375
374 376
602 372
958 436
1367 384
302 384
1260 375
1732 375
953 377
1209 382
1543 378
23 380
1690 383
645 394
740 382
1060 383
1230 384
542 391
1141 388
1519 384
1181 387
1706 407
1059 392
1094 392
1227 391
1534 391
1536 390
1652 390
970 395
1001 394
1220 394
522 394
900 397
1019 396
884 400
1564 415
1797 405
629 400
727 431
1084 407
1109 400
1150 411
1219 401
1286 402
1339 432
491 406
671 410
829 428
1202 407
1313 405
213 413
799 411
1040 408
1232 414
476 410
875 408
992 411
1128 410
1628 413
131 410
582 415
1034 411
362 425
452 413
1046 412
1056 415
82 414
876 426
1302 414
1465 416
80 416
175 426
1105 420
570 419
706 418
1122 420
1190 418
1375 419
323 432
447 421
621 420
1401 429
61 424
640 429
1068 426
1078 424
1244 425
1775 425
204 426
377 426
424 428
150 429
609 429
1099 431
16 431
1065 430
1115 430
1203 433
460 432
1179 433
1220 432
776 438
903 437
1081 436
23 436
1123 439
1191 437
1225 437
1731 437
683 438
709 449
1234 443
1578 440
1764 447
500 443
1117 443
1314 445
594 444
1662 444
1665 445
767 446
1513 447
338 449
1011 449
1369 452
1019 461
1082 451
1700 458
1110 462
1127 453
69 455
66 456
1060 456
1152 464
394 459
685 461
1178 464
1310 461
553 463
1317 463
1554 464
1084 466
708 474
756 468
925 471
989 469
1062 470
461 472
1078 471
1504 470
672 476
1545 480
1614 473
379 479
613 474
1036 477
1819 475
1828 503
204 477
404 476
735 476
800 485
978 477
1280 476
1761 476
412 483
605 479
647 480
1722 481
547 483
624 493
1105 494
1285 483
1634 503
184 485
1235 484
1431 508
980 490
1224 497
1591 487
1173 491
393 498
489 495
1049 491
1094 491
830 495
951 494
1013 498
1197 492
1562 493
439 498
1056 495
1143 496
1206 500
464 498
781 503
662 505
1044 498
1117 499
1255 498
344 501
578 500
642 501
913 503
1077 501
1323 510
1521 501
297 503
570 518
595 506
748 502
1125 502
1147 506
1742 517
1060 506
1171 506
1195 504
1264 504
1532 507
177 508
635 508
718 521
937 515
1286 508
1349 509
1246 534
1793 513
624 514
1102 515
1541 515
814 521
1067 516
1172 525
518 518
1366 518
637 520
1184 520
1194 549
1381 531
1721 521
318 523
331 522
945 523
970 525
1131 522
1146 541
703 525
826 529
478 537
542 527
1313 530
1018 530
1092 530
1561 528
652 539
1614 531
672 533
1110 533
1204 532
871 534
1063 536
1649 539
1794 536
615 539
674 550
906 540
975 539
1050 539
495 541
1002 540
361 546
435 548
525 542
915 543
1113 544
1285 547
1470 543
1587 542
1162 546
1167 544
622 547
1061 553
1479 557
471 549
742 551
890 550
1087 548
324 550
538 550
608 550
728 553
918 551
1309 554
109 552
643 555
1118 555
1437 555
1601 555
692 556
1096 555
382 557
768 556
946 694
882 560
954 560
1225 557
1537 556
419 559
446 558
1163 559
1746 561
328 568
701 560
1572 561
1796 561
110 564
377 562
551 563
993 566
1553 567
461 564
508 567
1012 566
1344 565
493 570
719 566
1082 567
1592 568
1815 568
44 571
450 571
743 583
1138 570
1215 578
1239 571
1808 570
413 575
1260 580
358 585
559 583
866 576
1191 574
1283 575
1337 577
1572 575
1764 574
925 581
1034 577
1301 593
1702 583
1738 592
467 578
699 579
1072 583
305 580
984 582
1466 581
225 582
309 582
1117 583
1179 586
1400 583
435 586
893 587
1768 586
388 590
682 590
1241 587
1540 588
577 588
767 589
931 589
1460 589
1613 589
457 590
1046 592
1207 593
1280 590
1371 599
1021 600
1485 592
258 595
1038 595
1497 594
477 600
866 597
1062 597
1338 596
438 603
549 598
1167 599
1212 599
1270 603
1678 600
234 616
323 600
1009 600
1562 601
970 604
9 605
311 605
632 604
937 606
1035 607
1185 605
1559 606
210 607
404 614
1305 607
1540 609
993 609
1413 609
352 611
839 612
913 611
1155 611
1210 611
1348 610
1380 610
313 635
494 613
521 617
581 612
628 613
649 614
1068 612
1094 617
1188 613
1227 615
544 615
1162 621
1197 617
1255 614
1279 618
1383 619
1671 615
1727 621
1808 615
540 617
1236 632
1372 617
1800 617
1056 620
1175 620
280 620
681 621
1187 624
1394 629
1425 622
436 626
1347 624
1461 625
596 627
1365 634
274 629
429 654
548 629
570 628
889 629
1147 628
1306 629
630 631
924 631
1075 634
1152 631
1342 630
1430 631
1495 631
1508 631
507 633
1011 632
1299 633
1321 644
440 637
554 636
1022 636
47 637
459 638
872 638
1540 637
1640 637
1690 637
1446 638
1824 639
962 642
980 640
1203 643
1475 640
1526 640
1573 646
1597 641
1697 641
864 644
1170 642
1252 642
1482 648
467 648
522 645
901 648
1025 644
1149 645
1186 644
1617 645
293 646
372 648
501 651
1054 648
483 649
673 648
1633 648
1750 655
332 652
395 651
875 650
1243 650
1434 656
1627 650
188 653
923 654
1363 652
1541 653
172 654
303 655
1168 669
1217 655
1722 654
271 665
606 665
865 657
1056 657
141 659
452 658
841 660
1468 659
931 660
1193 671
1359 660
1371 662
908 664
1002 662
1017 665
1341 666
1353 662
503 665
516 666
629 665
1414 665
1617 665
231 666
870 666
1265 679
1313 667
1492 673
882 670
1527 668
1590 669
496 672
535 674
582 670
601 674
1290 675
1453 670
109 673
570 673
1385 674
390 679
566 674
921 675
1034 674
1245 678
1468 676
1600 674
1690 675
1749 681
631 677
652 677
1519 676
1548 676
563 679
667 679
1024 680
1433 678
332 680
475 681
643 682
958 680
1223 685
1316 681
336 684
445 683
949 683
1129 687
1381 682
1438 682
1451 683
1503 683
1482 685
1507 685
1616 685
1656 716
1788 698
876 688
906 688
1294 693
1440 691
422 689
549 688
628 691
893 688
977 688
1322 689
1586 689
386 692
431 690
912 690
1141 692
1163 691
1342 690
308 693
494 694
533 693
576 692
1518 692
399 696
448 696
1155 699
1734 700
14 696
358 696
469 697
1177 699
1229 698
1247 696
1263 696
1521 697
296 710
364 698
721 702
1321 699
1494 712
1556 699
62 702
676 703
1369 730
320 702
1189 702
1274 709
1408 702
615 706
640 704
1122 708
1245 704
1309 704
1539 705
1707 705
1302 707
1413 707
1616 707
1710 707
415 709
1225 709
1238 708
1251 709
1380 708
1832 723
275 710
418 711
631 710
714 711
956 713
1752 711
65 712
337 720
373 715
522 714
679 715
1188 715
1206 719
1425 723
617 717
1128 723
1154 722
1531 719
1697 724
446 718
1371 719
1389 719
1406 718
592 721
612 723
648 721
1258 721
1618 725
451 725
1323 722
1769 726
758 724
783 724
1312 724
1337 725
71 726
248 727
741 742
1170 729
1252 726
134 728
379 748
521 728
1281 728
1301 742
259 731
405 730
502 733
542 737
1115 731
1222 730
1632 730
211 733
841 735
1140 739
1226 734
1591 733
1446 736
1715 735
318 737
699 736
804 739
1210 736
1266 736
12 738
448 739
471 747
1228 739
1340 746
411 742
1184 741
1473 743
1549 742
275 742
288 743
1232 743
1453 742
229 747
283 745
820 746
847 746
1492 744
453 748
586 750
635 748
261 751
556 751
651 750
818 749
1114 748
1194 756
495 751
1104 756
1169 751
1313 751
1419 751
1567 762
1643 755
212 753
306 752
699 754
642 755
907 755
1617 760
40 757
294 758
893 756
1145 756
1358 756
1504 757
607 758
854 761
1265 760
1334 764
1747 772
237 761
270 764
452 761
909 761
1310 760
1361 760
1471 761
61 763
101 764
1418 767
215 765
1383 767
1463 764
381 766
492 766
796 766
848 767
1176 767
1479 767
1537 766
722 771
803 770
815 769
1155 774
1211 769
444 773
936 772
950 771
1101 774
1182 774
1221 790
1404 771
1532 770
315 773
457 786
761 773
1235 773
1363 773
1469 773
1673 781
890 782
1293 781
296 777
377 776
484 776
797 776
834 778
870 777
1306 777
1379 776
1596 778
1623 787
209 779
769 778
1495 779
1787 779
777 782
959 781
1095 782
1222 780
1274 781
420 786
732 796
867 784
989 782
1143 784
1474 782
336 792
578 785
712 784
851 785
915 791
969 784
204 787
307 789
553 787
714 788
1112 786
1400 786
1712 786
434 792
597 790
1164 790
1810 791
530 791
571 791
806 800
823 790
971 790
1363 798
1491 790
366 794
666 793
1110 793
1339 792
1419 795
1445 794
1521 794
480 805
610 798
625 797
694 795
783 796
881 801
900 795
1473 797
1693 795
683 796
1771 797
429 799
528 798
865 798
1094 799
1260 798
1661 799
1820 804
401 801
1019 800
1097 801
1480 801
1506 802
1290 802
1685 804
560 805
642 805
1013 817
1255 805
1461 805
1839 810
287 806
420 806
925 806
1164 808
1234 806
1329 810
1443 812
1806 806
618 808
766 812
909 809
1402 808
1454 809
1742 814
1810 808
960 811
995 811
1109 811
1119 810
1552 811
185 812
541 812
750 813
1089 812
1240 813
1588 812
381 815
706 816
722 815
822 816
1175 868
1382 815
1497 814
1527 820
1562 816
1780 819
396 816
529 817
561 817
1269 816
1336 816
1627 817
109 820
322 818
420 818
864 819
877 818
1342 818
1349 819
449 821
473 820
1074 820
1115 822
1290 821
1308 823
1323 820
1367 821
266 824
476 823
1033 823
1413 822
1681 823
1709 829
141 824
339 824
956 827
1245 825
1402 827
1462 828
412 827
621 826
691 827
847 829
1065 837
1112 827
1361 826
1601 828
1772 827
381 845
641 828
699 830
872 829
886 829
1199 829
1433 828
1478 828
1727 829
1810 830
506 832
626 830
993 830
1109 832
1264 830
1548 830
1593 830
407 833
448 841
1090 840
1295 835
1411 835
1564 843
350 834
404 836
423 838
814 834
1436 835
1549 834
209 837
309 838
762 837
1005 844
1243 837
1391 841
19 839
176 839
286 838
345 838
543 841
581 840
640 839
859 838
1210 839
1255 839
1334 838
1438 838
564 843
622 841
777 843
799 845
976 842
1114 841
1453 841
1468 845
1799 841
1830 840
158 842
496 844
602 843
903 844
1135 842
1164 843
1347 843
1766 842
182 845
283 845
466 845
638 845
1106 845
1145 844
1278 845
1374 844
1429 845
1669 849
12 847
438 846
538 846
576 848
630 847
831 848
1132 848
1259 852
1605 864
648 848
698 877
1234 849
1247 848
7 850
419 850
469 851
532 850
1338 851
1425 851
1456 851
1532 855
1718 862
1770 854
1831 858
524 852
558 853
933 852
1199 853
497 864
908 855
1431 855
1807 854
84 857
195 857
606 856
786 857
1014 856
1461 858
594 858
750 859
1330 859
1401 859
621 861
858 861
1032 861
1056 861
1248 861
1386 861
1645 861
434 867
478 863
684 863
1350 862
1372 863
90 864
601 865
630 866
802 865
815 865
1077 864
1241 875
1338 865
1516 865
127 866
765 868
998 867
1099 867
1269 869
529 869
727 869
1052 869
1068 868
1082 868
1550 871
1797 869
115 872
180 871
222 870
248 871
320 870
879 871
1107 870
1451 870
481 873
806 873
826 874
1318 872
1386 872
1448 886
325 874
635 879
740 885
1368 875
1679 878
420 876
1007 877
1099 881
1342 877
1406 879
361 878
541 880
763 881
958 878
1734 878
257 880
915 882
1069 881
1136 887
1573 880
253 884
472 882
962 883
1217 887
1651 886
1722 882
434 887
459 884
1030 886
1232 884
1497 885
309 886
464 887
648 887
716 888
812 886
1197 887
1535 886
1623 897
373 888
497 894
1234 889
1527 907
1547 889
413 891
426 894
683 890
1581 891
520 893
712 892
946 893
1686 898
63 895
334 894
484 895
856 894
1090 902
1251 894
1314 895
622 896
971 897
1022 897
1118 896
440 903
477 900
546 899
596 899
811 899
1047 899
1265 898
1783 907
27 900
76 900
641 900
764 905
1000 903
1050 900
1170 900
1317 900
1383 900
1423 909
1754 901
1128 905
1226 902
1360 902
664 904
698 905
931 905
964 905
1054 905
1242 904
1368 905
1497 914
577 906
634 906
742 907
777 910
820 907
914 907
949 909
1099 907
1266 906
1561 914
1651 907
362 908
377 914
401 910
684 909
718 913
929 909
1104 908
1335 908
472 911
541 912
1217 915
1291 919
1702 910
328 913
981 913
1134 916
1310 931
457 916
534 914
1352 914
575 919
702 923
797 918
1007 919
1029 919
1070 918
1121 919
1471 925
1590 925
506 921
750 926
823 920
1245 920
23 922
670 925
1035 922
1203 923
480 927
526 925
1005 925
1103 926
1396 925
1686 925
338 929
724 928
780 926
802 928
955 926
406 929
452 929
1331 929
1406 928
1690 929
1743 938
1811 937
563 931
941 936
1002 930
1189 931
298 933
778 940
910 932
1335 932
1351 935
1363 933
556 935
684 934
694 939
714 936
833 934
909 934
1045 936
1177 934
1236 943
1663 938
397 941
526 938
584 938
1076 938
1372 937
375 940
494 938
1038 938
1153 939
1330 939
306 944
426 940
599 941
615 942
725 949
796 943
442 942
1072 943
1116 947
1545 942
1611 943
1687 942
463 946
667 945
899 945
1335 945
1363 945
1430 946
505 947
569 948
666 947
55 954
652 948
710 949
785 949
871 949
937 949
1182 952
1273 948
231 952
649 951
925 950
1378 951
1419 951
1522 972
469 952
519 952
990 952
1094 953
1470 953
1648 952
1699 952
67 956
1046 960
1113 970
1256 956
1295 961
1359 954
1398 954
1489 957
1562 954
1658 961
30 957
347 956
442 958
742 958
840 956
1193 956
1449 957
1747 965
485 959
909 958
1633 965
449 962
684 961
939 961
1413 961
1815 964
508 962
555 962
662 963
830 962
1166 963
567 964
580 965
737 966
751 969
1230 965
1322 964
1371 965
1455 968
1837 965
342 967
467 967
483 967
512 966
1068 968
1220 972
682 969
694 972
838 968
1433 983
1504 970
1562 977
213 970
434 977
455 973
548 972
592 970
1259 970
1273 971
1347 971
125 973
379 974
534 973
589 973
730 973
1152 972
1606 976
305 974
329 977
666 975
1187 981
1271 974
268 977
557 982
585 978
616 986
1048 977
1205 976
1267 977
1388 977
1838 976
449 979
525 979
642 981
1081 980
1255 979
1669 982
462 981
709 985
837 980
856 980
1266 980
314 983
908 983
952 983
1723 991
40 985
103 985
541 986
697 984
876 984
1010 985
1262 984
1318 985
1346 984
1373 984
1393 986
440 988
743 987
794 987
811 986
987 986
1284 986
101 989
355 989
728 991
1052 988
1275 989
1643 989
304 991
336 990
576 990
814 991
1352 991
335 992
981 993
1007 992
1398 994
1502 995
306 994
414 994
469 994
601 999
801 994
1360 996
1590 1006
1678 1003
450 1000
521 998
720 1010
1153 997
1178 997
204 999
736 998
832 999
1102 1001
1242 999
1257 999
1324 1003
1509 999
1537 999
201 1000
478 1001
700 1001
884 1004
899 1001
958 1001
1119 1001
1262 1002
1282 1001
392 1011
657 1003
1019 1004
1455 1003
1478 1007
1790 1002
262 1005
282 1005
373 1008
739 1005
1818 1005
536 1008
1086 1006
1133 1013
1190 1007
1620 1006
1714 1007
1067 1009
45 1011
190 1011
266 1011
280 1016
1090 1017
1207 1011
1756 1017
64 1012
106 1013
484 1013
681 1017
1035 1012
434 1015
463 1016
605 1014
696 1017
748 1014
799 1015
955 1016
1004 1015
1039 1014
1403 1017
1431 1014
1578 1030
481 1017
516 1020
522 1016
567 1016
1789 1018
20 1019
738 1019
1208 1018
1353 1028
1437 1018
80 1022
575 1021
939 1020
1012 1020
1115 1022
1181 1024
1259 1020
703 1030
906 1022
1525 1037
542 1025
618 1026
746 1025
1245 1024
1376 1024
381 1027
535 1026
1393 1027
430 1029
627 1029
768 1028
275 1030
368 1032
1079 1035
1446 1034
1491 1030
1831 1030
455 1033
498 1033
593 1032
630 1033
679 1033
996 1032
1053 1036
1234 1033
1746 1035
326 1034
469 1035
1020 1035
1408 1036
1481 1034
742 1037
766 1036
847 1037
936 1037
940 1036
1037 1036
1376 1042
1667 1041
894 1038
914 1038
932 1041
1199 1045
1222 1048
1739 1039
549 1040
615 1040
621 1042
639 1041
693 1041
814 1040
988 1041
1252 1041
1307 1042
1468 1042
1482 1040
377 1042
411 1042
495 1042
808 1043
1028 1042
1068 1042
1296 1045
1706 1042
699 1045
1349 1049
353 1047
427 1046
733 1052
978 1047
1070 1048
1112 1047
1138 1047
1432 1047
127 1050
220 1048
542 1049
577 1052
650 1048
955 1049
1549 1048
1644 1049
32 1051
99 1050
202 1051
446 1051
509 1052
524 1051
716 1053
820 1051
1178 1051
1764 1051
478 1053
834 1052
926 1053
1502 1055
111 1055
456 1057
550 1054
691 1059
744 1055
963 1054
1279 1056
1834 1055
113 1056
168 1057
367 1059
408 1057
424 1057
592 1058
769 1058
787 1057
885 1056
986 1058
1039 1058
1055 1058
802 1059
1616 1058
1694 1059
1743 1060
181 1061
518 1060
851 1062
865 1061
1131 1062
1233 1065
1675 1060
1815 1060
392 1068
1007 1072
460 1064
564 1067
627 1064
685 1065
1107 1075
361 1069
438 1067
742 1066
1530 1067
1625 1066
1782 1066
200 1069
303 1069
548 1069
602 1069
792 1068
1037 1068
1078 1068
1164 1068
1352 1069
1522 1069
1550 1074
1584 1069
707 1079
1379 1070
1646 1070
1707 1080
1727 1071
425 1073
446 1074
640 1072
763 1079
949 1074
1025 1073
1218 1073
1392 1072
1479 1074
771 1075
1055 1078
1071 1074
1199 1078
1617 1077
132 1077
163 1076
431 1077
456 1077
481 1077
691 1077
730 1076
747 1083
1262 1078
1369 1090
277 1078
820 1078
941 1081
946 1078
1149 1078
1445 1079
1600 1078
1680 1080
303 1082
371 1080
854 1081
977 1080
1139 1084
1499 1081
205 1082
415 1086
552 1083
629 1083
681 1087
867 1082
1021 1083
1081 1085
1276 1083
1347 1084
1493 1084
400 1085
621 1084
840 1084
918 1084
987 1085
1623 1085
462 1090
467 1086
1225 1087
1430 1090
33 1089
293 1088
722 1089
751 1089
945 1090
955 1089
969 1089
992 1088
896 1090
962 1090
1129 1090
1502 1095
602 1092
612 1092
655 1095
695 1093
831 1092
976 1093
1093 1096
1280 1093
1316 1092
1336 1093
523 1094
708 1095
915 1094
1313 1095
584 1096
1023 1098
1210 1098
434 1099
639 1100
877 1099
1000 1099
1176 1105
1245 1099
1623 1099
299 1101
399 1100
603 1102
946 1101
971 1101
1414 1106
1637 1103
1823 1101
546 1102
739 1102
829 1102
921 1102
1085 1103
1478 1103
241 1105
491 1104
622 1105
961 1105
1025 1104
1113 1106
370 1111
875 1106
1127 1107
1240 1109
1590 1111
57 1108
509 1108
594 1110
720 1108
795 1109
904 1108
969 1108
998 1109
1141 1108
1306 1109
1432 1112
1453 1112
1838 1108
54 1111
852 1110
941 1110
1049 1110
1298 1126
1484 1113
1724 1112
449 1115
525 1113
572 1113
711 1112
1092 1117
1119 1112
1193 1112
1363 1115
1507 1116
1574 1113
533 1115
733 1114
1200 1114
1833 1115
163 1117
416 1116
518 1116
723 1118
830 1116
843 1116
875 1119
343 1119
549 1118
642 1118
911 1118
990 1119
1035 1131
1348 1121
1494 1119
383 1121
587 1121
604 1122
620 1121
656 1120
1225 1124
1649 1122
657 1124
846 1123
958 1123
1154 1123
1442 1123
1500 1123
1613 1123
608 1134
632 1124
680 1125
725 1125
883 1125
938 1125
982 1124
1015 1124
1176 1133
1630 1126
97 1127
422 1126
552 1126
665 1128
348 1133
378 1131
440 1132
593 1133
739 1128
858 1128
910 1131
1066 1129
1249 1129
59 1130
567 1131
700 1132
1112 1142
1130 1131
1457 1147
1794 1130
408 1133
480 1133
1158 1132
1532 1132
507 1134
681 1135
984 1135
1251 1135
1613 1137
1734 1135
427 1137
741 1137
826 1137
917 1137
1054 1138
1075 1137
1159 1136
1278 1138
1325 1138
1525 1139
678 1138
874 1138
1215 1139
1354 1141
439 1142
582 1140
676 1141
791 1140
1071 1142
1098 1143
1571 1148
50 1143
170 1142
322 1143
709 1144
892 1144
932 1145
969 1142
1018 1146
750 1145
793 1145
986 1144
1199 1147
697 1150
722 1149
1000 1147
1243 1147
1376 1146
1505 1149
1649 1146
388 1148
467 1148
853 1148
965 1153
1149 1149
1226 1149
1364 1149
218 1150
777 1150
903 1151
203 1152
405 1162
453 1152
655 1153
745 1154
843 1152
1094 1152
1172 1156
1430 1155
1537 1153
501 1154
670 1156
918 1155
950 1164
989 1154
1064 1155
1495 1155
1610 1154
1708 1154
1 1157
194 1157
648 1160
893 1159
1049 1156
1089 1157
1143 1157
1509 1157
1541 1158
183 1159
528 1159
678 1158
1062 1159
1697 1159
60 1161
375 1161
539 1160
566 1160
1792 1161
79 1164
280 1163
423 1163
488 1165
585 1166
774 1163
938 1163
978 1170
1277 1163
1302 1163
1413 1163
1422 1172
1554 1162
1571 1165
56 1165
473 1165
1243 1166
1365 1165
501 1167
554 1166
693 1166
862 1167
877 1166
996 1167
1011 1172
77 1169
534 1169
563 1168
628 1169
770 1169
930 1168
1160 1168
1357 1169
1390 1169
1471 1172
1494 1173
1754 1173
207 1170
452 1171
599 1170
726 1171
780 1170
784 1171
1117 1173
1186 1175
1448 1171
1617 1171
1663 1171
295 1173
674 1179
806 1172
820 1173
1299 1173
48 1175
495 1175
799 1174
1083 1174
1148 1177
1589 1176
1811 1174
520 1176
1381 1176
1464 1177
1685 1177
1721 1177
427 1179
546 1179
647 1179
969 1179
1042 1179
1161 1178
1317 1180
1674 1179
480 1181
524 1181
560 1180
831 1180
944 1183
1235 1181
1639 1181
143 1183
880 1182
891 1189
916 1182
930 1182
964 1183
993 1184
353 1184
552 1185
569 1186
694 1185
716 1184
1332 1185
1525 1186
1712 1185
1715 1184
708 1187
983 1187
1108 1186
1277 1187
1449 1187
54 1188
632 1188
687 1190
823 1188
933 1188
952 1188
1042 1194
1119 1189
1135 1191
1641 1188
275 1191
370 1191
427 1191
607 1191
617 1205
856 1191
1156 1190
1404 1192
1483 1191
1533 1192
418 1193
498 1193
861 1192
863 1193
953 1193
1323 1192
488 1194
551 1194
831 1196
1005 1195
1590 1199
541 1196
630 1197
653 1196
657 1198
720 1197
759 1196
1193 1197
1220 1198
1313 1197
318 1198
481 1199
957 1205
994 1200
1343 1198
1357 1198
1631 1198
502 1200
605 1201
632 1201
734 1201
1110 1201
1341 1201
1389 1203
1634 1201
46 1203
799 1207
839 1202
878 1203
1179 1203
1291 1202
1410 1204
1524 1202
373 1205
446 1205
667 1204
688 1205
773 1204
1047 1206
1253 1209
1564 1204
1823 1204
82 1207
183 1207
426 1207
650 1213
743 1207
1168 1207
1269 1215
1552 1207
417 1209
512 1208
868 1209
1434 1218
1581 1208
1647 1209
763 1210
817 1210
978 1211
983 1210
1122 1213
600 1212
746 1213
777 1212
786 1222
797 1217
918 1212
1173 1212
1211 1213
1375 1222
1575 1213
187 1215
279 1214
359 1214
634 1216
1154 1217
1307 1223
1543 1223
822 1216
849 1218
997 1217
1217 1217
1500 1217
1704 1217
241 1224
383 1219
532 1218
623 1219
720 1218
734 1218
768 1220
898 1219
1166 1218
1250 1218
1769 1219
18 1224
933 1225
1732 1221
222 1225
343 1225
424 1225
653 1225
771 1225
1104 1224
1179 1224
1359 1222
1407 1225
1570 1224
1776 1225
612 1225
854 1225
884 1226
914 1225
1194 1225
1355 1226
363 1226
387 1227
484 1227
589 1226
839 1227
989 1227
1246 1226
1261 1226
1289 1226
