906 610
496 12
728 2
765 0
837 3
882 2
1006 0
1094 10
1232 0
1459 9
1573 8
1796 1
1056 7
1158 6
1224 13
1310 9
366 11
1029 13
781 27
1008 19
1168 32
1134 19
632 26
1135 21
460 38
1194 26
940 26
890 30
1069 39
1213 30
927 32
1351 37
1032 34
1540 39
805 39
914 43
1591 48
1292 42
371 47
823 47
1323 45
732 47
677 55
705 55
1185 54
1203 57
1223 53
941 61
1273 53
1093 62
1154 57
486 60
1449 67
1784 87
561 64
1548 63
1154 78
1350 73
974 65
1001 66
1017 77
1193 78
1581 80
1736 81
1272 82
392 82
1112 76
972 80
1560 84
884 80
929 83
794 82
635 96
780 87
906 85
946 90
1109 97
880 89
1077 88
537 90
1622 95
1202 111
719 99
1071 96
1239 96
523 103
923 101
1035 96
1137 100
1216 100
846 109
955 108
1175 102
811 101
940 106
1161 104
783 105
986 105
1042 109
1078 108
894 109
1015 108
1232 112
1546 111
422 121
793 119
707 122
869 119
1653 118
1737 125
1144 129
313 128
454 135
758 122
1057 128
1083 125
1102 122
884 127
670 126
1266 130
1542 130
903 133
1007 134
1074 130
544 137
936 137
982 132
1088 133
690 134
920 139
1094 139
1210 135
776 136
796 140
472 142
960 138
814 140
886 141
1171 143
1517 147
982 149
1756 155
763 145
1084 145
1341 154
751 147
1109 147
1124 149
1480 161
689 150
743 151
1446 155
493 159
783 158
1026 161
1112 154
369 164
681 157
747 174
1058 158
850 158
1177 159
1548 160
456 171
1082 166
1190 173
1221 167
709 174
557 167
1172 170
1513 173
935 170
694 173
812 180
1058 173
1118 174
1536 176
1780 180
767 179
1048 181
676 177
867 176
432 182
840 179
1111 181
1817 191
792 182
1641 189
551 188
1138 185
923 186
1091 191
1241 188
962 283
1178 189
1452 195
1600 198
349 194
716 190
884 195
1024 193
1143 194
1673 201
452 200
782 200
1059 195
1002 198
1039 196
715 198
912 198
984 198
1016 202
1521 198
1111 210
1509 212
423 207
1283 207
1361 211
1770 213
761 206
1732 212
1332 208
796 217
1145 223
1166 231
1244 218
709 212
766 215
1056 213
479 218
1002 223
1032 219
1055 220
1076 216
1487 222
873 224
1129 226
1790 231
394 224
1018 220
1210 223
1024 228
424 238
837 228
1547 227
335 234
1189 229
811 230
1090 250
850 235
1445 243
562 238
1045 235
780 241
882 237
1556 237
869 247
654 241
476 246
707 244
825 250
1426 243
602 253
808 244
1042 250
854 246
1197 247
1712 259
758 248
1218 254
1559 252
537 257
657 251
1510 252
375 256
676 259
52 255
1191 254
1580 269
270 257
434 259
617 256
1619 264
1436 259
796 260
1466 275
772 271
659 268
635 272
827 266
845 267
849 266
1039 268
1057 268
1264 267
621 269
724 268
794 268
842 268
862 272
1123 269
1653 273
1175 277
1355 271
742 283
786 273
918 273
1061 274
242 275
298 278
469 290
1076 278
1224 277
1271 277
418 279
793 278
1129 281
1160 279
1198 278
696 286
819 280
1534 281
1172 282
1194 282
1240 296
387 285
610 291
1051 285
1080 284
1309 285
341 293
728 286
828 291
864 292
1088 306
1136 287
1156 287
1316 287
1777 292
173 289
918 288
1266 289
1295 309
1494 294
1690 291
779 291
1063 294
1140 292
878 294
909 296
1112 301
1342 297
1580 308
208 298
225 298
1052 305
1151 299
176 300
715 300
1181 300
1364 310
850 304
1177 302
1458 303
487 312
824 304
1216 304
378 308
739 307
1213 306
1547 308
1243 323
1604 308
1732 313
1694 316
191 312
758 317
804 313
1069 314
1204 312
193 315
299 314
505 317
666 314
699 317
917 315
1653 320
451 320
521 317
929 316
1118 318
1140 316
1622 326
368 328
709 319
1043 320
100 321
813 321
943 320
1158 325
1203 329
319 323
660 322
870 325
1588 322
216 325
290 325
439 324
590 325
921 326
286 327
625 326
883 327
897 339
1440 329
745 333
770 331
787 331
934 328
1456 330
1701 332
240 331
1058 330
1264 330
23 332
91 333
263 333
461 335
650 336
850 333
1113 332
1173 333
1582 333
237 334
398 335
424 334
726 341
823 335
1102 336
1130 337
1325 334
1356 335
159 337
310 337
344 337
484 336
572 339
684 336
1073 339
67 339
275 339
540 338
839 341
930 339
1599 354
18 340
42 341
100 341
1113 391
1159 342
265 343
331 343
588 343
641 343
1047 343
1074 353
1179 343
1433 345
473 347
855 350
50 347
417 346
425 347
462 372
1648 358
1746 347
401 353
1153 349
1258 357
1446 348
780 351
1221 351
1317 351
1418 350
96 352
809 352
891 352
829 364
1031 369
1160 354
1305 361
1438 367
19 357
80 359
93 363
713 361
731 367
25 360
192 361
1231 361
255 365
339 363
640 362
871 364
896 362
1063 363
150 365
184 365
529 364
759 365
272 367
621 366
1000 372
1773 370
627 370
689 373
894 368
1050 368
1807 368
98 371
1288 370
153 372
213 373
763 372
905 384
1361 372
1377 380
43 374
180 374
389 382
751 383
1269 376
69 376
714 377
781 377
838 377
861 376
1175 377
1227 377
1257 377
1535 377
32 379
162 379
496 378
919 381
1055 405
1632 385
287 381
508 387
982 383
1567 387
131 382
646 383
701 382
1210 382
365 384
530 384
616 385
800 385
1442 386
1503 385
1744 389
709 386
766 394
823 386
869 386
999 387
1215 387
116 388
642 389
923 396
177 391
336 391
1242 390
1266 390
1535 391
626 398
937 392
1082 393
1341 394
1366 393
1458 394
1497 393
68 395
163 394
331 395
404 402
604 394
607 395
940 401
115 401
848 396
1218 396
1318 397
1355 402
125 399
434 400
803 399
823 398
1214 405
1236 398
1254 399
1540 413
1832 398
649 401
1175 402
1382 400
1803 401
793 408
1010 406
1130 403
1610 417
1718 409
49 404
339 405
958 404
63 407
207 407
746 407
981 408
1087 407
1245 407
1648 407
213 408
757 411
812 409
871 409
965 483
1296 409
1584 409
17 411
47 411
101 411
200 410
478 417
498 410
657 411
778 410
945 410
1149 410
1197 411
1630 415
601 413
1240 412
1313 413
108 414
592 417
1091 415
1281 415
1334 414
1445 418
42 417
680 417
820 418
1232 416
1651 423
573 419
673 419
851 439
1163 418
1230 419
1724 419
6 421
144 420
329 420
344 421
443 422
525 420
951 423
1082 425
1190 421
1681 427
375 425
403 423
747 425
778 425
1393 425
543 425
879 425
1012 425
1293 425
1434 425
1471 431
86 427
110 426
551 427
1179 426
1188 427
1290 427
718 428
960 429
1221 428
1313 431
440 431
590 431
729 435
1059 430
1236 430
1496 430
78 432
291 432
566 433
628 433
648 436
756 434
969 435
1558 433
1576 432
95 435
102 434
669 449
1229 436
1514 436
1794 434
114 437
302 436
456 439
497 437
831 437
1420 467
106 438
1034 440
1078 446
1350 439
1726 439
332 441
535 442
571 441
801 441
830 442
1000 441
1088 440
1150 443
1167 440
1522 440
1741 441
404 445
436 447
574 443
601 443
718 443
1294 450
1318 443
1729 446
519 445
898 445
1541 444
104 446
183 446
194 447
485 447
507 453
617 452
829 449
956 447
973 453
76 449
341 449
575 449
806 449
892 450
1156 448
1169 451
1270 449
1435 448
552 452
1388 453
1545 450
1676 451
131 453
1246 453
1335 455
1619 452
228 459
267 454
289 455
782 458
1092 456
688 458
1446 456
1603 462
46 459
140 459
338 459
1061 460
1338 459
1489 459
356 463
406 474
707 461
734 461
798 462
1034 460
1231 461
1234 460
1371 461
1493 465
1713 461
1762 460
454 469
573 463
1128 468
1260 463
1508 465
1659 463
1733 463
740 465
811 466
1153 468
1203 464
1221 466
1533 464
1772 465
51 467
555 476
758 475
1050 468
1199 466
1777 467
267 469
612 473
909 468
1183 470
1436 471
1071 471
1148 471
1226 471
1266 471
1838 471
843 474
1018 472
1100 474
1354 472
204 474
584 475
706 474
795 475
916 476
1135 474
1263 474
1513 485
1574 495
155 478
224 476
255 477
1118 482
1333 476
194 478
334 479
478 482
825 479
1045 480
1138 479
1329 479
1598 484
441 482
624 483
726 482
1164 491
1188 480
359 482
424 483
504 482
528 483
1021 484
1036 483
1144 494
1199 483
51 485
1053 486
1270 484
1353 484
1729 484
1758 485
62 487
169 486
181 487
671 487
775 486
865 492
887 487
498 488
515 501
545 488
651 492
735 488
850 490
1256 490
914 492
1391 492
418 493
1239 493
1361 493
383 495
749 507
784 494
1073 514
1098 495
354 497
395 497
834 498
904 498
1304 496
1380 503
1402 497
1408 496
356 499
547 498
574 505
688 499
775 498
791 505
1238 499
1355 499
1451 505
1606 505
1767 499
101 501
431 504
542 501
823 502
1032 500
1130 500
1159 500
1199 501
1228 501
1801 500
258 503
338 505
597 503
675 502
1128 502
1172 503
1251 503
1758 506
692 504
886 508
1214 504
1340 507
1482 505
305 511
483 507
621 506
865 507
1114 506
1181 506
1270 508
1498 509
1510 513
1537 509
1730 510
273 510
399 511
538 510
600 510
668 510
772 510
842 511
866 511
1108 511
1286 510
1132 517
1228 512
1322 513
1365 512
867 514
1687 515
402 519
418 517
491 518
547 520
869 524
1352 518
1637 519
1680 521
1728 516
53 519
612 518
678 519
959 522
1214 518
1328 533
1429 518
1551 519
1594 518
778 522
829 522
1210 521
1225 521
1237 521
1471 521
1625 520
1710 520
321 525
359 523
508 527
598 522
797 523
1115 542
1317 523
1799 523
294 525
411 525
488 525
1096 524
1363 526
1502 525
1579 525
1626 527
477 535
532 528
551 526
948 526
1180 527
1209 526
1260 538
1295 526
1393 526
1661 527
1714 527
1743 526
343 533
622 529
657 529
800 528
854 530
576 533
609 531
673 531
684 532
801 532
1389 531
1804 531
738 532
750 532
1074 547
1824 533
449 534
921 536
933 536
1195 534
1408 535
1480 538
1795 534
460 539
907 537
1306 537
1429 537
1466 536
1702 537
1718 536
327 543
710 539
980 539
1190 544
1363 538
1380 539
1645 543
1725 538
597 540
655 547
1417 542
1461 540
206 543
441 542
529 543
609 547
909 543
1054 543
1153 544
358 544
415 544
431 545
1051 546
1540 549
315 547
369 547
398 547
1166 559
1288 547
1704 546
134 549
306 549
1326 549
1574 548
112 551
727 556
1208 558
1363 550
1381 551
1483 550
1731 551
1754 551
1788 553
56 552
233 552
298 552
409 553
552 557
794 552
941 553
1040 553
1226 554
1406 552
1429 552
1456 556
1512 554
432 555
446 556
498 554
579 554
619 554
742 554
757 554
1060 560
1141 555
1253 556
1439 554
1597 560
947 559
1148 557
1230 557
1563 557
381 561
450 559
525 559
640 561
683 559
913 566
1129 558
1348 559
1667 559
1837 559
704 564
801 561
1033 561
1103 569
1258 561
1422 560
1435 563
1530 561
1773 562
181 567
582 562
761 563
1188 565
1297 563
1327 563
1397 562
1449 563
264 568
397 564
523 564
595 565
671 564
840 566
1613 565
203 567
489 567
569 568
621 567
749 569
769 569
883 566
981 567
1241 567
1269 567
1387 566
1417 566
1462 570
456 568
543 576
590 568
669 569
960 569
167 571
368 570
1000 571
1054 572
1071 570
1191 578
1284 571
1385 571
1413 570
1627 570
504 572
556 572
633 572
936 573
1018 575
1363 574
1519 572
148 574
510 577
1278 574
779 577
1046 577
1089 578
1446 577
1669 576
1716 579
1738 576
652 583
825 579
1448 579
1637 578
1791 579
83 580
420 581
450 580
527 581
618 580
707 581
1240 580
1251 587
1281 581
1311 580
1334 582
1394 581
1431 581
68 583
192 584
631 582
695 583
1086 584
751 584
764 586
1061 587
1272 585
127 586
220 586
265 586
548 587
626 587
961 734
888 588
1145 586
1388 590
1466 586
1479 588
442 591
522 588
714 589
796 588
951 589
1005 607
1224 588
1520 591
1594 588
593 590
661 591
785 591
803 590
939 592
1106 590
1124 590
1541 590
734 593
1640 592
1772 592
471 598
680 595
740 595
1020 594
1097 595
1174 594
1269 599
1332 595
1431 602
1507 594
1632 601
1693 595
601 597
719 597
863 597
936 598
1032 596
1223 605
1363 596
1733 597
308 599
380 600
391 598
448 608
548 599
572 599
635 599
703 599
787 598
858 599
1026 603
1079 600
1116 598
1144 598
1195 599
258 601
661 602
1043 602
1090 611
1138 600
487 612
503 604
696 602
887 603
1058 605
1345 602
1478 603
1773 602
52 604
209 605
348 605
374 605
436 604
551 605
618 604
735 607
1532 604
214 606
233 606
723 606
752 607
934 607
1254 615
1328 606
1382 611
1487 613
1507 606
1570 606
1813 607
107 609
231 608
422 610
927 609
1033 609
1125 612
1357 608
1528 612
385 611
565 612
595 610
779 610
1039 611
712 612
891 613
1290 612
247 615
329 617
373 615
612 614
844 615
878 616
1042 616
1207 616
1558 643
469 616
1178 616
1278 628
1322 640
21 619
91 619
362 618
393 619
624 620
685 621
1065 618
1173 624
1308 619
1468 619
1722 619
539 620
587 621
949 620
1032 621
1114 631
1191 621
1351 621
1401 621
1540 620
275 623
395 629
545 623
584 623
1020 623
1154 623
1229 623
1680 622
627 643
993 625
1073 625
1390 629
1448 625
1512 629
1807 626
111 626
506 627
603 626
921 627
982 645
1045 627
1456 632
562 629
714 629
937 628
1359 631
1497 629
1537 628
1773 629
60 631
260 631
364 635
440 631
503 630
557 631
581 631
730 631
875 631
1049 631
1176 631
1260 635
1421 638
98 633
492 633
720 632
903 633
1206 636
1528 632
290 635
435 644
525 641
671 635
960 635
1042 645
1148 635
1392 635
141 642
270 637
409 637
582 636
603 637
891 638
1090 637
1616 637
1783 637
411 639
461 640
466 638
543 639
658 639
959 638
1008 639
1061 667
1397 638
1476 639
1758 640
395 642
416 640
1089 641
1194 640
1655 643
1701 642
509 642
574 642
1001 644
1085 642
1776 643
374 645
840 652
1013 659
1131 646
1253 645
1363 654
1597 650
1738 644
369 647
495 646
515 651
568 646
599 647
1167 646
1189 647
1217 649
1465 650
1498 646
1768 646
1816 646
1836 646
59 651
382 648
479 651
672 652
1269 649
550 652
1250 650
1388 650
1433 653
1691 651
1705 650
407 667
501 654
856 654
1191 652
1624 652
273 655
332 654
348 655
418 654
443 657
1047 654
1382 654
1396 655
912 656
1453 656
1653 657
6 659
465 659
615 659
1515 659
211 660
342 661
426 664
573 661
1113 661
1250 660
1614 663
70 663
504 669
613 662
928 664
953 663
1105 668
1735 662
1832 662
371 666
466 664
914 664
1086 665
177 668
519 667
571 671
610 673
870 667
1230 667
152 668
196 669
706 670
1268 668
1356 669
1378 669
1684 669
264 671
395 671
691 670
952 670
1380 671
1397 670
1689 671
1739 672
1765 675
476 672
925 673
1214 673
1459 673
1752 672
1785 672
186 674
577 675
921 674
1258 677
1278 675
1416 674
1542 675
469 676
716 677
731 676
1216 682
1229 676
1301 676
1319 679
1367 676
1678 676
250 678
320 678
475 689
578 679
730 679
902 678
916 680
1004 678
1279 684
1341 681
1492 678
1503 687
1709 680
286 680
412 683
892 681
988 684
1088 682
1425 700
1522 680
1803 682
581 684
654 689
691 684
1022 694
1075 682
1245 684
1398 683
1471 686
1839 683
328 690
530 686
961 684
1833 684
686 686
93 689
209 689
419 689
541 689
900 689
948 690
1223 690
1235 688
1301 703
1441 689
1584 694
1661 690
1721 688
386 694
719 693
567 692
960 694
1320 694
236 696
562 698
617 695
928 699
1346 699
1382 694
1384 695
120 696
400 696
544 697
1398 699
1448 697
1744 696
291 698
302 710
1250 701
1331 699
1373 699
1730 700
514 701
633 701
1064 700
1227 703
1766 700
238 702
541 711
689 707
1324 705
1470 704
1695 703
1711 702
1831 703
335 710
376 707
621 706
1287 704
1814 704
133 706
958 706
1191 706
1263 706
1520 710
1550 710
644 708
1026 709
1265 708
264 711
425 712
914 711
990 710
1220 710
1333 710
1631 718
1717 711
1762 711
323 717
466 718
494 723
875 713
999 713
1230 712
1388 713
1584 719
1664 713
254 715
383 715
513 716
697 716
897 725
984 716
1009 718
1020 715
1278 714
1339 715
1683 714
1731 715
1751 718
1766 714
587 717
757 716
1210 721
1292 724
1465 716
1559 717
183 720
666 721
683 723
975 723
1252 766
1782 719
356 721
389 721
433 720
555 722
596 730
1272 726
1327 721
1443 723
1467 721
1815 720
210 723
527 723
645 724
1156 722
1468 723
40 725
312 725
382 726
702 724
1150 727
1202 725
1232 724
1469 738
1699 725
772 730
935 728
1191 734
1311 727
1358 730
1390 728
1567 727
1760 727
75 729
118 729
218 729
474 728
546 734
693 728
753 729
788 728
1316 730
379 731
439 731
1439 731
1503 735
1515 730
1641 730
331 733
432 733
642 733
1382 745
1418 732
1452 734
1531 736
1625 733
271 734
816 734
1143 735
1224 736
1341 735
1633 735
1680 735
176 736
729 737
1410 737
1436 736
1685 743
1796 739
1819 737
414 739
448 745
699 748
1136 741
1233 739
1710 746
1778 741
353 747
478 744
520 740
624 744
783 740
1281 750
1408 740
74 743
585 743
817 744
1155 744
1186 746
1574 748
1634 743
1791 743
193 745
224 744
540 745
682 748
1264 745
1698 744
1211 747
1341 751
1616 751
122 749
255 749
795 749
1422 751
1490 761
1736 749
188 750
519 751
1450 765
1748 750
1822 751
116 752
319 756
334 754
406 755
602 755
663 754
677 753
1152 752
1326 752
1409 753
56 754
646 757
737 757
1322 754
1500 754
1722 755
285 757
460 762
568 756
1149 760
1180 758
1192 756
1516 759
1597 760
1753 761
1766 758
23 759
347 758
611 759
788 760
818 759
1337 759
1396 761
1562 771
89 761
693 760
1207 765
1770 761
0 762
398 762
538 763
577 763
1295 764
1300 762
1325 765
1355 764
1697 762
1740 763
1831 763
191 770
481 765
754 767
1164 768
1506 783
1631 765
116 767
368 769
442 766
522 767
663 767
1410 766
1535 767
279 769
396 769
566 769
628 778
668 769
685 776
725 770
836 774
853 770
1629 768
84 770
433 770
526 771
586 770
771 773
1420 770
1688 780
1774 772
1796 772
97 773
270 776
322 772
575 773
703 772
734 772
1195 772
1199 773
1214 788
1473 785
1643 773
1674 772
1745 773
384 775
806 774
1150 774
77 776
290 777
292 776
313 776
407 778
485 777
505 780
588 777
1346 778
1400 779
1711 781
103 779
285 779
492 778
550 778
768 778
1204 779
1365 781
1530 811
1726 778
1769 784
245 780
345 781
362 781
441 782
480 781
583 781
603 781
1122 781
1737 781
1752 780
1813 781
1822 780
16 783
529 787
651 802
796 782
865 784
1431 783
1589 782
1831 783
32 784
333 784
459 785
578 784
1145 784
1192 788
1321 784
1422 790
1597 784
434 787
878 788
1158 788
1298 790
1325 786
1340 788
1611 791
50 788
234 793
291 789
407 790
513 789
179 791
430 790
553 791
575 791
1119 791
1166 793
1237 795
1699 801
1760 790
1816 790
1818 791
397 793
469 794
1155 793
1731 793
87 795
426 795
639 794
688 795
722 795
1087 795
1272 794
1316 795
1361 795
1394 795
1404 794
334 796
752 797
872 797
1174 797
1274 797
1587 797
1636 796
42 799
437 798
481 799
521 798
672 799
1081 799
1371 802
1469 818
1567 801
1654 798
1671 799
1724 800
222 801
500 800
707 803
836 800
882 801
886 800
902 801
1091 801
1287 833
1396 801
1594 801
1748 800
1793 800
268 802
312 804
368 803
778 802
841 802
1673 802
211 805
531 811
597 808
849 804
1120 810
1264 804
1282 804
1505 804
1658 811
455 807
862 806
1074 809
1085 806
1098 806
1193 807
1402 807
1563 806
1755 806
1822 810
14 808
472 810
570 809
616 808
676 810
895 809
1163 808
1218 810
1274 811
1280 808
1677 809
1716 809
225 810
360 810
781 810
1203 810
1351 811
1362 812
1380 811
1602 817
1792 811
165 813
437 812
555 818
576 812
764 813
1191 812
1626 813
1690 813
18 815
146 815
609 818
872 814
1139 815
1157 814
1221 825
1370 816
1647 815
1738 814
1811 815
1836 816
250 817
295 816
902 818
1095 816
1215 816
1266 817
1394 817
1641 816
1702 817
1775 817
178 818
489 820
1094 819
1154 819
1169 818
1447 822
1664 819
1747 818
62 820
423 825
511 835
905 821
1075 820
1115 821
1188 820
1692 820
193 822
467 823
866 822
906 832
1140 822
1365 836
1408 823
588 826
638 825
673 825
732 825
1195 828
1400 825
1648 825
1700 824
95 827
206 827
338 827
623 826
780 827
852 827
1554 827
1668 835
1786 829
188 828
649 838
716 828
801 830
889 830
931 831
1111 828
1591 828
1705 829
382 833
479 830
484 831
574 830
616 830
684 831
703 837
828 833
870 837
1075 831
1416 830
1420 832
334 833
521 833
538 834
1143 832
440 835
736 835
791 834
1610 836
1701 835
1781 835
275 841
1127 837
1149 837
1209 842
361 839
681 838
737 838
785 839
943 847
1225 841
1546 838
1593 838
145 842
295 843
535 841
564 841
753 841
780 841
1047 841
1079 840
1125 840
1168 842
1315 843
1596 841
1795 841
392 842
550 843
616 843
830 848
849 842
1064 844
1366 865
1447 842
1559 843
1623 843
9 844
56 845
313 850
598 844
665 848
819 845
1173 845
1183 844
1344 845
1708 847
65 847
577 847
1154 848
1303 846
1434 846
1535 851
1577 846
1746 851
1757 846
229 850
365 850
404 849
735 848
1472 849
1608 853
1636 848
1653 848
1756 849
3 853
25 851
543 856
713 854
840 857
969 850
1054 851
1116 850
1232 853
1584 851
1593 850
1640 851
1676 853
328 858
384 854
452 852
454 853
634 860
696 859
1426 853
1697 854
356 855
576 854
591 857
862 855
936 854
1046 866
1456 862
1494 854
1573 854
1643 854
1657 855
192 856
413 857
751 858
783 857
912 856
950 856
1100 860
1552 857
1736 859
10 859
566 858
645 859
680 859
719 861
802 859
866 860
1071 858
1191 860
1223 858
1317 859
1466 859
1478 859
1491 861
379 861
615 860
776 860
906 861
952 861
1809 862
23 863
181 863
200 864
211 862
672 863
756 862
807 862
1028 863
1534 864
1550 863
1651 862
1786 869
1826 863
39 865
523 865
995 865
1143 869
1155 864
1177 867
1211 869
1296 867
1414 865
1629 864
1797 864
505 867
570 867
613 867
828 869
872 866
895 870
913 868
929 869
985 866
1588 868
37 868
506 869
789 870
879 869
1019 869
1060 869
1079 868
1257 869
1402 868
1476 871
1531 868
1603 869
1636 868
1679 874
489 872
533 871
577 880
735 871
1015 871
1444 871
1488 880
1529 870
1561 871
1618 873
1716 870
1817 871
136 873
237 877
346 874
457 873
599 876
630 874
687 873
1114 876
1760 872
1273 889
1394 912
1746 875
320 878
413 888
656 876
715 886
957 882
1171 877
1426 877
1456 886
1750 877
1833 876
263 880
354 879
390 879
545 880
942 879
1006 881
1082 879
1714 879
1727 879
841 882
1027 881
1163 881
1581 882
1739 889
246 884
278 882
480 883
526 882
559 882
691 887
736 883
1041 883
1308 884
1523 887
1634 890
1667 883
1683 883
116 884
758 885
1001 885
1073 886
1356 942
1572 886
1616 885
1767 887
1807 886
210 886
792 886
889 888
987 886
1184 886
1418 887
1540 887
1559 887
445 888
782 888
919 900
1086 889
1098 892
1198 889
1201 888
1223 889
1331 889
369 891
426 891
701 890
775 890
799 899
1127 892
1254 894
1478 890
1553 891
1659 891
229 892
541 893
571 893
752 893
833 892
1044 893
29 894
143 896
257 895
481 894
489 899
524 895
657 902
845 898
879 896
1051 895
1184 927
1318 895
1668 897
1684 894
1731 894
1816 897
86 897
442 896
733 896
893 896
964 897
1107 900
1442 896
471 899
558 904
596 898
691 913
820 898
864 898
1001 898
1011 899
1052 899
1225 909
1615 899
1649 902
1706 899
96 901
344 901
473 901
587 905
617 900
644 902
857 901
1026 901
1474 903
61 903
372 904
527 902
742 902
832 902
966 902
1322 903
1436 903
1520 902
1534 903
1577 903
1675 904
1716 904
1777 907
332 904
422 905
620 906
730 908
978 910
1032 904
1094 905
1485 907
1524 906
1689 905
1747 905
36 907
257 907
331 907
544 906
1008 906
1060 907
1299 907
1469 907
515 909
877 908
1120 908
1310 908
1513 909
1549 913
1754 911
1821 909
21 911
346 912
493 910
606 919
950 912
1467 911
1592 912
1644 911
1694 910
55 913
88 913
379 913
572 913
885 915
903 912
1636 918
1703 913
79 919
398 915
651 921
743 914
771 914
846 918
967 915
982 915
1152 914
1272 915
1307 915
1442 925
1609 916
1705 915
1784 916
1805 915
733 917
912 917
963 919
997 920
1055 916
1146 916
1278 921
168 918
331 919
616 918
674 918
765 919
1018 918
1486 919
1575 925
1651 918
96 920
132 921
310 921
516 921
671 921
713 925
1111 924
1256 922
1299 920
1528 920
1725 921
192 923
422 923
532 924
573 923
796 922
832 924
897 922
931 925
1217 923
1513 922
1548 922
1589 926
1682 927
1797 923
357 925
1051 927
1195 924
1478 928
217 926
383 926
511 928
666 927
726 929
886 927
1065 926
1537 933
1806 927
1838 930
87 929
412 930
585 932
758 928
868 929
967 929
979 932
1141 936
1818 929
328 931
776 933
817 937
1018 931
1246 938
1305 931
1451 930
1500 935
1523 930
1554 931
1613 931
276 935
319 933
378 939
438 934
732 932
1152 932
1520 932
1558 933
1710 933
1748 932
7 935
106 934
546 935
627 934
741 934
870 935
976 934
1210 935
1263 942
1453 941
1642 935
1792 936
134 937
455 936
573 937
883 936
1117 937
1290 941
1580 936
1667 937
52 938
425 938
443 947
605 938
758 939
1036 940
1060 938
1075 940
1167 938
1217 957
1643 947
1810 938
512 941
526 940
684 942
928 940
1118 940
1688 941
1715 941
146 943
283 942
721 947
766 942
884 943
900 944
1339 945
1390 942
1401 948
1476 943
1572 951
1669 944
1746 942
1800 943
122 945
652 946
678 946
1124 945
1161 946
1420 951
1520 944
1545 945
1697 944
1735 952
199 947
472 949
587 947
777 946
829 950
1279 947
1556 948
1701 946
1777 946
1831 946
215 948
316 948
409 948
589 959
638 950
659 949
1471 950
1529 950
1807 949
311 951
602 951
954 950
1103 951
1659 952
1824 951
355 954
734 953
1004 952
1152 957
1174 956
1239 953
1311 955
1332 989
1391 953
1588 955
1707 954
11 955
618 954
717 955
1003 955
1261 967
1553 955
1796 956
123 957
424 956
561 956
931 957
979 957
1033 959
1478 957
1537 963
1750 957
95 958
408 964
511 959
696 958
842 959
1095 958
1467 966
1501 962
1757 962
389 966
672 961
772 961
799 961
1079 961
1132 960
1585 961
1672 961
1718 962
1784 960
524 965
703 962
1441 999
1675 963
1692 962
1781 963
501 966
731 965
921 965
987 964
1613 972
1689 964
112 966
246 967
300 966
549 966
601 967
612 967
652 967
888 966
924 967
1120 968
1184 969
1405 971
1816 966
580 968
687 972
879 970
976 969
1025 968
1148 969
1165 968
1494 969
1709 969
490 971
632 970
640 972
656 971
759 977
1235 990
1564 990
1743 972
1773 975
557 973
593 978
627 972
706 973
907 992
950 972
1041 974
1125 977
1494 991
1516 972
1652 972
39 974
90 976
184 974
451 974
472 975
609 976
663 974
749 975
777 974
1007 977
1090 984
1157 982
1292 975
1458 975
1546 975
1683 976
41 976
342 982
368 982
536 976
735 981
816 976
1355 983
1472 977
1509 978
1647 976
1799 982
136 979
519 979
552 978
799 979
927 978
975 979
1044 978
1589 979
1725 978
233 980
473 981
951 981
981 981
1537 988
1584 980
1672 982
1736 981
62 983
499 982
540 983
999 982
1055 984
1636 987
1837 985
641 985
702 991
770 984
786 985
843 986
1029 985
1202 989
1652 995
1743 985
324 987
448 987
528 987
659 987
968 987
1469 987
1595 995
1706 987
618 993
814 989
1148 990
1520 990
1580 988
34 990
264 990
559 996
585 991
649 991
684 990
738 992
790 990
948 991
1115 990
1814 990
287 992
356 993
962 993
1162 996
1266 1000
1380 994
830 994
1006 995
1015 994
1036 994
1708 999
1793 994
1811 996
38 1000
773 997
1017 997
1127 996
1738 996
1825 996
78 999
570 1019
589 998
609 999
858 1000
1032 999
1165 999
1526 1003
1733 1000
1780 999
1801 1000
660 1001
959 1001
1079 1001
1096 1003
1673 1000
1696 1011
248 1003
297 1004
548 1003
797 1002
824 1003
1002 1003
1109 1002
1153 1003
1198 1005
1284 1005
1399 1004
1827 1003
43 1004
206 1007
647 1004
722 1004
752 1004
768 1005
1479 1015
1490 1004
1725 1005
1790 1004
268 1007
305 1006
542 1007
562 1006
620 1007
703 1007
973 1007
1175 1007
1675 1006
1680 1007
1716 1010
367 1009
405 1008
671 1015
991 1009
1007 1008
1037 1009
1299 1008
1383 1016
1468 1009
1817 1009
22 1012
424 1010
460 1010
651 1013
718 1013
760 1010
802 1011
837 1015
952 1012
1132 1011
1242 1015
1294 1011
1514 1022
1556 1012
1663 1015
1763 1011
49 1013
509 1012
1647 1012
275 1015
284 1014
413 1015
519 1017
747 1018
781 1029
1023 1014
1053 1017
1128 1016
1578 1015
112 1016
454 1017
504 1016
531 1023
902 1018
1019 1018
1156 1018
1212 1017
1224 1017
1538 1016
1672 1016
480 1020
860 1019
995 1019
997 1018
1202 1018
1228 1035
1251 1021
1270 1019
1734 1033
375 1025
436 1021
685 1021
757 1027
936 1020
1141 1024
1155 1021
1214 1021
497 1024
693 1022
704 1027
1275 1023
1289 1031
1423 1030
1754 1023
595 1026
1254 1031
1302 1024
1492 1025
1541 1025
33 1028
189 1027
228 1027
414 1028
430 1027
465 1027
640 1028
850 1027
920 1026
939 1027
1028 1028
1171 1026
1218 1026
1310 1041
1567 1026
1617 1030
1625 1027
1800 1029
730 1029
915 1043
976 1029
1191 1032
1240 1028
1585 1028
1678 1030
242 1032
305 1032
459 1032
606 1031
636 1030
647 1031
686 1031
930 1034
949 1032
964 1031
1110 1030
1122 1032
1362 1035
1565 1030
1651 1035
1700 1034
443 1033
484 1033
812 1033
852 1032
876 1032
1066 1032
1133 1034
1824 1034
16 1034
594 1034
633 1035
671 1038
1049 1036
1104 1037
1147 1034
1162 1034
1607 1035
515 1036
535 1038
607 1037
715 1037
728 1036
982 1037
1033 1038
1080 1061
1260 1036
1387 1036
1464 1068
1589 1039
347 1039
525 1039
590 1043
684 1038
1670 1039
1833 1038
738 1041
788 1040
807 1041
882 1040
955 1041
1416 1043
1505 1041
1625 1041
1693 1040
163 1043
245 1043
332 1043
435 1044
479 1045
604 1042
686 1048
796 1043
801 1042
892 1043
990 1043
1203 1044
1239 1044
1338 1046
185 1044
812 1045
1119 1045
1151 1044
1271 1057
1379 1045
1616 1047
1826 1045
4 1047
166 1047
445 1049
567 1047
662 1046
833 1048
841 1046
897 1046
1007 1047
1470 1047
1544 1046
1839 1047
31 1048
177 1049
410 1049
423 1048
487 1055
648 1048
707 1053
813 1048
1241 1050
1425 1049
1462 1051
1724 1049
1829 1050
392 1051
628 1052
901 1051
939 1050
1063 1051
1400 1057
1540 1050
1552 1051
1663 1050
1689 1067
1745 1064
1770 1050
260 1052
283 1053
344 1052
526 1070
676 1053
727 1052
888 1053
1013 1052
1124 1053
574 1054
726 1054
851 1055
876 1054
1053 1057
1150 1055
1367 1056
1534 1055
1815 1057
757 1062
840 1056
853 1057
934 1064
1130 1059
1329 1057
1335 1056
1506 1057
1555 1057
1718 1059
774 1058
785 1059
1119 1058
1247 1059
1524 1058
1576 1073
1591 1059
1645 1059
1766 1058
32 1062
105 1060
371 1061
798 1064
1102 1067
1155 1062
1233 1061
1318 1083
1360 1060
1420 1060
435 1066
625 1063
696 1064
812 1063
1197 1063
1210 1066
1409 1064
1603 1063
1617 1064
1649 1064
1797 1062
1812 1063
182 1064
253 1065
292 1065
603 1069
629 1072
654 1075
672 1064
728 1064
778 1065
903 1065
918 1064
1388 1064
1424 1069
138 1067
347 1066
467 1070
818 1066
1049 1069
1163 1066
1294 1066
1370 1066
1608 1067
267 1068
342 1068
384 1071
416 1069
508 1069
844 1068
1030 1071
1239 1070
1274 1069
1774 1068
450 1070
485 1075
671 1070
743 1070
922 1070
1378 1072
550 1074
692 1073
717 1078
894 1073
957 1078
1141 1084
1182 1073
1226 1113
1414 1072
1602 1073
405 1075
454 1075
610 1076
674 1076
987 1074
1028 1075
1247 1077
1512 1074
1783 1074
326 1077
763 1084
886 1081
918 1077
1003 1076
1172 1077
1189 1080
1366 1084
1672 1077
1805 1076
1835 1091
138 1078
193 1079
325 1079
462 1079
899 1079
1392 1079
1630 1079
1666 1080
296 1080
547 1081
973 1084
1066 1080
1574 1080
115 1082
140 1083
168 1083
262 1082
444 1083
493 1084
516 1082
580 1087
659 1083
792 1082
873 1082
993 1082
1382 1083
1401 1090
1572 1083
207 1085
344 1086
420 1084
566 1084
597 1085
626 1085
797 1086
1007 1085
1073 1084
1103 1087
1119 1098
1162 1084
1268 1099
1426 1084
1787 1085
504 1090
644 1086
855 1087
939 1086
1157 1087
1431 1088
1528 1087
1568 1091
1812 1087
319 1089
439 1088
529 1089
879 1088
911 1094
1077 1088
1182 1090
1209 1091
1650 1089
1755 1094
1768 1089
556 1091
624 1095
672 1090
1055 1099
1622 1091
1792 1092
456 1093
474 1092
485 1092
541 1092
570 1092
600 1093
778 1094
791 1093
1193 1093
1352 1092
1386 1092
1513 1114
1630 1092
371 1095
537 1096
715 1094
812 1095
847 1095
1035 1096
1179 1101
1359 1098
1379 1095
1552 1094
272 1098
459 1096
550 1096
568 1097
814 1097
828 1097
1012 1099
1673 1106
1726 1107
470 1098
487 1099
502 1100
857 1104
893 1099
1080 1099
1194 1098
1594 1098
41 1101
324 1102
398 1101
465 1100
565 1100
610 1101
798 1101
816 1100
871 1101
972 1106
987 1101
1377 1100
1404 1107
1443 1100
1558 1102
70 1103
204 1102
238 1103
421 1102
748 1103
770 1103
884 1104
943 1111
984 1103
1312 1103
1461 1103
1617 1102
1801 1102
155 1104
259 1105
332 1104
501 1105
532 1105
757 1105
803 1104
840 1104
961 1104
1030 1104
1204 1105
1426 1105
1588 1109
1783 1109
316 1107
338 1106
364 1106
382 1107
439 1106
624 1107
641 1106
662 1110
672 1106
792 1107
829 1112
1482 1115
1771 1108
1807 1107
40 1108
260 1109
463 1108
591 1113
778 1108
1359 1120
1624 1108
1652 1108
210 1112
272 1111
311 1110
514 1112
543 1110
554 1111
570 1121
621 1110
674 1110
729 1110
957 1111
1010 1123
1136 1111
1156 1110
1547 1113
1569 1117
249 1112
359 1114
372 1115
425 1113
548 1116
619 1113
790 1112
897 1113
1040 1113
1071 1113
1097 1113
1308 1112
1710 1114
1762 1112
382 1122
409 1116
695 1114
739 1115
1085 1119
1186 1115
1298 1119
1744 1114
262 1117
287 1119
299 1116
603 1122
655 1117
707 1117
846 1117
881 1116
915 1117
1035 1116
1282 1117
1642 1117
91 1118
403 1119
475 1123
767 1120
782 1125
801 1118
878 1119
929 1119
996 1118
1103 1119
1321 1145
1664 1118
1696 1118
1699 1119
366 1120
417 1120
524 1121
911 1120
1151 1124
1272 1120
1330 1121
1406 1121
1439 1121
1453 1121
347 1122
732 1122
827 1122
850 1128
965 1122
1116 1122
1123 1123
35 1126
274 1125
344 1124
426 1125
449 1124
754 1125
891 1126
964 1125
1052 1124
1579 1124
1631 1124
1798 1126
442 1127
794 1126
952 1129
1184 1127
1423 1130
1642 1127
1731 1127
1833 1127
762 1129
907 1137
926 1128
1041 1154
1098 1129
1618 1128
466 1149
485 1131
562 1130
822 1131
834 1130
920 1130
937 1130
1076 1139
1088 1131
1164 1130
1173 1131
1281 1131
1306 1131
1409 1130
1510 1131
1545 1130
1617 1131
166 1132
513 1142
523 1133
579 1136
978 1146
996 1133
1127 1133
1145 1132
1453 1133
1594 1136
1821 1137
71 1134
560 1143
770 1140
1175 1134
1380 1137
1664 1135
393 1136
407 1137
660 1136
691 1136
794 1136
1110 1137
1288 1136
1437 1137
1633 1136
1712 1137
442 1143
633 1139
719 1138
754 1138
798 1142
814 1142
831 1141
863 1138
1002 1140
1097 1139
1173 1158
1276 1153
1296 1139
1303 1138
1398 1139
1454 1144
1498 1138
400 1140
596 1141
661 1142
687 1140
739 1141
921 1141
961 1141
1142 1141
1645 1141
205 1142
628 1143
893 1143
896 1142
933 1152
956 1145
1372 1144
1387 1142
1415 1149
1556 1142
1710 1143
1837 1143
616 1145
1358 1148
1563 1146
140 1147
331 1146
385 1147
395 1146
529 1146
546 1146
704 1147
725 1148
788 1160
809 1146
886 1147
1187 1146
1204 1152
1342 1147
1441 1148
1584 1146
1586 1147
1621 1148
37 1148
351 1149
388 1151
501 1151
821 1154
1126 1153
1253 1148
1468 1150
1494 1148
1552 1148
1656 1148
1666 1150
1768 1150
1816 1148
58 1150
693 1155
723 1151
859 1151
878 1151
1098 1151
1573 1150
1648 1150
862 1153
1104 1153
1259 1155
1301 1153
1613 1153
1686 1157
1740 1152
1779 1153
13 1157
23 1155
323 1154
356 1159
403 1155
513 1154
525 1155
609 1155
668 1155
744 1154
892 1154
1547 1155
1629 1163
317 1156
383 1157
452 1156
588 1157
643 1157
677 1156
805 1156
1364 1167
1381 1157
1443 1163
1606 1157
1805 1156
555 1158
1306 1163
1401 1158
1590 1160
1816 1165
304 1160
414 1160
539 1166
580 1160
713 1161
758 1167
922 1161
947 1161
950 1160
1100 1161
61 1163
567 1162
617 1163
636 1163
740 1162
858 1165
896 1162
904 1168
924 1162
1077 1203
1484 1162
1568 1165
1753 1164
263 1164
315 1165
630 1165
657 1164
670 1165
731 1165
961 1164
997 1164
1107 1171
1131 1165
1472 1165
1527 1167
1712 1166
1735 1165
464 1166
685 1176
717 1168
883 1167
986 1167
1147 1167
1336 1167
1610 1166
1837 1167
244 1168
303 1169
415 1171
475 1169
592 1168
656 1169
699 1169
825 1170
977 1168
992 1173
1385 1168
1707 1169
1778 1170
379 1174
400 1170
588 1172
613 1171
646 1170
774 1171
806 1171
952 1171
1209 1171
1242 1182
1248 1170
1276 1171
1289 1170
1390 1170
491 1172
497 1173
528 1173
558 1176
837 1172
946 1173
1043 1173
1299 1173
1316 1172
1409 1173
1419 1173
1585 1172
1612 1172
1826 1175
235 1175
262 1175
328 1175
431 1175
513 1175
777 1175
819 1174
881 1174
1268 1175
1524 1181
1668 1174
95 1177
444 1178
472 1177
736 1177
845 1187
874 1177
921 1177
1026 1176
1037 1176
1150 1176
1755 1178
2 1180
41 1179
131 1179
420 1180
475 1179
520 1179
594 1179
866 1179
923 1179
999 1178
1179 1178
1330 1179
1432 1178
1540 1179
1603 1179
37 1181
240 1181
288 1181
643 1181
722 1180
746 1181
988 1186
1014 1183
1032 1181
1117 1180
1143 1185
1340 1180
1405 1181
1503 1181
1562 1181
1578 1184
1737 1186
1800 1182
508 1183
606 1183
751 1183
789 1183
888 1182
926 1189
965 1197
972 1182
1122 1182
1167 1187
1180 1182
1622 1184
397 1185
448 1185
495 1185
530 1184
673 1186
799 1184
1353 1186
1784 1184
1804 1184
1832 1188
511 1187
540 1187
576 1189
619 1186
630 1186
1064 1186
1306 1202
82 1189
317 1188
738 1188
776 1188
1036 1189
1342 1189
1373 1189
1399 1189
1648 1193
1681 1189
1812 1188
1818 1190
404 1191
455 1191
694 1194
700 1190
768 1191
872 1191
892 1193
904 1192
1001 1191
1023 1193
1188 1190
1213 1191
1339 1196
1423 1192
1780 1191
346 1193
791 1203
824 1193
1125 1192
1155 1192
1172 1193
1390 1192
1509 1192
1573 1192
1625 1192
1797 1194
504 1197
518 1195
529 1196
597 1198
750 1195
812 1194
867 1195
1048 1195
1061 1197
1124 1195
1411 1195
1457 1196
1547 1194
571 1196
665 1197
854 1197
1115 1198
1431 1198
1580 1197
1747 1197
194 1198
334 1199
369 1199
415 1202
618 1199
637 1198
704 1200
940 1199
1401 1203
1526 1199
1587 1198
72 1200
360 1200
548 1201
732 1206
905 1200
1752 1201
439 1203
499 1202
627 1205
680 1202
715 1206
759 1208
817 1203
852 1204
1066 1203
1138 1203
1566 1203
258 1205
461 1204
537 1204
561 1204
578 1205
775 1205
831 1205
907 1205
994 1204
1011 1218
1171 1204
1445 1206
1489 1207
1515 1205
153 1207
421 1207
473 1207
580 1218
614 1207
648 1206
923 1207
1030 1215
1113 1217
1368 1207
1572 1217
1723 1207
216 1209
230 1208
406 1208
469 1208
485 1208
868 1212
981 1208
985 1220
1260 1210
1559 1209
1745 1215
1756 1209
1785 1215
1837 1209
499 1212
674 1210
940 1211
1467 1211
1506 1217
84 1214
240 1213
678 1212
697 1212
725 1213
745 1222
844 1222
883 1213
912 1213
956 1214
1182 1212
1370 1212
1603 1213
246 1214
376 1214
441 1214
466 1224
519 1215
926 1215
1540 1214
1596 1215
1692 1216
1827 1215
16 1216
481 1217
548 1216
620 1220
664 1216
781 1223
885 1216
909 1224
1199 1222
1249 1216
1366 1221
1392 1219
1425 1216
1644 1221
75 1219
143 1219
175 1219
231 1218
544 1219
559 1224
890 1218
923 1219
1134 1219
1250 1218
1263 1220
1298 1219
1321 1218
1349 1220
1413 1219
1718 1220
159 1220
215 1220
634 1223
648 1221
659 1220
703 1221
963 1220
1163 1225
1220 1220
1314 1222
1426 1220
1554 1220
1659 1220
52 1225
115 1225
220 1225
712 1222
824 1225
882 1226
1284 1225
1343 1225
1821 1225
355 1226
411 1225
494 1226
525 1226
536 1225
933 1226
1254 1226
1475 1226
1531 1226
1733 1226
1802 1225
63 1227
377 1226
715 1227
1036 1226
1141 1226
1415 1226
