912 615
575 1
636 8
685 27
706 9
737 8
851 2
878 8
962 3
1113 114
1202 15
1284 11
1405 78
1571 3
1671 2
1709 14
1760 6
1335 6
792 16
862 13
1083 14
1005 45
749 31
811 29
1351 32
840 41
1257 39
534 40
903 43
876 48
922 46
955 48
1218 45
863 72
1178 62
1275 60
1562 77
1646 65
711 75
981 67
692 71
1139 77
1445 76
656 78
835 77
1263 75
1275 84
949 145
1195 85
1025 84
633 90
743 95
1295 88
1233 101
1180 104
848 106
862 122
624 108
894 158
711 113
1276 111
697 116
1192 112
747 116
816 120
1299 121
1832 133
570 123
529 129
1309 129
1030 139
765 131
980 133
671 136
805 133
547 140
566 140
597 141
1180 146
654 146
1317 147
832 159
1038 158
642 163
1198 161
1240 165
676 174
730 164
1444 166
570 168
773 181
1415 184
917 170
180 174
1316 175
714 193
1176 177
915 179
918 181
617 185
925 187
1224 209
1375 252
1068 193
495 201
853 204
871 198
985 198
640 202
909 201
938 203
1175 203
922 205
1157 207
571 214
625 212
904 211
1546 220
925 209
963 210
837 212
1334 214
487 216
904 235
1296 218
855 219
647 243
1030 230
592 231
841 225
775 238
834 228
862 229
949 254
674 234
865 232
739 235
877 234
1300 240
973 238
1282 240
1350 239
711 248
1126 242
829 306
684 247
879 311
914 254
1191 256
1337 253
980 258
1173 269
1574 258
898 257
810 266
1054 263
1439 261
1104 287
684 263
909 263
1322 263
1507 299
1610 265
471 268
613 271
963 267
534 271
907 276
968 269
685 307
978 271
1326 272
1338 274
932 275
971 276
1305 278
1137 281
953 298
979 283
1009 284
506 287
1205 294
1219 289
1655 291
1678 294
1168 300
734 296
918 294
708 317
930 306
1135 301
616 306
912 303
665 307
901 304
904 308
1123 328
974 308
1029 312
1651 318
968 316
1346 316
578 319
1060 322
200 317
1546 334
664 324
1336 321
934 361
931 327
486 332
1340 351
1370 347
655 340
682 343
703 348
965 344
752 386
962 353
990 352
1306 355
1583 384
1036 363
563 363
1066 370
656 373
845 372
1098 373
1154 375
850 375
1027 376
1293 375
1284 379
619 396
1387 391
1411 386
993 389
1325 406
1422 391
897 394
582 412
870 399
1101 397
1125 397
1201 399
378 399
380 401
924 400
1265 403
1394 403
916 409
1367 406
1413 406
736 415
1005 427
1291 410
845 412
928 413
1109 413
401 414
898 419
1824 414
756 419
1179 425
1375 436
1285 420
549 436
668 436
1821 422
1041 424
708 429
969 431
1424 491
938 433
738 434
604 443
1018 447
929 449
996 450
1331 472
862 453
522 454
801 466
942 452
1246 480
919 464
941 454
580 458
938 457
1109 458
1160 460
946 503
1001 469
857 477
937 462
1308 468
936 464
1015 464
935 466
684 473
1048 469
769 471
728 474
912 474
1150 478
1125 476
894 484
909 481
1280 482
1007 582
1372 498
723 491
772 488
849 485
1189 486
892 521
1126 499
624 489
848 489
551 496
1517 499
847 494
1092 496
697 501
846 497
1271 500
1287 499
845 501
1151 513
774 518
1060 524
1283 523
408 524
553 526
802 526
670 526
743 530
1589 531
1261 537
727 535
1057 563
1334 539
638 543
692 552
1287 540
485 550
1165 548
820 552
1140 554
1198 557
636 560
925 558
1574 574
724 569
809 575
871 565
629 565
1284 566
551 567
642 570
1102 570
1605 574
1239 580
703 585
916 612
786 596
1109 593
1306 594
506 593
556 593
714 595
589 596
1258 599
1401 598
866 606
623 607
763 611
671 610
811 634
1276 618
858 615
1066 616
593 621
1119 619
1297 631
632 623
746 635
1317 627
1132 629
1148 632
521 634
961 637
653 644
1378 643
1051 647
1150 646
855 658
871 655
518 653
791 652
1107 653
625 656
640 655
904 700
788 659
1625 662
1129 662
554 665
774 667
800 665
1158 669
1270 706
763 675
790 669
783 671
842 677
665 678
709 678
635 688
1541 699
722 686
544 686
1310 690
69 691
153 691
867 690
1070 700
1141 697
1108 695
738 696
1023 698
727 698
754 698
733 701
855 707
694 708
720 718
689 711
972 710
959 731
1388 719
651 725
1013 720
1201 719
416 720
482 722
664 723
747 729
1409 722
939 725
1394 725
608 728
678 727
511 728
942 729
982 736
1042 759
516 739
701 744
943 745
491 747
593 748
817 748
907 746
1496 772
911 748
1282 750
1404 751
1536 771
770 754
1244 755
560 761
1136 760
1385 761
827 804
1315 781
879 782
745 785
1199 767
555 770
722 769
793 768
1218 772
584 774
789 773
922 772
721 776
933 790
984 790
1161 775
600 786
786 776
1284 778
958 781
1570 809
716 795
778 783
804 785
951 789
1257 792
519 794
455 794
1118 797
899 915
759 799
475 806
772 809
988 806
730 814
967 808
943 812
968 810
573 812
906 814
939 818
523 819
1018 824
901 820
750 822
949 826
971 822
973 826
1287 831
375 827
550 827
296 829
900 829
934 834
1105 831
1004 838
1184 834
589 839
969 839
1142 845
964 843
987 845
554 845
960 844
951 847
750 855
710 859
806 856
1360 858
722 859
1221 859
870 875
768 867
789 871
502 873
1423 876
842 883
1238 893
1239 896
650 897
1253 900
1371 906
58 908
1374 908
652 913
571 912
1376 917
609 920
1276 922
1362 926
501 928
1508 929
694 931
688 937
1274 952
13 937
558 937
266 945
593 949
1308 948
116 958
693 961
150 962
1611 980
642 965
700 964
1286 965
1029 984
513 968
630 969
498 973
271 977
429 976
391 978
10 980
449 986
625 981
654 981
972 980
1202 981
140 982
354 982
42 985
541 984
310 987
1293 986
1389 988
514 994
1266 997
273 997
497 996
533 999
730 1004
315 998
640 1007
1226 1002
1732 1001
4 1007
410 1009
450 1005
522 1011
560 1006
376 1008
867 1014
435 1011
934 1018
231 1017
949 1018
1820 1020
363 1023
488 1025
665 1025
682 1030
791 1035
982 1026
1116 1028
260 1026
539 1026
545 1027
850 1029
383 1028
441 1031
527 1029
606 1029
38 1034
996 1032
1345 1032
145 1033
265 1033
557 1033
1009 1033
109 1034
105 1036
374 1036
101 1039
147 1039
100 1041
349 1040
395 1041
397 1040
473 1040
497 1041
177 1042
487 1042
324 1045
433 1045
1241 1045
15 1047
198 1047
229 1046
520 1047
618 1047
661 1047
1292 1059
1334 1057
1473 1065
13 1050
355 1051
424 1051
535 1056
1226 1055
682 1054
192 1057
476 1058
505 1057
677 1057
793 1057
188 1058
247 1059
646 1060
632 1063
69 1063
178 1062
419 1063
1010 1071
1504 1062
325 1065
449 1065
806 1066
1062 1064
1169 1064
573 1066
1166 1067
81 1068
142 1069
460 1069
668 1069
311 1070
395 1071
572 1071
616 1071
164 1073
347 1073
384 1072
492 1075
564 1076
650 1072
1266 1074
414 1075
476 1074
591 1075
38 1077
209 1077
578 1076
1125 1076
16 1079
801 1079
58 1081
231 1081
359 1081
442 1084
53 1082
384 1083
662 1083
512 1084
779 1094
550 1088
131 1088
302 1089
319 1088
408 1089
426 1089
647 1092
252 1091
390 1091
1027 1092
14 1092
122 1095
38 1096
99 1096
553 1099
637 1096
660 1103
186 1104
392 1103
412 1098
492 1098
527 1100
980 1099
1754 1101
201 1100
212 1100
275 1101
291 1101
459 1100
448 1103
472 1102
578 1103
76 1104
284 1105
584 1110
689 1105
1038 1104
1218 1105
62 1106
628 1106
1120 1106
251 1109
644 1108
156 1111
536 1110
606 1110
463 1113
366 1115
398 1115
432 1115
478 1115
308 1120
405 1116
547 1118
858 1117
958 1117
20 1118
784 1118
1075 1118
1113 1125
1436 1127
8 1121
379 1122
465 1130
37 1122
173 1126
329 1123
279 1124
422 1128
454 1124
542 1124
1164 1126
1301 1126
36 1126
77 1127
79 1126
364 1126
539 1126
1232 1126
161 1129
196 1129
341 1130
572 1131
712 1132
53 1133
214 1133
1071 1135
360 1135
535 1135
904 1137
1098 1135
200 1136
369 1145
639 1147
218 1139
63 1141
195 1140
308 1141
349 1141
945 1145
1024 1140
1036 1142
413 1143
625 1144
686 1146
1079 1142
1346 1148
785 1147
164 1147
411 1146
549 1157
759 1152
120 1148
489 1148
1165 1148
1600 1149
165 1150
406 1151
664 1150
740 1152
39 1152
522 1155
611 1153
704 1156
792 1156
1524 1153
35 1154
172 1155
403 1155
1023 1156
254 1157
620 1158
688 1157
764 1157
56 1158
480 1161
534 1160
624 1163
658 1162
717 1160
921 1162
994 1166
1350 1161
290 1163
377 1166
394 1162
410 1163
1277 1162
6 1167
96 1164
175 1164
318 1166
495 1165
1200 1164
143 1166
217 1166
563 1169
735 1167
1086 1167
149 1168
196 1173
249 1168
515 1169
667 1168
1294 1169
117 1171
207 1170
304 1170
322 1171
469 1170
499 1171
630 1170
755 1174
1323 1174
58 1178
508 1176
10 1178
243 1178
251 1185
261 1179
358 1179
575 1179
100 1181
300 1180
1128 1183
37 1182
344 1183
505 1183
543 1182
990 1182
117 1185
343 1185
425 1184
0 1186
334 1187
380 1186
392 1186
448 1189
478 1187
45 1191
1807 1189
9 1191
216 1192
537 1194
567 1201
579 1191
643 1190
869 1190
1004 1190
1127 1190
278 1193
319 1192
436 1199
30 1195
191 1195
295 1195
310 1195
140 1196
154 1196
243 1202
341 1197
710 1196
99 1201
394 1201
529 1206
715 1200
821 1200
970 1201
1560 1200
304 1202
318 1203
463 1206
677 1204
9 1204
59 1204
323 1204
517 1204
1054 1208
48 1207
175 1207
481 1207
490 1206
361 1211
447 1209
504 1209
853 1208
1089 1212
1532 1208
278 1214
330 1210
585 1211
645 1213
1113 1211
53 1212
155 1213
396 1213
415 1214
452 1213
703 1213
776 1218
328 1214
402 1214
548 1219
1001 1216
1343 1217
373 1219
476 1218
668 1219
120 1220
407 1223
617 1220
353 1225
374 1222
990 1222
1303 1224
86 1226
459 1226
11 1226
563 1227
