917 617
27 7
151 5
197 29
352 21
601 4
635 15
673 19
756 37
928 11
1024 2
1159 4
1359 31
1499 4
1632 0
980 15
1180 14
299 21
886 27
562 44
1076 37
859 37
252 27
1262 37
126 59
1209 53
284 56
932 47
595 53
1175 60
52 58
335 66
1483 75
979 59
1419 103
102 65
1054 69
1803 78
990 73
599 97
246 92
0 79
105 107
554 92
1028 92
50 88
1050 93
1181 92
1600 91
813 96
1152 108
769 100
535 115
790 126
953 108
1081 111
996 113
1032 111
1063 111
745 117
506 124
1623 125
647 126
700 138
1012 132
1493 143
1680 133
827 152
941 143
1082 150
1032 145
570 149
1188 166
1546 172
1622 151
1058 151
1126 158
520 167
189 160
687 162
852 157
289 165
1150 168
1475 175
76 185
912 184
1061 177
1245 179
646 214
1126 229
828 188
1147 190
1047 188
1078 192
112 204
856 204
1230 191
1234 193
276 207
957 204
1513 203
43 204
1270 241
1243 207
481 232
210 243
747 230
912 273
1000 229
1596 229
6 227
367 236
1085 231
1548 241
978 228
20 230
515 239
15 232
27 238
1081 241
873 248
1027 264
1168 245
1399 261
1101 253
843 259
1216 269
171 267
1062 260
1085 258
554 260
817 268
985 260
1365 264
1164 268
723 283
60 272
562 288
982 275
2 296
1160 284
1050 286
1075 289
539 300
823 299
953 286
1475 287
176 291
985 298
1154 292
1063 302
123 313
582 312
627 302
937 303
1234 313
280 315
1026 309
997 315
848 316
686 324
1136 323
1652 322
1084 325
1545 347
923 357
939 329
795 329
824 332
1033 332
1388 330
1748 342
1767 331
800 349
136 340
1118 343
36 354
1580 338
1350 391
600 343
963 342
1170 343
160 360
876 344
977 348
1002 346
759 353
891 349
1574 351
838 354
1080 355
1236 376
566 359
690 365
1732 357
1098 361
898 369
870 362
1172 363
99 365
214 374
814 374
776 368
1070 373
14 382
735 371
1717 370
560 386
863 375
875 379
1110 379
1757 374
963 377
111 378
844 388
907 381
1168 404
391 391
786 392
946 388
1790 427
919 387
1063 390
894 389
962 407
1582 389
675 394
815 395
930 392
1074 396
250 403
358 406
1109 397
1400 397
882 399
909 398
1016 399
935 400
754 410
916 407
1122 402
1146 402
1414 402
980 407
1667 418
946 408
1004 411
1838 415
405 417
945 411
629 412
1110 422
819 420
861 415
936 416
477 428
901 417
979 417
581 458
1694 419
273 433
838 421
910 420
104 437
952 423
1078 423
1469 424
1622 422
794 427
1011 424
185 435
727 433
850 427
912 427
651 438
828 429
892 428
1074 432
813 430
936 445
986 430
1721 430
844 434
866 433
884 435
1185 474
1442 432
29 439
764 434
822 437
1516 434
1645 434
960 437
980 436
858 446
903 439
1296 455
1064 441
1468 449
829 444
1055 461
816 446
893 466
972 451
469 448
219 454
753 458
1383 463
1495 451
920 452
953 455
836 458
73 475
711 474
835 468
1724 514
867 466
1026 467
169 470
291 470
248 473
935 473
961 477
1133 494
1443 472
1019 474
931 478
322 484
797 492
1041 491
917 489
1413 480
282 483
827 484
878 483
1412 483
1663 482
1076 486
1072 488
1212 491
1456 491
607 493
1000 498
395 501
1565 494
784 497
869 498
1097 496
1271 497
1283 496
494 498
1635 499
1667 499
853 501
1095 500
1684 501
907 502
1363 508
1610 515
1060 505
645 515
985 508
348 514
885 512
1070 509
1262 509
1584 509
20 526
301 513
1387 514
493 516
788 520
221 525
724 521
743 522
868 526
1012 519
818 525
1064 521
1095 524
800 523
1366 523
587 536
963 527
172 537
1622 527
124 551
795 528
1686 528
527 532
994 533
1831 532
639 539
289 548
935 538
1020 537
1144 553
1818 537
1046 539
1448 539
1463 540
1640 539
822 545
944 541
1098 541
1306 574
1450 540
780 556
489 548
992 544
1571 544
1628 545
926 551
393 549
739 556
1050 549
669 556
979 564
195 557
439 556
1107 556
650 581
1062 566
845 564
726 564
1233 581
1191 566
1727 571
1574 573
816 580
938 591
964 585
1032 576
1043 578
589 598
998 581
509 585
1261 580
687 583
724 589
1051 586
762 588
1459 586
1797 604
427 592
985 589
799 606
1337 590
36 599
852 593
990 596
1042 595
177 605
747 598
841 596
1002 597
1516 598
640 601
769 608
1009 602
1335 603
1389 602
838 604
1339 605
1031 608
1426 607
1358 608
889 617
962 610
290 623
850 612
1221 613
1635 613
1694 612
828 621
1527 615
756 616
1308 617
1336 625
1409 616
1686 616
984 618
1678 618
377 626
1041 620
545 625
925 622
1048 623
1033 624
1251 630
736 639
750 626
1006 628
1020 626
1477 626
399 635
1064 628
571 635
617 630
690 635
991 633
1707 631
538 633
1760 632
1797 633
182 639
978 636
1593 634
1043 639
1105 637
1724 636
1822 636
954 639
1009 638
1199 639
1766 639
149 647
798 642
823 643
1707 655
1162 663
1762 645
1825 644
680 647
200 648
714 648
815 667
833 648
957 649
1646 648
1637 651
39 652
44 653
949 659
963 654
1188 654
1281 653
914 654
999 654
543 663
1772 690
1009 664
1064 658
1251 659
228 672
866 680
1103 666
1223 662
68 664
1027 668
1072 669
1332 665
733 669
1723 669
281 670
450 674
785 674
910 673
1596 671
283 672
611 673
987 694
208 682
647 675
690 674
958 675
1256 674
406 681
751 679
1018 677
1039 681
663 678
952 683
973 681
1420 685
60 688
1357 685
1385 685
1491 684
1016 690
941 691
1343 700
1539 688
576 706
1227 712
1389 694
400 696
902 939
607 699
1026 699
220 705
438 707
766 701
800 704
930 704
1124 717
711 704
1036 711
850 725
668 708
286 713
510 712
1640 713
1717 712
1393 714
1423 720
528 722
761 717
1196 718
709 722
745 720
1549 720
1703 721
467 727
911 722
771 751
1323 736
1613 737
727 729
752 729
892 729
256 732
306 730
1546 731
146 742
879 738
953 733
997 735
1356 739
807 738
988 748
371 741
902 740
1009 743
305 742
923 744
20 744
605 747
723 744
82 765
916 746
1707 748
517 760
944 757
1032 751
257 756
688 758
741 759
1337 760
792 757
1745 754
970 769
1412 762
934 760
558 763
714 761
155 765
160 762
386 769
350 772
574 769
909 764
907 766
1017 773
615 780
880 769
902 769
1322 776
1652 769
720 781
785 773
944 773
673 777
838 775
874 775
64 776
260 784
925 779
1623 789
1784 789
1810 778
396 781
776 781
1231 781
190 792
558 811
871 785
2 787
422 788
475 792
772 787
1820 787
436 798
786 799
870 789
1410 789
1184 792
1298 790
1317 790
321 798
922 794
1135 804
1836 799
675 798
758 794
849 797
285 799
819 804
931 800
962 799
1291 799
412 803
844 801
956 802
839 803
1003 816
1710 803
687 807
837 805
901 804
1032 805
1348 805
454 809
776 808
750 811
965 815
1205 812
80 815
336 822
893 818
1732 818
1791 822
375 817
760 816
782 822
850 816
870 816
517 818
939 826
1448 821
700 828
885 825
1198 841
834 826
960 835
1256 827
191 836
808 828
829 829
918 830
620 831
852 830
1037 840
262 836
426 833
894 837
1497 832
1769 833
115 837
1011 834
709 865
835 839
914 840
1745 845
744 840
1293 840
1589 849
440 842
150 850
934 854
318 850
813 847
989 895
905 848
1142 848
1241 862
635 857
817 850
1837 850
486 852
1779 860
586 868
1756 855
892 858
958 859
1302 859
949 864
1533 867
1660 872
1330 867
1613 862
1836 877
620 865
923 864
1121 864
909 869
273 872
872 870
1740 870
958 873
970 873
1181 873
850 877
1464 880
669 877
969 876
1809 876
921 885
1711 878
392 883
1704 882
1387 884
960 884
829 889
963 887
1260 886
861 888
483 897
553 891
648 894
946 891
1282 891
1746 892
890 893
1805 893
270 901
1688 909
901 907
320 899
1467 899
644 901
343 904
675 903
855 903
1278 902
833 904
884 908
1666 904
295 907
720 906
970 907
1209 925
1285 908
915 909
1081 909
1131 909
1480 913
1487 908
639 910
922 919
167 913
699 914
967 914
1719 920
437 919
883 917
1594 925
936 918
1277 919
181 920
1776 922
330 928
674 926
887 926
1627 937
468 935
691 937
1402 930
1747 947
1232 932
1521 938
92 938
640 935
1352 935
1497 937
202 938
529 939
973 938
1291 938
1384 942
1436 943
561 947
677 945
1583 952
1364 951
611 948
277 953
140 952
626 952
1240 959
1504 955
187 962
682 958
969 958
1633 956
633 960
306 967
576 965
1178 967
1334 965
528 966
396 970
591 971
1139 970
1471 970
1489 970
1583 971
18 981
392 972
375 980
1621 993
1200 980
59 986
504 985
578 987
640 982
1297 983
1447 983
1123 994
1331 984
608 987
1424 986
200 991
1236 1000
1335 991
1518 992
272 993
199 996
282 998
1142 1000
1670 1001
320 1000
1323 998
265 1001
583 1000
1257 1001
1457 1000
1460 1001
1530 1002
262 1002
690 1006
293 1005
429 1005
719 1004
1207 1005
598 1007
715 1010
382 1008
625 1015
654 1014
800 1010
832 1011
603 1016
742 1013
446 1015
841 1014
1072 1014
1659 1015
332 1021
391 1019
1189 1018
221 1018
686 1018
766 1018
1479 1028
1646 1019
1215 1021
1637 1027
650 1022
1219 1025
1240 1027
1382 1026
1698 1027
1221 1029
324 1030
1742 1030
1120 1033
1133 1044
25 1045
290 1037
910 1037
1387 1037
732 1038
737 1041
1112 1040
1664 1047
441 1046
801 1043
875 1044
928 1042
959 1059
487 1044
544 1046
643 1045
1354 1049
1709 1045
1246 1051
57 1049
600 1050
786 1058
938 1058
466 1060
1116 1054
533 1056
607 1056
631 1060
741 1058
1233 1057
171 1063
611 1061
1010 1060
1414 1060
1489 1060
1504 1061
803 1062
1691 1074
1521 1065
1538 1064
539 1067
899 1066
1147 1066
1772 1068
1802 1067
661 1069
1057 1068
1149 1069
1283 1068
218 1070
646 1070
834 1073
1292 1075
839 1079
990 1077
1585 1077
401 1079
519 1079
678 1078
765 1078
826 1078
1084 1079
1236 1086
1505 1084
107 1084
1573 1081
291 1084
782 1083
687 1087
761 1084
887 1084
1600 1085
363 1092
1111 1088
1260 1086
1603 1087
1625 1089
250 1091
722 1090
793 1088
1047 1089
1408 1093
1545 1089
350 1095
464 1090
925 1091
1331 1091
1463 1090
1568 1091
1643 1091
1076 1093
757 1094
1296 1095
1474 1094
1650 1094
128 1102
378 1096
734 1096
1691 1101
1717 1097
377 1098
441 1102
638 1105
296 1103
376 1100
526 1100
844 1100
1168 1102
1588 1100
1664 1101
684 1110
766 1102
1188 1104
1217 1102
946 1108
1219 1108
1398 1107
1656 1106
347 1109
1432 1112
773 1111
1182 1111
274 1117
387 1113
1066 1113
1352 1112
477 1115
712 1116
1617 1137
154 1124
856 1122
524 1123
926 1125
998 1122
1199 1122
763 1124
1781 1126
730 1130
984 1127
595 1131
772 1128
808 1129
885 1128
1210 1134
1247 1128
1748 1129
321 1131
882 1130
1757 1130
1272 1132
1447 1134
1768 1141
328 1134
827 1135
1325 1135
1403 1139
1434 1134
1165 1137
1241 1137
1678 1136
259 1138
314 1139
714 1140
1008 1138
1243 1138
1026 1141
1178 1140
1758 1140
905 1143
923 1143
1161 1143
1821 1143
338 1152
392 1148
762 1153
913 1154
1156 1146
1276 1148
1180 1149
263 1153
475 1151
496 1152
1240 1151
1598 1150
428 1152
736 1155
1128 1152
1483 1159
951 1154
1160 1154
1231 1155
1301 1155
1545 1155
463 1157
467 1156
620 1156
948 1156
1250 1157
1344 1156
1583 1163
598 1160
694 1159
1103 1159
1837 1158
1310 1160
1767 1161
586 1163
711 1163
1394 1162
121 1165
740 1165
1015 1165
1189 1165
1607 1165
1718 1167
663 1172
1439 1166
461 1169
722 1169
834 1172
786 1170
1332 1171
1611 1171
859 1172
1154 1172
1184 1173
1217 1172
1082 1174
335 1177
1174 1176
1562 1178
229 1182
902 1178
1381 1178
1398 1187
650 1182
1169 1181
1230 1180
715 1183
1150 1183
1438 1193
304 1185
588 1186
816 1185
1789 1185
438 1186
1592 1186
1702 1186
1123 1188
1220 1190
1308 1191
1581 1192
831 1195
880 1195
1110 1194
1481 1199
1580 1195
602 1198
1518 1199
461 1199
729 1199
1107 1200
1305 1200
713 1203
1180 1202
1522 1202
406 1209
442 1206
519 1205
649 1211
1094 1204
1157 1205
1182 1205
1384 1204
1500 1214
1554 1205
586 1207
1246 1207
1368 1218
428 1210
516 1208
923 1209
468 1210
1143 1211
1236 1210
1458 1211
1109 1212
767 1215
1064 1215
1265 1214
801 1218
940 1217
1131 1217
1213 1217
1261 1217
1413 1217
1077 1219
1162 1219
1424 1218
1717 1218
1303 1224
1434 1220
1782 1227
