915 618
7 29
139 3
420 7
466 14
499 2
554 55
632 3
775 6
800 6
939 4
1003 3
1107 0
1127 5
1174 4
1238 4
1298 0
1658 31
1749 15
1837 1
144 17
1058 13
1608 40
1172 15
925 21
1211 30
597 19
632 19
1085 22
1247 21
976 38
206 34
149 29
863 30
1182 34
1312 34
1128 32
248 42
1027 68
1255 45
947 77
1703 70
387 57
1225 72
1317 85
316 59
1742 69
881 65
1169 78
1501 71
606 83
845 82
1538 86
1580 86
267 91
454 94
1050 81
1089 79
1463 115
751 102
146 97
1109 101
1421 114
836 110
1056 122
166 118
1165 114
876 120
917 116
1576 119
984 121
440 128
666 131
1146 125
1311 148
1076 137
909 141
248 136
1115 132
276 136
960 137
1285 135
464 142
1596 147
883 141
557 146
633 138
1224 142
694 156
502 150
1182 150
616 158
759 156
937 158
873 164
1152 156
637 157
1222 157
1275 162
1723 165
1166 160
1498 171
1208 164
384 180
1028 164
1119 167
1163 185
345 171
551 180
895 169
989 176
457 180
1055 171
1443 182
1559 189
500 185
108 186
674 179
1235 186
745 195
950 197
1049 189
1069 186
1213 194
43 203
341 200
861 199
278 202
972 206
1286 201
295 203
1021 202
514 215
545 214
838 213
1001 208
1634 220
438 221
770 220
710 219
125 219
1146 222
1597 221
738 233
1222 221
101 227
898 230
943 241
964 227
1134 234
1214 226
1273 229
1668 237
830 236
857 231
926 231
973 247
1046 238
1173 237
121 243
917 248
787 244
1082 258
519 263
1050 248
1256 254
1338 256
554 258
992 276
1160 252
252 256
880 257
841 256
1217 260
605 266
432 273
1024 276
725 270
902 273
1114 267
1603 276
746 272
1774 278
309 276
4 282
1188 275
83 284
1557 279
1075 286
368 289
718 279
770 278
794 280
419 283
1219 293
950 286
1447 293
720 299
499 298
793 297
1247 319
596 299
888 300
531 303
747 297
1060 299
1188 300
209 303
342 303
815 305
1102 303
392 307
448 310
976 306
1089 306
1136 309
78 312
953 311
1520 331
919 315
1581 323
1165 318
785 331
1182 321
120 333
1134 323
707 331
884 325
154 332
749 326
1102 327
171 328
197 331
413 333
850 336
510 347
1044 343
1107 332
443 339
951 335
856 392
1462 352
837 337
1078 353
227 345
979 351
1159 344
933 349
1003 348
917 348
1129 365
1172 355
1244 356
420 358
470 360
577 369
1024 361
776 373
1156 363
1189 363
1494 371
864 365
1056 364
1061 371
447 376
796 380
1163 370
1730 379
879 371
753 378
1010 373
426 397
142 384
1105 410
1673 391
677 381
1085 382
72 394
1171 392
761 385
1059 386
1077 385
1238 403
1350 396
1599 392
529 397
547 391
712 390
1527 411
400 398
302 397
765 401
986 395
1139 398
717 408
1208 404
447 409
788 421
1134 412
271 414
1018 411
1013 416
666 419
704 421
962 427
1068 423
917 422
1466 428
1495 421
1004 424
1837 438
428 434
544 428
583 424
663 425
765 425
744 432
763 426
803 426
95 434
903 428
991 428
1088 428
1405 430
910 431
1134 433
866 435
809 436
1508 440
328 439
466 439
836 456
898 458
932 439
1055 439
1126 447
1075 442
221 445
764 442
776 451
816 445
993 446
1202 445
876 447
945 450
1026 450
857 449
799 451
863 450
1630 457
308 458
807 458
1068 454
967 460
202 463
1543 466
1595 469
1004 465
1093 460
1224 463
318 467
480 469
773 467
791 471
1103 468
1453 472
1118 471
427 477
611 473
926 483
129 474
402 484
1312 486
328 481
1009 480
1093 481
263 482
804 484
149 484
849 483
1489 489
463 499
1134 488
525 494
701 493
1032 492
867 495
54 497
889 495
1000 509
1082 495
1347 494
1414 495
718 498
1056 496
698 498
1155 499
356 501
741 503
893 504
821 502
853 507
1133 520
1442 520
1815 529
114 510
511 522
922 509
533 515
1016 511
1520 517
877 513
1111 517
1354 512
82 520
111 514
196 515
425 519
158 517
400 522
697 520
1302 545
1062 520
920 522
955 525
1691 530
830 531
1103 529
1255 530
906 533
928 533
972 547
1175 534
792 541
1667 545
897 545
1035 537
1241 537
382 538
661 540
827 545
750 541
908 542
411 557
871 565
1076 545
486 551
1092 545
907 560
1059 561
681 552
1089 549
1196 549
783 580
1151 552
1174 554
217 559
834 553
607 559
649 557
1015 566
946 558
1041 560
1095 560
1138 564
185 570
672 567
1328 565
533 576
1154 567
1405 581
285 568
947 570
1074 571
828 572
1336 579
1706 583
708 578
902 576
1204 577
1508 576
924 580
1046 581
1078 579
1447 579
988 583
1106 581
476 590
888 592
1230 582
207 585
364 585
1032 586
1152 589
258 587
945 587
1006 589
1061 586
842 588
1097 590
665 594
720 590
1255 592
356 596
438 601
716 596
1025 596
118 602
518 600
1085 608
1408 609
1484 606
1631 599
1838 599
1463 606
416 604
947 608
975 604
1115 603
1172 603
1588 614
924 604
988 607
1164 607
1292 605
613 612
902 630
1019 608
1193 607
704 609
880 614
1007 612
1832 608
1041 610
204 613
285 615
641 613
1127 616
343 615
677 617
995 618
944 619
1013 622
1032 619
850 621
971 621
1039 620
429 627
450 623
972 631
1149 633
1377 627
992 624
840 634
1109 626
1161 627
1741 626
704 630
1543 629
1573 628
1799 637
275 632
812 633
824 632
950 632
1050 632
147 635
345 638
611 633
711 638
876 638
928 635
413 635
1044 636
494 644
969 636
1367 636
420 647
787 658
1198 638
235 640
758 642
1107 640
195 644
863 651
1344 642
1612 643
58 644
464 646
61 648
240 647
688 650
1345 648
1501 648
1811 648
1479 660
224 657
545 654
728 656
958 653
1084 663
1403 664
1708 659
709 656
953 661
1017 654
1061 656
920 658
966 659
46 659
1222 658
1795 666
64 663
252 663
816 664
1001 663
1065 663
1185 663
445 665
760 665
1007 667
1317 664
589 667
1744 667
1328 675
1527 669
1591 683
472 694
992 672
1160 671
804 676
1767 673
1031 675
1120 675
1137 683
1672 689
359 681
1274 677
907 679
955 679
1305 678
893 681
1786 692
39 693
455 685
910 690
1114 687
1271 685
346 689
681 687
1285 687
1406 688
1736 687
778 690
1018 689
1247 700
1273 688
1520 698
928 691
1637 698
689 696
1015 743
1083 693
1497 692
162 701
424 698
807 710
902 695
926 696
962 730
1104 695
1146 694
135 705
448 697
600 696
915 699
1081 698
1370 696
281 700
737 701
1373 698
1394 698
1044 704
1582 700
498 710
711 707
1208 702
289 705
1662 705
398 710
692 710
1339 715
1375 708
580 709
775 708
1039 708
1059 713
1090 711
1163 709
1324 709
538 713
649 712
795 712
851 743
1413 711
1476 717
758 713
1429 719
367 717
941 715
742 724
1534 727
1644 726
1785 717
610 720
1064 722
1176 725
636 723
728 726
1393 726
1593 723
1742 730
256 725
833 724
1085 725
1223 726
891 729
702 731
797 731
691 735
1702 735
1832 732
318 738
760 738
906 737
1270 735
457 737
492 736
498 739
566 737
678 737
1237 737
1408 736
658 740
1245 739
1563 748
1587 739
161 740
456 740
732 740
1446 740
775 745
887 768
1436 743
398 745
791 801
1306 746
301 747
1385 747
1766 751
984 750
1070 749
1531 754
145 756
842 920
765 753
937 762
995 756
1059 750
1406 751
1685 751
1804 755
390 753
466 755
545 756
1359 753
178 755
333 756
396 756
1055 760
1325 759
502 757
817 761
1067 756
336 758
1081 764
1364 758
1623 765
1455 760
1304 762
176 764
341 768
535 770
727 770
236 769
409 769
1414 769
449 772
912 771
1505 771
97 776
234 773
492 776
833 773
1475 781
1783 777
75 778
997 774
1251 775
1279 774
1369 784
1462 775
920 802
1672 787
191 778
273 781
809 781
1048 778
1174 779
242 786
987 782
1053 780
1190 780
1264 787
1338 781
1648 780
866 783
1123 783
1329 782
6 784
265 784
340 786
951 785
1397 784
195 791
870 787
225 790
427 792
1074 789
1314 794
1762 794
489 794
834 793
859 792
1090 794
1532 800
1122 798
1252 797
438 799
607 798
991 799
1109 799
1457 799
142 806
963 810
1006 800
1020 834
1596 810
1629 817
448 803
834 803
881 803
1468 802
1687 803
368 805
551 806
1176 809
1237 805
1397 804
1460 804
509 810
1017 807
203 808
424 810
1219 808
1428 808
484 815
1286 814
210 812
1242 813
1268 816
65 815
409 817
1336 816
79 818
461 817
875 816
986 817
1066 821
1295 818
639 821
1345 824
190 822
477 824
883 824
720 829
780 850
905 840
962 830
992 829
460 834
979 831
1376 831
1583 831
786 833
1585 832
871 842
971 835
1600 835
1339 837
482 843
1218 838
1503 838
966 843
1090 844
335 846
379 848
1118 845
1360 858
91 846
541 847
735 853
945 852
393 850
1399 848
1231 856
1479 854
1646 852
754 855
832 857
885 864
974 855
1095 855
1250 864
558 858
760 857
1424 856
355 859
515 860
851 859
387 862
418 865
867 867
944 861
966 861
1189 861
1429 861
1526 862
293 865
34 867
452 873
811 868
1097 866
907 869
917 869
1438 875
507 874
712 879
851 870
940 871
1280 871
1366 871
1479 879
535 873
574 873
729 876
911 873
73 882
354 874
1605 874
1291 876
860 879
901 880
806 881
1264 883
145 886
488 883
895 883
916 883
1363 887
1639 882
803 884
872 885
1331 887
7 887
736 897
800 886
1297 886
881 888
1129 889
1540 889
396 891
513 893
634 890
851 891
923 892
1192 891
1376 893
918 895
128 897
1496 896
1697 898
459 898
1158 907
1305 911
440 902
708 900
768 903
856 904
1201 900
669 903
1203 902
151 909
257 904
307 905
539 905
600 905
910 907
933 904
1334 905
1769 904
716 907
877 906
1649 909
1785 906
1829 907
485 909
836 910
266 911
1486 914
1198 913
459 916
543 923
657 915
1246 921
1383 915
1765 914
385 920
585 916
745 917
871 922
895 917
1352 917
1409 919
429 922
1363 921
1666 926
1110 924
1195 925
1545 929
1198 926
1351 931
634 929
653 929
1225 931
1330 933
433 934
462 933
755 932
586 934
620 935
1441 936
1570 939
195 939
660 941
1181 938
217 942
1210 947
505 943
1063 944
1634 941
448 942
485 943
1041 942
1311 945
1810 943
1484 944
204 946
407 954
673 950
1589 951
337 952
1335 952
1425 958
570 957
375 958
511 959
1515 963
493 961
675 960
1179 968
1621 974
623 962
1246 962
1286 972
1449 967
1637 965
60 966
472 968
501 969
531 979
954 970
275 970
486 969
1594 968
309 970
386 972
1224 972
1308 973
1128 978
1569 973
1494 980
1538 984
358 977
461 976
1064 980
95 978
202 978
1008 978
1205 986
430 980
466 981
942 981
1011 982
447 985
1407 983
385 985
1790 984
398 987
1102 986
1243 988
1811 986
983 990
1308 989
1221 1005
1328 998
350 992
390 992
476 992
1030 1000
1277 993
1466 992
1503 999
67 994
173 999
297 998
420 994
429 997
527 994
845 995
493 997
328 999
551 999
590 998
671 1002
1837 999
681 1000
913 1006
1260 1003
49 1004
559 1004
1280 1007
669 1006
836 1007
857 1006
509 1015
524 1009
592 1008
1044 1009
1119 1018
1428 1008
468 1011
991 1011
844 1013
1243 1015
1483 1014
27 1018
133 1015
1553 1019
380 1016
1036 1017
1161 1016
868 1023
1370 1019
354 1021
495 1021
767 1023
1191 1021
1260 1027
1655 1021
1802 1021
137 1025
216 1023
489 1023
630 1022
1004 1024
1194 1025
1363 1025
1527 1026
173 1027
456 1028
800 1028
400 1030
683 1029
717 1029
1761 1029
740 1031
761 1030
784 1034
837 1031
965 1031
1476 1031
771 1032
1216 1032
315 1034
392 1034
483 1034
710 1040
839 1034
988 1039
209 1037
743 1037
1095 1036
1432 1042
1544 1037
119 1038
290 1042
475 1039
1231 1039
416 1044
730 1041
798 1041
855 1042
1007 1040
1304 1042
1607 1041
237 1043
500 1042
523 1046
754 1053
738 1045
766 1044
833 1044
839 1046
1214 1053
1307 1045
132 1047
232 1047
282 1046
604 1047
717 1046
882 1048
1087 1047
1179 1046
433 1049
965 1050
1115 1049
1236 1048
570 1051
1031 1054
47 1052
721 1053
781 1052
881 1052
1095 1052
500 1065
948 1055
397 1061
1407 1056
973 1067
999 1059
1150 1058
1316 1064
76 1062
427 1063
525 1073
867 1062
1075 1063
1101 1062
1114 1063
1568 1064
726 1065
892 1067
313 1066
404 1067
1362 1067
1411 1074
1484 1066
1591 1069
209 1068
770 1072
1055 1069
269 1071
366 1070
414 1071
622 1071
660 1071
1148 1070
1715 1070
194 1073
987 1073
1631 1074
1739 1073
465 1076
681 1075
715 1074
842 1075
1045 1074
1541 1079
256 1076
500 1077
588 1076
911 1081
1340 1081
1475 1082
351 1079
742 1078
823 1079
942 1081
598 1081
1007 1082
1055 1081
1267 1082
1323 1081
1685 1081
1284 1086
205 1085
1236 1089
1724 1085
1821 1085
749 1086
766 1087
1060 1086
1073 1087
488 1090
954 1089
1019 1091
1199 1089
936 1093
1205 1092
1669 1090
709 1093
854 1093
1276 1095
810 1096
968 1095
490 1096
568 1102
732 1097
826 1097
918 1097
1118 1097
410 1100
443 1098
990 1099
774 1101
1109 1101
488 1103
507 1102
514 1107
749 1114
1394 1109
1533 1104
401 1106
934 1110
1241 1109
143 1108
281 1108
422 1114
715 1109
1043 1113
1164 1110
1310 1111
1410 1108
236 1112
461 1111
608 1112
691 1118
955 1110
1135 1110
20 1112
311 1112
444 1113
1472 1113
400 1115
987 1116
1420 1114
1512 1118
31 1116
406 1117
433 1117
457 1117
726 1117
906 1117
1081 1116
1475 1116
150 1118
714 1118
1231 1120
1377 1118
1528 1119
536 1121
804 1127
1552 1123
1566 1121
642 1127
961 1123
1067 1123
1211 1124
127 1125
529 1127
965 1129
1019 1125
1165 1126
1243 1125
378 1127
472 1126
719 1128
1078 1126
1084 1131
1204 1127
1672 1126
282 1129
300 1130
1492 1133
1592 1129
365 1130
548 1137
939 1130
949 1130
1126 1133
1193 1132
1433 1134
65 1134
441 1134
847 1136
915 1134
999 1134
1462 1135
193 1137
499 1137
1162 1138
759 1138
771 1140
1096 1143
1616 1140
1741 1141
475 1141
535 1140
588 1154
951 1143
979 1140
1185 1142
1505 1142
1670 1142
255 1150
462 1142
523 1143
454 1144
472 1145
796 1148
931 1146
1218 1147
1676 1148
444 1149
575 1150
657 1149
753 1148
1081 1148
1111 1149
1235 1149
1617 1148
724 1152
816 1150
1179 1154
1250 1150
429 1152
647 1152
768 1154
783 1154
897 1155
1008 1154
1150 1154
942 1156
1075 1157
1115 1156
1395 1157
763 1158
931 1158
1195 1162
1171 1160
488 1163
721 1163
1580 1162
420 1164
462 1165
521 1165
539 1164
650 1165
1215 1168
1239 1165
1260 1167
1331 1165
322 1166
1012 1166
105 1169
555 1170
819 1170
1454 1173
1758 1169
228 1173
360 1171
493 1171
537 1171
956 1170
1266 1171
1337 1172
1508 1172
534 1173
745 1173
780 1174
997 1173
1608 1172
1030 1175
1542 1175
1582 1175
364 1177
487 1178
642 1177
703 1177
947 1177
1166 1176
1364 1177
1753 1176
630 1181
1799 1180
126 1180
798 1184
861 1180
923 1183
1751 1181
36 1183
570 1182
1152 1183
390 1184
1120 1189
1230 1186
1412 1185
523 1187
566 1187
709 1186
894 1188
1356 1191
1370 1187
1509 1186
1424 1188
1804 1189
404 1190
406 1191
684 1191
811 1191
903 1191
1524 1191
243 1192
287 1193
597 1195
717 1192
924 1192
953 1193
1040 1193
1175 1192
1538 1193
1615 1195
1670 1193
644 1194
729 1194
764 1194
941 1194
1209 1195
98 1196
808 1197
818 1199
1093 1196
1325 1197
463 1199
690 1200
1085 1199
482 1200
551 1200
670 1201
756 1203
966 1200
1375 1200
1408 1200
623 1203
835 1202
1161 1202
1525 1207
281 1206
657 1207
771 1205
1803 1204
476 1208
958 1206
1080 1207
1208 1206
1401 1218
1697 1210
375 1209
603 1211
996 1210
1653 1211
1716 1211
188 1212
731 1213
951 1213
1286 1212
1358 1212
1627 1213
536 1216
841 1214
884 1214
982 1214
1122 1223
1420 1219
641 1217
853 1216
877 1217
1103 1217
1157 1216
209 1219
661 1219
863 1219
896 1219
1053 1219
1184 1219
1694 1219
192 1224
770 1221
773 1220
1003 1220
1143 1221
1161 1221
527 1224
549 1225
570 1225
1179 1226
745 1226
760 1226
1091 1226
