922 616
143 20
190 3
327 2
499 3
531 0
628 9
768 5
928 1
964 4
1183 33
1212 14
737 9
718 11
354 17
332 19
196 31
762 24
482 25
653 29
668 29
808 31
771 38
712 47
510 45
677 46
480 57
937 64
786 55
983 57
569 60
644 75
680 70
1006 91
178 76
511 73
739 88
1041 70
615 82
554 94
638 90
1136 98
931 90
1181 98
780 99
36 95
176 107
663 108
983 116
349 100
512 100
711 101
203 102
248 113
443 110
1102 124
1172 114
751 112
792 127
643 116
56 127
298 128
524 136
871 125
8 124
15 136
603 129
718 132
927 171
169 144
961 134
932 135
229 151
1002 141
743 143
968 142
127 144
478 148
975 144
576 155
668 151
732 147
962 147
121 154
1150 164
638 152
23 155
353 155
538 164
713 154
983 156
809 158
0 158
979 160
628 162
1080 171
708 163
478 165
588 171
463 168
1010 168
1106 176
635 174
791 184
37 172
695 173
1024 173
738 174
984 188
886 176
897 177
657 181
763 192
58 198
200 182
892 181
1001 180
416 185
899 187
904 188
117 207
463 197
690 196
743 192
961 193
947 195
964 194
939 196
227 202
996 201
158 209
998 202
609 211
670 210
593 211
1002 213
402 218
1292 213
647 219
1294 214
760 216
785 218
420 219
1016 226
194 225
539 235
762 226
801 227
919 227
948 233
515 230
598 230
882 230
215 239
927 237
746 240
713 243
619 249
648 250
1215 253
599 249
1283 252
719 250
1156 257
1198 255
24 260
995 255
967 257
219 262
245 259
791 266
808 270
943 269
667 267
766 273
1102 279
595 283
962 274
520 282
756 283
672 282
719 283
689 287
926 289
980 288
791 291
894 296
945 293
1169 302
1138 302
630 303
670 303
594 315
938 309
805 309
970 314
80 315
521 314
773 312
908 316
243 319
641 318
809 319
1032 323
87 324
576 320
749 322
1051 323
211 326
1158 327
410 326
215 329
682 329
1167 337
252 346
629 337
536 344
596 341
694 340
760 344
781 338
816 340
130 346
953 346
1069 348
627 344
612 346
763 349
979 349
1043 349
1094 355
218 355
677 355
917 375
1030 358
575 359
769 358
757 359
104 366
749 370
992 363
1052 364
778 364
698 366
1005 373
1065 373
645 372
804 371
861 377
433 374
673 372
787 373
228 378
1021 385
354 383
985 385
479 384
773 383
1168 394
692 387
103 392
458 392
254 392
1035 408
754 396
894 404
1104 400
242 399
357 401
468 401
687 398
240 400
764 400
1057 402
156 405
816 412
969 404
739 405
1140 407
983 417
614 411
767 429
963 412
800 412
1075 423
1185 419
688 416
482 419
803 418
1246 421
654 422
50 422
699 422
212 429
305 425
531 426
896 435
1225 428
1047 433
607 453
796 428
1284 428
719 432
1031 436
565 437
620 440
702 436
1197 439
820 442
506 444
513 440
738 440
1124 446
262 443
545 444
164 449
362 448
624 446
739 447
1037 460
745 468
846 456
811 455
1093 460
886 459
1212 461
580 460
666 460
520 468
882 466
674 468
228 470
942 477
1187 474
245 474
794 472
831 473
805 474
845 474
1021 479
291 483
863 486
558 478
1209 483
473 482
479 485
1059 485
575 486
683 489
722 489
753 488
797 488
1154 491
659 493
704 490
800 493
830 501
951 496
493 496
512 497
578 498
490 509
561 505
668 506
897 504
731 505
791 504
1236 508
981 509
1147 526
316 515
520 513
538 512
795 513
862 513
1273 512
681 512
745 512
1294 514
614 515
717 520
735 514
573 518
806 516
750 518
1242 522
347 520
458 522
640 524
679 520
731 523
792 520
918 523
1082 526
683 524
243 527
283 529
702 527
847 527
862 530
945 691
739 539
1231 538
561 539
588 541
523 541
618 544
673 540
943 545
410 542
418 544
808 547
842 546
493 546
653 546
678 546
728 547
919 549
1010 548
683 550
695 550
1096 552
121 554
573 553
729 552
1002 552
1034 552
1257 554
298 554
326 554
998 555
1190 555
697 557
731 557
1135 570
1245 556
548 558
952 564
989 562
216 582
617 563
662 562
687 568
552 565
714 564
976 570
448 569
451 568
524 571
549 570
563 568
703 568
718 569
361 578
40 574
571 572
738 572
845 572
754 574
1089 579
379 576
428 578
650 579
621 602
885 584
1040 583
1208 581
289 583
634 584
682 583
911 584
952 584
1631 585
599 584
958 586
1022 588
307 598
433 594
742 591
940 594
1004 591
978 593
1002 592
853 595
544 597
934 606
392 603
1206 601
1238 601
756 609
849 600
1285 602
547 619
720 603
1028 603
1049 602
953 609
1097 608
597 609
854 611
110 614
904 617
1058 615
429 622
971 621
1029 616
1131 620
214 618
462 619
845 619
947 619
647 620
753 622
656 623
692 623
742 623
714 624
826 634
1006 628
1247 630
308 631
612 631
924 630
561 633
630 633
701 632
917 633
1029 634
228 634
654 640
755 648
562 636
597 637
843 637
908 637
895 640
1110 641
446 643
854 640
933 645
473 642
858 643
728 649
169 647
246 648
832 647
335 656
593 653
64 658
635 656
230 659
567 661
631 661
652 660
1191 663
370 663
582 663
425 664
765 665
131 673
162 670
514 667
895 675
1253 669
651 670
697 670
406 674
490 676
642 675
680 678
324 676
604 676
735 677
913 677
263 679
570 678
1169 681
331 683
445 682
526 682
402 684
696 687
724 686
595 687
671 686
710 687
1593 688
772 696
123 694
1214 702
439 695
640 698
714 696
673 697
527 703
804 711
98 705
610 705
748 705
553 712
288 712
457 710
603 711
652 711
689 714
717 713
1162 712
455 714
161 720
710 717
590 721
700 718
1142 719
348 725
1107 725
395 723
536 723
635 722
732 723
779 728
427 725
674 725
1201 727
271 726
438 730
1240 726
177 729
540 729
723 728
637 731
765 730
292 733
653 735
352 734
1193 739
522 738
740 739
1136 739
1400 738
669 741
564 742
361 745
505 744
568 744
826 747
1172 745
509 754
638 762
418 750
788 748
1080 749
432 752
650 751
1148 751
1167 755
1201 752
395 755
540 756
335 756
589 757
624 757
760 761
574 759
730 760
1131 759
460 760
601 760
682 760
28 763
429 762
1204 766
155 766
402 765
830 765
1148 764
209 766
540 770
612 771
1004 771
1181 772
362 773
1194 773
832 775
990 775
694 776
841 777
1052 779
1105 781
984 781
326 784
579 783
367 784
618 785
701 787
790 784
946 786
218 787
243 787
246 786
571 787
989 786
1156 792
190 789
584 789
1062 792
633 793
667 792
751 792
883 794
954 792
285 796
480 794
654 797
752 794
559 797
615 797
733 798
1076 797
482 799
674 800
552 800
593 801
976 800
230 803
547 803
586 803
810 804
636 804
347 807
577 806
659 808
1125 807
1189 809
382 809
455 808
747 810
1059 812
1098 809
446 812
569 812
671 813
717 811
913 813
983 811
744 813
946 814
404 814
870 815
1000 815
1165 819
294 818
681 819
1147 817
341 820
534 819
907 821
1050 819
307 820
836 822
1297 820
176 825
390 823
540 823
587 822
597 823
660 822
1006 822
547 824
795 825
817 828
1119 824
382 827
470 827
636 827
1190 829
520 832
882 833
687 833
766 832
815 833
976 832
83 835
366 836
424 836
542 836
738 838
1002 837
857 838
113 842
336 841
245 843
723 845
790 842
865 844
825 847
333 846
523 846
631 846
767 847
1148 848
1170 850
374 849
740 849
796 851
517 852
688 853
706 852
912 855
365 855
483 857
982 854
1412 854
1470 854
576 859
1166 859
849 861
1005 858
1131 862
1178 859
510 861
994 861
1149 861
188 862
371 865
677 864
690 864
978 863
531 865
1118 864
418 868
1159 867
1178 872
95 869
513 869
583 868
1076 869
441 871
902 875
252 873
284 873
572 872
617 874
791 875
1144 874
588 878
765 879
998 884
330 881
618 880
714 881
822 881
411 882
474 882
542 884
644 882
816 883
1115 883
969 886
1044 886
1552 885
648 886
842 888
1319 886
45 890
67 890
699 890
810 889
917 888
1097 889
1143 891
508 891
625 893
964 892
99 893
399 893
837 893
949 894
496 896
914 897
1005 894
983 896
48 899
503 899
698 899
765 898
1160 905
523 901
1279 901
305 903
935 904
1123 905
1199 906
1218 908
390 917
431 909
695 912
1038 909
1101 908
729 911
767 910
839 911
941 911
582 913
820 933
1173 912
254 916
349 916
454 916
556 918
707 917
945 917
988 917
1130 916
459 921
644 920
1061 921
1109 922
465 923
733 924
759 927
878 926
1067 926
1144 927
510 926
675 930
52 929
1102 930
49 930
92 930
644 931
1144 940
60 933
715 933
1029 933
1333 933
484 935
666 936
973 935
258 937
513 937
936 937
567 939
1110 939
1238 939
1309 939
932 940
111 942
586 943
715 946
445 946
475 945
1003 944
1171 945
360 948
685 946
322 948
548 948
783 948
1103 949
1321 949
387 951
1459 951
1521 950
664 953
858 954
903 954
44 955
753 954
1100 956
1127 955
468 957
1445 957
553 958
971 959
1283 959
728 971
1140 961
1505 960
86 962
438 964
813 963
958 962
1273 963
396 964
407 974
644 965
1157 965
1324 964
475 966
679 966
1046 968
1444 966
80 968
484 968
1090 969
19 971
321 972
976 972
392 973
1670 973
458 975
943 975
318 976
1077 980
1114 978
425 980
444 981
778 980
883 982
363 982
688 984
917 985
953 994
975 986
1342 985
531 987
646 986
682 988
1082 988
478 989
1013 989
450 990
752 991
838 995
343 993
529 1001
858 995
1074 993
1259 992
1613 993
919 995
1093 995
337 998
561 996
617 996
1138 997
1501 996
500 999
1120 999
1494 999
352 1000
422 1000
446 1003
483 1001
577 1001
725 1000
1165 1001
1158 1003
1319 1002
451 1005
763 1005
889 1005
1392 1005
1479 1005
885 1006
558 1010
1014 1008
1077 1015
1108 1008
1138 1010
1196 1009
263 1010
284 1011
1168 1011
489 1012
1097 1014
1114 1013
563 1015
815 1014
1181 1015
1294 1017
53 1020
408 1018
423 1018
731 1019
1006 1019
1024 1018
396 1022
571 1020
996 1021
1043 1021
1083 1025
968 1027
823 1025
912 1025
993 1024
1051 1025
1118 1025
1246 1024
503 1026
711 1027
615 1028
797 1029
880 1030
1111 1029
836 1031
1421 1031
1462 1031
397 1032
741 1037
791 1032
819 1034
1025 1032
1036 1033
1093 1032
734 1035
848 1036
869 1035
1079 1036
816 1036
986 1037
989 1036
770 1039
838 1039
1256 1039
74 1041
193 1041
525 1041
1082 1042
165 1043
509 1042
1048 1043
1066 1048
1111 1043
1204 1042
1329 1042
1616 1042
904 1044
982 1045
1025 1046
853 1046
353 1048
873 1049
890 1048
934 1048
491 1053
539 1051
711 1052
816 1051
998 1050
1307 1052
1529 1051
261 1052
1098 1053
1521 1053
337 1056
1141 1054
307 1057
752 1057
802 1058
1363 1057
391 1063
416 1060
435 1063
556 1059
738 1063
984 1058
1328 1058
308 1060
806 1061
945 1061
1057 1061
673 1062
707 1062
1023 1063
758 1065
997 1069
1354 1069
168 1072
496 1071
767 1070
771 1071
1043 1070
382 1073
1326 1073
806 1074
948 1076
958 1074
1049 1075
819 1076
832 1076
873 1077
1089 1081
695 1079
834 1078
1447 1078
707 1081
785 1081
821 1080
978 1081
1001 1088
1207 1080
1344 1080
353 1082
498 1085
1056 1085
1129 1086
1189 1085
449 1086
809 1087
845 1090
333 1088
730 1088
740 1090
1041 1089
1029 1090
1054 1094
750 1093
818 1093
897 1097
384 1094
561 1094
778 1094
860 1094
874 1094
1588 1094
693 1097
1097 1098
102 1098
466 1099
507 1098
702 1099
919 1099
1057 1098
380 1100
827 1101
1264 1101
1452 1101
280 1102
843 1103
1104 1103
1207 1102
282 1104
109 1107
483 1106
733 1107
1025 1106
1038 1106
1219 1106
503 1109
750 1108
821 1108
1211 1109
1659 1108
321 1111
536 1111
707 1110
771 1111
925 1111
572 1113
815 1113
919 1115
986 1113
270 1117
842 1114
871 1115
893 1115
1232 1115
1360 1115
1537 1114
520 1117
554 1116
779 1118
806 1117
872 1118
1157 1117
220 1118
449 1120
757 1118
796 1119
821 1119
957 1119
1012 1119
1049 1119
1253 1119
365 1120
413 1121
529 1120
728 1124
1350 1121
1532 1120
1062 1122
1339 1124
1592 1122
389 1125
858 1124
1110 1132
1231 1125
1660 1126
834 1126
1014 1126
410 1128
868 1128
1022 1129
1088 1129
1594 1129
529 1131
640 1130
1036 1131
1124 1130
1435 1131
167 1133
397 1133
864 1137
1647 1133
610 1134
627 1135
732 1143
777 1135
890 1134
895 1135
914 1135
946 1135
423 1138
769 1137
793 1136
1032 1137
1125 1136
518 1139
747 1139
826 1138
1807 1138
259 1140
593 1140
757 1140
1054 1141
1090 1141
1292 1140
409 1143
711 1143
359 1145
834 1144
963 1145
938 1146
1132 1146
1148 1147
1343 1147
652 1149
778 1148
1144 1148
1161 1149
1367 1149
26 1151
880 1151
1061 1150
1119 1152
440 1153
816 1152
848 1153
875 1153
888 1153
72 1156
135 1154
497 1154
626 1155
903 1155
1004 1155
1130 1156
406 1156
489 1156
743 1156
799 1157
839 1157
1105 1157
334 1168
736 1159
782 1158
819 1164
986 1158
1023 1158
607 1161
689 1160
764 1161
1082 1160
589 1162
877 1162
1090 1164
1152 1163
1406 1162
308 1165
536 1165
928 1165
957 1165
1064 1165
1184 1165
1244 1164
720 1167
813 1167
852 1166
97 1168
825 1168
1055 1174
1337 1169
415 1171
640 1170
1416 1170
677 1173
894 1172
989 1173
1179 1172
412 1174
629 1174
690 1175
775 1175
857 1174
1166 1174
765 1177
941 1177
1027 1177
1252 1177
578 1179
766 1179
846 1178
1327 1179
347 1185
612 1180
812 1181
840 1180
850 1180
902 1180
1045 1180
1208 1181
1311 1181
693 1183
712 1183
1008 1183
1296 1182
360 1184
377 1184
475 1184
530 1185
747 1185
817 1185
1743 1186
369 1186
923 1187
1030 1186
1307 1186
1662 1188
432 1189
1020 1189
1022 1188
1063 1189
1176 1188
689 1191
999 1190
336 1192
867 1198
882 1193
1064 1193
1107 1196
1373 1193
626 1194
797 1195
930 1194
1079 1195
159 1197
918 1196
1179 1199
613 1200
785 1202
800 1208
1040 1203
284 1204
935 1204
971 1204
987 1205
1410 1205
837 1206
874 1206
969 1207
774 1209
885 1208
957 1208
1058 1209
1351 1208
1473 1209
1006 1211
1016 1211
1085 1211
602 1213
821 1213
1221 1213
1508 1214
587 1215
814 1217
841 1214
1321 1215
329 1217
434 1217
477 1217
790 1216
1001 1216
1236 1216
1380 1217
1435 1217
666 1221
948 1219
970 1219
986 1218
1169 1218
1460 1219
265 1221
851 1221
992 1221
1308 1220
349 1222
606 1225
645 1222
782 1222
873 1222
963 1222
1031 1226
1075 1225
562 1225
705 1226
772 1225
1144 1226
749 1227
1055 1227
1635 1227
