920 621
16 3
115 15
130 0
522 39
605 5
662 6
722 3
824 25
903 0
938 2
1119 29
1242 35
1464 6
637 10
782 11
895 14
1201 14
155 81
1275 14
191 21
1290 23
701 22
313 35
450 29
661 25
923 29
1030 43
384 47
1770 35
1081 79
891 47
631 61
454 48
496 55
785 58
838 55
296 59
1184 140
426 75
666 63
755 70
904 67
501 86
1485 88
831 84
113 93
328 81
785 86
583 87
693 92
223 94
0 98
917 100
1445 116
775 102
1338 138
198 102
203 108
419 111
120 115
481 154
587 125
657 130
2 135
93 136
215 152
634 134
731 136
327 140
760 145
840 144
961 171
1125 155
917 149
1378 164
8 151
798 151
1464 164
564 155
690 172
896 157
169 162
913 164
382 163
773 164
840 164
0 165
302 166
373 166
641 170
1273 199
159 184
561 185
602 186
828 185
204 200
906 176
769 180
384 180
895 182
11 199
304 186
642 192
1041 209
81 217
168 208
602 206
844 210
555 221
430 214
332 223
841 227
163 240
742 227
1072 233
221 224
304 227
909 236
511 229
1380 247
798 234
875 234
136 237
603 237
1101 284
1241 277
608 242
797 239
512 240
821 242
1005 248
394 256
631 249
767 248
1167 259
220 255
595 251
836 254
1399 280
193 277
535 264
272 258
738 263
266 262
851 264
910 270
650 297
22 281
598 279
281 286
1066 285
1024 291
347 283
406 288
708 297
368 295
794 290
955 313
588 294
201 307
1445 315
886 301
536 305
566 311
984 322
1062 303
495 305
520 320
735 311
752 309
598 308
8 315
1008 321
1339 324
780 316
872 318
833 331
171 323
1226 330
256 326
494 332
71 340
926 342
2 352
541 341
855 342
1165 343
231 359
1174 354
500 364
1006 354
1090 355
1067 357
1087 356
1311 363
1182 361
116 363
550 363
1017 362
122 368
536 371
665 376
819 369
904 372
154 371
183 372
642 371
756 381
1026 373
1050 381
1014 375
1091 374
1234 388
731 381
832 386
899 385
1199 391
1033 395
603 390
153 390
1385 407
543 393
844 393
919 392
1170 392
521 403
537 394
923 395
1326 423
648 403
1268 406
230 406
1089 404
924 402
1009 408
553 406
1161 408
639 413
829 414
1157 410
184 415
111 422
1055 416
14 418
353 424
731 420
462 426
967 434
171 429
745 431
851 432
1148 433
631 437
872 437
251 450
568 444
731 444
225 450
176 451
1116 450
449 455
130 450
37 452
830 452
527 472
680 457
683 461
959 467
1084 471
1120 478
194 479
216 478
567 483
750 478
1215 508
592 480
164 488
587 485
221 486
1409 485
865 489
1314 491
620 493
1055 493
1182 500
351 494
457 495
199 499
876 501
241 503
1087 501
978 511
1266 533
175 508
1097 516
159 514
546 520
621 522
650 528
862 512
321 521
207 521
420 518
769 530
1149 536
581 521
484 525
521 527
729 526
831 524
1102 525
998 530
1387 535
1113 542
256 537
841 536
42 542
553 537
787 555
814 553
849 544
640 545
191 547
537 556
608 553
488 551
490 550
767 562
1246 559
199 572
600 563
1162 566
922 569
490 568
1069 585
54 569
337 571
743 572
266 576
637 581
695 583
295 573
885 575
621 577
1255 594
378 582
565 584
963 582
297 584
786 584
906 584
959 585
806 597
586 596
923 591
957 590
499 593
1033 599
1120 599
1340 610
659 596
840 597
1298 600
201 599
397 601
1009 605
268 603
540 615
1318 610
619 607
703 604
942 604
657 614
856 608
32 613
340 615
486 628
571 619
900 615
993 626
1195 623
951 626
1289 647
621 623
1323 623
174 627
296 633
648 629
1140 633
79 634
427 635
1012 816
1183 640
781 639
1253 642
912 641
1196 641
573 645
618 647
908 662
938 647
1031 649
757 648
86 652
197 652
339 653
933 650
308 658
547 660
877 657
528 663
223 666
1013 670
609 666
720 676
1133 673
463 668
691 668
735 669
1241 671
1262 675
1082 675
138 680
662 677
1188 685
310 679
450 679
1074 679
222 686
398 680
1070 681
547 684
703 687
774 685
1060 688
1148 689
331 691
452 694
647 694
1047 694
628 697
779 697
282 705
1166 705
195 705
199 704
402 707
568 718
702 711
1024 707
1193 713
1309 721
667 711
802 710
953 729
1006 711
1009 710
1031 710
899 716
1075 713
1277 714
789 716
926 717
1143 726
1072 718
593 728
643 721
999 727
260 726
770 732
1090 728
1250 741
1283 729
399 729
526 733
705 731
345 733
611 735
664 733
833 733
720 737
882 737
1722 739
635 738
666 739
316 741
649 745
677 743
1126 743
818 760
880 744
1020 747
537 749
448 752
665 759
993 752
603 754
986 755
1306 760
345 763
731 761
926 761
964 762
286 762
364 768
446 765
518 769
918 765
200 771
221 770
559 781
458 773
633 774
478 776
503 779
670 778
762 778
995 778
840 783
666 787
626 786
745 787
972 787
511 789
987 791
593 798
964 797
791 795
1356 794
941 801
690 802
1225 800
336 806
1265 816
527 804
618 813
754 813
222 819
667 816
684 814
796 814
831 816
1311 821
606 821
1230 822
779 822
959 825
697 827
512 830
687 828
118 831
61 833
794 833
344 839
701 835
782 840
567 844
734 845
813 840
1241 844
1683 845
1216 854
396 846
593 847
665 852
831 847
883 850
866 854
252 856
406 861
470 859
850 858
636 860
663 861
686 861
244 864
272 868
1252 865
526 867
1330 871
293 866
398 868
698 872
1213 869
1290 881
612 875
565 879
638 876
426 878
783 881
1395 880
1393 883
851 889
542 890
642 892
660 893
411 894
614 899
1027 900
1241 906
715 901
745 901
1163 904
161 905
374 905
845 904
429 907
535 913
188 915
1169 917
442 919
445 916
592 918
1031 919
562 920
686 919
1146 924
1211 923
844 922
1103 928
312 923
629 928
1239 930
400 926
653 927
399 928
719 929
598 931
487 932
1160 940
594 945
580 945
821 948
1272 949
441 958
540 952
670 951
923 953
398 954
693 954
347 956
1015 958
1118 958
479 959
566 963
845 958
141 961
619 961
820 960
1234 967
185 964
661 962
794 962
1110 964
169 965
411 968
761 966
812 965
1070 971
1214 970
121 968
803 968
935 969
569 970
60 972
730 973
1052 973
468 974
1244 978
136 977
809 984
1062 982
1370 981
448 984
1031 985
423 986
550 989
698 989
763 990
549 991
1148 1000
655 996
566 997
639 1000
782 998
1101 1001
313 998
160 1001
129 1002
852 1005
288 1009
507 1011
1131 1013
1489 1011
484 1016
720 1013
971 1015
765 1020
446 1019
735 1019
111 1022
508 1029
732 1028
1204 1031
854 1033
956 1035
1240 1033
438 1034
675 1037
436 1036
730 1036
1205 1036
144 1039
143 1041
298 1040
693 1041
1179 1041
1016 1045
1231 1048
910 1048
634 1049
1160 1049
785 1057
1187 1055
819 1053
1283 1057
487 1061
821 1063
504 1069
532 1067
710 1066
646 1076
1121 1070
755 1073
412 1074
672 1074
856 1078
496 1077
1145 1077
1221 1076
46 1079
1218 1080
663 1080
676 1083
726 1081
751 1083
1154 1091
112 1090
504 1089
889 1089
502 1090
1187 1095
1022 1093
1406 1092
314 1094
464 1096
814 1095
1122 1094
333 1097
1209 1100
1379 1096
444 1100
609 1099
686 1102
471 1104
671 1103
1217 1105
578 1107
567 1109
622 1109
890 1111
1572 1109
576 1110
1014 1112
134 1112
453 1115
1225 1114
1327 1114
1154 1117
242 1122
884 1122
895 1121
976 1124
1112 1124
590 1125
1039 1125
1395 1125
1610 1125
441 1128
488 1132
1297 1129
447 1130
774 1131
1239 1131
273 1133
682 1133
469 1136
801 1136
303 1140
1068 1138
473 1140
798 1143
1090 1144
3 1152
216 1152
214 1154
707 1155
739 1155
705 1157
976 1156
69 1166
96 1167
1085 1165
1228 1164
1258 1164
985 1168
1241 1169
951 1171
1588 1174
1469 1176
1582 1177
713 1181
1063 1180
700 1183
1565 1182
155 1184
1311 1185
747 1186
1178 1193
1047 1195
706 1196
971 1196
1394 1197
535 1200
1265 1201
960 1202
692 1210
671 1209
1254 1210
863 1211
917 1212
207 1216
893 1219
1376 1221
449 1225
71 1225
484 1226
1026 1227
