915 614
898 17
948 25
1010 10
1037 1
1107 2
1120 25
1164 2
1194 0
1245 0
873 8
1173 38
915 6
1277 12
1097 8
1204 10
1297 12
854 14
881 12
1045 15
1081 14
1219 14
1143 19
1197 20
1256 19
1064 26
1291 42
1030 25
1083 54
1202 31
1250 27
859 30
1316 30
854 35
1016 34
1058 37
1026 38
862 41
1030 44
1002 47
1253 47
869 47
909 123
892 56
956 55
1117 70
1008 60
869 65
1267 62
1053 64
1131 64
1247 64
849 65
981 71
1191 67
1148 75
843 74
1010 73
1128 74
878 75
1183 76
1233 76
1273 79
882 78
1032 84
1061 89
979 87
1091 87
1155 79
956 81
1220 82
1015 83
1175 87
1229 90
1283 89
839 90
1111 89
1433 95
946 91
1122 102
870 97
1103 94
1157 99
860 100
962 99
1218 101
1249 98
985 102
1026 100
1296 102
955 103
1135 121
853 106
965 106
1058 131
942 106
1018 109
1097 140
973 111
1266 123
875 113
1182 115
857 114
826 116
940 131
989 119
1011 117
1207 119
1232 120
870 131
1046 120
1117 122
995 122
1029 123
844 127
1288 131
960 130
1160 130
1175 130
846 136
895 132
986 133
1102 131
1186 131
1212 145
1013 133
966 135
1030 135
1004 139
1272 141
929 141
973 141
991 156
1022 144
893 144
857 147
1228 146
850 160
894 149
935 153
1131 150
825 155
1026 153
1065 160
882 154
867 157
1124 179
1250 158
1272 160
1167 162
1281 163
963 169
1048 166
1254 168
837 167
836 169
918 212
1083 171
1138 174
1053 179
829 178
1034 189
1143 202
1258 178
841 181
878 180
960 181
976 183
736 195
1003 187
1062 192
1097 198
1253 187
819 191
843 189
850 190
958 208
832 195
1089 228
854 195
1048 208
1223 202
1187 204
997 212
868 213
895 208
1253 210
1276 211
830 212
1118 215
1096 214
818 217
844 217
976 217
1022 220
979 227
841 233
1115 222
1246 229
811 224
1060 251
849 227
1190 228
1014 229
1028 238
868 240
943 232
802 233
929 233
1001 235
1180 235
922 238
936 238
944 244
1012 237
1136 243
974 241
1041 241
1228 243
1184 249
791 245
1011 260
836 294
922 272
783 249
935 251
964 254
991 253
1161 253
316 254
811 254
869 261
689 327
1123 260
942 268
1240 265
897 268
968 272
1143 268
1040 273
1190 271
1258 271
1062 276
1083 271
790 272
871 275
885 282
1249 279
869 281
1102 281
1027 302
1037 281
810 282
988 288
1147 284
1266 287
790 287
1053 286
1086 328
1098 288
1087 289
1158 289
951 294
1138 294
932 296
872 338
775 298
915 301
1112 318
1051 302
937 302
979 317
1182 309
1263 304
400 307
920 308
1126 310
1396 315
792 311
953 314
1215 311
930 313
1051 318
1220 319
1124 318
1264 319
42 321
106 320
907 322
945 320
996 320
792 323
1150 323
1011 326
1236 326
823 330
959 327
917 332
928 328
797 330
896 333
806 332
971 338
1036 335
1129 333
1007 354
1056 336
1173 337
815 336
840 337
1158 339
761 339
931 342
949 341
1067 373
1217 350
818 348
985 380
1120 348
753 354
1147 368
1256 357
777 357
919 359
1223 358
806 376
825 365
911 365
939 372
964 364
741 372
899 367
822 370
1206 368
878 371
1115 372
1208 387
1172 375
854 376
915 393
1045 375
761 381
1009 376
893 389
1192 379
1237 379
851 382
1025 382
1014 386
786 386
827 387
870 395
1131 386
769 389
822 392
952 390
1050 391
1027 393
1158 392
840 396
1105 395
789 396
801 398
1045 418
838 424
948 399
962 400
1016 399
1132 402
783 404
955 405
1221 405
756 405
902 405
1192 405
798 406
1024 407
897 410
1020 418
1068 411
1096 424
864 413
945 416
893 415
824 420
1220 422
710 435
1122 420
861 420
900 423
924 437
950 426
808 427
870 427
998 450
1077 438
1106 433
955 432
860 444
981 435
780 439
854 439
883 441
966 441
986 442
804 453
123 449
153 446
894 451
827 448
942 449
80 450
1037 464
1095 450
1164 453
786 455
847 460
1140 453
872 459
934 456
1127 455
95 457
912 458
58 459
784 459
824 462
946 461
1146 460
756 464
923 463
1113 475
1564 464
1058 464
1176 465
768 472
1068 470
1250 467
957 468
1196 473
1226 469
1012 473
1129 471
1473 471
1025 475
1099 476
825 476
861 477
874 478
1048 480
927 481
1223 483
969 483
1147 484
846 485
864 490
893 485
1077 504
962 502
1022 487
1037 489
1203 489
1088 493
758 495
908 495
928 497
1006 492
815 495
852 495
1111 499
866 499
1000 499
1231 505
1013 501
764 503
806 504
821 504
1140 504
1156 502
771 505
873 506
979 505
1207 506
830 509
854 513
1020 506
1048 520
913 509
999 512
1098 510
1216 511
691 513
975 517
719 516
806 517
816 517
901 516
872 519
1123 518
792 525
830 523
886 523
941 523
1106 525
812 524
1016 530
1136 530
981 532
1230 531
893 532
946 533
1040 534
764 535
785 535
834 536
1023 535
845 537
943 537
775 538
907 540
989 543
847 548
924 542
1069 544
798 546
880 552
1040 548
791 550
966 551
1141 550
1062 558
1393 553
736 555
774 556
918 558
947 555
1205 557
711 556
1042 564
1135 560
869 558
963 559
1106 559
1195 558
927 568
1009 561
1003 567
966 565
801 567
851 566
871 569
989 568
1086 566
1230 567
772 569
845 568
856 569
980 568
1400 569
1098 572
861 572
1131 572
707 576
778 574
811 575
1011 577
1034 582
1056 578
1177 576
766 579
794 579
824 584
966 579
992 578
848 586
922 583
1072 587
784 585
866 591
878 585
896 585
943 587
1111 585
1004 586
1100 586
726 588
1210 589
748 591
982 591
1129 591
938 599
764 594
951 595
997 594
1011 597
1125 596
887 596
1073 603
737 599
796 600
833 598
858 599
881 599
912 599
871 601
955 601
780 604
904 603
1056 603
846 628
1026 608
918 606
927 609
996 606
1054 609
1092 606
997 609
805 614
840 611
842 610
882 612
953 620
744 614
1000 619
1045 614
1213 616
1024 616
785 619
874 618
1097 619
986 624
1073 620
1153 628
1179 621
773 626
926 625
973 626
738 627
827 628
933 627
1213 629
758 629
1062 629
1097 631
934 631
964 634
1075 631
1118 630
1197 631
876 633
900 633
788 635
808 635
982 635
1033 635
919 643
954 636
1010 645
1178 638
1200 637
900 655
1085 640
1143 639
776 642
792 640
806 641
878 642
985 649
732 647
880 647
941 659
1036 656
814 653
828 653
1082 655
1163 657
789 656
1088 657
1110 657
839 661
1072 662
754 660
816 661
914 661
1111 661
788 663
872 663
923 663
827 664
1006 664
1059 665
743 667
882 667
1041 667
1100 669
759 669
868 668
994 669
1026 677
720 674
990 676
1072 677
795 677
816 676
1007 678
757 679
898 679
930 678
1132 680
716 681
847 682
976 680
1049 680
1214 689
784 682
1069 683
1156 683
814 686
889 684
948 685
998 684
798 687
986 686
1064 687
783 689
804 688
858 692
871 689
940 688
951 689
965 691
1001 689
1028 689
1197 691
818 695
826 701
828 696
904 696
1113 699
1177 700
714 698
903 699
995 698
1050 699
1060 700
811 700
776 702
883 703
929 703
968 706
1045 703
798 706
853 706
933 712
1042 706
990 707
1018 708
1228 706
781 708
836 711
875 748
898 708
1033 710
732 711
849 718
749 714
961 716
977 715
1026 714
1113 716
1190 717
600 718
695 718
742 719
981 718
1077 719
945 721
1052 721
698 724
959 728
784 724
878 727
947 725
988 725
1118 724
768 726
935 727
1006 726
1200 731
1036 734
1415 730
1225 733
1017 734
1188 733
323 734
777 734
806 736
940 740
1093 736
1251 737
974 741
1013 740
1118 739
1000 740
959 742
1082 743
1239 742
1007 754
1078 749
799 748
826 750
967 748
927 755
942 752
1169 751
1323 753
1051 756
1201 758
973 760
1054 761
1089 761
951 763
1007 764
1023 763
1206 763
282 767
820 765
870 765
928 776
968 768
1020 769
1047 767
1072 767
916 771
987 772
762 772
772 773
802 773
1013 774
792 775
1207 775
849 783
774 778
1362 779
811 788
874 783
984 780
963 782
1003 782
1043 784
734 785
978 785
1028 787
788 786
821 786
1132 790
1150 788
784 793
865 791
1057 791
832 794
1071 793
910 801
1011 795
1039 796
1024 801
706 800
998 799
743 801
766 801
928 800
798 804
879 808
931 806
1187 810
728 807
918 806
1001 807
1125 806
1143 807
1277 806
895 808
991 818
752 820
797 811
927 811
957 810
1021 811
1043 810
1265 811
811 814
703 817
815 817
1079 817
1112 817
871 821
1016 818
1039 821
727 822
894 822
926 823
966 824
1127 822
777 827
791 826
811 831
1098 826
1174 833
1191 829
825 831
862 833
902 830
918 831
960 831
894 836
996 838
809 836
983 836
1116 841
1206 838
1344 836
599 839
746 840
778 839
931 839
1189 838
662 841
844 841
868 841
912 840
1070 842
734 842
799 843
984 844
958 844
1255 847
974 857
992 848
1035 849
1137 849
794 851
814 851
853 851
949 853
1038 851
726 853
1000 853
888 859
910 854
576 856
819 857
1080 861
787 858
1008 858
1321 859
1189 861
745 867
859 863
1003 863
815 864
957 864
1045 864
1183 865
789 867
1037 867
938 869
829 870
1011 884
917 872
986 877
1177 872
875 875
1827 875
768 877
1033 879
1147 878
836 884
922 881
1274 879
819 881
1191 881
944 882
1164 883
1329 882
1038 884
1105 885
1134 885
898 886
1042 888
570 888
758 889
827 889
952 889
737 891
963 893
870 893
887 892
1127 894
1573 892
781 896
815 894
1024 896
909 899
932 898
985 898
1043 897
1358 897
865 900
927 916
938 900
898 906
952 906
1041 903
1101 904
1123 906
1161 904
1198 904
1610 905
665 906
911 1026
830 908
883 907
1505 907
1043 911
1248 908
1408 908
710 911
1118 912
1213 910
852 912
1009 914
825 915
872 914
1087 916
1803 915
700 917
862 916
990 916
1024 920
744 918
864 919
892 919
962 924
850 921
941 921
996 923
1123 921
1363 921
905 922
1074 924
1365 922
869 924
906 932
1032 925
1530 925
840 928
978 932
1351 931
95 934
927 933
1006 933
1086 933
1293 933
1304 933
869 934
887 935
1177 934
953 936
1044 936
1781 936
729 939
810 939
834 939
1181 940
946 954
37 942
812 943
849 945
1502 943
1111 944
1730 945
832 946
909 948
1192 946
1664 947
1732 946
868 950
1003 948
1052 953
884 962
1339 952
990 962
1151 959
829 958
1018 958
1123 957
390 959
1438 962
826 962
969 961
1016 965
1247 962
1823 1017
851 964
865 965
935 964
967 965
640 969
902 969
739 971
1594 971
413 973
919 974
965 973
1780 972
825 974
879 975
1105 976
476 977
943 976
956 977
838 979
893 979
981 979
1030 979
392 981
1453 980
821 982
1005 988
552 985
812 985
904 985
947 988
1049 985
1396 984
1588 984
826 987
856 986
978 987
837 989
853 988
1120 989
1020 993
890 992
766 997
865 998
1159 996
839 1001
930 1002
1130 1003
1188 1003
1202 1003
1424 1003
738 1009
1510 1008
763 1011
920 1010
935 1010
1345 1011
1469 1010
918 1016
82 1016
934 1017
1154 1016
1273 1021
1647 1020
940 1024
1153 1029
1360 1028
1465 1029
1409 1031
1137 1033
1477 1033
249 1034
1264 1034
1288 1037
1467 1034
1526 1034
1579 1035
1435 1036
1313 1039
620 1042
1126 1044
745 1049
676 1053
1119 1053
1388 1053
292 1054
1128 1059
516 1061
1170 1061
1586 1061
729 1062
765 1063
1508 1064
1602 1065
114 1067
1056 1066
1132 1073
955 1073
1048 1073
1392 1073
1487 1076
1095 1079
1128 1079
1166 1080
1648 1081
1781 1106
995 1084
1104 1087
561 1086
711 1088
868 1088
947 1087
1039 1089
676 1090
895 1090
928 1090
1160 1091
1307 1091
739 1093
969 1094
351 1097
545 1097
1444 1098
1607 1098
952 1101
761 1102
776 1103
965 1107
231 1105
881 1104
1227 1105
1388 1105
705 1107
846 1106
1073 1107
1083 1108
1641 1107
1735 1107
777 1111
796 1113
911 1113
927 1112
1056 1113
1503 1113
877 1116
594 1118
924 1119
1013 1118
633 1120
648 1120
899 1121
845 1123
882 1122
936 1123
953 1124
981 1122
610 1125
1395 1124
1803 1127
1836 1132
971 1128
1079 1128
1809 1128
850 1131
1816 1130
907 1133
1265 1132
1824 1133
323 1135
1322 1134
1346 1136
1348 1137
471 1139
823 1141
886 1141
1110 1140
199 1144
1450 1143
452 1144
950 1144
1127 1144
286 1147
799 1147
946 1147
1029 1155
796 1148
821 1148
1755 1184
766 1151
907 1151
1350 1152
1006 1156
1267 1157
356 1158
935 1158
570 1161
966 1162
1594 1163
808 1165
1461 1167
1814 1167
1024 1169
438 1171
1055 1170
504 1175
1012 1174
1623 1174
104 1176
695 1177
368 1178
659 1180
893 1180
1575 1181
855 1185
673 1184
1080 1187
899 1191
947 1193
1090 1193
598 1194
775 1194
892 1195
902 1195
685 1196
952 1198
1044 1196
1263 1197
397 1199
980 1200
97 1201
472 1201
930 1202
963 1204
609 1202
709 1206
948 1206
1439 1204
578 1208
776 1208
988 1209
611 1210
820 1210
1078 1211
1491 1212
606 1212
850 1212
594 1216
701 1217
1007 1217
1826 1219
791 1227
