918 612
951 1
1082 1
1157 0
1259 24
1477 11
1622 112
1734 52
945 7
882 13
1021 8
1374 18
1088 12
1453 14
1108 20
1345 14
982 20
1148 16
763 20
1085 18
1206 29
930 22
722 26
1057 27
1602 30
1329 51
741 32
1297 33
760 36
715 43
1179 38
1084 40
1012 40
604 53
1053 47
1069 46
1146 48
1244 51
836 48
838 49
1100 54
1125 52
1358 55
984 58
1354 57
1144 67
1795 65
1798 66
1022 74
728 80
1515 73
903 76
1801 74
685 77
895 81
1441 82
1607 82
1696 94
1186 88
1356 88
768 91
949 94
1077 96
1142 93
101 228
1151 96
1802 97
735 99
1199 99
1013 99
1493 103
1725 107
1318 107
847 121
932 104
1398 111
1450 106
944 110
1023 110
1179 112
1071 116
1084 116
1122 112
1006 118
1803 120
547 124
1327 131
1697 125
1052 124
1093 127
1245 131
1131 126
1147 127
1222 129
1726 137
973 133
1408 134
1698 141
951 139
1202 140
1221 143
1211 144
1155 148
1727 155
188 151
971 152
1099 153
157 156
175 159
1180 158
1089 161
1226 161
1699 167
211 164
1358 170
1081 166
1118 172
233 167
692 175
244 171
957 173
1141 171
642 177
1030 179
828 175
845 180
1728 178
881 178
1055 176
1170 180
1455 177
1699 188
799 183
967 182
1211 186
483 186
987 184
1132 185
267 187
1088 187
1473 188
1000 189
831 202
1096 190
1756 191
1017 192
1112 203
1709 194
1717 196
1729 228
1068 202
800 201
1606 205
929 204
1740 202
1742 203
1001 205
1162 204
788 209
1435 208
1701 207
1764 209
586 213
951 216
1456 220
1720 216
1702 225
617 341
1085 221
1600 223
1005 237
940 228
1094 232
785 236
1655 236
1111 239
1065 240
1175 238
1703 243
697 242
1043 244
1134 244
1146 244
795 253
1193 248
264 253
1027 255
1558 256
771 258
1051 257
1574 258
976 264
1593 263
1619 269
693 268
738 268
1058 275
1386 273
1442 274
692 273
995 362
1216 276
691 276
1006 279
1106 280
1123 283
1076 280
1419 281
1198 290
690 284
818 287
1136 292
1082 290
727 296
1262 293
692 308
740 305
549 302
1240 330
847 308
1530 309
1460 316
712 312
896 313
262 316
980 314
1104 315
1135 324
1087 328
829 320
1744 336
1217 321
261 323
1405 325
1424 333
1294 347
261 339
1513 342
861 342
561 347
571 348
1109 348
1143 350
841 353
1128 355
624 353
1076 353
633 354
643 355
660 357
1508 361
671 358
679 359
787 363
1341 362
883 372
133 366
255 372
1070 372
1478 371
1298 372
791 378
1244 375
1292 378
727 387
1245 383
929 385
1616 385
849 388
936 386
1244 386
981 391
990 392
1000 393
1288 397
1387 396
1008 394
1244 398
1053 399
920 400
1411 403
1187 404
1596 407
736 417
1061 409
1584 409
1467 424
1582 411
688 412
821 417
1193 415
1220 416
1280 419
916 417
1233 418
1505 434
1261 421
1363 425
865 428
686 429
1615 431
1067 432
604 435
1550 439
1063 440
1213 440
923 449
1130 440
956 448
1204 444
1088 446
1360 449
1491 447
726 451
884 453
1016 454
1031 457
1245 457
1442 457
1094 459
1234 458
1635 466
864 462
1005 467
1291 468
1248 468
756 469
666 470
950 475
987 487
1204 482
1477 481
1495 482
1606 486
730 488
1085 484
1517 485
1523 486
1012 497
1050 497
1230 503
1052 509
976 512
1084 510
734 515
1046 516
1032 518
1012 526
1636 526
1163 521
800 523
837 522
868 529
944 531
1078 532
1058 533
765 535
987 535
1101 539
1146 542
1241 544
760 545
971 547
1176 562
1150 556
1386 560
871 563
1057 564
1424 565
1414 570
1086 572
744 580
731 590
1315 594
1204 590
1234 596
833 594
1092 603
1562 607
1333 609
1135 610
766 617
543 622
1035 620
1447 625
1159 622
733 631
1177 633
619 630
1075 636
1261 633
1001 641
1466 638
1529 641
1167 641
613 648
1183 642
919 648
1009 651
928 655
904 682
1018 663
1279 665
1106 668
1478 667
832 670
1078 669
1340 671
1332 679
997 691
1048 687
543 688
1110 685
944 693
709 697
959 702
1085 703
1169 700
797 705
1070 704
765 705
907 714
915 706
1017 720
1005 717
1282 716
1348 719
1068 718
691 723
778 731
988 734
1042 730
914 731
1223 732
1201 735
961 741
915 747
1199 744
1034 749
1064 748
1198 748
1267 753
1197 753
1196 757
912 761
1195 761
842 769
922 764
1015 776
1194 766
1193 771
537 776
1192 775
929 776
1191 779
1190 783
1367 787
1401 787
528 790
1020 789
1189 788
1291 790
511 792
928 792
1188 792
913 797
935 794
1187 797
1290 797
761 798
1186 801
1185 806
1289 806
861 808
927 809
992 809
1184 810
1183 815
1288 814
868 823
1181 824
1003 822
893 823
923 822
1287 823
944 824
732 828
1179 832
1286 831
840 835
1178 836
891 842
1285 840
1039 842
1177 840
1232 840
1176 845
1313 845
871 849
1284 849
838 855
1175 850
1174 854
719 855
1283 856
865 858
1173 858
1075 864
1172 863
1057 866
1282 865
750 870
786 867
1080 866
1171 867
1066 869
1363 871
1170 872
398 873
1281 873
568 878
1031 876
1169 876
1054 880
1280 882
1106 885
1167 884
931 890
1279 890
692 891
1278 898
1100 898
1098 901
854 906
1125 906
1618 902
1277 907
845 907
889 933
983 915
1276 915
602 918
1375 918
1159 919
584 921
1275 923
958 927
1274 931
1087 930
754 951
961 944
940 936
997 943
1013 937
711 939
1273 940
708 940
775 941
852 941
1029 943
725 944
1272 948
888 957
729 961
725 964
1026 967
737 974
750 983
765 981
989 1044
769 983
1188 982
771 984
1400 989
758 991
1603 997
764 997
796 997
766 1000
769 1002
772 1008
800 1012
804 1016
771 1017
793 1017
849 1016
781 1019
774 1021
788 1026
16 1031
1403 1069
506 1070
517 1071
813 1071
1322 1073
228 1095
421 1099
644 1107
741 1112
281 1121
1040 1123
1095 1129
1311 1131
1314 1130
930 1141
574 1142
1372 1148
568 1156
610 1157
343 1169
1146 1173
1548 1175
291 1183
985 1182
1335 1184
1777 1184
645 1215
975 1214
1770 1218
1670 1219
1438 1224
