924 609
282 72
567 2
846 6
854 150
978 5
1113 1
1145 2
1277 6
1462 20
834 19
1042 27
1184 26
969 36
1026 49
1159 36
612 36
644 44
1170 42
585 49
1044 50
705 54
1590 57
1231 66
1569 64
937 68
631 77
1195 77
1221 77
1398 76
1528 75
751 79
988 82
1683 84
937 90
1184 84
741 87
848 85
1105 90
608 93
644 96
966 98
1070 98
1237 114
1012 102
1617 106
1684 104
1011 105
614 108
933 110
707 113
1185 116
675 121
1071 122
1178 127
794 131
137 132
141 133
1201 132
999 138
1070 144
1213 142
741 145
775 146
991 145
1231 146
1191 153
1300 148
1498 150
959 149
1264 154
1351 149
1156 150
1241 159
1036 165
923 166
928 167
963 168
1001 168
1457 175
1621 177
1015 183
1190 187
1314 187
1235 206
956 191
1675 194
1422 194
1073 203
1173 199
756 201
781 210
1629 209
715 216
936 219
1023 215
1133 212
672 220
1147 222
1445 227
730 226
1184 226
973 231
1657 231
1261 239
1187 238
927 242
987 245
1129 243
1450 243
1028 244
1175 260
1161 249
1226 252
939 260
950 252
1427 258
782 260
786 261
1777 268
791 262
1059 265
1653 281
725 269
705 276
1185 276
1200 279
1364 286
1018 285
925 289
929 290
931 294
1180 295
1289 297
1261 309
905 304
1775 311
879 317
1184 322
845 318
1484 321
698 324
1598 329
657 330
873 327
923 336
445 343
1087 344
1005 342
1497 344
952 353
1134 351
819 352
914 361
923 370
774 372
1152 364
873 368
743 371
1407 375
646 380
868 380
690 383
786 386
788 387
1400 387
1583 392
1142 399
895 403
868 413
400 404
402 405
673 408
972 411
1075 415
772 416
1199 418
976 417
698 419
1571 424
789 439
882 438
857 436
917 435
1172 440
908 442
1384 443
881 447
1346 447
1660 448
831 450
893 449
877 452
895 453
1414 453
851 474
940 457
1569 457
1662 455
778 461
958 464
787 465
1435 468
1589 464
1715 468
815 472
1616 473
876 472
1118 475
897 476
886 479
730 482
1105 483
399 487
872 491
941 490
961 495
1099 504
1030 495
883 498
1202 503
1373 503
1076 511
871 522
949 519
1113 525
798 525
647 530
1133 531
1176 536
947 535
1379 537
1326 539
1155 544
907 543
918 544
1057 542
834 548
950 562
1027 556
681 559
826 559
1008 562
1402 565
1090 568
812 572
1543 569
940 572
726 579
911 579
1053 581
1133 595
943 595
1155 593
1273 593
1758 596
433 597
451 598
275 610
922 610
723 606
707 612
1317 614
1013 614
1548 623
787 628
897 618
764 631
828 623
1289 624
724 669
812 633
251 629
1390 629
1148 634
1717 635
798 667
844 641
931 643
1134 644
1337 643
919 650
1139 650
1309 652
983 650
1042 657
761 659
1102 660
283 661
994 661
754 677
888 673
919 670
915 680
191 678
1121 679
784 680
1101 691
768 692
969 692
1044 693
752 698
936 695
1162 695
277 699
911 696
911 724
967 697
1076 702
715 702
744 708
1241 703
723 707
775 713
973 712
707 723
946 720
646 724
767 722
952 724
725 726
734 728
1520 728
280 735
697 733
809 742
718 744
752 747
762 742
772 752
1188 746
802 746
937 746
712 749
817 748
824 769
370 753
707 753
1134 758
701 756
1326 757
696 759
736 759
722 774
419 767
433 767
705 770
896 770
864 768
768 774
667 785
691 784
713 783
596 791
990 789
955 794
1102 794
809 808
951 812
1042 828
1134 830
500 842
989 840
1052 843
777 848
775 854
799 856
967 861
809 866
1052 866
1002 872
1041 873
998 874
1110 876
887 878
1099 878
838 880
874 888
998 887
805 892
1048 890
349 900
767 902
827 903
720 905
1095 905
1104 908
935 912
1074 911
1186 910
1064 915
1087 916
1045 919
841 924
1083 923
1068 929
1111 933
1050 934
1083 935
851 936
891 937
1045 937
366 939
868 949
1040 939
1067 951
770 976
1018 961
1058 957
1046 964
906 967
1032 971
984 974
936 976
854 1083
805 978
887 978
869 986
581 995
563 999
1814 999
565 1001
909 1001
957 1001
1809 1001
796 1002
568 1004
896 1009
904 1027
786 1019
512 1022
918 1046
874 1055
570 1067
1141 1073
1143 1075
1354 1079
1359 1084
1252 1094
1385 1094
1631 1113
660 1126
1134 1130
915 1143
1331 1160
7 1170
1158 1171
1377 1176
1260 1188
360 1226
