907 617
220 0
347 1
691 1
780 1
820 31
872 7
906 2
986 4
1038 16
1135 0
1299 11
1506 0
1575 13
1739 1
1127 13
1607 26
684 21
1269 14
409 25
723 33
1148 23
1184 25
309 28
635 28
1135 34
476 35
856 58
165 48
913 40
1183 39
1231 47
333 47
1044 46
668 57
1124 50
1330 48
1202 52
376 56
1067 61
1800 75
215 69
1178 64
304 80
1009 76
1166 62
1206 67
1280 63
1036 77
1269 68
709 72
1107 98
1261 72
135 81
611 89
733 74
402 79
1241 79
702 83
965 82
1180 82
763 96
5 92
1194 93
1171 95
888 96
1577 106
1027 105
1297 104
223 106
1511 122
1738 128
413 118
1203 105
641 105
902 106
271 113
643 111
1131 111
1240 111
836 113
879 116
1016 113
985 143
755 118
1151 136
1255 118
353 122
598 121
386 128
859 134
896 138
460 139
1105 147
1613 145
681 140
694 137
1193 144
1059 139
1175 143
872 143
1069 147
576 150
843 148
888 149
866 151
848 152
920 156
1748 157
833 156
873 158
901 156
1013 163
1085 157
845 168
1536 173
378 167
914 161
1220 161
1185 172
870 196
888 165
928 168
205 170
1670 169
1693 198
902 171
1105 171
675 175
900 172
920 173
946 206
42 174
892 174
1662 177
1121 178
1221 180
914 178
1079 178
1096 179
1166 180
1207 179
313 182
887 181
1042 181
812 204
1058 184
1093 187
283 192
836 187
925 186
902 197
930 194
379 198
417 198
1105 198
1271 222
841 203
1173 201
1640 204
587 211
774 216
1017 226
894 212
1038 214
842 230
904 215
1619 234
1080 217
677 223
754 224
985 223
156 229
332 224
612 225
1490 232
297 230
801 227
817 225
792 226
870 227
643 262
1157 230
1744 265
824 280
874 235
957 235
973 236
1133 261
1178 240
882 237
897 236
1726 237
825 240
1085 239
1665 242
934 260
819 242
968 243
986 267
832 255
885 247
1056 262
1368 280
105 256
405 252
857 249
860 248
1541 266
872 253
242 254
185 258
284 264
1035 258
1100 260
890 262
1025 260
1510 267
856 266
1176 264
200 270
1093 267
362 270
903 268
1039 268
850 271
886 271
243 276
728 305
897 277
1178 273
379 278
1091 276
1579 275
696 278
1153 279
750 283
865 280
1176 282
911 283
294 289
816 286
869 285
146 288
674 286
871 286
1071 287
405 292
889 289
906 294
3 294
874 300
805 295
933 295
1144 296
378 309
591 300
665 301
892 305
746 311
902 310
1176 306
1609 307
798 309
1028 311
1600 310
590 312
1054 313
1093 320
1121 314
875 320
1291 316
1293 317
1454 343
1598 316
1064 318
1193 318
761 331
941 320
1074 322
663 324
811 330
987 363
1114 375
1657 322
412 326
903 326
1147 328
1165 325
1537 328
678 331
945 334
967 330
1061 334
1269 330
1766 331
423 333
1050 333
1746 333
893 344
1074 339
1576 354
929 347
324 340
1030 341
562 342
792 347
618 352
831 345
573 347
321 353
634 350
876 350
1357 361
300 355
845 354
205 370
640 357
658 361
1764 357
335 360
100 360
570 360
312 363
363 363
746 377
858 364
1155 362
357 372
879 365
1069 367
1322 380
726 368
1094 368
1137 369
1415 405
1049 371
1645 371
714 375
899 374
1509 396
645 396
840 379
1143 376
419 379
784 379
954 381
1006 384
579 384
884 384
821 385
930 385
1074 385
1092 384
187 387
663 388
922 386
773 388
864 416
1440 390
371 397
1010 391
1030 408
1141 393
283 393
764 402
88 396
910 399
422 399
1744 399
600 419
691 403
672 406
711 405
1063 405
1141 404
1266 404
558 408
1072 409
779 412
993 425
1237 411
1468 411
1653 441
911 417
970 417
1057 418
801 420
391 426
641 421
824 435
845 423
1124 421
756 427
946 424
1177 425
1311 425
1297 427
577 432
835 428
967 430
1341 429
958 433
1433 433
329 437
1092 435
1363 434
396 442
673 436
232 446
799 439
977 439
316 440
811 442
1407 441
1705 440
280 446
718 452
769 447
1039 445
1697 444
1794 446
661 454
1021 447
1459 461
1689 446
367 448
837 451
1097 448
1129 448
1116 451
957 454
1024 453
1063 460
1115 453
1207 453
397 455
1042 454
1105 458
818 456
1763 470
524 459
812 458
1716 459
308 460
1002 466
1085 462
1812 509
364 464
794 465
825 464
1733 465
278 467
812 482
909 467
994 467
1060 467
972 468
1165 477
3 474
647 473
669 488
774 473
225 477
937 477
310 476
757 477
847 482
925 476
1420 477
293 483
1007 479
1015 494
1187 480
1279 479
1355 483
29 483
426 482
547 480
693 487
951 482
914 483
934 482
630 498
1085 485
1252 485
1405 493
208 487
1222 487
904 489
1180 488
11 491
545 490
879 493
362 493
911 510
1055 493
777 495
951 494
986 494
583 506
827 497
866 512
481 499
741 499
978 514
1064 503
653 504
807 506
236 507
1073 507
1273 521
658 520
771 509
358 511
892 510
951 512
286 516
826 514
364 515
634 516
1192 526
384 518
558 527
1506 529
1541 516
387 523
741 530
766 523
925 524
770 526
996 525
1037 524
1371 549
598 526
642 527
800 529
1016 529
900 754
398 538
704 530
1332 538
318 535
333 534
622 534
779 534
793 536
966 535
446 539
594 545
775 540
933 539
943 541
976 539
1012 541
805 541
887 541
979 541
1718 541
1761 540
570 545
1640 542
636 547
663 553
326 554
756 566
981 547
1019 551
259 555
817 555
359 558
720 555
647 559
847 556
897 566
862 561
980 559
444 560
938 568
989 565
1269 571
349 564
401 564
775 562
696 564
734 565
1023 566
959 568
974 572
1011 566
719 570
874 570
925 570
954 571
1018 574
687 581
1001 576
492 577
732 576
1428 598
361 579
613 580
706 579
770 578
931 578
1761 592
668 583
905 597
1232 591
1612 602
266 585
779 585
862 586
930 586
1092 585
634 592
708 587
739 586
963 594
571 590
771 597
1308 591
569 593
593 599
749 599
836 593
979 602
312 598
341 598
794 595
925 597
797 600
890 599
924 601
255 607
415 602
837 602
54 605
869 608
1176 624
1516 627
951 607
1302 608
1001 609
277 611
423 610
940 610
965 614
1014 611
226 612
678 615
782 612
785 614
858 614
449 615
658 616
769 616
841 615
921 616
304 617
1763 616
601 620
375 622
685 621
836 621
930 621
1349 628
1380 633
650 628
756 623
817 627
755 626
1285 625
1716 632
139 629
271 629
145 631
351 638
178 633
1243 638
1778 640
678 634
593 636
608 637
665 642
693 636
744 637
843 636
936 636
1199 637
1271 638
730 638
1148 639
315 641
865 641
949 641
982 640
461 643
418 644
596 644
619 653
687 645
825 644
911 655
1558 654
792 648
1610 683
291 648
885 649
1139 660
8 651
734 650
807 652
230 654
1250 653
1361 666
505 654
949 654
1489 658
382 660
599 662
1757 660
401 663
798 663
834 662
931 662
1278 665
1601 664
406 666
720 668
832 666
881 668
989 667
1032 673
1083 681
976 678
1265 672
944 672
1301 678
424 673
545 673
597 688
672 675
863 675
961 674
1212 680
998 677
1723 676
1821 677
405 678
801 679
209 680
442 680
1185 681
657 693
806 683
428 684
988 685
1171 689
1747 685
1760 684
935 686
512 689
1114 688
356 690
708 691
952 691
1495 691
965 692
183 696
305 701
428 695
964 695
422 698
836 699
937 698
1262 708
253 701
977 699
1215 711
1547 705
1670 709
355 701
532 701
579 700
903 700
513 704
879 702
908 705
1188 714
663 706
843 709
961 708
1118 713
1376 707
332 709
562 713
598 710
618 711
675 710
862 710
853 713
457 715
541 715
589 717
911 722
837 716
974 716
1498 770
11 723
345 724
1095 720
714 723
641 730
689 727
889 727
412 728
498 728
859 728
1242 737
1469 734
308 730
962 731
981 736
423 733
966 733
395 737
860 735
1202 744
58 739
930 739
317 742
361 750
655 743
1640 750
701 746
948 746
1229 747
232 748
627 749
925 752
657 750
1250 751
1545 758
55 753
400 753
1222 753
906 755
953 755
1332 762
939 762
584 758
576 762
395 763
1134 762
1370 763
325 764
638 765
1421 765
404 769
382 768
1196 769
565 773
970 770
523 775
1255 772
313 775
1218 778
597 779
369 778
646 779
1313 790
383 780
461 780
640 781
669 780
1260 781
308 782
1192 782
511 784
1071 785
382 786
1108 789
1129 789
1189 789
388 795
1562 791
305 793
1541 804
1335 800
1425 802
324 801
1219 821
1375 800
617 815
1168 803
1283 802
1289 807
73 808
1406 805
584 809
1254 809
548 814
600 811
1173 810
1717 810
377 812
448 813
657 815
292 817
312 818
527 818
753 820
690 819
1194 820
400 821
720 821
718 822
303 824
436 824
601 829
716 824
385 826
1075 826
1237 830
728 828
1480 835
658 832
688 835
1136 834
367 836
609 836
686 837
880 838
644 840
797 841
1086 839
1112 841
831 843
1410 847
1446 847
459 842
1123 843
369 844
1235 845
1667 844
309 846
804 853
872 846
1709 846
584 848
704 851
1134 850
750 852
1096 850
456 853
1302 853
757 857
634 856
703 856
746 856
1215 857
853 859
1316 859
1334 863
495 860
683 860
600 862
766 862
872 868
78 866
501 866
686 867
697 868
712 866
821 867
1109 868
1488 866
505 869
622 872
636 870
645 868
657 869
723 869
1388 903
540 870
1218 870
285 872
389 874
1002 873
313 874
586 874
610 874
651 881
691 875
572 878
745 877
1118 878
1510 877
775 879
795 878
1134 880
1495 878
688 881
707 881
1048 881
1356 881
1427 887
664 882
742 887
804 893
535 888
638 887
1274 887
451 888
885 888
983 889
1463 889
1555 890
909 890
1074 891
380 893
527 892
621 892
1140 896
1369 896
1543 893
619 895
973 904
1249 901
1300 903
359 898
382 897
677 896
1037 900
477 899
519 899
685 898
724 898
755 900
996 898
1098 899
1115 902
1451 903
348 901
906 901
1084 900
1561 901
1537 902
701 905
736 906
899 905
1055 907
1205 911
428 907
1092 908
1616 906
336 911
1678 908
535 914
685 911
1153 910
312 913
408 914
1154 912
1173 913
1654 912
573 917
598 916
617 915
812 914
1026 918
208 917
363 919
605 920
619 919
672 919
828 921
1164 931
1400 919
591 920
1113 920
402 923
477 923
662 923
949 929
875 926
1118 927
1450 926
1081 928
724 932
849 931
990 930
96 933
654 932
915 932
1249 932
1736 934
636 935
833 934
976 934
1075 940
1229 935
434 936
807 936
609 940
657 938
727 939
865 938
1004 945
1033 945
340 940
703 946
1143 941
1419 941
584 942
826 942
454 945
1223 944
281 946
613 951
779 948
970 948
1080 949
1145 949
1196 948
1407 957
846 950
859 954
1258 952
806 956
963 962
567 954
920 958
1050 960
1252 955
1 957
1220 956
401 958
444 958
886 959
1447 959
641 962
1126 961
1144 960
1301 979
295 962
379 964
416 963
482 962
708 970
1783 962
526 967
1183 965
1720 965
655 966
739 968
776 967
1202 966
1366 966
1491 967
1569 967
613 970
995 968
1016 986
1038 970
1239 968
1672 970
151 971
1067 973
1210 975
564 975
604 976
823 976
1163 981
1197 974
1550 974
1571 974
727 978
793 977
916 982
539 978
581 979
601 978
741 980
936 978
440 980
833 982
978 980
1262 981
355 983
981 983
658 985
792 984
1134 985
1404 987
173 987
838 986
1553 987
1656 988
410 989
438 989
456 988
513 988
614 992
665 989
738 989
1087 989
540 991
1176 991
1200 995
1359 991
526 993
678 993
947 994
1049 994
1542 993
583 996
600 996
875 994
994 995
1096 995
1540 995
691 996
1174 997
1372 999
1732 999
596 1002
1280 1000
900 1003
1031 1004
1274 1003
1396 1006
857 1004
1080 1004
1140 1004
1333 1004
1338 1012
324 1007
705 1007
926 1013
1499 1006
202 1009
773 1008
1182 1008
1215 1009
1252 1009
373 1010
906 1011
984 1024
1294 1013
1312 1013
1470 1013
684 1016
1102 1012
410 1014
797 1015
890 1014
1115 1015
1193 1015
1238 1015
1382 1015
1425 1015
1434 1014
448 1016
562 1022
1011 1017
1035 1017
1059 1023
1145 1017
1273 1020
602 1019
1080 1020
514 1021
530 1023
647 1022
659 1027
1017 1023
1253 1023
1276 1042
1290 1022
607 1025
740 1024
754 1024
818 1029
945 1025
1539 1027
525 1028
710 1028
1003 1028
1238 1028
867 1028
938 1028
1182 1031
1302 1028
692 1032
874 1030
1214 1035
1323 1031
1443 1031
576 1034
1711 1033
948 1036
1023 1035
1125 1040
638 1036
1016 1036
1036 1043
1146 1037
1191 1036
1228 1036
208 1039
612 1039
699 1039
714 1039
782 1042
814 1039
1148 1039
1161 1042
1338 1039
138 1040
387 1040
665 1040
840 1041
934 1040
954 1040
998 1041
1074 1042
1368 1043
1466 1040
212 1043
720 1044
756 1044
888 1047
1241 1043
672 1046
928 1045
1009 1045
1205 1045
1472 1045
188 1046
440 1053
504 1048
709 1048
750 1048
1089 1049
1130 1048
532 1050
571 1051
991 1053
1068 1050
527 1053
1174 1064
1418 1061
1452 1053
631 1055
711 1055
756 1055
1209 1063
1249 1061
1474 1057
386 1058
675 1057
1014 1057
1106 1057
1028 1058
648 1060
848 1060
869 1061
943 1061
964 1062
1080 1060
1141 1060
1308 1062
1729 1060
446 1064
475 1063
544 1065
655 1062
810 1064
833 1062
846 1062
1043 1063
1287 1063
1481 1062
359 1066
694 1064
765 1072
840 1065
998 1065
1510 1064
1058 1066
1127 1067
498 1069
617 1068
787 1069
860 1068
1101 1068
540 1071
1184 1070
1282 1084
1714 1070
1747 1070
1777 1071
819 1073
1316 1073
538 1074
668 1074
690 1075
887 1075
1256 1075
1498 1074
536 1077
643 1077
821 1077
843 1076
952 1081
1013 1078
1379 1076
1516 1076
500 1078
835 1079
1142 1078
506 1080
618 1080
682 1083
984 1086
1049 1082
1074 1083
1127 1082
1260 1082
1685 1082
831 1088
909 1090
966 1087
1165 1084
528 1086
657 1086
1008 1089
1257 1087
1139 1089
1192 1095
1820 1090
630 1091
878 1091
889 1090
936 1090
976 1091
1036 1091
1176 1090
826 1092
1064 1100
1098 1092
1169 1097
1213 1101
1234 1099
521 1095
550 1098
573 1095
583 1094
679 1094
1136 1094
710 1101
760 1097
773 1096
806 1098
993 1096
1224 1097
1252 1096
266 1099
755 1099
1020 1099
1084 1102
324 1101
566 1100
619 1100
925 1100
937 1102
1110 1101
1128 1113
1262 1103
1498 1105
977 1103
1100 1103
1114 1103
1288 1102
1325 1102
1440 1102
223 1105
1599 1104
1655 1104
675 1108
679 1106
689 1109
748 1106
874 1106
1156 1106
1172 1106
1226 1107
1629 1107
518 1109
577 1108
924 1109
1209 1109
859 1113
885 1110
1048 1110
1096 1120
82 1113
262 1113
931 1115
969 1113
985 1117
1028 1129
1296 1117
330 1114
615 1115
670 1115
808 1117
915 1114
1227 1118
255 1116
523 1116
787 1116
659 1123
712 1118
723 1120
862 1118
1040 1118
1262 1119
547 1120
642 1120
1162 1129
213 1123
618 1122
773 1125
873 1127
887 1125
919 1127
1048 1123
1247 1124
1265 1122
1408 1128
1510 1124
1541 1123
528 1124
533 1125
591 1125
725 1125
757 1125
814 1127
903 1124
1009 1124
1187 1134
1495 1126
194 1126
597 1126
1212 1128
1307 1126
1768 1127
584 1130
701 1129
939 1129
989 1128
1125 1129
831 1132
946 1130
964 1130
1097 1131
1629 1130
689 1132
976 1133
1708 1134
493 1135
603 1134
618 1135
1138 1161
1370 1135
1561 1134
1672 1135
223 1137
525 1136
541 1137
581 1137
667 1140
728 1136
783 1136
1069 1148
1371 1137
268 1138
929 1140
952 1138
987 1141
1159 1139
1274 1139
725 1140
789 1142
817 1141
915 1141
942 1141
969 1141
1090 1140
1481 1141
710 1147
855 1143
908 1147
1019 1143
1174 1142
1817 1146
592 1151
750 1145
754 1144
21 1148
475 1146
623 1146
871 1146
1035 1148
1108 1151
1216 1146
1465 1146
1511 1147
1599 1148
487 1148
537 1149
761 1149
1284 1149
449 1151
611 1151
627 1150
648 1150
724 1151
1053 1150
1088 1155
646 1153
922 1153
947 1153
1165 1152
1550 1156
1606 1152
1639 1152
1667 1154
439 1155
581 1154
635 1155
841 1155
928 1154
1202 1157
1443 1154
279 1156
413 1157
722 1157
860 1157
980 1157
695 1159
771 1158
831 1159
992 1159
1052 1163
1125 1158
1188 1162
1246 1159
1500 1158
808 1160
818 1160
866 1160
1074 1163
1111 1161
457 1162
485 1163
563 1162
697 1162
733 1163
736 1162
797 1163
820 1164
953 1173
966 1162
1662 1162
712 1168
786 1165
902 1166
1031 1167
744 1166
778 1171
800 1168
1082 1175
1098 1167
1548 1167
1608 1166
155 1168
727 1169
856 1172
882 1168
1123 1169
1163 1177
1252 1168
1470 1169
191 1171
978 1170
1004 1175
1230 1170
809 1174
877 1173
895 1172
991 1172
1041 1173
1278 1173
793 1174
920 1174
541 1180
700 1189
985 1177
1027 1177
1057 1181
912 1178
1001 1179
1013 1179
1108 1179
756 1191
789 1181
843 1181
933 1181
1037 1180
1196 1182
1329 1180
677 1182
723 1188
830 1182
905 1183
1181 1184
1225 1182
1479 1183
445 1184
585 1185
646 1184
946 1185
1152 1185
1442 1185
1458 1184
1802 1185
540 1187
571 1187
630 1189
923 1186
1094 1191
1792 1187
531 1191
583 1189
653 1189
786 1188
822 1201
971 1191
990 1188
1200 1189
1487 1189
603 1191
660 1191
670 1196
745 1191
847 1191
863 1191
1000 1195
1156 1191
1568 1190
467 1193
857 1194
879 1196
908 1192
1564 1194
489 1194
555 1196
793 1198
901 1194
925 1197
1123 1195
1223 1195
1827 1195
644 1196
770 1209
981 1197
1034 1196
1099 1197
1106 1196
1142 1197
1153 1196
1169 1201
174 1199
545 1199
576 1200
693 1198
733 1199
899 1198
962 1203
1039 1198
1113 1200
1133 1198
1556 1199
1790 1199
1831 1198
501 1201
1222 1201
1279 1200
1588 1201
559 1202
869 1202
890 1203
917 1204
948 1202
1058 1202
1087 1202
489 1205
498 1204
800 1204
851 1219
1082 1204
1132 1207
1332 1205
661 1206
676 1207
1036 1207
1109 1206
1246 1207
1551 1208
542 1208
971 1208
985 1208
1006 1214
1066 1209
1348 1209
1395 1209
47 1211
93 1211
134 1211
838 1210
995 1210
1180 1212
1324 1211
1384 1210
1514 1211
1675 1212
616 1212
644 1212
706 1212
887 1213
1080 1221
423 1214
628 1214
733 1215
870 1215
977 1216
1115 1214
1124 1215
1674 1215
268 1216
600 1217
809 1217
1020 1219
1047 1216
1063 1217
1100 1217
1147 1216
1271 1218
1543 1217
1577 1217
1628 1216
427 1219
697 1219
921 1219
953 1219
1061 1219
1233 1219
1306 1218
1400 1219
328 1221
520 1221
573 1221
634 1220
639 1221
891 1220
901 1221
943 1220
1109 1220
1214 1221
1460 1221
606 1225
700 1225
892 1222
933 1225
984 1226
1134 1225
1591 1224
586 1225
780 1226
827 1225
1036 1225
1097 1225
1263 1225
402 1226
565 1227
764 1226
878 1226
965 1226
