913 621
52 21
321 7
440 89
534 8
652 10
705 10
735 3
840 121
1059 3
1124 3
1237 128
1295 1
1314 5
1556 2
1734 119
1719 2
118 13
1010 16
1035 8
1086 17
1385 24
871 20
1073 18
1116 21
970 22
1098 21
714 26
1515 26
1623 32
957 30
973 33
1033 31
1087 42
1350 36
708 45
1042 44
1127 47
1424 62
640 54
1518 60
1134 61
1246 55
990 62
1064 87
634 69
1124 64
1441 96
1236 66
1107 70
1289 75
1248 83
606 95
1081 95
1139 95
1524 98
558 105
853 103
1182 103
972 108
1043 110
1392 113
1594 114
512 117
947 111
1459 114
1179 114
1241 115
1016 121
1077 131
597 120
1096 125
1383 132
1271 128
1483 132
986 137
943 136
1024 134
1276 133
531 143
974 160
1763 141
1250 140
1141 144
1826 150
611 154
952 147
1718 149
555 159
1088 154
679 161
653 196
755 171
1711 165
1738 164
517 185
569 171
635 178
1189 173
1231 167
1037 170
1241 168
1074 171
1574 172
1425 201
1030 175
343 182
943 183
951 185
1098 185
1398 190
1080 189
1246 189
1281 188
1455 196
1753 193
365 192
938 198
538 211
994 198
1063 197
1127 201
627 206
977 228
1104 208
925 210
753 215
954 204
1134 220
719 214
907 211
1555 215
905 216
918 222
1592 229
667 231
902 228
931 232
1561 227
555 231
1193 229
744 239
904 232
1059 236
292 244
883 235
917 234
1362 238
926 326
463 252
906 241
916 240
908 247
1082 247
860 246
941 261
403 246
1638 251
1471 272
1486 251
619 252
1019 250
984 252
911 254
986 258
1150 255
922 257
962 256
1251 282
1448 259
1131 259
359 273
614 273
726 271
985 267
430 278
1013 270
1155 269
1086 272
1154 272
1538 274
585 281
1115 279
1129 278
1210 280
1102 280
1789 280
557 296
1149 289
1359 289
1451 304
1501 297
1532 294
999 292
1121 301
295 304
504 299
940 294
1286 297
785 303
1017 332
1060 296
868 304
99 312
640 306
841 303
691 311
596 318
822 319
1138 310
866 311
992 311
1035 313
1077 310
1206 312
1153 313
1216 314
1654 313
1169 321
1337 330
1478 326
865 323
1046 325
1115 324
1533 325
1829 326
1197 327
1229 328
1058 334
1146 331
1838 334
475 339
997 339
1112 341
558 345
753 350
1121 357
987 352
1386 354
595 357
635 354
868 355
1493 355
1052 361
1038 356
450 362
1074 360
1534 371
514 366
1297 382
1427 369
1076 377
1163 379
553 377
1005 375
1097 373
1203 373
1088 376
1019 378
633 383
1378 383
1741 388
846 395
1316 392
996 386
526 397
706 391
915 389
1060 400
1490 394
991 397
1027 401
1158 394
721 406
1513 399
1444 403
310 412
577 405
1227 401
829 405
1192 405
1541 404
1209 405
1098 407
1640 413
928 417
1161 410
1293 412
877 411
1218 421
1137 412
459 416
859 420
902 432
1200 416
1153 419
567 428
1012 430
1084 423
1836 427
1232 431
875 427
1083 427
1133 428
969 428
1404 430
1062 431
1158 434
1384 442
934 439
1163 440
1181 439
408 442
1006 442
1100 441
928 454
982 451
1016 448
1739 447
887 595
1058 455
1435 451
578 455
1031 456
912 457
516 460
1076 460
1159 457
822 459
1038 461
1326 467
917 483
963 477
614 475
1425 476
1461 464
1078 469
1466 472
1163 490
550 499
663 475
978 474
1047 476
1371 478
1524 481
1235 560
481 481
1399 485
510 491
805 536
1704 562
1001 492
1773 489
1476 495
820 498
1131 495
714 500
733 502
979 513
1038 498
1108 497
242 518
1057 518
1769 509
1038 511
1439 520
1837 515
1037 515
939 524
1000 518
1022 518
1459 517
444 520
1516 532
496 522
1461 520
567 524
918 522
641 529
1825 531
366 531
1024 528
1036 531
1134 529
1170 529
919 532
1425 537
1481 542
929 535
1077 535
1169 535
942 545
918 538
838 544
982 561
1079 545
729 552
835 546
930 547
1133 546
117 563
1132 550
604 556
1203 555
916 554
75 564
390 560
1063 556
1128 558
1010 561
1411 560
930 574
1137 563
1035 567
555 572
626 579
495 579
1016 573
1072 578
376 575
961 578
1021 587
1478 580
1138 580
580 582
977 588
1134 584
1114 588
1519 597
1543 590
1131 590
590 592
571 594
836 596
1121 595
358 607
402 598
1007 598
1549 600
787 601
995 600
1128 600
977 604
1047 602
918 607
1433 609
688 615
931 611
1127 611
1051 613
389 617
1508 615
504 617
762 617
789 618
585 623
98 630
535 624
962 631
1046 632
334 626
1815 685
668 629
759 636
910 629
1022 631
263 643
1094 635
1537 636
505 639
1011 637
617 642
825 643
1435 643
947 644
541 645
933 647
984 646
1013 647
1087 645
1330 646
401 647
777 646
850 648
480 653
823 650
1146 650
1384 651
941 657
1140 658
1022 659
1081 658
1283 666
495 660
635 662
781 666
1090 667
287 668
356 677
799 671
1151 671
1349 674
954 673
1016 689
1386 684
423 674
1047 683
990 684
1124 682
1527 682
575 686
1063 704
1121 687
30 691
849 691
1040 691
1000 693
1038 694
1442 695
583 698
1134 706
1221 700
432 700
372 709
801 705
1547 703
1117 709
1357 708
815 709
1187 711
777 708
486 710
525 718
974 715
1283 713
121 713
556 718
1042 717
810 725
897 719
1098 728
1041 724
1079 727
1369 731
454 730
874 733
622 740
1149 736
769 734
1481 733
1066 734
1113 738
1281 741
475 744
566 740
263 746
1049 753
1462 745
707 744
1159 744
985 744
1008 749
576 748
495 750
895 751
1496 750
871 750
1025 752
1093 751
1207 750
947 752
982 755
1096 753
737 755
816 756
868 760
1108 754
641 760
1081 756
946 759
973 760
1130 760
364 762
451 767
515 762
967 764
971 762
1027 762
1255 763
1284 762
581 770
818 767
928 791
1110 773
831 772
988 771
1094 771
867 781
977 776
1027 777
1063 811
1126 774
1246 777
1093 777
1288 779
1215 786
623 783
997 786
1793 789
804 784
1772 786
670 791
777 791
1405 789
1114 792
499 797
792 805
955 925
1255 795
641 800
1115 802
766 802
882 804
954 806
237 810
545 808
982 808
1111 806
1275 826
820 815
870 814
967 813
1342 818
536 818
825 823
879 822
961 832
1296 818
728 820
571 824
897 823
997 826
1457 828
845 829
931 838
420 833
639 836
1407 831
1756 830
738 832
1002 833
885 838
1001 838
763 838
788 841
989 841
1116 842
944 844
992 844
1025 843
819 850
1007 844
1011 847
715 848
977 848
1435 852
1745 849
899 855
1498 851
837 855
917 854
987 855
1072 854
1196 856
1290 862
975 857
937 863
1039 859
1380 859
1054 863
1242 866
170 869
984 869
1190 881
1278 873
956 875
1066 874
1316 874
1372 874
1208 882
1487 877
988 883
1075 883
369 886
441 884
948 885
1087 890
1003 891
1065 897
545 897
1045 895
603 903
491 905
1607 905
678 908
1535 911
258 915
523 940
1286 924
369 924
434 929
472 937
1252 941
623 944
621 947
497 952
1346 952
466 955
671 950
1452 953
482 962
600 963
685 961
721 964
1191 967
1202 980
1337 985
803 985
838 989
719 989
970 994
1012 992
1694 992
1078 997
575 1001
1318 1004
915 1009
1041 1009
518 1019
938 1012
548 1021
879 1013
1097 1016
1040 1014
1272 1018
718 1019
749 1019
329 1026
383 1025
820 1022
840 1023
969 1024
1210 1028
754 1030
776 1027
1129 1028
1374 1027
775 1029
905 1028
1052 1029
1161 1031
500 1033
689 1033
1183 1032
665 1042
852 1042
912 1036
457 1039
893 1038
1204 1050
1672 1045
907 1047
460 1051
975 1056
893 1057
1468 1055
382 1057
733 1060
1037 1064
851 1069
1167 1067
885 1069
923 1070
899 1073
1018 1071
1240 1077
140 1077
941 1082
784 1084
975 1086
1542 1082
940 1087
1456 1089
447 1099
773 1093
472 1093
32 1094
467 1095
1044 1096
877 1102
1135 1096
1312 1096
968 1099
372 1102
747 1103
1206 1103
708 1106
1337 1126
571 1114
843 1110
1064 1110
1201 1115
1563 1110
681 1112
711 1113
777 1119
708 1122
873 1125
1213 1125
468 1132
799 1138
844 1131
1058 1131
520 1138
571 1140
866 1135
1101 1136
829 1139
783 1143
852 1145
1029 1144
763 1149
1232 1146
816 1151
937 1151
662 1157
794 1157
423 1161
918 1162
1022 1163
491 1164
1360 1166
488 1167
819 1167
1698 1166
26 1168
882 1168
1455 1169
777 1172
544 1177
750 1179
1348 1180
723 1183
1748 1185
644 1189
879 1188
668 1191
1496 1193
725 1193
588 1195
1070 1197
1370 1196
695 1201
826 1201
1313 1201
743 1207
1637 1206
1761 1207
1725 1212
845 1218
1388 1216
1694 1220
1784 1221
