915 620
131 7
366 8
790 2
923 17
980 3
1120 1
1162 4
1259 16
1301 6
1589 11
1633 12
1759 9
1016 41
763 13
1083 14
407 22
28 47
637 30
960 17
1185 26
861 27
1131 28
1159 28
189 62
1167 108
1344 40
523 48
1644 50
865 56
711 64
1494 60
1140 65
499 84
817 66
949 69
1111 64
327 99
1082 72
374 94
1520 77
662 86
1094 84
1495 87
916 92
1241 105
727 100
1003 92
1103 93
1639 109
1822 93
18 107
1112 115
967 102
613 117
1138 110
921 131
996 113
941 121
1737 125
564 143
876 129
730 127
1764 131
809 131
853 136
1096 134
1600 152
1079 137
1798 154
750 151
793 148
1386 171
198 144
711 153
996 147
909 158
1018 153
1831 167
979 173
1521 165
928 168
1181 177
1722 181
995 169
1009 173
1085 174
1115 184
740 205
595 221
428 215
922 192
985 191
1072 200
964 201
1324 205
1288 205
870 207
1757 228
1814 212
979 207
150 206
851 212
948 212
1110 209
994 211
279 229
1132 239
1621 229
1220 245
899 236
1113 224
1305 227
967 230
948 231
1089 238
1484 237
1067 247
1394 261
646 266
251 242
1000 244
236 245
712 257
919 254
807 260
983 256
65 258
847 267
1593 280
1011 270
889 269
1243 272
1471 293
372 300
835 281
1183 284
1135 284
1074 286
1113 295
1225 295
1163 293
472 307
1036 291
885 303
292 306
969 293
1540 310
1097 309
1719 315
1128 305
1758 312
1041 318
934 351
1066 340
1331 349
1805 328
1158 335
1642 338
410 336
643 334
667 331
749 335
991 331
1092 332
722 341
861 337
1539 342
122 362
1124 345
374 354
525 357
963 346
1193 353
962 348
981 355
1589 360
710 357
869 364
840 361
1086 360
633 375
810 375
1534 374
571 391
1033 370
890 371
980 375
1496 371
1783 371
747 392
894 379
958 375
848 378
1045 380
1104 388
940 395
965 389
1057 384
462 401
1001 385
1564 407
718 398
774 393
887 386
1442 386
902 388
996 389
1164 393
1491 389
428 399
925 392
993 391
1277 391
1796 412
909 395
1027 398
1275 395
401 399
1697 401
985 400
998 404
1066 404
1474 403
1722 422
896 404
1036 412
1106 411
1187 420
496 410
832 410
1266 415
1493 410
957 415
855 425
929 426
1002 414
1127 421
1644 431
1455 456
828 428
1241 427
895 433
959 450
1062 433
1109 431
808 433
1372 439
1024 433
1089 434
1478 433
988 435
1044 437
1589 449
1030 439
1202 440
1556 444
825 451
1125 446
981 453
603 463
1793 455
913 453
1524 453
1702 466
656 466
927 463
1184 460
418 468
1165 459
346 467
794 474
870 464
1058 468
1305 476
908 468
883 465
1262 467
1639 480
888 472
1011 471
713 490
765 486
977 476
1075 477
1249 475
1393 478
739 487
1041 482
1053 481
580 498
822 493
1219 488
1546 493
324 500
1045 489
1059 487
1153 492
876 502
1457 498
447 496
479 538
1070 503
1120 500
1230 499
1827 510
1094 501
944 512
1041 506
1087 504
1435 506
961 506
1773 518
1127 515
980 514
1256 510
1581 518
1505 519
1051 518
1437 517
904 530
424 529
605 532
1013 521
1035 521
352 530
661 531
718 533
879 527
966 522
528 534
1324 534
1047 528
1156 536
855 537
926 532
950 529
1067 532
1513 533
955 534
1117 532
1365 541
1039 537
1247 535
933 540
962 547
388 559
1574 551
362 552
762 554
1009 551
1136 562
1525 554
513 556
694 554
1454 554
945 555
1050 553
1392 557
877 581
648 579
794 564
934 565
1092 574
1721 570
414 567
660 563
1117 563
1179 565
1474 581
1377 566
1632 581
745 569
842 574
1067 572
1210 568
1683 575
815 573
902 573
917 575
1171 582
1236 572
724 595
546 584
604 582
1000 576
1027 578
1215 576
1301 575
1383 582
1757 578
1014 583
371 587
938 585
1233 585
757 600
914 591
978 590
1228 590
934 593
1036 601
1134 593
1581 598
1820 595
1285 594
323 607
791 599
838 612
1214 598
1347 608
1382 606
1098 609
927 604
984 602
1004 607
1070 603
98 606
916 605
1211 604
866 606
1066 608
944 610
1431 617
1751 617
1503 614
705 617
877 615
1026 615
1268 628
1309 614
776 637
914 624
1225 616
1124 623
1372 619
1360 620
939 623
1638 627
1009 630
1034 628
1070 635
1532 636
1022 632
1209 638
816 635
508 650
838 635
369 639
929 636
968 638
823 641
955 638
1014 640
343 643
909 643
925 641
1048 642
1147 641
1254 642
994 646
1250 644
457 653
584 653
886 660
948 648
1161 647
1178 647
1313 646
1601 655
1019 653
1336 653
917 650
1172 650
1510 651
531 656
830 654
1036 659
1118 655
1058 660
992 661
1159 669
1758 663
790 664
817 665
1126 663
1679 664
346 680
422 665
606 674
946 667
1305 664
1031 682
1068 668
1112 667
931 673
1204 677
1114 674
553 682
631 674
721 675
1707 677
1827 679
742 692
966 676
996 676
1137 686
1226 676
1322 680
927 686
1167 682
1757 690
435 683
847 690
1445 695
1513 693
692 686
890 695
1481 691
1573 686
1063 689
1079 709
508 703
687 691
983 692
1236 700
1610 690
1652 704
1726 696
1334 692
323 697
998 698
1117 696
968 697
1204 704
1291 710
1683 703
1823 699
713 702
960 703
1124 701
619 709
986 705
1386 710
913 706
1014 706
1412 707
1021 712
1360 710
1582 719
480 717
757 715
874 713
910 713
974 721
1616 719
861 717
1163 721
1557 719
823 720
1045 726
401 721
450 731
1482 722
1113 741
955 723
940 725
1029 725
1094 733
1255 725
389 730
520 727
927 727
1685 726
747 729
810 730
1175 730
756 732
836 733
952 731
1023 730
1679 732
1703 731
1011 734
1019 732
1662 733
942 735
612 740
973 737
1315 738
790 741
893 740
934 741
954 738
1266 749
1326 739
1585 744
991 742
1197 743
921 745
969 746
1021 744
1031 748
1012 750
1059 757
695 756
856 753
907 750
1415 752
474 767
776 757
818 755
1225 753
1604 757
962 755
1333 755
1553 763
584 763
980 760
1006 757
1036 762
1094 763
552 790
837 761
1118 758
630 784
671 763
910 763
1008 780
1341 770
1586 775
750 767
1012 766
1025 768
717 769
1243 769
436 783
656 772
752 771
925 907
931 772
1173 775
868 772
1507 783
922 776
958 777
1224 776
856 781
238 780
877 786
901 782
1669 789
1065 788
1253 782
1374 783
1482 783
989 786
934 787
977 786
1038 786
1104 786
1334 797
1289 788
590 795
834 798
1025 793
847 795
932 794
1294 799
679 798
724 799
1446 804
1561 800
480 804
659 803
897 798
1038 800
642 803
882 805
1607 808
1643 806
885 810
1475 809
632 816
903 810
983 817
910 813
218 817
917 818
944 817
1016 819
1197 819
1496 819
602 830
1026 821
1235 832
508 824
528 822
883 829
902 825
999 826
461 826
834 828
1288 832
1642 829
964 829
1007 830
1484 830
1330 832
849 833
1372 835
1678 835
1029 835
1500 842
457 840
944 838
519 838
868 838
919 839
1442 852
440 846
563 842
864 843
909 841
924 841
498 849
1461 843
1054 844
1254 850
1570 847
847 851
939 847
1175 847
1349 852
388 850
1488 851
255 851
357 859
889 852
1004 851
1066 852
1648 852
422 857
600 876
994 852
872 855
920 856
1638 857
963 858
1680 865
946 859
915 860
1011 860
1567 866
888 863
1030 865
1502 874
243 865
956 864
1003 865
1047 869
1534 867
859 867
902 868
976 867
1834 872
1013 868
922 873
1267 871
652 874
874 880
1427 874
521 879
717 877
978 878
1150 881
1606 887
1694 876
1221 878
563 885
686 880
1260 881
1533 881
1650 887
995 885
1340 888
1005 897
1365 889
452 893
920 888
1215 894
1719 891
429 903
864 893
878 894
918 893
953 892
1053 894
1579 894
530 897
621 895
679 901
913 894
1032 898
645 899
961 896
727 898
1379 906
1524 902
706 901
1130 900
394 907
877 905
890 906
1155 910
1770 904
713 907
924 914
1422 908
1490 909
1096 908
1273 912
1513 913
1656 913
951 910
1452 914
873 913
1131 913
1773 912
330 915
764 917
1346 923
1534 916
1407 917
357 918
598 922
757 932
519 926
537 926
431 928
550 928
887 930
963 929
1099 931
726 932
1595 933
395 943
1481 935
1823 933
455 938
314 936
1083 937
1424 937
553 942
1171 945
437 953
1344 945
1522 948
1421 949
1442 954
1591 954
1239 951
1379 952
624 953
648 970
750 983
1491 957
1414 958
1126 964
550 969
1697 961
1359 964
480 965
624 967
1161 964
1267 968
1823 965
1328 967
714 970
1072 974
1304 971
448 977
669 972
1355 970
1403 971
491 975
1406 974
1551 977
604 977
629 977
1137 993
1160 974
1232 974
1693 975
1174 978
1581 982
1623 981
199 983
501 986
608 985
1526 988
698 987
1212 985
397 995
846 998
1364 989
1417 988
662 993
1080 994
1499 991
830 994
631 1000
1029 996
1228 997
1208 999
1413 1001
1002 1000
1237 1001
1365 1002
428 1007
501 1008
813 1011
1099 1007
321 1006
620 1009
777 1008
840 1008
1561 1007
1472 1008
668 1017
1211 1011
726 1013
1024 1014
442 1014
866 1018
1043 1018
1434 1021
876 1018
1159 1023
1288 1020
637 1025
1218 1023
1343 1022
1496 1021
1547 1021
519 1026
748 1024
852 1024
1677 1022
782 1024
1049 1025
1086 1026
1398 1026
1467 1038
812 1028
1074 1030
1168 1028
1247 1040
1270 1029
1282 1030
1320 1031
1487 1030
18 1032
105 1031
362 1038
425 1030
474 1031
858 1031
1178 1037
1417 1037
229 1035
861 1034
982 1036
741 1052
818 1038
957 1038
963 1039
1493 1039
1514 1039
1568 1047
129 1043
884 1042
965 1043
1013 1043
1400 1046
791 1044
1104 1044
1295 1045
1354 1045
127 1046
220 1046
696 1046
824 1050
914 1046
949 1046
194 1050
569 1049
624 1049
758 1050
878 1049
890 1049
955 1048
1269 1051
642 1052
797 1051
982 1052
432 1053
470 1056
802 1053
864 1052
1008 1053
1220 1053
1518 1052
535 1055
632 1057
813 1054
773 1056
140 1058
1477 1059
856 1062
934 1065
494 1070
1087 1065
1184 1065
1207 1065
1244 1070
1000 1071
1073 1067
1094 1078
1103 1066
603 1070
821 1068
834 1070
1197 1068
133 1070
943 1071
1132 1074
385 1073
661 1074
986 1074
1205 1074
1491 1076
904 1076
567 1092
809 1080
838 1080
1115 1082
1417 1080
1076 1084
1310 1082
1429 1082
1494 1080
132 1083
771 1084
1137 1084
1288 1082
675 1084
828 1085
1290 1084
732 1088
1341 1086
447 1088
968 1089
1002 1089
159 1090
673 1091
854 1093
1762 1090
24 1097
82 1094
525 1104
597 1100
1195 1094
509 1097
990 1097
1261 1101
1774 1096
836 1099
1285 1102
1726 1098
465 1103
1205 1101
833 1103
1039 1103
1181 1105
1395 1106
816 1106
856 1107
996 1109
1044 1108
1185 1107
1324 1109
645 1109
913 1109
1083 1111
1446 1108
494 1114
604 1113
1208 1111
1454 1114
635 1114
1266 1112
1308 1113
1365 1115
1118 1118
1203 1119
55 1121
477 1118
480 1119
727 1122
738 1118
610 1121
957 1120
1037 1121
25 1125
416 1127
1062 1123
437 1124
1017 1124
1145 1124
549 1131
750 1128
997 1126
1400 1130
351 1130
617 1129
630 1130
790 1128
846 1133
875 1129
1139 1129
742 1131
1310 1131
1324 1130
1002 1134
1355 1138
1435 1134
1789 1132
929 1137
1070 1137
1276 1135
1385 1135
661 1137
334 1139
357 1138
454 1142
726 1139
588 1141
799 1142
985 1142
1044 1143
1321 1142
1550 1144
1066 1145
1261 1145
1522 1144
641 1148
611 1148
828 1149
1065 1149
1100 1149
428 1152
608 1150
744 1153
765 1151
1125 1150
1499 1155
1220 1154
584 1155
863 1155
1048 1157
1371 1156
724 1157
1417 1158
666 1159
1014 1158
20 1160
574 1160
704 1163
990 1161
1210 1161
1247 1162
1022 1163
1606 1162
189 1164
677 1165
734 1166
1165 1165
692 1169
1062 1167
1158 1168
1405 1171
1476 1166
740 1169
980 1169
1012 1172
528 1172
1076 1171
419 1173
709 1173
752 1173
1322 1172
466 1174
1558 1174
621 1178
745 1176
778 1176
901 1177
1019 1177
1046 1176
1673 1176
729 1183
993 1178
1275 1178
1002 1182
1232 1181
338 1183
552 1184
929 1185
1184 1185
1226 1187
1410 1187
683 1187
469 1189
587 1192
1125 1191
1199 1189
667 1192
1387 1197
1349 1194
1536 1192
691 1195
758 1195
902 1195
1079 1194
1179 1194
1197 1194
661 1197
678 1196
900 1196
998 1196
1027 1197
1130 1198
642 1199
962 1199
1098 1201
1314 1200
698 1202
742 1203
1271 1203
882 1204
1231 1207
1320 1204
555 1208
523 1208
800 1209
1146 1208
627 1212
1058 1212
1103 1211
1408 1210
552 1214
682 1216
1214 1216
1216 1217
1276 1216
993 1219
1346 1218
736 1221
1094 1221
1468 1221
477 1225
1350 1225
589 1226
748 1226
1255 1226
1737 1226
