927 651
130 163
806 159
453 1
1802 38
1370 91
1506 78
1342 108
1390 86
69 92
1109 119
1507 124
21 100
1015 125
1541 109
30 103
5 104
34 105
71 111
1562 110
1760 122
1066 131
71 129
1301 127
1546 129
1273 177
1313 171
1060 183
921 152
1358 143
990 145
1837 150
999 164
1028 160
1013 161
60 161
885 160
1365 160
918 219
1344 168
312 172
343 174
317 176
1032 182
1364 180
328 193
358 181
1084 185
1126 188
308 191
1635 192
349 190
346 201
17 201
853 203
1007 209
1244 215
323 212
1337 224
354 212
824 216
1091 227
351 217
1290 217
1119 240
1610 219
336 223
766 227
813 292
1166 229
719 228
362 228
364 229
846 233
1671 232
1274 234
1238 242
332 242
713 246
761 282
885 243
951 242
1721 244
349 248
958 253
892 250
1218 251
1797 254
363 253
907 252
1083 260
1353 255
1258 260
495 262
851 262
899 262
1430 263
1451 317
1289 266
732 270
864 272
1420 272
1711 271
840 277
1032 281
1141 298
1380 301
1249 280
1296 283
882 276
884 277
1483 278
907 278
922 278
1330 287
1503 286
979 285
862 287
968 286
1776 289
997 289
497 291
933 291
864 295
890 296
1315 296
665 310
726 297
1269 297
499 302
935 305
1238 305
883 313
1000 308
687 312
750 308
843 308
120 465
741 310
1411 317
923 317
1304 319
966 320
1085 327
732 324
1032 331
1578 345
996 329
858 330
995 331
1124 330
606 333
1287 334
1140 336
1472 334
1260 338
655 339
845 338
795 342
998 354
1331 341
908 342
930 356
1204 344
711 351
796 345
969 344
758 351
867 354
1192 350
290 376
1274 359
814 353
654 354
1087 356
752 357
801 357
897 356
1419 358
1449 358
785 361
1124 360
1074 395
941 362
904 368
1313 378
701 376
994 382
457 372
963 372
1053 376
1374 385
787 384
637 383
730 387
901 387
923 395
1746 389
18 393
1412 395
1695 396
1 392
1120 393
1342 396
638 412
1232 401
874 405
945 571
1254 407
184 411
1283 419
483 416
682 419
328 425
898 414
991 416
1377 416
1318 419
614 422
1730 420
1101 421
1261 421
661 432
1338 426
1420 428
1218 432
1395 454
1485 433
395 433
832 443
803 436
193 436
201 437
1059 444
1310 439
1249 445
1434 443
861 443
1357 443
810 454
640 449
865 452
678 458
758 456
1280 457
428 459
844 463
889 458
440 460
458 461
724 470
899 463
1611 468
883 467
1320 468
1364 469
635 475
811 470
832 472
1324 475
940 476
876 480
1344 483
877 482
882 486
1779 486
1207 488
1422 497
659 493
1180 488
1453 490
803 495
1061 492
1332 491
1049 493
1033 496
1369 497
1805 497
701 501
837 497
1011 501
1059 498
816 501
838 501
1151 512
790 508
817 507
839 506
858 506
1326 509
859 509
888 509
1086 514
1578 511
691 514
860 512
1355 516
861 516
1603 527
670 522
869 536
1022 520
820 522
1012 522
1342 526
1512 527
1134 527
1217 532
821 527
1014 531
849 541
1043 544
705 534
771 532
825 542
1029 531
1266 533
1317 534
681 543
808 537
1492 543
1393 543
1309 543
1017 553
1284 553
1364 550
1399 547
1116 561
1528 571
793 566
850 559
1595 570
2 561
705 564
890 560
1220 561
851 564
981 567
1093 566
830 575
857 594
1043 568
985 572
1 573
636 575
767 576
1069 574
1262 573
1412 574
986 575
166 577
1258 578
461 582
1291 580
1314 583
77 585
357 586
791 589
838 626
1020 595
1299 592
1342 592
997 592
1402 594
1424 600
789 598
1224 600
1086 602
1443 603
1323 606
1372 629
997 615
1306 609
520 617
705 614
761 614
667 619
1409 620
1483 623
977 626
1236 621
114 623
1061 623
1170 623
1260 632
1125 629
1080 642
1032 642
1014 636
781 637
784 636
653 645
873 677
1350 650
550 649
1103 647
1218 647
717 649
1135 651
1309 660
1331 654
476 658
642 656
680 658
756 661
961 660
1089 667
580 669
771 669
810 668
433 668
554 672
621 671
1362 689
980 677
996 674
840 677
1131 680
361 677
804 680
301 679
1209 685
1287 679
1451 681
1525 684
730 680
768 690
1063 682
474 687
577 695
843 695
1143 689
595 696
679 692
1343 689
1270 691
548 693
1138 695
1295 696
1319 705
1131 704
1283 701
883 702
513 707
842 709
908 707
884 710
960 712
990 714
593 715
1090 742
400 717
610 725
1194 718
531 719
880 718
1245 719
1381 724
375 721
387 724
885 731
1218 724
1788 725
238 725
429 724
1143 732
1414 725
450 727
516 727
444 729
483 729
492 728
524 729
539 729
624 735
847 736
1321 730
358 732
594 732
913 730
581 733
733 735
909 735
248 738
259 739
477 738
603 739
718 741
1402 738
320 741
383 740
700 740
1336 740
84 743
491 743
688 744
872 744
237 745
278 745
436 744
509 747
575 746
643 757
843 747
1673 749
470 749
797 752
829 751
884 748
1135 749
1271 751
196 753
242 752
451 752
1594 761
499 754
743 754
486 757
548 758
561 756
699 756
845 764
1443 757
385 759
872 762
1311 765
169 761
687 761
776 764
1249 761
594 763
678 766
720 763
216 764
606 766
1236 766
341 770
891 766
1130 769
1352 768
1466 767
256 769
296 768
455 768
564 774
582 769
1286 769
220 771
663 771
699 770
490 772
755 775
804 778
887 773
1367 772
1474 777
525 775
703 798
1275 774
230 777
488 776
523 777
542 776
620 784
448 779
638 782
689 778
89 780
113 780
122 781
140 787
165 780
194 781
213 780
501 781
672 781
893 784
1137 781
1415 780
1451 780
207 783
1507 782
43 784
480 784
516 784
570 785
650 785
663 788
1662 787
327 786
344 786
441 787
1232 787
1288 787
1359 786
1437 787
1456 787
312 792
465 791
471 788
560 815
606 791
843 793
1045 792
1241 789
1411 788
125 791
497 790
564 790
646 790
1288 1028
1179 796
1267 791
1443 791
1765 793
439 793
453 793
502 793
556 792
938 801
283 795
535 795
1364 796
513 796
1223 796
1292 797
1314 815
1343 797
327 798
968 799
1138 799
1260 801
1577 799
648 801
682 804
989 806
1574 801
59 802
419 814
458 803
726 803
1150 802
1274 802
1286 802
1736 810
141 805
1478 811
1509 808
554 806
612 806
1271 806
1354 809
388 808
639 810
688 809
716 808
844 810
1203 825
1231 811
1592 808
114 810
228 811
279 811
481 810
669 827
975 810
1544 811
1605 811
179 815
495 812
1300 813
1689 812
251 815
263 814
884 818
1159 814
1647 815
1762 815
380 817
444 816
652 819
1282 816
1805 817
349 818
507 818
693 818
1630 819
1715 818
1766 819
373 820
489 822
1521 821
1666 821
1719 820
1836 820
608 822
1393 824
1526 823
1681 822
1815 823
387 825
480 824
1017 828
1366 825
1704 824
1744 825
360 837
820 830
1536 826
176 828
459 829
631 829
644 829
695 828
1086 828
1351 829
1483 828
1723 829
14 830
329 831
601 830
1565 831
438 832
457 833
500 832
586 832
611 833
657 832
1304 841
1458 849
1504 833
483 834
510 841
1389 834
1548 851
1786 835
455 836
488 837
1244 845
1356 865
1437 837
1662 836
1683 838
1806 836
1837 837
386 839
393 838
624 839
1736 838
158 840
579 841
1484 840
1659 840
1694 841
1745 840
1822 841
263 843
325 849
528 843
1341 842
1569 842
1042 846
1499 845
1756 844
1799 845
349 847
496 850
1773 847
438 848
996 849
1711 849
469 853
664 850
1578 853
1615 850
1631 850
1737 850
1817 851
1830 851
989 854
1605 853
1700 855
1742 853
288 854
311 854
937 856
1385 860
1634 855
1824 854
511 857
1011 857
1181 856
1222 860
1517 857
1717 858
1812 856
100 858
643 861
1178 859
1291 860
1410 858
1492 863
1653 864
379 860
538 861
846 863
1669 861
1749 861
162 863
219 863
492 863
554 863
1240 863
290 864
960 870
1311 864
1407 877
1574 864
1682 864
1726 864
378 867
550 872
1458 867
1528 871
1635 866
1744 866
1803 872
280 868
504 870
1231 873
1420 868
1544 868
1604 883
1620 869
1836 869
149 871
1271 880
1504 871
297 872
472 873
605 872
625 873
1251 873
1291 873
1327 873
1336 872
1451 873
1672 873
1761 873
1816 872
232 875
454 874
598 874
629 875
1248 876
360 877
1221 876
1573 878
1693 876
1735 877
38 879
42 878
256 878
348 878
1303 881
560 880
1195 882
1458 881
1496 881
1690 880
1739 881
1825 881
76 882
1327 888
1469 883
1540 882
1817 882
562 885
1226 884
1466 885
1503 885
54 887
220 887
258 887
482 887
1652 886
1718 886
24 889
208 888
438 888
464 888
472 889
596 900
1297 889
1396 888
1639 890
1697 889
1794 889
527 896
984 891
1187 891
1213 891
1522 897
1671 890
501 892
1242 899
1380 902
1438 905
1496 893
159 895
458 894
1456 896
1632 894
547 896
1203 896
1298 896
1666 930
221 898
555 898
1269 909
1308 899
1485 900
1581 910
1694 899
1729 898
7 901
216 901
1224 900
1354 904
1417 901
1555 902
380 903
418 902
621 902
1196 905
199 905
292 905
1502 905
400 906
1321 906
1340 907
1546 906
62 908
337 911
461 908
1232 910
1302 908
301 910
406 911
1403 913
1614 913
44 914
260 913
378 913
513 913
568 912
1314 915
1337 912
1419 912
70 914
430 914
477 914
537 914
1220 914
1293 915
1553 916
139 917
1452 922
1474 916
1541 934
1295 918
1506 919
1561 923
1605 921
253 926
360 920
401 920
524 921
597 924
1260 920
1304 933
183 922
353 923
561 922
1247 923
1275 925
1320 922
378 924
415 924
518 925
1238 925
1388 927
1416 925
291 927
454 926
1222 941
1625 927
284 929
351 928
447 932
592 929
1331 930
81 930
382 930
500 931
502 930
1343 930
1374 931
1602 930
365 932
421 934
591 933
1366 937
414 937
530 943
1271 947
15 939
395 939
1521 940
1576 941
1611 956
569 941
588 940
1188 941
499 945
342 944
410 945
664 944
1562 945
1588 947
280 946
334 947
558 946
1344 947
91 949
118 948
465 949
673 948
1293 948
243 951
322 950
395 950
430 950
555 950
1315 961
1631 950
231 953
349 953
436 953
688 957
794 953
1302 952
18 955
119 955
211 955
244 955
307 955
361 955
385 955
670 955
1257 954
1542 955
1584 955
1638 954
453 968
587 963
646 964
765 957
1213 957
28 965
479 962
528 959
551 960
1290 959
1490 958
1741 959
45 960
313 960
337 960
504 961
563 960
744 961
1295 960
1347 961
1388 960
1548 964
1652 960
122 963
370 978
417 963
736 964
817 963
1471 966
1646 962
87 964
99 965
606 965
832 967
223 967
397 967
685 967
1636 978
136 972
630 968
777 968
1011 973
1029 972
1059 968
1218 969
1323 968
1350 969
346 978
853 980
1589 971
1692 970
1697 971
1716 977
1739 970
410 972
615 972
748 972
1198 972
1573 978
120 975
178 975
547 975
618 975
677 975
769 974
840 974
873 979
1494 977
1742 974
1803 975
422 977
568 977
607 977
814 976
1187 977
1196 976
312 978
580 980
755 983
887 979
1088 979
84 981
110 980
277 984
324 980
472 980
549 981
671 981
950 981
1060 981
1072 993
726 983
825 982
929 982
1042 982
1469 1012
1608 982
1664 982
1679 983
1782 984
150 985
292 985
617 994
657 988
715 984
730 985
899 1027
1770 985
29 987
105 986
118 987
341 986
544 987
683 987
750 988
961 987
1019 986
1539 987
1621 988
208 989
407 988
484 988
521 990
716 988
768 989
927 988
166 990
1521 993
71 993
198 993
469 1000
648 1003
654 992
671 995
696 1013
898 992
1369 996
306 995
439 994
535 994
561 994
581 995
601 994
812 995
1047 994
1642 995
302 996
566 996
769 997
1021 999
1538 1003
285 999
404 998
586 999
792 1002
881 999
975 998
1106 999
369 1012
418 1003
444 1001
502 1001
537 1000
761 1001
836 1000
946 1000
1177 1000
483 1003
526 1003
1041 1003
281 1005
549 1005
575 1004
630 1020
819 1004
930 1004
1169 1005
1181 1011
1260 1010
560 1006
754 1006
833 1006
969 1006
318 1009
340 1010
405 1009
585 1011
729 1008
734 1009
1055 1009
451 1011
514 1010
1493 1011
62 1013
275 1017
497 1012
721 1013
1213 1013
81 1014
435 1014
598 1014
836 1019
393 1018
522 1020
751 1048
934 1016
959 1030
112 1019
162 1019
427 1019
537 1018
1209 1021
123 1021
413 1021
440 1020
774 1022
261 1022
327 1028
424 1023
457 1023
605 1022
146 1024
200 1025
854 1024
1230 1025
404 1027
506 1026
517 1027
559 1026
825 1026
879 1026
1226 1026
1454 1051
12 1028
473 1028
674 1028
724 1028
776 1028
1205 1029
55 1030
100 1031
277 1031
363 1033
384 1033
557 1030
647 1031
850 1030
869 1030
51 1033
304 1033
502 1036
819 1033
286 1035
297 1035
462 1035
545 1035
730 1035
1182 1035
196 1041
218 1037
528 1042
605 1036
694 1054
841 1036
1243 1037
1448 1037
1629 1039
125 1039
238 1044
351 1046
404 1038
417 1038
1220 1054
1411 1042
1833 1039
16 1041
75 1041
169 1040
449 1041
579 1041
27 1042
33 1043
80 1042
394 1042
644 1045
663 1043
838 1042
1826 1043
3 1044
378 1045
432 1045
456 1044
630 1044
674 1048
828 1045
1236 1044
1622 1044
8 1047
19 1050
115 1048
257 1046
461 1047
714 1047
721 1046
1181 1048
229 1049
587 1052
809 1055
859 1048
1711 1049
69 1050
853 1050
1250 1051
1603 1050
1614 1051
129 1053
608 1052
650 1053
896 1054
1065 1052
1186 1052
152 1054
225 1054
417 1055
493 1054
652 1055
1266 1055
26 1057
553 1057
640 1057
714 1057
825 1057
265 1061
373 1063
562 1059
874 1058
0 1060
489 1064
505 1060
522 1061
623 1060
842 1061
1583 1061
1764 1062
653 1062
668 1062
1371 1070
1413 1062
274 1064
444 1066
540 1064
602 1067
1594 1065
1771 1065
40 1066
85 1067
102 1066
239 1067
528 1070
568 1071
837 1067
865 1067
949 1070
26 1072
49 1069
109 1069
126 1069
283 1069
462 1068
588 1078
649 1069
855 1070
970 1069
1046 1105
1094 1069
1212 1068
1355 1068
1646 1071
1733 1068
1738 1070
192 1071
308 1071
362 1070
545 1070
555 1073
633 1072
741 1071
877 1070
869 1094
1432 1082
1476 1071
439 1073
450 1073
608 1073
923 1076
1466 1072
702 1088
715 1074
817 1074
882 1075
937 1075
163 1076
232 1077
434 1077
968 1089
1001 1076
1649 1077
53 1079
87 1078
446 1079
463 1079
514 1082
614 1078
654 1078
930 1089
1377 1079
62 1081
184 1081
187 1080
553 1081
738 1081
831 1081
865 1081
99 1083
252 1082
336 1082
418 1090
500 1083
550 1082
663 1087
839 1083
107 1085
154 1085
270 1090
404 1084
475 1084
626 1088
732 1087
845 1085
996 1086
1570 1085
21 1086
37 1087
317 1089
5 1090
1730 1090
142 1094
163 1092
295 1093
453 1092
569 1101
640 1101
756 1092
790 1093
170 1095
188 1095
741 1095
946 1095
1443 1094
1704 1096
8 1096
180 1097
351 1097
367 1096
459 1097
607 1096
988 1098
297 1098
365 1098
428 1099
581 1099
1415 1099
28 1101
90 1102
217 1105
343 1101
485 1101
505 1100
720 1102
1004 1100
106 1102
621 1105
292 1105
302 1104
421 1111
694 1104
1738 1104
1834 1104
30 1106
99 1107
360 1106
387 1107
951 1133
979 1114
512 1111
684 1109
129 1111
289 1111
318 1110
353 1113
368 1110
545 1111
653 1111
677 1111
748 1110
885 1111
931 1111
51 1115
58 1112
223 1113
390 1113
396 1116
476 1114
547 1112
561 1113
598 1112
626 1119
665 1126
785 1116
309 1118
337 1114
411 1115
428 1115
616 1116
803 1115
837 1115
911 1114
78 1116
153 1116
492 1116
522 1118
604 1117
727 1116
899 1116
159 1119
565 1124
724 1118
840 1125
872 1119
66 1121
101 1123
278 1121
684 1121
814 1120
920 1137
351 1123
448 1122
506 1122
633 1122
637 1123
799 1123
887 1134
1006 1125
1625 1122
130 1125
401 1129
457 1131
487 1130
535 1127
542 1124
707 1126
345 1127
720 1127
424 1136
473 1129
605 1130
793 1128
817 1137
261 1131
335 1132
642 1130
699 1131
714 1131
850 1130
1285 1131
173 1132
203 1133
551 1132
692 1135
748 1148
1072 1133
1201 1174
150 1134
376 1135
566 1135
1058 1134
234 1140
611 1137
639 1137
657 1137
859 1143
205 1138
315 1139
106 1140
246 1141
355 1140
584 1140
601 1144
132 1148
365 1143
564 1142
586 1143
797 1142
973 1176
1009 1142
1065 1143
1078 1143
8 1145
27 1144
154 1146
239 1145
257 1144
442 1146
683 1146
724 1144
786 1145
200 1147
490 1147
807 1147
1067 1147
1217 1146
1 1152
14 1149
49 1148
216 1148
321 1150
392 1149
427 1149
459 1150
475 1148
652 1151
841 1154
907 1168
1050 1152
23 1151
71 1150
252 1151
293 1150
379 1150
412 1159
445 1150
669 1151
817 1152
338 1152
450 1152
561 1153
702 1158
166 1165
243 1154
554 1154
725 1163
1075 1157
1615 1156
93 1157
145 1157
192 1157
227 1157
262 1163
504 1157
526 1158
656 1158
831 1170
877 1156
926 1158
1060 1157
1170 1157
5 1158
294 1159
327 1159
334 1158
465 1165
856 1158
1091 1162
1837 1159
179 1161
311 1160
361 1161
433 1161
635 1163
680 1164
1044 1176
1626 1164
573 1162
942 1162
62 1164
73 1165
148 1165
347 1165
533 1165
803 1164
947 1165
554 1166
598 1168
613 1167
652 1166
691 1181
774 1166
856 1170
953 1166
2 1168
427 1172
454 1168
509 1169
1057 1174
1190 1169
1631 1169
9 1183
20 1171
82 1172
108 1171
193 1173
206 1170
310 1171
387 1179
673 1171
745 1171
817 1172
1477 1171
29 1172
59 1173
314 1173
403 1173
484 1177
619 1173
645 1174
942 1173
1756 1174
356 1174
656 1175
804 1175
1075 1177
1737 1175
232 1176
430 1176
441 1180
537 1178
667 1177
851 1177
1751 1177
186 1179
260 1179
374 1184
518 1179
558 1179
789 1178
203 1180
417 1182
513 1185
615 1181
1838 1181
20 1183
145 1183
349 1186
554 1187
725 1184
874 1199
953 1182
1014 1187
155 1185
253 1185
429 1185
495 1184
672 1186
836 1185
872 1185
59 1191
90 1187
294 1186
470 1187
933 1186
955 1187
1253 1207
44 1188
74 1194
585 1191
635 1189
653 1189
740 1189
985 1189
1256 1188
28 1200
445 1191
622 1195
788 1191
1233 1191
119 1197
277 1192
479 1192
522 1193
549 1193
666 1193
850 1193
916 1192
1050 1192
1053 1195
46 1194
279 1195
376 1194
856 1194
1129 1195
1745 1194
239 1196
429 1197
452 1196
562 1196
929 1196
940 1197
1083 1197
269 1198
341 1198
467 1198
681 1199
691 1199
736 1199
768 1199
825 1199
1072 1198
1132 1199
1151 1207
1221 1199
17 1201
188 1201
314 1206
368 1202
410 1207
447 1201
535 1200
715 1201
949 1207
1838 1200
138 1204
212 1202
276 1203
393 1202
566 1219
827 1204
842 1203
1058 1202
1067 1203
1087 1203
1214 1206
182 1205
375 1204
544 1204
711 1205
810 1205
900 1204
1627 1205
1828 1211
163 1207
254 1206
331 1212
478 1207
489 1211
555 1207
595 1207
633 1207
701 1210
722 1206
776 1207
1082 1207
1126 1207
99 1208
170 1216
282 1218
470 1215
909 1208
1054 1209
17 1214
115 1210
266 1210
348 1211
554 1210
581 1211
601 1220
675 1210
814 1211
832 1211
929 1213
450 1212
629 1221
673 1212
735 1213
800 1213
1655 1213
160 1215
195 1217
229 1220
262 1215
389 1215
523 1215
647 1215
1120 1215
1178 1214
1635 1214
1810 1217
120 1222
210 1216
693 1219
716 1216
858 1219
1057 1216
1650 1220
417 1218
517 1219
538 1219
552 1218
1046 1219
1104 1219
1181 1222
1627 1223
256 1222
794 1220
806 1220
835 1224
900 1221
1077 1220
1197 1221
1208 1221
78 1224
133 1224
386 1222
431 1224
822 1222
882 1222
979 1225
1084 1225
1218 1225
1276 1222
1376 1225
1756 1225
1800 1225
6 1226
100 1226
352 1226
400 1226
444 1225
499 1226
687 1225
706 1225
912 1226
1125 1225
161 1227
320 1226
795 1227
894 1227
964 1226
1055 1227
1067 1227
