903 615
256 52
330 3
362 13
516 13
575 0
751 8
810 7
1022 0
1172 34
1229 8
1294 8
1447 0
1503 5
1408 10
1359 13
1037 23
332 25
701 32
291 31
873 43
1411 31
1685 37
1471 40
177 52
440 44
555 42
527 63
1430 50
977 52
1538 51
1484 88
1471 55
1559 61
923 76
1457 68
1113 68
621 76
1088 68
1375 74
1427 74
1313 72
778 102
1033 81
459 89
1335 84
529 87
1175 88
511 96
1211 110
527 91
1012 97
1401 98
398 99
615 105
1343 109
1662 96
45 114
1682 108
1318 109
320 117
713 125
423 115
926 121
557 132
495 135
1295 138
1250 136
736 152
1510 131
896 137
73 151
400 156
344 142
217 145
1140 173
1476 146
1509 149
457 155
1056 152
1355 154
492 157
692 158
1530 162
422 157
118 166
1609 191
1391 163
269 165
1218 182
1269 197
982 172
1020 168
1253 174
7 177
1501 178
339 182
1315 182
1402 182
224 179
533 180
1028 178
866 192
1073 187
1460 195
979 198
1801 193
1412 207
635 200
580 207
1363 206
1017 205
944 207
898 210
1463 233
438 209
741 226
496 212
611 219
1043 220
780 227
506 227
1352 224
1835 245
818 233
340 245
722 239
547 246
1350 243
1378 241
43 251
1090 250
1163 253
720 248
1016 252
1222 250
474 257
639 257
792 251
1265 254
375 266
443 263
826 254
1154 291
1337 283
1421 261
940 261
1094 264
1116 263
1479 262
656 264
740 265
1448 269
525 278
628 270
674 280
792 282
916 270
251 279
942 275
618 277
1404 280
1254 287
312 284
829 280
984 293
1062 283
929 283
186 293
1112 299
237 303
899 291
631 292
1303 301
1517 326
553 309
626 296
1081 315
304 304
1019 298
1041 300
487 302
795 302
849 307
925 305
1442 304
456 306
1358 306
1039 306
913 311
957 316
1414 322
1128 329
463 324
706 326
328 324
806 325
606 323
1381 326
1804 325
948 327
1057 330
1257 337
1353 336
289 332
1024 335
568 350
903 334
408 341
673 342
987 342
1191 359
336 344
850 341
1242 343
658 343
1435 346
813 347
884 347
974 347
1310 349
538 349
889 348
1105 352
1421 349
1822 361
799 353
844 352
1076 360
1364 363
95 365
1292 355
1102 393
1223 365
1487 361
978 367
1013 366
1296 389
172 364
473 365
707 369
830 365
412 369
477 375
583 366
773 378
1397 377
633 369
948 368
852 370
915 370
344 385
758 374
954 375
1473 386
454 383
750 376
1054 382
1445 378
357 379
940 385
920 385
1339 383
261 389
660 389
705 385
900 384
1826 403
893 386
904 387
1080 392
1129 394
1000 394
1206 394
1710 407
710 398
755 398
952 402
1134 398
1252 399
1417 398
1430 399
1432 398
761 401
877 400
1181 404
713 402
883 403
1050 405
1585 413
232 405
854 405
1318 409
814 408
1242 408
556 440
755 410
964 412
1027 424
1193 413
1250 413
1420 413
692 417
836 415
838 414
968 414
506 421
659 429
724 417
1203 418
1288 419
1423 416
864 418
464 428
787 420
1084 434
1247 421
1360 423
1747 431
785 423
1049 426
870 424
1292 425
1462 462
753 427
982 427
1226 431
1298 430
434 438
811 430
1278 432
828 440
855 433
902 433
1060 433
944 438
1177 434
1601 448
847 436
1041 441
1408 440
1629 440
1838 440
293 444
514 447
816 443
951 446
975 446
1327 443
1249 446
486 446
1056 446
1067 447
1193 454
907 450
935 452
1360 449
620 451
790 450
845 451
920 451
1393 452
1658 461
83 466
688 464
1374 457
117 454
1101 455
1160 455
328 460
361 459
1314 462
1049 459
1408 458
286 461
1795 464
257 468
1338 466
1211 468
1043 467
1175 472
1266 494
304 469
433 468
1138 468
1141 469
1407 471
450 480
1051 479
1372 487
574 477
856 473
952 472
1308 475
716 488
1163 476
1739 484
283 478
500 481
540 487
1152 480
213 482
1126 483
956 484
1345 486
610 486
1064 491
1200 494
1230 486
1771 502
1327 490
1563 489
284 494
939 493
1389 491
59 492
835 497
1392 493
560 494
853 494
1142 494
1227 494
1404 501
1824 495
1034 500
567 504
799 499
124 506
663 500
1058 507
1525 500
524 503
1384 507
86 507
185 507
224 506
307 507
354 509
860 506
1342 508
1557 506
691 509
938 508
833 511
1010 514
1235 510
519 514
943 512
1185 513
1090 517
1209 523
60 522
439 527
937 526
780 524
852 524
1017 527
1310 524
1306 553
271 527
368 526
690 537
1059 531
1186 529
1398 528
543 552
636 536
0 531
72 535
154 530
372 530
714 536
742 536
881 533
1349 532
508 537
1213 535
1667 545
179 537
1132 554
1266 541
274 539
890 539
40 540
465 541
944 549
1243 540
229 543
375 546
625 544
663 546
36 544
1015 545
517 552
1046 598
262 548
308 549
758 552
1365 553
1463 549
153 559
304 553
628 553
1074 553
115 555
727 554
1068 567
337 557
460 557
563 557
18 559
84 559
289 558
1211 574
1353 560
661 567
879 562
698 566
346 568
764 565
1237 566
407 566
417 569
838 569
929 571
1261 570
1539 572
1717 568
280 570
865 571
1337 571
1357 570
396 572
721 573
954 576
1818 591
421 575
472 579
802 579
1247 574
1642 575
300 577
367 584
570 586
212 578
402 578
199 581
318 580
709 581
970 584
1617 580
152 586
1364 586
928 590
1121 585
994 596
1133 586
1185 586
1239 588
1327 587
1635 587
113 590
729 589
160 591
953 592
1261 590
1758 592
778 593
648 594
694 595
248 596
518 596
539 597
738 596
874 596
947 603
1108 604
1542 613
530 599
1277 599
1473 599
26 600
976 604
1391 600
421 608
1175 602
1243 613
155 604
331 605
1223 606
1624 622
345 609
857 606
536 611
1331 608
1467 608
1744 615
23 611
307 611
653 610
672 614
972 610
1165 610
1307 612
123 613
360 612
899 615
1270 613
1318 612
1373 658
1423 612
212 614
513 614
956 616
1175 626
1199 618
1500 617
291 620
726 620
973 619
1267 619
1310 620
1731 618
1757 618
320 623
489 620
1017 623
1733 621
1259 623
1505 642
1334 624
847 626
1090 627
496 628
647 629
701 632
777 633
904 640
956 639
1118 630
1436 628
499 630
1003 639
1022 632
1155 631
1293 633
303 632
416 635
631 637
742 632
1211 637
1258 633
7 636
151 646
187 643
347 635
685 635
1099 635
1120 664
267 639
553 639
1239 640
1680 639
691 644
1682 640
67 643
372 642
375 643
705 643
1133 645
411 645
530 647
987 645
254 647
446 646
559 646
603 646
669 659
877 656
1400 647
1658 657
8 648
427 648
939 649
1163 648
1407 649
1285 663
735 652
1073 664
1177 652
441 654
1316 667
990 657
112 664
172 659
174 658
306 661
728 658
837 659
450 662
527 667
1034 663
1202 668
1776 688
223 662
426 663
716 663
807 663
1755 665
479 667
912 667
1601 678
238 669
1010 670
374 673
728 670
866 683
1562 677
637 672
647 674
940 673
284 674
765 679
1017 676
1221 675
1721 675
459 677
700 676
1644 683
901 684
1232 682
236 681
408 680
1183 680
1210 680
1498 680
744 682
978 686
1342 682
176 684
619 685
1248 691
458 689
706 687
834 688
1030 691
1171 695
1484 686
345 689
427 688
540 689
569 688
1697 689
1806 690
45 690
485 690
100 693
119 696
519 694
545 695
712 695
885 695
1288 697
1343 695
493 709
1519 697
259 702
1440 698
1568 705
1620 731
980 713
1197 700
1487 700
1714 720
406 704
465 702
562 703
1232 703
105 704
302 710
338 705
377 705
1219 710
454 706
629 706
778 708
543 711
622 713
1186 709
455 711
1205 710
1241 726
141 714
384 712
787 713
853 713
665 716
1150 714
1406 714
564 723
77 718
339 718
649 727
1348 718
237 725
264 720
366 720
406 725
804 720
109 729
1030 869
1017 727
1760 723
66 725
711 727
912 725
1161 725
1196 725
1664 725
1038 731
1107 729
1274 728
1290 727
320 728
426 729
871 728
1151 728
14 730
21 731
522 734
849 731
1667 730
492 732
774 734
822 733
955 734
1205 733
684 744
559 737
656 739
1257 739
1346 737
1363 736
37 738
86 738
1114 738
1116 739
1171 739
638 741
1190 740
1570 740
152 742
357 743
415 742
1155 745
1574 743
849 745
942 745
1695 746
1763 746
171 747
565 749
1246 748
287 750
320 750
733 749
1118 751
1534 751
360 750
651 755
1073 752
1186 757
1819 751
499 754
584 759
1221 753
1249 752
1304 753
378 754
1140 766
1173 754
1435 755
1667 758
294 758
504 757
668 756
961 759
1571 769
625 759
768 758
511 768
529 761
617 760
628 760
712 761
1285 763
1373 762
639 766
1162 777
1679 765
695 772
1083 770
1393 770
561 773
281 771
361 778
393 771
634 771
956 771
251 774
595 772
655 772
1275 773
1292 776
1327 772
1703 790
438 774
969 775
1264 774
1397 775
1497 776
219 780
457 777
1060 781
1102 780
1177 778
1256 776
1368 777
401 781
1024 787
487 783
1272 782
91 788
806 785
272 790
338 792
1429 787
1452 787
1637 802
152 795
505 792
528 789
545 796
645 790
387 794
425 794
591 792
959 798
1154 792
1557 793
1586 792
1822 792
1119 796
1257 798
1295 795
1599 795
1792 794
452 800
1369 797
513 798
598 803
1460 798
1806 810
132 801
364 801
663 807
754 800
1284 801
1342 801
1675 800
685 818
1382 802
519 804
1377 806
1473 805
1509 805
1827 805
921 808
1243 807
1309 807
1359 807
174 810
998 812
1442 809
1825 808
432 810
618 815
1465 811
1478 810
1786 810
406 814
1234 812
425 814
667 815
1063 815
1133 814
1410 814
7 817
110 819
488 820
533 817
581 817
1476 817
1668 816
401 818
176 820
967 821
1127 830
1395 820
69 823
99 823
388 823
644 823
1388 823
1433 824
1505 822
1580 823
1728 822
517 824
1404 825
451 829
728 826
1080 831
1622 849
72 828
1496 835
1544 829
1791 828
532 830
1288 831
368 833
493 835
535 833
614 840
1447 833
1546 835
180 834
1098 834
1598 834
1612 835
408 837
656 836
1255 844
1468 837
287 840
479 847
1329 838
1403 838
236 841
500 841
640 843
763 840
1302 841
89 844
125 842
314 844
503 844
1279 843
1399 843
1577 842
215 850
459 845
994 854
1245 844
947 848
962 847
1282 847
85 849
341 848
1752 872
306 851
426 852
627 851
1710 851
175 852
351 852
400 852
528 853
717 852
1053 852
1076 853
105 854
652 855
1675 854
1284 856
1347 856
1452 856
1818 857
99 859
467 858
1346 859
1433 862
1465 858
1830 869
839 861
1102 863
1402 860
1649 861
147 862
334 862
488 862
612 862
1233 863
1380 865
321 866
365 864
406 865
1057 865
1235 864
1519 877
376 866
687 867
734 867
1269 868
162 874
372 868
809 869
842 869
304 871
351 871
574 875
724 870
1267 871
1352 873
1477 871
1593 871
202 874
1091 875
1481 873
48 878
547 881
1227 881
1349 877
1455 876
819 879
1382 879
1420 879
327 880
381 881
832 881
1054 882
1484 881
1705 881
1785 881
306 883
1261 882
1489 882
250 884
506 885
761 886
1244 886
1413 884
1623 885
186 886
202 887
490 887
518 888
695 888
1332 886
1433 886
1552 887
1657 886
1715 888
1808 886
537 890
1047 890
1384 889
455 891
1386 891
1459 891
1585 890
1590 891
1598 890
1608 891
765 893
1362 901
1612 892
1690 900
1749 893
1330 895
1439 900
298 896
462 896
708 897
1310 898
1541 897
1622 898
398 898
817 898
1324 898
904 903
1400 900
293 903
606 903
1234 902
1391 902
1759 902
680 905
1282 905
1505 904
1583 905
1628 906
457 906
491 908
561 910
806 907
1251 927
1279 907
1585 907
542 914
589 912
699 910
1293 909
1473 909
1477 910
1667 911
1732 910
157 913
783 913
152 914
820 914
829 915
1194 914
1344 915
631 917
1648 917
1338 919
1562 919
1767 919
1306 921
1335 921
1402 921
1465 920
1594 930
1651 953
1770 921
390 922
446 923
498 924
1365 922
1370 924
1502 923
443 924
517 931
969 930
426 929
544 933
867 927
1298 928
1452 927
1678 927
163 930
201 930
271 928
1190 931
1376 928
1403 934
1437 929
1838 930
368 930
649 930
748 932
874 931
1321 931
1352 930
1500 942
286 933
370 932
476 933
504 933
605 939
882 935
1225 935
230 936
642 936
1760 951
678 938
807 939
839 938
949 938
1374 938
1432 947
1450 939
1732 938
478 941
494 940
561 944
784 943
1671 943
346 946
400 944
879 945
95 946
456 946
643 947
1536 952
1588 946
108 949
419 948
471 948
752 949
1418 949
547 951
954 951
1006 957
1555 951
102 953
260 954
415 952
674 953
967 954
1413 952
1707 952
135 957
207 957
232 956
291 956
306 954
611 955
1310 975
1597 955
528 959
711 956
1233 956
1256 956
1352 956
1453 965
1820 957
887 961
1214 974
1399 959
1518 958
264 961
627 960
744 962
1189 962
1263 961
1424 964
1617 961
363 962
424 963
620 964
942 963
293 964
305 964
1231 966
1787 965
84 967
172 967
418 967
479 966
679 969
304 969
359 969
474 968
829 969
1266 968
1489 990
519 970
864 971
947 971
1046 970
1611 971
176 972
275 973
817 973
870 977
911 979
1371 972
930 975
1383 982
1566 975
211 977
257 976
286 976
668 983
1075 979
1361 979
1712 995
542 1002
975 981
1056 981
1584 980
198 983
201 982
274 982
1028 989
1516 982
1648 983
294 985
643 986
957 984
1169 985
1572 986
459 987
1143 987
299 989
441 989
472 991
605 990
747 990
1067 990
1115 1004
706 991
1168 991
1746 991
303 992
323 993
560 996
836 992
1265 992
598 994
883 997
940 994
1016 996
329 1002
391 997
739 998
1076 996
1431 997
695 999
828 1000
939 999
1196 998
1198 999
1241 999
44 1000
147 1002
517 1006
903 1001
1141 1000
1182 1000
1272 1000
1337 1001
1517 1001
496 1002
597 1002
857 1003
1810 1003
115 1004
174 1006
593 1004
841 1004
637 1006
665 1016
1048 1007
1518 1007
1805 1006
77 1009
158 1008
161 1009
430 1009
954 1008
1399 1019
1556 1022
308 1011
338 1011
1083 1014
1140 1011
1168 1011
1220 1012
1578 1010
324 1013
685 1012
761 1013
1420 1015
1632 1013
515 1015
641 1019
1195 1016
1576 1014
1831 1015
1263 1017
1355 1017
1767 1034
354 1018
364 1018
748 1020
1030 1021
1253 1021
1499 1019
440 1020
1060 1025
1123 1021
1176 1021
1614 1021
881 1022
883 1023
1428 1023
170 1024
402 1024
1108 1024
1329 1026
1378 1024
1435 1025
1728 1025
249 1027
478 1026
604 1026
1116 1027
1444 1026
1458 1032
644 1028
615 1032
790 1030
1092 1030
1264 1031
1730 1030
563 1033
1152 1032
298 1035
691 1035
965 1035
1182 1035
1212 1034
1301 1035
1511 1035
1605 1035
1667 1035
547 1037
581 1044
806 1037
959 1041
1128 1043
1223 1037
1364 1059
551 1041
1116 1038
1234 1038
1266 1039
1277 1038
1323 1038
1440 1039
1500 1039
1707 1039
245 1041
428 1040
394 1043
710 1042
804 1042
1164 1043
1442 1042
1446 1044
465 1045
792 1044
823 1044
860 1045
887 1044
1047 1047
1258 1047
126 1049
234 1047
607 1046
1425 1046
260 1048
750 1052
775 1049
943 1054
973 1049
1521 1049
1567 1049
626 1053
657 1051
989 1050
1332 1050
1538 1051
533 1061
911 1053
1103 1052
1256 1052
1479 1063
132 1055
1065 1056
1094 1054
1127 1055
1176 1055
1540 1055
1580 1055
638 1056
740 1058
769 1058
809 1057
1018 1059
1083 1057
1156 1059
1513 1056
1718 1059
598 1060
857 1060
1598 1084
1834 1058
104 1060
107 1061
318 1061
363 1060
482 1061
569 1070
1665 1060
1815 1060
143 1064
264 1062
694 1062
887 1062
1530 1062
1694 1063
1332 1064
1698 1067
131 1066
1268 1066
848 1069
968 1068
1323 1074
1421 1069
1526 1068
515 1079
296 1074
778 1076
1180 1072
0 1075
435 1074
1099 1075
1122 1076
1460 1081
1503 1076
1721 1074
37 1076
818 1076
922 1086
731 1078
995 1078
1028 1079
1075 1080
1172 1079
1717 1079
1325 1080
239 1082
552 1083
615 1083
1408 1083
1643 1086
1822 1083
149 1085
584 1085
626 1096
1092 1085
1689 1085
193 1087
654 1091
1479 1096
14 1088
879 1089
995 1089
1248 1088
1315 1088
277 1092
944 1091
996 1091
1095 1090
1122 1091
1173 1091
1404 1098
1434 1090
1709 1091
600 1092
797 1093
1016 1092
1193 1092
1436 1092
1556 1092
22 1094
563 1094
641 1095
1124 1096
1317 1094
170 1099
1165 1097
1507 1096
143 1099
516 1101
722 1101
1086 1099
1101 1099
401 1100
575 1100
1336 1101
751 1103
890 1104
1566 1103
1733 1104
220 1105
328 1104
364 1104
1081 1107
1345 1109
591 1111
705 1110
856 1113
1308 1108
524 1110
1086 1113
1099 1110
1532 1111
575 1112
796 1113
372 1114
496 1116
532 1116
549 1118
566 1114
1408 1114
1571 1115
1694 1114
622 1117
772 1118
785 1120
991 1119
1352 1117
113 1119
919 1124
966 1121
1096 1118
1196 1118
1651 1118
262 1121
487 1120
687 1121
720 1121
821 1121
870 1121
1179 1120
1232 1120
1455 1120
1638 1121
172 1123
362 1122
483 1122
589 1123
1549 1134
1663 1123
90 1125
711 1125
740 1124
1256 1124
1427 1125
171 1127
363 1126
516 1126
1134 1128
1400 1132
610 1134
932 1128
1229 1128
1716 1136
276 1131
1106 1131
249 1132
317 1133
319 1132
530 1132
737 1133
1378 1136
1631 1134
139 1134
145 1135
168 1135
316 1135
669 1134
865 1135
1100 1134
1586 1148
1605 1137
441 1139
596 1139
629 1140
720 1138
986 1142
1255 1139
336 1141
512 1144
1440 1141
405 1142
446 1144
801 1142
1143 1143
1229 1142
534 1144
640 1147
699 1148
790 1148
1002 1147
1232 1147
1495 1150
895 1153
1094 1152
187 1152
488 1153
1126 1152
1336 1158
1446 1153
1507 1154
1821 1154
580 1156
794 1157
944 1156
94 1160
651 1159
1420 1169
500 1160
586 1161
1263 1161
1715 1168
799 1163
1129 1163
1399 1163
158 1165
1272 1165
1360 1164
184 1167
492 1170
1186 1167
1788 1174
431 1168
562 1168
712 1168
1102 1169
1347 1170
1752 1170
168 1172
170 1173
1015 1173
255 1176
1532 1174
1340 1176
1745 1178
876 1183
1067 1179
1313 1179
1455 1179
222 1180
808 1182
1522 1181
429 1183
1033 1183
1382 1184
1072 1185
1202 1185
402 1186
564 1189
667 1201
941 1187
1264 1191
1699 1188
943 1191
1421 1193
1642 1196
1741 1191
1359 1190
1558 1205
439 1194
1087 1193
1467 1192
1652 1192
1771 1203
251 1195
694 1195
869 1194
1366 1195
1470 1195
449 1197
603 1197
1352 1197
185 1198
215 1199
415 1200
487 1199
1386 1201
1684 1198
90 1200
576 1200
350 1205
1227 1205
423 1207
588 1207
687 1207
1228 1207
406 1211
570 1208
1317 1213
1361 1211
1410 1211
1622 1210
802 1213
818 1213
564 1217
1323 1218
1380 1220
1760 1216
1244 1223
1493 1220
107 1225
1348 1225
198 1226
412 1225
581 1226
642 1225
868 1225
1686 1225
1768 1226
766 1226
949 1226
1411 1227
1427 1226
1708 1226
