0 0 1840 1228 2191748
525 0 6 8 39
603 0 6 19 94
810 0 15 15 78
1115 0 3 4 9
464 5 8 10 57
928 7 20 53 350
1222 7 7 8 43
770 8 8 11 74
968 8 21 12 133
875 11 8 13 74
1037 13 3 7 18
1076 16 8 13 77
1265 16 9 17 126
846 19 13 13 70
1203 20 21 15 183
206 24 10 21 137
582 25 5 7 23
1120 27 4 9 25
776 29 4 4 11
757 30 10 25 132
881 31 8 27 124
995 30 3 7 15
796 32 5 7 25
1370 35 13 24 217
1216 38 22 23 239
1113 42 7 8 42
983 44 13 40 334
1077 44 3 9 24
456 46 3 4 7
612 50 18 22 136
605 55 3 4 8
466 57 6 9 41
513 57 6 9 39
1068 57 6 16 91
1192 57 8 23 122
1169 59 7 9 52
824 60 4 9 32
938 61 4 8 28
869 63 3 4 9
863 67 66 57 712
1158 71 4 15 43
1392 70 9 10 60
748 73 10 16 93
1061 74 4 6 20
1251 75 10 19 146
504 76 5 5 14
873 77 6 3 10
965 76 5 5 20
1045 76 3 4 9
440 79 7 8 43
720 79 9 12 49
312 81 5 4 15
677 83 8 16 83
1052 82 3 4 11
962 93 5 6 23
1163 95 21 20 195
1212 97 9 16 108
1068 98 4 6 19
631 100 6 11 42
981 102 3 8 10
716 105 29 22 239
1111 105 17 21 154
581 107 5 7 28
822 108 35 26 297
941 108 2 5 6
453 111 3 4 6
484 113 7 10 53
1093 112 9 24 129
803 123 11 14 67
942 122 32 42 419
1034 124 5 14 44
1143 127 11 23 184
1357 128 11 22 151
917 130 18 24 183
867 133 20 17 163
1103 134 24 48 439
733 136 8 7 18
828 146 29 54 367
1040 146 9 8 28
1173 146 15 12 76
1379 147 5 12 38
295 149 7 6 32
554 151 11 10 82
1028 152 7 1 7
222 154 12 10 87
1020 155 6 11 31
782 156 13 29 130
856 156 115 56 1762
695 159 38 63 551
821 159 4 8 32
1138 163 4 9 28
1057 169 5 6 22
373 173 6 7 36
599 172 13 13 64
1187 172 9 13 76
1005 175 9 9 28
522 177 28 19 124
692 177 12 10 45
884 177 4 5 16
983 176 14 15 50
1026 179 5 3 7
324 184 6 8 37
645 185 13 7 25
969 185 9 5 13
1054 185 5 13 44
879 187 3 2 6
1359 186 22 8 82
453 189 7 22 76
498 189 5 8 36
1037 189 8 17 110
741 190 55 70 1531
1094 194 20 36 325
777 196 3 6 13
820 197 7 13 37
1219 197 9 13 86
358 199 6 6 22
584 199 4 8 26
1171 198 3 7 15
600 201 2 4 7
1139 201 8 12 69
149 207 5 4 12
1359 211 17 26 202
545 215 4 7 23
856 216 4 7 14
885 219 16 32 251
1179 218 6 9 40
603 224 34 26 248
1125 232 5 5 22
1077 236 22 40 459
1201 241 12 11 54
1135 242 9 16 118
475 244 6 7 30
1175 245 25 18 146
532 247 6 9 37
828 246 14 31 182
926 247 8 20 111
948 246 3 3 9
1351 247 5 4 11
730 253 15 25 145
884 252 10 20 72
1225 257 5 5 16
1160 258 7 11 54
524 262 4 4 9
1118 268 2 3 6
1039 270 2 5 9
839 276 3 3 8
882 278 14 10 48
1338 278 23 19 217
514 283 11 6 29
1186 283 7 14 81
1044 287 7 11 59
643 289 5 4 17
1153 293 2 8 11
1172 293 5 5 14
959 295 3 5 8
472 297 6 7 25
1262 299 9 14 94
735 303 18 44 293
849 303 8 13 35
974 302 2 5 10
1218 313 2 8 10
820 314 15 68 544
1063 318 6 3 17
1032 321 3 4 10
589 329 4 6 9
898 330 9 14 68
1176 337 10 20 122
773 338 4 8 29
1203 343 7 14 76
1116 344 19 18 210
1325 345 9 11 79
513 351 7 12 57
880 351 4 6 18
220 353 7 5 28
472 353 5 6 21
930 352 13 5 33
1381 353 9 13 86
707 356 7 11 60
989 357 8 21 142
1094 356 8 8 47
536 361 4 9 23
637 362 26 28 175
776 364 3 7 18
1326 366 4 4 16
266 368 5 5 13
1220 371 7 8 32
471 372 5 8 33
457 378 5 8 31
1047 379 26 32 259
952 382 8 13 81
1076 383 6 9 38
1111 383 18 25 278
602 384 4 9 33
897 385 2 10 11
811 386 6 9 49
625 393 5 5 15
1209 395 9 15 97
921 396 4 6 14
1089 397 9 23 113
578 400 3 3 7
881 400 20 40 299
927 402 8 11 62
821 406 24 52 463
973 408 13 11 67
869 411 3 8 18
910 411 14 19 118
186 412 6 4 22
600 412 4 5 16
644 415 4 4 7
847 415 9 1 9
1220 418 7 8 41
496 420 5 4 12
630 422 5 9 39
1064 426 2 3 6
1173 426 6 9 43
739 430 9 13 54
1349 430 15 37 191
1038 432 13 15 107
1132 436 5 8 20
879 439 58 63 720
1013 443 2 5 10
498 445 24 17 72
779 445 2 4 7
864 444 3 5 9
1155 445 5 5 19
1295 444 7 9 50
269 448 5 2 8
936 449 9 8 16
1016 449 8 7 26
1103 451 2 4 7
850 456 19 46 202
1064 456 14 11 99
1170 456 19 27 261
738 459 6 11 44
1028 458 2 5 9
576 461 2 10 12
640 460 13 14 66
1007 466 3 6 11
1149 466 5 3 8
1200 468 41 33 539
770 470 4 5 16
830 472 9 27 114
1337 476 8 12 78
325 478 5 5 19
473 478 4 4 14
518 479 6 10 36
499 485 4 3 9
594 484 4 4 16
1137 485 5 6 25
780 491 7 15 71
452 494 4 8 14
749 497 5 10 34
878 496 33 35 407
1003 499 5 6 15
92 500 4 2 7
1155 500 5 6 13
1043 505 21 10 70
929 507 4 6 15
503 509 4 4 10
770 508 7 8 27
844 509 14 20 125
788 513 4 10 13
573 515 2 7 8
1270 516 6 6 25
1307 519 7 8 37
738 521 4 25 42
597 525 4 3 8
507 526 7 1 7
665 529 7 3 16
1216 529 5 4 14
645 532 4 7 22
782 532 3 3 7
672 535 2 4 7
837 535 34 29 338
1190 535 6 10 52
386 537 2 3 6
530 537 13 5 36
903 537 10 15 88
1120 541 5 5 19
966 545 2 5 8
814 547 8 25 87
1050 547 13 26 134
576 548 8 9 37
732 549 4 12 26
977 551 3 3 9
1119 551 20 20 174
1233 552 7 11 47
1342 553 11 12 88
1320 557 7 7 33
507 560 4 3 9
609 561 6 9 29
678 564 3 4 8
803 565 2 3 6
1523 568 5 2 6
891 574 4 4 13
1133 575 8 16 98
1293 574 20 18 110
515 576 4 3 9
532 577 3 7 10
364 581 4 3 8
727 582 8 26 103
855 584 13 19 95
914 584 6 15 71
781 586 3 4 8
806 589 5 12 55
1114 588 11 43 239
1015 591 15 15 80
1149 594 5 7 22
931 597 6 2 12
765 603 5 7 24
823 605 15 18 119
1212 605 16 22 110
684 606 12 7 28
1012 606 5 7 22
1051 606 20 23 172
1172 606 6 8 31
1360 607 6 4 15
1276 608 6 8 36
504 612 3 5 11
849 613 5 8 31
574 614 7 3 11
638 614 3 5 12
932 614 18 18 68
794 617 5 10 24
881 617 5 6 21
914 616 6 9 19
1021 621 5 18 53
1084 627 20 12 111
834 628 10 29 79
581 630 7 15 33
814 631 5 5 12
1005 632 7 3 15
1174 633 9 20 142
866 634 4 7 22
1193 635 5 4 13
211 636 5 4 13
1250 636 8 19 99
706 639 6 9 46
932 639 12 17 68
1074 647 10 9 42
616 651 3 5 13
673 650 1 10 10
1158 651 4 4 9
1022 652 2 4 6
1120 653 7 10 50
1294 654 6 6 25
1095 656 5 6 16
645 663 4 2 6
735 662 9 6 26
339 664 5 6 18
853 666 16 15 101
819 668 3 13 18
920 668 36 26 425
1287 669 12 22 148
710 675 8 3 12
237 677 6 5 22
401 677 4 4 12
1165 678 20 26 214
649 682 10 10 29
871 682 16 18 145
838 690 11 36 156
339 692 2 10 11
1105 693 6 7 29
488 694 10 11 52
508 698 3 6 11
389 704 13 2 14
1046 704 14 16 96
365 707 3 3 7
377 707 4 3 9
880 709 5 10 21
1070 711 7 14 47
736 715 4 7 21
701 717 14 8 42
773 717 7 22 56
1139 717 4 4 13
380 719 9 3 18
443 718 7 4 18
1102 719 10 26 162
1276 724 5 5 18
589 726 14 1 14
1044 727 5 3 13
851 729 4 8 27
496 731 1 6 6
793 731 7 4 17
345 735 4 4 7
664 735 399 308 28506
1189 734 5 6 17
291 738 4 5 12
580 742 5 11 14
744 743 48 78 508
815 744 5 17 65
705 752 6 3 11
749 752 5 3 11
1131 752 6 15 69
1190 753 12 8 48
1171 765 6 9 41
821 767 2 7 12
713 769 7 3 20
586 772 7 4 17
632 772 4 4 9
1267 772 8 30 122
875 780 5 10 34
1074 780 4 7 23
1390 780 5 8 13
299 782 4 3 6
816 783 8 10 52
1175 785 5 5 20
511 787 22 21 142
997 788 5 10 39
744 791 4 12 16
1122 796 5 16 69
588 798 9 5 13
624 805 8 13 85
1089 804 15 12 72
1184 805 4 3 8
968 807 4 6 21
1149 809 7 19 89
771 810 14 21 113
799 814 17 52 254
858 815 4 7 16
832 817 8 6 26
1049 816 10 8 56
1127 816 9 9 62
552 818 3 3 9
916 821 3 5 10
1004 821 4 4 12
509 828 5 4 7
745 831 2 4 6
1117 831 9 9 68
673 832 4 4 12
981 834 4 4 15
1141 834 5 5 19
444 837 6 3 9
747 836 9 5 13
775 839 13 14 38
1093 838 10 27 90
629 840 3 3 8
844 841 3 6 14
1128 842 9 9 54
578 844 3 4 11
583 848 3 4 8
636 848 3 3 7
732 848 70 38 652
488 851 5 3 10
653 851 4 4 6
314 852 3 4 7
1243 853 4 4 15
425 855 4 3 6
514 855 3 12 25
526 855 3 6 15
670 857 3 4 7
1264 859 12 8 45
1114 863 5 5 17
583 867 4 3 9
231 869 4 3 6
1430 869 6 6 15
523 873 4 4 9
1084 874 5 8 25
551 876 10 3 13
439 878 5 4 10
1060 878 5 10 36
1109 887 8 20 89
539 890 6 4 14
591 890 6 2 8
1522 890 4 3 6
275 894 4 2 7
819 895 3 6 17
1261 897 7 8 29
1355 896 4 2 7
483 901 5 2 9
1058 902 15 11 69
1647 912 4 3 7
484 916 6 3 15
1152 919 5 11 28
436 923 3 3 6
1121 922 4 10 25
618 924 4 5 15
534 926 2 6 10
1074 926 4 7 23
647 940 4 8 11
1065 948 4 8 30
1119 948 3 3 7
1022 953 5 6 24
572 956 9 8 23
1030 959 2 5 9
1078 958 4 5 12
1290 962 5 3 9
501 966 7 13 53
448 969 5 8 19
1130 968 5 7 24
1223 974 9 18 77
307 981 13 19 114
523 981 5 3 7
526 993 4 3 10
1080 993 3 4 6
1017 997 12 16 98
1114 997 4 4 10
763 998 1 7 7
1173 1002 4 6 22
607 1004 5 6 17
367 1011 4 3 10
389 1011 7 5 26
1035 1017 5 6 22
887 1023 3 4 10
1123 1025 8 10 65
1064 1026 4 4 14
721 1028 8 1 8
818 1037 2 9 13
1001 1037 13 20 109
1126 1045 4 5 13
720 1046 3 3 7
765 1047 3 8 15
989 1046 3 12 28
1416 1046 5 5 15
732 1048 3 6 14
813 1051 2 11 16
1040 1052 4 8 28
384 1055 6 7 16
1028 1060 5 15 57
1198 1060 3 4 10
262 1064 10 13 83
803 1064 11 12 24
1050 1067 5 9 38
1216 1068 8 3 15
1166 1071 3 4 7
755 1074 2 4 6
828 1075 3 5 13
589 1076 7 20 69
1062 1076 4 7 23
457 1083 5 3 7
1002 1085 10 5 17
1078 1084 8 6 27
52 1088 12 10 26
1232 1093 3 2 6
1112 1097 3 6 16
1037 1102 2 7 10
1051 1102 14 11 78
821 1105 4 13 20
805 1115 13 16 39
996 1116 3 7 18
459 1118 4 3 9
510 1120 5 7 15
1067 1122 12 7 35
1092 1125 3 12 34
843 1128 2 4 8
677 1135 9 2 10
968 1139 5 3 9
1044 1139 2 6 7
462 1143 4 3 8
682 1145 5 3 8
957 1144 3 5 15
852 1148 3 12 32
557 1156 2 6 6
1081 1164 9 17 55
1036 1169 3 8 18
385 1170 10 8 43
567 1176 4 6 15
1796 1177 19 14 130
787 1180 3 3 7
1026 1180 7 13 52
1067 1181 8 15 67
981 1184 5 14 30
774 1186 3 3 8
1181 1188 3 7 14
605 1190 2 10 13
1131 1192 2 4 7
510 1194 10 3 22
1181 1211 9 3 21
290 1213 4 3 8
1024 1222 2 6 7
