0 0 1840 1228 2115181
645 0 16 21 270
876 0 12 10 97
1018 0 10 15 120
1109 0 36 57 553
1218 0 40 24 338
1321 0 36 18 206
1367 0 27 12 189
1406 0 12 17 149
1461 0 49 36 572
1693 0 37 46 1080
1099 6 8 15 88
1266 10 42 45 696
991 12 6 10 51
1281 13 4 6 21
820 18 8 14 95
1093 27 5 6 25
1736 28 37 21 453
1351 31 7 8 42
1180 34 3 4 11
274 36 34 26 543
1085 37 7 14 73
417 40 7 8 48
1246 41 4 6 23
1356 42 26 45 233
630 44 21 39 533
711 46 15 4 31
1250 49 5 8 35
740 53 11 16 131
964 52 9 15 96
1035 53 8 6 35
1185 56 5 9 35
1308 59 9 21 134
194 61 15 11 134
424 60 8 10 65
1011 61 4 6 16
1047 65 6 5 16
1092 66 7 12 61
1334 68 6 13 43
435 71 7 10 60
1286 70 4 4 12
451 72 22 24 366
926 72 8 13 75
1258 79 6 9 35
582 80 11 18 151
1136 80 15 22 242
1757 81 65 65 1802
557 84 12 20 195
1297 85 8 11 56
1180 89 5 8 25
1030 90 5 4 17
1664 92 6 3 14
1655 93 35 42 798
665 95 33 26 464
637 97 18 19 190
1311 97 9 15 57
1093 101 10 17 113
1330 100 5 6 24
1622 102 7 4 14
1712 103 20 9 88
923 104 8 14 88
1170 106 3 4 10
1617 107 4 2 6
374 113 40 42 1001
1114 113 7 11 53
1345 113 5 6 23
1070 115 11 18 140
1255 123 37 37 401
1631 123 6 1 6
496 125 7 9 49
914 124 38 72 614
1197 126 5 6 17
1435 127 11 16 110
983 129 11 10 62
1707 128 57 82 1712
1819 131 21 39 408
722 133 6 6 28
1050 132 8 15 87
1106 132 37 58 1151
445 134 7 8 45
1239 137 3 5 13
454 140 19 15 185
661 140 4 4 11
858 141 7 13 75
1391 141 10 12 96
609 142 12 21 169
1690 143 14 18 151
492 145 19 25 362
1020 145 4 7 26
545 148 8 7 41
1489 151 17 31 272
1027 155 4 7 26
1161 155 11 12 96
1215 155 5 8 31
882 159 8 11 80
1301 163 5 7 21
560 165 13 25 286
205 168 15 17 201
1036 168 5 9 36
1210 171 3 4 11
1259 170 4 3 11
1317 171 12 9 73
717 172 9 16 114
1006 173 14 24 242
1571 173 6 2 7
1750 173 45 33 443
440 175 4 2 6
661 174 11 16 141
1372 177 5 6 22
308 179 7 4 18
1289 178 6 9 38
1682 179 14 12 77
840 185 6 11 58
1258 184 5 6 25
1166 187 18 23 229
1035 188 11 12 87
1476 189 13 15 94
1279 193 4 6 18
1802 193 7 8 16
367 195 45 41 755
649 196 16 40 414
317 198 9 10 65
456 199 7 8 47
1210 199 3 5 12
1222 198 5 6 21
1589 198 52 35 775
1566 201 3 4 12
1317 203 7 8 49
974 211 10 12 98
1310 211 5 8 26
1501 210 55 34 883
927 215 5 11 47
1823 214 12 12 42
744 217 16 16 216
1712 217 17 13 142
450 219 11 13 115
1255 218 16 30 276
603 221 8 10 63
628 223 9 20 157
966 224 6 8 45
1754 225 27 21 271
1052 226 22 33 283
1155 227 13 18 158
1239 227 5 6 24
1332 229 12 22 127
1689 228 9 12 41
91 232 17 17 196
1143 232 54 91 1658
679 234 10 15 125
1733 236 3 6 8
949 239 6 10 52
1604 240 3 10 12
703 243 9 13 91
1537 242 114 75 2745
975 245 14 27 191
1244 246 4 5 13
1456 247 30 33 520
897 248 6 14 67
1541 248 17 9 37
1788 248 14 10 76
1710 251 2 3 6
1766 250 5 9 17
1683 253 8 8 28
1740 253 11 2 13
431 254 11 14 128
832 254 5 8 34
1094 254 29 47 794
1560 257 7 4 13
1266 258 6 9 49
1596 258 4 2 8
1343 260 4 5 15
301 262 12 16 150
559 263 7 5 26
1310 263 5 8 30
1657 262 12 8 22
675 264 22 24 360
1491 265 14 7 58
1674 264 56 57 1094
1788 265 46 56 731
1028 266 5 9 33
1136 266 3 5 10
1354 266 10 12 82
1742 267 33 17 228
1271 269 6 15 28
1245 271 4 4 10
268 273 14 20 243
1030 272 42 46 586
1212 275 9 11 70
491 277 14 27 240
941 277 18 22 153
1296 278 5 8 22
1320 281 27 28 485
607 283 8 12 73
625 282 9 25 183
1384 283 10 13 87
1230 284 9 14 106
433 286 27 22 232
778 287 11 4 21
1289 286 4 4 14
1622 287 38 61 704
1674 286 3 3 9
1281 292 3 3 6
675 297 10 14 100
1768 296 4 6 11
1794 296 9 7 32
652 298 13 19 176
1292 299 5 6 20
554 301 9 12 78
732 301 15 27 289
884 300 9 9 41
367 305 16 46 452
1744 305 5 2 10
317 307 30 51 730
843 306 9 10 38
1029 306 6 8 33
1151 308 12 11 66
1834 308 6 8 30
187 310 17 22 290
1733 311 63 38 909
870 313 11 9 43
1130 312 3 5 10
1208 312 5 9 36
1222 313 5 6 21
1740 312 4 2 7
932 314 14 15 94
960 314 37 32 447
1280 314 19 17 120
1369 314 9 12 72
1010 316 4 2 7
1056 319 4 6 22
1326 321 5 2 9
1331 321 30 24 366
753 323 4 2 8
1006 325 3 6 12
1675 327 21 27 281
1033 329 15 31 281
1819 328 9 9 24
1266 331 6 8 35
873 332 5 9 36
653 334 40 41 603
1111 335 15 23 268
1151 335 11 7 33
1253 335 3 5 11
937 338 13 4 17
1237 338 5 8 34
1086 340 14 24 243
886 344 13 8 44
932 349 6 10 23
1171 348 3 4 9
1246 348 5 7 26
945 351 4 3 10
1708 354 3 10 12
411 358 13 18 160
1154 359 3 5 11
999 362 3 5 15
1252 363 24 17 153
702 365 8 13 77
1302 364 11 13 92
771 367 6 8 26
891 369 29 35 434
1004 368 32 31 362
1130 369 15 16 95
1603 368 7 5 25
932 371 27 23 187
435 372 21 20 205
1285 372 5 6 18
633 377 11 15 120
1216 376 10 16 67
402 378 4 9 32
1581 379 7 6 35
1619 378 8 7 39
974 381 7 12 63
1529 380 3 2 6
1668 380 17 21 245
874 385 5 7 28
1052 385 12 14 133
513 389 6 7 35
1159 388 4 2 8
1077 392 12 17 153
1108 393 5 6 21
1194 393 4 7 18
461 394 16 16 121
1268 394 4 6 15
1222 398 13 15 74
723 401 13 27 201
1009 401 24 23 283
1295 400 7 11 25
1496 401 3 3 6
1177 403 7 7 31
1438 402 3 4 12
1342 404 9 2 11
362 409 10 18 131
1111 408 22 23 285
1148 411 32 28 301
1320 411 3 2 6
1338 410 3 10 21
449 413 5 6 20
862 415 12 9 66
1236 414 29 43 396
1195 416 24 22 123
605 421 10 11 71
819 426 9 2 10
965 426 3 7 10
374 431 6 6 28
470 431 5 9 38
1018 433 9 18 85
1056 432 18 25 314
839 434 18 15 94
1624 435 11 7 55
1686 434 19 17 228
645 436 9 16 112
1002 436 3 7 19
970 439 3 2 6
1349 438 4 2 7
1645 440 18 15 165
403 445 7 14 77
977 445 12 19 178
610 446 19 55 324
1204 449 11 8 42
919 450 7 13 48
1116 451 13 11 87
704 453 16 14 109
474 455 39 21 483
1148 454 2 4 7
1309 454 3 2 6
1569 455 23 25 414
873 457 14 20 132
1009 456 10 18 114
1376 456 21 33 433
635 459 8 13 95
1181 459 10 5 17
440 461 3 5 8
522 461 5 8 32
1109 462 3 15 22
1645 465 16 15 171
1361 467 6 4 12
386 468 20 18 164
1265 468 5 6 21
1424 468 10 2 15
682 470 6 8 37
1199 471 8 7 24
1222 471 32 22 161
444 473 5 5 22
586 472 15 24 162
1075 473 23 29 256
1133 472 2 4 7
1031 475 3 4 10
1164 474 7 8 42
1142 477 14 7 54
1212 479 3 8 16
902 481 6 10 48
1049 481 3 5 11
1334 480 22 22 292
854 483 17 17 134
1020 484 3 4 9
419 487 9 26 111
525 487 21 20 241
1159 487 2 4 7
1128 489 3 3 9
1248 489 3 3 6
918 490 6 9 36
1517 490 34 43 657
884 493 7 7 31
973 492 4 6 16
1410 493 2 8 9
1052 495 5 7 30
1166 494 19 22 119
1200 494 3 4 10
1262 496 3 3 7
1306 496 16 19 215
1577 496 20 22 312
1218 499 4 5 13
1241 501 4 6 18
1658 501 23 21 372
623 505 29 13 200
1026 506 47 65 930
1451 507 22 39 609
266 508 4 10 23
895 508 13 13 41
154 511 4 2 8
966 510 14 13 89
1139 511 4 2 7
1353 510 4 2 7
371 512 10 2 11
340 514 4 2 6
514 514 1 9 9
889 514 3 2 6
1212 516 7 10 54
447 518 4 2 8
612 520 16 12 131
1341 520 2 11 22
909 523 7 12 59
1114 522 6 7 28
1178 523 5 7 23
1156 525 5 16 42
189 526 4 2 6
451 526 12 12 119
1193 527 6 6 21
1261 526 14 22 120
1678 530 8 3 21
151 532 5 2 8
254 534 20 36 238
408 535 15 25 236
895 534 96 62 1892
832 537 3 4 9
1310 536 14 6 34
1337 536 4 2 8
1128 539 13 8 83
1209 539 22 14 100
385 541 5 6 19
1116 540 2 4 6
285 542 13 16 167
654 543 7 11 63
846 543 40 13 167
675 545 16 16 126
1538 545 8 19 115
595 546 33 21 254
1113 547 14 29 164
198 548 21 17 187
347 551 8 9 64
1153 550 4 2 6
1316 553 11 5 22
572 554 10 12 97
1091 554 13 15 70
1284 556 17 10 79
379 559 7 8 38
232 560 3 3 9
817 562 2 7 8
439 564 5 3 11
520 565 6 8 32
1647 567 16 18 203
1288 569 21 17 146
1023 571 3 5 12
1036 571 4 6 19
1211 570 12 6 34
993 573 3 4 8
1183 573 3 4 12
1389 573 18 39 350
210 575 13 14 130
239 575 5 3 8
622 575 7 14 69
656 574 7 11 62
594 577 15 20 161
91 578 5 3 15
1730 578 15 13 151
691 580 15 10 69
1763 581 23 25 366
773 583 4 10 13
1056 583 26 34 392
1247 582 8 16 72
182 584 7 4 19
1169 585 6 5 15
842 586 3 4 11
49 589 6 2 12
106 589 11 4 24
468 589 11 10 48
529 588 10 13 76
553 589 8 6 38
383 590 2 6 7
1199 590 5 12 34
1554 590 41 32 652
1150 593 5 6 20
1178 593 14 19 46
1217 595 22 28 240
1358 594 4 2 6
1119 596 2 3 6
564 599 12 6 61
231 601 3 3 9
373 601 6 7 38
795 603 11 5 28
1126 603 6 4 15
237 605 4 2 8
952 604 3 7 19
1532 604 4 2 6
341 606 8 10 73
894 606 5 8 27
977 607 3 5 12
1722 606 24 19 306
87 609 2 6 7
1308 609 5 5 14
1428 609 17 18 242
226 611 3 9 11
626 610 34 27 358
1113 611 5 3 8
253 613 4 4 10
1095 613 2 3 6
1009 615 11 25 163
1163 614 5 9 26
349 619 7 7 47
567 618 5 6 11
839 619 11 6 33
1105 618 3 5 10
1268 619 20 23 220
580 620 23 28 404
881 620 5 7 30
1208 621 6 5 17
1036 623 9 23 109
1120 622 20 21 111
824 624 4 2 6
1298 624 20 17 190
1169 627 9 5 26
1144 628 10 12 61
773 631 11 9 74
889 630 4 8 29
966 631 9 16 95
1838 630 2 15 19
344 633 4 3 12
359 635 8 6 31
665 634 9 8 39
695 634 6 9 47
865 635 4 6 16
1231 634 5 3 9
1189 637 17 28 177
1552 636 4 4 10
120 639 4 3 6
924 638 5 7 24
905 641 5 6 24
1050 640 31 34 555
1153 641 3 5 13
231 643 15 11 104
1243 643 31 12 161
1596 643 11 9 74
1100 644 19 10 73
824 647 4 8 25
192 650 11 9 72
1311 650 4 4 9
1524 650 3 10 13
1566 650 5 4 18
49 652 7 8 24
419 652 5 4 15
703 652 6 4 17
805 653 6 6 17
1175 652 6 17 44
480 654 23 24 182
676 654 7 9 49
997 655 3 4 7
1211 655 3 4 9
1461 654 22 26 363
1534 654 5 5 20
694 656 8 4 22
1551 656 4 3 9
759 659 5 7 27
394 660 14 26 176
936 661 7 15 62
954 660 3 5 12
436 664 4 6 23
619 665 8 11 68
1099 666 17 17 181
1735 669 6 3 12
363 671 3 6 9
688 671 8 8 15
891 671 4 5 17
1303 670 4 2 7
1215 672 23 24 177
1246 672 8 15 50
1275 673 10 14 126
1836 673 4 3 8
321 675 18 35 286
633 675 12 8 66
1158 674 12 9 24
1373 674 19 28 273
860 676 3 3 7
1142 676 2 3 6
956 678 17 16 70
1181 678 2 4 6
1415 679 5 4 12
1125 680 11 15 74
606 683 25 34 334
1332 682 20 10 74
840 685 3 4 11
588 686 13 16 109
1036 687 8 12 80
1712 686 46 36 639
709 688 3 2 6
1010 689 9 14 96
745 689 419 225 28207
777 690 3 4 10
1117 690 3 4 10
1179 690 5 4 12
28 693 9 2 11
936 695 15 11 120
357 696 10 8 62
717 697 4 3 10
915 696 5 9 39
1551 696 14 19 128
662 701 1 8 8
868 703 2 4 8
1615 703 12 11 67
1166 706 5 4 14
500 709 5 6 25
814 709 2 4 8
1188 708 5 7 24
1286 709 11 11 38
972 711 2 5 10
1132 711 13 14 64
1152 711 7 3 9
1238 711 14 30 162
418 712 4 3 11
448 712 7 7 36
1004 712 10 17 69
1226 713 5 3 11
386 715 8 7 48
903 715 17 13 96
945 715 17 11 89
931 716 2 3 6
1489 717 5 6 21
825 718 3 5 13
987 718 7 15 65
1205 719 4 8 18
355 721 5 5 18
563 720 25 14 149
664 720 7 10 61
427 722 13 8 58
738 722 4 6 22
927 723 2 4 6
1318 722 2 3 6
1528 722 13 10 94
634 725 21 9 64
1352 724 7 5 12
1171 726 13 11 50
139 729 11 14 87
847 728 2 3 6
1124 729 7 5 24
1240 729 43 27 385
705 731 12 12 103
890 730 2 3 6
1209 731 14 25 112
1308 731 4 2 7
188 732 19 8 63
1463 735 11 8 28
1804 735 20 16 234
324 736 11 14 131
1326 739 15 20 213
1398 738 4 4 9
509 740 5 7 32
821 741 3 6 17
844 741 2 4 8
1312 740 4 3 11
1553 741 14 13 121
1146 742 16 8 36
1178 742 25 16 183
1513 743 22 17 224
455 745 4 3 9
1479 745 15 19 216
1668 744 34 22 352
396 750 2 5 6
417 751 3 3 8
1305 751 3 3 9
345 753 7 5 24
894 752 3 4 8
246 755 5 3 9
1142 754 4 6 19
1161 755 15 13 43
1262 757 9 13 40
1312 757 6 4 19
649 759 5 5 18
836 759 4 10 17
1232 758 6 4 11
357 761 18 9 50
1735 760 26 19 356
0 763 3 2 6
985 763 11 6 29
934 764 14 13 98
513 769 15 16 165
1222 769 23 19 193
1301 769 4 4 11
1342 769 3 4 7
667 771 6 12 27
1184 770 18 11 44
341 772 7 4 24
1162 773 6 19 56
1586 772 9 6 24
1697 772 19 25 351
76 774 9 3 15
325 775 4 5 17
627 777 7 2 8
1035 777 10 25 136
1484 777 4 5 9
352 778 3 8 10
642 779 9 10 59
987 778 40 15 221
162 785 9 6 45
605 785 10 6 27
1783 785 5 2 9
198 787 9 7 51
1503 786 5 2 7
565 789 21 20 170
662 788 5 7 31
1198 789 13 4 18
1549 788 4 3 10
925 793 2 4 6
1269 792 11 14 54
1629 793 16 11 114
255 794 14 14 105
673 795 3 2 6
937 794 15 18 131
1190 797 3 3 8
49 799 5 3 7
761 799 5 8 26
963 798 13 23 112
1241 800 9 7 38
1298 800 3 11 16
1314 801 11 5 26
1358 800 3 7 10
1014 802 6 9 42
110 804 3 3 9
397 804 12 14 101
419 805 3 10 28
480 805 9 2 10
645 805 11 16 107
1602 804 7 6 27
704 806 9 1 9
509 810 6 6 29
1298 811 19 33 328
324 813 6 6 18
215 815 1 7 7
226 814 14 15 133
337 815 4 5 8
409 819 4 4 15
980 819 6 8 39
250 820 4 4 11
579 821 21 10 96
1162 820 10 2 11
1466 820 10 10 75
1576 820 4 3 9
1411 822 20 16 179
125 824 3 3 7
755 824 8 10 47
621 826 6 7 28
1734 826 3 3 7
1226 828 30 28 350
348 830 6 1 6
1149 830 4 2 6
1831 831 9 11 50
292 832 4 3 7
536 832 10 8 48
648 833 20 19 188
1122 832 16 27 158
425 835 5 5 19
182 837 8 8 46
402 837 4 11 27
1441 836 4 5 14
1159 838 4 4 16
1695 838 18 19 273
308 840 11 14 64
557 841 4 2 7
1515 841 10 2 11
247 845 3 4 10
350 845 4 6 10
1215 844 4 5 19
347 847 34 48 302
1392 846 12 13 123
1485 847 5 6 19
1413 848 21 11 99
1085 851 3 7 20
1110 852 2 6 11
1831 853 9 14 73
493 859 6 11 40
609 859 4 5 16
1055 858 4 7 23
1405 860 4 2 6
569 862 28 24 257
1536 863 9 2 10
1035 866 4 4 12
1129 866 3 3 8
1236 866 8 4 18
1459 866 23 17 244
314 868 12 17 70
421 868 23 15 79
1579 868 10 8 40
344 871 3 5 9
740 871 4 7 21
1136 871 6 5 29
1245 871 5 3 8
516 876 6 3 8
1061 876 4 10 33
1086 877 8 17 34
1426 877 13 10 67
1206 878 5 7 10
1287 879 3 4 6
540 880 4 4 14
208 882 6 13 33
1026 882 12 11 94
1130 882 5 4 12
1506 882 17 26 270
475 885 18 7 55
1146 885 5 8 29
1284 886 3 3 7
741 888 9 6 25
792 889 2 4 7
1312 889 4 2 7
372 890 8 10 27
766 892 3 3 6
1437 892 13 12 70
1804 892 15 12 119
1831 893 9 15 98
626 895 16 10 68
1611 894 3 3 7
1770 894 16 12 139
433 897 21 23 196
518 897 6 2 11
1400 897 17 34 345
1646 897 14 10 50
1113 898 15 5 36
1235 900 9 2 10
407 902 4 2 8
956 902 3 4 7
986 902 28 40 491
320 905 6 4 21
354 905 12 14 116
557 905 4 5 16
1025 905 5 7 33
1482 906 9 7 44
329 909 5 8 17
732 908 3 6 16
934 909 6 10 49
1194 909 3 3 9
1386 908 5 4 10
473 910 6 3 12
1249 911 8 3 13
283 912 4 4 9
1338 912 10 1 10
1645 913 33 38 557
0 914 5 5 19
1117 914 6 1 6
1424 914 9 12 77
525 916 6 7 28
619 917 6 11 41
1181 916 8 3 9
1634 917 6 5 20
913 919 2 4 6
952 918 3 6 13
1043 919 15 14 146
1102 919 4 9 14
1142 919 3 3 9
1211 918 4 5 13
1818 919 22 41 560
369 920 6 7 26
797 920 11 6 29
853 920 2 3 6
295 922 20 19 110
561 923 11 8 70
1697 922 7 5 20
870 925 4 5 10
1259 925 11 16 78
346 926 30 16 110
1107 926 18 10 68
1156 927 23 12 157
0 928 6 2 10
36 928 5 5 10
394 928 3 3 8
604 928 6 8 33
782 928 8 10 21
575 930 3 4 12
1197 930 17 16 155
1530 931 5 2 8
1313 933 12 15 128
828 935 3 3 7
547 937 9 11 47
893 937 10 4 27
1285 938 14 22 192
1623 939 3 3 6
248 940 3 5 10
418 941 3 3 9
320 943 6 4 14
599 942 5 6 23
816 945 17 8 40
1231 945 6 12 30
1691 944 4 5 13
400 950 6 9 44
866 951 5 5 25
990 951 13 12 87
1585 951 3 3 6
927 952 2 4 6
1067 953 8 10 71
1119 952 2 10 12
1046 955 12 6 27
1356 955 17 13 118
217 957 10 10 62
801 957 3 5 13
856 957 5 8 29
903 957 3 3 7
1396 957 7 9 55
1596 957 8 10 26
612 959 24 15 83
836 958 3 4 9
463 960 6 6 31
1318 960 4 3 9
263 962 4 4 8
536 962 42 31 387
1104 964 11 5 28
1165 964 4 2 7
744 967 2 5 8
1433 967 15 19 125
487 968 12 9 41
784 968 2 3 6
808 968 2 4 8
829 969 2 3 6
968 969 2 4 7
1048 968 2 3 6
1186 968 4 5 15
426 971 4 3 8
531 970 5 5 21
886 971 3 4 8
345 972 5 3 10
1066 973 11 12 39
1375 973 12 14 127
1235 975 35 22 385
157 976 3 3 6
908 977 4 5 17
1039 977 4 7 18
62 978 4 3 7
1277 979 2 4 7
459 981 4 4 10
812 981 8 6 36
1459 981 7 6 33
594 983 3 3 8
902 983 4 4 15
1186 983 3 5 11
919 985 2 3 6
1664 985 30 27 335
347 986 6 15 41
1810 988 15 14 131
0 990 6 1 6
934 990 24 28 207
1411 990 12 12 104
371 992 4 5 11
985 992 3 5 12
1515 992 12 11 105
1601 993 26 18 210
611 997 3 5 14
666 996 5 4 15
779 997 4 10 17
1175 997 19 7 40
317 999 9 9 57
296 1001 5 4 14
589 1000 5 7 26
1786 1001 9 13 75
466 1002 4 3 6
607 1005 4 4 13
636 1004 13 8 61
93 1007 7 5 15
407 1007 3 4 11
536 1006 23 27 280
1310 1006 6 7 23
191 1010 6 7 15
353 1010 5 4 12
813 1010 2 11 13
1837 1010 3 8 10
1813 1012 13 9 76
228 1014 11 11 81
994 1015 13 10 86
1489 1015 10 24 106
275 1017 3 3 6
456 1017 14 11 48
838 1016 2 3 6
939 1017 8 5 23
39 1018 8 2 9
659 1019 4 5 15
1172 1018 14 12 96
1375 1018 30 21 222
406 1021 3 3 6
1076 1021 7 9 30
1132 1020 4 7 22
608 1022 4 7 26
755 1022 3 9 17
173 1025 7 5 26
1243 1025 7 2 8
1409 1024 22 17 217
347 1026 5 2 6
570 1028 25 18 148
636 1029 5 5 19
1210 1028 9 12 85
1720 1028 17 15 94
920 1031 5 8 34
1091 1030 6 3 8
929 1033 13 24 200
1116 1035 6 2 7
1289 1034 14 16 78
546 1036 5 4 8
997 1037 3 5 12
185 1039 6 5 13
407 1038 3 3 6
476 1038 2 3 6
1606 1038 4 3 9
1766 1040 3 5 10
605 1042 5 10 34
827 1045 13 10 51
1218 1044 9 8 34
1385 1045 13 23 152
338 1046 6 4 16
354 1047 10 8 21
724 1046 2 4 7
542 1049 3 4 9
663 1049 4 3 8
997 1048 10 12 69
1726 1051 15 20 104
1788 1050 43 18 244
1069 1052 9 5 17
527 1054 3 4 10
380 1056 12 5 33
735 1056 6 2 7
777 1057 9 3 11
1239 1057 8 14 87
1033 1059 7 2 9
1089 1058 4 13 33
196 1060 5 3 8
344 1061 5 3 7
884 1061 5 9 38
1211 1061 3 3 6
1483 1061 2 5 7
1681 1061 5 4 12
358 1062 8 10 44
587 1063 3 4 10
607 1063 3 5 15
705 1063 13 14 71
1125 1063 6 1 6
1150 1063 12 12 55
461 1065 12 8 38
525 1065 4 3 8
1291 1064 27 17 172
29 1067 14 5 27
972 1067 7 9 52
1102 1066 3 5 11
147 1068 3 3 6
163 1068 5 5 14
575 1068 11 13 52
927 1069 7 11 70
1012 1069 4 7 22
1552 1068 11 10 69
214 1071 11 5 21
519 1070 4 5 18
596 1070 3 4 11
1025 1071 3 5 12
1190 1070 7 6 31
1490 1071 6 6 30
610 1072 5 6 29
874 1073 3 4 9
1226 1072 5 3 15
1349 1073 6 7 33
1760 1072 4 5 17
315 1074 4 3 6
550 1074 3 12 16
903 1074 19 14 94
1371 1075 3 3 6
726 1077 9 8 33
1388 1077 3 4 7
265 1078 4 5 8
440 1079 18 17 82
1482 1080 4 4 15
205 1083 7 6 25
292 1082 3 5 8
305 1084 31 24 344
1017 1085 4 6 21
1197 1085 9 13 93
475 1087 14 9 50
856 1086 4 4 7
1651 1087 17 28 211
398 1089 4 4 16
545 1089 5 7 16
926 1089 3 5 13
121 1093 6 6 29
611 1092 5 8 23
1407 1093 7 6 30
238 1095 3 2 6
690 1095 12 17 49
0 1096 6 2 6
596 1097 6 5 21
1137 1096 7 9 37
1232 1097 9 7 30
405 1099 20 19 207
961 1099 3 4 6
634 1103 14 18 118
1355 1103 18 13 124
1436 1103 6 6 25
293 1105 8 5 31
341 1105 3 4 7
1016 1105 3 5 13
1210 1104 8 12 77
1245 1105 4 4 13
1616 1105 8 5 24
1571 1107 8 6 19
865 1108 15 11 69
13 1110 5 3 7
345 1111 10 19 70
1740 1111 7 7 16
249 1113 11 12 28
599 1112 7 18 58
736 1113 9 5 19
1117 1112 17 14 163
301 1115 6 6 32
326 1114 3 7 9
843 1114 3 16 22
1098 1114 2 4 8
1708 1115 29 28 479
6 1117 3 3 6
378 1116 6 6 25
537 1117 29 23 214
728 1119 1 20 20
814 1119 12 29 111
1319 1121 5 5 22
210 1122 20 9 59
1028 1122 10 13 49
1339 1122 7 7 44
1445 1122 19 14 114
442 1125 1 6 6
57 1126 6 18 56
359 1126 8 16 68
427 1127 4 5 15
648 1127 4 5 18
969 1127 7 11 38
317 1128 4 3 11
487 1129 5 8 24
576 1128 13 8 36
1138 1128 3 4 10
1157 1128 8 10 64
1825 1129 9 21 47
797 1132 4 5 15
1374 1135 8 10 64
612 1138 8 16 38
916 1139 5 5 16
1335 1139 8 16 49
428 1140 4 8 21
206 1142 24 21 197
1127 1143 4 6 14
536 1144 12 31 100
151 1147 7 6 23
367 1146 4 2 7
485 1147 14 5 31
520 1147 11 19 78
579 1147 4 4 15
1446 1149 11 11 33
563 1150 4 6 20
754 1150 6 12 24
590 1152 9 5 34
803 1153 10 9 44
1692 1153 9 7 35
234 1155 4 8 11
657 1155 3 6 17
732 1157 4 5 17
1470 1157 10 17 77
1554 1156 21 12 66
945 1159 4 6 16
41 1160 4 4 7
576 1160 3 8 19
784 1160 6 8 19
1085 1160 10 7 43
1373 1161 13 9 55
821 1163 16 21 134
930 1162 3 7 13
1138 1163 14 11 72
284 1164 5 5 11
337 1164 6 5 14
458 1164 9 2 10
504 1164 4 3 7
482 1167 18 14 73
658 1167 13 13 41
184 1169 3 3 7
214 1169 6 5 17
426 1169 31 47 257
572 1169 8 20 37
1418 1169 6 11 41
1597 1168 19 13 178
705 1170 3 6 8
1318 1171 3 4 7
792 1174 2 9 10
899 1175 4 16 42
1192 1175 12 15 71
1721 1175 28 30 299
28 1176 5 4 8
757 1177 3 4 6
57 1178 8 7 23
356 1179 6 18 40
778 1179 5 6 22
1338 1179 21 40 245
738 1181 3 6 15
1063 1181 3 3 6
1379 1181 21 11 83
119 1184 4 4 8
606 1185 2 4 6
1286 1185 5 7 22
1625 1185 17 12 109
685 1186 6 5 22
785 1186 7 7 25
1487 1187 8 8 34
1532 1186 4 6 10
549 1190 11 4 35
694 1191 4 2 7
1054 1190 3 5 11
1223 1191 13 12 40
1473 1191 6 7 29
1237 1193 3 2 6
1815 1193 15 10 44
565 1195 5 6 15
584 1194 9 6 15
267 1197 5 11 43
618 1197 12 6 26
835 1197 4 5 17
870 1198 7 16 29
894 1198 3 3 8
141 1201 5 4 12
317 1200 11 10 54
462 1200 21 28 290
1144 1200 12 8 34
993 1203 3 6 13
235 1205 1 6 6
656 1205 18 17 93
859 1205 4 8 18
912 1205 3 4 9
691 1206 3 4 9
716 1207 21 21 81
1244 1207 3 7 11
1516 1207 4 5 19
1541 1207 3 4 6
1723 1206 2 3 6
148 1209 5 2 6
395 1208 6 9 33
581 1208 13 14 85
1072 1208 5 7 29
1100 1208 10 8 40
1463 1208 5 4 8
191 1211 5 5 13
505 1210 3 4 9
1501 1210 11 10 69
1763 1210 10 18 55
554 1212 2 4 7
817 1212 15 7 51
1471 1212 3 3 8
1700 1212 3 3 6
1810 1212 6 16 65
283 1215 10 6 42
1064 1217 8 4 11
1228 1216 4 4 7
1652 1216 4 5 12
1704 1217 14 11 96
519 1218 14 10 91
1369 1218 4 5 20
1629 1220 13 8 57
553 1223 13 5 43
1579 1222 16 6 62
1692 1222 2 6 12
276 1224 7 4 27
430 1225 4 3 11
675 1225 3 3 7
910 1225 4 3 9
987 1224 2 4 8
1017 1224 3 4 9
1143 1225 2 3 6
1386 1225 3 3 9
