0 0 1840 1228 2091832
206 0 90 88 2461
323 0 14 9 103
352 0 25 29 454
507 0 16 28 104
571 0 14 3 25
746 0 13 21 238
804 0 13 19 200
1130 0 66 69 1994
1210 0 33 23 494
1280 0 35 22 565
1445 0 8 3 20
1494 0 24 14 242
1405 5 9 11 64
1359 12 3 4 7
1033 16 10 16 117
327 20 12 13 122
697 28 10 11 76
865 30 18 30 431
1410 30 3 4 10
1674 34 19 8 61
1468 37 8 9 56
166 38 24 30 584
433 40 14 9 57
553 42 6 3 11
519 45 25 46 372
1425 45 12 13 104
974 46 9 14 100
1535 48 9 8 53
1463 51 42 76 1584
1470 54 5 3 10
1551 55 17 14 165
910 61 28 33 695
1447 61 20 17 136
1110 63 9 12 87
614 65 16 24 309
1085 65 8 9 56
1371 69 11 13 101
1423 68 11 14 107
1311 71 6 4 18
768 75 27 53 611
1029 74 10 15 108
452 81 15 19 212
1332 82 6 6 23
1172 86 8 6 37
505 88 14 19 211
1174 89 59 41 1165
1009 92 8 11 75
1397 94 11 10 82
395 96 8 7 34
608 96 16 20 216
1328 96 27 25 427
1657 96 11 3 29
31 99 28 33 693
1679 103 10 14 57
1316 108 5 3 11
314 111 14 15 165
705 113 17 27 379
925 119 4 5 15
543 121 29 26 429
483 123 27 26 359
1277 124 35 33 521
1243 127 16 19 216
726 128 22 50 579
1506 128 9 7 46
892 130 10 17 151
55 132 38 42 1086
389 133 21 48 521
339 135 11 15 138
211 139 15 14 146
1081 142 111 73 3293
1473 143 9 8 57
1506 144 9 11 75
452 146 13 19 202
1049 146 16 15 133
1352 149 8 12 79
489 153 8 9 58
688 152 10 14 104
1522 152 18 22 311
419 154 8 8 55
109 157 21 20 322
1578 156 59 76 3077
1387 159 9 10 64
263 160 14 12 132
1205 161 28 48 839
1251 160 40 66 1204
977 164 13 18 175
1009 164 17 9 67
1247 167 14 16 160
0 169 18 17 233
1494 170 16 18 211
331 173 22 20 152
1305 175 20 15 188
1398 177 10 12 93
529 178 10 7 56
856 184 21 19 279
1456 191 9 9 51
975 193 9 11 73
1385 194 58 28 690
631 196 10 10 82
574 198 15 21 246
1353 198 25 17 269
1014 200 9 12 87
941 203 8 10 60
891 205 15 12 127
1447 207 27 48 488
435 208 8 5 25
722 208 36 36 659
494 211 6 4 13
605 212 13 17 175
1039 215 10 12 94
772 217 19 22 306
499 219 16 23 257
1348 221 7 12 35
1830 229 10 29 171
815 230 8 9 60
334 237 14 18 178
543 241 10 12 94
1348 241 6 5 20
1376 240 6 5 26
35 245 19 14 183
1087 246 8 10 60
1159 247 11 13 96
1014 249 6 9 39
1221 248 5 5 22
469 250 11 16 151
634 250 13 16 160
1262 251 7 7 36
368 254 16 25 190
429 255 30 19 355
1125 254 53 84 1633
1321 257 35 50 1147
1414 257 14 11 96
1092 261 7 9 48
1115 262 5 4 12
1446 268 4 3 7
520 271 12 17 166
663 270 23 26 258
783 270 17 27 183
246 272 14 15 162
940 273 7 6 32
613 275 10 8 34
1401 277 8 7 38
1237 278 37 22 398
310 281 7 7 20
981 281 9 20 95
1060 281 5 5 17
176 284 22 20 345
1100 285 32 34 541
221 291 27 30 356
1298 293 11 17 113
1496 294 44 66 2028
537 296 38 28 526
1068 297 33 38 705
298 299 13 12 122
845 302 9 13 90
923 303 6 6 25
1440 303 6 4 14
453 304 7 6 34
1356 304 7 5 24
949 310 20 14 199
1410 310 12 25 152
1120 315 18 34 379
457 318 15 13 90
699 318 16 19 201
322 320 14 11 113
803 320 9 12 89
1378 324 8 7 37
1802 324 8 4 22
1056 327 4 8 21
1255 329 6 14 43
1344 331 24 13 125
1021 333 8 7 43
557 335 23 34 404
402 336 14 15 112
669 337 12 13 112
985 339 6 7 32
1177 339 28 42 837
332 340 10 11 84
1238 340 11 8 47
1428 344 15 6 54
1305 347 12 6 59
1103 349 6 7 35
1420 348 5 5 20
1806 348 34 28 695
1069 352 18 22 255
1350 353 34 27 411
89 354 17 20 131
1090 361 27 60 688
1217 360 14 12 113
1482 361 12 2 14
972 363 10 8 30
1012 363 5 7 28
1286 362 23 41 369
702 364 12 13 120
408 366 10 9 65
469 367 16 16 170
765 367 17 24 287
1390 367 16 22 262
336 373 15 24 134
1462 374 25 27 479
449 377 11 13 113
749 376 3 2 6
1048 376 12 17 66
1443 376 7 7 35
355 378 7 4 15
935 378 12 14 97
918 383 6 7 37
1337 382 6 4 14
246 384 29 13 197
657 384 9 12 89
1809 385 31 36 897
1128 392 4 5 18
1205 394 4 2 6
1697 397 27 23 466
944 398 14 9 55
1177 400 9 10 77
1045 402 10 8 41
1579 403 12 19 72
1313 404 11 13 72
543 411 25 57 662
1024 412 7 19 56
1190 412 7 4 23
688 414 9 8 55
502 416 11 11 86
652 417 17 27 154
1202 417 5 3 9
1286 417 6 6 30
860 418 9 2 10
459 421 13 20 107
1070 420 28 27 503
1357 420 9 8 58
1735 420 26 23 449
1049 422 3 12 17
1425 424 70 86 2308
981 426 5 5 17
1221 426 11 12 95
1296 429 6 5 26
430 431 9 16 83
1276 430 6 6 26
820 432 17 18 54
942 435 6 8 47
1587 434 30 30 657
1039 438 6 8 39
1405 439 6 5 16
290 442 9 7 50
503 443 18 12 53
949 443 6 7 37
973 443 7 7 38
1247 445 5 4 14
1188 447 11 17 147
906 448 5 5 23
932 448 7 10 56
1358 449 5 3 12
1389 451 8 4 22
1642 450 32 24 536
66 453 37 29 622
673 452 33 28 422
1371 453 9 10 68
323 456 12 9 74
359 457 7 5 19
1308 457 12 13 98
1793 460 8 10 41
252 462 12 12 109
1336 463 5 7 16
1208 465 8 8 51
1171 467 9 16 81
1240 467 58 60 1547
1406 469 4 5 12
443 471 16 21 177
1048 471 9 18 86
1359 470 29 28 143
571 473 8 10 64
1306 474 5 5 18
703 476 25 28 316
1731 476 21 16 92
282 478 4 2 6
535 481 12 13 121
953 484 10 4 16
1343 484 5 6 26
1062 487 7 9 54
1196 487 10 20 116
1752 486 46 32 704
1326 489 5 4 18
279 490 12 10 97
937 490 6 9 40
832 492 9 11 79
1226 494 4 2 6
1395 495 16 17 121
1823 495 5 2 7
1026 497 17 9 104
562 499 13 13 130
118 501 15 13 145
1056 501 9 11 46
1381 504 7 7 27
304 506 8 5 28
351 507 8 5 26
1340 506 6 5 16
1008 511 5 7 30
517 512 7 5 31
1088 514 6 8 40
1201 520 18 7 52
434 523 10 10 70
934 523 7 9 50
1016 524 5 7 31
1285 525 44 57 1144
684 526 14 23 196
1056 526 9 11 81
1180 527 14 5 46
1396 527 6 4 16
534 528 26 50 453
633 528 8 13 58
65 530 17 13 173
709 530 14 15 153
740 533 7 7 38
505 534 8 9 65
1212 534 4 4 14
1655 535 26 25 442
1117 537 31 32 709
1262 536 10 16 52
464 540 5 4 12
936 541 14 19 139
370 542 10 11 86
623 542 5 8 22
661 543 7 8 45
513 546 11 15 149
1020 546 68 98 2075
755 549 7 8 41
1360 549 12 9 84
147 552 19 14 114
1057 555 21 27 289
1196 559 34 28 454
1351 558 6 9 30
651 560 25 16 143
878 560 5 5 20
694 562 9 10 72
343 565 9 7 57
1236 565 4 3 9
416 569 4 3 11
927 568 6 8 32
1255 568 15 6 35
1536 569 11 9 27
1336 571 5 2 9
949 573 12 8 51
1795 573 45 40 1101
469 575 9 10 64
802 575 1 9 9
1246 574 4 3 11
298 577 6 2 7
359 577 18 15 126
566 576 11 19 139
969 581 5 9 33
147 582 12 9 87
1360 583 10 8 51
923 584 11 16 100
990 586 13 24 156
1236 586 8 7 20
1326 586 4 4 11
110 588 7 6 29
952 591 5 5 19
1755 590 8 6 24
872 596 5 2 6
947 597 1 13 13
1101 597 17 15 176
1522 597 41 34 848
975 601 5 8 30
408 602 21 14 140
1233 603 26 24 196
1221 604 6 5 21
1612 604 27 42 713
343 607 6 7 32
530 608 16 11 73
1739 609 9 18 30
303 610 11 4 30
652 610 3 2 6
668 611 14 8 53
1306 610 3 6 13
358 612 7 4 14
897 612 6 7 33
1341 613 80 96 2660
955 615 4 4 12
1170 617 14 15 63
1190 616 17 6 41
288 619 8 4 25
724 619 5 5 18
1266 618 4 5 19
1309 619 4 4 13
316 620 9 7 57
1015 621 5 6 29
1486 623 37 39 1010
701 629 1 8 8
770 628 16 12 97
893 628 22 27 388
949 628 17 24 288
1117 629 4 3 11
997 630 13 18 157
1021 631 4 4 16
1154 630 4 4 10
1289 631 13 6 43
412 633 8 6 31
627 633 9 11 84
1198 632 28 16 174
140 635 24 27 235
179 635 19 20 288
1091 637 64 50 1107
1236 639 10 5 33
689 641 7 8 47
63 643 10 2 11
1131 642 5 7 19
409 645 5 3 11
528 645 6 5 28
986 644 3 4 11
444 646 5 2 6
660 646 15 31 228
874 646 10 19 97
1395 647 11 2 11
1645 646 26 25 454
938 648 5 4 16
1276 650 23 37 274
1069 653 10 19 102
1308 654 17 25 197
990 656 3 3 6
107 658 13 14 98
303 659 7 6 32
448 661 5 4 16
506 660 35 15 278
1031 660 7 7 37
1198 661 14 16 113
1753 660 50 60 1618
424 663 5 3 11
1591 667 22 22 289
1009 669 4 3 11
371 671 8 6 33
854 671 27 29 496
1554 671 18 16 202
645 673 6 4 15
940 672 3 3 7
282 674 5 4 13
764 675 5 13 33
1015 674 6 6 31
1221 674 3 3 8
1636 677 18 14 150
895 678 14 12 86
1231 679 3 11 17
970 682 19 12 119
1247 684 4 13 23
456 687 6 7 28
704 686 5 4 11
833 686 4 5 17
1026 686 10 12 103
1160 687 24 22 202
343 688 6 4 16
1804 688 6 6 15
98 693 5 2 6
114 693 12 7 61
1287 695 4 5 17
476 697 27 24 241
255 699 13 8 54
1558 699 22 15 211
1585 699 61 65 2263
947 700 67 27 818
1697 700 36 38 834
404 703 6 4 18
295 705 16 14 81
375 704 6 4 20
1217 704 5 14 32
777 707 5 4 10
540 708 7 8 46
619 709 9 11 81
1229 711 26 26 264
663 714 5 5 20
1149 714 4 2 6
556 716 19 18 153
337 718 5 2 9
645 719 10 16 100
232 721 14 10 85
398 720 19 14 112
101 723 16 13 126
806 723 439 262 29764
1014 723 9 10 70
709 725 6 7 32
911 724 3 3 9
1195 724 4 3 11
1033 726 11 12 90
1104 727 8 5 31
1270 726 11 5 37
319 728 4 2 6
10 730 10 1 10
520 731 7 7 31
772 732 5 6 21
954 732 4 5 20
678 735 13 19 166
655 737 5 5 24
1256 736 4 9 21
1170 738 4 5 18
1152 742 7 8 37
1574 743 3 3 6
941 745 3 2 6
1695 745 2 4 6
1761 745 6 4 23
563 747 6 6 24
1245 747 3 4 10
283 748 8 7 44
318 749 7 5 29
732 748 4 4 12
1116 749 5 6 22
1531 749 8 10 29
648 751 9 9 69
1072 751 4 5 17
1183 751 10 12 47
495 753 9 3 27
584 752 5 15 21
1137 755 7 19 66
1661 755 14 9 96
291 757 8 4 24
957 756 8 8 34
1557 757 33 33 664
504 760 17 15 65
1282 760 8 7 50
1367 762 13 1 13
637 764 5 5 19
1158 764 9 23 130
1678 764 5 4 14
691 767 11 11 98
1078 766 12 10 91
1392 766 3 8 10
557 769 10 13 84
357 770 10 16 117
955 770 3 3 9
1274 773 4 2 7
1289 773 6 7 21
1326 772 4 3 6
1661 772 78 38 1593
1496 774 3 6 8
214 777 12 10 65
1057 777 9 11 68
1099 777 7 7 33
1176 776 4 7 23
1019 780 12 16 149
82 784 18 14 142
805 785 3 3 8
267 786 12 9 68
332 786 16 11 71
1621 786 34 32 609
146 789 13 13 139
502 789 7 8 49
527 789 4 2 6
536 789 18 16 170
644 789 4 4 9
384 791 8 7 32
423 793 6 3 9
953 792 14 12 47
1153 792 4 3 9
1118 795 3 3 7
1254 795 8 8 54
450 797 7 7 39
587 799 18 10 84
1795 799 27 20 237
661 801 5 14 42
669 802 41 32 295
1373 804 9 13 37
1508 805 3 3 8
919 807 6 5 25
1242 807 4 2 7
995 808 10 10 72
431 810 3 3 6
617 811 4 10 12
1463 810 5 4 13
105 817 11 6 46
485 817 7 7 44
965 820 5 4 18
1119 820 19 28 275
1431 823 6 3 7
449 827 5 4 10
1076 827 10 11 84
1601 827 48 48 963
70 828 7 3 13
1482 828 23 17 189
490 833 7 5 31
610 833 10 18 97
1545 833 5 6 15
1249 837 10 11 26
284 839 8 5 33
469 839 19 18 143
234 840 5 3 8
638 841 5 5 22
89 843 3 4 6
312 842 8 6 34
501 843 7 5 16
210 845 12 10 80
985 844 21 23 296
945 846 5 5 20
1712 849 71 53 1801
423 850 9 6 31
625 850 5 5 20
650 854 5 3 13
1430 858 8 13 50
1461 858 9 3 18
1821 858 19 25 405
838 860 3 3 8
1100 861 7 7 35
1376 863 14 6 32
318 864 8 6 24
1055 864 7 5 23
1510 865 23 23 298
686 867 5 2 9
732 866 4 3 8
1269 867 3 4 8
158 869 10 12 76
302 870 6 4 13
569 870 16 11 67
1351 870 5 6 22
1089 873 5 5 25
42 874 14 10 77
544 876 9 11 80
1223 877 13 9 58
1053 881 4 4 12
505 884 3 3 7
760 885 4 4 16
1242 885 7 3 11
488 887 5 3 10
517 887 4 3 11
693 886 6 5 23
1714 887 3 3 9
534 888 7 5 31
1046 889 5 4 16
1588 891 6 3 13
764 892 4 4 14
1360 892 6 20 48
1680 893 22 16 245
1431 894 17 13 158
1309 897 3 4 7
1539 897 6 2 7
1619 896 8 6 31
1323 898 3 3 7
900 901 10 7 39
1387 902 10 2 11
1627 905 4 5 9
490 907 4 4 12
558 907 8 8 48
805 906 4 3 7
1236 906 33 39 666
539 909 6 11 24
586 908 8 11 50
697 908 5 5 23
1292 908 3 3 6
1666 910 3 3 7
782 912 3 3 8
1401 921 4 2 6
1586 921 19 20 247
1625 921 51 59 1218
498 922 2 5 9
1369 923 5 3 12
1502 922 3 3 7
510 925 16 15 47
964 924 12 14 119
425 926 5 6 20
538 927 16 17 111
1290 926 14 8 41
1450 927 6 3 14
158 928 9 5 24
199 929 5 4 9
1187 928 7 10 45
1395 928 19 12 37
1836 929 4 4 10
747 930 3 5 13
1494 931 16 19 135
503 932 3 3 9
597 933 17 17 156
881 934 4 4 16
1736 937 46 33 1001
677 938 3 3 6
807 938 3 3 6
1430 939 7 13 28
558 940 9 12 61
345 945 3 4 9
878 944 3 3 8
1529 947 15 13 144
953 950 5 4 13
1000 950 13 16 163
259 953 3 4 10
673 953 4 2 7
131 955 10 6 35
203 955 10 6 38
225 954 20 6 30
290 955 3 3 7
1277 954 61 45 1357
520 957 14 6 40
1254 956 5 2 10
1439 957 27 21 274
886 959 3 5 13
1203 958 24 32 509
1398 959 4 3 6
263 961 5 2 9
743 961 3 3 7
1186 960 6 5 16
1420 960 10 13 29
612 963 14 4 24
942 962 3 3 7
1230 965 3 3 9
677 966 5 8 34
1468 969 38 48 828
866 972 11 15 77
902 973 18 16 167
1376 974 17 15 137
666 978 6 16 54
1075 978 3 3 6
1674 979 63 35 1145
532 981 21 43 255
1053 980 7 4 16
1023 983 11 13 105
642 985 4 3 8
953 984 10 1 10
470 989 6 5 12
1065 988 6 7 36
1104 988 20 29 274
302 992 5 3 11
322 992 4 3 9
557 993 7 7 38
883 994 1 8 8
1015 995 3 4 8
325 997 8 13 40
738 997 4 4 13
694 999 4 2 8
827 998 4 7 18
516 1000 4 13 19
1270 1000 4 4 7
170 1004 8 6 13
657 1007 18 21 219
1803 1006 5 4 12
1392 1008 18 33 291
1541 1009 28 26 381
1080 1011 9 7 40
1140 1010 2 4 8
1219 1011 5 4 11
1418 1012 6 7 9
639 1014 5 14 46
1188 1015 13 5 28
1748 1016 44 38 1037
1028 1019 6 6 17
1248 1019 13 5 30
1056 1021 9 9 46
1613 1020 4 5 6
1107 1024 4 3 10
1329 1024 3 5 11
1453 1026 12 12 91
614 1031 4 4 10
578 1037 8 15 46
805 1037 4 3 11
956 1037 8 11 73
1128 1037 3 13 16
1343 1037 45 42 710
549 1038 7 8 49
1494 1038 12 6 44
1444 1043 5 4 20
1045 1044 7 9 47
1258 1044 2 7 9
122 1047 9 6 40
748 1048 9 7 15
772 1048 8 4 17
940 1048 9 14 86
625 1051 5 5 18
520 1053 19 20 104
1255 1052 3 3 6
1470 1053 22 25 235
736 1056 12 7 56
768 1057 4 4 12
1017 1057 4 5 15
1155 1057 4 5 16
1712 1057 14 6 45
593 1059 10 5 23
857 1059 2 3 6
1554 1059 86 61 1916
482 1060 3 3 6
564 1061 14 20 101
1696 1065 6 5 15
1323 1069 2 10 12
1525 1068 4 2 6
511 1071 9 18 123
295 1073 4 5 9
777 1073 5 10 29
0 1075 3 3 8
433 1074 5 3 10
1120 1074 5 6 19
1451 1074 18 18 237
1497 1074 15 7 25
918 1077 11 18 117
1074 1079 4 4 14
1715 1078 6 4 18
1641 1083 6 8 17
147 1084 6 4 16
625 1085 5 21 62
652 1087 5 9 34
1475 1087 11 17 112
879 1088 3 4 8
942 1090 5 5 15
1400 1091 11 18 111
22 1094 3 3 8
1123 1094 4 6 20
169 1097 4 5 9
1164 1097 3 2 6
511 1098 11 9 76
718 1099 7 9 16
1732 1103 4 4 10
1341 1106 11 8 60
590 1109 4 5 13
704 1109 3 5 9
855 1109 3 10 18
1085 1110 3 7 21
1529 1110 10 6 37
369 1114 7 4 14
495 1115 4 4 14
530 1115 6 5 28
540 1115 15 7 36
564 1114 6 2 7
771 1117 5 3 6
784 1117 4 7 19
989 1116 6 10 24
111 1119 5 2 7
916 1119 8 12 69
964 1118 6 7 32
261 1121 5 3 9
1638 1120 3 4 7
1538 1123 24 25 414
1662 1122 4 3 8
514 1126 5 2 8
1134 1127 3 4 7
1400 1127 4 9 14
609 1128 4 13 27
1712 1129 11 15 61
1367 1132 19 9 46
1628 1133 9 4 22
143 1135 7 3 9
863 1134 5 5 18
1568 1135 48 28 621
1604 1136 5 4 17
628 1139 3 4 10
984 1139 6 9 43
509 1140 12 11 38
444 1142 7 7 38
638 1145 5 6 23
697 1145 6 8 32
1494 1149 3 3 6
893 1150 7 12 44
1093 1150 3 5 10
487 1152 3 4 8
1328 1153 18 11 94
1819 1154 5 3 8
92 1159 5 4 11
1415 1159 11 17 81
499 1160 3 2 6
586 1160 3 4 11
1713 1160 8 18 48
1395 1162 8 5 33
184 1167 3 3 8
488 1166 8 11 34
1778 1166 24 18 283
253 1175 6 4 20
1736 1176 16 7 49
874 1179 6 9 40
1064 1179 7 1 7
807 1181 4 3 8
1379 1182 6 6 20
562 1186 6 7 25
663 1187 13 26 123
1262 1186 6 9 21
1699 1187 3 4 7
942 1189 5 5 19
1417 1188 10 13 79
1632 1189 19 20 126
1739 1189 4 6 16
1526 1190 64 32 715
438 1193 4 4 9
1763 1192 25 23 268
1363 1194 7 5 28
214 1199 3 2 6
413 1199 5 4 18
1382 1198 11 10 66
404 1209 6 5 17
1316 1211 3 5 15
1322 1217 5 4 17
1371 1216 23 12 168
1241 1220 9 8 60
1492 1220 4 2 6
106 1223 4 5 14
1347 1223 5 5 15
1686 1224 2 4 8
1767 1225 4 3 10
