0 0 1840 1228 2057862
64 0 5 9 26
286 0 19 30 376
534 0 12 12 101
649 0 11 13 117
671 0 11 11 95
751 0 9 18 139
796 0 18 16 242
860 0 8 10 64
883 0 31 57 858
950 0 6 17 77
1024 0 6 9 47
1115 0 4 2 7
1135 0 9 14 65
1174 0 114 100 3391
1292 0 9 4 23
1458 0 25 28 572
1511 0 19 8 107
1642 0 92 82 2709
1655 0 185 229 8893
971 7 5 11 46
443 10 19 35 445
1057 11 19 31 312
1550 15 28 49 681
1049 17 120 92 2233
825 19 12 15 86
1239 19 8 11 67
365 21 31 16 346
925 23 22 44 540
252 28 9 10 54
593 28 13 19 204
686 28 10 20 170
1808 29 32 27 645
1593 35 12 14 122
190 39 28 30 549
982 40 10 28 197
524 44 14 24 282
1004 47 4 6 17
1112 50 34 81 715
557 57 16 40 318
1177 57 19 30 340
1317 58 5 5 15
272 60 9 9 50
829 62 44 59 1690
606 65 14 9 64
951 66 7 16 100
1363 67 21 36 563
911 72 13 14 131
240 74 11 10 87
1160 81 9 20 110
84 82 16 17 208
773 85 12 18 161
350 89 11 12 101
898 89 5 8 36
672 93 9 18 137
938 92 18 34 266
1411 93 36 56 1301
296 94 14 21 242
401 94 29 34 686
797 95 15 22 247
1595 95 46 52 1478
507 98 11 16 143
1251 99 17 13 162
754 100 27 51 692
166 103 13 15 159
1169 102 13 16 141
532 106 15 29 323
1562 107 17 13 157
369 108 22 19 207
1219 112 17 16 142
1498 115 44 45 1081
314 117 13 17 185
1194 116 5 7 31
1312 116 10 10 82
923 120 12 20 168
1162 123 6 8 35
252 124 9 11 80
94 126 50 44 961
289 127 9 8 52
158 129 12 13 124
1008 128 9 18 140
429 133 13 19 197
1556 133 28 32 612
940 135 13 18 113
1049 134 101 111 3436
1262 135 5 6 23
609 136 8 12 83
1464 139 12 10 69
874 140 7 11 56
1174 142 5 10 40
227 149 8 3 18
296 149 8 11 65
252 151 6 3 8
269 157 10 15 120
555 157 10 17 141
1462 161 17 26 330
1375 162 22 40 623
441 164 23 25 392
1189 165 12 27 101
1611 165 2 5 6
765 166 19 33 487
805 168 7 11 62
1025 168 14 14 143
1530 168 11 14 105
312 170 12 15 140
736 171 7 11 62
90 176 15 13 127
1165 176 4 5 18
1173 179 9 21 89
557 183 9 12 90
1214 183 6 9 37
400 185 15 31 336
336 186 13 17 180
1495 187 9 9 65
184 188 14 14 166
73 193 16 18 236
489 194 9 12 80
1080 194 12 9 72
158 199 13 13 133
804 199 7 12 62
223 201 12 14 137
1603 201 22 27 449
508 202 15 43 460
571 205 13 21 241
1521 206 9 9 66
129 211 19 21 256
648 211 8 13 90
1199 210 24 23 248
247 215 12 15 151
270 215 9 11 78
862 216 5 8 33
948 216 9 12 91
1137 216 28 36 652
1172 217 12 15 102
784 219 5 7 27
1026 218 34 73 1299
461 220 9 15 112
827 220 31 53 671
895 220 27 36 382
1756 222 25 21 380
1556 226 9 8 50
1380 231 17 37 393
530 233 30 41 534
783 233 20 16 259
956 232 3 5 13
640 237 7 11 65
1010 237 4 5 17
671 241 7 10 61
319 242 11 12 112
1538 243 251 155 11440
1406 253 21 35 576
948 257 6 11 57
1363 259 12 7 61
91 261 16 16 187
1152 260 13 7 41
258 263 37 25 486
387 263 11 10 71
1134 262 5 7 25
1193 262 3 4 8
331 264 10 11 79
420 267 23 55 535
888 269 17 11 138
122 271 14 11 119
1199 270 23 25 232
739 273 20 23 166
862 273 5 9 40
1002 273 4 6 23
72 274 9 8 39
499 274 9 13 94
1504 275 22 56 943
959 277 16 22 233
1112 283 8 9 45
146 284 6 7 32
848 285 8 18 116
1058 286 21 18 166
366 288 9 9 63
1088 291 36 40 496
1007 294 13 7 87
1125 297 8 9 42
1161 297 4 6 20
269 300 14 19 221
555 300 17 16 139
350 304 10 11 92
1135 306 19 29 416
1799 306 28 26 520
801 308 4 6 21
935 308 30 46 465
103 310 11 12 73
824 312 4 7 22
897 312 5 8 36
1075 313 3 5 13
911 315 4 6 22
1376 314 27 64 950
125 316 17 20 215
622 316 7 11 65
776 316 6 10 46
1010 319 13 14 103
1207 321 20 39 626
397 323 23 15 240
888 323 6 10 53
1189 327 5 6 18
738 329 7 11 63
1112 329 5 8 35
94 331 13 12 108
779 331 37 49 743
1456 335 37 34 827
1075 339 3 3 8
916 341 3 7 19
990 340 5 7 27
1012 341 9 5 33
1089 345 30 80 1131
743 347 16 28 382
1031 346 32 59 449
1135 347 4 6 19
1410 348 16 24 292
381 351 11 9 69
1116 351 14 16 111
287 353 7 9 45
921 352 12 21 222
1021 355 3 5 14
1168 355 4 4 10
226 356 11 11 102
846 356 7 11 54
1565 357 9 11 77
334 359 13 16 167
1694 359 27 23 433
183 360 9 9 64
516 361 11 18 173
864 365 4 6 14
880 365 7 12 67
1006 365 4 5 19
474 367 13 14 129
1174 366 10 7 51
1066 369 13 18 133
1529 369 29 40 782
900 371 5 7 33
456 372 4 2 6
1315 372 14 20 224
417 375 30 47 612
441 375 8 8 59
1150 375 20 26 177
1195 377 62 31 874
911 378 5 9 43
997 378 3 5 14
737 381 5 11 47
1127 380 5 8 31
113 382 4 2 6
861 383 3 3 7
1755 382 23 38 748
562 384 12 18 178
933 385 16 11 101
1477 386 17 18 222
288 388 5 6 25
318 389 23 25 328
698 390 7 13 81
518 393 11 17 165
869 392 7 19 72
974 392 6 10 52
1002 393 5 12 38
1184 393 3 4 8
1569 393 32 37 735
68 394 10 9 70
130 394 26 24 456
182 395 8 5 21
891 395 6 7 28
500 396 8 12 73
253 401 9 8 56
1120 400 3 3 8
1401 407 15 22 247
1169 409 3 5 14
917 410 3 7 17
1153 411 15 22 150
275 412 9 8 62
559 413 21 35 328
745 412 4 14 27
855 415 89 37 1120
244 416 7 9 42
1315 416 33 31 424
699 419 4 6 16
1544 418 3 3 7
264 421 8 7 51
1022 420 20 18 234
815 426 4 6 15
663 428 7 11 64
599 430 11 13 109
528 432 12 19 163
1062 432 31 17 128
1001 435 3 3 7
1264 435 13 18 191
490 437 8 10 60
765 437 15 9 97
1161 437 26 22 294
1491 437 107 60 2390
1151 439 3 4 12
33 441 20 23 371
637 441 7 8 46
736 440 5 7 28
1694 444 32 25 584
174 447 6 3 17
296 448 9 12 91
1090 448 4 5 15
967 450 7 5 22
1053 450 3 6 18
802 454 14 23 240
851 456 29 42 477
691 459 6 9 45
1367 459 12 14 131
987 461 31 19 207
1070 460 13 6 63
1152 460 3 4 12
386 463 11 15 136
729 462 12 22 92
208 464 7 7 45
751 464 16 13 72
319 466 5 4 14
943 467 20 19 89
298 469 10 12 44
779 469 13 8 55
985 468 2 3 6
880 471 55 32 758
1147 472 4 6 19
1095 474 3 5 11
489 477 7 9 45
834 476 11 5 24
349 479 10 10 84
326 481 5 10 27
807 482 26 31 514
1075 483 9 7 23
146 487 11 9 73
1649 487 30 33 742
748 489 5 9 40
1110 488 6 7 32
948 490 2 5 9
968 490 13 5 41
995 491 16 26 241
72 493 8 6 23
317 492 6 6 32
1063 492 3 4 12
1132 492 48 40 711
554 494 8 10 68
1119 494 15 26 305
1026 496 4 7 24
1580 497 35 42 888
1694 497 11 6 58
100 498 14 31 240
406 498 8 11 72
658 498 7 9 45
1032 498 30 29 482
756 500 4 4 12
982 500 3 4 8
330 503 16 7 87
942 503 41 41 645
1360 504 15 20 247
1449 507 10 8 41
1705 506 22 23 405
194 509 10 7 43
760 509 4 3 9
873 511 10 9 35
1108 510 2 4 6
1485 511 6 6 29
1325 513 9 5 28
415 515 90 50 1120
1418 514 18 23 329
376 518 8 7 31
1070 519 11 15 89
1114 522 4 6 16
982 525 26 42 435
890 527 4 13 48
86 529 9 10 75
0 530 4 16 35
311 533 9 10 75
1024 533 4 4 11
1441 533 19 26 376
928 535 3 5 13
717 537 5 7 29
1136 536 36 32 671
806 539 11 17 154
228 540 7 6 33
592 540 12 14 129
128 545 9 8 43
680 545 5 7 27
1077 544 2 4 8
728 546 4 8 26
862 546 5 6 25
1662 547 51 95 2036
746 549 12 15 104
877 549 3 7 18
1092 551 4 7 25
359 553 12 13 114
1282 553 14 20 222
303 555 7 4 22
839 555 22 34 320
539 558 6 6 33
869 561 17 17 128
1017 561 25 31 464
721 563 23 23 287
945 562 3 4 10
84 564 12 12 89
1060 564 4 5 16
1377 565 13 16 152
151 567 4 2 8
1722 567 21 20 320
973 569 53 45 822
276 571 4 3 6
464 571 8 8 52
354 573 6 4 19
756 572 8 28 91
1316 572 31 22 443
377 575 11 13 114
1069 575 2 5 9
545 576 7 10 46
717 576 4 5 20
1411 578 6 7 33
476 581 20 44 455
861 581 4 5 15
1060 580 7 6 37
113 583 10 7 45
1088 583 17 17 95
1626 583 19 21 277
1137 585 53 38 1005
304 586 9 9 59
874 586 9 39 132
947 589 6 8 38
151 590 9 6 33
204 590 7 7 40
1525 590 18 21 302
553 592 7 12 78
1051 593 5 6 21
1071 593 4 3 9
847 595 13 31 222
750 599 34 48 634
818 600 13 20 168
1403 600 12 16 153
1328 602 10 11 79
1378 603 6 7 34
34 605 21 16 263
1067 605 21 22 125
168 606 6 2 8
316 606 5 7 31
943 606 22 31 300
267 608 4 3 8
1045 609 2 5 9
570 610 9 16 104
427 613 11 11 97
1047 617 3 4 9
1540 616 30 44 709
996 619 3 4 10
221 622 6 3 13
688 623 4 6 20
1096 622 2 3 6
417 625 11 18 159
814 627 2 4 8
1150 626 7 10 57
1608 629 26 29 561
720 630 5 9 37
832 631 4 5 18
847 630 30 19 331
924 630 7 9 50
960 630 68 68 1920
1040 630 3 13 37
612 633 8 11 77
363 636 5 13 44
1434 636 55 48 861
1140 639 3 6 14
888 641 3 6 17
480 642 17 13 109
1306 643 10 11 94
800 645 3 5 13
1047 645 3 2 6
810 647 6 12 35
1286 646 11 14 108
157 649 9 6 41
711 649 3 4 10
1125 648 5 3 14
198 650 5 4 14
1585 650 9 4 18
938 653 6 9 40
1054 652 2 3 6
132 655 4 2 7
282 654 5 6 13
324 655 8 8 51
547 654 7 7 43
826 655 4 9 22
1099 654 11 4 24
1321 655 49 43 637
1417 659 15 16 187
115 661 11 10 88
753 660 11 9 32
872 660 5 9 37
1086 661 2 3 6
1672 660 18 17 249
488 662 6 9 53
379 664 5 6 25
565 665 9 11 81
694 664 5 7 31
778 665 13 18 157
1025 665 7 6 26
437 667 11 15 107
16 669 26 15 236
547 672 8 10 54
68 675 10 8 36
167 675 10 11 83
1094 675 2 3 6
493 676 10 15 120
1050 677 2 3 6
1535 676 49 35 945
743 678 4 6 22
879 678 14 16 121
1038 679 3 5 14
1106 679 19 11 59
1148 678 7 15 45
1389 678 21 26 386
1024 683 2 4 7
460 685 8 8 34
824 684 4 7 23
415 687 8 10 71
1075 686 23 28 356
1369 687 8 5 30
1359 691 3 3 8
119 693 6 2 7
439 693 7 9 36
849 692 3 3 7
1480 693 6 6 21
225 694 4 3 10
1626 694 17 16 207
411 699 3 2 6
703 698 5 4 12
802 698 5 7 24
825 701 4 3 9
1005 700 24 26 214
363 703 27 14 179
544 702 7 15 68
861 702 15 19 94
968 703 24 39 334
1260 705 14 22 227
1435 705 34 59 853
915 708 14 13 134
151 713 8 6 26
1288 713 12 17 162
238 716 5 2 6
483 717 12 11 105
1100 716 3 3 7
224 719 6 5 26
333 719 9 10 57
426 718 26 79 643
775 718 4 8 28
938 721 14 16 160
311 723 12 6 42
735 723 3 6 15
810 725 10 17 136
891 724 16 45 272
498 729 6 7 38
699 729 4 5 15
850 728 10 9 42
551 730 6 10 52
731 730 2 3 6
1106 731 40 24 440
1526 731 10 10 41
747 733 3 6 17
995 735 8 10 32
1369 735 5 4 20
603 736 8 10 61
580 739 12 11 68
1007 738 19 10 68
1358 739 5 7 31
252 740 4 2 6
1385 741 41 49 1075
1667 743 19 18 268
367 744 7 21 92
761 744 9 17 94
1062 744 12 11 51
487 746 3 5 14
949 746 25 31 376
1095 747 2 4 8
1259 746 14 20 226
1487 747 14 16 170
563 749 6 7 35
542 753 6 4 19
1100 753 4 3 10
1333 752 3 3 7
778 754 3 3 6
256 757 7 6 35
870 757 6 8 31
1031 756 8 4 18
1523 756 9 10 43
809 759 3 6 16
1087 759 2 4 6
697 760 9 7 29
1021 761 2 4 7
816 765 7 7 18
1822 764 11 21 93
796 766 3 5 11
996 767 33 33 378
832 771 4 6 18
1067 771 16 14 98
1280 771 19 19 241
223 773 4 3 9
471 772 9 1 9
1334 773 19 13 107
673 775 9 6 25
1570 775 17 17 242
747 777 3 4 12
1044 776 2 4 7
533 778 10 9 60
478 781 31 23 451
843 781 3 2 6
931 783 4 7 27
1054 783 3 12 25
514 785 5 7 34
634 784 7 9 42
1093 785 2 4 8
184 786 3 3 7
755 787 4 5 18
1541 788 18 20 264
729 791 3 4 7
847 790 3 5 14
881 790 4 5 18
223 792 4 3 10
1096 793 10 16 63
1435 792 15 25 295
826 794 4 5 17
1354 796 4 4 9
1022 801 3 15 23
307 803 6 4 15
744 802 8 11 38
162 804 6 5 23
811 805 16 23 182
930 805 4 9 30
947 807 41 39 484
56 808 22 21 321
387 809 5 3 8
858 808 3 4 10
1249 808 24 23 251
459 811 2 10 12
656 810 5 6 22
716 810 3 3 7
548 813 5 7 31
484 814 3 3 7
529 815 9 15 79
747 815 11 13 23
1066 815 12 24 216
270 816 5 3 7
889 818 12 26 149
1045 821 3 4 9
1361 820 13 16 159
15 822 11 7 62
251 823 3 5 7
476 823 15 28 142
844 823 9 3 13
854 822 20 13 141
407 825 28 18 225
775 824 4 6 12
734 827 2 3 6
1039 827 5 6 17
1274 827 9 13 93
285 829 5 4 18
578 830 8 5 16
1588 831 29 24 418
795 833 15 14 66
1464 832 22 24 337
686 834 441 256 31192
757 835 5 11 17
1145 834 3 4 8
1564 835 9 7 43
0 837 10 4 22
1347 836 3 4 9
903 840 25 21 317
984 841 18 22 247
23 843 4 7 20
156 844 19 16 145
217 844 7 7 34
1330 844 4 4 10
1508 845 14 14 154
536 846 12 8 46
754 846 2 4 7
932 847 19 23 142
1654 851 16 16 196
515 852 30 39 364
402 855 8 16 103
622 854 4 5 16
1221 855 12 20 193
256 857 9 12 39
880 856 28 12 116
420 858 15 13 136
851 860 9 4 14
821 863 16 8 72
1016 862 2 4 7
1273 862 9 12 79
211 865 9 4 13
481 864 10 23 66
441 867 12 10 68
572 870 7 10 58
496 872 4 3 11
588 872 3 2 6
1345 872 4 3 9
33 875 4 2 7
802 874 9 11 80
853 874 2 4 8
291 876 4 3 7
514 876 4 2 7
1497 876 15 8 81
360 878 12 2 14
422 878 5 4 16
1562 879 26 30 363
1612 879 15 13 142
559 880 5 7 26
973 881 16 21 235
654 884 3 3 7
845 884 16 18 151
0 887 7 5 28
429 887 21 14 194
823 887 4 7 20
1479 888 10 10 74
335 891 6 3 13
499 891 5 10 33
947 891 12 11 51
1288 890 15 20 215
64 893 16 12 86
363 892 5 2 7
1359 894 7 6 31
1408 895 26 29 477
1657 895 15 12 129
50 896 6 2 6
276 897 4 2 6
27 898 5 3 8
513 899 5 3 11
912 898 4 9 12
538 901 9 4 27
670 901 3 3 7
862 900 5 7 31
246 902 11 5 29
925 902 10 14 68
110 905 14 10 66
238 907 4 3 8
296 906 10 19 96
494 907 5 8 23
661 907 4 7 26
839 906 8 5 19
33 909 15 8 54
617 908 3 3 7
1221 909 8 13 60
380 911 2 7 8
62 913 19 13 150
527 913 5 7 29
857 912 2 5 10
484 915 7 5 11
314 917 4 3 8
952 919 3 4 12
354 920 4 4 9
503 921 13 10 86
851 920 3 3 9
475 922 7 3 9
550 923 16 14 79
1197 923 7 8 36
1234 924 8 11 74
1578 925 14 14 143
33 927 14 28 236
911 927 39 38 493
1379 927 37 24 394
453 928 5 2 6
535 928 5 4 13
1340 929 4 3 10
1454 931 13 11 95
416 932 6 8 39
474 934 5 5 21
837 934 2 3 6
380 936 5 3 11
572 937 6 7 39
1470 936 33 46 690
184 939 9 6 40
1324 938 15 33 262
125 940 3 2 6
723 940 12 14 120
494 943 17 11 47
526 942 15 34 113
589 943 3 7 15
608 943 4 2 7
966 943 11 13 92
459 944 6 4 15
700 945 2 6 8
1515 945 13 13 117
1523 944 29 37 476
1741 945 6 3 15
400 948 4 2 6
468 949 11 14 93
551 949 4 7 27
366 950 4 3 8
614 953 8 9 49
636 954 3 3 7
249 959 7 14 63
558 961 11 6 32
287 963 5 3 9
420 963 12 17 141
659 962 13 11 56
1312 962 3 3 7
1449 963 12 13 131
158 964 4 6 11
346 965 21 8 133
297 967 11 5 31
396 967 3 3 6
25 968 4 11 24
37 968 10 10 82
222 968 6 3 11
589 971 12 8 31
610 970 9 11 65
780 971 8 10 66
488 973 20 18 119
723 973 3 6 16
132 975 10 8 57
1077 975 2 4 7
570 978 8 7 34
1420 979 10 12 93
166 981 7 6 23
437 980 11 16 58
740 980 2 5 10
643 983 1 8 8
916 983 3 4 12
1384 985 19 17 161
367 986 15 24 116
705 986 8 1 8
518 989 5 9 30
558 989 14 16 52
66 990 7 4 23
276 991 3 2 6
1459 991 23 40 564
421 993 14 10 55
488 994 6 4 17
530 995 4 2 7
1243 994 7 6 33
86 997 5 3 10
183 997 3 3 7
1304 996 21 24 244
223 999 3 3 6
621 999 8 10 58
9 1000 4 5 16
300 1000 7 10 20
347 1001 5 3 12
447 1000 14 11 77
499 1001 19 17 136
659 1001 3 5 10
734 1001 2 4 7
1268 1001 9 8 53
1053 1004 16 9 67
580 1006 5 5 17
144 1009 4 9 20
463 1010 9 27 96
529 1010 14 19 78
573 1011 5 6 25
246 1012 6 6 12
391 1013 4 3 6
430 1014 4 3 8
724 1014 8 18 88
761 1015 8 10 70
65 1017 21 14 213
1282 1016 14 18 155
1195 1018 8 14 72
477 1021 10 4 15
687 1024 5 7 26
282 1027 6 3 12
747 1027 12 6 34
787 1028 10 13 91
1411 1029 14 37 285
597 1031 7 8 28
259 1032 19 11 89
238 1034 4 3 7
364 1034 15 8 46
508 1034 4 13 23
625 1034 32 23 210
1437 1036 18 28 340
469 1039 22 29 296
702 1038 8 8 47
750 1038 34 17 223
418 1040 5 5 21
449 1041 10 6 25
784 1042 2 4 8
1211 1043 36 45 399
1384 1042 11 14 117
154 1045 4 7 12
424 1045 6 3 17
1087 1045 9 11 77
66 1046 7 8 37
571 1046 3 4 8
581 1047 8 4 19
794 1048 2 4 6
1117 1048 13 18 129
850 1053 16 14 110
1257 1053 5 4 16
280 1054 5 4 12
381 1055 5 5 10
1268 1055 9 11 76
556 1056 3 3 9
1492 1056 10 9 66
288 1059 7 10 22
455 1058 3 11 25
1029 1058 2 3 6
11 1060 4 5 7
801 1063 13 9 71
1180 1063 8 9 52
518 1065 2 10 11
989 1066 8 4 11
1315 1067 3 3 7
1463 1066 7 10 30
139 1068 8 5 17
493 1069 5 9 25
1066 1068 9 18 100
121 1071 3 4 8
623 1072 14 15 52
642 1072 8 4 16
719 1073 8 13 77
1046 1073 3 3 7
107 1075 9 5 29
663 1075 4 4 12
961 1075 2 3 6
1116 1075 9 9 55
1156 1075 9 28 190
65 1078 7 10 20
551 1079 24 19 123
685 1081 15 25 202
1296 1081 5 4 8
292 1083 7 4 19
313 1083 4 9 12
1263 1083 8 11 65
1477 1083 8 8 35
179 1085 9 11 26
342 1085 3 3 6
375 1084 8 10 59
653 1084 4 3 9
1050 1084 2 4 7
241 1086 4 4 10
443 1087 4 3 7
320 1088 20 9 81
1437 1088 14 22 194
420 1091 15 3 20
453 1090 3 5 14
486 1090 4 6 13
831 1090 3 4 6
1140 1090 5 8 26
1172 1091 15 11 115
505 1092 7 7 18
881 1092 6 7 32
1313 1093 3 3 7
1345 1093 9 11 65
387 1094 4 2 7
50 1097 15 8 40
459 1097 22 15 64
865 1097 5 12 35
960 1097 4 8 25
725 1099 12 8 53
1785 1098 6 5 18
925 1100 10 13 59
72 1103 15 18 162
435 1102 8 4 15
676 1102 5 5 13
751 1103 6 7 41
791 1104 2 4 7
207 1107 3 3 6
357 1106 8 11 24
536 1107 28 27 245
36 1108 14 17 92
1288 1109 20 27 289
314 1110 9 5 26
1456 1113 4 4 13
504 1114 8 7 20
1393 1114 4 3 7
1826 1115 3 3 7
347 1117 10 11 74
428 1117 2 4 7
581 1117 20 22 75
1011 1117 3 4 7
136 1118 4 4 9
182 1118 11 4 16
730 1118 1 7 7
443 1120 29 33 291
521 1120 5 4 12
1446 1120 8 9 47
407 1122 13 20 124
482 1123 5 8 30
814 1122 2 11 12
231 1125 8 6 28
1141 1124 3 3 8
875 1127 2 3 6
1355 1126 32 19 330
625 1128 2 4 6
1159 1128 5 10 41
1247 1129 6 6 28
1634 1129 4 5 9
380 1133 3 3 6
1214 1133 6 7 32
725 1135 10 10 28
864 1134 2 4 8
1423 1135 10 12 79
280 1137 5 4 10
515 1137 9 3 13
923 1136 2 3 6
1337 1137 3 3 8
485 1138 7 5 26
504 1138 2 4 6
67 1141 5 3 10
193 1141 5 3 6
656 1140 5 5 19
42 1142 4 6 13
215 1142 4 2 6
424 1142 14 19 84
1326 1143 22 18 152
781 1145 6 3 13
748 1147 10 8 43
292 1149 4 4 9
552 1148 32 38 239
1176 1148 7 6 34
1241 1148 11 15 68
927 1150 2 4 8
1025 1150 3 8 23
258 1152 6 6 22
1305 1155 8 10 59
1375 1155 9 10 58
1491 1156 10 10 66
92 1158 18 9 65
230 1158 10 20 67
604 1158 6 13 45
177 1160 8 5 22
1323 1161 8 15 35
622 1163 19 6 41
743 1163 5 10 26
1013 1162 2 4 7
380 1165 6 6 24
1457 1164 4 4 8
288 1166 5 6 18
517 1167 20 20 120
541 1167 8 2 9
783 1166 2 9 16
1193 1168 19 28 217
1421 1168 13 16 162
928 1171 4 7 26
50 1174 18 13 110
506 1174 8 5 22
1276 1174 5 4 15
320 1179 5 12 19
680 1178 9 5 17
933 1179 4 3 11
1450 1179 6 4 15
204 1181 5 3 7
252 1181 10 9 36
368 1181 4 5 15
439 1181 5 4 12
493 1182 5 5 17
555 1183 2 4 8
642 1183 10 6 26
751 1182 3 3 7
1665 1183 6 5 20
1819 1185 5 4 11
1306 1189 7 5 18
1351 1188 5 5 12
245 1191 2 4 7
507 1190 10 14 51
730 1190 3 5 12
1125 1190 5 5 18
1243 1191 8 3 11
1503 1190 4 2 8
209 1193 7 3 9
559 1192 2 6 11
392 1194 24 9 67
474 1195 13 6 25
738 1195 4 4 16
1231 1194 9 12 85
755 1198 4 2 6
867 1199 2 3 6
1357 1200 7 6 20
1373 1201 10 11 59
130 1205 9 8 38
177 1207 2 5 6
521 1210 4 18 31
196 1212 11 6 36
731 1213 5 6 11
1206 1213 5 3 12
456 1215 5 6 17
501 1214 9 9 40
550 1217 2 4 6
629 1216 5 12 26
662 1217 3 3 9
1437 1216 10 12 75
1193 1219 5 9 33
217 1221 11 7 48
588 1220 13 8 63
618 1220 2 8 11
305 1222 7 6 23
467 1222 14 6 35
44 1224 2 4 8
