0 0 1840 1228 2055653
297 0 12 3 28
354 0 13 17 187
462 0 9 6 37
538 0 12 8 76
775 0 99 126 1979
1030 0 5 3 12
1045 0 7 2 9
1061 0 12 29 260
1114 0 9 17 111
1174 0 26 43 533
1200 0 4 2 7
1249 0 23 16 235
1258 0 212 234 8299
1489 0 42 34 1095
1697 0 15 5 57
1808 0 32 76 1602
965 5 12 22 181
1210 7 8 15 81
648 11 29 64 642
1133 11 13 25 256
930 15 7 14 71
590 17 11 20 171
1003 18 8 17 105
556 22 15 41 412
741 27 5 7 26
1038 26 26 62 669
1640 27 20 28 346
1081 29 24 40 469
1150 28 26 46 550
1232 31 62 142 3901
988 35 38 82 1004
714 38 11 25 220
1219 38 8 16 81
593 41 43 53 624
947 41 40 36 708
880 45 9 19 130
904 45 9 17 117
157 46 22 31 544
1188 47 6 12 55
249 49 15 20 236
1111 49 23 23 313
1711 51 31 39 772
334 55 16 23 275
1202 54 17 19 188
861 62 6 13 60
411 64 8 16 101
1174 75 6 11 44
1414 74 25 42 720
108 76 20 43 697
227 76 37 36 513
1392 80 15 25 271
1150 88 43 55 767
1768 89 72 61 1865
377 92 14 14 147
673 93 11 19 155
961 92 4 3 8
1089 92 4 10 30
1033 97 14 20 180
559 101 13 26 267
607 101 9 18 130
858 103 35 23 386
1127 105 6 11 40
294 111 12 28 249
732 111 4 5 12
1090 111 5 7 20
1694 110 25 27 435
935 112 50 61 1276
1468 113 43 37 1008
563 114 29 43 522
990 119 6 9 36
1021 119 6 8 41
1605 120 42 36 926
426 124 10 16 137
1139 127 25 24 377
1301 129 14 23 226
1446 129 2 10 12
670 130 19 24 371
780 134 79 23 1021
1215 135 6 12 50
507 140 7 11 64
1003 140 11 22 172
1818 142 22 31 585
1186 145 11 18 76
629 147 10 17 131
1117 147 5 7 25
150 148 20 28 463
1024 151 30 34 347
1101 150 4 7 22
1733 150 32 43 954
867 153 7 13 71
1167 153 5 8 31
322 155 15 18 202
1061 155 12 27 192
1129 161 11 15 130
986 165 29 49 551
664 169 10 19 147
603 171 9 16 121
1410 171 13 19 184
1587 173 16 33 311
518 175 8 10 60
1171 175 18 28 269
1099 176 9 18 122
1253 177 6 9 40
582 180 14 26 221
1222 181 4 3 7
223 182 18 28 430
909 183 17 31 393
1051 185 9 16 118
1150 185 4 6 17
383 187 9 13 79
556 186 12 15 138
1710 186 13 12 69
886 192 7 14 70
321 195 9 11 79
1208 195 15 19 95
780 197 6 9 40
1093 196 26 30 256
429 198 11 19 153
937 198 16 33 282
1668 202 22 27 442
613 205 8 13 91
870 206 5 11 48
1123 206 52 53 1114
1252 207 5 6 18
1762 207 45 48 1259
305 208 10 9 62
350 211 11 19 174
571 211 9 16 114
970 211 8 8 59
200 212 19 27 406
1017 212 10 13 68
1434 215 46 60 1192
1206 216 48 110 1902
1254 224 5 7 24
524 230 6 6 30
1007 231 4 7 21
1038 235 4 8 24
290 239 11 10 87
550 239 11 19 168
151 241 36 45 825
1257 242 56 64 333
919 245 12 22 189
371 247 11 16 144
1097 247 4 8 29
1520 247 15 21 220
317 249 10 18 142
418 248 7 11 57
1003 249 3 5 14
1316 248 55 38 717
1648 251 62 48 1134
805 253 5 7 29
853 252 18 15 160
1179 252 21 36 357
609 255 9 17 120
948 257 23 41 501
1063 259 19 42 445
550 261 40 61 1014
1156 260 4 7 18
798 264 6 6 28
1004 267 8 12 82
1142 269 4 6 19
636 271 13 19 163
822 272 6 10 45
1010 273 43 48 879
1802 272 21 23 355
935 277 4 8 27
842 281 6 11 50
605 284 5 8 24
1323 286 3 5 6
434 289 6 6 21
701 289 6 11 30
810 289 7 14 81
1341 291 26 30 115
1757 291 20 21 290
988 292 15 21 157
619 295 15 16 132
1130 294 14 14 137
662 301 8 13 65
1095 301 6 8 32
936 303 8 15 89
291 305 15 16 131
583 305 8 14 94
913 305 7 11 59
1313 307 9 14 16
1701 309 38 58 1322
1107 311 4 7 24
1617 312 17 17 200
671 314 11 15 129
898 314 5 7 28
257 317 11 14 123
973 318 3 6 16
1065 323 62 34 800
947 327 13 24 219
158 328 17 21 302
365 328 9 10 64
829 328 5 10 44
989 329 9 16 106
605 330 11 17 149
1323 330 16 5 34
907 334 56 60 1414
1136 334 10 9 53
1169 335 27 46 430
1214 336 9 15 80
1240 340 7 9 48
1569 341 14 24 154
1750 343 27 31 604
535 344 11 17 138
875 345 6 10 47
982 345 5 10 36
301 346 8 9 56
837 347 6 12 53
1331 351 16 26 293
565 353 8 14 89
1357 354 38 55 1144
503 357 8 14 95
1052 357 5 7 22
412 359 7 11 64
648 359 15 17 190
977 359 53 30 545
1126 358 14 14 89
1243 358 4 4 9
1627 361 21 24 365
1404 363 18 27 316
100 369 15 17 210
836 368 5 11 47
1114 375 7 17 51
806 376 6 9 39
318 380 21 16 197
1577 380 6 6 26
1052 384 3 5 12
1210 387 4 7 16
1129 389 3 4 10
1167 390 15 26 283
1437 390 13 18 161
736 392 6 10 48
1695 393 35 49 1006
1022 394 3 4 9
1193 397 17 43 289
1145 398 4 8 24
950 401 4 8 23
549 402 12 31 195
1007 403 3 6 12
155 405 13 16 172
262 405 7 5 24
1086 405 17 30 276
975 409 13 28 195
317 410 5 2 7
1223 411 7 10 50
851 413 141 136 7657
1520 412 9 7 37
189 414 9 10 74
1071 414 4 7 23
1611 414 29 29 469
843 417 7 28 108
956 416 9 7 36
1011 417 4 6 13
1044 417 3 6 15
502 421 8 12 84
379 423 6 8 36
1111 423 25 28 193
611 425 11 19 172
797 426 6 11 54
995 427 11 9 48
1645 428 28 36 483
1145 430 3 5 12
1341 430 13 20 184
1157 433 10 12 42
1249 432 18 27 335
489 434 9 16 120
118 437 31 78 1109
150 437 4 3 9
437 436 6 9 47
745 439 7 12 64
781 439 6 11 52
1812 439 21 17 260
1564 441 8 9 56
1061 443 26 34 426
1700 442 50 38 862
1147 445 4 6 18
393 446 15 11 65
1088 447 3 7 16
654 449 8 13 94
758 449 13 6 43
444 450 8 8 40
209 452 19 19 251
523 452 6 9 50
1159 452 13 13 61
344 454 4 4 9
561 455 14 24 244
1600 457 11 11 81
1119 458 3 6 16
1360 460 15 25 263
611 464 7 12 75
1005 465 9 17 125
1030 464 3 7 15
1138 464 5 19 50
1327 464 19 27 365
276 466 18 17 170
793 467 21 22 162
1235 466 10 15 106
1094 469 4 8 22
96 471 12 14 115
176 470 21 25 380
504 473 20 35 339
1282 473 10 16 120
1563 473 7 8 43
1168 474 24 48 497
1107 478 4 6 16
1044 480 15 28 131
1499 485 15 18 195
1024 486 3 3 6
1158 486 3 5 12
241 488 6 5 19
1124 488 9 10 66
1086 491 9 9 55
1585 490 39 64 1430
594 492 24 36 296
204 495 16 22 310
583 496 4 4 9
1106 496 11 26 133
788 499 4 5 16
332 500 8 8 49
349 500 8 11 73
1376 502 14 27 256
1008 504 10 10 73
547 510 19 17 230
842 513 3 4 9
1402 512 12 17 162
766 514 4 5 15
1206 516 3 4 9
1698 516 42 47 1065
235 519 11 9 81
808 518 4 7 22
1141 518 4 7 18
1159 521 4 4 11
513 525 9 17 114
962 525 38 28 326
1046 529 4 7 24
1084 528 4 6 16
861 533 5 10 35
1559 533 7 8 44
795 535 3 5 12
1128 535 34 51 702
294 536 6 9 46
566 537 42 23 307
882 537 5 4 12
1101 537 19 13 93
1433 538 11 16 131
1052 541 3 7 19
1174 540 20 28 281
890 542 19 38 485
1008 544 7 13 64
1080 547 4 7 21
1786 546 11 5 30
543 548 11 25 116
1386 548 15 24 265
1065 550 3 5 8
356 555 6 9 48
267 557 26 22 331
919 557 29 37 509
305 562 13 14 132
836 563 4 8 25
1004 563 3 3 7
1069 562 27 41 229
1005 565 15 29 98
1033 565 10 18 135
1109 564 3 5 12
523 566 15 18 167
801 566 5 9 36
967 567 5 9 34
1205 568 14 22 234
503 571 9 14 105
598 571 7 12 67
757 573 5 10 43
914 573 4 7 22
990 572 7 13 60
1097 574 5 8 36
1614 577 25 26 459
224 579 25 32 361
1485 578 12 15 146
553 581 18 19 131
1719 580 17 18 213
44 582 15 21 271
1023 583 2 5 9
888 588 8 8 53
1571 589 24 61 771
578 590 11 14 101
1147 590 8 12 74
861 592 12 19 62
309 595 6 8 39
750 595 12 9 48
1021 594 18 14 98
353 596 6 5 27
699 597 11 10 51
989 596 56 73 1553
473 598 7 12 71
1164 598 3 6 17
537 600 13 11 104
1183 600 5 7 25
203 602 7 11 67
502 605 6 9 50
802 607 10 16 55
1159 607 4 5 9
1172 607 7 11 59
894 608 3 2 6
921 609 3 5 12
934 609 4 5 14
171 610 12 14 145
481 610 15 23 263
520 611 7 10 57
592 611 8 12 70
1074 611 6 11 40
1521 612 10 11 74
1529 612 35 57 803
340 615 7 13 64
946 615 30 40 350
1142 614 2 3 6
734 617 4 6 21
885 617 20 29 232
1095 616 2 4 8
972 619 10 10 29
1208 618 7 4 22
1101 622 2 4 8
1132 622 2 6 11
1155 623 5 7 27
1689 624 14 14 151
1231 626 14 21 208
382 629 6 4 14
1052 628 7 10 50
297 632 13 31 242
773 632 4 6 16
611 635 7 14 77
1137 634 14 18 99
1119 636 2 3 6
1199 636 4 7 20
585 638 23 39 273
366 641 7 6 25
786 641 4 8 29
1083 640 3 11 22
336 645 7 6 27
505 645 6 7 12
1045 644 2 6 10
1064 646 3 10 28
444 649 7 9 44
534 649 6 8 41
854 648 8 20 83
880 649 3 7 16
1160 648 4 6 15
1324 648 59 34 750
1640 648 21 45 740
905 650 6 10 43
408 652 4 3 10
1093 652 4 6 19
1185 652 5 7 28
241 654 8 7 47
509 654 12 34 302
154 657 11 14 126
918 657 4 8 29
986 657 2 5 7
1070 656 6 12 64
780 658 13 12 64
1137 659 2 4 6
1242 658 31 43 663
47 662 13 13 124
926 666 29 32 416
966 668 3 7 9
984 671 13 5 35
1487 670 29 33 393
1595 672 24 65 627
1722 673 17 15 195
288 676 4 5 12
843 677 26 18 208
887 679 14 12 56
214 680 7 7 36
403 680 6 7 25
1013 681 25 40 413
1429 680 40 28 435
714 682 6 10 42
1179 684 12 14 79
186 687 12 12 97
525 687 17 16 176
753 689 3 2 6
956 688 3 5 11
1130 689 7 22 64
1051 691 4 7 17
1675 691 26 27 351
303 692 18 24 206
770 692 5 16 66
244 695 5 4 18
994 696 6 5 19
1079 697 2 5 8
1274 696 13 18 148
550 699 6 13 57
1321 698 9 12 81
1006 701 2 13 25
238 702 6 5 22
439 702 6 8 35
711 703 5 8 26
895 702 6 20 48
1035 704 7 11 59
123 707 3 3 8
386 706 17 7 86
738 707 5 11 44
823 706 4 7 22
861 707 4 6 21
964 707 18 13 100
874 709 6 11 42
1418 709 11 16 104
1526 709 17 23 289
186 710 8 8 45
763 711 3 3 6
427 714 6 6 26
1463 715 11 25 153
534 717 11 10 60
1091 716 3 6 14
1750 716 35 58 963
1259 719 8 12 70
1574 718 16 19 215
747 721 3 6 17
1050 721 18 9 58
224 723 9 9 64
247 723 6 8 39
1105 724 2 4 6
1084 727 4 6 21
966 729 12 24 139
961 728 100 170 3159
853 734 2 4 8
895 735 3 7 16
1362 735 9 12 87
1409 734 14 16 165
1317 738 7 7 31
819 741 25 60 312
841 740 5 6 17
1079 741 8 7 26
1101 742 15 29 210
918 745 7 14 82
995 744 6 15 44
869 746 14 6 54
508 748 5 8 34
1279 749 20 23 287
1498 749 6 7 33
14 751 13 13 119
207 750 8 10 65
227 750 8 9 58
535 751 42 32 404
1062 751 2 4 7
948 753 15 23 204
136 755 4 3 9
1081 756 8 17 65
1151 756 5 8 29
875 763 3 5 13
150 765 11 12 117
328 764 9 8 58
489 765 5 10 37
396 767 6 5 17
589 766 8 11 62
1547 766 52 50 1325
1703 767 22 18 281
303 768 14 10 40
435 769 5 4 15
1250 768 8 9 59
634 770 6 11 54
464 773 8 10 58
893 773 3 6 14
1093 772 15 36 217
1475 775 4 6 20
514 777 6 8 38
767 779 3 3 9
938 779 2 5 6
1303 779 15 15 132
790 783 3 8 22
1052 782 22 24 139
743 784 4 6 17
1662 784 16 24 291
689 787 2 4 6
726 786 3 5 11
804 787 2 4 7
1038 787 2 4 6
237 789 6 7 37
863 789 2 4 6
877 789 11 20 139
1470 789 4 7 17
903 791 9 15 105
1145 790 5 7 24
1352 791 9 12 75
393 792 5 7 28
1512 793 35 43 772
1493 794 3 5 10
1074 796 2 6 11
450 798 6 7 24
491 798 24 31 296
801 798 3 4 8
745 800 6 4 15
323 805 7 9 47
1130 805 11 14 110
184 809 18 35 301
358 809 6 18 78
391 809 3 3 6
823 808 3 3 6
1714 808 23 21 350
768 810 8 9 42
520 812 5 8 35
739 813 7 2 8
959 812 5 8 12
116 814 15 20 227
232 817 20 10 90
719 816 3 3 7
926 816 12 10 80
1080 816 4 5 14
388 818 3 2 6
826 821 28 27 274
685 820 461 263 30829
1104 821 3 5 10
878 822 25 43 640
792 825 11 10 36
939 824 8 13 85
855 827 17 38 214
514 828 13 12 69
731 828 3 4 9
579 833 7 10 48
142 834 14 16 120
338 834 3 3 6
538 835 5 8 32
800 835 24 64 407
365 836 7 8 31
752 839 20 29 304
1158 839 15 25 225
99 841 11 10 86
720 840 4 6 15
1214 840 34 24 375
1595 841 22 15 200
1477 842 9 8 60
556 846 6 10 44
635 846 3 5 12
903 846 58 36 620
697 848 3 5 14
731 851 11 6 38
826 851 2 4 8
1451 853 4 4 12
132 855 8 5 20
341 855 4 3 9
687 855 4 8 23
1300 855 18 19 198
1687 855 23 26 431
420 857 4 6 21
831 856 24 60 476
313 859 4 3 7
562 858 6 7 39
226 863 4 2 8
1036 863 2 6 8
1148 862 4 4 15
530 865 8 7 26
1340 866 13 17 148
103 871 8 5 19
151 871 9 9 73
671 871 4 7 22
495 873 4 2 7
203 874 7 5 23
860 874 13 7 24
486 876 9 9 41
353 878 13 17 83
1322 879 3 6 8
518 883 4 7 23
945 882 28 22 191
983 883 5 7 34
9 885 10 16 54
558 884 8 16 62
1400 884 9 12 83
166 886 25 15 267
1190 886 13 19 195
67 888 10 18 105
484 891 18 13 82
935 890 6 6 18
1377 893 4 8 28
512 897 12 21 113
997 896 11 21 156
1263 896 11 15 114
587 899 16 13 69
908 898 9 19 99
970 898 16 32 196
1389 899 4 8 16
1633 898 4 3 9
26 903 6 3 13
226 903 11 12 116
1421 903 11 14 113
1568 903 22 20 273
443 905 9 27 143
938 905 5 15 39
620 907 3 4 8
951 907 2 4 6
825 909 2 3 6
1034 908 3 5 12
1536 909 16 33 346
1677 909 54 49 1092
859 910 14 12 69
472 913 18 10 94
557 913 7 23 93
981 915 51 48 1002
186 916 13 4 24
828 916 4 5 16
882 916 26 22 175
117 918 6 6 19
855 919 2 5 8
1172 918 6 10 51
1367 918 14 18 166
1405 923 8 11 69
361 924 5 4 12
1743 924 4 2 8
1772 927 5 4 9
350 929 4 4 12
675 929 11 6 25
1283 930 10 15 114
1492 931 40 30 604
293 933 12 3 14
1230 933 12 17 154
198 934 7 6 32
398 935 7 10 46
839 934 25 18 196
1394 937 4 9 23
188 940 7 5 26
926 941 3 3 6
223 942 5 4 15
490 943 12 16 91
966 942 9 12 67
237 945 5 4 11
437 944 8 6 26
678 945 6 5 13
1573 951 28 45 459
293 953 3 3 7
248 954 24 17 160
699 954 3 6 12
1418 955 11 14 110
1537 955 3 3 6
727 956 2 3 6
157 958 5 3 11
505 959 5 3 9
881 959 4 5 14
281 960 10 18 56
1304 961 13 18 165
356 962 3 3 8
1677 962 4 2 6
513 965 3 3 9
1683 965 10 6 40
350 966 4 3 9
714 966 7 13 63
542 968 5 9 42
607 968 7 4 15
1093 969 5 3 11
143 971 12 11 98
191 971 20 21 172
552 970 11 23 93
1276 971 3 3 7
1611 971 8 7 25
421 972 12 15 50
1481 973 13 17 159
454 974 34 19 339
1452 975 13 13 117
1824 976 5 2 7
520 978 6 2 10
1401 979 3 4 11
1435 981 5 2 6
397 984 7 4 18
708 985 4 8 21
381 986 5 11 28
499 987 4 9 30
1266 987 3 5 11
115 989 6 3 12
615 989 9 2 11
1321 990 3 3 8
361 993 5 4 11
451 992 2 3 6
574 992 4 4 13
427 995 13 17 96
692 995 6 8 25
737 994 10 8 17
1352 995 4 2 8
482 997 14 13 90
1336 997 8 9 46
704 999 8 4 17
1308 998 9 12 70
394 1001 7 4 17
460 1002 11 8 47
1592 1002 10 10 70
284 1005 7 10 55
623 1004 4 2 6
644 1005 4 6 17
763 1005 8 5 16
1280 1005 10 15 97
106 1006 12 15 114
1125 1006 11 4 18
524 1009 26 33 174
575 1009 3 6 8
834 1008 7 13 48
1500 1008 39 56 655
1195 1010 3 3 8
1563 1012 8 8 52
689 1015 7 10 35
1266 1014 7 6 20
461 1016 39 31 290
1227 1017 12 18 166
436 1019 3 5 15
1408 1018 14 15 178
48 1021 6 5 14
345 1020 12 9 43
1445 1023 7 6 31
426 1024 4 14 27
653 1025 3 13 21
1297 1025 7 11 62
243 1027 3 3 6
411 1027 3 5 11
438 1026 11 15 83
556 1028 6 3 13
1119 1028 24 17 240
1210 1029 7 13 52
1312 1028 8 26 125
1341 1029 4 5 12
117 1030 17 16 81
1454 1031 27 23 335
1585 1030 7 4 11
15 1033 24 19 256
163 1033 25 33 317
849 1033 7 1 7
1746 1033 5 3 11
1056 1037 3 3 8
1288 1038 9 17 116
1365 1039 3 3 6
235 1040 23 8 61
1422 1040 10 14 117
629 1042 4 11 25
784 1043 5 4 11
808 1043 8 7 36
380 1044 6 3 12
400 1045 6 2 8
508 1046 4 7 20
74 1049 10 6 33
342 1048 4 2 6
603 1048 2 6 7
699 1048 2 4 6
929 1048 4 14 28
1245 1048 5 8 34
204 1051 11 13 51
407 1050 10 3 12
461 1051 22 26 272
816 1051 6 7 18
365 1056 10 7 36
425 1057 22 28 183
527 1056 20 32 227
33 1059 5 5 19
331 1060 5 11 14
514 1060 7 3 12
682 1060 4 2 6
1051 1060 11 16 126
547 1063 13 10 72
1076 1063 8 12 66
1282 1062 3 4 8
227 1065 9 11 76
805 1065 3 4 8
1146 1065 4 3 11
1534 1064 8 6 20
680 1067 17 9 32
374 1069 21 18 108
817 1069 20 29 233
887 1069 5 8 33
1248 1069 12 9 57
1340 1069 6 5 11
1471 1068 10 11 72
500 1071 4 6 9
911 1070 3 4 8
737 1072 2 4 7
789 1073 3 6 14
624 1074 10 3 13
1120 1075 6 3 12
68 1076 11 10 48
1509 1077 12 20 150
161 1078 11 10 69
417 1078 26 48 326
428 1079 78 86 992
926 1078 10 11 54
1229 1078 7 8 21
187 1081 7 12 47
309 1080 12 7 34
568 1081 4 2 6
739 1080 3 3 7
596 1082 5 5 16
642 1083 37 20 189
807 1082 2 3 6
44 1084 3 3 6
1354 1085 9 6 35
280 1087 13 6 26
331 1087 13 9 46
1437 1087 9 12 85
716 1089 2 4 6
1336 1088 6 5 22
81 1091 23 23 108
912 1091 10 13 27
119 1093 8 5 28
172 1093 12 9 42
1030 1092 11 19 148
1273 1092 14 14 95
907 1095 4 5 13
310 1096 5 3 7
534 1096 4 10 28
1223 1096 6 1 6
1626 1096 4 7 18
392 1098 7 1 7
798 1098 17 12 41
1481 1099 18 16 179
387 1101 5 2 6
1149 1100 8 13 66
1176 1101 6 1 6
162 1102 10 1 10
454 1102 2 3 6
573 1105 7 8 19
847 1105 26 23 284
1405 1105 2 5 9
899 1107 4 6 22
1085 1106 9 4 17
987 1108 4 4 11
1168 1109 8 12 65
1228 1109 12 12 74
137 1111 5 4 13
209 1110 7 4 28
219 1111 20 23 157
1644 1110 4 3 8
609 1112 41 15 247
815 1113 23 31 251
1248 1113 5 4 14
1375 1112 9 12 81
1320 1115 12 13 66
1677 1114 4 4 7
185 1116 15 7 29
677 1117 7 7 29
809 1117 2 5 8
1013 1117 8 9 54
1270 1116 2 5 10
1789 1116 3 3 7
313 1119 3 3 7
370 1119 21 17 65
912 1120 13 8 58
985 1120 2 4 7
1123 1120 9 13 86
1422 1120 3 3 9
351 1122 6 3 8
521 1122 4 5 19
568 1123 17 13 86
743 1122 2 10 11
1296 1122 9 14 84
504 1125 32 17 173
894 1125 5 6 17
1488 1125 9 6 40
0 1127 17 11 37
159 1127 4 4 6
272 1127 4 6 22
1359 1126 7 13 50
998 1129 2 4 6
485 1130 14 8 49
901 1132 2 5 9
395 1135 10 7 47
647 1134 7 9 40
803 1134 3 3 7
1460 1135 13 15 118
253 1136 9 9 22
289 1136 13 28 91
1235 1137 11 10 73
355 1139 4 7 15
588 1139 9 19 90
1311 1139 5 5 19
1192 1140 16 14 171
412 1142 12 16 66
1748 1143 4 4 11
155 1144 3 3 7
169 1144 35 22 221
301 1145 9 5 17
329 1144 7 2 8
531 1145 6 11 24
568 1145 6 5 24
623 1145 20 28 187
1322 1144 8 12 85
552 1146 15 13 41
862 1147 4 7 22
1252 1146 2 4 8
1485 1147 16 14 116
33 1148 7 6 14
1230 1148 5 7 24
1288 1148 8 11 56
0 1151 5 2 9
666 1150 4 4 12
1764 1151 5 5 11
109 1152 14 10 44
512 1153 2 4 7
835 1152 12 11 78
954 1152 3 8 14
1008 1152 4 5 18
1728 1152 3 3 6
246 1155 7 13 25
415 1154 67 56 1047
866 1155 13 7 56
1532 1154 6 16 51
711 1156 5 3 7
921 1157 3 4 10
1328 1156 21 23 178
64 1158 5 3 12
348 1159 4 2 7
389 1159 4 5 14
524 1159 5 14 53
943 1159 2 5 9
992 1158 2 3 6
1548 1159 15 16 131
1637 1158 15 13 108
148 1161 6 9 22
205 1163 4 5 7
557 1163 6 7 26
655 1162 7 11 24
1594 1163 2 6 7
826 1165 5 4 10
611 1166 9 12 23
1677 1166 6 5 16
791 1169 7 11 60
963 1169 4 5 8
1182 1168 7 9 37
1374 1169 9 10 70
1431 1169 4 3 11
1437 1169 25 26 342
15 1171 6 8 22
325 1171 6 5 15
1210 1170 22 9 57
690 1173 6 6 19
835 1172 2 5 6
976 1173 14 5 27
481 1176 9 22 46
1314 1176 6 5 13
146 1178 35 35 471
1017 1178 2 6 9
1510 1180 9 14 44
80 1183 12 7 44
518 1182 21 18 63
597 1183 6 3 12
959 1183 2 4 6
1367 1182 37 46 506
270 1185 5 2 9
497 1185 7 3 10
555 1184 3 2 6
649 1184 11 10 21
695 1185 6 7 18
1174 1185 10 13 87
210 1186 4 4 8
789 1187 2 4 7
1485 1187 2 10 12
809 1189 5 3 8
1543 1189 5 2 8
540 1191 44 37 257
1270 1190 6 13 23
464 1192 15 18 133
780 1192 4 4 14
1113 1192 3 5 9
1227 1193 2 5 6
379 1194 9 8 41
1420 1195 3 5 9
1501 1195 9 8 20
313 1199 5 9 23
604 1198 4 2 7
631 1198 14 10 36
1072 1198 5 4 16
1298 1199 7 7 37
1319 1198 9 8 40
358 1201 7 7 14
1343 1201 3 8 19
1515 1201 21 17 137
1593 1200 5 5 17
838 1204 3 10 17
202 1207 13 13 46
1077 1207 8 1 8
339 1209 3 4 10
1288 1208 5 7 31
454 1210 2 3 6
490 1211 38 17 122
75 1212 9 16 43
19 1215 7 2 8
96 1214 7 6 30
783 1214 5 14 21
1259 1217 5 3 7
1479 1217 13 11 73
1587 1216 34 12 155
120 1218 3 4 8
125 1219 19 9 95
825 1219 8 9 45
1022 1219 2 9 12
327 1220 10 8 62
384 1220 5 3 12
457 1221 3 7 19
473 1220 10 8 57
1411 1221 13 7 57
103 1222 3 6 8
188 1223 9 5 28
601 1223 4 5 8
920 1222 1 6 6
348 1224 2 4 8
864 1224 2 4 6
1064 1225 5 3 7
1143 1224 4 4 13
1353 1225 7 3 12
