0 0 1840 1228 2137258
160 0 55 107 408
205 0 31 8 127
385 0 15 18 219
859 0 7 3 15
1312 0 5 11 30
1466 0 22 30 434
1573 0 33 13 223
1744 6 16 15 154
949 8 5 7 26
974 8 28 53 1186
366 10 8 10 57
413 13 18 24 218
1121 15 5 8 29
541 17 9 11 76
1226 16 6 7 27
520 24 14 16 152
1024 24 9 14 93
1328 26 17 3 33
628 34 23 39 583
828 35 7 8 45
1176 35 73 105 2689
447 38 22 8 99
483 40 6 7 30
852 43 11 20 171
1513 48 27 35 655
253 50 22 12 134
831 54 5 4 18
997 60 13 26 242
821 65 3 3 7
1088 69 4 5 16
1303 71 6 7 34
348 72 11 13 110
1356 73 3 4 8
651 75 15 25 318
1161 77 14 15 167
847 79 48 68 1240
803 82 6 9 46
528 90 11 19 149
724 94 15 26 322
995 99 17 28 200
804 102 6 8 39
1834 104 6 26 106
893 107 4 7 19
794 112 7 9 49
391 114 16 11 106
984 115 88 55 2104
564 117 16 25 334
1157 118 14 15 163
530 123 8 8 46
1270 126 28 39 765
1509 128 65 117 2546
479 134 6 5 19
505 135 6 8 36
830 135 7 11 62
970 134 4 6 14
1137 139 4 6 19
1381 139 17 21 258
539 143 11 17 153
772 144 4 6 20
476 149 9 12 67
1176 151 25 43 611
927 157 16 21 244
840 160 6 10 51
508 163 12 16 131
672 163 16 22 264
855 166 5 6 24
895 174 5 7 30
1247 175 4 4 11
382 177 14 24 213
493 176 6 4 18
933 178 37 36 738
1153 193 4 4 15
1674 193 9 7 42
1244 199 7 11 44
417 202 8 7 34
1001 202 4 7 23
1693 205 72 52 1964
527 207 8 11 73
1206 211 36 34 653
692 219 6 8 24
833 218 4 4 10
545 223 10 15 118
807 227 4 3 7
886 226 8 12 69
1071 233 4 7 21
1131 232 3 5 13
1013 234 7 9 42
729 237 6 7 32
357 241 11 13 77
441 240 9 9 56
832 243 15 16 98
689 244 16 18 190
463 247 9 11 52
1752 246 31 34 756
425 248 10 8 50
483 255 18 19 113
396 256 9 9 43
968 259 6 9 46
666 261 13 19 208
1290 263 10 6 38
852 265 3 5 9
1409 266 35 52 1354
900 269 24 28 431
825 273 1 8 8
158 277 15 15 124
401 279 10 13 106
971 283 15 21 228
482 284 8 7 38
1248 284 12 2 23
521 286 7 12 69
367 295 6 6 27
941 295 5 5 20
1152 294 6 7 28
563 303 9 12 87
660 302 7 8 36
1834 304 6 15 63
954 307 6 8 35
1624 306 50 80 1562
1711 310 26 21 392
746 315 5 8 27
825 315 45 32 644
942 314 5 8 35
1172 314 11 16 94
489 317 6 11 28
1443 317 16 15 172
1151 319 7 8 44
394 320 11 7 41
760 320 6 7 33
960 320 5 4 14
1110 321 29 36 536
1349 328 4 2 7
369 333 66 21 294
459 337 7 5 21
553 337 9 13 100
1212 337 12 12 49
518 339 21 35 350
1752 340 28 25 482
636 343 4 8 11
971 345 3 2 6
1616 344 10 7 41
583 350 13 17 182
789 351 4 3 9
867 351 16 43 554
843 353 6 7 37
929 352 6 9 44
663 355 14 18 195
808 357 17 18 129
445 358 9 6 18
1055 361 38 42 991
1583 360 10 10 63
744 362 6 7 32
690 364 22 25 211
500 366 5 4 11
960 366 6 4 19
1230 366 3 8 11
1150 369 32 57 762
1486 370 5 2 8
900 372 28 42 602
489 375 6 6 32
848 374 9 15 93
792 376 17 21 233
418 381 5 6 24
546 381 7 5 15
594 381 13 20 203
962 381 15 19 210
561 383 13 10 31
1232 384 12 12 43
818 387 3 5 12
542 389 4 2 7
686 389 10 10 33
659 393 17 17 183
22 395 15 12 116
517 398 11 11 59
893 398 3 3 6
822 403 16 24 136
846 405 17 20 163
1224 413 4 3 8
1623 414 24 25 416
674 416 10 3 13
1123 417 5 14 37
538 418 9 9 62
924 420 21 16 193
396 423 22 10 93
597 422 2 12 13
1079 422 4 2 8
807 426 14 8 47
1297 427 14 18 167
619 428 3 4 6
1203 428 11 6 22
1683 429 47 93 1962
508 431 24 12 84
993 431 13 16 144
635 432 16 24 199
859 434 33 35 666
964 437 6 8 40
1472 443 6 7 34
1573 444 39 45 1119
714 447 5 5 23
1119 447 7 6 34
799 450 29 52 609
956 450 6 11 51
1524 455 8 11 56
401 456 5 6 27
1402 458 18 19 235
841 460 5 8 38
1160 460 7 5 23
1152 461 41 40 499
0 463 12 8 44
1456 466 90 158 5492
1527 466 28 22 262
440 468 8 8 43
461 469 9 7 28
582 468 12 15 152
921 468 3 6 13
1325 468 33 43 735
230 471 9 6 37
356 471 7 12 38
515 470 7 8 42
494 472 6 5 20
754 472 5 6 26
847 472 1 7 7
1233 472 6 12 47
409 475 8 7 38
663 475 9 10 66
952 474 1 9 9
1131 475 5 7 16
1616 474 58 38 1271
845 477 21 16 150
1207 477 4 6 12
1107 480 4 5 17
379 486 6 2 11
464 487 6 6 29
631 489 10 12 85
1262 488 21 17 78
398 490 4 7 23
985 493 9 12 73
1192 493 3 8 16
946 495 20 8 50
1109 497 6 10 26
520 501 7 7 32
1017 500 2 3 6
1185 509 4 3 9
327 511 6 6 29
718 510 10 9 68
942 510 5 6 22
1771 513 7 4 18
507 514 6 7 32
1382 515 14 16 160
668 517 5 6 18
406 518 35 15 234
1098 520 16 21 254
482 523 14 13 90
1176 525 11 11 39
1408 527 34 57 967
809 529 16 22 277
1129 528 3 8 18
1195 528 3 5 15
580 530 12 13 125
747 531 3 3 9
918 530 9 12 98
1022 530 6 2 7
767 533 7 17 33
1716 534 5 10 13
290 536 2 6 7
1074 537 10 12 58
1221 537 10 9 41
615 539 8 8 52
1021 541 6 1 6
1135 540 20 8 56
156 543 5 4 7
1202 543 15 16 60
890 545 4 3 6
1174 547 3 4 12
1232 547 14 12 117
830 550 5 8 37
834 554 29 34 403
980 554 17 34 165
1084 555 11 6 26
337 557 8 6 40
537 557 7 10 53
1009 556 40 36 619
1149 559 3 2 6
1257 558 21 15 129
1246 561 10 2 11
1289 560 20 29 235
1162 562 3 4 11
1360 562 34 33 651
437 566 12 12 69
818 566 4 5 19
916 566 12 6 35
1180 566 3 6 7
1705 566 25 21 420
1323 571 30 21 386
1065 573 11 18 51
1801 572 12 9 42
14 577 6 3 12
467 577 8 6 28
785 577 10 7 27
506 578 5 6 28
573 579 7 2 9
641 578 10 14 110
926 580 1 7 7
1095 582 3 5 11
1193 585 4 10 22
317 587 7 8 35
1163 586 4 4 13
973 588 5 10 19
590 590 13 37 280
1102 591 4 5 20
1562 594 6 4 15
552 597 23 24 184
767 597 8 7 35
1178 596 9 2 10
1690 599 6 2 8
713 600 4 3 9
738 603 3 11 18
801 603 16 19 85
1273 603 8 12 19
690 606 14 5 29
757 606 7 8 34
1441 608 13 13 121
1577 609 54 44 1562
1647 609 23 22 393
518 610 4 4 13
663 610 10 9 57
1080 611 2 4 8
385 612 16 11 123
1201 613 3 3 6
27 616 6 3 8
921 616 23 27 352
828 619 13 18 168
1309 619 29 15 250
1771 618 4 5 7
549 627 3 6 13
1023 626 9 11 72
782 628 4 4 12
853 628 12 13 113
401 631 5 3 6
646 630 11 16 125
1093 631 16 31 288
1224 631 10 9 71
1379 633 13 24 157
733 634 2 6 9
885 635 12 18 178
382 637 5 3 10
413 639 6 14 35
599 641 6 9 33
1189 641 5 2 6
907 643 4 4 10
801 644 3 3 9
1307 646 22 16 176
508 650 4 9 22
1176 654 4 9 20
799 657 400 270 30140
1414 656 8 14 25
1069 660 14 17 179
1546 665 21 31 339
501 666 4 2 7
522 666 5 6 21
597 666 8 11 60
664 669 4 3 6
901 669 4 3 8
1166 669 3 4 10
554 671 5 5 17
507 673 4 2 7
1492 672 20 27 286
630 677 13 22 196
772 677 11 21 91
1272 680 10 14 86
837 689 6 4 12
1061 688 37 26 436
1219 689 4 2 6
886 690 18 18 214
797 693 27 21 261
493 694 7 4 24
1237 694 9 9 53
1344 696 5 7 23
1564 697 3 2 6
401 701 5 3 12
1576 700 3 2 6
979 703 12 16 155
624 704 9 9 47
458 707 6 6 29
1444 706 7 5 11
565 709 6 3 13
1130 713 2 5 8
1042 714 6 7 31
1773 717 4 7 11
1801 716 7 3 14
487 719 9 4 33
526 718 5 5 15
1549 722 5 2 6
1531 725 24 21 308
1560 726 4 2 6
559 729 12 15 124
674 728 14 5 30
1722 731 9 7 37
691 735 3 2 6
1813 734 5 2 8
1045 737 4 3 11
402 739 4 5 7
1086 739 5 8 39
1246 738 16 30 257
1633 739 48 24 543
1756 739 3 3 6
573 745 5 4 18
757 744 2 4 8
1443 745 4 4 9
1461 745 25 22 229
629 748 7 8 32
1070 748 2 3 6
414 751 4 4 10
659 751 9 7 46
1328 750 8 5 24
1371 751 9 12 56
1710 750 15 6 48
498 752 6 10 29
682 752 8 8 43
1529 753 3 3 6
1145 756 3 5 13
1498 756 4 4 6
1031 760 11 7 52
757 762 4 6 18
413 764 4 3 6
1284 764 13 5 28
632 766 18 22 169
383 769 3 6 10
768 768 15 20 103
1308 769 14 9 69
1613 771 21 16 249
512 772 6 7 32
1265 776 6 7 21
915 778 13 16 129
1070 779 8 4 27
1357 781 29 22 375
542 783 4 2 6
407 785 6 5 24
486 784 7 4 21
1297 787 4 3 8
1529 790 6 11 27
797 794 3 3 7
962 795 7 8 42
1253 794 3 10 12
1541 794 5 3 9
424 796 8 3 13
470 796 5 4 14
579 796 9 20 106
1373 797 69 57 1356
1281 798 4 14 27
1210 802 10 23 133
1247 806 5 3 11
1305 807 62 27 664
1682 806 21 15 200
604 808 5 10 26
705 808 3 4 7
1834 809 6 1 6
1652 811 4 4 12
84 814 6 3 10
524 815 6 2 12
635 814 8 10 60
737 815 4 5 16
1270 817 2 4 8
1739 817 3 3 6
25 820 3 3 6
1294 821 7 4 15
1555 823 3 3 6
1584 823 6 3 16
1499 825 22 16 207
267 826 5 11 29
627 827 7 10 57
720 826 3 3 7
1618 829 9 12 28
1593 830 4 3 9
207 832 3 3 6
494 833 8 10 47
415 838 3 4 8
647 839 7 9 54
1781 842 3 4 6
712 845 3 4 8
1348 844 6 16 29
354 849 2 8 9
1327 848 4 2 7
1540 850 28 28 495
587 854 23 11 85
1260 854 20 37 395
1623 856 5 4 17
496 858 4 4 7
1484 858 3 4 6
746 861 3 10 29
786 861 4 2 7
1200 860 13 18 183
1308 865 11 2 14
1344 865 3 2 6
1374 864 27 26 511
796 867 10 12 101
511 869 5 4 12
573 869 4 3 9
373 872 4 2 6
531 872 6 10 19
478 874 4 4 14
489 877 8 22 48
756 880 2 8 9
1322 880 28 56 642
1466 880 4 5 13
1780 881 5 3 10
451 884 5 8 33
888 885 19 17 142
421 891 6 8 41
768 892 16 19 197
535 895 4 3 6
1499 894 21 14 145
1232 897 20 12 108
1368 897 15 4 34
1425 898 10 5 34
870 900 7 10 56
992 901 4 5 17
668 902 1 8 8
1463 902 4 4 7
1540 902 43 43 891
493 904 11 11 76
1222 905 3 4 12
1265 904 13 16 145
1622 908 4 4 9
728 910 4 7 12
441 913 6 3 8
626 913 4 3 7
308 914 12 10 50
1423 915 19 20 164
333 917 6 3 8
1486 916 9 8 33
603 919 18 10 118
849 918 16 13 77
1457 919 3 2 6
1286 921 3 4 9
79 922 3 3 7
1462 924 26 36 320
739 927 4 14 23
1245 926 14 19 175
507 928 16 21 160
373 933 4 7 17
409 932 10 9 38
1696 933 4 3 9
924 934 4 4 10
1214 934 13 15 107
1313 934 12 12 134
445 937 3 3 6
1034 937 10 9 62
727 939 4 7 22
1575 938 5 3 11
1343 942 25 22 301
1615 943 10 4 21
629 945 9 15 73
1010 944 9 12 82
361 947 5 2 6
1751 946 5 8 23
919 948 4 6 19
1306 948 5 6 17
401 951 4 9 13
444 952 5 4 16
1552 955 7 3 16
734 956 4 2 6
1187 956 4 9 16
154 958 4 4 9
489 958 22 24 214
885 961 10 17 140
1310 960 16 15 138
1621 960 9 15 34
613 962 8 7 43
1534 962 5 4 14
1134 964 6 9 30
1111 966 8 8 44
750 969 7 4 12
692 975 13 14 137
1540 974 7 5 19
1472 977 7 10 44
1102 979 7 7 38
512 981 3 3 8
721 980 4 4 13
474 984 13 23 138
642 984 8 10 53
1083 984 15 8 55
770 987 7 7 35
1192 987 41 27 435
837 989 6 9 44
269 991 3 3 6
788 990 14 20 149
255 993 11 3 20
1452 997 13 4 19
1488 996 32 41 547
622 998 6 5 22
460 1000 5 4 13
80 1002 7 4 17
666 1002 5 8 31
1570 1003 4 5 7
1674 1003 6 5 17
198 1004 8 8 33
239 1004 4 4 10
1175 1004 8 9 47
1144 1008 7 8 44
1352 1008 5 7 17
0 1010 9 5 14
1226 1013 9 10 56
1452 1014 14 14 104
179 1016 7 6 20
498 1016 2 3 6
1025 1017 9 8 49
890 1025 4 5 17
916 1024 3 13 28
1819 1025 5 3 8
489 1026 6 6 26
442 1029 4 4 12
533 1029 6 9 32
1375 1031 8 4 22
1482 1030 23 12 150
510 1033 4 3 6
559 1032 4 4 7
0 1034 7 1 7
369 1035 4 4 12
550 1036 5 5 21
684 1036 2 9 10
840 1037 7 7 30
857 1036 9 13 65
1193 1037 4 4 12
1439 1037 12 13 95
728 1038 9 11 79
1239 1038 9 9 63
384 1045 5 6 22
738 1045 17 30 252
825 1045 5 4 19
675 1047 4 3 8
1371 1046 1 11 11
1567 1047 9 7 17
1789 1047 5 5 15
561 1049 15 21 123
815 1050 3 2 6
1104 1053 3 11 22
390 1056 5 5 12
802 1057 4 3 9
1276 1056 14 16 149
1258 1059 9 9 67
1355 1058 14 14 173
1456 1058 26 20 352
731 1063 3 5 7
910 1063 6 7 25
1539 1066 4 3 6
808 1071 5 5 17
1236 1071 9 11 74
598 1073 5 4 17
1008 1073 7 20 98
265 1076 8 7 47
839 1077 10 10 27
566 1079 9 12 22
787 1079 5 5 18
498 1080 4 3 6
1338 1080 17 22 197
1119 1083 6 7 23
1441 1084 12 10 82
258 1087 4 10 20
609 1089 6 5 21
1215 1089 7 12 56
511 1091 3 5 9
810 1091 6 9 38
1405 1091 3 4 9
1771 1091 6 20 35
748 1092 14 13 59
479 1097 4 4 7
586 1098 2 4 6
784 1099 6 11 37
838 1098 10 4 15
1331 1099 3 3 6
1264 1101 22 19 160
388 1106 3 3 6
280 1109 5 11 25
1440 1113 3 3 6
66 1114 7 5 16
193 1114 4 4 9
586 1114 11 11 85
832 1114 8 9 63
1630 1115 11 6 29
542 1118 3 4 6
565 1118 5 3 11
1080 1119 6 7 26
875 1120 2 5 6
153 1123 3 5 15
571 1126 3 4 9
1323 1126 13 13 90
160 1129 7 4 18
546 1129 3 3 6
647 1129 5 5 18
1442 1128 6 11 37
1796 1129 6 4 10
131 1131 4 2 7
331 1130 3 4 9
754 1133 10 1 10
972 1132 8 10 62
461 1134 3 8 21
586 1134 10 13 26
630 1135 6 6 27
834 1137 3 4 9
795 1138 14 12 45
1585 1142 4 4 13
1136 1144 7 7 22
1214 1144 7 8 27
1538 1144 7 3 8
246 1146 4 4 10
791 1147 4 3 6
208 1148 10 4 13
253 1149 16 22 75
351 1155 4 4 9
719 1158 4 3 10
1032 1158 6 3 7
1465 1158 6 8 13
512 1161 17 8 68
1299 1160 6 6 23
42 1163 3 5 9
638 1163 2 4 8
1112 1163 3 8 15
99 1165 3 3 7
739 1165 2 5 6
581 1167 4 4 10
621 1166 17 12 95
979 1167 8 8 21
605 1168 2 3 6
51 1171 4 2 7
83 1174 5 5 16
1258 1175 5 3 8
1344 1174 1 6 6
349 1180 3 2 6
1329 1180 3 4 7
1392 1182 17 12 110
571 1188 4 5 20
561 1196 7 3 13
1477 1196 4 5 9
408 1200 5 4 12
1361 1200 10 7 34
572 1202 4 4 11
1098 1205 8 9 42
1316 1205 15 10 80
1617 1205 4 5 10
1774 1205 4 4 8
1218 1207 7 12 47
1651 1208 4 3 7
612 1211 4 10 13
617 1210 15 18 52
22 1215 3 4 6
1169 1215 6 7 25
264 1223 4 5 20
678 1223 6 5 21
1319 1225 7 3 11
