0 0 1840 1228 2142576
264 0 7 18 25
398 0 17 15 160
449 0 15 21 210
513 0 5 3 8
530 0 6 8 39
575 0 177 84 4551
728 0 5 16 39
749 0 4 4 14
758 0 23 18 195
787 0 3 5 15
803 0 6 17 52
830 0 19 21 214
863 0 4 16 37
959 0 18 19 124
1073 0 22 14 185
1149 0 8 12 56
1270 0 10 16 94
1316 0 9 13 87
1326 0 37 47 921
1376 0 15 26 216
1429 0 6 3 15
1482 0 13 19 159
1457 9 10 17 113
1026 11 8 19 99
350 12 22 24 272
937 12 3 10 27
875 15 3 11 26
485 16 7 12 57
796 20 6 11 55
860 21 3 8 15
817 24 3 5 13
520 26 6 12 63
1130 28 15 22 159
1167 29 9 26 139
1428 28 6 3 12
449 31 8 13 87
849 30 3 5 13
778 32 28 33 324
818 32 20 26 309
967 33 3 5 11
1457 34 3 4 8
1837 34 3 4 6
1376 36 11 15 122
1788 37 9 4 19
995 40 6 26 128
1410 41 8 10 55
1773 40 4 11 18
905 44 5 21 75
1183 46 10 24 163
429 52 17 27 237
0 57 11 9 73
863 56 23 36 218
975 56 3 17 37
1330 57 9 15 92
842 62 3 5 12
792 67 2 5 10
825 71 3 8 23
943 71 4 7 23
772 72 2 8 15
948 73 22 33 198
1017 72 10 16 97
11 75 4 3 7
571 77 7 15 84
796 76 6 25 100
469 79 26 49 579
976 79 14 28 265
1040 80 5 9 33
1103 81 12 20 158
1606 81 11 15 41
678 82 2 5 9
1418 84 7 10 49
503 86 24 25 240
617 87 7 27 124
1467 86 8 7 33
681 88 15 23 74
1007 90 5 7 27
1174 93 6 9 39
1274 95 8 15 88
535 97 15 44 274
710 96 12 13 59
1359 98 10 17 110
1678 98 41 11 266
414 101 9 24 176
1248 100 13 5 42
780 103 14 37 118
819 102 3 5 11
1132 103 8 19 102
1310 105 8 13 71
1581 107 10 6 25
453 112 4 4 10
921 117 4 12 30
1115 120 5 7 29
739 122 6 7 20
888 123 3 9 24
1322 123 13 21 156
817 124 3 10 26
495 130 6 11 54
664 130 4 10 31
724 131 5 2 8
705 137 39 25 333
416 139 14 36 272
948 139 4 16 46
1060 139 7 20 111
527 142 6 12 61
1043 142 6 11 50
763 144 3 5 11
808 146 2 8 15
984 147 9 12 82
1142 146 7 13 66
909 148 3 7 19
864 151 2 7 14
777 153 2 7 14
876 153 3 13 17
1388 153 11 24 102
611 155 4 8 27
1078 156 19 18 204
1272 156 7 6 29
463 158 7 13 80
646 158 3 4 6
729 158 10 30 159
937 159 4 7 21
907 160 2 4 7
1110 160 5 12 44
503 163 7 14 84
691 163 23 35 251
746 163 29 40 227
559 166 6 5 24
595 168 3 4 10
541 170 11 14 77
623 175 5 14 63
788 178 28 54 512
951 178 6 13 54
1349 178 14 33 196
425 183 8 10 61
1420 182 8 12 72
465 185 8 15 89
520 191 5 10 47
1149 192 7 14 61
869 194 2 5 9
1178 194 7 14 70
1392 194 9 16 93
889 197 5 4 14
1024 196 4 6 18
949 199 5 7 26
921 200 10 8 25
1093 200 8 37 189
651 204 13 15 141
987 204 4 7 24
1038 207 6 16 49
289 208 5 3 7
366 208 7 13 64
385 209 7 13 65
675 209 4 8 18
479 210 4 5 16
1128 214 23 34 474
1186 214 6 12 57
1170 216 5 8 31
1223 217 7 11 62
418 218 6 12 55
494 218 7 16 88
581 219 6 10 47
762 219 4 10 27
1019 221 3 8 22
566 223 5 5 15
625 222 4 9 33
449 224 10 26 157
688 225 4 5 16
729 224 3 4 10
836 225 2 6 12
743 227 2 6 11
876 226 3 13 23
1044 227 14 23 123
1311 228 9 16 109
945 231 13 27 239
1243 230 8 15 78
774 232 9 10 52
614 239 10 21 78
1103 238 4 8 27
417 241 6 9 44
966 240 6 24 58
1072 241 9 31 142
814 242 3 5 12
563 244 4 5 17
677 244 2 4 7
857 244 3 4 9
500 248 11 23 173
1121 248 5 8 29
692 251 2 4 7
783 250 16 8 91
915 250 12 10 76
991 254 4 8 23
697 257 3 5 13
725 257 2 4 7
810 256 6 14 49
597 259 5 12 52
660 258 6 12 46
731 259 25 33 204
1101 258 11 22 135
524 261 12 22 116
645 260 3 5 13
436 264 7 12 61
620 266 4 11 39
1162 267 5 3 10
825 269 9 11 48
979 274 11 28 208
687 277 3 5 12
702 277 10 15 60
889 277 3 7 20
653 278 4 9 32
760 279 4 6 21
964 278 5 11 39
564 281 6 12 59
729 283 2 4 8
475 284 12 18 130
808 285 5 7 18
1056 285 5 10 39
883 286 4 11 40
615 289 6 14 66
1161 289 7 15 68
1256 289 18 21 210
641 290 5 12 47
1104 293 6 11 52
1071 296 7 12 61
1272 296 28 42 336
571 299 6 33 114
845 299 2 6 8
874 300 4 10 35
799 305 3 5 12
464 307 6 11 53
1050 308 3 8 18
1228 308 27 38 436
522 313 7 14 72
804 313 5 7 27
905 312 2 6 12
970 313 3 6 15
775 315 4 11 33
1189 315 5 7 27
505 317 6 13 61
729 316 26 16 217
893 316 2 5 8
981 317 3 6 16
589 320 6 12 62
1045 320 4 9 28
609 323 3 7 17
1209 325 5 8 30
834 326 164 198 17042
1101 328 5 10 39
1057 332 5 12 56
472 334 20 23 207
724 334 2 4 7
819 335 4 9 30
598 337 5 9 33
517 341 6 12 54
789 340 5 9 23
1065 341 13 23 126
748 347 2 3 6
802 346 11 9 34
732 349 2 5 9
768 349 3 5 11
1020 348 3 5 13
1364 349 7 14 55
569 350 3 5 12
780 350 13 11 68
1038 351 5 13 47
608 353 4 5 18
1238 354 19 23 283
533 356 5 7 30
676 357 2 3 6
1125 357 6 7 34
755 358 15 33 172
454 361 6 12 60
726 360 7 19 47
642 363 42 56 397
1075 362 16 34 158
624 367 4 5 15
803 367 8 25 85
548 370 13 43 235
444 373 5 8 36
610 372 4 8 22
489 378 17 18 158
1011 378 3 4 8
822 380 2 6 11
743 383 2 6 10
474 384 4 3 6
616 385 6 13 63
690 386 6 21 70
1311 386 38 50 442
528 388 7 25 129
1132 388 6 8 30
775 393 4 16 44
1279 393 4 4 14
792 396 3 5 12
812 397 4 6 24
1212 397 6 11 45
1234 396 7 11 51
1294 396 8 18 37
707 401 9 4 12
1069 402 6 14 53
296 404 7 8 46
611 404 3 5 13
744 404 3 7 18
595 411 9 6 31
471 412 13 9 66
1011 415 4 9 23
695 416 3 7 17
1112 417 6 10 44
604 419 4 10 36
715 418 15 16 96
1254 419 7 16 68
548 422 7 18 67
1223 422 7 13 64
764 424 3 5 12
821 427 2 4 6
595 429 4 8 26
733 429 3 5 15
740 430 63 63 632
1019 430 33 27 295
1072 431 7 15 60
675 433 3 5 14
776 432 4 6 17
527 435 6 11 49
707 437 3 6 18
763 439 8 7 19
685 441 9 24 79
1135 440 6 9 38
710 445 6 16 82
634 446 3 5 12
514 448 6 16 71
727 448 2 4 7
1186 449 4 3 11
1492 449 7 5 22
1241 451 14 28 193
546 452 3 7 18
466 455 16 14 115
600 454 4 4 9
642 454 3 3 7
817 457 2 5 10
1055 461 14 22 156
460 470 4 5 18
601 470 18 15 95
555 475 5 11 48
654 478 3 3 7
706 479 23 29 119
841 478 2 6 12
178 481 18 11 75
409 480 7 9 46
577 480 4 4 16
658 483 3 6 16
808 483 2 6 7
1264 482 6 9 38
463 485 5 7 30
777 484 144 123 5504
691 489 3 6 16
1202 489 7 15 70
596 490 3 2 6
773 491 3 7 18
1283 492 5 7 24
505 495 18 14 101
666 496 2 5 10
565 499 4 7 28
627 498 3 5 14
738 498 3 19 34
1028 498 7 20 58
1252 499 5 8 30
817 501 10 7 54
673 502 2 5 9
784 503 2 3 6
944 502 4 10 34
541 505 17 10 67
763 504 2 9 17
789 507 2 5 7
775 508 3 7 18
804 509 12 20 135
455 511 5 6 23
701 510 7 8 32
1209 510 6 11 39
675 512 2 6 12
746 513 20 37 187
608 514 6 5 14
466 516 14 11 108
730 517 2 5 9
665 518 3 4 9
838 519 3 4 7
868 521 3 6 18
590 525 3 5 13
497 527 5 10 40
531 527 14 22 142
614 526 2 3 6
877 526 7 10 32
960 527 48 71 1007
1084 527 4 8 24
671 529 2 6 10
1223 531 9 33 145
1020 536 4 10 33
484 542 16 11 113
559 542 4 7 25
719 543 7 6 25
1184 543 8 10 47
405 545 6 10 44
590 545 8 13 53
1056 544 13 9 78
1205 546 4 8 22
653 549 2 5 9
1026 548 4 8 26
765 551 2 5 9
704 552 3 4 7
747 553 4 8 31
728 557 5 7 20
955 556 9 14 74
1052 558 3 5 13
457 563 5 6 22
753 563 4 6 21
1204 563 19 19 156
1034 564 15 25 137
640 566 4 7 27
1284 573 4 4 13
1187 576 26 16 141
580 580 4 4 13
1167 582 4 5 18
782 586 7 14 33
666 589 6 19 59
542 590 5 8 32
600 592 4 11 21
1189 593 5 8 33
436 595 6 7 28
1230 596 7 12 48
542 600 14 28 162
723 600 2 6 11
790 603 8 9 32
946 603 3 7 16
1162 602 16 13 103
696 605 9 5 23
909 605 7 15 50
986 605 4 3 7
994 604 35 30 332
473 609 6 9 40
515 609 8 15 97
729 609 13 14 97
1095 609 17 13 62
840 610 11 7 40
955 612 12 34 186
659 615 3 4 12
928 615 14 42 141
861 616 4 13 32
1078 618 4 8 27
769 622 4 12 23
1036 622 9 26 43
501 624 4 7 25
703 625 10 5 15
526 627 7 12 62
1141 627 6 10 35
1177 631 23 16 148
451 632 4 5 16
578 632 4 3 11
740 634 6 7 22
921 634 4 10 37
507 636 15 9 57
1006 637 11 10 83
1284 638 3 4 10
538 640 4 4 12
721 641 3 5 13
817 641 3 4 11
1230 640 4 2 6
453 647 4 5 16
476 646 6 9 42
685 647 3 4 10
785 646 5 31 68
1162 647 15 38 155
767 648 2 4 7
861 649 6 11 30
1204 649 5 8 31
897 651 17 15 104
666 652 3 5 12
983 652 3 6 13
1269 653 9 10 34
731 655 3 6 15
747 654 12 19 66
1014 654 18 31 198
1129 656 5 7 30
1152 656 6 10 40
595 658 2 3 6
935 661 7 29 97
995 661 6 12 54
501 662 10 22 161
581 662 5 10 28
801 663 3 6 12
519 664 10 9 49
718 667 2 5 10
556 668 2 4 8
879 668 2 4 7
968 670 2 5 10
1061 671 3 7 12
549 677 3 4 10
573 677 6 5 24
615 679 3 4 10
481 681 5 4 14
1476 680 4 2 6
1703 680 7 4 10
827 683 5 24 49
597 685 15 8 47
959 685 3 6 16
801 686 7 6 12
1059 687 43 116 1369
338 690 4 3 7
907 690 2 6 9
1008 690 33 95 1429
1181 691 5 13 38
544 692 3 5 13
684 695 16 12 28
1415 695 13 2 26
736 697 21 33 182
866 697 2 6 11
715 698 10 3 14
760 701 14 18 113
1372 700 7 2 8
611 702 3 3 8
878 703 2 5 10
916 703 88 98 2011
1169 705 12 6 31
423 707 6 9 41
855 707 7 6 24
702 708 2 13 15
1080 709 4 7 20
528 710 6 15 43
835 711 2 5 9
871 710 33 75 701
662 712 2 6 10
898 713 10 5 32
921 712 24 22 100
556 714 14 52 172
1182 714 4 6 18
1237 715 3 4 11
636 717 2 5 6
1138 716 5 12 37
798 721 132 115 1900
618 722 4 14 22
579 725 7 9 46
1579 725 4 3 9
1163 726 20 16 170
1220 728 6 12 42
318 731 3 3 7
474 733 7 7 27
1395 733 4 2 6
706 737 462 275 31317
275 738 4 3 6
671 740 2 5 9
533 742 10 8 36
1197 742 4 6 21
1504 742 6 15 66
511 745 14 18 77
577 751 8 7 46
843 751 2 4 7
414 753 6 4 17
710 752 3 8 18
321 757 5 4 11
473 757 4 4 11
660 759 3 4 7
861 761 8 17 36
488 763 16 11 62
690 762 13 25 77
1183 766 3 8 22
1237 769 3 4 11
552 770 3 4 10
582 772 3 5 12
1216 773 3 4 11
1126 775 16 17 143
423 777 3 3 7
903 780 2 7 12
509 782 4 13 39
1373 785 4 3 8
431 786 4 10 39
1113 787 2 3 6
1167 787 11 5 29
894 791 3 5 12
534 793 14 17 73
870 793 2 5 8
650 795 2 5 9
931 795 78 35 719
1617 794 4 2 6
1011 797 106 54 1960
1116 796 4 9 35
1142 796 5 9 35
965 799 6 3 16
1329 801 5 14 21
561 804 3 4 12
1178 804 3 3 9
774 806 75 47 939
1398 807 12 2 13
1120 809 4 8 29
525 810 12 14 81
635 810 8 8 43
1133 810 3 13 18
1156 812 3 7 16
504 814 9 4 28
565 817 15 7 44
1001 819 3 5 13
1051 823 8 5 15
629 824 2 4 6
1301 824 4 4 13
599 829 9 18 69
930 831 54 35 507
507 833 7 13 53
1149 832 4 6 15
576 835 8 4 19
1200 835 3 4 10
1331 835 8 8 27
1534 836 13 5 22
523 838 4 8 26
588 839 2 3 6
1600 839 5 2 7
625 841 5 4 15
1499 840 8 2 9
854 843 1 6 6
559 846 3 4 8
212 849 4 3 8
500 848 3 3 7
709 850 2 3 6
852 853 5 7 11
916 853 64 38 342
1204 852 3 4 9
1443 855 11 6 17
899 857 16 13 79
463 859 4 4 10
766 859 11 10 33
879 859 4 9 31
1143 858 2 3 6
519 860 7 4 13
775 862 40 42 673
1206 863 3 4 11
556 865 3 3 7
711 867 4 3 6
868 869 2 6 9
938 868 2 5 8
642 872 9 12 27
692 872 3 2 6
1042 873 2 7 12
1665 873 4 3 7
516 875 4 4 9
1199 874 3 5 12
1578 875 3 3 6
660 877 1 10 10
1155 877 2 4 7
709 879 2 4 6
844 881 2 11 13
713 883 4 19 35
559 884 3 6 13
1360 884 9 11 34
481 887 2 3 6
515 888 3 3 6
578 888 14 23 147
605 888 3 6 12
1553 890 2 3 6
561 901 10 30 88
618 901 3 4 10
496 903 5 4 15
649 902 11 16 51
693 905 5 3 15
791 909 10 7 44
980 909 3 6 17
674 914 6 6 20
575 916 3 4 11
1260 919 5 4 14
1685 920 5 2 8
441 922 4 4 16
654 927 8 13 29
587 931 14 12 72
1397 931 2 5 8
1567 933 5 4 10
730 937 2 10 13
1253 944 4 2 7
1412 945 6 3 8
1446 945 5 4 11
543 947 11 6 19
251 948 3 2 6
1427 951 5 6 9
1303 952 5 9 15
114 955 6 6 22
589 954 3 5 9
1131 954 3 16 33
434 956 3 6 16
1363 957 10 8 21
394 959 4 4 9
1393 961 4 4 8
527 962 8 11 63
544 962 13 4 16
1155 962 2 3 6
1507 971 5 4 10
288 975 5 3 11
606 974 5 5 12
663 975 3 3 6
593 979 2 5 10
946 979 2 5 8
1029 979 2 3 6
440 983 3 4 6
997 988 2 4 7
1117 990 7 3 10
1713 991 5 4 11
1070 993 3 9 25
1103 992 2 11 14
465 994 3 4 9
496 997 3 3 7
453 998 4 4 10
1517 1001 4 3 10
564 1002 2 4 7
981 1003 3 9 18
1011 1003 2 4 6
156 1004 4 2 7
742 1005 6 11 45
947 1004 2 7 12
1835 1005 5 2 10
523 1007 11 4 15
622 1007 2 4 6
713 1006 13 9 38
1093 1009 5 12 40
1024 1010 3 10 14
1696 1011 4 5 10
709 1015 2 7 12
1332 1017 4 4 15
919 1018 9 20 35
1643 1019 2 4 6
552 1023 36 28 333
652 1024 9 8 42
962 1025 9 6 18
407 1026 5 3 6
528 1029 2 3 6
1108 1029 3 13 20
1212 1030 6 7 18
729 1032 1 7 7
591 1035 2 3 6
533 1039 3 5 13
1701 1039 4 4 8
934 1041 2 5 8
1062 1040 4 9 17
757 1046 2 9 11
389 1049 5 6 12
1012 1051 4 7 23
621 1053 20 5 32
709 1052 4 2 6
1548 1052 5 7 22
1089 1054 3 5 12
567 1057 2 6 12
666 1056 2 6 8
850 1058 2 7 8
1000 1059 5 4 8
1071 1059 16 9 70
582 1061 2 4 7
467 1062 6 5 17
545 1065 7 7 25
717 1065 8 14 35
885 1065 21 25 121
1096 1065 2 3 6
203 1067 2 5 6
1355 1066 4 4 6
1261 1068 4 4 6
839 1072 14 14 58
794 1074 7 4 14
1162 1077 18 12 61
520 1079 4 6 18
866 1083 4 3 6
1063 1082 2 4 6
1108 1082 2 5 7
328 1085 3 7 19
555 1086 2 8 10
569 1086 8 7 18
1197 1086 3 4 8
734 1089 2 4 8
872 1089 5 5 12
581 1090 12 6 34
1025 1090 9 17 31
1071 1095 3 6 9
626 1098 2 5 7
544 1101 10 7 26
935 1101 8 9 24
529 1104 9 6 15
1053 1104 17 15 73
701 1109 11 10 23
969 1117 5 6 10
189 1118 13 3 15
838 1118 6 4 9
909 1118 2 5 8
987 1118 8 11 30
505 1120 15 17 52
570 1123 8 3 17
1046 1123 2 7 14
1070 1124 10 13 35
478 1128 3 3 8
627 1128 6 5 15
1703 1128 7 5 12
1019 1130 15 20 75
694 1133 8 19 39
749 1133 3 3 7
849 1133 3 3 8
421 1135 4 3 9
560 1135 5 3 7
1003 1134 14 7 34
1186 1139 7 1 7
559 1141 15 14 76
445 1143 4 3 9
864 1142 2 8 10
1055 1143 13 15 46
536 1145 6 3 14
972 1145 3 3 6
1212 1144 3 3 6
1090 1147 10 4 13
1030 1151 6 6 19
256 1155 5 3 11
341 1155 4 4 11
274 1157 3 9 13
536 1156 15 13 89
676 1157 4 12 17
894 1156 2 8 16
1124 1159 10 4 16
867 1160 8 11 25
927 1160 4 7 11
1000 1163 8 21 44
1173 1162 3 4 8
917 1164 3 12 16
428 1166 12 3 14
612 1166 5 6 10
1053 1166 10 8 18
1591 1167 5 4 12
25 1169 10 5 24
551 1169 3 11 22
1036 1169 3 7 11
601 1171 3 5 10
1613 1170 10 11 45
758 1175 4 5 10
635 1176 11 2 13
1212 1179 7 4 11
789 1181 4 7 26
594 1183 12 15 54
1047 1183 9 10 29
294 1185 15 12 51
907 1184 19 8 39
934 1185 5 5 18
1456 1184 4 3 6
79 1186 6 4 16
348 1186 7 17 38
540 1186 9 18 46
695 1188 4 5 20
851 1189 8 4 11
488 1191 3 10 12
971 1190 12 18 74
570 1193 3 7 12
1164 1192 2 19 21
421 1194 3 3 7
467 1195 5 5 15
514 1195 10 7 28
616 1194 2 12 21
680 1194 9 3 23
888 1194 4 3 6
946 1195 4 9 12
1677 1194 12 13 24
703 1196 12 9 24
1005 1196 4 11 13
1314 1199 4 5 11
375 1200 6 11 31
1744 1201 3 5 9
925 1202 3 7 12
356 1204 4 3 8
1052 1204 18 24 94
87 1206 6 4 12
546 1207 10 15 55
1750 1207 6 6 16
1821 1206 6 6 20
908 1208 7 5 11
413 1210 8 7 21
893 1210 3 3 7
145 1212 6 5 14
587 1212 7 7 31
918 1213 2 5 10
1507 1212 12 16 88
929 1217 10 6 19
1113 1217 9 1 9
988 1220 10 2 11
513 1223 3 5 11
584 1222 1 6 6
613 1223 12 5 28
1422 1223 3 5 14
