0 0 1840 1228 2099849
22 0 21 10 162
90 0 11 12 106
383 0 14 7 74
608 0 15 13 150
679 0 8 8 52
782 0 21 15 219
827 0 20 12 174
936 0 55 43 956
1039 0 8 5 28
1078 0 13 15 107
1152 0 83 61 1988
1251 0 37 63 1334
1321 0 38 41 974
1405 0 18 6 62
1437 0 15 5 52
1481 0 241 248 9576
110 8 17 16 203
470 8 65 50 1219
733 10 18 41 528
1025 10 1 6 6
45 13 16 9 97
212 14 11 10 75
857 18 46 83 2035
1105 19 26 25 223
1405 19 46 58 1530
624 23 15 11 95
1008 24 7 14 82
822 27 6 11 54
1053 30 37 70 1430
102 33 10 8 34
295 35 12 16 156
379 34 35 51 785
1297 34 40 38 822
1150 43 7 10 57
465 49 16 29 359
709 49 7 11 48
968 53 81 67 1541
1163 56 8 10 45
197 61 11 9 75
836 60 7 12 70
1098 64 16 14 144
785 68 31 46 742
1117 71 17 31 227
87 74 22 20 314
678 74 7 7 39
921 78 30 25 406
968 79 4 7 26
1166 79 9 10 70
433 83 11 16 144
216 88 13 12 116
467 88 19 33 343
32 93 10 7 45
1429 98 10 17 134
1757 101 13 7 24
1135 103 13 20 126
73 105 7 3 12
257 106 12 11 97
350 107 21 29 400
922 107 25 43 277
685 108 8 13 81
996 111 4 7 26
1105 111 5 6 25
416 119 7 6 32
824 119 28 26 349
233 120 7 6 31
581 120 14 29 245
1257 120 24 70 914
1352 120 21 34 530
793 123 9 14 91
1019 122 12 25 133
814 127 4 3 10
1043 128 5 5 17
967 130 5 7 33
1318 131 13 18 197
778 134 6 11 59
868 134 6 7 36
100 137 8 5 22
674 138 8 12 81
693 138 7 12 69
1616 139 37 41 1042
78 140 15 14 148
383 141 15 17 198
1170 140 5 6 25
1121 144 4 5 18
741 147 8 16 107
765 147 9 14 107
794 146 4 7 23
889 147 2 4 7
1390 151 24 39 698
412 152 3 9 24
1091 153 20 43 350
946 158 11 21 130
1010 158 3 3 8
696 161 8 15 93
117 162 15 13 155
1028 164 11 6 49
852 166 6 11 60
380 170 14 20 220
1345 171 8 9 59
1136 173 4 7 24
1056 176 4 3 9
993 178 4 6 22
1148 179 31 48 813
686 181 7 8 44
911 181 7 7 44
998 180 16 36 417
701 183 14 29 313
1117 183 3 4 10
831 184 6 8 40
36 186 11 7 45
471 187 10 16 140
561 187 25 27 317
925 186 23 33 577
1044 191 15 13 72
400 193 25 17 346
953 192 8 13 92
240 194 20 14 174
778 195 39 31 652
884 202 21 22 240
1418 203 69 105 2697
1351 206 22 17 199
283 209 13 17 171
1071 209 4 4 11
145 210 11 9 72
165 213 21 23 339
472 212 12 16 136
981 212 10 24 142
60 215 14 11 117
681 215 20 34 459
197 217 25 20 308
857 216 15 29 198
967 219 4 8 27
1385 218 30 24 395
1084 220 6 13 37
1124 220 4 3 12
618 222 18 18 129
1293 222 58 46 1223
1192 225 17 30 398
906 227 5 8 37
1058 229 4 6 23
362 231 13 18 199
1473 230 49 68 1140
1122 232 4 4 12
785 235 10 14 109
955 235 4 6 21
408 236 10 16 141
1638 238 34 39 950
910 241 34 41 646
1048 240 4 6 23
187 245 9 6 39
1133 244 7 11 44
447 247 9 11 83
1030 246 4 5 17
602 252 8 11 76
763 256 6 7 32
1077 256 4 6 18
1585 257 19 25 376
272 258 11 7 60
1046 259 5 8 28
802 261 6 9 45
104 265 9 7 44
532 264 12 21 185
1087 264 8 12 65
381 267 10 15 120
865 266 20 28 326
718 268 21 29 443
1106 270 5 8 32
280 272 13 20 203
345 274 12 15 121
1074 274 4 4 15
158 276 12 9 67
852 277 5 5 18
770 278 19 16 138
1538 279 16 23 264
464 280 12 13 115
655 280 19 21 310
1201 280 18 51 772
844 282 5 5 23
1380 285 4 8 15
410 287 10 12 98
1036 289 38 57 820
435 290 15 24 211
1127 291 3 3 8
550 293 13 19 194
1063 293 4 5 16
749 294 6 7 34
822 297 5 8 35
1302 300 16 22 263
839 303 6 10 54
465 305 10 15 108
701 305 4 4 12
930 304 3 4 11
758 307 8 14 89
1101 306 59 69 1185
1352 307 24 30 332
108 308 12 5 37
232 308 10 16 82
964 308 24 23 290
283 317 36 18 364
925 317 29 40 452
1114 317 4 12 44
699 318 6 11 58
869 318 4 4 9
634 322 7 8 47
877 322 8 10 64
1252 322 12 8 73
614 327 7 11 64
1086 327 4 4 15
687 329 6 6 29
1473 329 6 4 20
836 330 4 6 21
853 332 9 13 97
524 334 11 17 156
751 334 36 27 380
1004 335 6 9 35
1328 334 21 19 272
0 336 4 22 42
480 338 10 13 92
386 340 47 55 828
420 341 9 10 67
676 340 5 8 36
1047 342 4 6 23
116 344 12 9 85
1058 350 2 3 6
847 352 9 13 96
986 353 5 6 24
702 354 6 9 45
1009 356 5 6 24
1257 357 10 16 137
1297 356 15 39 346
1548 359 36 64 1130
448 361 9 10 63
348 362 11 13 116
791 362 19 18 203
1025 362 3 4 12
669 364 6 7 34
966 365 3 4 12
933 367 40 50 871
1100 366 3 5 14
472 368 8 13 84
497 370 4 3 6
1049 371 13 7 40
1353 370 7 10 57
1103 373 8 7 43
131 375 11 11 103
314 375 11 10 72
367 375 10 7 44
819 374 24 24 242
1214 375 15 17 188
694 379 14 26 313
871 380 13 27 126
1051 384 6 11 34
756 387 29 87 1045
207 389 13 10 98
602 388 9 10 69
1024 388 3 4 8
1127 393 20 28 421
1245 397 30 36 544
1075 398 3 3 9
29 401 8 3 17
0 403 12 18 167
428 403 7 9 48
806 404 6 9 49
855 404 20 35 264
838 407 10 21 92
1051 407 3 3 8
992 408 14 24 107
1113 409 3 4 12
235 410 6 5 27
338 411 12 13 117
474 413 8 13 73
680 414 21 24 313
787 414 16 32 291
1335 415 9 19 62
72 417 3 4 8
252 419 7 6 29
1107 418 3 3 8
1463 419 4 3 9
291 420 10 10 70
822 421 5 16 38
625 422 6 5 25
1208 422 12 17 157
116 425 10 10 85
973 424 3 3 8
1408 426 23 18 300
590 429 29 39 511
1081 429 4 4 11
1109 429 7 9 54
921 431 15 35 355
1032 430 14 22 127
1459 431 29 26 549
177 433 6 4 15
965 433 3 4 12
81 434 14 11 110
468 440 9 9 72
433 442 8 9 49
1020 444 3 5 15
1068 445 3 3 6
396 451 9 8 68
1241 450 51 80 1142
700 453 4 3 10
943 453 3 4 10
332 455 9 10 66
897 455 13 9 40
377 459 12 12 125
945 459 9 23 129
793 460 13 13 67
1053 463 14 11 88
858 465 9 13 98
1008 464 3 3 6
1546 464 18 21 283
1080 467 17 8 88
150 470 20 18 134
693 470 19 21 124
545 475 12 15 145
396 477 8 7 50
1029 476 10 5 32
1297 477 10 9 77
249 480 6 4 17
821 480 9 14 32
850 480 3 4 12
1070 483 12 15 109
286 485 10 13 110
791 485 20 39 331
897 484 2 4 8
660 486 5 7 24
1098 488 22 18 211
1431 488 19 21 305
469 491 8 10 68
401 493 48 42 1005
757 493 13 23 250
995 493 25 46 408
1171 493 15 19 213
1351 492 7 8 43
1493 492 23 33 643
923 495 12 8 57
1049 494 4 5 18
499 496 10 13 109
841 497 9 9 55
985 497 4 7 16
78 499 12 8 58
1287 499 31 24 520
903 501 3 6 18
727 507 5 5 17
876 506 3 4 11
953 508 3 3 9
115 513 8 7 35
284 513 10 8 56
1343 512 6 7 37
84 516 14 29 170
889 516 15 19 210
639 519 7 8 48
918 519 3 5 12
1365 518 8 8 47
1450 519 26 30 566
669 520 5 6 28
1074 522 13 30 199
477 525 8 10 63
1107 524 3 5 13
363 527 8 10 69
694 526 10 17 132
1092 526 3 3 8
739 528 32 20 253
942 529 6 9 33
844 531 22 30 270
1027 531 3 4 10
916 533 6 11 53
1522 533 22 35 430
377 537 10 8 61
1241 536 24 49 634
997 539 10 27 108
784 540 5 5 19
886 542 3 5 13
1012 542 3 3 9
1033 542 16 23 211
299 546 11 12 107
477 546 8 7 46
1414 548 27 25 315
154 551 18 6 68
319 551 14 15 156
418 551 9 12 83
680 554 8 11 39
804 555 4 7 23
881 555 48 64 1672
1062 556 17 19 148
1299 559 11 13 108
754 560 7 11 57
946 560 3 3 7
813 563 40 69 1039
772 565 13 13 95
144 567 3 3 6
167 567 6 4 14
1014 566 9 9 61
295 569 17 19 178
591 569 5 6 24
428 572 4 3 9
1048 572 3 3 8
742 575 5 8 32
693 577 4 6 18
982 576 8 9 46
438 579 19 20 109
1079 578 3 4 9
90 583 9 7 37
942 585 11 10 36
1002 587 3 4 9
754 591 12 16 159
1030 591 5 13 47
1079 591 6 5 17
366 593 43 20 415
1188 593 11 15 124
150 595 5 3 6
211 595 7 3 17
1460 595 25 27 400
228 597 9 8 55
974 596 3 5 13
1044 596 2 4 6
1415 596 19 23 312
124 598 22 18 166
991 598 3 3 9
949 600 2 3 6
1313 600 5 3 15
1294 602 14 18 199
178 604 8 7 31
693 605 8 25 117
788 604 16 18 203
651 608 13 6 33
742 610 4 6 22
948 611 7 6 18
230 613 8 3 17
771 612 6 8 41
1019 613 3 2 6
1035 613 26 17 208
483 617 15 16 148
548 616 16 18 189
258 618 3 3 6
747 619 10 13 117
1370 619 22 55 839
248 621 7 7 44
1243 621 42 37 658
571 626 14 12 96
1014 626 11 5 27
29 629 15 10 106
902 629 3 4 7
397 630 9 8 51
424 630 7 8 46
776 631 3 6 18
977 630 21 46 375
1347 630 10 11 84
919 632 51 68 1045
1033 633 2 4 8
117 634 18 9 88
845 636 6 8 34
1073 636 4 4 11
104 638 7 7 21
1497 639 17 16 206
814 641 4 6 19
885 642 12 18 157
313 644 8 7 47
588 646 6 10 51
749 646 9 12 97
911 646 11 11 47
1198 647 11 15 137
693 649 4 6 20
424 650 11 15 97
465 650 6 6 31
725 651 5 7 25
392 652 13 16 140
837 653 4 3 12
662 654 6 10 52
370 656 10 8 68
1035 656 6 7 31
184 661 11 3 25
1072 661 2 4 8
676 663 21 18 217
828 664 4 4 12
1052 665 4 10 21
1335 668 32 55 809
281 670 7 5 19
1264 670 15 16 177
371 674 6 6 30
587 674 16 13 101
765 674 7 11 56
830 674 22 33 423
1421 675 11 11 87
799 679 3 5 15
1205 679 19 30 307
1048 680 3 4 11
909 683 3 8 18
1148 683 14 19 188
737 684 14 23 257
1292 685 5 5 21
1397 685 17 31 331
794 686 2 3 6
336 688 14 11 112
426 689 6 8 34
488 688 7 7 35
515 691 3 2 6
1006 690 11 8 52
289 694 5 2 9
882 695 10 18 157
303 698 10 12 77
981 698 15 4 30
445 701 9 8 49
780 700 15 20 162
909 702 9 18 89
492 705 7 5 32
671 704 4 4 12
805 704 6 6 29
167 706 6 9 47
233 706 6 3 12
1050 706 12 4 18
430 708 6 6 29
1297 708 8 4 24
1589 709 22 23 391
956 711 5 6 15
989 710 9 2 18
93 712 10 8 61
967 712 11 4 19
705 714 10 7 33
831 715 4 5 19
207 716 5 2 9
418 717 7 7 38
657 716 4 5 17
933 717 23 23 249
457 720 5 3 11
811 721 5 8 29
846 721 4 4 14
1367 721 14 21 229
975 722 10 13 30
1012 725 8 13 57
1269 726 14 19 205
748 729 25 27 269
1429 728 13 15 167
143 732 4 2 6
860 732 2 4 8
872 732 57 59 815
1054 732 28 36 455
494 734 7 6 35
994 735 4 5 11
1389 737 15 15 130
819 738 10 11 57
842 739 8 7 47
970 740 3 5 12
374 743 7 8 50
798 742 8 14 88
1335 743 4 5 15
637 745 5 7 28
1048 745 4 16 41
407 747 7 6 32
988 746 3 5 8
1169 747 15 41 308
1195 747 12 18 168
943 749 6 13 57
510 752 5 6 25
133 755 11 7 61
415 754 8 8 59
455 755 8 19 109
565 756 8 8 49
838 756 15 12 62
657 758 12 18 61
691 758 13 8 40
1010 758 4 2 7
1489 759 12 14 136
211 763 6 8 34
408 762 6 6 28
806 763 8 13 45
1026 762 3 3 7
1219 763 7 8 42
1336 763 33 15 322
756 764 10 14 114
494 766 9 12 81
1007 769 2 3 6
1273 768 3 2 6
1035 770 4 5 18
1130 771 17 27 260
415 772 9 12 98
466 775 6 5 14
1371 776 24 24 352
655 778 3 3 9
446 781 5 3 11
686 781 12 9 74
982 781 2 3 6
1284 781 19 7 70
391 783 9 14 47
502 786 7 7 40
719 787 2 3 6
625 788 6 5 18
914 793 12 7 24
606 792 442 245 28353
1057 792 3 8 17
776 797 11 18 179
1028 797 9 6 27
410 802 16 18 162
143 805 13 18 82
340 805 4 4 15
840 805 50 33 391
1289 804 3 3 7
42 806 8 9 25
454 807 17 28 144
802 806 25 24 301
712 809 3 3 8
672 810 4 4 14
1247 810 10 26 149
1467 810 18 18 220
539 813 8 10 69
584 813 9 12 84
190 816 3 2 6
325 817 13 6 46
498 818 5 7 29
1172 818 11 14 97
423 821 14 15 107
787 820 5 6 24
703 823 3 4 9
194 824 7 5 27
863 826 11 3 14
1205 827 12 17 151
22 829 4 6 8
916 831 4 8 17
500 832 15 38 244
933 835 5 7 27
1062 835 3 2 6
360 837 3 2 6
827 838 23 38 242
1220 839 21 37 372
367 840 6 8 40
1359 842 10 12 100
441 845 13 6 34
1131 844 11 14 100
1626 847 5 3 7
593 850 6 8 42
413 852 4 3 7
1254 853 14 25 241
253 854 9 7 27
317 854 3 3 6
735 855 9 13 93
193 859 11 3 13
1407 858 14 17 190
869 861 6 9 52
853 862 6 6 21
800 865 7 6 31
765 867 4 2 8
1043 866 13 34 195
447 868 5 4 14
1497 868 12 10 101
414 872 32 24 228
460 873 19 10 77
1274 872 11 20 55
380 876 6 3 12
1363 877 9 10 69
112 878 8 10 38
358 879 7 8 35
1115 878 9 12 78
1187 879 10 14 110
244 882 7 3 11
855 882 4 4 11
1162 883 7 8 43
810 885 6 5 28
1252 884 8 12 61
216 887 4 5 16
796 886 7 13 52
836 887 5 11 41
1381 886 14 18 199
872 892 2 3 6
15 894 13 12 126
858 897 16 29 224
149 901 11 4 26
205 901 7 4 16
426 901 13 10 67
490 901 5 4 19
1424 901 21 15 190
1184 902 8 12 76
459 906 3 4 6
1062 909 3 3 6
223 911 4 3 7
1238 911 7 6 33
0 913 15 10 90
831 913 12 5 29
411 915 5 5 22
1142 915 8 8 53
1341 915 14 13 130
1721 914 4 3 7
498 916 9 15 70
1125 917 5 5 12
516 918 1 6 6
653 919 4 4 14
62 924 20 24 164
295 925 5 3 9
29 926 32 18 215
90 927 9 9 47
404 926 6 5 23
378 928 4 2 8
425 928 18 12 101
372 933 6 6 16
337 935 6 3 8
465 935 5 6 22
1017 934 3 6 16
986 936 10 23 61
1122 938 10 17 104
1347 939 23 22 312
511 941 6 7 39
450 942 5 8 33
518 945 13 8 34
705 944 8 11 49
139 946 3 2 6
1021 947 2 4 7
1036 947 3 3 9
382 948 5 4 14
1231 948 5 5 17
1240 953 7 8 52
434 955 12 27 100
1280 955 6 5 17
483 956 5 5 20
497 956 8 4 25
1133 959 9 10 76
1169 958 16 14 148
196 960 6 2 8
1218 960 9 11 85
122 962 10 7 45
412 962 10 5 20
469 963 5 7 28
694 962 3 6 15
208 964 4 4 12
1044 964 10 12 64
505 967 5 3 13
399 969 6 6 26
1015 968 2 4 8
14 971 8 6 29
554 971 5 6 25
348 973 3 3 8
1209 972 7 10 59
1295 973 25 15 242
167 974 8 8 46
1076 975 9 12 87
497 979 6 17 57
966 979 14 16 145
1376 978 5 9 21
1034 983 5 3 7
375 985 8 4 24
705 985 8 16 102
986 984 33 38 707
1222 985 18 21 160
1261 984 3 3 7
1668 985 4 4 9
452 987 29 22 232
676 986 4 12 23
760 988 24 33 372
1195 990 6 6 30
621 992 3 2 6
427 994 6 7 22
1359 995 12 13 90
1456 995 9 10 67
217 996 7 7 38
324 996 5 5 17
388 996 7 8 20
129 1001 4 4 8
86 1003 3 2 6
311 1002 4 4 9
556 1003 32 13 153
528 1005 6 5 15
507 1007 5 9 32
1207 1006 6 6 24
1343 1006 8 8 50
1248 1008 4 2 8
1433 1008 8 9 40
156 1012 7 6 17
435 1013 3 3 8
1139 1012 3 2 6
391 1015 6 6 23
436 1015 15 17 116
472 1015 13 21 107
622 1014 3 4 10
919 1014 3 3 9
77 1016 9 7 44
1240 1016 9 16 116
45 1018 2 6 7
58 1018 6 10 26
1164 1018 7 8 39
1414 1019 8 10 46
528 1021 12 16 76
575 1021 6 7 38
515 1023 5 2 9
601 1023 4 4 11
1072 1023 4 8 21
1369 1022 4 4 10
196 1025 5 3 11
1532 1025 4 4 7
487 1029 31 53 295
1311 1028 4 2 7
751 1030 7 7 33
1204 1030 13 12 108
348 1032 6 3 14
396 1035 12 7 31
563 1035 14 16 126
674 1035 4 4 13
836 1034 12 6 29
1330 1034 12 13 107
437 1037 6 4 11
1793 1036 5 3 10
550 1039 4 3 10
994 1038 2 4 6
812 1040 3 3 7
902 1040 5 5 22
598 1043 3 4 9
1132 1043 16 20 148
982 1045 9 13 94
1828 1045 5 6 16
399 1047 7 4 13
1433 1046 12 10 57
451 1049 6 10 37
384 1051 8 3 13
418 1051 10 9 43
630 1050 4 6 23
661 1051 7 10 59
738 1050 16 13 150
1160 1050 10 11 45
700 1053 8 22 104
195 1054 5 3 8
484 1054 4 5 16
1238 1054 5 6 22
545 1057 6 1 6
951 1057 11 3 22
1394 1057 11 14 91
58 1058 4 4 9
808 1060 12 16 60
1169 1060 15 35 180
935 1063 8 11 69
1309 1062 8 16 91
1697 1062 4 3 7
895 1065 2 4 7
979 1065 6 1 6
1226 1064 6 11 51
1332 1065 8 11 74
1210 1067 7 10 59
437 1072 5 13 45
910 1073 3 3 8
1561 1072 5 4 14
76 1075 3 3 8
381 1075 3 4 9
530 1075 4 8 12
1005 1074 2 3 6
1120 1075 5 6 27
347 1076 15 10 46
839 1076 7 10 53
37 1079 14 10 36
402 1079 8 8 49
1217 1078 8 9 63
1033 1081 3 5 12
210 1082 6 3 9
452 1083 5 6 24
1307 1083 27 36 387
720 1084 8 8 42
1346 1085 22 15 213
243 1086 7 5 15
398 1087 3 5 10
747 1087 6 7 32
933 1087 7 6 30
484 1091 29 20 220
780 1091 6 10 49
809 1090 6 9 46
159 1092 11 7 45
454 1092 8 13 67
1151 1092 6 7 39
95 1095 2 8 9
436 1094 8 7 20
522 1095 4 6 9
911 1096 8 9 54
1420 1098 6 5 17
1718 1099 3 2 6
1152 1101 12 14 89
1268 1100 32 33 393
16 1104 8 1 8
357 1104 12 12 99
710 1104 3 3 7
963 1105 4 3 11
1407 1104 6 7 27
236 1107 9 4 14
835 1107 16 17 69
1339 1107 7 8 44
271 1111 11 11 82
553 1111 4 6 18
741 1110 5 10 36
1358 1115 10 14 95
1563 1114 7 4 15
673 1117 14 8 49
873 1117 3 10 20
374 1118 7 10 42
576 1119 8 15 40
811 1118 9 3 12
853 1119 7 9 56
1050 1120 6 6 29
1388 1121 5 3 9
337 1122 10 8 39
476 1122 3 3 7
884 1123 2 6 7
530 1125 5 5 23
753 1124 6 14 53
1122 1124 9 7 26
1161 1124 5 23 69
78 1127 9 10 33
838 1127 3 3 8
498 1131 26 21 281
1195 1130 15 17 130
489 1133 4 5 16
446 1135 30 30 297
200 1136 4 4 8
1244 1136 26 16 136
690 1142 6 10 52
625 1144 4 3 9
1015 1146 2 4 7
1291 1147 10 14 108
1352 1146 6 2 12
601 1149 3 5 11
1332 1150 2 5 7
680 1152 3 3 8
934 1153 5 4 8
435 1157 4 4 11
697 1156 3 3 9
487 1158 3 4 10
797 1161 2 10 11
1216 1161 6 8 37
154 1162 3 3 7
1127 1163 4 13 40
426 1164 7 8 26
517 1165 11 7 36
880 1165 6 9 39
212 1166 5 4 13
497 1167 4 4 16
91 1168 9 6 23
489 1171 4 4 14
603 1171 6 15 55
673 1173 5 6 10
150 1174 10 8 26
246 1175 5 2 6
1182 1175 5 7 26
408 1177 12 6 24
1290 1178 7 8 40
571 1185 4 5 11
122 1187 5 4 7
498 1187 8 4 15
459 1188 12 8 48
1229 1190 3 5 6
1251 1191 18 16 76
533 1193 10 4 13
1586 1192 5 7 23
439 1194 5 9 27
471 1201 6 8 38
549 1203 3 4 10
816 1208 3 3 8
1603 1211 5 4 13
117 1219 10 9 65
490 1219 5 9 23
625 1218 5 3 9
43 1220 9 8 42
661 1221 7 7 37
898 1221 1 7 7
170 1222 16 6 58
238 1223 2 5 10
609 1222 4 6 20
746 1225 4 3 6
1793 1224 4 4 10
452 1226 5 2 8
582 1226 6 2 7
