0 0 1840 1228 2084207
477 0 43 27 388
726 0 6 8 39
834 0 8 9 57
881 0 3 7 20
1004 0 7 3 15
1089 0 11 20 88
1231 0 4 3 10
1451 0 18 22 293
1561 0 27 17 159
1790 0 15 6 67
1056 7 3 3 7
1220 6 10 15 61
1308 6 5 7 31
363 8 10 8 51
1029 11 3 6 14
776 14 11 29 162
1006 14 6 12 58
1163 14 15 33 246
629 20 8 15 99
448 22 22 31 340
1190 22 12 11 78
939 24 3 5 15
888 26 5 11 46
1063 27 14 23 101
1211 26 7 10 49
926 29 4 8 27
1345 28 14 20 201
1031 31 4 9 31
1535 33 12 14 110
803 37 5 7 23
912 37 7 14 83
1585 37 14 23 200
1290 38 6 10 47
366 40 12 15 134
820 43 7 11 65
1321 43 6 7 31
730 44 6 9 45
673 48 9 19 121
699 48 14 18 178
1184 51 5 7 31
1200 51 8 17 58
1217 50 13 7 66
937 53 11 16 69
1271 53 6 2 8
1088 54 12 18 148
1154 55 3 6 13
483 56 8 11 69
1441 56 18 24 305
1762 57 48 55 938
558 58 8 13 90
1546 61 6 6 25
1139 62 36 31 535
1345 63 13 21 207
974 64 3 4 10
1000 65 3 4 9
1010 71 21 15 137
1190 71 8 19 60
1575 72 13 18 170
1728 72 18 19 230
1268 75 11 16 124
384 76 16 13 128
971 78 4 7 20
1555 79 12 12 93
928 81 4 7 23
631 85 9 24 168
780 84 3 7 20
945 87 5 7 28
1094 86 30 26 285
1618 90 10 11 77
1197 93 12 34 203
717 95 5 10 44
1071 94 2 6 11
1238 94 4 6 17
517 96 14 17 165
920 96 9 10 76
1136 97 4 7 20
1213 96 8 11 40
839 98 13 22 140
952 99 8 18 110
1173 98 6 10 46
939 103 4 8 24
1161 103 3 5 11
1037 106 12 9 65
1078 106 2 6 12
1230 108 5 9 34
1544 109 6 6 24
415 110 17 27 262
790 115 8 11 71
704 116 8 14 95
868 116 4 8 27
1649 116 9 5 30
1729 117 17 18 208
1134 119 30 26 321
309 123 11 15 99
450 122 9 29 187
1055 122 6 13 49
1081 122 5 7 26
883 124 4 8 28
1264 127 6 9 43
1538 126 10 9 58
898 128 11 11 90
1006 131 4 9 32
541 132 7 12 71
934 133 5 10 39
918 135 6 10 45
1092 135 7 9 24
1209 134 3 4 9
794 136 6 10 51
470 138 6 9 39
1170 140 7 7 28
1512 141 13 15 131
978 142 10 17 134
1744 143 26 27 407
1333 144 19 21 285
1109 146 2 3 6
1121 147 9 6 46
1473 148 16 35 246
1443 151 9 10 64
490 153 8 13 83
779 152 10 13 102
1017 152 21 21 156
1112 153 3 5 14
364 156 12 19 168
738 157 16 33 151
1057 156 3 5 11
1176 158 3 4 9
1546 159 5 3 9
451 163 12 18 171
1081 163 4 8 23
1185 163 15 18 110
1217 162 9 13 83
706 165 8 20 79
1171 168 5 6 18
1506 168 14 13 111
805 172 13 15 30
1118 172 2 6 10
1532 172 9 10 70
1771 172 19 18 235
764 174 7 12 65
1043 174 14 17 95
430 179 6 8 35
1110 179 4 6 15
1808 180 21 23 272
1635 183 13 14 126
548 184 7 11 68
1137 184 3 4 10
1088 186 6 9 21
1240 186 4 6 18
878 189 160 203 12529
1447 189 12 15 127
1584 188 34 22 298
342 191 12 8 49
882 191 6 9 44
1024 192 2 5 6
1143 193 3 5 12
1664 193 19 18 231
445 194 16 14 108
780 195 5 12 49
1001 196 4 6 15
1015 199 3 10 19
1090 200 44 33 362
1498 200 22 35 331
420 203 8 10 65
1281 202 7 11 56
1343 202 37 18 394
1761 205 19 18 223
1725 206 14 14 133
788 211 19 14 101
1142 211 8 22 58
1159 211 18 47 322
1233 211 26 19 317
764 212 6 10 46
478 217 4 4 14
1001 217 9 13 32
1029 216 7 8 20
1055 217 1 7 7
1482 216 12 14 114
864 218 19 15 61
1124 219 10 16 78
1775 218 36 29 268
391 220 8 10 63
1209 221 5 7 25
1023 225 5 11 22
411 227 32 28 343
837 227 3 4 11
330 228 12 13 105
1067 230 45 58 679
850 233 2 7 8
1441 233 11 21 160
559 234 8 10 65
1042 235 8 1 8
778 237 5 10 40
864 238 14 22 75
474 242 6 9 46
705 243 5 4 13
821 242 14 21 128
597 245 11 19 151
1042 245 2 11 14
1196 247 4 2 6
1705 246 16 28 362
1214 249 10 13 98
1554 248 11 10 77
531 250 14 16 151
1508 250 5 6 21
373 253 6 8 37
669 252 21 17 183
1574 254 15 35 254
432 256 7 8 37
1612 256 17 18 201
1457 260 26 28 301
768 263 12 21 94
656 264 7 10 51
631 267 10 11 87
825 266 6 1 6
1039 266 2 5 10
1056 266 3 6 15
861 268 3 9 11
1647 268 14 13 132
1174 271 6 11 45
738 273 10 22 142
1060 273 5 6 13
293 274 11 11 88
459 274 21 35 406
1072 274 7 8 21
417 278 4 3 9
1128 278 4 8 32
689 281 18 14 178
1233 283 17 25 170
607 285 8 19 80
329 287 19 13 119
826 286 7 12 75
862 287 7 11 62
1072 286 34 41 318
1135 286 3 4 12
1156 286 2 4 6
1771 286 14 16 141
1287 289 19 36 227
1490 289 10 13 86
1683 289 17 6 52
1062 290 4 7 16
1140 292 3 3 8
1110 297 5 10 25
1568 297 24 23 235
1047 299 11 12 34
1151 298 2 4 6
1356 301 17 20 212
850 303 3 5 14
1457 302 5 4 14
482 305 11 15 126
377 307 4 3 8
1545 307 5 4 12
1230 309 23 31 223
1600 308 8 3 13
1727 308 12 12 108
1689 311 11 11 93
755 312 7 12 70
800 313 9 2 10
1066 313 6 4 13
503 315 6 6 32
696 315 13 6 31
1648 314 12 14 119
444 317 15 9 56
928 316 5 3 12
1116 317 5 3 10
1610 316 30 21 282
344 318 51 31 503
1042 318 4 6 15
1157 321 5 10 35
1184 321 33 16 300
869 323 4 6 21
920 324 3 7 17
882 327 4 2 6
888 326 21 26 255
1438 327 5 5 19
740 328 17 12 83
768 328 6 9 45
786 328 4 7 25
1455 329 5 5 14
1696 328 12 10 87
460 332 4 7 25
648 332 7 11 62
724 335 8 14 73
1128 335 5 6 20
569 337 7 6 31
1071 336 5 6 22
66 339 4 2 6
839 339 2 6 10
930 338 2 4 7
1584 339 31 39 501
1078 341 56 107 1203
1158 340 5 4 8
1054 343 38 21 176
1178 342 4 4 7
1430 342 7 8 42
471 345 6 7 34
854 345 3 12 27
424 347 3 2 6
446 346 44 49 815
1639 347 20 24 216
398 349 11 9 55
1245 349 32 17 257
821 355 18 20 239
1026 354 17 30 159
1300 355 13 14 119
1419 355 39 26 362
93 359 1 9 9
711 358 6 9 42
726 359 21 26 174
252 362 7 7 28
337 363 5 3 12
870 362 4 7 20
183 365 3 2 6
996 367 12 15 40
1759 366 34 10 146
624 369 8 3 10
687 369 4 13 21
96 371 5 2 8
895 373 20 24 158
1363 373 23 15 162
382 375 15 15 128
742 375 18 17 188
1268 374 5 5 22
919 378 3 7 20
1027 379 48 47 841
1626 379 15 14 155
500 381 15 20 141
982 381 3 6 15
1562 380 12 21 140
644 383 7 2 12
1441 385 4 5 19
1739 384 13 11 96
763 386 9 16 91
999 386 3 4 11
919 388 10 18 53
624 393 5 10 39
1456 392 5 5 18
331 394 2 4 6
397 395 20 17 194
933 395 12 14 77
113 397 10 9 18
1351 397 9 13 82
432 398 6 6 27
801 399 8 2 11
1214 399 2 14 15
1522 399 32 32 423
647 401 5 2 6
1175 401 2 3 6
1802 401 4 3 6
789 403 11 14 51
1002 402 15 9 56
1604 403 16 31 315
1711 403 17 14 156
755 409 7 7 36
913 409 124 137 6330
100 410 3 4 9
470 411 17 14 155
1626 411 10 9 71
589 414 10 9 49
1279 415 5 3 10
1443 415 7 8 40
820 417 3 4 8
1643 417 19 14 170
837 419 32 64 725
342 420 5 5 17
441 420 5 5 20
949 420 5 8 23
1078 421 11 11 73
1675 421 15 13 137
373 423 5 5 20
744 422 7 6 28
777 422 4 11 15
1388 422 11 9 71
879 424 2 5 9
1433 424 4 4 9
1467 425 9 14 105
1187 427 3 2 6
1313 428 3 8 10
727 430 7 11 70
642 433 14 9 66
751 433 11 3 13
969 433 2 7 8
659 435 19 31 230
1228 435 4 4 15
1512 435 6 4 10
112 437 6 1 6
454 436 7 7 33
1409 436 21 78 447
1030 438 9 8 49
1067 439 21 16 177
1149 441 5 7 24
1521 440 4 2 7
403 443 4 6 18
434 443 7 9 39
717 442 5 4 12
1286 442 18 17 215
1728 443 3 8 12
502 447 17 13 130
613 447 9 13 72
829 447 1 6 6
967 446 14 13 70
891 448 4 7 23
1155 448 3 2 6
1167 449 5 7 27
549 450 7 7 35
1385 450 7 8 43
1675 450 4 4 11
1333 452 4 7 16
225 455 6 11 22
779 454 15 9 54
1092 454 2 6 8
687 456 5 7 22
1596 456 14 13 136
1061 459 2 4 8
354 460 5 7 27
402 461 10 21 96
706 461 3 2 6
1370 460 4 4 11
1490 461 8 15 74
447 463 16 13 95
573 462 2 5 6
1128 463 2 10 13
1507 463 4 5 8
1657 462 6 3 9
810 464 4 6 16
1152 465 6 5 10
1220 464 3 5 14
1531 464 8 2 12
543 466 18 18 112
756 467 5 16 36
609 469 7 9 49
1183 468 2 5 7
1436 469 3 8 11
840 472 8 6 15
1096 473 10 6 42
916 474 2 5 10
1510 474 9 18 78
1562 475 23 31 219
152 477 7 3 10
254 477 4 2 6
1117 476 6 10 27
472 479 14 10 102
824 478 4 4 14
1045 478 2 5 9
1594 479 11 18 91
439 480 5 6 28
621 480 7 8 38
726 481 2 3 6
1161 481 7 17 63
423 482 4 4 16
1139 483 12 22 136
1051 484 5 7 21
861 486 12 20 94
887 486 3 4 10
510 488 19 33 141
649 489 7 9 47
850 489 2 4 8
1255 489 4 4 9
914 491 2 5 9
738 494 27 32 265
1048 495 54 47 720
834 496 2 5 8
904 496 2 5 10
1369 497 25 17 188
566 499 22 12 125
789 499 6 12 55
1439 498 25 18 220
1600 499 14 14 145
423 500 18 11 98
823 501 2 4 7
335 502 8 9 56
1751 502 11 11 45
885 505 3 7 17
1213 504 4 2 7
1336 505 11 9 41
301 507 12 10 69
1504 508 21 14 138
1128 513 11 10 30
1226 512 6 2 9
401 517 5 6 26
490 517 4 4 14
545 516 6 9 47
868 517 4 16 26
1635 516 6 7 22
1675 517 11 9 70
954 518 14 12 92
1316 518 25 29 231
773 521 13 4 18
827 520 5 6 28
318 522 8 7 50
357 522 6 5 27
505 522 8 18 81
1087 523 51 34 464
409 524 5 4 19
1094 524 7 3 11
1362 525 4 4 10
1500 525 4 3 7
1626 524 2 8 9
473 527 13 23 135
529 526 7 7 44
1245 527 27 20 213
339 528 9 15 84
854 529 2 4 7
575 531 4 6 23
801 531 3 4 8
1071 533 10 26 137
1823 533 4 3 7
920 534 3 5 13
932 535 3 4 10
1477 535 10 7 27
458 537 5 6 27
323 539 13 16 66
1181 539 19 11 55
1379 538 4 4 13
1641 539 9 9 55
647 541 16 14 95
1414 540 7 6 14
205 542 4 3 6
602 543 13 11 54
909 542 2 4 7
1152 543 4 4 13
1051 545 2 4 7
1535 544 17 11 109
397 546 4 3 9
1160 547 14 32 166
723 551 10 11 69
1200 550 15 18 92
1786 550 7 11 39
407 553 5 2 9
549 553 7 10 48
1224 552 5 5 13
1452 552 15 10 56
1511 553 3 3 9
444 554 5 5 19
1053 554 15 15 132
1252 555 3 3 6
1590 555 17 18 114
947 557 2 8 12
1148 556 3 5 14
374 559 14 7 68
639 559 4 6 15
911 558 7 15 52
1835 559 5 2 9
699 560 12 11 89
801 560 2 4 8
1092 560 31 21 258
1257 560 5 6 10
1434 561 4 7 20
1771 561 6 3 16
179 563 7 8 16
758 562 6 3 8
1188 563 3 6 8
264 564 2 11 12
839 564 3 5 12
1611 565 6 2 7
748 567 4 6 19
768 566 5 7 31
1459 566 9 10 62
455 568 3 2 6
541 568 6 17 63
1187 570 12 17 104
1016 572 5 8 34
1358 573 11 4 27
508 574 6 9 45
1665 576 9 1 9
1711 576 11 8 63
647 578 16 14 97
525 581 6 2 11
1250 581 4 11 18
1334 581 3 4 8
1427 581 10 1 10
191 583 3 3 6
1083 583 5 6 10
763 584 4 6 16
1058 584 10 5 24
264 586 3 3 7
625 587 3 2 6
697 587 515 274 31369
1383 586 10 11 83
1475 586 11 7 29
439 588 7 8 41
713 588 4 5 17
994 589 22 35 271
1517 588 8 8 55
785 590 2 5 9
1102 590 10 2 11
468 595 10 8 32
1173 594 3 2 6
1266 594 8 11 73
1332 594 2 3 6
1411 594 36 22 332
1631 595 4 13 19
935 596 4 6 22
1220 597 8 15 82
306 599 5 2 8
379 599 4 3 12
441 599 13 21 126
634 598 3 4 10
1018 599 12 9 43
1074 599 12 5 36
1141 598 8 2 9
660 601 3 4 10
1043 601 2 4 7
1078 601 28 22 181
485 603 7 15 47
502 602 5 6 21
1054 603 12 7 30
727 604 13 7 38
1242 607 25 22 205
1325 606 6 2 8
1370 607 28 9 139
1480 607 16 17 175
417 609 11 4 25
1125 609 2 7 7
1525 608 7 9 46
563 611 5 5 18
325 614 9 9 65
878 615 2 5 9
1042 614 2 7 9
1200 615 15 4 25
1548 614 29 55 535
1273 616 19 28 157
1304 617 48 58 548
89 618 6 3 11
621 618 7 6 28
683 619 6 7 30
1168 618 8 12 44
1721 619 4 3 9
1099 620 37 34 313
1191 620 2 3 6
1349 620 5 3 11
1400 621 4 2 7
384 623 17 12 50
1019 622 4 5 15
615 625 30 31 148
1390 625 1 9 9
1508 624 9 12 70
977 627 17 32 206
1045 626 2 4 8
1441 627 30 13 134
1354 629 10 6 35
1536 628 4 2 8
1771 628 6 5 20
59 631 4 2 6
356 631 21 16 51
556 630 4 5 15
1257 631 9 10 77
1416 630 11 16 90
491 633 3 3 6
1199 633 16 9 55
1526 632 5 3 10
433 635 10 20 54
520 635 13 12 71
662 634 20 4 23
1034 634 22 25 99
140 637 6 10 22
459 639 5 5 21
1037 638 46 53 604
1475 639 3 2 6
1758 638 2 5 6
394 641 4 3 10
414 640 6 2 11
1651 640 11 8 62
1700 641 4 3 10
1000 642 4 6 23
1773 642 7 4 28
838 645 5 16 43
998 644 33 31 255
1344 644 33 23 223
1585 645 26 17 213
512 647 6 8 27
597 646 5 5 23
1215 646 5 11 17
1461 647 11 15 66
1767 646 4 3 10
1834 646 6 2 11
59 649 3 6 13
478 649 5 5 22
664 649 16 6 39
1268 649 3 3 6
548 650 4 9 14
1431 651 7 7 37
404 653 11 27 90
500 653 4 4 15
441 655 8 7 32
1514 659 4 2 7
423 661 7 12 56
1610 660 10 11 65
502 663 5 11 26
928 663 3 4 11
1102 662 10 13 26
370 665 3 3 7
175 667 6 4 17
570 667 3 8 10
588 666 50 15 248
870 666 2 3 6
705 669 3 5 12
1355 668 4 3 6
262 670 5 3 10
1738 671 4 3 10
1759 670 12 13 65
473 672 8 3 17
184 674 7 3 12
1256 675 6 6 34
1214 676 8 12 35
1296 676 11 2 13
1315 677 14 7 53
461 678 32 24 236
916 679 2 4 6
1267 678 22 15 135
1338 679 14 6 42
1497 678 13 19 125
1703 679 11 4 21
411 681 5 5 23
985 680 10 13 81
1416 680 19 39 284
1796 681 13 4 22
579 682 6 7 22
646 683 18 13 112
1015 682 21 27 109
1243 682 5 5 15
1468 682 8 13 52
325 685 10 18 65
529 684 4 5 13
685 686 4 2 8
418 689 4 2 6
897 688 9 5 29
947 689 3 4 9
1223 689 3 3 8
1295 688 17 31 256
1576 688 16 14 113
1661 689 2 4 7
382 691 17 8 59
717 690 6 7 14
235 695 3 3 6
555 694 12 12 61
918 695 17 17 75
1343 694 6 10 30
1392 697 15 5 44
290 698 4 2 6
291 698 21 29 137
1246 698 7 7 13
1728 698 5 5 17
632 700 5 4 10
1226 700 4 8 19
531 702 21 18 82
687 702 6 12 47
1317 703 13 6 51
1466 703 8 4 12
1694 703 4 2 6
330 704 14 13 55
374 704 6 7 23
620 705 3 4 10
1514 706 13 11 89
1547 707 7 7 40
263 711 3 3 6
421 710 9 7 48
914 710 3 4 10
1330 710 8 1 8
1625 711 13 14 74
1761 710 4 3 9
315 713 13 11 56
457 713 14 11 46
480 712 26 20 196
1576 713 23 16 183
252 714 5 7 14
509 714 9 6 32
696 715 3 4 10
892 714 11 20 133
984 715 2 4 7
1007 715 4 10 16
1749 714 6 8 25
1205 717 16 8 87
1287 716 12 23 81
183 719 4 4 7
662 719 10 5 31
683 718 2 13 16
971 718 10 11 44
1228 718 58 80 1003
552 720 7 6 22
591 721 12 20 185
1269 720 8 14 51
1441 721 5 5 23
644 722 4 6 22
381 725 5 3 11
1149 724 4 8 26
1231 724 4 3 11
1465 725 15 21 112
771 726 3 12 20
1189 727 8 15 52
1351 727 13 7 45
1389 727 4 3 6
217 729 4 2 7
541 728 16 14 44
1314 728 7 9 35
1497 731 17 11 100
1366 733 30 25 177
1451 733 4 4 9
1528 733 8 6 27
1223 735 5 4 14
727 736 8 5 21
1676 737 20 10 50
1793 736 10 5 14
1817 736 5 5 20
446 738 6 19 82
690 739 18 17 152
1133 738 7 8 43
1232 739 3 2 6
1700 739 20 16 72
1776 739 5 6 22
348 740 15 16 64
471 741 13 8 35
615 740 16 11 71
782 740 4 2 6
1272 741 16 22 100
817 743 2 4 8
1185 743 3 7 9
1564 743 19 14 107
679 745 8 6 29
1340 746 5 10 15
1609 746 13 9 51
1419 748 8 11 55
1481 749 19 27 244
516 750 10 7 18
1432 750 29 35 302
317 753 7 7 35
403 752 8 8 49
601 753 4 5 16
662 752 4 5 19
676 752 3 3 7
645 755 4 5 13
735 754 5 7 29
284 757 3 2 6
458 757 7 12 21
1145 757 12 8 33
1175 757 14 5 29
1516 757 2 6 7
1587 756 19 9 87
1750 757 9 10 41
1766 756 3 4 7
787 758 3 5 15
817 758 4 5 17
1392 759 12 5 43
1559 758 10 24 126
1206 761 3 9 12
1294 763 5 4 14
1324 763 4 5 11
1353 762 5 5 16
186 764 13 11 59
480 765 3 3 6
752 764 6 8 33
1164 765 3 9 13
1494 764 22 33 302
363 766 8 10 17
442 766 3 3 8
521 766 4 3 10
1533 766 5 4 15
627 768 5 20 32
677 769 21 23 141
716 768 16 4 27
834 769 8 11 47
853 769 2 4 6
525 771 4 2 8
770 770 7 7 19
1681 771 18 17 90
1772 771 5 3 15
1795 771 3 4 12
270 773 2 9 10
574 772 3 3 7
1207 772 19 34 209
1469 773 10 20 61
1641 773 5 3 10
1743 772 6 4 23
805 774 4 2 7
407 777 2 3 6
502 777 8 9 28
1395 777 13 8 30
1710 777 4 8 18
1363 778 7 8 35
1510 779 39 59 632
1766 779 13 10 37
440 781 4 3 10
582 781 5 3 12
601 780 7 5 18
529 782 3 12 24
628 783 44 36 428
1830 782 4 3 8
458 784 4 4 15
1187 784 11 11 74
1419 785 7 12 63
1158 787 3 3 6
1295 786 11 9 35
1337 787 6 8 18
1606 787 14 13 58
231 789 8 11 42
404 789 10 3 15
512 788 4 4 14
1117 790 7 3 13
1165 791 4 6 24
1234 790 5 10 18
1693 790 11 17 49
468 792 5 5 24
688 794 3 3 7
1359 795 6 2 7
41 799 4 3 11
520 798 3 2 6
1365 799 15 7 90
1425 798 75 43 702
1566 798 5 6 23
1723 798 3 5 15
703 801 8 5 21
902 800 2 3 6
1091 800 2 3 6
1240 801 104 80 1903
1792 800 4 2 7
309 803 8 5 13
1672 802 4 2 8
210 804 5 4 10
525 805 17 18 74
594 805 7 8 27
1112 805 18 11 35
1262 804 6 1 6
1657 804 7 11 27
1074 807 2 8 10
1562 806 4 3 9
1815 806 16 7 22
469 809 7 3 11
570 808 3 3 6
675 808 4 6 8
1217 809 4 3 12
1273 809 4 5 20
1361 811 4 3 8
1596 810 15 15 92
1791 811 4 2 6
554 812 4 11 17
576 812 3 3 6
763 812 4 4 10
146 814 3 5 10
606 814 5 9 16
1215 815 17 17 71
1366 815 11 3 13
1806 814 8 8 15
1833 815 7 3 12
900 817 5 3 15
1640 816 4 3 10
1446 818 7 11 23
417 820 11 9 31
498 821 32 33 160
898 823 16 19 155
1351 822 44 30 308
585 825 8 5 19
731 824 3 4 11
1190 824 15 9 40
1397 825 10 3 16
205 826 4 4 10
1660 826 26 18 207
1785 827 5 5 20
183 828 10 4 24
635 829 26 24 249
801 828 2 5 6
931 828 2 10 14
1704 829 4 2 8
377 830 15 8 76
684 830 2 3 6
702 831 6 13 40
827 831 5 7 24
861 831 21 13 90
1419 831 5 5 14
538 832 3 6 14
439 834 3 3 7
1609 835 4 4 7
1778 834 7 4 18
266 836 16 10 31
1146 836 6 5 10
1205 836 10 18 110
360 838 3 4 6
941 838 8 16 85
1224 838 6 6 20
144 841 4 3 9
294 841 5 6 25
534 841 3 2 6
560 840 8 3 13
752 841 3 3 6
778 841 7 3 9
1165 841 7 3 10
1312 840 10 6 30
823 842 12 9 27
1063 842 4 8 17
1313 842 110 50 1241
311 844 7 10 42
657 844 16 12 60
1708 844 2 8 10
1152 846 5 6 17
1302 846 5 3 11
1531 846 8 14 38
1743 846 10 9 33
364 849 6 4 15
732 848 7 2 14
1605 849 7 11 47
0 850 8 6 37
535 850 13 13 61
711 851 5 6 15
837 851 10 11 44
1052 851 6 2 11
1230 850 8 7 40
1674 850 8 8 19
320 853 18 13 146
381 852 8 7 46
629 853 13 17 88
693 852 10 14 79
1694 853 7 4 13
356 854 2 4 6
588 855 7 7 18
1038 855 19 25 199
1447 855 17 12 61
749 856 6 5 23
1092 857 16 11 86
1551 856 4 4 16
1733 857 7 8 40
679 858 4 4 11
717 859 9 8 35
1183 858 20 6 57
1220 858 7 2 14
1466 858 3 3 7
1489 858 6 8 14
902 861 10 1 10
1808 861 4 3 8
22 862 5 3 11
1533 863 4 4 11
1770 863 27 15 185
520 864 7 3 21
1136 864 15 17 100
1173 864 8 8 54
1203 864 16 16 141
1295 865 7 6 27
570 866 2 3 6
828 867 3 6 13
894 867 3 10 15
913 867 2 5 9
928 867 4 6 21
1473 868 7 8 45
1635 868 4 3 11
1674 868 10 13 40
530 870 9 5 16
572 871 10 19 73
1438 870 14 7 22
1482 871 16 15 53
1557 870 12 3 14
1614 871 9 6 25
235 872 5 9 19
344 872 5 6 27
454 872 7 4 21
591 873 15 10 75
621 873 16 6 47
1110 873 10 8 41
1261 874 28 36 374
1371 874 60 65 969
1745 874 3 3 7
318 876 6 6 24
403 877 22 29 223
710 877 10 17 77
951 877 12 13 46
1423 876 7 4 24
1447 876 18 16 155
262 879 5 4 16
544 879 5 5 13
1005 879 4 6 21
1714 878 3 4 8
835 881 14 4 18
1579 881 5 4 18
1728 881 23 16 135
479 882 5 3 10
683 883 16 10 82
1307 883 4 4 12
1519 883 13 12 91
1629 883 15 13 85
1681 882 6 4 16
1070 884 7 7 38
1314 885 88 125 1711
1571 885 4 6 13
1764 885 7 10 19
1804 885 7 4 16
206 886 11 3 14
889 887 2 4 8
1559 886 3 3 8
913 888 11 21 95
1098 889 1 8 8
795 890 10 19 82
1119 890 17 6 25
1253 890 3 9 17
1552 890 4 3 6
256 894 3 4 8
484 895 10 10 58
523 894 3 3 7
650 895 18 13 66
843 894 5 11 33
878 894 4 6 19
1161 894 44 55 490
1666 895 5 5 9
1816 895 2 6 7
85 896 3 4 8
1105 896 7 16 48
546 898 23 14 101
680 899 27 26 145
1194 899 60 25 543
1646 898 9 10 76
1705 898 3 3 7
583 901 10 10 76
643 901 3 3 9
1473 901 3 5 11
60 902 4 4 9
370 902 6 6 28
1533 902 4 3 11
1674 903 4 5 17
1712 903 9 5 23
1776 903 6 9 34
620 904 3 8 12
730 904 1 9 9
973 905 9 8 16
1481 905 12 7 36
543 906 3 3 6
1549 909 2 11 13
1752 908 7 11 18
20 911 4 3 6
344 911 5 4 12
602 910 8 18 42
1592 911 3 3 6
54 912 4 4 12
376 912 7 6 32
879 912 15 14 50
1629 913 12 13 90
76 915 9 11 51
645 914 11 20 46
846 915 1 7 7
1430 915 30 24 224
1609 914 2 5 6
1780 915 10 4 13
962 917 3 8 14
996 917 4 10 22
1273 917 16 12 87
1569 918 18 17 106
95 920 4 3 7
671 920 3 4 10
708 921 11 8 53
1107 920 13 11 57
1255 921 3 3 6
1522 920 13 2 18
531 923 4 4 10
573 922 2 4 8
832 922 2 6 7
930 922 5 8 26
1213 923 10 3 22
1589 923 3 8 9
1682 923 1 9 9
1050 924 6 8 30
1473 925 10 8 39
382 926 5 3 12
509 926 7 6 32
723 926 7 6 30
1530 926 13 17 60
1836 926 4 13 21
411 929 5 4 10
581 929 10 8 62
978 929 7 5 11
1134 929 16 16 100
774 930 5 7 21
814 930 8 15 52
1239 931 15 19 82
1499 930 5 11 26
1553 930 4 3 7
274 933 5 5 9
373 932 14 16 67
437 932 4 5 18
1259 934 14 14 50
1442 934 24 19 163
1790 934 7 6 22
570 937 8 2 10
1282 937 20 10 71
442 938 6 16 52
1075 939 3 4 6
1166 938 4 2 8
1201 938 28 42 426
1639 939 8 15 62
684 941 2 3 6
1687 940 3 4 6
711 943 21 9 52
897 943 12 5 22
1338 943 3 6 16
1396 943 9 10 44
1567 942 11 25 114
1669 942 3 6 12
121 944 4 4 7
648 945 10 4 31
673 945 9 6 21
1159 945 6 4 16
1414 945 13 12 94
1517 944 8 1 8
1721 945 28 16 108
470 947 5 6 25
774 946 10 3 14
825 946 10 10 73
585 949 12 15 38
627 949 20 5 44
1469 949 5 3 11
1527 949 5 4 20
310 950 3 4 6
601 950 3 3 7
1657 951 7 4 18
353 952 5 6 23
732 952 8 3 10
1144 952 14 11 78
1169 952 14 10 58
1310 952 4 6 18
1302 953 64 77 1314
1587 952 4 7 21
1705 953 6 4 15
1240 955 46 29 320
1552 954 3 3 9
1793 954 7 7 26
1029 957 7 5 20
1531 957 11 14 87
93 958 7 2 8
403 959 10 13 41
508 959 9 2 11
1459 959 16 16 139
1500 958 6 8 30
1754 959 11 8 60
386 961 8 12 39
1078 960 4 4 11
1717 961 4 6 15
523 962 3 7 9
1409 963 74 75 1296
1604 965 22 16 100
112 966 3 3 8
600 966 3 3 9
1118 967 5 3 7
1176 966 17 7 46
1402 967 8 8 41
687 969 4 10 17
874 968 10 8 37
639 970 5 5 12
653 970 8 6 27
758 970 3 15 16
1225 971 28 36 311
1554 970 20 38 303
1769 971 10 10 47
579 973 28 10 98
704 972 8 3 11
900 972 14 44 148
1040 973 4 4 10
1123 973 5 10 35
1481 973 27 29 247
183 974 5 2 6
450 974 4 2 6
609 975 2 3 6
1003 975 11 6 61
1078 974 32 27 249
1154 974 9 14 41
1289 974 10 4 22
1678 975 10 3 16
41 976 3 3 8
336 977 12 15 69
364 976 15 12 62
733 976 9 11 39
1353 977 7 11 24
1509 977 2 3 6
1794 976 13 14 87
135 979 3 3 6
974 978 4 3 6
1531 981 17 15 79
1671 980 4 9 18
1733 980 8 4 11
1054 982 4 6 21
1635 983 5 8 18
1835 982 5 9 37
636 984 10 4 25
693 984 21 19 177
832 985 20 5 27
1029 984 3 4 9
1187 985 26 11 87
1644 985 22 26 153
1468 986 4 4 13
1591 987 8 14 48
611 988 16 8 57
811 989 8 1 8
1148 988 2 5 10
1516 989 9 3 18
552 991 16 13 91
649 990 2 4 6
737 991 6 6 12
1161 993 3 6 8
1253 992 23 18 116
1379 992 6 6 28
1708 995 3 11 24
1810 995 3 4 7
35 996 6 8 13
1824 996 3 2 6
76 998 5 5 14
554 998 35 46 226
588 998 4 2 7
858 999 3 4 7
1525 999 8 11 29
1732 999 4 4 14
1779 998 4 4 8
1094 1001 6 5 17
1685 1001 19 28 121
295 1003 6 3 12
1194 1003 8 9 24
1281 1003 8 7 46
205 1004 7 10 16
1475 1005 12 15 86
1173 1007 8 3 11
1714 1007 7 10 49
666 1008 12 16 75
1037 1008 2 3 6
1377 1009 19 17 175
1467 1008 4 3 11
651 1011 1 6 6
718 1010 2 9 11
832 1010 14 17 50
951 1010 4 5 13
1239 1011 6 8 27
1290 1011 8 4 11
1496 1010 33 28 406
1555 1011 4 3 7
1662 1011 6 10 15
1760 1010 6 4 18
48 1012 3 4 6
412 1014 4 5 15
518 1015 4 5 17
747 1015 4 6 9
774 1015 14 21 60
1052 1015 4 5 17
1126 1014 5 6 12
524 1016 15 12 57
897 1017 9 8 16
1017 1017 6 3 15
478 1018 5 5 17
1219 1019 19 27 128
1250 1019 3 5 15
1724 1018 20 24 135
361 1021 23 12 116
753 1021 10 21 92
1140 1021 5 7 29
493 1022 8 6 29
704 1022 1 11 11
1286 1023 8 19 33
1401 1023 44 19 188
595 1025 3 4 8
1248 1025 11 12 52
29 1027 12 5 20
188 1026 4 3 7
413 1027 3 4 11
638 1027 8 3 14
849 1026 3 3 7
1027 1027 3 4 9
1295 1027 32 36 292
1612 1026 11 12 63
1625 1026 2 3 6
1795 1026 14 9 73
910 1028 14 26 157
972 1028 8 3 10
1180 1029 24 10 75
1583 1028 5 2 7
1676 1028 8 7 18
238 1030 9 5 22
304 1031 3 4 8
929 1031 3 7 12
948 1030 3 5 12
1121 1031 3 6 9
1360 1031 6 11 54
1633 1030 35 18 155
1699 1030 8 9 34
1133 1033 2 3 6
671 1034 1 9 9
1046 1034 7 6 27
1098 1035 11 5 32
1605 1034 5 5 22
532 1037 8 3 12
1032 1037 3 5 12
1070 1036 25 60 273
1434 1036 66 62 884
1587 1036 7 10 30
589 1038 3 11 21
1669 1039 4 2 7
733 1041 12 3 24
1414 1041 5 6 25
245 1042 2 3 6
434 1043 3 3 7
477 1043 5 4 12
684 1043 6 14 50
1326 1042 22 10 87
1258 1045 27 22 205
1378 1044 4 6 17
1611 1044 16 9 39
0 1047 10 2 12
442 1046 14 10 46
564 1047 7 3 15
832 1047 3 4 10
477 1048 20 13 101
700 1049 15 11 70
1422 1048 8 5 25
1462 1049 2 5 10
1828 1049 3 4 6
628 1050 1 6 6
1063 1050 2 3 6
1392 1050 17 12 64
1667 1050 39 41 304
1725 1051 35 25 183
518 1052 25 28 160
1052 1055 5 6 23
1149 1054 3 3 7
1367 1055 3 4 11
1814 1055 4 5 17
752 1056 12 13 69
930 1056 13 19 63
1129 1057 4 6 17
1328 1057 4 2 8
1501 1056 12 5 28
1706 1056 18 8 63
784 1058 4 3 9
1553 1059 45 36 331
28 1060 9 6 26
793 1061 10 10 35
1099 1061 12 15 54
1154 1060 5 5 23
1279 1060 73 45 816
435 1062 1 9 9
696 1063 2 3 6
1198 1062 30 15 201
1409 1063 2 3 6
1647 1063 5 5 11
1812 1062 2 3 6
603 1065 1 9 9
626 1065 8 12 23
652 1065 6 17 45
1424 1064 3 11 13
465 1066 7 10 37
1045 1067 12 5 20
382 1068 4 9 19
415 1068 3 3 7
1030 1069 2 5 9
1238 1069 3 4 12
480 1070 9 9 23
1377 1070 4 5 20
549 1073 4 4 14
714 1073 8 14 53
953 1073 9 14 43
1132 1073 19 20 157
1180 1072 5 4 14
1188 1073 67 71 1278
454 1074 3 4 11
608 1074 7 6 19
672 1075 6 5 22
1246 1075 4 6 18
758 1076 11 13 70
884 1076 6 12 40
1185 1077 11 9 65
1359 1077 12 18 42
1828 1077 12 22 71
899 1078 2 4 7
1627 1078 6 4 16
1663 1079 7 6 26
968 1080 14 12 36
441 1083 7 2 14
489 1083 11 3 14
577 1082 9 11 39
1390 1082 25 17 96
343 1085 5 4 15
625 1084 3 3 8
797 1085 4 6 9
1071 1084 5 2 10
1100 1084 8 7 33
1108 1085 21 31 133
1259 1085 31 32 339
1784 1084 7 3 17
502 1087 8 9 23
1156 1086 4 4 16
1431 1087 3 3 8
1523 1086 10 5 24
1568 1087 2 9 12
1810 1086 6 5 14
315 1089 10 2 19
903 1088 16 16 67
1203 1088 11 10 35
1748 1088 12 17 88
1767 1088 4 3 7
613 1090 23 12 70
1050 1090 17 17 99
1790 1090 8 7 28
1491 1093 43 37 243
537 1095 3 4 11
845 1094 8 3 10
1171 1094 19 14 67
1355 1095 11 10 44
270 1097 5 4 14
1006 1097 13 6 34
1672 1097 7 17 55
1719 1097 19 18 65
502 1099 2 3 6
853 1098 13 20 88
321 1100 7 6 19
565 1100 3 3 8
970 1101 5 11 22
1394 1100 18 12 85
1554 1100 9 6 49
882 1102 5 7 21
936 1103 13 23 107
755 1104 7 6 24
1584 1105 11 8 58
1778 1104 9 9 22
362 1106 7 3 15
661 1106 4 9 16
825 1107 8 12 33
1468 1107 29 20 180
1770 1106 5 5 17
260 1108 2 3 6
588 1108 11 12 40
1338 1108 54 29 645
209 1111 4 4 11
567 1111 13 19 86
1000 1111 21 22 177
1135 1110 3 4 7
1542 1110 10 8 51
1565 1111 13 12 85
357 1112 5 6 25
372 1113 2 5 6
548 1112 3 11 19
1036 1112 10 3 20
1709 1113 3 3 6
1761 1112 3 3 7
381 1115 3 17 20
407 1115 5 4 14
1079 1115 14 14 78
1298 1115 2 11 14
282 1117 10 6 37
598 1117 13 14 86
90 1118 4 3 9
473 1118 6 10 26
767 1118 1 6 6
779 1118 11 15 36
928 1118 4 3 12
994 1118 6 3 16
1314 1119 18 51 241
1146 1120 10 10 27
1329 1120 3 4 10
844 1122 11 10 33
34 1125 5 6 15
272 1124 5 4 14
1798 1125 3 3 6
438 1127 10 1 10
950 1127 9 6 22
1184 1126 2 3 6
1419 1126 11 10 58
903 1128 14 29 109
1007 1129 65 56 842
454 1130 22 32 128
481 1130 12 7 35
919 1130 4 2 8
1064 1130 23 22 152
1088 1130 2 3 6
1408 1130 4 2 8
163 1132 9 2 10
502 1132 24 20 126
573 1132 17 11 74
961 1133 37 27 203
994 1133 6 4 14
1123 1133 10 2 11
1588 1133 12 10 50
1818 1132 7 10 36
558 1134 7 18 49
762 1134 17 14 49
1378 1135 5 5 23
1629 1136 8 3 11
436 1138 16 13 89
798 1138 4 8 11
811 1139 7 6 24
830 1138 8 6 23
857 1138 14 1 14
1158 1138 37 32 274
1261 1139 31 32 256
1294 1139 6 3 15
1397 1138 6 5 20
1453 1138 3 14 20
661 1141 3 4 7
1644 1141 3 2 6
923 1142 21 37 128
956 1142 2 9 10
1370 1142 5 6 25
1410 1143 12 12 97
1553 1142 9 2 10
1356 1145 6 6 22
1562 1145 4 3 8
528 1146 4 3 11
724 1147 6 3 8
780 1147 17 32 143
1199 1147 11 13 58
1337 1146 9 5 17
1439 1146 5 5 22
1621 1147 2 3 6
350 1148 3 3 8
386 1149 7 6 36
501 1148 2 8 9
817 1149 13 12 37
1120 1149 17 12 95
1665 1149 5 4 12
1766 1149 6 3 13
688 1151 11 10 50
1104 1152 3 4 10
1258 1153 4 6 21
1681 1152 14 10 58
13 1154 1 8 8
353 1155 6 12 41
1623 1154 15 21 182
639 1157 10 1 10
1354 1156 19 28 253
1432 1156 19 16 76
1306 1158 2 11 17
1813 1158 7 11 30
529 1161 18 13 63
753 1160 10 14 89
1098 1161 5 2 6
60 1162 3 3 8
854 1162 8 7 17
899 1163 16 14 84
1047 1163 56 65 771
1563 1162 11 8 51
1102 1165 9 10 19
1523 1164 11 7 43
1711 1165 4 4 11
1734 1165 4 3 6
463 1166 3 3 6
677 1166 22 18 140
716 1167 3 4 12
1836 1166 4 3 10
414 1169 4 5 13
989 1169 7 9 63
1776 1169 7 5 15
377 1171 4 10 15
949 1170 9 3 11
1204 1170 13 6 25
1229 1171 23 19 142
558 1172 2 12 15
1298 1173 4 3 7
1824 1173 4 6 16
1519 1174 12 11 40
439 1176 9 5 29
832 1177 31 25 219
1752 1176 7 6 30
0 1179 6 4 21
39 1178 5 3 6
418 1179 6 4 22
866 1178 2 3 6
239 1180 4 4 11
987 1180 7 12 19
1009 1180 13 6 36
1136 1180 13 10 63
1499 1180 10 4 16
1574 1181 10 7 40
1732 1181 9 13 72
1797 1181 6 3 8
748 1183 9 3 14
887 1182 4 2 8
920 1182 17 17 62
948 1183 32 27 289
1164 1183 6 8 13
1621 1183 4 4 14
1350 1184 7 6 24
1832 1184 3 10 13
576 1187 2 5 10
1285 1186 48 29 345
1035 1188 4 4 9
1645 1189 7 10 42
1815 1189 8 5 29
693 1191 3 9 11
892 1191 1 6 6
1021 1191 5 7 11
1211 1190 7 5 15
1330 1190 26 15 113
1423 1191 3 3 8
1779 1190 4 5 19
343 1193 9 2 12
779 1193 22 23 155
1155 1192 3 3 7
1795 1193 5 4 8
502 1194 8 6 19
525 1194 7 8 18
592 1194 15 8 32
1048 1194 3 4 7
1059 1194 5 7 20
1456 1194 5 6 8
1115 1196 2 7 8
410 1198 10 7 29
618 1198 2 4 6
1396 1199 15 12 53
1525 1199 4 2 6
357 1200 10 3 14
731 1201 5 10 20
625 1202 7 12 30
714 1202 4 9 20
756 1202 10 16 29
852 1203 2 5 6
1132 1202 13 4 20
1002 1204 24 24 227
1443 1204 5 5 18
1482 1204 14 7 71
1514 1204 4 4 12
153 1206 3 4 6
565 1207 35 21 117
1024 1207 21 16 130
1098 1206 30 22 332
1570 1207 6 21 63
468 1208 3 2 6
862 1208 14 12 52
976 1209 19 19 177
1741 1209 11 14 88
1781 1209 8 10 17
1836 1208 4 5 18
499 1211 2 4 6
938 1210 5 3 8
1497 1211 15 17 47
83 1213 5 3 9
694 1212 7 2 8
735 1213 22 15 212
829 1212 26 16 189
954 1213 6 3 14
457 1215 22 13 88
1595 1214 3 5 10
1689 1215 7 5 20
614 1217 10 11 36
778 1217 8 11 39
898 1217 23 11 119
1197 1217 5 11 34
1364 1217 6 11 48
1391 1217 6 4 10
1640 1217 10 11 30
74 1219 4 2 8
230 1218 3 3 6
556 1218 10 10 53
1298 1218 2 3 6
1348 1219 3 3 9
631 1220 6 8 33
656 1220 7 2 8
1159 1220 12 8 36
1311 1220 9 8 18
52 1223 2 5 9
114 1223 4 5 20
824 1223 2 5 10
880 1223 8 5 12
1278 1223 15 5 50
1343 1223 2 5 10
1818 1223 8 5 34
492 1225 5 3 7
1473 1224 4 4 7
1732 1225 3 3 9
1138 1226 10 2 12
