0 0 1840 1228 2100161
14 0 4 6 11
409 0 35 12 165
502 0 12 6 58
726 0 8 4 19
751 0 18 39 568
782 0 9 6 40
1046 0 14 34 386
1104 0 7 10 55
1199 0 19 20 291
1243 0 32 37 586
1327 0 7 4 16
1405 0 15 30 161
1608 0 24 17 311
1785 0 24 37 355
993 5 5 5 14
1364 5 7 11 49
920 9 16 46 590
1285 9 22 48 622
1515 16 13 21 192
592 19 25 77 963
518 22 7 17 97
1324 26 35 63 966
843 29 5 3 11
1535 29 59 35 1063
370 37 3 3 8
1088 36 19 72 750
1168 36 7 11 50
461 39 12 34 302
1809 40 31 35 750
1499 43 13 20 172
835 45 16 77 764
724 47 32 39 793
1384 47 4 5 12
1369 54 5 10 40
1175 61 3 6 12
1009 62 7 26 158
1218 62 10 26 175
1246 63 41 44 890
514 67 8 15 98
1190 69 6 10 39
1238 69 6 12 47
1367 75 17 11 97
1043 81 27 27 414
1398 81 6 7 31
298 82 37 66 1702
454 83 10 18 125
666 83 17 11 102
973 84 28 39 591
1310 86 4 6 18
633 89 35 64 1124
412 93 8 8 38
1778 92 5 4 13
376 97 14 28 289
1376 96 7 12 54
1443 97 27 46 855
763 103 10 24 193
426 108 8 15 90
497 109 23 34 466
937 114 8 18 112
398 116 20 48 809
1324 119 6 11 48
693 120 10 23 175
716 120 45 85 1088
1302 121 6 7 29
1167 122 3 7 16
1368 122 3 3 7
1392 125 5 9 31
1361 126 7 7 31
8 132 14 8 63
832 137 10 28 222
1135 137 6 11 48
1219 136 55 117 2507
1810 136 30 35 736
1291 139 5 10 34
573 141 13 30 313
1161 144 5 12 40
1275 144 5 10 30
1051 146 10 20 144
1317 147 4 8 24
1399 149 21 39 527
998 150 26 35 267
1751 154 11 11 76
1258 162 12 21 168
1452 163 16 15 136
629 165 10 28 239
1348 165 18 19 166
948 167 17 47 320
1314 169 17 14 157
1057 171 11 30 176
1153 170 3 7 16
1187 171 29 36 509
1090 174 7 14 69
1131 175 3 5 14
1281 176 6 8 28
127 182 11 5 38
677 184 25 48 673
312 187 37 70 912
549 189 11 22 184
787 188 12 28 261
1118 189 12 24 189
1336 188 5 9 29
611 193 9 15 100
819 194 14 49 411
1441 195 17 16 196
514 196 9 4 21
645 200 13 25 238
1093 201 3 4 8
1044 207 17 29 254
1292 206 6 13 53
1495 209 9 12 71
715 213 8 18 122
1144 215 4 7 21
1107 217 6 12 53
754 219 6 8 44
434 221 9 13 82
1341 221 3 5 12
1415 221 14 19 189
1444 221 9 9 55
928 223 10 18 146
1708 222 9 10 62
978 224 11 47 221
464 226 7 14 80
847 227 9 20 138
1097 231 14 17 136
727 233 23 38 570
1285 235 5 8 31
1330 241 5 9 26
1000 247 4 8 29
444 248 18 33 395
1219 249 3 4 11
1303 248 8 12 70
1431 249 9 16 100
637 250 11 21 159
799 251 8 16 104
1162 252 13 21 190
1063 255 19 41 385
902 260 7 12 64
1242 261 6 19 60
1316 260 2 3 6
1165 262 42 103 1396
1264 262 4 8 23
1010 265 11 26 210
1101 267 3 8 15
337 270 14 24 266
1038 273 3 3 7
1411 273 10 14 96
1333 275 4 8 27
418 276 11 17 140
1309 284 4 6 15
1081 287 18 16 149
1115 287 4 7 15
728 288 15 18 156
1130 289 3 5 12
1710 290 65 81 2289
525 294 12 25 225
706 295 10 21 163
980 295 3 4 11
476 296 6 9 36
1680 296 17 13 95
1022 299 7 13 57
1136 301 18 33 303
798 302 8 16 97
1246 302 17 30 308
1661 303 8 9 47
975 304 27 20 140
1123 310 4 4 12
1433 311 9 12 67
951 315 5 9 36
754 317 8 23 151
1304 316 9 36 145
384 319 14 22 220
694 318 10 30 263
1327 319 5 8 27
1119 322 2 5 9
654 326 12 18 114
1016 327 40 39 557
737 328 3 4 9
1386 328 20 32 417
920 331 4 9 32
886 332 5 14 50
325 337 16 47 559
434 337 67 45 1432
509 336 6 10 49
1080 337 3 9 21
410 338 5 5 17
804 338 8 16 101
868 338 186 180 14212
1155 338 19 31 355
176 341 6 2 11
1233 341 26 65 557
862 342 7 13 71
1292 351 4 6 15
1676 353 7 8 36
1229 354 4 6 14
716 356 31 97 1148
781 359 17 23 182
1112 360 5 11 34
1084 363 5 10 30
421 365 9 14 102
1059 364 2 5 10
1690 366 28 35 679
1513 371 8 5 31
1314 375 4 5 12
1334 377 34 45 532
972 378 4 4 16
1135 378 28 34 427
1739 383 20 21 245
1797 382 43 61 1392
125 385 17 16 208
1228 385 3 3 6
510 387 5 11 45
1276 386 4 5 13
554 388 5 8 35
1080 388 2 5 8
1298 389 5 6 19
1213 391 11 18 86
1562 390 25 33 499
373 395 15 22 238
1333 396 3 3 6
1258 398 14 8 48
1290 402 6 12 48
408 406 6 9 48
606 408 2 4 7
1094 408 4 5 11
624 412 6 8 39
1274 414 10 24 108
1680 414 5 3 10
398 421 12 23 224
1195 423 23 24 239
1227 425 4 6 12
802 427 7 17 93
1252 427 4 6 13
1103 429 2 3 6
1140 428 6 11 40
460 435 6 9 46
1831 436 9 27 173
1077 439 8 13 45
1128 438 3 7 16
679 443 10 22 159
1156 443 28 23 339
1445 443 19 29 356
1008 445 4 4 14
1055 444 3 6 14
777 446 8 19 110
1195 449 24 44 326
1016 454 6 4 24
1322 459 32 35 554
635 460 7 12 69
1254 460 12 7 40
489 462 4 4 8
458 465 6 14 74
1134 465 10 20 128
836 469 7 17 102
1018 469 6 16 53
1233 468 3 4 10
1281 470 3 3 7
507 473 7 11 46
703 472 13 71 537
1221 472 3 6 15
391 475 11 16 136
587 476 5 4 16
1173 477 3 4 8
788 478 7 12 56
424 480 3 3 7
1122 481 3 7 15
1610 481 4 3 9
1804 481 30 34 638
1012 482 29 57 414
1625 483 14 21 196
1242 486 3 4 10
1656 487 16 22 218
650 488 8 17 112
684 490 10 51 354
1518 490 17 21 221
1226 493 4 11 30
1445 493 19 27 324
747 495 6 9 36
966 497 9 6 26
1182 497 3 4 8
1381 499 12 24 122
385 501 19 22 267
866 500 3 5 13
1089 503 34 38 579
1574 506 9 8 51
1189 509 5 10 38
1255 509 8 7 25
791 510 6 11 58
336 512 27 18 354
1176 513 3 6 12
984 514 3 8 21
1348 517 7 6 29
1603 519 5 3 13
1162 521 7 9 44
1130 522 24 60 590
1273 525 4 5 11
452 526 8 11 67
1794 526 28 34 712
1248 530 12 19 134
1195 532 2 4 6
1347 533 14 20 194
914 534 7 10 28
1205 534 15 18 143
726 537 6 13 62
785 537 7 16 97
890 536 9 21 142
1318 536 8 13 73
433 538 6 6 23
985 538 16 17 144
1371 539 17 33 348
470 547 4 6 17
1176 546 6 8 35
625 548 8 14 87
859 550 9 21 136
1241 553 3 4 9
935 554 4 9 24
289 559 12 20 169
441 558 5 6 24
1000 558 2 4 8
1198 559 3 5 9
722 561 4 8 32
1825 561 4 2 8
771 563 17 26 136
1155 563 19 15 151
1244 562 3 5 13
1260 564 3 5 10
823 566 6 2 10
1057 568 2 5 8
462 571 15 25 233
1100 571 2 7 11
848 572 69 114 3204
1077 573 2 5 10
1228 572 3 4 6
1571 578 27 19 209
1651 579 12 12 96
319 582 11 16 143
717 585 5 8 27
926 585 4 12 31
445 586 15 31 181
1175 589 4 3 9
735 591 4 12 27
948 590 16 22 137
978 591 4 11 39
1244 590 3 5 9
995 592 2 5 8
1084 593 24 36 273
1318 593 4 2 7
1446 592 13 19 156
1839 592 1 9 9
1044 595 17 16 155
1005 599 4 9 34
515 602 4 4 11
693 603 24 24 196
983 602 5 10 50
1196 603 3 4 8
1229 602 7 6 16
1806 602 4 3 10
310 605 9 12 81
1244 604 4 8 12
1580 605 3 4 8
635 607 23 28 245
1551 606 8 7 39
919 619 4 16 55
766 622 6 12 50
1129 622 3 6 13
826 624 5 12 49
936 625 4 10 28
1162 625 8 6 25
1182 625 3 14 29
1211 625 4 7 19
371 629 11 13 122
1713 628 51 51 1156
988 631 56 83 1063
714 632 4 8 29
695 634 16 17 128
1568 634 4 4 12
1346 636 12 17 131
1378 636 21 38 382
1533 637 10 14 94
1144 639 15 15 144
495 640 4 5 15
517 640 4 4 14
940 640 6 8 26
1412 640 17 28 305
922 642 4 12 28
1037 643 3 5 11
1169 643 9 9 52
1215 642 3 3 7
1769 643 4 2 8
1673 644 27 29 488
780 647 5 11 45
432 648 8 15 89
616 651 8 16 101
667 651 6 9 40
1049 653 2 6 11
687 655 16 25 230
1771 654 19 20 247
1288 656 18 25 264
1058 658 31 32 351
1317 658 22 44 576
1565 659 35 47 609
1200 660 2 4 8
966 662 2 6 10
738 665 4 2 7
1238 664 6 3 8
909 667 3 6 13
933 666 4 7 19
1199 667 15 10 56
1541 671 4 5 14
367 675 21 15 109
476 674 8 13 53
494 675 19 14 124
902 674 2 7 10
1103 678 11 17 104
1553 678 10 8 58
758 682 16 40 346
1140 683 2 4 7
1197 682 13 10 48
890 685 10 14 50
1160 685 3 12 24
1126 686 5 15 28
1179 687 6 8 30
448 689 6 8 38
642 689 6 5 21
913 688 3 9 21
939 690 2 5 10
992 690 9 7 29
1056 690 15 17 185
412 692 12 17 154
1535 692 3 2 6
382 696 10 23 178
714 696 4 5 15
941 697 2 5 10
686 699 10 17 95
978 698 5 14 36
1281 699 6 8 30
1199 700 3 6 14
1518 700 4 3 8
1638 700 29 18 244
1037 702 3 5 7
1186 702 3 5 8
502 706 4 4 15
899 709 10 11 43
1538 709 18 18 201
750 710 396 340 35222
1827 712 13 17 183
1269 714 5 7 31
966 717 24 28 214
1459 716 7 9 47
607 719 6 11 52
1196 718 9 7 28
492 721 9 10 67
1159 720 5 7 27
900 723 9 14 86
680 725 8 15 63
698 727 4 6 21
1498 726 4 4 13
1244 729 7 5 19
1017 731 2 6 7
415 735 14 34 288
714 735 3 6 14
1224 734 3 5 11
1287 734 29 22 295
463 738 6 6 31
1052 738 14 21 188
1005 740 5 9 29
705 743 5 9 36
758 742 5 12 51
957 742 9 6 46
316 747 8 9 52
860 747 7 8 35
1024 747 19 16 116
435 749 12 18 154
609 749 7 15 63
1832 748 8 31 165
550 751 18 15 170
675 751 7 15 79
722 751 4 4 11
788 753 4 2 7
1327 752 3 5 13
1729 753 12 10 77
467 755 4 4 9
1183 756 27 30 362
521 759 4 5 16
913 758 5 8 26
953 759 8 9 39
485 762 4 13 40
656 762 6 13 68
970 764 6 20 35
1623 765 33 40 490
901 768 2 6 12
1027 769 22 16 122
1255 769 4 4 13
760 771 10 29 169
831 771 11 21 48
1680 771 24 41 500
505 773 4 9 22
779 772 3 8 20
457 775 10 19 153
868 774 2 5 9
904 775 5 11 42
1001 775 2 7 13
600 777 3 4 8
1143 777 23 6 56
1244 777 9 13 89
1262 776 20 22 243
350 779 8 13 98
1344 779 13 20 178
668 781 13 17 173
916 781 5 12 14
1170 787 4 4 8
876 789 28 41 309
939 788 15 15 75
1036 791 21 21 226
508 793 6 5 17
1075 794 4 7 22
849 797 10 5 27
328 803 5 5 13
477 802 5 4 18
1001 802 19 16 129
504 804 3 4 9
656 807 9 17 98
677 807 21 29 174
933 806 7 16 53
1411 806 17 23 260
1753 808 7 5 20
1061 811 13 10 68
1154 810 7 8 18
991 812 2 6 10
597 814 6 11 52
952 815 12 39 156
1252 814 11 16 110
1502 814 10 25 148
1298 816 4 5 16
921 819 4 7 22
1128 819 14 6 26
1219 819 9 15 96
1810 820 18 12 123
868 823 14 3 23
1082 824 9 14 52
770 828 4 10 28
638 831 10 12 53
729 831 3 5 11
831 830 12 19 112
1617 830 16 17 178
884 833 2 8 16
974 832 2 5 6
1047 832 16 19 192
1332 834 13 18 164
1146 838 3 7 12
870 843 2 5 10
896 843 2 6 9
1728 843 13 9 69
333 845 16 18 130
673 845 10 13 82
490 846 7 12 38
1002 848 29 41 270
441 851 5 3 13
985 851 2 5 9
838 853 3 8 18
1633 852 16 17 187
1821 852 19 27 311
694 857 2 3 6
965 856 7 6 12
1550 857 10 9 63
450 858 4 3 10
527 859 4 5 15
1055 859 17 21 199
1797 859 4 2 7
736 861 15 23 109
873 861 2 7 9
1449 860 3 3 9
668 865 3 6 17
900 865 12 19 84
939 864 23 18 240
1031 864 6 7 32
1140 864 10 8 26
1497 864 13 14 140
648 866 3 6 15
925 867 2 5 6
1253 867 9 4 21
977 869 9 1 9
1452 868 2 6 12
697 870 11 5 26
989 871 6 7 12
1234 871 8 2 9
367 873 6 5 25
473 875 13 27 155
1435 874 11 10 73
876 876 11 11 42
1247 876 3 3 8
521 879 3 4 8
496 881 9 12 91
920 881 13 14 63
1450 885 20 12 98
671 886 15 25 128
937 887 23 7 58
364 889 10 17 109
1797 889 13 9 82
439 890 9 12 82
556 891 5 6 18
691 895 3 4 12
1313 894 8 8 48
999 901 10 2 11
1645 901 6 7 20
1834 901 6 3 17
654 903 2 5 9
725 903 2 4 7
897 903 6 8 23
941 902 4 8 31
964 903 17 13 78
1567 902 13 13 117
1011 904 46 30 608
1410 905 6 7 35
1479 905 3 5 11
1436 907 4 3 10
408 911 6 13 55
692 911 17 8 68
917 911 4 6 13
951 911 5 7 16
378 912 7 9 47
1483 912 6 5 18
1813 912 15 17 194
469 915 4 6 19
482 914 9 8 51
746 915 5 12 34
1524 914 9 10 65
1236 916 2 3 6
1719 917 14 18 153
716 918 3 7 17
1746 919 27 25 357
1198 920 14 22 139
1435 921 3 3 6
981 923 8 14 89
1143 923 4 5 14
662 925 16 34 245
961 924 9 5 28
687 926 2 4 8
652 928 4 9 28
1792 928 11 10 70
742 932 2 5 9
1045 934 5 14 48
1149 935 7 9 43
1234 935 2 4 7
1821 934 19 16 205
115 939 14 11 99
1528 938 12 10 62
973 941 7 7 37
997 940 5 9 41
1568 940 24 30 285
1201 945 8 13 76
1272 945 9 14 94
1482 947 6 7 21
1605 949 9 8 54
532 952 3 4 9
1008 953 3 5 12
1030 953 5 7 26
1508 955 11 8 61
528 957 2 3 6
1548 959 7 13 51
454 961 2 4 8
1227 960 22 16 144
723 962 4 4 14
513 965 8 12 50
682 967 12 18 54
1630 966 14 16 142
1486 971 2 3 6
1526 971 13 10 61
478 973 10 5 34
496 972 4 4 10
1737 975 12 10 85
397 979 5 5 19
454 978 4 3 8
462 979 23 18 193
621 979 3 4 10
635 979 11 15 51
664 979 7 25 84
1692 979 22 22 300
1173 982 16 12 60
527 985 5 8 22
341 986 6 6 27
732 987 18 13 69
1600 987 13 12 116
1804 988 22 34 360
678 990 22 25 126
1478 990 39 43 564
701 992 2 4 8
751 994 8 6 32
404 999 8 10 46
1424 1001 16 15 91
493 1002 2 6 8
737 1009 4 7 21
1161 1008 7 9 42
1670 1011 14 10 59
1470 1013 7 4 21
667 1015 5 10 36
746 1014 7 10 29
1262 1016 10 10 59
1246 1021 3 3 6
1354 1021 8 8 45
1528 1024 13 15 139
1568 1024 5 5 23
712 1027 4 16 35
725 1026 2 4 7
811 1026 2 8 13
415 1029 7 9 50
497 1029 7 11 38
661 1029 5 12 37
486 1031 4 5 16
625 1031 13 11 48
906 1035 5 6 13
948 1035 2 5 7
1558 1035 11 12 91
1579 1035 8 7 28
370 1037 6 6 30
1150 1036 7 11 57
700 1038 3 7 15
992 1038 14 13 70
1257 1039 4 6 15
1333 1039 18 11 92
1409 1038 13 7 59
1630 1043 4 4 12
770 1044 2 7 9
1213 1045 26 30 228
1651 1044 13 16 158
586 1047 3 5 13
1437 1046 3 3 6
797 1050 3 7 17
968 1051 3 4 9
359 1052 7 11 47
386 1053 5 5 21
935 1053 2 4 6
325 1056 5 6 23
1770 1057 15 12 124
646 1058 5 7 24
757 1058 2 5 8
1023 1059 7 24 75
1258 1059 12 15 95
508 1060 7 7 38
449 1062 4 6 22
711 1063 3 5 13
999 1064 2 4 8
1152 1066 2 10 11
1700 1066 9 11 71
788 1069 9 2 10
1085 1068 3 4 9
1172 1068 19 27 172
1390 1068 17 13 133
501 1070 4 4 9
727 1071 2 6 9
666 1072 3 6 17
688 1073 2 4 7
973 1072 20 30 163
1759 1072 2 3 6
603 1074 2 4 8
1091 1074 5 6 25
1450 1075 4 4 10
1464 1075 6 5 17
1739 1075 15 13 147
388 1077 4 3 7
632 1076 3 4 8
1065 1077 2 4 6
938 1081 6 11 26
1116 1080 20 26 230
1000 1082 7 6 37
407 1084 4 3 7
700 1085 7 15 35
464 1087 3 7 14
765 1086 7 2 11
1069 1086 2 5 7
653 1089 8 8 39
1451 1089 9 3 12
1682 1088 17 22 227
1571 1091 19 12 116
1141 1093 10 12 76
538 1094 5 2 6
872 1094 2 4 8
673 1096 3 9 15
807 1097 6 6 20
1552 1096 2 10 12
914 1098 19 15 91
1332 1098 5 2 6
1381 1101 6 5 21
1611 1100 8 13 72
495 1102 9 11 66
1110 1103 3 3 8
662 1105 10 8 55
750 1104 3 5 8
982 1105 6 10 47
966 1108 3 6 14
1037 1110 3 6 14
1058 1111 11 16 45
463 1112 36 19 144
688 1114 4 7 21
345 1116 11 13 64
615 1116 3 5 13
848 1116 9 5 23
952 1117 13 12 67
1203 1116 3 4 9
1543 1116 6 4 13
659 1118 2 4 6
991 1118 3 2 6
1159 1119 11 14 61
1334 1118 6 7 26
1463 1119 1 7 7
811 1121 4 7 19
1222 1120 6 4 23
1246 1121 13 10 44
796 1123 3 8 19
1046 1123 2 3 6
1610 1122 3 8 10
444 1126 6 7 33
1192 1127 6 10 21
1216 1126 4 5 16
1518 1126 4 4 11
676 1131 5 7 11
1680 1131 28 16 259
751 1134 2 4 6
794 1134 2 4 7
981 1136 13 8 74
655 1139 10 16 57
688 1141 11 6 34
725 1141 9 17 60
1466 1140 9 5 35
830 1143 3 7 16
1747 1143 7 11 26
1046 1146 11 10 33
1058 1149 4 12 24
1283 1148 4 2 6
1443 1148 11 9 82
974 1151 15 25 140
788 1152 2 6 11
1572 1153 8 9 46
1665 1153 18 13 187
1692 1153 10 14 67
673 1155 3 3 6
1276 1157 4 3 7
1458 1157 8 15 68
349 1158 4 4 12
472 1158 5 3 13
1129 1159 5 11 48
1190 1158 9 14 53
1546 1158 11 13 91
811 1165 2 4 6
659 1166 15 15 102
681 1166 5 5 15
1141 1167 13 8 44
1489 1166 5 4 17
1592 1166 7 10 45
754 1169 2 5 8
1305 1168 15 6 31
1035 1170 8 3 10
1222 1170 14 14 86
1273 1171 5 4 16
1379 1170 9 15 81
642 1173 3 6 15
1027 1174 2 4 7
399 1177 4 5 13
553 1176 4 4 10
1113 1178 2 10 12
962 1183 3 3 6
1145 1185 5 8 28
1413 1185 23 18 161
1627 1184 36 34 453
915 1187 3 7 16
646 1188 2 4 7
682 1189 3 7 16
1203 1188 17 9 78
1375 1189 4 6 20
1520 1189 4 4 11
710 1191 10 2 11
1250 1190 3 4 9
586 1193 2 3 6
995 1193 9 4 12
1105 1192 3 4 12
1320 1192 15 15 100
972 1195 6 5 13
1584 1194 10 3 14
1182 1197 10 4 15
1370 1197 6 14 62
1461 1199 6 6 26
1263 1200 2 8 9
855 1202 11 2 12
887 1203 10 1 10
945 1202 11 15 32
1029 1202 5 3 13
1612 1202 6 8 35
577 1208 2 5 8
1114 1210 11 10 45
1246 1210 16 11 37
727 1212 13 16 65
979 1212 17 16 151
633 1215 2 6 11
677 1214 6 9 28
1225 1214 3 4 6
1774 1215 5 8 21
921 1216 8 5 12
1473 1216 5 7 22
1450 1218 8 10 68
996 1220 13 8 28
783 1223 11 5 45
1126 1223 7 5 35
750 1225 2 3 6
822 1224 2 4 7
1108 1225 2 3 6
1340 1225 2 3 6
502 1226 8 2 9
