0 0 1840 1228 2047711
177 0 15 18 188
215 0 7 15 52
236 0 86 27 1664
339 0 112 56 2380
510 0 35 132 1728
645 0 10 7 54
754 0 62 71 1585
824 0 44 50 1118
922 0 11 10 87
944 0 58 50 1583
1164 0 49 42 1091
1204 0 28 24 193
1281 0 5 3 10
1527 0 36 45 1078
1576 0 17 37 112
1676 0 20 7 95
1776 0 64 143 2965
452 16 10 15 120
695 20 12 23 217
167 25 16 19 221
1122 24 6 13 55
1395 25 22 39 634
75 37 21 27 461
1642 36 73 58 1376
1718 36 32 35 768
290 38 19 36 460
1298 44 10 11 87
962 47 6 14 67
1228 46 7 11 56
891 52 5 9 37
1076 55 5 8 31
1258 55 38 34 446
1119 59 6 5 21
1560 58 25 37 673
805 60 16 17 213
913 61 8 14 82
994 60 6 13 64
462 62 10 17 130
1193 62 6 9 39
1031 64 19 35 508
1165 64 21 13 130
65 66 7 8 25
416 67 8 12 80
852 75 8 13 85
1301 75 6 9 40
761 80 19 23 287
350 84 8 9 56
936 85 40 28 516
980 87 39 63 1055
1071 86 16 30 276
325 89 5 3 11
794 89 13 58 444
1145 88 4 9 31
260 92 5 7 23
914 96 9 18 114
1488 96 13 7 45
1621 96 19 15 180
1236 101 5 6 19
897 103 5 3 12
676 107 12 20 189
1119 106 5 7 29
1187 110 12 10 60
380 112 38 83 963
1559 116 28 39 777
1100 119 34 67 924
1207 119 10 17 123
605 121 8 5 27
643 124 9 14 96
173 126 13 15 162
258 127 6 5 24
816 126 7 9 42
1361 126 21 37 547
1193 129 3 2 6
1709 129 32 31 709
203 131 17 23 310
1448 130 23 34 543
718 133 8 10 58
516 134 7 9 23
551 134 32 23 192
1144 135 6 7 34
1185 135 5 10 38
1263 134 5 6 21
1829 135 11 20 152
932 137 34 23 467
1516 137 11 15 122
322 139 27 38 341
420 139 21 13 102
487 139 20 33 247
339 140 10 3 12
390 141 4 2 8
1245 142 4 5 19
460 144 2 3 6
375 146 8 5 12
464 147 8 1 8
814 146 23 31 336
246 149 24 45 488
620 148 59 59 864
689 148 22 27 240
999 148 20 32 294
171 151 18 23 343
511 150 148 149 6396
581 151 45 55 487
959 150 22 26 136
1199 153 3 5 15
1309 153 5 7 27
1225 155 3 3 7
439 157 41 51 757
584 156 6 7 30
670 156 2 6 7
660 157 121 108 2690
571 163 9 8 35
677 162 3 8 14
1204 162 8 9 61
1267 166 5 4 16
358 169 11 5 24
712 168 10 14 84
772 168 43 76 1059
1427 173 25 39 663
278 177 7 4 10
664 176 3 7 11
1146 177 4 7 23
505 179 2 6 12
434 181 5 3 11
913 180 16 27 232
1008 181 4 5 15
1741 181 67 44 1804
194 185 3 5 7
1047 184 20 37 558
1118 185 26 28 345
302 189 9 14 65
417 188 10 4 13
1582 191 7 3 9
360 192 8 9 19
680 193 11 2 14
89 195 11 9 67
274 195 26 38 417
470 196 46 58 573
707 196 3 5 11
1512 197 20 26 347
380 198 9 1 9
1471 198 37 42 1070
819 201 5 3 13
1827 200 13 64 559
636 207 62 43 453
1097 207 4 9 27
1152 207 14 14 155
1200 207 9 10 48
1375 207 15 26 292
425 208 19 19 158
483 208 5 10 14
624 208 9 3 11
1347 208 18 31 420
467 210 1 10 10
340 213 1 10 10
1230 213 13 28 210
1283 214 6 9 38
149 219 8 4 14
404 223 4 7 9
1270 227 4 6 17
929 228 5 11 35
337 230 2 7 8
1092 230 33 77 953
1546 231 36 39 892
16 232 15 16 177
386 233 70 54 1161
904 232 13 19 203
1008 233 7 10 52
1186 236 6 12 57
171 238 12 10 78
259 239 23 34 384
991 238 5 10 41
1148 239 5 10 38
807 242 5 6 25
1783 243 33 38 864
439 244 116 99 4563
373 246 7 2 8
767 246 13 38 372
1666 246 26 34 629
329 248 10 10 28
787 249 37 58 657
1037 248 43 50 779
940 251 4 5 15
1172 251 8 12 80
144 252 6 3 8
353 252 2 7 8
366 253 3 4 6
855 252 14 24 264
1217 253 10 10 58
300 255 25 15 144
943 254 14 27 206
126 256 31 20 186
970 259 14 29 348
1002 258 21 32 206
1134 261 3 6 14
7 263 16 13 152
355 265 6 4 9
835 267 2 7 9
374 268 23 19 154
752 269 6 10 52
1165 268 5 6 23
1208 269 7 13 65
436 271 4 7 11
1141 270 4 6 20
292 276 3 6 10
664 277 23 19 192
1315 276 33 67 925
255 278 9 7 15
350 279 18 12 86
1174 279 4 7 24
715 281 15 21 180
1188 281 6 10 44
142 282 10 6 31
398 287 3 3 9
1448 287 16 21 237
603 289 13 16 57
1136 288 4 6 14
898 292 35 44 598
405 296 22 2 42
556 297 1 14 14
1120 296 4 6 16
1765 297 63 33 999
765 300 8 14 80
1166 302 16 16 157
999 304 3 5 15
960 307 22 46 601
1248 306 4 5 14
608 308 8 3 14
1209 309 11 8 43
395 313 36 33 537
824 312 4 2 7
1009 317 3 7 18
1037 316 6 8 26
825 319 22 24 120
785 320 5 8 33
312 322 5 5 23
940 324 8 15 96
1715 325 22 19 261
1110 326 5 15 47
994 328 5 6 25
1128 328 13 21 174
1748 328 67 88 2832
766 334 6 10 46
1195 336 8 12 79
1011 339 3 3 6
372 340 14 18 167
1179 340 5 5 18
517 345 28 25 307
784 344 11 20 173
1361 344 16 23 293
1469 344 24 32 491
882 346 4 10 34
1172 346 62 40 1080
403 349 7 6 28
731 349 13 17 147
1036 348 3 4 7
455 352 4 4 7
562 352 15 13 102
903 352 5 9 39
1838 353 2 15 24
270 354 14 18 79
1092 354 5 6 23
293 356 17 17 190
1152 356 3 4 9
391 358 4 7 17
166 363 10 5 35
228 363 12 13 107
684 362 15 30 347
975 362 5 6 18
143 367 14 16 165
943 367 16 14 140
1526 369 22 29 467
549 370 8 13 101
1120 371 28 31 559
203 376 5 7 18
1053 377 5 8 28
984 379 5 11 44
1100 378 3 3 8
791 383 11 23 133
1000 382 15 46 503
1383 383 13 21 202
492 385 12 33 224
1812 385 28 32 742
856 387 13 33 251
1288 386 19 23 195
888 389 64 139 2608
1435 388 16 18 148
758 390 5 8 38
1573 392 22 28 466
1458 394 57 114 2741
1407 397 10 13 95
75 398 10 10 63
746 398 11 23 144
973 398 17 10 108
1109 399 7 7 25
1164 401 5 9 32
1183 402 4 5 17
186 404 12 12 103
234 404 17 21 124
206 408 12 13 97
461 409 7 8 28
531 410 7 10 55
1225 410 5 6 22
1537 412 25 34 629
786 414 29 37 583
333 417 5 16 32
973 416 4 8 27
1204 417 5 9 32
554 419 3 2 6
1019 419 21 49 516
1054 419 15 25 277
1150 423 32 30 364
307 426 5 12 27
823 426 13 20 195
1584 426 22 29 436
964 429 29 41 499
768 433 4 7 21
1125 433 3 5 11
539 435 9 12 43
943 435 2 7 13
651 436 9 16 118
1133 440 3 4 11
282 443 5 12 45
519 443 5 2 6
747 442 38 34 432
1003 443 3 4 9
1221 442 21 17 226
198 444 14 16 171
336 445 2 4 7
451 444 11 19 147
504 445 11 5 15
476 447 8 14 94
1092 446 4 4 11
852 449 20 26 200
710 450 16 20 86
951 450 10 2 12
1197 451 13 19 97
1832 451 8 24 164
250 452 8 4 20
1117 453 3 3 7
1296 452 39 21 272
809 459 55 36 767
255 461 20 12 75
395 461 17 16 148
539 462 10 17 109
1136 465 3 4 8
26 467 11 6 41
1109 467 64 89 2326
427 473 4 4 8
728 473 4 7 24
959 473 11 8 32
227 475 18 8 68
455 475 25 25 229
1046 474 38 48 828
502 478 72 48 836
1401 479 39 31 566
1629 479 18 20 257
32 482 9 8 46
874 482 11 11 36
1003 483 14 27 279
737 486 6 10 52
1556 486 22 32 491
272 488 18 23 89
485 491 8 15 66
948 490 13 10 35
767 492 4 6 16
240 494 9 8 52
790 499 30 43 503
866 498 5 3 12
1183 498 3 4 8
414 501 36 38 603
1376 501 5 5 13
1328 503 13 20 218
343 504 6 4 13
131 506 8 5 24
704 507 9 12 80
1234 506 42 27 431
403 508 5 7 25
834 509 24 22 259
974 510 6 3 12
96 512 14 13 132
1615 513 22 16 277
768 514 23 34 419
176 516 4 2 6
962 516 8 4 20
1097 516 3 6 13
358 518 6 7 39
546 519 4 4 11
232 520 3 7 10
975 522 17 23 250
479 525 8 16 82
509 527 21 14 92
698 527 5 13 39
717 526 11 17 115
1308 527 4 2 7
829 529 8 16 52
1025 528 3 3 6
1220 529 7 11 39
1699 529 36 62 1498
913 531 11 24 186
942 534 4 7 19
295 537 6 16 31
332 537 10 4 16
356 537 6 3 9
171 541 9 5 28
144 543 11 13 95
1061 545 2 4 7
1435 545 7 7 37
465 547 25 22 244
868 547 18 21 193
223 551 10 6 39
516 551 12 10 71
781 551 5 7 35
943 551 20 36 165
180 553 21 19 179
589 553 4 2 7
1266 552 1 10 10
1453 552 13 18 177
1135 554 10 14 47
680 559 10 6 15
1009 559 13 10 32
1298 558 15 31 302
350 560 33 20 221
926 560 9 12 59
287 562 5 2 6
449 563 4 4 13
530 563 1 6 6
972 563 2 5 8
1071 562 3 11 24
1601 562 31 29 332
97 566 11 13 71
775 567 12 17 98
835 567 14 11 97
441 569 4 3 9
1033 568 12 16 137
1127 569 3 3 7
275 571 7 2 11
995 571 3 4 11
1103 571 11 25 110
506 573 18 50 507
605 572 9 8 22
1776 572 20 17 253
1467 574 22 18 280
684 577 10 11 76
1144 578 3 5 12
747 580 8 10 46
1665 581 19 17 242
262 582 9 2 10
916 583 3 3 7
1160 582 15 12 61
22 584 4 2 6
801 585 7 12 74
824 585 4 8 29
332 589 5 5 9
600 589 7 4 19
383 591 3 4 9
772 591 8 13 84
1497 590 18 21 256
162 592 18 7 49
482 592 7 10 44
956 592 43 29 685
1047 592 2 4 6
460 595 14 4 19
1014 595 2 5 8
1082 594 3 3 8
422 596 2 5 6
619 596 7 6 29
790 597 34 55 638
938 597 3 5 11
691 601 18 28 254
1041 601 6 5 24
1335 600 10 14 100
1784 603 39 51 1135
909 605 8 10 45
263 607 4 4 14
932 608 5 7 31
1709 609 34 41 941
551 611 5 3 7
757 613 5 8 37
1425 613 7 8 38
1562 612 21 29 410
1075 614 7 11 50
177 616 12 5 31
271 617 5 3 11
844 618 8 16 102
361 621 5 7 23
408 622 28 35 413
644 622 2 8 9
718 623 8 18 59
489 625 12 2 18
591 625 7 11 60
1160 625 7 10 37
741 626 11 9 47
1041 627 2 3 6
173 630 12 16 113
784 631 9 15 72
934 630 4 9 26
547 633 18 27 179
1049 635 28 35 288
1083 634 11 12 50
1117 634 5 14 55
678 638 5 4 12
888 638 2 4 8
577 641 8 15 88
755 641 3 4 7
903 640 3 3 9
1315 641 20 23 213
645 643 6 2 7
846 642 8 10 65
909 645 40 69 876
994 644 22 20 200
1464 645 12 19 149
189 647 19 11 64
505 647 26 75 811
953 647 30 44 373
877 649 3 5 12
943 648 2 4 7
1400 648 5 4 11
399 651 5 2 9
1149 652 6 9 40
1297 652 10 2 11
1416 652 34 31 516
796 657 4 6 18
697 659 12 2 17
891 659 5 8 28
1093 658 2 4 8
723 661 5 2 9
676 662 6 15 42
928 663 4 7 22
1157 663 3 12 14
1557 663 17 15 182
348 664 11 10 85
401 665 4 2 7
730 665 33 37 418
850 665 5 2 7
1032 664 4 5 11
1566 665 39 47 888
99 667 8 3 12
413 667 6 2 8
577 667 7 12 24
687 666 14 10 42
1207 667 12 16 136
940 669 11 10 34
1244 669 7 6 25
802 670 8 12 81
1091 672 20 14 81
1631 673 38 35 646
1817 673 14 12 67
440 674 10 4 17
600 675 1 6 6
388 677 13 8 41
459 676 4 3 10
720 677 7 5 11
1327 677 16 16 151
1749 677 22 22 354
428 679 8 18 89
76 681 11 8 62
257 681 12 13 116
817 680 12 4 16
1050 680 37 37 487
332 682 6 12 18
949 683 5 6 30
208 684 16 15 115
1042 685 5 6 16
1120 684 6 6 22
1148 684 5 4 11
1165 686 8 4 24
1242 687 24 29 288
154 688 6 4 18
691 689 7 2 7
759 689 6 19 84
1138 688 2 3 6
27 691 9 10 87
119 691 4 3 6
373 691 4 3 8
613 690 6 19 25
661 691 5 8 22
679 691 11 15 73
1527 691 20 26 381
538 692 7 8 47
955 692 28 40 620
886 695 27 27 171
287 696 10 11 92
351 702 4 2 7
639 703 5 2 10
1409 703 6 5 14
45 704 21 4 40
646 704 13 20 208
775 705 6 7 30
807 705 4 6 12
1480 706 20 29 441
838 709 7 8 51
93 710 4 2 6
857 710 5 4 12
601 715 4 8 10
794 714 9 17 130
1146 715 5 5 22
181 716 11 8 54
728 716 4 2 7
1035 716 8 16 51
722 720 17 18 158
827 721 4 5 14
1437 721 11 11 83
839 723 44 37 642
1107 722 21 23 283
273 724 6 5 11
514 724 17 8 50
1080 724 14 19 194
1499 724 82 60 2220
1310 726 11 13 113
1287 728 11 15 135
420 731 3 3 7
466 733 6 2 11
547 732 9 19 87
472 736 25 8 119
714 737 357 340 35816
899 737 26 37 282
1264 738 4 3 8
230 741 7 2 11
808 740 4 6 21
1246 742 9 13 95
514 745 7 9 56
606 745 3 8 24
403 747 8 13 70
454 747 22 24 194
1060 746 22 44 245
1049 748 9 8 30
941 753 6 8 23
431 754 5 6 23
1161 758 15 24 291
1378 761 24 74 953
1406 760 21 21 228
528 763 5 2 6
1325 763 19 37 486
351 765 3 4 6
589 767 9 3 18
814 766 5 7 24
1093 767 54 35 692
513 769 8 12 81
654 770 3 3 7
188 774 4 4 10
600 774 15 15 88
830 774 17 21 163
472 777 8 3 14
936 776 12 16 142
320 779 5 3 12
399 778 8 6 32
95 780 12 16 43
510 781 37 18 301
709 780 7 17 41
498 783 4 5 14
741 783 7 4 16
1045 789 3 9 14
207 790 10 13 108
1428 790 56 32 586
561 793 2 4 7
418 794 5 4 18
606 794 5 6 20
671 797 3 3 8
907 796 8 6 23
863 798 12 17 91
316 801 2 4 7
1045 800 29 36 502
713 803 18 17 72
817 803 3 6 15
371 805 9 4 14
494 805 4 5 11
963 804 7 9 54
1108 805 2 3 6
1321 805 5 6 18
324 806 3 7 17
391 807 4 4 11
453 807 8 10 56
544 807 7 11 35
696 806 6 4 16
884 807 3 6 14
1705 806 26 39 736
657 809 22 20 128
519 811 11 21 95
594 811 15 5 36
622 811 28 16 161
419 814 7 10 58
497 814 5 16 42
40 816 6 3 13
128 818 5 5 21
443 820 7 22 97
680 821 16 13 75
939 821 6 9 35
1311 822 7 1 7
718 825 2 3 6
1340 824 25 30 356
23 827 6 3 7
280 826 14 11 49
737 827 11 11 37
920 828 4 7 26
959 828 10 20 166
1081 828 23 28 162
1752 831 19 15 195
649 832 10 9 26
550 835 8 13 33
571 835 10 3 12
720 835 2 4 6
258 837 4 4 15
366 837 8 7 41
1666 836 17 16 198
183 839 5 6 11
1180 839 11 10 70
474 840 13 8 47
610 841 7 10 24
642 841 3 2 6
847 841 2 5 8
878 841 9 15 112
345 842 10 7 16
685 842 19 11 69
790 843 7 8 35
816 843 6 10 54
1401 842 13 18 159
1506 845 22 25 384
923 846 5 7 28
1332 847 11 22 132
88 850 5 8 15
255 851 15 12 84
896 851 2 5 9
1045 851 3 4 8
1645 851 16 34 402
526 852 10 7 42
654 853 20 12 46
1059 852 6 13 30
1097 852 5 7 30
430 857 15 14 58
998 857 3 4 8
1598 856 18 30 335
464 858 14 11 92
494 859 4 4 13
790 860 7 12 64
423 863 4 5 8
624 862 12 5 34
1076 862 15 8 63
676 864 7 2 7
778 865 92 90 2362
887 865 4 6 23
925 867 2 4 7
687 868 3 8 15
234 870 4 3 9
1187 870 5 2 6
152 872 5 3 8
217 873 8 5 25
300 873 7 6 10
502 873 4 7 20
534 872 4 5 14
0 874 12 2 13
192 875 6 11 20
564 874 10 8 43
983 874 20 12 39
1092 874 2 6 11
650 876 10 1 10
665 879 4 5 20
701 878 8 9 21
208 880 5 4 15
1080 880 2 4 7
284 882 6 4 8
1062 882 5 8 22
1452 883 20 28 218
1466 882 70 52 1385
271 885 3 3 6
478 884 7 9 53
913 884 27 45 411
1148 885 3 3 7
1675 884 34 55 682
216 886 14 10 41
1097 886 2 3 6
1735 886 14 10 100
393 889 3 3 6
427 888 8 9 38
504 888 10 13 86
602 889 6 8 40
0 891 6 1 6
1078 892 17 6 29
618 894 34 37 250
706 894 3 2 6
1134 895 7 10 65
1587 894 15 17 183
488 896 4 4 12
536 899 6 13 42
678 899 14 19 85
401 900 10 6 29
1232 901 11 19 152
446 902 4 6 18
1052 902 25 20 195
1366 902 10 8 28
455 904 39 23 415
126 909 11 22 113
893 909 12 14 72
70 911 5 3 8
1124 914 2 3 6
403 916 5 2 6
436 917 9 8 57
495 916 12 13 61
568 917 18 4 28
694 916 14 18 54
1324 917 16 25 250
408 919 22 35 264
396 920 4 5 11
1405 921 13 20 155
534 922 10 6 26
1308 923 4 4 10
886 925 2 12 14
352 927 6 6 27
653 926 19 5 27
447 930 6 8 46
534 930 20 19 118
304 932 4 2 6
616 936 1 10 10
669 937 4 8 26
1072 936 12 11 42
600 938 8 18 33
109 940 3 4 6
585 941 5 6 10
636 942 33 14 100
1575 942 21 18 228
1658 943 26 44 512
475 946 31 22 318
577 947 6 5 11
612 947 3 3 8
334 953 4 7 15
387 953 9 3 12
519 953 17 11 48
75 955 3 3 8
1214 954 24 34 419
310 957 5 3 10
556 957 5 4 20
764 959 3 3 8
1343 958 24 26 327
1471 959 12 15 114
203 961 2 4 7
905 961 3 3 7
1718 960 13 7 50
587 963 5 5 14
434 965 28 24 161
567 964 4 3 9
1258 965 15 21 245
1437 966 3 5 8
399 968 3 3 7
804 968 14 12 45
545 971 20 10 79
1071 970 7 7 39
531 972 8 15 54
412 974 8 8 26
859 975 11 3 22
498 976 6 4 17
1759 976 15 16 91
600 981 6 7 16
792 981 2 3 6
570 985 8 6 20
637 984 5 7 27
134 986 5 3 9
368 986 4 10 20
497 990 25 19 74
1091 991 6 3 13
1172 990 22 39 317
1396 990 13 16 149
433 993 8 1 8
1076 993 3 3 8
1306 992 6 9 41
463 1000 5 17 39
343 1003 5 5 14
254 1005 4 6 8
632 1004 8 5 34
396 1006 14 24 165
596 1007 5 8 31
658 1006 4 2 7
138 1009 5 4 10
330 1008 11 1 11
1076 1009 4 10 16
1371 1008 17 21 242
44 1010 8 3 9
484 1012 11 5 31
696 1012 3 6 13
709 1012 4 4 11
1303 1015 9 10 52
1601 1016 16 16 189
541 1018 15 21 160
669 1019 25 15 120
1649 1019 5 4 8
447 1021 5 5 12
477 1021 4 5 10
1268 1020 5 2 8
1694 1021 13 11 77
1629 1028 17 13 135
321 1030 7 5 16
460 1030 20 15 127
1204 1030 7 5 13
1310 1030 17 24 293
1522 1031 30 22 346
180 1032 16 12 68
569 1032 12 5 22
655 1033 3 3 6
164 1035 7 6 33
595 1035 4 2 6
432 1036 5 12 26
139 1039 7 3 16
601 1038 3 3 8
1366 1038 11 14 111
447 1041 18 23 99
1336 1041 8 15 89
644 1042 9 13 65
669 1043 6 3 12
175 1045 3 5 13
377 1044 6 8 25
393 1045 4 9 14
208 1048 5 11 17
349 1051 6 6 13
250 1054 6 2 9
611 1057 6 9 36
659 1057 14 6 59
127 1058 3 4 11
639 1058 5 4 17
217 1061 7 9 50
552 1060 3 4 7
704 1061 12 10 29
1597 1061 5 4 10
299 1062 3 4 6
410 1063 5 6 14
1541 1062 14 16 135
588 1065 9 14 29
170 1066 11 7 36
512 1066 3 3 6
126 1069 1 11 11
194 1069 5 6 20
279 1068 10 1 10
757 1073 4 2 8
846 1072 8 12 76
914 1072 7 8 46
1379 1073 30 16 221
551 1074 19 12 147
487 1077 2 3 6
1253 1077 4 6 14
249 1079 20 17 88
406 1079 18 4 56
534 1078 6 5 23
193 1081 3 3 8
991 1081 2 10 12
1089 1080 6 8 24
494 1082 18 10 65
668 1082 11 9 33
876 1082 8 5 33
1457 1082 19 22 288
1035 1085 16 32 296
697 1090 36 38 236
747 1090 2 3 6
903 1090 3 3 9
1490 1090 18 31 272
533 1094 4 4 7
791 1094 3 4 8
653 1097 9 11 66
55 1099 4 6 10
352 1099 14 7 29
465 1098 7 3 9
1005 1098 12 14 105
1591 1098 15 16 168
229 1100 7 7 33
278 1102 6 6 17
673 1103 4 4 15
803 1105 4 7 23
1573 1105 5 2 6
75 1107 8 5 24
586 1106 3 3 7
697 1107 4 8 17
736 1107 7 2 14
198 1108 8 11 55
493 1109 4 4 14
530 1108 8 12 30
744 1109 18 28 111
902 1108 7 9 53
292 1110 7 6 9
473 1111 9 14 69
1230 1110 2 4 7
1251 1110 4 7 22
1396 1111 10 10 71
513 1113 3 5 12
604 1112 5 6 14
565 1114 10 3 27
857 1114 13 8 59
144 1116 28 9 88
788 1116 3 5 14
829 1117 20 22 153
545 1119 15 19 56
238 1121 4 4 13
417 1123 3 6 12
496 1124 6 4 16
186 1126 3 5 11
518 1126 3 4 10
114 1129 4 5 16
249 1128 4 3 6
452 1128 13 11 107
1253 1128 10 14 115
1231 1131 8 10 55
231 1132 6 7 23
1479 1133 21 41 510
1319 1134 7 13 61
589 1136 6 7 22
1291 1137 17 20 236
358 1138 13 9 39
568 1139 4 4 9
964 1138 7 8 36
1439 1139 17 36 311
1579 1138 3 6 8
483 1140 5 3 6
773 1140 8 11 40
808 1141 15 11 43
510 1143 7 10 23
888 1143 2 4 8
1081 1143 3 4 10
1249 1144 3 4 9
122 1146 6 4 13
734 1146 31 13 76
495 1149 4 5 15
857 1149 4 5 15
667 1153 11 4 14
462 1155 3 3 7
596 1157 3 3 8
440 1160 5 5 21
847 1161 6 4 14
967 1161 2 4 7
472 1165 3 2 6
1218 1164 8 11 31
21 1167 3 3 7
1010 1166 2 3 6
602 1169 3 5 10
1541 1171 15 11 83
451 1173 3 4 7
718 1173 16 29 142
738 1173 3 7 15
850 1173 7 6 22
1174 1173 3 3 7
761 1174 6 5 15
1116 1174 2 4 8
1163 1174 6 7 25
1329 1177 3 3 7
1024 1179 2 4 7
336 1180 2 5 8
821 1182 2 14 22
1008 1182 2 5 10
394 1185 4 3 9
553 1187 4 7 22
293 1189 4 7 15
404 1189 12 14 58
657 1188 5 2 10
744 1188 10 12 42
1072 1188 7 5 22
1309 1188 7 4 17
638 1191 3 6 15
1155 1190 3 3 6
448 1192 2 11 19
1232 1195 7 8 37
573 1196 7 6 23
237 1199 3 4 7
310 1200 4 4 9
1540 1200 4 2 6
810 1203 3 5 10
56 1204 4 5 14
224 1206 16 22 192
1101 1207 5 13 39
1214 1207 8 9 27
823 1208 12 5 30
329 1213 15 8 51
546 1212 2 4 7
435 1214 7 4 10
737 1216 4 4 10
1308 1217 14 11 79
122 1221 5 7 16
249 1221 3 7 19
307 1222 6 6 28
519 1223 2 5 10
989 1223 2 5 10
432 1225 3 3 8
493 1225 2 3 6
1407 1225 2 3 6
