0 0 1840 1228 2062418
403 0 52 40 1060
477 0 29 41 1000
556 0 13 4 37
595 0 12 14 152
921 0 6 9 47
961 0 19 29 424
1173 0 14 17 170
1217 0 8 5 33
1513 0 92 167 3135
1606 0 17 5 56
1666 0 63 26 909
1746 0 3 4 12
1773 0 27 20 419
148 5 16 25 330
1046 7 7 16 90
1125 7 23 28 246
20 9 43 25 692
1157 9 9 19 126
902 17 27 45 668
762 19 12 25 233
84 21 47 30 707
1018 20 1 9 9
328 22 22 27 409
672 23 10 15 99
990 25 5 11 47
1054 25 6 13 63
1683 25 59 51 2023
1241 26 14 25 244
1207 32 5 8 30
1076 38 11 24 217
1217 47 13 30 260
983 49 6 13 69
494 51 12 20 197
1760 51 80 169 7270
1016 52 25 19 217
1375 53 25 47 940
807 54 15 25 248
1171 54 24 44 505
1263 55 12 20 182
1318 59 12 19 175
51 60 23 27 464
863 65 21 21 269
1002 65 6 10 47
1084 68 6 10 51
0 71 11 23 191
1134 71 6 11 47
1138 71 21 39 360
172 74 13 16 159
707 75 11 22 191
1029 80 8 13 79
1089 80 37 73 996
124 82 13 14 135
934 82 14 42 243
257 89 12 14 133
834 88 5 8 37
1005 95 4 8 30
733 105 20 32 425
407 107 20 31 392
1056 106 5 6 24
1203 106 4 4 12
670 111 6 2 8
1168 110 22 20 222
773 113 8 13 79
492 114 32 71 1291
570 117 13 25 247
1261 119 26 65 1037
1198 122 3 5 10
1298 122 9 10 71
1033 125 23 25 423
1136 125 4 8 25
885 127 5 8 36
218 131 14 22 175
926 133 11 18 158
0 134 18 40 577
269 138 29 23 445
870 139 5 11 51
1088 146 5 4 9
851 150 5 11 50
918 151 7 15 94
818 156 5 6 26
956 156 15 13 135
991 157 29 40 654
1552 156 5 4 16
101 161 10 13 90
533 161 13 25 228
365 163 14 23 253
1161 162 22 34 300
1471 168 107 90 2363
568 170 12 20 176
662 170 37 57 1197
163 172 34 40 571
760 173 5 6 18
1351 173 26 31 599
1393 178 24 41 744
1093 180 23 19 264
86 184 17 20 224
921 185 11 20 132
1137 185 6 11 54
238 187 10 15 129
848 188 6 13 66
418 191 13 19 173
905 190 5 6 25
59 193 19 22 316
979 193 28 66 1026
1118 193 15 19 224
454 195 14 25 281
949 195 10 14 97
624 197 24 30 456
494 198 17 51 609
1245 199 24 32 590
1172 201 18 29 255
1057 204 11 17 156
1082 204 5 10 40
904 209 18 37 517
553 212 10 20 173
1223 214 10 14 103
1714 217 29 37 784
283 218 19 25 388
1212 220 2 4 7
425 224 17 31 418
1046 225 11 23 216
1026 230 11 9 51
451 233 11 16 138
841 232 7 11 59
929 232 9 17 129
872 234 9 12 87
249 239 19 20 285
1075 239 5 8 29
1121 245 9 22 159
765 246 20 13 174
950 251 5 9 42
1172 250 5 8 36
1591 256 39 30 843
85 259 10 4 21
798 258 19 24 341
198 260 11 12 22
234 261 1 10 10
345 261 15 15 178
656 261 8 14 96
1030 261 4 4 10
1091 263 5 11 45
0 264 6 1 6
123 267 11 12 41
273 266 21 26 297
491 267 10 15 124
962 266 17 34 429
1108 266 4 9 32
1159 272 5 8 27
164 278 3 8 10
117 280 5 2 6
198 280 19 23 243
540 282 14 27 304
57 285 8 7 18
924 284 18 28 248
846 288 4 7 24
999 288 3 3 7
452 290 12 20 146
477 290 17 35 409
882 290 5 10 44
895 292 6 10 40
1094 292 15 28 156
1129 292 6 11 46
1063 294 3 3 7
1148 295 42 14 277
0 297 5 2 10
66 305 83 102 3141
304 304 29 24 210
681 305 13 39 388
849 305 19 23 263
1564 306 52 47 1473
271 308 14 19 74
801 309 6 10 50
1633 308 37 38 1005
1810 311 30 34 651
35 313 26 33 368
1511 313 12 14 121
16 315 11 2 12
1212 315 23 48 766
882 316 16 20 245
990 316 4 8 23
1164 316 10 6 29
195 318 4 2 7
1028 318 4 6 24
1710 318 28 25 596
260 320 11 10 21
10 323 4 2 8
941 325 8 10 52
1036 325 12 23 237
778 326 18 15 142
1109 332 32 40 352
181 335 27 17 183
425 337 26 29 434
159 339 12 8 51
212 339 8 4 15
227 338 44 31 657
600 339 11 19 167
938 339 37 74 1203
1144 340 5 11 55
1018 343 4 6 19
1168 342 9 18 71
1188 345 4 6 21
776 347 10 17 116
1256 347 33 37 845
872 349 4 8 31
923 349 5 6 19
1058 349 15 18 222
475 350 10 16 121
1078 351 19 41 386
890 352 15 34 352
1149 353 4 5 18
163 355 61 37 593
1239 355 8 14 91
54 357 13 11 82
157 357 5 4 8
1523 356 20 24 226
148 363 2 6 12
509 362 11 18 149
799 365 6 12 54
1182 364 5 7 30
46 368 7 3 9
985 368 24 32 578
156 371 10 12 73
1136 373 5 8 31
549 375 20 26 330
1036 375 4 8 23
1051 381 7 33 93
1358 381 20 24 372
1584 381 20 32 507
785 383 10 12 94
1030 384 4 4 12
1163 384 13 14 79
825 387 5 8 29
919 386 16 19 184
1421 386 13 9 70
1186 388 7 8 42
1490 388 103 90 2496
1700 388 20 16 249
179 390 5 8 18
53 394 15 12 65
1221 395 7 9 48
890 396 14 24 245
1082 396 20 20 224
173 398 2 5 6
867 399 13 14 105
25 401 14 7 48
480 403 45 53 1259
74 405 7 2 9
169 405 4 2 6
261 409 6 1 6
1531 409 16 18 225
83 411 27 25 198
145 411 32 52 380
1169 410 12 18 136
714 413 13 25 255
1065 415 7 13 54
977 417 12 24 245
0 418 3 3 7
906 421 35 56 451
47 422 6 3 10
63 422 9 3 15
826 422 23 20 215
1767 423 26 19 372
120 425 3 3 6
864 426 7 14 78
1011 426 3 5 11
1128 427 27 18 245
1187 427 34 33 663
319 429 12 17 170
1453 428 16 29 154
1054 433 2 4 7
0 435 71 55 2491
992 434 21 26 141
133 437 4 2 6
1088 436 8 13 36
1076 438 4 5 15
684 440 12 32 254
1660 441 20 22 359
891 442 9 4 12
1114 442 5 8 31
559 445 23 30 441
810 446 5 6 26
1241 446 8 9 56
627 451 13 21 220
860 453 40 68 688
1677 453 33 49 1024
1725 457 38 40 905
1770 456 36 62 1033
1621 460 17 21 280
281 462 6 4 15
1410 462 21 29 459
591 464 10 19 153
1287 464 38 29 693
110 466 46 31 542
765 467 5 7 26
797 468 5 4 16
1039 469 3 3 6
1110 469 29 24 330
1461 472 20 27 442
784 475 6 10 48
1175 475 4 5 19
943 476 11 16 81
1067 476 12 20 194
1094 477 5 7 26
850 478 11 9 63
1008 478 20 51 686
1150 478 7 6 28
1220 478 16 22 193
1486 482 20 28 220
901 484 22 13 84
966 485 21 32 347
263 486 10 14 112
567 488 9 16 127
691 489 14 31 173
862 489 6 3 8
947 492 15 23 131
175 495 11 9 71
874 495 2 4 8
1078 497 10 20 114
918 501 13 12 64
940 501 3 3 7
1060 500 6 11 33
1364 502 17 26 321
778 504 10 17 131
1124 504 3 4 12
285 507 12 12 111
1592 509 17 18 243
1106 513 3 4 11
1502 512 16 21 254
581 514 9 15 107
485 516 8 15 99
1166 519 6 10 48
1320 519 30 58 799
1615 519 16 15 176
45 521 12 3 13
1109 521 31 27 327
1152 521 5 5 13
635 524 12 19 170
1203 529 32 49 874
216 532 14 15 173
776 533 17 37 399
1048 532 49 50 539
1544 532 20 46 618
493 535 15 14 169
866 535 4 5 16
991 537 9 4 22
168 538 13 11 98
676 539 6 6 26
1153 538 3 3 8
114 543 3 2 6
965 542 3 4 9
1147 545 5 8 33
654 546 7 10 52
970 548 2 6 11
986 549 52 64 1164
1128 548 8 8 31
1187 548 7 9 51
1451 551 11 16 141
477 552 12 23 227
942 552 3 4 11
1169 552 6 9 36
291 555 26 31 435
903 555 22 18 125
1760 555 22 23 392
858 557 24 15 226
742 558 6 9 44
514 561 5 3 10
959 561 4 6 18
1275 560 8 8 45
1519 560 10 5 22
548 564 11 21 188
575 564 9 12 81
695 564 7 8 44
162 566 25 57 918
503 566 10 16 142
825 567 9 15 105
1832 566 8 41 220
1252 568 22 35 567
280 572 8 8 52
1113 574 43 40 629
893 579 4 5 19
956 578 2 4 8
1608 578 25 36 626
849 580 10 6 30
974 580 3 6 17
128 585 18 20 289
1445 585 12 13 66
79 587 15 31 329
264 587 25 27 408
978 587 3 4 10
1773 586 36 30 833
838 589 4 6 24
397 591 10 11 94
778 593 3 6 16
885 592 8 15 89
1045 593 13 14 59
581 594 9 15 97
857 594 7 11 67
1072 594 3 4 9
443 596 21 22 359
385 598 9 6 26
1229 601 18 29 422
1461 600 6 10 43
975 602 21 22 238
1088 603 5 7 29
1578 602 17 19 248
481 606 21 29 254
864 607 6 9 48
934 609 28 23 428
816 611 4 7 24
1108 611 9 6 23
1431 610 7 7 39
0 612 37 28 593
698 616 9 11 57
566 619 5 2 6
747 619 8 12 54
906 618 16 18 154
1196 618 7 9 53
765 627 5 5 19
1085 626 12 9 40
791 629 8 24 153
1549 629 11 14 120
1130 633 3 4 11
987 634 3 5 10
1052 635 3 5 14
300 637 10 8 52
421 638 19 15 114
1137 639 3 2 6
549 640 21 21 260
957 641 9 6 20
998 640 3 4 9
263 643 6 6 20
507 643 8 13 92
1153 643 20 30 356
859 646 6 17 54
1061 646 17 10 107
966 649 42 54 652
1275 648 15 25 279
325 651 10 9 73
581 653 37 63 633
741 652 8 15 86
1662 652 13 15 127
193 655 13 8 57
270 654 3 2 6
1100 654 3 6 13
143 657 23 45 412
1025 657 3 4 11
1043 656 3 14 18
671 659 2 5 6
1118 659 14 7 51
299 662 5 5 15
819 665 5 9 38
1056 665 12 8 37
1190 664 16 23 280
705 666 10 20 143
522 669 8 8 54
456 670 10 15 112
970 671 3 6 13
1729 670 22 24 390
879 673 3 5 9
1084 673 7 17 82
174 675 5 4 11
482 674 15 15 149
828 674 7 26 151
214 676 6 3 12
1653 676 23 25 419
782 679 5 9 36
1760 679 17 16 208
64 681 5 15 34
508 681 9 16 119
755 680 6 11 51
1114 680 3 6 13
919 683 4 8 25
1424 682 5 4 12
1049 685 13 7 37
1487 684 54 63 1282
874 686 16 25 280
529 689 7 6 33
980 691 2 4 8
1090 691 3 4 10
107 695 20 26 417
289 697 5 3 12
1064 697 23 45 322
241 698 34 44 521
786 701 4 6 19
1441 700 5 5 18
18 702 5 3 7
41 702 3 7 14
931 703 5 8 38
1384 704 10 14 110
1691 705 61 56 1625
978 707 9 4 22
1460 709 15 26 249
939 711 16 44 475
726 714 3 3 7
989 714 14 23 219
1040 715 15 16 160
768 719 4 6 18
909 718 4 8 26
1105 721 11 14 67
345 723 4 4 13
524 729 7 8 37
967 728 10 8 35
324 731 8 8 27
352 731 10 8 48
825 731 20 45 319
1421 733 5 5 17
180 734 8 8 50
849 734 9 11 33
192 739 22 17 130
444 738 23 44 196
486 739 14 12 109
869 739 4 4 11
1734 739 30 26 568
904 740 8 8 37
992 741 20 14 101
1147 740 29 48 533
771 744 10 16 105
1035 745 7 16 44
1085 745 11 7 25
1052 746 14 4 40
874 751 4 8 28
93 753 21 15 158
552 752 20 20 175
1074 752 14 13 90
1101 752 2 6 11
1427 753 31 35 396
249 755 14 22 190
621 754 8 3 9
1524 754 13 12 120
55 757 22 17 312
708 757 5 8 26
959 756 2 13 14
644 758 6 10 46
810 760 2 4 6
760 763 5 8 30
1173 762 21 29 347
294 765 6 3 11
510 765 5 2 8
886 765 3 6 15
977 765 37 83 1057
311 766 8 15 56
1094 766 3 7 11
719 768 4 8 25
201 771 17 26 211
478 770 7 11 21
784 771 32 56 491
1072 775 2 3 6
1645 775 24 24 309
1039 777 3 6 14
81 778 13 11 114
709 778 15 18 121
0 781 11 17 136
421 781 21 23 217
860 780 2 5 9
1078 781 27 34 306
159 782 4 4 7
481 782 10 8 65
590 782 16 17 163
637 783 3 3 6
1106 783 5 8 33
1477 783 9 9 60
652 785 11 8 47
551 791 15 26 126
933 790 4 3 11
1530 790 19 20 275
962 792 5 11 31
719 794 431 304 32475
928 796 19 28 220
1061 796 12 28 126
1409 796 15 14 103
352 801 9 12 87
854 801 2 4 8
654 802 6 10 47
829 802 9 8 42
1038 802 3 6 15
1019 805 2 4 8
202 807 4 9 14
603 806 8 11 79
865 808 3 5 11
1593 808 29 23 368
640 811 5 2 7
1396 810 12 31 250
40 813 10 4 16
296 812 9 11 59
886 812 6 11 40
459 815 12 12 112
1449 815 9 9 60
613 816 11 3 14
1708 816 17 16 202
1803 817 14 16 111
249 818 3 4 9
373 819 7 8 38
583 818 8 21 101
624 819 10 17 126
872 818 2 5 10
0 821 7 11 49
664 820 4 3 11
935 823 38 30 381
1093 823 10 8 35
1488 823 18 28 304
1557 823 17 21 283
519 824 23 21 288
259 827 5 6 16
426 826 14 13 87
1029 831 16 18 111
1144 830 5 8 35
1364 830 33 34 543
786 832 3 5 11
877 833 5 10 45
645 834 7 11 40
91 839 40 24 354
177 839 6 7 24
578 839 3 6 13
609 839 15 18 52
1088 839 11 4 16
1180 838 9 2 10
265 841 5 5 18
858 840 3 4 12
1208 840 4 2 6
693 843 5 6 26
410 845 5 4 6
424 846 11 22 138
905 846 28 23 207
882 849 9 20 110
1657 848 24 24 402
539 850 29 38 632
1412 853 3 3 9
1513 852 7 6 34
164 854 7 9 59
846 855 3 3 6
524 856 5 5 15
999 857 19 19 142
1826 857 14 15 168
1792 859 17 18 238
398 861 4 2 6
944 860 2 4 6
974 861 10 6 25
448 862 23 12 150
860 864 11 9 45
316 867 13 10 34
966 867 7 3 9
93 869 5 3 9
155 868 18 14 100
1108 869 3 3 7
1428 868 36 26 359
265 871 5 5 11
632 870 7 2 8
792 870 2 3 6
886 871 25 26 194
1686 873 20 22 328
186 875 9 11 63
950 874 5 4 16
594 876 8 3 16
511 879 12 9 56
731 879 3 6 16
1262 879 11 12 116
126 880 5 3 8
279 880 4 3 8
1135 883 7 7 38
1400 883 12 15 92
175 884 49 37 733
418 884 11 17 65
845 884 28 26 276
389 887 8 12 68
641 887 1 7 7
999 886 2 9 12
1515 887 13 14 126
339 891 10 6 18
814 891 2 6 10
1382 891 4 2 6
921 892 5 5 19
1639 893 17 15 180
562 894 8 9 42
658 895 7 5 22
676 897 23 48 388
1146 898 8 12 44
1485 901 20 23 173
96 903 28 13 151
817 905 2 4 7
259 906 2 11 13
471 906 9 12 87
596 906 28 27 246
0 908 4 2 8
840 909 14 5 58
957 909 16 15 81
0 911 26 27 257
491 911 2 5 7
638 911 12 10 66
353 912 6 14 28
382 913 19 12 99
559 913 6 5 22
1579 913 12 14 123
525 914 8 16 56
454 916 7 13 58
1401 917 24 43 409
862 919 8 6 28
1534 921 12 15 125
80 924 5 4 10
267 926 4 6 17
439 927 3 5 10
224 928 24 14 100
505 928 12 10 51
546 930 21 15 96
857 931 2 5 10
905 930 2 5 9
1571 933 11 6 53
109 935 4 3 9
19 941 8 3 10
426 941 4 3 11
912 941 9 6 37
52 946 15 21 210
249 947 13 15 145
854 946 25 18 255
1342 947 10 15 122
1709 946 14 12 115
173 948 4 2 7
320 948 6 3 13
661 948 7 5 20
759 948 5 2 9
563 950 16 10 59
637 950 15 11 70
519 955 27 23 219
1547 955 10 8 59
309 956 5 3 13
683 957 4 3 10
727 957 11 6 34
445 958 9 6 38
351 960 10 14 35
689 960 20 15 119
757 961 3 4 8
841 960 4 16 31
202 963 21 12 141
390 967 12 18 91
739 966 3 3 7
880 968 20 15 159
272 972 12 5 30
1250 975 11 13 107
1382 974 14 29 219
423 976 16 19 156
504 976 2 6 7
571 976 11 2 12
68 978 12 12 101
99 979 14 10 84
509 984 14 18 135
483 986 15 10 56
1634 987 4 3 6
318 993 5 5 13
667 992 10 9 45
557 994 10 7 20
741 994 6 6 26
538 999 7 5 15
189 1001 10 9 67
221 1001 13 17 162
592 1001 23 27 242
726 1001 3 5 13
433 1002 6 7 28
1829 1003 11 10 58
700 1004 3 3 8
333 1007 3 4 9
398 1006 5 7 25
484 1007 15 8 50
1154 1007 15 22 206
1350 1006 7 9 56
176 1008 3 3 6
688 1009 3 3 6
1457 1010 39 48 816
424 1013 6 5 22
755 1013 9 6 28
1102 1013 4 8 29
64 1015 11 12 63
1055 1015 4 6 15
97 1016 4 4 11
561 1017 14 16 156
1342 1016 28 19 304
1378 1016 14 8 51
365 1019 7 7 34
441 1018 7 10 41
531 1021 18 31 143
633 1021 26 29 208
773 1025 3 5 13
1077 1024 4 3 8
1094 1029 44 22 328
1505 1028 5 7 17
702 1031 2 5 7
385 1033 7 10 34
1012 1034 10 9 39
680 1036 7 5 18
794 1039 2 3 6
1689 1039 12 10 58
323 1041 5 3 7
1076 1041 2 3 6
222 1043 16 17 211
583 1043 4 5 14
433 1044 7 6 36
534 1045 33 55 490
1142 1044 18 26 281
1337 1045 3 4 7
60 1046 7 3 15
586 1049 19 19 162
995 1049 21 30 127
183 1050 18 14 168
950 1055 11 17 116
350 1056 3 3 7
213 1062 9 5 35
315 1062 3 3 7
1499 1062 6 7 20
1467 1065 12 23 190
428 1066 21 15 187
613 1066 9 5 13
731 1066 3 4 9
923 1066 3 6 8
1440 1067 16 20 192
321 1070 3 2 6
759 1071 2 9 11
69 1072 4 5 16
84 1073 5 7 24
966 1072 1 8 8
193 1074 5 4 15
568 1075 12 10 21
1357 1075 12 10 82
324 1076 5 6 24
664 1077 3 5 13
1025 1077 5 7 23
1307 1077 6 7 24
1330 1077 13 9 47
1564 1076 9 11 65
370 1078 6 4 17
524 1078 6 7 10
637 1078 8 12 58
862 1079 6 7 30
912 1079 6 13 52
500 1081 2 3 6
777 1081 2 7 12
1397 1081 10 12 97
247 1083 5 4 12
438 1084 6 6 35
591 1084 8 10 47
166 1086 12 14 94
196 1087 6 8 33
445 1086 28 12 105
893 1086 3 5 13
365 1088 5 5 21
742 1089 2 4 7
874 1091 17 38 277
141 1092 6 3 9
210 1093 6 2 8
692 1092 6 9 42
995 1093 10 3 12
1087 1093 2 5 8
1355 1095 5 4 16
1553 1095 23 20 187
1011 1096 7 12 71
1218 1097 11 19 140
754 1099 3 3 7
571 1101 9 10 60
612 1100 6 10 37
1275 1101 15 20 155
680 1102 4 4 11
1507 1105 11 17 121
1532 1105 9 12 84
324 1107 12 3 17
993 1106 2 4 7
390 1108 19 9 58
522 1109 11 7 55
1085 1108 4 3 8
369 1111 5 7 16
592 1110 3 4 11
644 1111 3 5 12
281 1112 3 3 6
551 1112 7 13 68
1091 1112 12 21 110
685 1114 6 10 46
860 1114 5 12 22
1025 1114 4 3 6
461 1116 4 5 14
483 1118 5 5 20
605 1119 4 6 23
622 1118 5 3 8
1389 1118 9 11 74
1607 1118 13 10 78
499 1120 5 3 10
537 1120 4 6 21
576 1121 7 10 54
1196 1122 11 16 134
649 1125 5 7 16
845 1124 2 4 6
1557 1125 10 8 47
411 1126 7 1 7
1228 1126 16 24 107
236 1128 4 4 9
350 1131 6 7 31
521 1132 12 9 57
257 1136 12 2 12
310 1136 4 3 12
758 1136 6 4 11
872 1137 3 5 13
978 1136 13 23 77
999 1137 4 7 26
408 1138 5 4 11
699 1141 2 4 8
600 1143 4 4 12
731 1142 18 9 74
1059 1143 2 6 9
201 1145 4 7 14
295 1144 3 3 6
725 1145 4 9 24
1108 1147 7 9 43
651 1148 6 6 19
1442 1149 9 8 42
266 1150 7 4 16
470 1151 5 3 12
1035 1150 2 9 11
1154 1150 8 3 20
1629 1150 3 3 7
426 1152 13 17 109
8 1154 20 11 83
210 1155 3 3 9
720 1154 3 5 13
1558 1154 10 10 60
1542 1157 7 6 30
95 1159 7 8 23
165 1158 4 5 12
219 1159 8 6 25
260 1158 6 6 21
305 1158 8 6 25
1661 1159 9 9 44
967 1160 3 3 8
535 1163 11 1 11
636 1165 4 5 15
742 1164 6 9 43
293 1166 7 5 22
619 1166 17 16 68
651 1167 4 4 10
1280 1167 3 5 8
453 1168 10 15 94
1348 1169 7 5 19
60 1170 28 18 195
1028 1171 12 5 39
1485 1171 2 3 6
569 1173 12 6 29
715 1173 3 9 16
150 1175 5 3 8
299 1175 11 9 78
674 1175 12 19 110
755 1175 7 4 12
1135 1175 6 13 44
1397 1174 20 24 346
165 1178 4 5 15
205 1178 17 18 234
526 1179 6 6 30
379 1181 4 3 8
547 1181 6 4 12
233 1182 4 3 6
264 1183 3 3 6
355 1183 4 3 11
593 1185 21 15 157
896 1185 3 3 8
1263 1184 2 3 6
572 1187 4 3 9
358 1189 8 8 42
1667 1190 4 3 9
272 1193 5 5 9
996 1192 2 5 7
734 1196 2 4 6
848 1196 16 9 60
1217 1196 4 4 11
313 1199 17 15 99
341 1198 6 16 27
820 1199 4 3 6
1090 1200 6 4 16
562 1202 14 15 88
1358 1202 19 13 101
1123 1210 4 3 9
597 1213 4 7 19
741 1212 3 4 10
1291 1213 8 6 34
232 1214 6 3 16
507 1215 12 2 14
424 1216 4 12 29
650 1217 6 11 35
1313 1216 6 1 6
724 1218 24 10 80
1279 1219 8 9 58
138 1221 5 7 16
1340 1221 6 7 29
171 1223 4 5 17
483 1223 6 5 23
1638 1222 2 6 6
198 1225 3 3 8
386 1224 5 4 20
557 1225 3 3 7
1515 1227 7 1 7
