0 0 1840 1228 2209011
54 0 16 17 178
163 0 22 20 351
370 0 8 10 70
462 0 15 4 32
470 0 55 34 913
533 0 8 12 55
553 0 6 9 36
644 0 17 13 198
795 0 8 13 71
1011 0 6 14 71
1094 0 7 11 61
1113 0 7 8 37
1138 7 8 25 172
891 12 4 7 22
790 20 20 17 165
926 20 18 18 153
379 25 4 3 9
403 28 6 6 23
773 29 2 3 6
1093 30 7 10 50
83 32 14 19 122
456 32 10 4 26
531 33 4 9 16
383 39 7 5 20
515 38 5 5 20
991 39 8 12 77
505 44 6 7 29
667 44 7 9 42
630 46 3 5 10
803 49 8 37 192
941 49 6 12 53
295 58 6 7 26
1018 61 16 42 313
426 63 6 11 36
595 67 4 9 32
707 67 6 8 28
519 71 4 4 10
920 75 73 133 1766
551 76 10 23 76
600 77 3 5 10
978 79 6 4 21
503 83 6 7 34
259 85 6 8 32
676 84 13 8 39
740 84 3 5 12
650 87 11 26 135
133 92 5 4 11
913 92 4 5 19
298 95 11 12 90
525 94 4 7 21
538 95 5 11 46
1043 94 7 8 32
998 103 6 19 110
142 105 3 2 6
958 106 14 26 137
1117 106 6 9 39
815 111 5 13 42
596 115 5 5 18
834 115 2 7 13
413 123 6 9 32
1046 124 8 17 87
552 131 12 12 63
783 130 2 8 12
974 134 3 8 11
1013 139 8 39 274
317 142 6 8 28
670 144 16 8 70
783 150 4 3 6
983 152 8 2 9
867 154 3 3 6
871 157 25 34 229
325 159 6 6 23
757 159 4 10 18
1126 162 7 11 50
602 166 9 11 48
848 167 8 12 23
981 166 30 36 339
648 169 11 13 74
356 171 5 3 11
470 172 4 4 12
584 172 10 3 23
714 172 13 23 86
904 174 4 3 8
1026 175 15 30 172
739 176 7 17 59
577 180 4 7 17
488 182 4 5 15
898 188 36 26 185
638 190 4 6 18
1114 190 6 14 69
589 193 5 7 11
423 194 8 12 48
840 194 2 11 15
487 198 3 5 11
881 199 10 8 34
929 199 50 82 774
539 204 6 12 31
749 205 2 3 6
964 204 6 9 38
843 210 5 6 20
201 213 2 3 6
583 212 14 9 29
680 213 4 6 16
822 213 5 7 30
1006 221 5 3 11
527 222 4 5 12
503 224 4 11 33
595 227 3 5 8
996 227 6 2 12
1113 227 5 10 44
1019 229 7 14 67
37 233 9 8 46
378 233 3 3 7
900 234 1 9 9
975 234 23 69 454
691 239 4 5 11
705 238 6 9 38
862 240 1 11 11
549 242 4 9 15
817 244 4 3 8
604 249 7 9 45
1126 249 5 4 17
369 252 8 16 65
818 255 23 26 191
743 256 2 4 6
671 263 4 4 13
890 262 7 12 31
635 265 4 6 14
851 268 3 10 20
621 273 3 5 13
595 274 2 8 10
778 280 12 14 83
1015 280 5 7 27
625 283 3 4 10
1096 282 5 8 26
597 284 3 2 6
864 287 6 5 16
296 289 7 10 49
926 288 3 5 10
344 290 4 6 19
602 290 13 15 87
648 293 5 12 44
272 294 12 19 80
760 295 2 5 8
1038 295 4 5 19
663 301 3 5 11
1121 303 6 7 32
1051 307 4 5 10
707 312 12 11 57
478 314 6 6 28
946 314 6 19 87
992 315 4 8 23
1110 314 5 7 28
1665 314 18 9 58
746 317 5 3 9
1046 321 7 15 65
346 322 4 3 6
404 323 4 4 10
471 322 9 11 62
969 322 4 11 23
608 324 8 10 26
1114 327 5 6 21
620 335 14 10 45
1109 339 4 5 18
727 341 4 6 21
937 342 27 14 200
887 344 10 12 62
1039 345 7 12 59
383 346 4 4 10
834 346 5 15 46
985 351 9 12 37
436 355 3 5 11
1093 361 14 13 59
1018 362 4 11 38
529 364 4 4 13
755 364 2 5 8
626 367 13 18 54
896 367 3 6 14
909 369 2 3 6
719 370 18 10 70
606 373 6 9 39
651 373 4 6 17
939 373 6 16 79
973 378 34 41 467
526 380 5 11 25
835 383 4 9 27
912 384 3 6 18
1087 385 17 13 88
907 393 2 3 6
1047 393 5 10 34
709 395 16 16 78
586 399 10 12 33
451 411 5 2 7
883 415 2 10 15
663 417 3 4 8
700 416 4 7 18
758 416 5 8 31
920 418 2 4 8
632 423 2 3 6
956 422 11 12 62
899 425 3 4 11
518 429 4 3 6
676 429 3 9 12
1077 429 5 5 17
646 431 20 12 65
757 431 14 17 99
984 431 24 33 391
698 433 10 16 111
811 434 11 10 37
471 436 10 8 30
629 437 5 10 13
278 445 3 3 8
660 444 2 4 7
1026 445 8 18 48
774 446 4 5 13
1083 446 4 5 10
1100 448 8 9 39
876 450 3 7 14
324 453 5 6 17
719 452 2 4 6
617 455 4 2 8
846 454 4 6 18
569 459 2 8 15
879 458 2 4 8
151 461 3 2 6
724 461 1 7 7
995 465 21 23 210
556 466 3 4 9
614 466 13 8 33
637 467 2 6 7
748 467 2 7 8
978 470 4 16 47
1082 471 3 3 9
500 473 4 5 15
883 477 7 3 9
1063 479 3 3 7
631 481 6 3 9
687 484 2 7 13
879 484 4 13 23
1075 486 5 11 34
447 490 5 6 19
736 490 337 307 28649
917 490 9 5 15
864 493 5 2 6
600 494 5 9 32
1020 494 7 9 47
837 497 4 5 15
944 497 3 5 12
644 500 3 2 6
722 501 3 10 20
1111 500 5 7 33
148 504 5 3 12
519 505 15 3 21
748 511 8 13 34
651 513 2 5 9
729 519 4 17 23
857 519 9 5 15
1078 518 5 5 18
561 521 11 3 13
995 520 4 7 21
663 522 2 5 6
831 522 3 4 10
620 524 5 2 6
759 524 5 5 19
339 526 5 8 35
496 529 3 4 10
606 528 6 3 12
774 529 1 12 12
1053 531 2 34 35
544 533 4 2 6
489 534 6 6 22
689 535 3 3 6
893 534 2 3 6
337 536 2 3 6
1116 542 3 3 8
707 545 13 4 19
69 547 4 2 6
613 549 7 5 21
304 550 3 5 8
564 552 6 13 35
755 559 9 18 53
706 560 4 9 20
1420 560 5 3 6
736 563 10 4 23
1004 564 6 12 40
650 569 3 5 9
699 569 6 2 7
987 569 2 4 7
391 572 5 5 15
675 575 3 5 13
663 578 3 9 13
630 583 7 4 16
704 583 4 3 8
1091 582 3 7 15
286 585 3 3 6
971 584 6 8 27
680 591 2 9 10
926 590 2 4 8
645 592 10 11 58
992 593 6 6 24
1071 593 8 13 72
700 594 1 8 8
822 603 3 4 10
870 609 3 5 11
238 610 6 4 16
225 612 3 4 11
686 615 3 6 15
851 615 3 10 23
1093 614 5 10 39
970 616 3 10 27
943 619 11 10 48
420 620 3 3 6
519 620 4 4 8
718 621 5 5 9
829 621 4 4 12
233 623 3 3 7
249 622 12 3 21
646 625 11 3 14
746 625 6 3 10
865 624 4 3 10
985 624 4 4 13
285 630 7 11 49
871 632 4 10 12
705 635 5 10 38
833 636 3 3 8
975 637 4 9 33
1073 637 2 4 8
855 640 10 5 14
449 645 3 3 7
1075 645 4 5 18
652 648 10 13 48
737 649 3 5 12
852 648 3 9 26
452 650 10 5 14
522 655 11 5 29
634 661 2 4 7
682 661 3 4 6
664 662 2 5 7
801 663 30 17 225
453 665 6 2 9
997 665 8 5 16
1067 666 2 4 7
896 669 2 11 14
627 670 4 4 12
412 672 3 4 10
691 672 3 3 7
445 675 7 6 23
516 677 10 5 14
735 677 4 5 13
636 678 2 3 6
546 680 2 4 7
679 680 18 13 61
583 687 3 4 11
907 686 3 4 11
911 690 2 3 6
613 693 4 4 10
465 702 3 3 6
529 703 4 4 13
182 707 4 3 7
471 708 3 4 9
563 708 4 2 8
1367 711 4 3 7
542 717 14 12 31
469 724 5 5 12
382 726 3 4 8
697 726 8 9 29
1072 726 11 9 24
100 728 4 3 7
1103 729 4 2 6
306 730 3 4 11
433 730 6 4 19
732 740 3 3 7
481 744 5 4 10
363 750 5 4 9
391 770 4 4 7
673 774 5 4 12
641 779 3 8 16
231 781 4 4 8
449 781 5 3 9
666 781 4 2 7
685 780 2 4 6
866 792 8 4 23
449 795 14 4 35
937 795 8 3 17
568 796 4 3 6
993 796 7 15 33
694 804 6 3 9
805 804 2 3 6
945 808 5 21 69
1095 810 6 6 14
142 814 7 4 13
407 815 3 3 8
1069 822 7 3 9
207 827 5 3 11
759 826 6 2 9
1011 829 13 2 18
494 839 11 9 48
290 840 3 5 9
1009 844 10 4 13
1021 844 6 3 8
622 848 4 6 10
534 858 4 4 14
628 867 3 2 6
867 886 4 4 12
1212 893 8 1 8
368 898 3 4 7
291 902 14 21 115
392 910 7 6 24
367 917 5 4 14
481 923 3 5 10
336 930 2 4 6
738 948 4 2 6
405 956 9 3 13
353 961 3 3 6
878 973 6 5 12
1121 972 3 3 8
1031 978 4 9 13
568 980 3 3 7
1042 980 6 3 8
1080 984 10 7 33
1750 987 16 11 88
511 991 15 4 22
0 993 4 2 7
274 996 13 13 104
1260 1001 5 2 6
1055 1005 4 3 7
1071 1004 1 10 10
481 1007 2 9 10
939 1009 3 3 8
525 1012 3 3 6
617 1018 3 2 6
368 1033 5 3 10
1146 1038 9 4 16
593 1043 11 4 17
35 1044 4 3 8
867 1055 3 7 9
454 1057 13 9 40
924 1060 15 24 101
1404 1077 3 4 7
1792 1078 5 4 14
50 1084 5 5 16
459 1086 4 8 11
820 1092 5 5 24
499 1099 5 7 13
631 1107 4 6 11
1182 1110 6 2 7
1227 1114 9 4 32
1189 1120 7 11 52
370 1123 4 3 8
1263 1122 4 3 9
956 1125 8 2 9
1050 1125 4 5 10
1071 1126 3 4 8
634 1130 3 4 6
170 1135 4 3 8
790 1135 6 2 7
926 1134 13 18 73
991 1144 11 4 15
648 1146 2 5 7
830 1146 12 13 48
455 1149 7 8 35
943 1149 3 3 6
582 1150 4 6 17
355 1153 4 8 24
432 1155 6 6 19
888 1157 6 1 6
1452 1158 4 3 7
1083 1163 7 7 13
1112 1162 4 7 22
453 1168 4 3 8
415 1177 4 3 10
507 1181 5 6 28
546 1182 4 5 15
1205 1183 3 4 10
1170 1186 3 4 8
643 1192 3 7 9
429 1194 4 3 6
853 1194 9 6 14
1037 1195 10 2 12
248 1197 3 6 11
763 1196 8 2 9
975 1199 10 2 11
913 1201 10 7 29
795 1202 14 9 37
948 1205 11 6 18
564 1207 3 4 9
832 1207 3 9 11
858 1206 13 12 60
477 1212 5 5 20
973 1215 6 4 9
988 1214 17 14 82
1045 1215 3 4 6
650 1216 5 7 11
1079 1220 4 3 9
328 1222 3 6 15
1202 1223 2 5 9
1163 1225 2 3 6
