0 0 1840 1228 2215225
492 0 5 8 24
770 0 6 26 76
1007 0 13 15 120
1496 0 13 12 123
1182 7 5 3 8
938 13 16 27 253
1420 14 12 12 98
880 18 7 8 44
623 23 8 12 74
799 27 29 44 542
1279 26 15 22 197
780 29 7 13 63
906 31 5 13 59
463 33 2 5 6
594 33 12 43 338
1342 32 9 13 85
1156 35 7 8 37
1578 34 14 21 202
859 36 4 5 12
313 40 10 18 146
634 41 7 8 37
987 45 9 14 92
430 52 9 10 44
722 53 5 3 6
743 52 8 36 97
938 52 9 9 46
529 55 12 41 292
1171 57 4 3 7
1458 63 6 6 22
77 64 5 14 47
281 69 8 15 83
504 68 6 12 36
933 69 10 28 173
865 70 15 23 201
336 74 9 14 81
669 74 9 19 105
1135 74 7 4 18
704 80 8 11 59
1277 80 13 26 245
67 83 9 6 43
302 84 5 6 29
1522 84 7 5 25
757 89 9 26 111
1362 92 13 20 184
504 96 10 17 79
1399 99 12 14 103
461 105 8 18 108
1308 104 11 19 135
1336 104 7 9 50
735 110 6 5 29
850 115 4 6 18
1354 123 17 45 434
380 125 8 7 38
1034 127 8 9 57
460 134 8 10 63
521 134 20 35 252
1459 134 12 20 170
757 139 5 10 23
710 140 13 33 252
963 141 8 15 101
367 146 13 23 214
1031 147 8 8 50
175 148 4 3 6
671 148 6 14 53
1142 148 4 6 17
930 153 7 9 51
1042 160 6 6 28
174 163 12 21 193
1013 162 9 13 92
967 164 4 6 19
1183 164 8 8 37
1056 170 5 11 45
669 174 14 21 190
778 174 6 6 24
1142 179 7 6 25
1475 179 17 16 158
771 185 4 8 24
903 184 8 14 83
363 188 13 17 157
1045 188 3 5 12
584 195 6 5 13
891 199 6 9 42
1375 199 17 30 250
669 202 6 8 30
1052 211 4 4 14
474 212 6 7 31
1157 212 14 25 190
283 215 17 39 247
1057 215 3 4 12
1302 215 6 4 17
964 219 6 5 18
1450 220 2 4 8
756 223 5 7 22
998 224 15 35 319
856 226 4 8 10
1331 226 15 22 172
879 229 8 8 45
1267 228 9 8 32
1087 252 2 3 6
779 267 7 8 36
1115 269 8 10 59
301 272 3 3 6
516 277 6 7 33
860 277 17 22 205
135 278 6 5 18
1380 283 4 4 9
775 291 5 8 26
1284 290 23 20 316
840 293 4 5 11
449 294 11 26 185
1266 297 5 5 20
953 299 8 10 57
1369 318 10 13 94
483 320 8 18 94
1034 329 6 8 13
830 331 5 5 11
972 331 6 7 19
1215 333 7 9 50
507 335 8 12 78
758 338 12 14 83
784 343 5 6 13
798 348 3 6 8
1103 352 7 11 64
427 354 7 8 45
1227 357 23 23 229
512 359 10 2 11
943 365 23 19 140
996 365 3 4 7
1096 370 4 8 24
1261 371 5 5 11
800 372 2 4 8
909 374 6 11 55
1396 374 6 7 28
1475 374 8 7 45
616 380 7 6 26
864 386 3 3 6
1094 389 5 4 9
1234 390 9 12 73
744 392 5 4 15
760 403 3 5 10
1026 405 13 21 182
928 411 38 43 918
1055 410 6 13 34
1450 410 8 6 34
470 414 6 6 27
1296 415 5 4 16
332 421 2 5 8
1116 421 6 5 19
563 422 5 5 16
729 424 3 2 6
1283 424 14 18 158
1167 429 5 4 13
905 430 6 9 43
272 434 12 6 40
691 442 4 7 19
1075 446 3 5 9
1178 447 9 17 100
825 448 3 5 14
1437 448 5 2 6
916 450 8 21 139
1348 451 9 12 73
1444 450 12 19 154
1136 456 4 8 18
1238 459 7 7 32
336 460 8 9 51
798 460 6 9 40
508 464 3 8 11
1464 475 7 5 19
695 479 5 6 26
394 481 2 5 7
770 481 4 3 6
876 480 4 7 24
431 485 6 7 32
1168 485 5 2 6
884 487 7 10 57
737 496 10 21 94
948 496 7 6 29
894 498 6 11 58
728 504 4 4 12
1191 508 4 3 10
794 510 3 3 7
630 515 5 10 38
1292 515 5 5 14
792 526 4 2 6
542 528 5 4 13
1169 530 6 6 23
1310 530 10 15 100
722 541 5 11 47
804 544 18 14 83
373 547 6 5 21
698 548 5 10 25
1034 567 9 6 25
1184 568 7 7 25
889 570 6 4 18
493 574 4 2 8
1100 575 7 6 31
896 579 3 4 7
1062 579 2 4 6
1057 584 25 24 191
610 586 6 13 58
749 587 9 4 15
1043 586 5 7 28
984 588 4 6 12
1445 588 15 14 111
1223 590 4 4 8
1094 593 10 23 124
738 600 4 8 22
534 604 3 5 10
815 607 4 8 24
841 607 6 11 51
1391 612 8 13 64
880 614 5 4 14
801 624 331 313 25756
1028 625 2 5 9
963 627 5 6 18
1321 627 13 12 70
359 629 4 4 13
933 628 6 6 27
488 630 4 3 6
521 631 7 11 56
1360 637 6 7 29
1380 638 11 21 104
1035 640 8 16 103
1070 643 4 4 9
1124 644 5 9 29
656 647 5 5 13
675 650 9 9 45
723 651 4 3 8
844 650 4 6 21
1265 656 7 11 60
127 663 6 2 8
1278 663 18 13 140
726 667 3 3 9
896 666 2 3 6
686 671 6 2 10
1254 675 8 9 51
456 676 4 2 6
919 676 7 27 107
1296 680 9 8 53
1245 684 3 6 13
1287 692 8 11 41
1323 702 8 6 31
1185 723 4 4 10
1231 722 6 6 29
387 724 3 3 7
925 724 5 6 21
712 733 4 4 15
1296 734 15 14 149
1194 742 6 2 8
788 745 2 5 6
761 758 14 11 73
933 759 2 9 15
1183 760 13 8 55
341 763 4 5 18
782 773 3 6 17
900 772 11 3 14
1151 772 4 4 12
928 774 3 4 7
1167 780 4 4 15
1054 791 4 3 8
791 799 3 11 16
868 801 13 12 75
647 805 4 2 7
1309 804 4 6 13
801 816 3 5 10
1317 817 6 3 17
626 823 3 3 6
757 831 3 4 8
1314 838 16 23 149
496 852 5 10 33
1263 858 6 7 31
483 864 3 5 12
680 881 4 4 11
1248 906 4 2 6
443 911 4 4 14
831 923 5 6 20
749 934 4 3 7
1185 942 4 3 10
848 947 7 10 51
1229 947 4 5 13
816 965 3 3 7
865 977 4 6 17
1167 977 5 12 36
770 991 2 4 8
736 1005 3 6 15
353 1013 4 4 14
766 1013 3 6 15
916 1013 4 5 14
299 1015 9 6 35
418 1025 4 2 6
862 1024 4 7 22
1121 1030 4 5 12
1110 1040 3 3 7
1146 1052 4 4 11
855 1061 4 9 27
1128 1079 5 10 39
320 1100 12 11 75
1163 1147 4 4 12
1265 1162 4 4 9
453 1165 4 12 36
631 1174 10 3 20
799 1195 3 7 18
1210 1212 3 4 9
