0 0 1840 1228 2128402
29 0 14 6 62
265 0 9 6 38
355 0 11 4 22
437 0 13 25 184
497 0 32 39 380
633 0 16 37 91
790 0 5 8 38
824 0 8 6 43
871 0 9 15 111
947 0 4 2 7
973 0 7 17 76
1031 0 3 2 6
1058 0 13 38 363
1092 0 5 13 48
1252 0 13 15 147
1451 0 16 12 143
1618 0 23 43 549
953 7 5 10 45
1306 7 20 48 646
1021 8 7 14 76
784 10 8 28 104
284 12 12 21 203
1206 12 19 32 413
1545 12 19 28 380
927 18 5 13 56
755 22 21 26 420
1098 22 4 7 23
871 24 6 10 36
1032 33 7 14 78
1173 33 10 21 140
206 34 5 4 12
732 34 5 7 29
857 35 13 25 249
1002 37 4 4 12
1143 37 4 7 24
1397 38 22 41 592
1080 40 9 19 93
373 43 6 7 34
799 44 4 7 21
981 44 5 10 38
836 49 7 17 104
906 48 8 20 134
959 49 4 6 19
1018 48 7 15 63
1099 48 4 11 38
457 51 9 18 130
1214 52 7 14 61
1424 52 19 28 340
212 54 11 14 113
542 55 7 16 90
1043 54 11 18 101
942 57 5 10 40
341 59 7 7 30
138 63 16 24 282
518 63 5 7 27
1164 64 19 87 578
1270 67 4 6 18
468 69 10 16 116
1142 69 4 8 24
924 70 4 4 13
1237 70 4 5 13
1109 72 5 13 47
1073 74 2 5 9
812 76 4 23 88
417 79 5 6 19
743 79 27 28 534
948 79 30 49 616
492 83 7 14 67
925 82 8 21 142
1302 82 62 103 2247
510 85 5 8 33
1124 85 7 11 40
229 86 9 11 71
1044 89 4 6 21
1278 88 37 41 779
1236 90 8 17 98
1543 90 40 39 1104
457 93 21 23 282
905 93 4 9 31
1687 103 21 28 392
412 104 8 12 65
516 104 6 10 51
541 105 6 11 55
1086 105 15 21 128
1147 104 5 13 46
1071 107 5 9 32
812 109 8 12 72
1514 108 20 33 445
362 111 7 4 20
846 111 3 3 8
605 112 5 7 32
1584 113 24 16 242
792 115 4 11 37
381 116 7 9 48
1122 117 4 8 26
438 119 14 16 169
634 119 8 17 115
807 122 4 9 26
1134 124 4 10 28
1231 124 7 14 53
525 129 5 6 23
923 128 4 6 21
1031 129 4 4 13
536 131 10 27 174
985 131 13 47 297
455 136 7 10 57
1083 137 3 4 8
1101 137 6 12 50
1273 138 3 3 8
812 141 4 8 27
1293 140 3 3 9
1588 142 8 12 62
784 147 5 8 28
942 148 15 28 213
1150 155 7 21 75
427 157 13 24 163
1044 156 4 6 17
1405 157 11 16 129
373 158 4 3 8
764 158 8 17 113
527 161 5 9 39
807 161 4 8 21
1006 163 3 8 23
712 166 5 12 49
1086 167 3 9 20
822 169 11 19 80
1123 168 10 13 69
480 170 5 8 33
1813 170 11 9 72
726 172 8 16 104
925 172 18 26 272
619 175 6 12 66
1574 175 3 2 6
319 177 5 6 22
396 177 4 5 12
412 176 5 8 35
556 176 7 15 82
972 177 4 6 18
1011 183 8 12 53
860 184 5 7 27
1258 186 13 23 201
235 188 12 17 149
495 193 6 11 47
715 193 5 9 35
966 193 16 25 142
1206 194 3 4 8
543 200 18 30 279
1773 204 20 20 273
627 206 11 20 128
1159 207 4 7 22
1475 206 16 28 320
1102 209 5 9 36
711 211 5 10 40
1054 210 2 4 7
1174 210 3 3 7
1240 214 9 7 27
416 217 7 12 66
464 216 14 13 132
848 216 6 14 64
1199 217 3 4 7
191 218 9 14 97
1094 219 14 25 209
1131 219 4 15 44
1346 224 11 17 128
580 227 8 13 80
1048 228 3 5 10
272 230 9 9 64
720 230 4 7 23
756 231 8 19 121
804 230 11 33 207
904 235 5 12 45
920 234 4 8 27
1059 238 5 6 14
1425 239 14 24 253
784 240 8 11 57
957 240 4 9 33
503 244 6 7 29
844 245 5 13 38
1478 244 16 26 299
1538 245 20 36 427
953 249 3 7 17
975 250 3 9 18
282 253 9 12 73
484 253 5 5 18
597 255 6 11 52
1148 254 12 13 139
1445 255 13 22 198
656 256 12 15 94
822 257 8 34 132
862 256 5 11 33
904 256 4 6 19
1070 256 3 20 24
1675 257 19 21 290
1089 258 3 6 16
1211 258 13 26 209
921 260 3 7 18
403 262 6 6 24
568 262 5 11 48
757 262 10 19 126
1101 262 13 16 87
440 265 22 33 268
802 266 3 5 14
490 273 8 16 91
1012 275 5 9 24
577 277 5 4 15
1111 277 11 19 94
861 278 4 15 35
936 279 10 18 123
1310 279 72 51 1348
516 281 21 39 324
742 280 9 20 125
773 280 39 43 764
1089 280 5 15 39
1183 283 4 9 24
1263 282 25 40 654
898 286 26 27 244
1077 289 5 13 31
462 293 15 23 138
1145 293 4 10 27
830 295 7 15 99
503 301 5 9 40
964 300 7 14 66
1474 300 32 41 788
436 305 4 2 6
780 304 167 178 9693
1687 305 21 33 427
346 308 6 6 22
197 313 9 15 99
269 312 7 9 42
1108 313 3 8 20
1178 315 4 9 24
997 316 15 21 129
218 318 10 11 79
946 319 3 14 32
438 321 11 20 110
698 321 4 9 33
970 320 12 34 214
1219 320 3 3 7
770 324 14 6 25
1132 325 2 4 8
750 327 5 7 30
1059 326 5 11 38
1163 328 3 5 15
1197 329 2 4 7
1437 329 33 36 519
517 330 14 15 95
1117 332 3 5 11
1167 333 21 28 348
1719 334 20 24 306
1074 339 3 5 14
1094 340 36 78 697
688 343 6 10 43
1269 342 10 15 117
178 346 7 7 28
1054 346 2 5 8
247 349 24 24 230
535 349 27 16 228
760 349 9 16 94
1296 351 21 40 510
992 352 5 10 33
1337 353 12 19 154
654 355 24 15 162
1548 358 15 4 32
1195 360 3 6 12
947 365 3 7 15
440 372 13 17 65
706 374 7 13 49
667 376 17 17 193
1042 376 3 8 15
1501 377 10 7 49
401 378 7 13 67
585 379 5 6 23
623 378 6 12 54
773 378 7 6 26
515 385 4 3 10
535 385 5 12 47
1168 384 3 6 17
1080 386 2 4 7
1174 391 6 8 35
767 392 3 9 24
1202 394 22 44 414
1289 395 11 19 171
1481 394 6 7 25
1071 396 3 7 11
197 398 9 8 52
324 399 4 2 7
1041 399 4 8 23
549 401 7 9 49
1090 403 3 6 11
773 405 3 5 12
489 409 4 5 16
783 412 2 3 6
1049 413 8 9 29
266 415 6 9 44
514 415 21 45 283
1377 414 25 23 425
1424 415 33 34 693
233 417 16 12 73
782 416 38 42 468
957 416 3 6 12
1095 418 3 7 17
1070 420 2 4 8
1175 422 21 37 267
288 425 6 7 29
1086 425 24 28 177
1340 425 10 16 117
715 429 4 9 29
1610 428 43 49 766
1015 430 4 6 15
1677 433 19 22 298
838 434 2 3 6
933 435 2 4 8
961 434 8 14 58
977 436 4 5 18
1132 436 26 46 519
473 441 6 11 49
792 442 3 8 20
1013 444 3 6 14
544 446 4 6 24
1081 447 6 12 49
943 448 2 4 8
1066 448 3 6 12
1417 451 19 30 381
797 453 5 6 10
1221 452 13 27 246
1350 452 12 19 148
558 454 4 9 32
780 455 2 5 9
261 456 7 13 58
574 458 4 6 21
1023 459 4 13 38
1062 458 3 5 14
477 461 16 10 133
736 462 7 14 67
1101 464 3 5 10
1302 464 11 19 159
1652 465 16 13 153
808 467 64 64 755
965 466 4 9 27
1071 469 2 5 10
466 472 8 13 83
870 472 12 15 113
660 475 6 10 45
954 474 2 4 8
1165 474 24 28 264
1389 475 10 14 98
1044 477 3 4 11
1115 476 9 10 40
393 483 5 6 18
725 483 3 5 13
740 483 11 12 78
1054 482 4 7 19
685 489 8 22 119
966 488 5 6 15
1019 489 4 11 20
1414 488 23 20 100
152 490 6 6 23
780 493 3 14 28
1197 492 3 7 11
420 498 6 8 37
509 499 4 4 14
1039 499 4 7 22
738 500 3 5 12
471 502 10 6 29
762 503 6 11 55
1127 502 3 4 11
1154 503 9 16 113
315 506 11 20 97
1064 506 2 5 8
496 509 5 7 28
894 509 2 4 8
1556 508 3 2 6
824 511 116 129 4904
1621 511 29 27 535
1803 510 8 3 17
1348 512 11 19 136
419 514 13 7 45
1060 515 3 5 10
1289 515 8 18 108
1766 515 63 70 1219
370 517 6 6 27
512 516 16 15 113
1086 516 2 5 9
915 519 3 4 12
1468 521 4 3 9
480 523 13 24 159
655 523 5 11 50
889 522 22 22 246
1411 522 16 21 201
695 525 4 11 13
925 525 3 6 14
467 527 4 2 7
957 526 10 8 54
1366 526 11 18 137
723 530 59 76 812
813 534 5 12 49
551 537 3 5 13
610 537 3 5 12
1209 536 8 15 94
1064 540 3 8 16
499 542 11 7 41
931 542 3 2 6
312 545 6 13 44
792 544 12 41 209
867 544 4 9 28
1081 545 8 19 54
935 547 2 4 7
1042 547 16 9 95
1226 546 7 11 57
635 549 3 3 6
1141 548 29 44 272
1474 553 3 2 6
449 555 19 15 135
479 555 13 8 56
656 556 5 10 41
1058 557 9 11 63
1322 557 8 9 44
535 558 8 21 64
1115 558 5 7 18
1299 558 11 12 98
1393 558 5 7 26
1658 558 14 15 150
1018 563 2 4 6
237 566 7 6 22
498 567 16 20 167
716 567 7 11 63
552 568 3 5 14
992 568 2 5 10
1113 569 2 4 7
1578 569 14 19 191
262 572 5 6 26
954 575 2 3 6
820 576 6 4 18
1396 576 15 20 202
1172 581 37 24 456
171 582 7 7 39
943 582 4 7 16
1251 583 16 17 180
1061 585 8 6 14
1325 584 11 15 106
575 587 3 2 6
1778 587 13 15 63
1277 588 33 33 554
1594 591 13 14 127
472 592 5 5 21
532 592 6 8 30
705 594 10 46 189
1119 594 7 5 29
293 598 5 4 17
801 598 3 6 17
983 598 8 7 31
1018 598 4 16 43
1073 599 4 6 20
1154 601 2 3 6
765 603 2 7 12
1224 606 8 30 123
1033 608 24 39 169
454 611 16 12 99
1005 611 3 9 17
1067 610 7 7 18
1337 611 36 51 498
547 613 5 4 19
564 613 3 4 11
493 614 5 7 14
769 615 41 22 175
1090 615 20 22 201
1414 615 3 2 6
1421 620 5 14 34
525 625 3 4 11
1128 624 2 4 6
1372 624 19 27 187
667 627 4 3 12
1006 629 7 11 36
297 631 5 3 10
550 630 4 5 17
743 631 12 8 54
1178 631 12 19 182
1367 630 3 8 18
1595 632 15 18 181
1298 635 12 23 185
1143 637 18 18 122
469 641 10 6 30
807 640 3 6 18
882 640 6 6 22
1021 640 4 6 17
248 642 6 6 33
495 643 5 4 18
949 643 3 6 11
538 644 3 7 19
592 645 3 4 10
390 646 2 10 12
1063 646 12 20 71
461 648 7 6 29
639 649 7 15 70
831 649 18 11 130
993 648 2 5 7
1319 648 3 3 6
899 651 2 6 12
923 651 3 6 13
418 653 6 5 12
773 655 2 3 6
1018 654 12 12 67
1259 654 27 24 306
809 657 3 5 13
333 659 4 4 13
508 658 3 4 10
754 658 2 4 7
903 659 2 9 17
433 661 8 12 56
525 660 5 7 28
538 660 13 20 59
661 662 5 10 40
1143 662 9 17 86
598 665 10 5 26
820 665 12 24 195
1613 665 3 3 6
782 666 4 5 16
1035 667 2 7 13
1569 669 13 15 136
1117 670 9 8 30
1340 670 20 37 298
521 673 2 3 6
1062 673 3 5 13
473 675 4 7 11
629 674 4 6 19
1080 675 5 12 45
1189 675 4 3 11
101 677 4 3 6
1063 679 6 10 28
794 680 3 12 16
1180 680 17 12 90
1477 681 21 17 120
652 685 446 270 28994
761 684 3 9 21
774 684 3 4 8
1794 685 6 3 11
921 687 9 27 74
1259 688 12 26 179
420 691 8 2 10
1070 690 4 5 17
708 692 4 5 17
1021 692 3 3 8
792 695 3 4 9
1127 694 7 2 8
1157 695 16 12 84
899 699 6 29 105
994 699 21 49 198
1016 698 4 8 11
1096 699 3 4 9
1041 700 25 35 218
551 702 3 4 10
1471 703 9 14 84
312 704 3 3 6
807 705 7 17 47
1191 704 24 35 264
505 707 4 6 21
1024 707 2 5 8
1375 709 9 2 17
871 710 3 6 15
1119 710 17 10 107
1493 712 4 2 6
887 714 2 5 10
385 716 8 6 23
510 716 4 3 10
947 717 1 9 9
1227 717 6 5 21
1550 717 12 15 119
1241 719 16 17 102
1314 719 13 25 205
414 720 4 4 9
607 721 2 3 6
882 720 2 6 12
1696 721 3 2 6
524 723 3 5 14
1140 722 4 3 6
503 725 3 14 27
860 724 12 15 101
1608 724 5 3 11
1103 727 6 10 50
319 728 5 4 17
761 728 10 4 13
211 731 5 2 8
488 730 6 7 29
543 731 10 4 16
815 730 4 8 24
898 732 21 18 174
845 734 3 9 25
1166 736 6 8 39
1348 736 14 10 81
538 738 3 4 8
944 738 15 2 16
1111 738 6 12 68
1628 741 4 3 6
757 742 2 4 8
465 747 15 5 34
773 746 10 21 51
923 749 19 8 36
1169 749 6 12 42
545 751 3 3 7
1222 750 5 6 26
1267 750 14 22 190
875 752 2 3 6
1358 753 3 3 7
445 755 7 7 12
530 757 3 4 10
788 756 12 11 57
945 757 9 6 19
981 756 2 10 13
1141 756 5 8 17
1203 756 9 2 10
1294 757 2 9 10
461 758 3 4 9
550 758 4 2 8
279 760 7 5 19
1650 760 3 3 7
1757 761 4 5 8
589 762 3 4 6
1315 763 11 3 13
264 764 5 3 13
1146 765 11 19 58
877 766 20 23 181
914 767 5 5 9
1228 766 7 7 30
1494 766 18 22 190
305 768 4 4 8
968 769 14 13 42
509 771 3 4 8
781 770 5 8 36
1406 771 3 3 7
560 773 2 3 6
796 773 4 9 26
592 775 3 3 7
309 779 4 5 17
866 778 6 7 28
1341 779 4 2 7
1359 779 10 16 125
1675 779 5 4 14
329 781 4 6 18
845 783 3 9 26
965 783 3 9 13
1509 782 36 36 474
904 784 2 4 6
504 786 28 17 140
1103 787 3 2 6
1269 787 28 55 672
1752 786 8 5 34
1199 791 22 17 112
564 793 2 4 8
771 794 2 5 7
1136 795 7 5 15
1171 794 7 3 15
1372 794 4 3 7
1394 796 6 2 8
1654 797 5 5 15
1147 799 16 16 111
1082 800 12 11 50
1313 802 7 3 9
1110 805 5 11 49
163 808 5 3 8
1381 811 3 7 9
522 813 3 7 18
925 812 2 7 11
1449 813 9 12 85
640 814 6 10 49
851 815 12 5 30
1415 814 5 4 11
549 816 8 11 64
687 818 9 12 77
1403 818 6 7 22
582 823 3 6 15
1319 823 11 5 26
1416 823 16 11 47
462 824 10 8 22
714 825 2 4 6
1180 824 37 41 421
567 827 3 13 19
927 827 2 4 8
1172 826 7 3 16
1366 829 22 18 170
579 830 3 2 6
863 830 3 5 14
1108 831 6 9 46
321 833 4 3 7
595 832 4 3 6
1158 832 11 19 159
1527 832 16 18 188
210 835 7 10 19
515 835 6 23 52
287 836 3 3 8
396 836 12 5 31
1082 838 10 15 82
1633 839 3 4 11
237 840 3 9 11
489 841 4 9 24
887 840 3 8 16
1326 840 7 8 32
682 845 2 3 6
744 844 3 4 12
1607 844 6 5 13
385 846 2 5 8
1062 849 4 3 7
1127 849 4 6 20
1332 849 11 13 91
1398 848 5 2 9
463 851 15 13 33
550 850 16 15 50
1263 850 10 26 122
1470 851 5 4 15
1315 852 2 4 8
152 855 4 3 9
1040 854 3 7 11
1232 854 22 18 227
580 858 7 11 63
1141 859 2 5 6
1283 859 30 36 386
1774 860 5 7 32
1030 862 3 6 14
1091 862 5 9 39
1100 865 12 34 137
1143 865 4 5 19
1518 865 12 8 36
1354 866 13 14 58
1373 867 9 2 9
1388 869 10 4 18
1054 870 1 6 6
1169 871 4 4 9
1151 872 5 4 16
654 877 13 6 33
1579 876 3 4 8
363 879 2 7 8
739 879 2 8 16
1216 879 22 35 366
263 882 3 5 11
1438 882 7 21 64
1261 884 53 64 771
1397 884 13 13 98
1330 886 11 16 97
257 889 5 4 8
367 889 9 2 11
730 888 5 7 16
394 891 3 5 11
1078 892 17 14 120
1528 893 21 16 209
774 894 8 1 8
1184 894 6 6 24
1717 894 4 3 7
548 897 11 4 17
767 897 2 20 22
713 898 4 5 13
1152 898 15 22 152
1683 899 13 3 29
501 900 4 8 15
1197 901 4 7 14
1323 900 4 2 7
281 903 1 10 10
1129 905 11 6 27
1697 905 11 6 34
1031 907 2 3 6
451 908 4 11 14
1478 908 4 3 10
808 911 6 10 38
999 911 8 7 16
1508 910 60 70 818
629 912 3 5 6
1190 912 32 24 177
1248 912 4 4 9
81 914 11 11 29
701 915 2 5 10
1089 914 13 21 112
1238 916 5 3 11
1461 917 4 3 8
527 920 7 3 10
589 921 5 3 10
1386 921 8 5 18
1646 920 19 13 83
1149 922 4 5 15
566 925 3 2 6
1058 925 5 7 24
1308 925 4 3 9
855 926 20 6 66
608 928 3 6 14
460 931 5 9 21
574 931 7 12 34
705 931 30 20 174
827 931 3 6 16
841 930 4 9 17
1292 930 35 26 217
1376 930 2 7 9
1415 931 14 12 93
1022 933 1 9 9
501 935 3 4 7
1138 934 14 13 88
1159 934 7 3 11
1358 937 6 4 17
1238 939 12 18 121
904 940 1 7 7
1124 941 7 6 17
1638 942 3 3 6
479 944 3 4 8
836 944 5 8 32
1031 945 10 11 36
1576 944 3 8 10
215 947 8 4 11
1050 946 16 33 152
1598 946 4 5 11
582 948 6 3 8
1119 949 3 3 9
1152 949 4 8 18
1769 949 5 2 7
500 951 2 5 6
849 951 2 5 9
865 953 3 4 12
1151 953 69 51 792
106 955 5 4 9
579 954 2 3 6
912 955 2 4 7
1320 955 20 26 132
1001 956 6 4 24
1562 959 5 10 30
595 960 5 5 15
339 962 5 2 7
402 963 3 3 7
545 962 8 18 46
857 962 3 4 10
1008 963 7 3 21
1224 962 14 5 18
1295 963 4 3 12
491 966 3 3 7
704 967 3 8 13
55 968 4 2 6
457 969 5 13 29
684 969 6 4 13
1709 968 6 5 15
535 972 3 5 13
862 972 16 13 90
1350 973 7 5 17
628 974 2 3 6
757 975 3 6 17
799 974 16 27 153
1287 974 10 10 48
1463 974 5 2 10
1264 976 13 26 146
1300 977 23 29 144
632 979 5 4 13
1145 979 6 4 21
1470 979 3 6 15
519 980 11 3 13
740 981 3 4 11
1005 980 5 5 19
881 983 10 27 89
180 985 5 3 7
543 984 7 4 17
987 985 3 3 7
1374 984 9 6 45
1434 984 11 15 107
1570 984 7 15 42
1416 986 4 5 10
1713 987 7 6 14
1784 986 7 7 12
470 988 4 3 8
1280 988 3 2 6
871 990 3 5 14
917 990 4 6 13
1063 990 14 10 52
1631 993 5 4 10
649 994 6 16 55
1397 995 5 3 8
1586 995 7 4 17
267 997 2 5 7
504 996 6 18 49
1112 999 28 29 230
1684 999 4 3 6
31 1001 4 3 8
1278 1000 8 15 61
844 1002 2 4 7
1088 1003 4 6 20
1009 1004 5 3 7
1102 1005 2 4 8
759 1007 2 9 10
771 1007 21 13 70
1488 1007 3 3 6
373 1009 7 3 11
1342 1008 4 9 22
1382 1009 10 4 16
583 1011 8 12 19
1052 1011 4 5 14
1092 1010 8 12 66
1233 1010 17 16 128
1417 1011 7 7 46
1469 1011 8 11 52
995 1013 5 11 22
1189 1012 6 14 51
1357 1013 9 5 34
1755 1012 5 4 9
1156 1015 3 3 7
1154 1015 25 38 400
738 1016 8 25 88
817 1017 10 1 10
1066 1017 4 6 17
1273 1016 54 30 462
1718 1017 4 5 7
106 1018 3 3 6
400 1018 5 2 9
1204 1018 5 6 17
1557 1018 3 3 6
686 1020 2 5 8
1405 1020 10 7 52
892 1023 3 5 10
1078 1022 4 7 18
1122 1022 8 18 75
1504 1022 3 5 7
333 1025 8 6 27
575 1025 3 3 8
1196 1029 8 13 68
1571 1029 1 6 6
482 1031 4 12 18
1224 1031 4 7 26
1585 1030 6 12 44
163 1033 6 3 13
514 1033 9 7 19
863 1033 2 4 8
1010 1033 2 4 7
1449 1033 2 4 6
542 1034 2 4 7
877 1034 5 7 22
1069 1035 5 9 34
1471 1035 12 14 51
1386 1036 9 5 12
1415 1036 7 9 40
1495 1036 5 3 8
589 1039 5 2 6
1254 1039 11 13 83
1451 1038 8 9 40
635 1040 15 8 40
1032 1040 4 6 21
1430 1041 12 19 101
397 1043 2 8 16
605 1042 3 5 8
710 1042 8 10 33
1208 1043 13 14 102
1343 1042 3 4 6
1623 1043 8 6 36
1530 1045 5 5 16
1359 1047 16 7 51
1132 1048 8 12 35
1236 1048 3 3 6
1509 1051 5 6 15
1631 1050 6 10 44
1060 1053 3 6 15
1183 1052 6 23 41
1299 1053 7 3 14
1393 1053 6 2 12
1646 1053 4 3 6
1376 1054 12 7 63
895 1056 1 12 12
457 1058 3 3 7
832 1058 4 3 12
1095 1059 12 22 150
1724 1060 12 7 43
434 1063 7 1 7
511 1062 11 5 23
550 1063 2 3 6
854 1064 1 6 6
1025 1064 4 13 45
1658 1065 12 15 66
1180 1067 44 47 390
1388 1066 9 10 26
1450 1067 13 10 36
1059 1069 19 28 164
1265 1068 6 11 47
720 1071 4 20 33
1634 1071 4 8 18
296 1073 5 3 11
1419 1073 12 6 48
857 1075 19 7 69
1279 1075 13 7 62
1365 1074 4 3 10
1468 1074 4 6 8
1604 1074 1 6 6
1553 1076 5 5 18
571 1079 4 3 9
286 1080 5 6 18
1293 1083 12 18 84
1399 1082 16 15 66
1547 1083 3 4 12
1607 1082 3 3 6
1770 1082 6 3 9
805 1085 2 5 9
548 1087 7 2 8
1121 1087 12 10 67
1268 1087 7 13 58
1459 1086 9 5 23
1369 1089 15 18 109
1594 1088 4 5 7
711 1091 10 14 56
1351 1091 7 3 16
522 1092 6 4 12
1046 1092 3 5 11
1141 1095 4 5 17
848 1097 3 5 10
1653 1096 7 7 37
511 1098 2 5 6
1016 1101 8 7 43
1077 1103 7 17 78
1106 1103 7 14 67
1441 1103 5 8 22
1608 1103 19 6 33
1038 1105 2 5 9
419 1106 8 6 21
515 1106 14 10 46
1049 1108 4 5 14
1421 1109 9 11 64
721 1111 16 12 66
804 1111 3 3 6
1003 1111 4 4 12
1250 1111 13 6 34
635 1112 5 2 7
1372 1113 5 4 15
1509 1114 20 13 112
1132 1117 4 11 21
1720 1119 5 2 7
1502 1125 5 3 10
644 1127 1 7 7
777 1126 7 8 28
1035 1127 3 6 15
1210 1127 24 13 152
1393 1126 18 19 111
1434 1127 6 6 13
1572 1126 4 3 8
1762 1126 12 4 22
462 1129 2 4 7
1251 1129 4 10 31
591 1131 7 9 22
1102 1131 4 15 25
520 1133 4 2 8
730 1134 2 8 15
743 1135 1 10 10
1779 1136 6 6 11
1192 1138 11 24 102
601 1140 8 10 32
878 1140 7 11 37
1044 1140 6 13 42
1298 1140 5 5 16
1417 1141 11 20 118
1065 1145 2 6 12
1170 1145 11 7 31
762 1147 2 5 9
410 1148 3 3 7
1108 1149 5 5 10
868 1151 3 6 15
1616 1151 5 7 23
698 1153 6 3 10
1265 1153 8 4 14
1433 1154 7 10 53
1491 1155 21 17 162
1034 1157 4 4 11
1057 1156 8 14 61
1534 1160 9 5 25
1239 1163 8 7 38
1464 1163 10 9 39
778 1164 3 4 9
1094 1164 14 15 87
1344 1164 8 4 27
1215 1166 3 6 8
1028 1169 9 8 30
1320 1168 4 12 17
1354 1168 8 7 25
768 1170 5 5 21
623 1173 8 15 39
1218 1172 15 25 162
1179 1175 12 9 24
99 1176 2 10 11
1081 1177 2 4 7
1165 1176 4 7 22
1432 1176 6 7 30
273 1178 26 12 87
1365 1179 6 9 31
461 1181 8 2 14
641 1180 7 5 22
1466 1180 12 9 50
727 1182 4 8 11
1022 1183 10 15 90
1062 1182 4 3 6
995 1186 2 5 8
1089 1186 3 6 17
1296 1187 3 7 9
1048 1188 3 4 7
1446 1188 6 6 24
748 1191 10 2 11
1162 1191 9 5 30
1178 1191 11 12 43
989 1193 3 6 13
1372 1194 14 11 55
1276 1197 2 11 12
363 1199 6 10 32
746 1199 2 4 6
883 1199 2 8 12
1366 1199 2 3 6
865 1201 7 13 35
966 1200 9 13 62
136 1202 9 5 11
1083 1202 12 9 68
1305 1203 5 9 25
1009 1205 6 12 22
1050 1205 2 3 6
1577 1205 10 23 139
1191 1206 13 22 101
592 1208 2 4 7
1053 1208 4 7 27
1152 1208 13 11 69
1355 1209 6 4 17
1025 1210 7 3 20
1132 1213 4 15 32
1367 1212 13 8 37
1398 1213 4 5 16
1699 1215 6 6 20
452 1216 2 12 13
1172 1216 6 5 20
1229 1216 6 12 38
1519 1219 2 9 10
811 1220 5 8 22
1109 1221 15 7 36
544 1222 1 6 6
1042 1223 15 5 24
1072 1223 9 5 13
1681 1223 2 5 10
1005 1225 9 3 19
1303 1224 2 4 7
1405 1224 4 4 15
1482 1225 8 3 14
