0 0 1840 1228 2094646
17 0 142 85 3873
262 0 17 15 193
369 0 44 110 738
386 0 20 20 330
430 0 43 8 192
890 0 18 31 384
917 0 14 9 64
1031 0 13 24 221
1058 0 10 5 33
1109 0 17 19 267
1184 0 9 8 59
1263 0 8 10 61
1379 0 14 20 204
1825 0 15 33 349
113 5 18 18 227
942 5 8 12 76
571 6 13 19 197
1330 12 7 8 44
910 17 23 28 422
695 19 10 16 128
800 18 7 11 63
1213 18 4 3 6
466 21 13 17 171
1119 20 31 28 397
1212 21 28 36 736
1307 24 16 13 139
995 27 4 7 23
1270 31 6 7 35
968 32 7 12 65
1092 34 12 13 76
448 41 12 17 153
1678 40 50 41 1338
793 43 10 16 127
1246 43 12 16 75
1600 42 29 35 700
572 47 18 20 291
929 46 26 25 434
1348 49 16 18 182
1151 51 14 11 74
1191 51 18 15 124
1280 61 15 13 108
1306 66 6 8 33
1783 67 46 46 1456
923 69 6 11 52
564 71 12 17 179
1159 70 26 34 309
756 72 15 16 160
731 74 9 16 115
1212 77 20 29 378
225 79 11 11 82
1506 81 10 3 30
350 82 15 14 140
1118 82 7 7 28
1609 83 109 100 4635
285 84 9 9 62
647 85 14 25 234
843 86 9 13 83
1260 86 6 7 26
1308 87 5 7 28
1086 94 14 12 71
576 97 10 11 89
1239 96 60 54 1081
1756 96 12 8 73
810 99 27 26 223
268 101 13 16 149
79 105 13 8 66
321 105 12 13 124
436 105 26 21 310
1119 104 17 25 224
883 106 5 7 27
242 111 16 23 123
335 119 13 18 178
954 118 5 9 36
1121 118 53 48 1039
1198 119 26 41 687
0 121 5 10 37
58 123 22 19 313
939 123 5 8 35
1406 124 29 21 423
487 127 11 15 129
617 127 8 6 30
761 126 16 12 130
558 129 13 19 189
136 130 12 9 82
788 131 7 10 57
1272 131 16 22 136
914 134 6 5 19
864 138 8 9 57
923 143 3 3 8
1106 142 4 5 16
971 147 4 5 18
586 149 12 17 161
838 148 5 8 31
209 154 13 13 131
616 155 10 13 97
37 160 17 12 141
1250 160 4 4 11
1222 163 5 8 34
1061 165 12 29 206
941 168 18 38 210
1110 169 3 6 16
385 171 38 24 454
1263 176 6 6 26
0 178 8 9 55
626 179 15 22 230
1089 178 6 8 34
859 180 9 12 74
1665 181 52 70 1715
180 183 10 9 68
1011 183 11 16 141
1184 183 5 5 18
66 184 7 4 16
698 184 7 9 53
900 187 8 11 50
1134 186 6 12 53
1208 191 5 7 30
778 192 7 10 57
1086 194 3 6 17
1150 194 4 6 18
1102 196 14 15 163
713 199 9 12 77
759 200 7 10 49
1089 201 4 5 18
1755 201 36 27 675
186 202 5 2 7
898 205 5 9 36
497 206 10 15 110
1028 206 14 23 166
1199 209 25 32 403
1228 209 14 7 73
845 211 38 80 1324
162 212 13 8 80
340 212 11 11 93
777 213 27 14 221
1096 213 4 4 11
878 217 7 10 48
1153 216 4 6 20
79 218 15 14 157
1185 218 4 3 10
53 220 11 6 35
448 220 4 4 13
667 223 7 9 50
1069 224 6 8 38
1124 225 16 11 133
1600 224 78 107 3065
1175 226 9 12 83
815 229 14 13 160
1080 238 13 8 42
1117 238 6 15 69
1141 238 6 7 31
1333 240 14 16 138
932 242 4 6 21
971 242 4 7 22
1046 243 14 18 177
448 248 26 22 207
107 250 21 11 173
257 251 13 22 219
914 251 14 16 170
1182 251 22 45 587
1244 251 4 4 14
230 253 13 11 101
1215 252 4 5 15
711 255 22 17 174
1108 256 21 52 711
310 259 26 22 203
1139 258 7 11 47
1026 261 8 3 17
1163 261 4 5 16
1055 271 21 30 321
1154 270 6 9 39
547 272 11 18 158
1075 274 4 7 23
123 277 12 10 95
169 277 12 11 111
581 276 11 14 118
1009 276 10 16 120
1238 276 4 4 15
611 279 7 10 58
367 280 17 24 293
1139 280 15 9 67
1248 281 4 5 18
1285 281 10 15 123
770 283 6 17 77
1096 283 4 5 13
913 284 6 8 38
57 287 34 18 315
897 286 5 9 33
292 292 6 5 23
1262 293 9 10 72
907 295 5 7 30
801 297 7 5 21
850 296 43 100 1583
248 301 7 6 29
817 303 7 10 59
1168 305 11 8 70
750 306 29 46 811
390 313 15 17 196
887 313 7 14 54
1054 312 19 43 375
439 314 30 22 323
802 314 9 21 117
1549 314 30 31 685
1009 317 5 7 32
918 320 10 9 39
1112 323 4 7 25
54 324 13 10 96
98 325 9 8 61
160 324 12 9 75
1130 324 5 8 30
352 327 8 6 36
899 327 8 13 80
1152 327 5 6 20
1836 327 4 19 54
787 328 7 11 39
836 328 7 7 38
478 331 8 9 65
949 333 5 6 25
119 334 21 12 159
219 334 6 5 23
1596 335 9 9 60
1220 336 6 4 22
1215 337 52 48 1308
387 341 11 14 110
547 340 19 19 187
813 340 20 26 355
939 340 10 11 74
1085 340 4 8 18
1358 340 13 3 25
921 345 5 7 28
1123 345 13 8 63
105 350 12 11 95
344 355 15 25 255
1021 354 6 5 27
1029 357 10 10 56
757 358 7 6 12
1119 358 4 6 16
1177 361 11 17 101
389 363 26 12 171
1745 365 26 21 384
1052 367 11 7 36
1134 367 3 5 13
1083 370 10 14 104
698 372 10 14 110
1109 373 5 6 24
997 374 12 16 150
1805 375 6 7 22
90 377 13 13 134
142 376 9 6 37
641 377 25 16 160
772 376 8 8 45
1160 376 4 5 18
954 379 9 10 18
1046 380 3 3 6
1117 380 4 4 13
1822 380 7 7 20
1205 383 4 4 12
637 386 3 3 8
1193 387 5 6 25
1045 389 41 48 763
398 390 50 40 624
925 393 3 2 6
1456 393 6 2 9
161 397 9 7 46
306 399 7 7 36
768 399 32 14 211
659 400 21 41 419
1571 400 9 8 52
1102 402 5 8 21
1149 403 5 6 21
46 404 6 2 7
364 406 8 7 49
1123 407 5 6 25
878 408 1 7 7
746 411 12 2 15
849 410 28 36 576
928 412 25 34 424
979 415 3 4 9
705 416 3 2 6
885 417 3 5 13
1097 418 3 4 11
1145 419 4 4 14
1584 419 14 11 96
546 421 9 12 85
1628 421 20 23 259
280 422 8 6 41
1008 423 21 25 344
753 425 10 1 10
1054 424 3 4 10
1071 424 54 46 1075
373 427 9 10 71
1162 427 4 5 15
1178 427 7 7 43
71 431 4 6 12
1208 431 3 4 10
775 436 4 7 23
1314 439 57 29 814
1404 439 68 48 1470
109 440 12 9 82
714 440 11 9 27
1185 440 3 4 11
1517 440 39 50 770
1140 442 23 24 181
1592 443 17 12 150
231 444 10 8 65
437 444 31 25 228
952 444 3 10 18
1223 445 10 9 48
987 447 15 19 181
1033 446 7 5 25
420 448 11 9 57
170 451 9 6 36
538 451 9 10 74
869 450 5 6 26
916 450 10 5 47
1248 450 57 47 234
884 452 5 6 25
589 454 12 15 143
1180 455 5 4 13
1766 455 27 23 442
245 456 8 6 42
759 457 5 6 20
92 463 27 9 166
747 465 6 18 36
1058 467 7 5 27
1557 469 42 61 1361
233 470 6 3 14
491 470 7 7 38
999 470 3 5 13
1365 471 10 20 61
657 472 12 13 105
796 473 6 11 50
1154 473 9 5 28
312 474 6 5 25
537 475 9 9 64
414 476 19 16 163
1023 476 2 6 10
1074 477 3 4 9
1185 476 43 19 341
776 478 4 5 14
1088 480 3 4 11
342 483 9 11 81
378 482 19 18 246
844 483 7 9 52
860 482 11 22 89
1060 482 8 9 47
259 484 8 7 47
609 485 15 15 163
1157 485 13 9 75
817 487 5 6 22
244 488 4 2 6
963 488 5 8 38
1033 490 3 4 10
1747 490 27 22 432
1105 493 4 5 16
1070 495 3 3 6
367 498 15 11 111
537 498 9 9 62
833 498 3 3 8
274 501 20 10 151
928 500 3 5 14
1081 501 11 5 32
1519 501 7 7 35
993 502 5 3 10
1195 502 15 6 31
153 504 6 5 26
1132 505 4 5 14
1175 504 4 5 16
674 508 8 9 51
136 511 11 9 82
437 510 10 10 72
1032 510 2 3 6
1260 511 19 23 336
99 515 10 7 53
828 514 3 5 10
913 515 17 13 102
1152 514 3 4 10
578 519 14 17 158
1156 518 3 4 11
1023 521 16 16 106
1600 520 29 22 441
456 523 9 8 46
768 523 13 9 49
886 523 4 5 18
534 525 9 10 75
1516 527 21 15 167
740 528 13 5 26
789 529 20 36 456
391 530 9 8 57
627 531 4 4 13
1007 531 2 5 8
1113 530 3 3 7
1137 530 4 5 12
1163 530 21 12 170
148 535 19 6 82
424 537 7 9 51
1017 537 2 4 7
1277 537 11 12 112
70 538 13 8 82
767 539 4 5 18
846 539 3 4 11
1061 538 3 4 10
1476 539 12 11 42
456 540 10 10 64
1113 541 8 14 51
482 542 7 8 42
661 543 4 5 18
958 545 10 14 112
225 547 7 6 35
829 546 2 3 6
1070 547 3 3 8
1141 546 7 8 41
878 548 3 3 7
1025 549 46 34 577
1322 549 20 23 333
1622 548 6 5 11
167 551 6 3 13
848 551 4 6 22
732 553 13 15 77
893 553 18 5 37
1089 552 3 4 9
367 557 11 11 98
695 557 8 11 71
1008 557 2 4 7
1539 556 20 19 277
973 558 3 3 8
392 561 8 6 34
813 561 24 22 351
854 561 5 8 38
1495 561 28 18 249
71 563 6 4 18
617 562 15 12 102
977 564 2 3 6
1125 564 14 6 54
1179 565 3 4 10
923 568 16 4 26
961 570 3 3 7
1010 571 3 3 9
1166 570 4 4 10
1643 571 63 34 1069
531 573 17 15 139
747 573 12 8 42
1121 572 3 3 8
801 575 4 4 12
1143 575 5 3 13
1158 574 6 11 50
1028 576 7 13 82
1284 577 3 4 12
1514 579 23 42 633
867 581 4 7 20
922 580 2 4 7
998 580 7 9 52
1103 581 16 18 143
1744 581 4 2 6
740 583 4 4 13
630 584 6 7 37
888 585 4 3 9
1134 585 6 16 59
703 586 1 9 9
835 586 18 21 69
614 588 7 7 39
914 588 6 8 46
1064 588 18 19 87
445 590 6 12 43
1405 590 17 16 204
1750 590 34 23 545
240 593 4 2 8
1038 592 3 4 12
338 594 14 10 89
1270 595 12 9 56
535 597 9 13 83
606 597 4 3 6
914 597 106 53 1513
1727 596 5 4 16
395 598 10 12 92
1034 598 4 7 13
309 601 11 10 57
738 600 4 6 21
1259 600 2 12 12
1637 601 5 2 6
132 602 9 5 35
774 603 4 7 21
986 602 3 3 7
1142 602 3 9 20
857 605 5 6 24
889 605 3 3 6
1117 605 14 10 52
1104 607 4 2 6
1486 607 9 6 28
122 608 37 14 172
567 609 6 12 45
168 611 7 3 12
1092 611 2 4 8
591 612 3 6 9
1282 612 5 2 8
448 616 6 7 36
1099 616 6 8 20
248 618 9 7 50
318 620 7 6 36
380 621 11 12 101
787 620 2 3 6
1158 621 3 3 8
854 622 9 8 34
1291 622 13 4 17
1590 622 20 18 252
1812 623 10 11 44
222 627 19 14 133
759 627 6 6 22
1114 626 2 3 6
1551 627 27 24 451
341 628 6 6 29
777 628 4 5 16
547 630 7 12 66
864 630 4 7 28
1137 631 10 6 24
1470 632 17 15 214
274 634 7 11 41
432 635 5 5 19
464 636 8 12 63
1259 637 42 36 673
1129 638 6 11 53
1327 639 19 19 290
738 640 3 3 9
1025 641 6 10 54
1826 647 6 12 19
244 649 8 7 43
747 649 3 4 9
894 648 8 9 59
982 649 7 8 44
1099 648 6 1 6
543 651 15 7 57
811 651 3 5 13
840 650 3 4 10
268 652 4 4 13
364 653 9 9 71
825 653 2 3 6
1042 652 5 8 25
999 654 26 43 538
1486 654 21 15 194
801 657 3 4 9
286 659 8 9 27
456 659 18 19 155
715 659 10 3 15
850 659 3 3 7
1119 659 2 3 6
960 661 5 5 17
127 663 7 4 20
1084 662 13 8 32
1666 663 20 17 266
748 664 3 4 12
895 667 6 10 55
1184 666 5 2 6
1437 668 16 19 193
140 671 8 3 13
756 670 28 21 235
839 671 4 4 11
1136 673 4 3 8
628 674 5 5 22
801 675 14 20 211
1466 675 5 5 21
394 676 10 15 134
1308 677 9 4 25
303 678 7 6 38
326 679 5 12 25
377 679 7 5 25
1073 679 25 38 545
1166 679 30 32 461
610 680 4 2 8
1035 681 3 8 12
1393 681 12 12 111
901 682 7 9 54
1121 682 4 4 13
1478 683 22 24 373
1710 682 20 21 265
1614 686 27 24 421
247 689 4 3 9
1213 689 40 31 767
1300 688 16 18 74
460 691 6 6 31
486 694 11 8 73
773 694 22 11 97
967 694 6 4 12
168 699 7 6 37
605 698 7 12 53
1030 699 3 4 9
1124 699 15 4 34
1572 698 3 4 9
147 700 8 8 46
335 702 16 13 138
833 702 3 4 9
984 703 31 31 454
764 704 4 5 18
844 704 10 14 79
1463 704 3 3 6
953 706 4 4 14
1196 707 3 8 12
163 709 3 2 6
809 709 14 44 196
1061 709 12 21 68
1153 708 3 3 9
122 710 5 3 11
179 710 7 3 17
736 711 4 5 16
1423 713 19 13 119
217 715 7 5 21
363 714 18 21 196
1503 714 17 18 217
1779 715 8 3 18
713 717 433 264 29814
882 717 7 7 34
702 719 13 8 67
1208 719 9 1 9
1559 718 5 3 10
309 721 7 12 82
391 721 9 16 85
748 721 3 4 11
149 723 20 7 49
684 722 6 5 25
1024 723 2 12 14
458 725 6 23 109
537 725 9 7 42
1790 724 5 4 8
412 727 3 3 6
440 726 4 2 7
1668 727 82 37 1651
944 728 6 7 30
565 731 6 6 27
101 733 10 5 27
1139 732 4 9 21
548 734 6 6 33
1033 735 3 4 10
1088 734 6 7 34
1271 735 12 4 18
1056 736 2 4 7
161 739 19 7 58
301 738 7 4 23
1368 738 14 15 149
1457 739 8 3 17
1755 739 7 4 17
334 740 11 5 35
1805 740 35 22 466
1031 742 21 25 226
1298 742 16 21 185
1392 742 4 3 6
508 745 9 9 62
732 744 12 3 16
1466 744 5 5 21
148 746 3 3 6
1447 747 10 12 48
712 749 13 12 104
983 748 14 16 168
1172 748 7 8 21
1232 749 4 3 9
346 751 6 6 30
388 751 10 8 64
755 750 2 3 6
1197 752 5 7 21
1549 752 29 30 610
933 755 17 32 329
1427 755 5 4 17
267 757 14 6 34
93 759 4 3 12
551 758 9 9 38
766 758 2 3 6
1272 759 14 21 149
903 761 6 7 30
174 765 5 3 12
736 765 2 3 6
998 764 2 3 6
289 766 4 3 11
1535 766 5 3 9
456 768 5 4 17
1405 768 3 4 9
423 770 7 7 38
497 771 5 4 17
671 771 4 3 11
1009 770 13 8 39
1652 771 17 21 248
712 773 2 3 6
301 774 4 11 17
562 774 6 6 30
965 775 4 4 15
980 774 5 5 17
250 776 6 4 14
368 776 9 7 43
876 776 6 7 35
1363 776 6 4 18
895 779 14 9 59
1444 779 22 18 201
322 781 3 3 7
1193 780 4 3 6
1624 781 17 14 148
625 783 5 5 20
189 784 7 4 20
1776 785 49 35 984
421 787 8 11 75
99 789 4 3 9
1153 788 6 4 12
864 790 3 4 8
1023 790 16 17 190
1334 791 6 3 10
469 795 4 5 18
1145 795 3 3 6
1275 794 34 27 529
53 796 6 3 13
363 797 15 8 67
552 797 11 16 91
1396 796 19 33 475
1470 797 3 4 8
1521 799 3 3 7
981 801 38 22 184
1366 801 5 3 11
1714 800 32 25 623
8 802 15 9 93
661 802 13 17 150
1609 802 4 3 10
1621 807 5 3 14
1687 806 18 15 201
417 808 7 7 41
708 808 4 3 8
1142 808 4 3 8
595 813 3 3 7
350 817 10 3 14
1163 818 7 3 11
382 821 4 2 6
1332 821 40 33 503
205 822 5 3 12
241 822 7 5 22
562 823 8 15 63
596 823 8 5 26
835 824 3 3 9
1136 825 25 28 308
1180 824 20 27 99
340 826 8 8 54
1585 827 6 3 11
124 830 4 3 6
1380 833 37 34 555
1597 832 5 4 12
1615 833 28 18 263
187 834 4 3 7
480 834 4 4 13
617 834 26 42 449
1284 834 14 6 33
504 836 4 3 9
1467 836 16 26 189
1553 837 5 3 9
414 839 8 8 56
86 840 7 7 15
123 841 4 3 6
235 841 5 4 17
523 841 14 11 108
570 840 9 4 21
181 843 6 3 15
317 842 13 23 213
458 842 3 3 8
967 843 23 29 259
1246 843 20 9 100
1437 842 21 23 376
1492 843 16 4 20
380 844 5 4 15
936 846 4 5 17
1665 846 18 15 197
701 848 2 3 6
1280 849 31 25 318
481 850 6 5 17
388 855 5 4 15
864 855 4 5 13
1009 854 4 5 11
164 857 11 2 19
259 856 7 6 34
1519 856 5 5 11
1555 857 4 4 12
361 859 5 4 12
496 861 7 8 43
700 860 10 4 23
1149 860 3 4 11
1242 860 3 11 16
1648 860 4 3 7
520 863 5 3 11
1173 862 4 3 7
1784 862 11 8 60
196 864 5 3 8
1158 865 5 4 14
340 866 11 6 43
433 867 5 4 7
448 866 22 21 148
1272 867 5 16 44
279 871 3 11 13
962 871 3 4 12
1377 871 6 3 7
1221 873 5 4 13
1235 872 7 4 16
39 875 3 3 6
646 875 2 3 6
674 875 4 11 24
1655 875 6 4 10
1694 875 31 30 501
1822 875 7 5 16
1306 877 42 39 579
1531 876 4 8 20
200 878 6 10 36
234 879 7 7 38
546 879 14 13 99
1584 879 19 17 220
401 881 8 7 27
429 881 6 11 42
1405 881 3 4 8
1766 880 18 8 89
257 883 3 3 7
1194 882 5 5 11
1357 882 16 12 44
960 884 4 5 16
1207 885 3 3 7
1386 885 12 11 96
1418 884 4 3 11
715 887 3 3 7
1156 886 17 18 221
1256 886 2 4 8
121 889 5 3 13
324 889 6 6 28
357 888 3 3 6
504 890 3 3 9
594 892 10 4 24
1248 892 5 3 9
1280 893 5 4 13
434 897 11 17 116
162 898 6 6 21
815 899 7 13 40
1224 899 23 31 339
1254 899 8 8 54
1659 899 16 17 167
46 900 4 4 11
508 900 9 1 9
109 903 6 3 12
1202 902 15 14 139
1546 903 6 5 24
1559 903 5 3 10
151 904 6 6 30
388 904 4 8 19
485 904 3 3 7
713 905 3 4 9
1146 904 4 4 12
675 907 11 5 19
1394 909 13 14 138
1509 910 12 12 88
327 912 5 4 13
442 915 6 5 18
145 919 4 3 9
547 918 4 5 19
788 918 24 26 269
1310 918 75 59 1367
204 920 8 7 30
488 921 6 6 31
622 920 4 3 9
1383 920 8 15 59
553 923 4 2 7
816 923 6 8 40
142 925 3 3 7
239 924 4 5 12
157 928 3 3 9
187 928 6 5 18
841 928 5 6 23
458 930 7 8 47
688 930 12 14 143
1601 931 23 21 221
10 933 4 4 9
544 933 5 5 20
592 932 4 4 8
1172 934 14 13 84
1567 934 5 9 24
1682 935 9 7 29
1150 937 5 12 22
1247 937 7 5 12
1473 937 3 3 7
300 939 5 4 13
444 938 17 22 163
666 939 19 15 169
1797 938 5 3 9
74 940 2 4 6
362 941 15 5 46
1234 940 5 3 12
1291 942 16 18 85
1501 942 3 4 6
470 944 15 13 96
549 944 5 4 18
1718 944 8 5 15
1223 947 19 15 162
427 949 3 3 6
704 949 5 3 7
1507 948 29 26 525
117 951 3 2 6
562 950 7 11 25
1638 951 11 14 49
521 953 5 5 18
876 953 19 11 121
946 953 4 6 14
1701 953 22 19 295
588 954 4 4 9
1497 955 4 3 6
230 956 6 4 18
663 956 4 11 16
701 957 21 16 127
600 958 3 4 10
817 959 3 3 6
1382 958 76 63 1449
1782 958 6 4 13
541 961 4 4 14
1479 961 12 8 33
1184 963 35 18 267
779 967 19 18 136
913 967 2 3 6
451 969 13 17 81
1092 969 6 5 13
332 970 16 9 70
684 971 10 4 15
1254 972 5 3 7
409 975 3 4 9
764 974 4 13 34
902 976 3 4 11
1332 976 23 22 173
469 979 6 12 38
738 979 19 25 211
876 978 3 4 10
990 981 12 15 93
1554 980 4 3 12
1638 980 6 6 29
1075 982 14 17 164
362 984 6 7 35
905 984 10 27 121
689 986 9 10 71
773 987 2 6 7
955 986 9 2 18
1255 986 6 8 41
1052 988 3 4 10
1551 988 3 4 8
840 990 32 23 232
1293 991 25 44 421
358 993 4 5 16
1605 993 13 5 23
1742 993 12 3 13
1826 992 6 6 24
192 994 5 8 14
480 994 5 4 15
882 995 9 26 102
1247 994 5 6 21
428 996 10 7 48
934 996 13 15 96
1170 997 14 4 42
1208 998 7 16 43
74 1000 6 5 21
328 1001 5 5 15
595 1000 3 4 10
1429 1000 27 16 178
238 1003 4 4 14
710 1003 8 10 63
795 1004 7 10 60
1687 1005 25 21 309
1783 1005 3 3 6
1818 1004 3 3 7
1316 1008 37 56 632
1482 1008 8 3 9
473 1010 7 6 29
1179 1011 11 21 53
1107 1012 11 10 76
518 1015 6 12 48
928 1014 7 16 69
165 1016 17 9 45
1260 1016 26 13 132
123 1018 4 8 13
1827 1018 4 4 12
139 1020 8 7 37
418 1020 3 3 7
447 1020 12 14 114
1434 1020 4 3 11
365 1022 5 6 22
1530 1023 42 27 445
1775 1023 22 16 107
632 1025 3 4 10
129 1027 4 3 10
251 1026 6 10 21
509 1027 6 5 22
614 1026 5 3 12
769 1027 3 2 6
851 1027 3 4 10
863 1027 3 6 15
992 1027 12 12 64
1370 1027 13 14 117
1452 1026 12 13 132
1472 1027 4 6 16
148 1028 6 3 14
740 1028 10 19 87
1408 1029 15 6 30
890 1033 12 5 22
1393 1032 7 3 15
1055 1035 3 4 8
1624 1035 5 6 17
1817 1034 7 4 19
459 1036 5 4 15
288 1039 10 17 77
345 1039 3 3 6
1242 1039 29 38 317
1272 1039 7 8 31
1432 1039 64 67 1098
1837 1038 3 7 14
45 1041 3 4 9
1192 1040 6 3 10
508 1042 3 10 17
1017 1042 2 3 6
417 1044 16 5 35
456 1044 3 4 8
585 1045 3 8 16
1289 1044 18 25 205
712 1049 5 3 7
1418 1049 4 2 6
1523 1048 10 8 58
90 1051 3 3 6
730 1051 9 11 76
1069 1050 12 13 120
1801 1051 3 5 8
480 1053 3 4 9
216 1055 4 3 10
434 1054 4 4 15
843 1054 2 9 17
75 1057 5 4 15
314 1057 4 4 12
219 1059 9 20 53
770 1058 3 4 11
1010 1058 3 4 10
1562 1059 7 5 19
515 1060 9 13 49
583 1060 2 3 6
914 1060 18 10 64
1042 1060 3 5 12
1538 1061 6 4 15
1586 1061 25 26 355
661 1062 9 3 19
613 1064 4 3 9
107 1066 3 4 9
965 1066 3 5 10
633 1069 3 3 6
703 1069 3 3 9
878 1070 2 3 6
419 1073 18 10 73
478 1073 3 4 6
605 1072 2 9 11
665 1072 16 13 69
722 1073 11 8 34
1228 1073 6 19 54
1532 1073 8 4 23
1326 1075 11 12 117
1704 1075 5 5 16
352 1076 5 5 21
499 1076 4 4 11
304 1079 3 3 7
634 1079 10 10 66
925 1079 6 7 12
1048 1078 7 5 11
1510 1078 12 20 66
1771 1081 26 14 134
19 1083 2 4 7
1408 1082 9 9 54
782 1084 33 22 172
1363 1084 3 9 12
440 1086 11 13 53
503 1087 3 3 9
980 1087 11 9 56
1290 1087 14 16 38
31 1089 5 3 9
1320 1089 5 9 14
1428 1088 15 15 166
1066 1090 6 3 11
1609 1090 9 18 92
1698 1091 3 4 8
344 1092 4 7 23
704 1093 6 12 48
890 1092 15 15 114
374 1096 9 4 14
520 1097 3 3 8
855 1096 6 8 40
1245 1096 2 3 6
470 1099 20 16 92
1124 1098 4 4 9
1765 1099 7 10 43
591 1101 3 3 6
1027 1100 5 11 25
1409 1101 5 4 12
728 1103 3 3 7
1343 1102 3 9 12
837 1107 2 7 9
282 1108 7 7 35
1263 1111 15 10 119
1473 1111 10 10 70
828 1114 2 6 12
1011 1115 7 10 51
290 1117 15 7 29
631 1117 1 9 9
1513 1117 7 5 22
1635 1117 5 6 15
1773 1116 3 2 6
264 1119 4 7 13
396 1118 5 5 17
493 1120 3 3 6
731 1120 8 11 63
1254 1121 32 34 386
1388 1121 16 17 181
1781 1121 8 2 14
1318 1123 8 6 36
1446 1122 5 9 23
141 1124 3 2 6
465 1125 17 18 72
503 1125 3 3 9
803 1124 7 12 60
385 1127 3 3 8
786 1127 4 7 17
1000 1126 2 3 6
1675 1127 4 3 10
1728 1127 3 3 8
342 1129 5 4 12
1538 1128 7 5 18
1359 1131 22 11 154
547 1135 7 10 51
753 1135 4 6 15
1192 1135 3 2 6
1467 1134 12 35 168
375 1136 4 3 6
1058 1137 8 12 66
1300 1136 12 15 63
631 1139 4 4 12
701 1139 17 7 28
773 1139 4 9 12
1430 1141 4 4 10
0 1143 7 14 68
185 1143 10 6 20
738 1143 15 13 78
948 1145 6 12 32
1581 1144 11 15 40
1806 1144 2 6 7
407 1147 4 3 7
1604 1147 14 13 117
1661 1147 6 7 26
1118 1148 12 8 39
16 1150 4 4 10
668 1150 4 3 9
1370 1150 13 15 144
276 1152 7 17 51
1222 1152 6 7 33
514 1155 5 6 19
487 1158 4 2 6
921 1158 5 6 21
1132 1159 16 8 46
1192 1159 7 10 50
412 1160 4 4 13
561 1161 14 6 36
1279 1161 2 4 8
320 1162 7 3 10
1723 1163 15 14 96
511 1164 2 3 6
766 1167 11 11 80
76 1169 3 3 7
265 1169 5 3 7
397 1168 9 15 60
533 1168 7 13 29
586 1168 11 5 14
1273 1168 4 3 10
1286 1169 9 10 70
1411 1168 4 4 15
228 1171 3 5 7
469 1172 4 13 41
748 1172 2 4 7
1709 1173 4 5 17
147 1175 7 5 25
432 1175 6 3 13
735 1175 5 6 24
1332 1174 44 22 323
1522 1174 9 7 34
274 1176 27 14 133
877 1177 11 23 141
1416 1176 6 7 27
1652 1181 2 8 9
48 1183 6 6 18
711 1183 8 10 18
1252 1182 9 9 62
1473 1185 21 29 325
266 1188 2 3 6
439 1189 5 2 10
1177 1189 5 8 33
1275 1188 5 4 16
354 1190 14 17 95
1513 1191 16 16 163
1264 1192 2 3 6
578 1195 6 3 14
154 1197 6 5 14
735 1196 3 6 12
1453 1199 3 3 7
1732 1199 13 14 52
1829 1198 6 5 14
388 1201 6 6 15
977 1200 5 2 6
218 1203 4 3 8
510 1203 4 5 12
1456 1204 11 2 13
1274 1209 3 3 7
1407 1209 14 13 96
722 1210 7 7 23
1118 1211 9 8 51
561 1212 3 5 11
50 1215 4 13 20
1488 1215 11 13 116
480 1216 8 7 23
1778 1216 15 12 104
1834 1216 6 2 12
1366 1218 6 5 15
1562 1219 2 4 6
1725 1218 6 10 35
595 1222 14 6 29
1082 1222 8 6 41
1696 1223 2 5 9
17 1225 15 3 21
1576 1225 9 3 14
