0 0 1840 1228 2228954
898 0 6 2 8
924 6 7 18 80
1158 8 4 9 21
1188 8 26 35 412
1038 11 2 5 9
906 21 10 15 74
1129 22 8 9 46
1248 23 6 6 27
849 26 8 16 101
1070 30 3 5 9
720 33 6 11 46
1153 32 10 32 216
1017 43 3 5 7
833 47 8 19 109
1225 46 4 6 11
1298 48 6 6 21
864 53 4 6 10
1098 55 10 10 18
800 60 3 11 23
940 64 3 7 15
826 73 10 7 24
949 75 12 20 69
527 77 5 8 32
1200 82 3 6 14
1148 88 3 4 12
871 92 4 6 20
758 95 5 4 13
935 94 6 24 118
1151 94 8 11 74
872 97 19 32 346
964 96 8 9 50
735 98 3 8 11
774 100 10 11 60
262 114 9 7 31
670 114 6 11 48
856 119 2 6 11
492 120 5 6 23
826 120 8 13 57
691 129 6 11 55
1177 132 3 4 7
873 137 11 12 71
806 145 5 4 8
548 149 6 8 35
822 155 12 27 137
972 158 5 8 35
1131 161 7 7 36
1203 171 7 8 46
1170 177 7 9 56
692 194 12 28 187
851 209 5 8 31
604 217 4 4 10
1027 218 2 3 6
1189 219 10 14 92
1161 225 6 7 31
818 228 5 12 43
1254 231 5 4 14
866 233 4 5 16
714 247 4 5 15
726 249 5 9 25
1051 248 2 4 6
1141 263 6 7 30
1013 264 8 9 21
251 266 6 5 26
577 267 12 44 302
648 278 4 3 10
1059 296 6 10 50
389 302 4 2 6
648 304 10 14 87
1211 304 7 12 63
1261 304 6 6 25
1097 315 10 9 30
1142 314 9 19 102
615 317 14 10 95
1183 319 2 4 7
677 336 4 8 15
955 337 5 10 38
842 340 3 4 11
1177 354 3 4 9
459 364 7 6 28
970 372 4 3 8
886 383 4 4 14
1193 384 5 6 25
1113 389 7 11 47
681 400 3 4 11
1065 402 6 8 28
463 405 4 4 10
674 405 3 4 12
1177 430 8 6 35
823 432 6 14 56
458 439 4 2 7
1232 456 4 5 9
618 458 5 15 52
880 465 2 4 8
742 476 4 8 20
826 485 3 8 20
1080 489 5 7 30
1124 491 8 16 58
1087 496 4 20 33
994 499 4 7 21
847 503 3 9 21
1230 503 6 8 35
1202 504 4 4 14
944 506 4 2 6
527 508 4 5 16
1082 522 6 6 31
1049 530 5 7 25
901 539 2 3 6
994 547 4 8 19
1025 555 19 15 217
1121 574 3 4 9
574 576 4 3 10
1094 580 5 5 13
796 593 6 2 9
853 604 4 13 37
1215 609 5 7 29
1006 610 3 5 9
798 625 4 3 9
854 626 4 5 15
1061 628 3 3 7
759 633 400 287 24010
866 638 11 18 77
887 638 4 3 8
846 641 4 6 17
805 643 7 1 7
1245 656 4 3 8
837 658 28 35 135
1062 669 5 29 82
624 670 6 3 11
1220 674 2 4 8
377 687 4 4 12
875 736 4 4 8
979 736 5 8 29
1126 739 14 8 84
1141 747 4 3 10
1018 749 3 4 9
582 752 4 2 6
877 771 3 5 12
484 784 3 3 7
669 788 3 4 8
425 822 4 4 12
1109 835 3 4 9
473 846 3 2 6
1197 847 4 3 8
379 886 8 10 51
685 940 4 6 20
1075 951 2 7 8
708 967 4 21 41
1147 975 5 4 13
884 976 3 4 7
436 1068 3 3 6
747 1075 3 7 16
1063 1144 6 3 13
1059 1161 2 4 7
741 1220 4 3 7
753 1224 4 4 7
