0 0 1840 1228 2153570
147 0 29 34 779
242 0 27 43 748
319 0 10 13 97
465 0 11 4 32
621 0 19 14 219
652 0 28 33 667
742 0 6 7 28
801 0 8 10 64
830 0 16 10 103
973 0 37 55 548
1029 0 2 6 12
1131 0 52 80 1965
1381 0 21 47 495
1409 0 19 5 71
1511 0 38 37 984
1666 0 25 25 386
1705 0 55 19 439
780 5 5 7 23
342 6 13 17 165
296 9 26 56 738
1062 9 27 64 804
402 10 11 16 116
1767 10 73 38 727
464 13 13 26 237
794 13 15 17 78
580 14 8 14 76
1038 15 3 3 8
1608 15 13 15 137
839 20 7 16 75
1034 25 3 3 9
772 27 5 11 45
742 29 5 8 35
821 29 4 5 15
1804 30 9 1 9
1817 31 23 7 49
440 33 12 15 131
571 33 7 14 85
1022 36 35 38 526
374 38 17 32 403
1628 39 27 65 233
1250 40 19 39 561
919 42 4 7 18
1090 43 11 15 77
1364 44 6 5 18
784 46 4 6 18
834 49 9 10 63
646 51 23 37 451
1677 50 34 33 425
194 55 17 25 315
1712 54 13 19 57
249 56 14 18 174
753 59 5 8 34
1405 58 12 12 89
446 60 12 20 169
1509 63 21 22 323
1016 64 4 9 32
976 67 3 7 19
1476 67 14 13 116
1600 67 14 20 206
619 70 7 10 55
880 73 6 14 59
925 72 7 10 45
1360 72 5 6 22
330 74 9 8 42
819 75 5 7 24
1036 75 32 39 614
1081 80 2 3 6
733 82 4 3 8
804 82 5 12 50
842 82 4 7 24
186 88 17 21 264
685 89 20 26 323
886 88 8 19 120
266 92 11 15 118
1212 93 7 10 48
986 94 19 29 345
1335 94 11 23 185
765 97 8 20 100
950 97 3 7 19
507 98 10 17 124
919 98 3 7 16
1105 98 12 17 158
782 100 10 31 157
1241 101 13 25 253
1143 103 6 11 50
1484 102 50 79 1019
462 105 12 20 167
1278 108 12 18 140
231 110 24 24 350
1393 115 10 14 97
1373 116 3 3 6
842 118 5 12 55
307 123 10 12 75
948 122 5 10 41
1585 123 39 41 606
1429 124 3 4 9
1009 126 2 3 6
1122 127 4 6 16
795 129 15 10 76
847 131 12 12 100
1019 131 3 7 21
326 133 32 29 579
1106 132 7 14 73
999 134 3 6 15
1066 134 3 13 29
1608 135 48 83 1393
687 137 8 18 115
731 136 5 8 26
955 136 21 18 150
1026 139 24 60 663
472 141 16 23 201
1323 141 8 12 78
202 143 18 19 242
927 142 4 16 46
384 145 19 22 294
780 149 5 7 24
1075 148 3 7 18
1356 148 9 14 83
284 151 7 6 33
961 151 47 95 882
580 154 8 26 93
837 154 5 8 33
1102 155 6 10 44
916 159 15 27 84
318 161 10 9 62
507 160 9 15 102
636 161 27 28 234
1022 163 6 9 48
953 164 18 11 74
792 166 4 10 35
858 168 5 10 37
1658 168 3 2 6
1347 171 9 15 105
1407 170 8 11 56
271 173 26 52 721
941 175 9 11 59
239 177 9 7 43
605 180 6 8 36
759 180 6 14 71
1056 180 2 5 10
689 182 8 15 79
1097 182 5 13 46
1141 186 5 11 50
627 190 19 33 383
1012 192 3 5 14
496 195 9 15 97
793 196 7 19 64
1337 196 10 17 119
1445 199 16 28 318
851 200 7 5 29
1060 200 4 7 20
939 203 21 23 131
1567 202 4 4 10
372 205 27 35 310
1127 204 34 55 744
1275 204 14 20 179
1518 205 7 6 31
698 212 7 11 57
1042 212 3 6 13
1317 213 11 17 136
320 215 13 20 79
1017 215 52 73 836
647 218 7 10 43
706 219 17 13 104
232 221 13 16 153
773 224 4 8 28
1052 224 2 4 7
1561 224 14 21 159
875 231 10 5 14
920 231 25 37 289
910 232 9 1 9
1229 235 8 13 64
987 236 14 23 93
1513 239 15 18 203
304 240 12 19 171
285 244 4 4 13
730 245 15 11 107
906 244 5 2 6
1430 244 9 11 73
849 249 3 6 17
396 250 3 4 9
785 251 3 4 11
1094 250 17 25 291
263 252 16 26 308
658 253 19 27 328
1166 252 18 31 236
750 256 3 4 7
349 258 8 11 60
507 259 9 12 82
778 259 5 11 43
918 259 2 4 6
954 259 10 4 24
426 261 10 18 130
691 263 12 35 185
1494 263 24 27 293
1031 265 3 4 11
1350 265 4 6 14
1467 264 16 25 243
224 267 31 21 489
972 266 3 5 10
755 270 4 9 27
1038 271 4 4 12
836 272 3 4 10
998 273 27 42 544
596 275 9 16 105
449 279 10 24 200
920 278 4 19 29
1562 278 12 14 109
797 280 3 6 14
742 284 5 5 17
778 287 3 4 9
383 290 21 24 328
1070 290 3 3 8
1122 291 5 8 26
764 293 3 4 9
665 296 29 50 818
1300 299 7 11 60
1432 299 61 57 1091
342 300 21 26 318
798 302 4 6 16
916 303 7 29 115
931 303 33 35 316
1134 302 28 28 571
1371 307 6 7 34
1032 309 8 8 49
699 310 6 13 59
804 310 4 11 35
435 313 21 42 304
1075 312 4 6 15
307 314 8 8 47
502 314 9 13 86
1051 314 4 3 12
399 316 6 6 26
977 317 11 56 394
989 316 10 10 55
1547 320 35 27 464
788 322 3 6 17
1065 324 5 4 17
267 327 6 6 28
814 326 5 16 61
1038 327 14 29 229
600 328 6 8 31
1011 328 4 5 16
1500 328 14 17 166
247 332 15 33 278
1283 334 21 18 234
517 339 9 14 86
908 339 2 4 7
315 341 30 25 320
629 343 5 6 27
879 344 4 5 16
1151 346 5 8 31
1023 352 2 4 8
1126 352 13 25 171
762 355 3 5 13
658 359 6 7 32
791 358 16 11 84
1054 359 2 3 6
747 362 3 6 12
931 362 12 5 24
696 365 8 10 58
1057 365 6 7 36
308 367 14 23 243
1042 366 6 9 49
713 369 7 11 54
990 371 3 4 10
1460 370 10 16 118
1527 373 15 18 152
976 375 58 72 1045
925 377 8 15 42
1211 377 11 22 187
359 384 7 7 31
611 384 16 9 89
1345 385 11 49 396
700 387 5 11 47
902 386 3 8 10
982 386 6 11 38
1043 387 25 33 239
1301 389 5 7 30
400 391 14 40 331
1035 390 4 7 19
1114 391 9 17 121
917 393 12 18 57
1279 393 7 10 46
1240 396 6 8 34
1509 397 12 18 156
453 400 8 12 53
774 401 11 7 33
1025 401 3 4 9
486 407 13 32 293
513 408 7 15 77
1562 411 12 14 119
696 412 16 16 152
1469 412 14 18 184
764 414 4 8 25
1278 414 4 4 13
680 417 4 7 21
800 416 2 4 7
917 416 12 14 67
1094 417 7 8 45
362 418 12 20 131
601 418 5 9 38
1284 420 7 14 64
1449 420 7 6 34
968 422 10 26 71
638 424 4 3 7
764 424 17 27 104
1104 425 4 10 38
810 428 19 19 123
1392 429 22 26 241
319 430 11 18 151
570 430 5 4 12
843 431 2 4 8
961 430 2 5 7
1078 431 3 7 20
1302 430 22 22 197
472 435 7 8 40
351 438 9 15 108
692 438 20 25 284
953 438 2 4 7
1066 439 3 3 8
1437 439 17 18 166
985 440 4 11 20
1421 443 14 28 182
1498 443 6 9 30
1091 444 19 30 204
656 453 6 12 47
944 453 15 4 18
989 454 8 14 76
619 456 7 8 41
324 459 13 13 110
768 458 2 4 6
1028 459 15 21 172
1346 459 23 19 162
752 461 5 6 21
900 460 10 4 16
880 463 8 17 91
1288 463 5 11 43
1395 464 18 16 151
1084 467 3 4 10
950 468 4 4 10
977 468 3 3 8
918 470 3 3 6
1247 471 11 13 69
1516 470 10 16 118
1472 473 7 7 34
433 474 11 18 152
815 474 5 15 60
1016 474 19 46 397
1325 478 6 6 25
1420 478 3 8 12
508 481 7 11 61
698 484 11 8 64
887 485 4 7 19
992 485 7 4 12
1296 486 5 17 47
364 489 7 7 36
1098 488 14 16 131
1254 489 4 8 23
1369 489 7 9 53
381 491 6 5 20
1475 491 8 11 62
718 493 5 9 34
782 492 4 10 31
796 492 3 5 12
1200 492 4 3 8
1408 493 23 32 517
498 497 11 13 111
329 499 23 32 405
621 498 6 11 48
802 499 3 15 43
1046 499 15 7 34
936 502 10 12 28
1362 502 37 29 534
569 507 6 5 20
1002 507 10 14 56
1239 506 4 6 19
1342 506 8 10 61
976 509 15 10 50
452 511 7 9 54
407 512 5 5 16
678 513 7 10 53
513 517 6 6 23
1133 516 9 24 130
738 519 14 14 100
476 521 9 16 94
566 520 9 15 71
1276 525 6 10 39
953 527 20 20 262
696 528 4 7 23
1087 528 3 5 13
1292 528 4 5 12
994 531 6 11 45
1311 530 7 11 55
802 533 4 11 32
1339 533 8 10 55
683 534 4 9 33
523 536 3 4 6
760 536 7 24 90
815 537 3 5 10
262 538 10 9 64
704 539 14 10 89
730 539 7 10 52
560 540 10 14 88
622 540 11 19 91
1035 541 3 12 28
1108 540 9 13 91
1280 545 12 31 208
673 546 5 8 34
906 548 2 5 10
1236 548 6 12 64
432 550 8 8 51
1351 551 6 6 26
391 554 4 5 18
483 555 9 11 71
713 554 5 9 35
1044 556 6 11 58
1063 557 18 12 98
920 558 14 10 35
967 559 67 54 826
1377 559 6 7 28
945 560 15 12 123
1169 561 9 15 95
855 563 11 4 17
1264 562 13 7 36
1405 562 21 12 78
425 565 9 13 79
365 567 4 2 7
984 569 2 7 8
1324 569 6 7 32
1325 569 43 42 501
351 571 28 39 322
849 573 8 10 50
1089 572 3 2 6
327 576 19 17 122
667 576 7 10 53
767 578 6 10 17
1451 581 29 30 260
441 583 6 5 23
701 583 5 7 27
1266 582 7 9 52
950 585 3 4 12
1447 584 6 8 38
469 586 5 6 26
630 588 3 5 11
810 589 2 8 14
1172 588 7 16 90
714 591 6 10 36
779 592 15 13 69
953 593 3 4 10
1406 593 7 8 43
815 597 12 17 54
306 598 10 8 63
524 599 7 8 39
707 601 3 5 14
262 602 11 11 83
1054 602 2 3 6
1000 605 5 12 50
690 607 457 241 26676
774 607 4 3 6
806 606 2 3 6
1358 607 4 6 13
1528 607 7 5 24
692 609 13 16 73
930 609 10 2 11
1291 609 5 9 33
854 611 2 6 11
794 613 4 11 31
1368 612 18 32 151
378 615 4 4 10
810 615 6 5 25
1014 615 13 27 153
536 617 6 8 39
309 618 9 5 28
627 618 7 10 34
495 623 4 3 7
841 622 2 5 8
927 623 3 5 11
1121 622 6 10 46
463 625 7 5 24
897 624 23 16 70
952 625 13 23 101
886 627 2 5 8
565 629 12 16 134
530 633 6 12 58
422 634 8 9 52
1219 635 4 7 20
1264 635 7 8 40
878 637 12 10 26
1314 637 5 5 17
366 638 5 5 16
1348 638 5 9 36
482 641 6 11 59
1247 640 5 11 32
923 643 2 5 9
1150 642 14 15 131
985 645 5 11 42
1297 644 14 23 144
445 649 6 5 26
1258 650 5 7 28
502 653 4 3 9
320 655 9 7 54
1229 655 6 10 45
1360 656 3 3 6
1332 658 7 14 82
516 660 7 9 53
581 661 6 9 38
628 661 9 5 31
1198 660 7 9 44
708 662 3 8 20
960 665 7 10 55
973 664 28 33 322
328 667 24 24 217
380 666 11 12 89
451 669 6 8 36
856 668 3 13 17
1223 668 3 2 6
1267 668 3 3 8
1380 669 30 21 213
424 671 11 12 65
1016 671 5 17 45
653 672 3 4 10
1359 672 7 7 34
473 675 3 2 6
833 677 2 4 6
1279 679 3 4 10
109 680 8 4 11
944 680 5 6 18
1325 680 8 11 59
689 683 3 3 7
727 682 5 23 40
1260 683 3 2 6
1313 682 3 3 8
463 684 4 2 7
669 684 2 4 8
708 684 5 7 24
1462 685 8 9 47
1169 686 5 6 20
1240 687 3 4 9
422 688 3 2 6
658 688 3 2 6
960 688 4 8 17
1254 689 3 4 11
676 693 6 10 54
1290 692 4 5 18
358 694 5 4 18
696 694 5 7 24
939 695 8 3 10
1257 694 4 6 22
515 696 14 10 84
1345 698 5 4 13
316 701 8 10 47
1369 700 5 4 15
763 703 3 3 6
943 702 26 26 241
1224 703 20 15 145
1444 705 3 3 9
377 707 4 3 8
417 708 18 9 65
695 708 20 41 301
840 708 2 5 9
1432 708 7 8 30
861 713 2 6 10
1154 713 5 5 10
1409 712 5 7 30
527 715 7 5 25
327 718 26 22 184
1177 721 5 8 36
1318 722 12 27 131
717 724 11 10 46
771 725 2 3 6
787 726 2 7 9
922 726 4 2 8
1273 727 5 6 24
1288 728 5 6 23
1187 730 6 6 24
1210 730 3 4 9
401 733 31 11 196
503 732 4 4 7
549 735 13 12 62
794 735 2 5 9
777 736 8 6 31
1087 736 4 6 18
1301 739 7 12 64
1361 741 6 8 31
313 746 8 8 48
516 747 5 2 6
594 746 7 4 16
1287 746 4 4 10
1325 746 16 23 144
1131 750 5 8 34
557 753 6 8 40
713 754 13 29 155
1307 755 5 4 12
460 757 5 2 8
669 757 9 10 54
482 759 21 13 98
611 758 3 2 6
434 761 4 6 16
1245 763 4 7 19
1056 765 7 10 50
516 768 5 9 34
342 771 7 7 37
1389 775 5 5 17
1448 774 6 4 21
413 777 4 3 6
536 777 14 19 165
1216 776 6 8 29
1284 776 4 6 22
566 779 8 11 46
1441 778 4 2 8
310 780 10 15 116
504 782 6 6 34
586 783 5 7 27
1152 782 14 13 81
374 785 5 3 10
688 784 5 7 24
1289 785 6 10 46
785 786 2 4 7
1027 787 2 7 9
1240 786 3 5 14
525 789 4 4 13
1057 788 5 9 37
1256 788 4 6 22
1354 789 11 22 142
717 791 5 8 34
1394 790 5 7 29
497 793 3 3 7
1375 793 3 3 6
1084 795 6 10 43
1187 796 3 3 8
460 798 6 7 29
340 800 9 9 53
658 800 11 4 27
1224 801 3 4 9
1323 800 9 8 37
378 804 8 12 64
696 805 4 4 13
437 806 13 14 83
483 807 11 17 63
595 806 4 5 14
711 806 5 13 36
610 809 3 2 6
1070 808 5 8 35
623 810 5 5 17
733 810 11 13 54
1312 811 6 8 39
778 813 5 6 10
464 814 4 5 11
676 814 10 11 64
396 820 9 10 72
585 820 3 3 7
1213 820 3 7 21
1332 821 4 8 20
1371 820 6 5 23
1109 822 4 8 30
1284 823 6 10 38
550 824 5 10 37
1347 827 13 14 112
499 830 4 5 8
524 830 4 4 9
725 831 3 12 20
1319 831 5 6 23
348 835 6 5 20
379 834 7 9 45
678 834 11 20 43
1064 835 4 2 7
1206 839 3 3 8
538 840 12 12 78
702 840 11 8 34
1263 840 4 13 40
1344 843 3 3 6
1134 844 8 10 63
120 846 4 4 7
522 847 4 4 14
1037 847 3 5 14
893 850 3 7 17
1229 850 3 15 22
1276 850 6 11 45
959 853 22 26 181
1087 853 5 7 27
1208 852 5 11 19
1124 855 5 11 50
1183 854 2 4 7
457 856 4 6 18
1306 856 25 14 143
1343 859 4 5 17
1372 859 4 6 19
718 860 12 34 125
1290 860 4 11 34
565 862 4 6 17
611 863 3 3 7
942 863 4 6 15
437 864 11 2 12
462 867 4 5 15
580 867 3 3 7
737 867 10 15 79
390 869 8 7 41
417 869 23 27 228
1062 869 7 11 42
499 871 4 3 9
596 871 8 5 23
586 875 3 2 6
919 875 3 4 8
354 876 6 3 12
689 877 5 11 30
776 876 2 6 9
1260 879 4 6 18
994 881 7 2 8
1141 880 6 10 44
1290 880 5 8 32
1313 880 6 9 28
485 882 9 2 10
979 883 3 4 12
405 884 4 7 17
1204 885 13 19 97
1378 884 8 20 61
481 887 2 3 6
361 888 7 8 45
1174 889 3 5 11
1339 888 4 4 10
461 890 15 6 60
520 890 15 6 46
1233 893 4 5 16
1305 893 4 6 23
956 896 3 4 11
1293 899 11 10 56
1026 901 4 7 19
1230 901 2 3 6
236 902 6 4 13
720 903 8 17 57
898 902 3 5 14
1054 903 3 4 11
574 905 11 5 16
745 904 11 6 28
604 907 7 13 49
456 908 4 5 17
1227 908 3 3 9
1268 908 4 3 9
489 911 4 4 13
378 914 5 6 24
1370 915 4 4 13
755 916 4 7 20
1340 916 2 4 7
552 919 3 5 13
982 919 4 8 24
502 921 3 3 6
713 920 2 3 6
461 922 15 9 51
1168 923 6 2 7
1081 924 3 6 16
709 926 3 4 9
1046 926 7 14 49
1208 927 7 4 23
743 928 3 4 9
1006 928 2 6 8
419 932 3 3 8
734 933 2 3 6
409 938 5 5 21
1344 943 4 4 13
1034 945 2 4 8
605 946 5 8 29
1229 946 3 4 10
964 948 8 9 33
1205 951 2 6 7
1633 950 3 3 6
996 952 2 4 7
1064 952 9 7 21
557 954 8 14 49
46 956 3 3 7
419 957 17 9 102
949 957 2 5 10
531 958 12 2 14
657 958 5 4 10
735 961 10 12 58
964 961 4 5 13
1285 960 7 4 16
624 963 3 4 8
875 963 4 5 16
99 964 10 5 34
1256 965 2 4 8
1300 965 5 12 39
479 966 3 4 10
1077 966 7 8 42
1098 967 3 5 12
1331 966 11 9 38
839 968 2 4 7
492 971 3 4 11
688 970 3 4 9
1044 971 5 7 29
702 973 8 4 22
439 975 13 10 76
550 975 6 13 44
993 975 4 6 17
1250 975 3 4 10
685 977 3 5 11
974 977 3 3 7
1055 978 3 4 10
420 981 15 27 185
1284 980 4 3 10
1084 982 16 19 81
1171 985 2 3 6
1039 987 3 8 21
726 988 6 4 19
948 989 4 6 14
1339 988 3 4 9
391 991 5 6 21
692 993 3 12 16
1346 993 10 6 46
747 994 2 3 6
962 994 2 4 8
596 999 3 3 7
735 998 8 6 25
437 1000 23 12 137
564 1002 6 6 26
984 1002 8 4 13
508 1004 10 5 33
553 1005 3 4 10
1325 1007 5 12 38
945 1008 13 6 25
665 1011 2 6 7
1213 1010 7 6 21
712 1015 8 18 45
1143 1016 12 6 18
1349 1019 3 3 7
512 1020 2 5 7
1037 1020 3 4 10
700 1022 2 4 8
661 1025 15 5 21
1254 1024 3 3 9
1015 1027 3 5 12
532 1034 3 4 8
637 1034 3 3 6
705 1035 2 4 7
1109 1034 4 7 16
1184 1035 2 3 6
1000 1037 2 3 6
1214 1037 2 3 6
609 1038 4 6 16
939 1045 2 4 7
1060 1044 3 6 11
969 1047 2 4 6
1236 1046 2 3 6
1309 1047 11 18 82
1036 1050 1 8 8
1213 1050 7 8 26
536 1052 3 6 12
685 1053 3 4 9
886 1052 2 4 7
1132 1055 2 5 7
485 1059 9 22 74
1026 1058 2 5 9
472 1063 7 6 26
711 1063 2 5 10
513 1065 6 5 24
738 1065 7 5 18
1064 1065 3 7 16
1641 1064 5 6 15
555 1066 5 5 19
582 1066 3 3 8
1302 1070 3 4 11
970 1073 1 6 6
953 1074 2 3 6
1219 1077 3 4 9
1278 1076 9 9 29
1020 1078 2 4 7
665 1083 8 5 12
1410 1082 4 4 13
1656 1083 4 3 7
1026 1085 2 3 6
434 1089 5 6 23
720 1089 7 4 25
956 1088 2 4 7
1081 1089 8 2 10
451 1091 4 5 15
580 1091 3 3 7
976 1091 8 3 10
1207 1091 8 4 13
470 1092 2 4 7
506 1092 2 9 11
603 1092 3 4 11
129 1094 9 3 17
438 1096 11 13 55
546 1096 3 5 12
1000 1097 4 8 18
1262 1098 3 3 8
490 1101 5 5 17
988 1102 3 3 7
237 1104 3 3 7
1220 1105 2 4 6
98 1107 5 4 11
1464 1106 4 5 15
890 1108 8 17 51
998 1109 2 4 8
1192 1108 1 9 9
284 1112 4 11 15
935 1113 2 9 13
1232 1112 7 5 29
515 1114 4 7 17
1059 1116 7 5 14
1131 1117 13 11 23
915 1119 3 4 10
339 1120 11 8 44
991 1122 2 4 6
1222 1123 3 5 13
1416 1122 14 10 48
531 1124 2 3 6
1036 1124 8 4 11
709 1126 13 15 56
961 1127 8 8 33
476 1129 2 8 10
1005 1128 2 4 6
1207 1130 8 4 16
469 1139 4 6 21
1830 1140 4 3 6
1116 1142 7 4 10
1666 1145 6 5 17
656 1146 2 4 7
1231 1147 3 4 9
535 1150 4 3 7
1734 1151 3 3 8
991 1155 5 4 12
942 1159 5 7 22
495 1163 3 4 9
1779 1163 4 7 16
1233 1165 14 6 43
1259 1164 12 12 33
650 1175 6 4 17
396 1177 4 6 21
1231 1177 2 3 6
817 1178 9 3 11
876 1178 8 2 10
917 1178 7 3 9
949 1178 5 4 16
465 1180 3 4 8
1216 1180 6 6 11
802 1184 13 3 19
592 1186 26 20 202
902 1187 10 4 13
1224 1193 5 7 27
420 1194 4 6 16
475 1198 4 6 16
976 1199 6 13 33
1107 1198 5 2 7
500 1200 9 7 25
923 1200 10 8 21
1183 1203 4 3 7
782 1208 4 5 10
70 1211 2 9 16
492 1211 3 4 7
1016 1215 1 8 8
1282 1215 10 4 17
596 1224 2 4 6
754 1225 4 3 6
1252 1224 8 4 25
